MZ962720.1	k141_75621	56903	88.625	5257	520	6747
MZ962720.1	k141_75621	56903	88.824	2890	281	3745
MZ962720.1	k141_75621	56903	80.572	3881	655	3590
MZ962720.1	k141_75621	56903	77.744	4309	695	3357
MZ962720.1	k141_75621	56903	80.492	3373	551	3101
MZ962720.1	k141_75621	56903	85.662	1897	249	2198
MZ962720.1	k141_75621	56903	86.552	1621	197	1929
MZ962720.1	k141_75621	56903	82.532	1872	270	1882
MZ962720.1	k141_75621	56903	91.873	1132	88	1627
MZ962720.1	k141_75621	56903	76.519	2189	320	1585
MZ962720.1	k141_75621	56903	75.974	2027	376	1448
MZ962720.1	k141_75621	56903	71.993	2453	521	1319
MZ962720.1	k141_75621	56903	84.632	937	115	1027
MZ962720.1	k141_75621	56903	76.580	965	154	688
MZ962720.1	k141_75621	56903	69.991	1123	240	517
MZ962720.1	k141_75621	56903	73.821	848	147	498
MZ962720.1	k141_75621	56903	69.009	1281	220	491
MZ962720.1	k141_75621	56903	72.358	861	157	468
MZ962720.1	k141_75621	56903	76.208	538	96	369
MZ962720.1	k141_75621	56903	77.305	423	83	311
MZ962720.1	k141_75621	56903	80.056	356	56	305
MZ962720.1	k141_75621	56903	85.490	255	28	293
MZ962720.1	k141_75621	56903	86.831	243	29	288
MZ962720.1	k141_75621	56903	85.827	254	32	287
MZ962720.1	k141_75621	56903	68.911	698	115	265
MZ962720.1	k141_75621	56903	85.238	210	22	243
MZ962720.1	k141_75621	56903	85.238	210	22	243
MZ962720.1	k141_75621	56903	90.964	166	14	229
MZ962720.1	k141_75621	56903	77.083	288	60	224
MZ962720.1	k141_75621	56903	81.818	231	31	215
MZ962720.1	k141_75621	56903	81.818	231	31	215
MZ962720.1	k141_75621	56903	86.264	182	24	213
MZ962720.1	k141_75621	56903	73.162	272	20	160
MZ962720.1	k141_75621	56903	78.818	203	27	160
MZ962720.1	k141_75621	56903	75.893	224	39	157
MZ962720.1	k141_75621	56903	82.911	158	20	157
MZ962720.1	k141_75621	56903	93.396	106	6	157
MZ962720.1	k141_75621	56903	80.357	168	28	155
MZ962720.1	k141_75621	56903	86.992	123	15	147
MZ962720.1	k141_75621	56903	89.623	106	9	140
MZ962720.1	k141_75621	56903	65.874	589	177	129
MZ962720.1	k141_75621	56903	90.000	100	5	127
MZ962720.1	k141_75621	56903	86.139	101	12	113
MZ962720.1	k141_75621	56903	76.351	148	30	105
MZ962720.1	k141_75621	56903	80.180	111	22	102
MZ962720.1	k141_75621	56903	66.873	323	91	97.8
MZ962720.1	k141_75621	56903	81.000	100	18	92.4
MZ962720.1	k141_75621	56903	87.838	74	8	90.6
MZ962720.1	k141_75621	56903	85.714	77	7	89.7
MZ962720.1	k141_75621	56903	85.714	77	7	89.7
MZ962720.1	k141_75621	56903	78.788	99	21	85.1
MZ962720.1	k141_75621	56903	78.788	99	21	85.1
MZ962720.1	k141_75621	56903	87.931	58	7	74.3
MZ962720.1	k141_75621	56903	90.000	50	5	68.9
MZ962720.1	k141_75621	56903	68.586	191	58	68.0
MZ962720.1	k141_75621	56903	92.500	40	3	59.9
MZ962720.1	k141_75621	56903	92.500	40	3	59.9
MZ962720.1	k141_75621	56903	82.456	57	10	59.0
MZ962720.1	k141_75621	56903	77.143	70	16	55.4
MZ962720.1	k141_75621	56903	84.783	46	7	52.7
MZ962720.1	k141_75621	56903	81.633	49	9	49.1
MZ962720.1	k141_75621	56903	67.516	157	49	47.3
MZ962720.1	k141_76560	24546	80.055	5766	768	5144
MZ962720.1	k141_76560	24546	78.712	2128	375	1790
MZ962720.1	k141_76560	24546	85.515	1146	127	1309
MZ962720.1	k141_76560	24546	77.869	1577	276	1242
MZ962720.1	k141_76560	24546	71.651	1478	226	771
MZ962720.1	k141_76560	24546	72.584	1335	261	731
MZ962720.1	k141_76560	24546	82.650	634	102	646
MZ962720.1	k141_76560	24546	76.549	823	136	590
MZ962720.1	k141_76560	24546	68.421	1159	231	409
MZ962720.1	k141_76560	24546	74.535	538	111	345
MZ962720.1	k141_76560	24546	75.726	379	53	287
MZ962720.1	k141_76560	24546	71.846	547	124	270
MZ962720.1	k141_76560	24546	72.727	429	64	259
MZ962720.1	k141_76560	24546	72.727	429	64	259
MZ962720.1	k141_76560	24546	80.435	230	44	209
MZ962720.1	k141_76560	24546	72.360	322	82	173
MZ962720.1	k141_76560	24546	77.922	231	29	167
MZ962720.1	k141_76560	24546	81.618	136	25	133
MZ962720.1	k141_76560	24546	86.538	104	8	126
MZ962720.1	k141_76560	24546	86.538	104	8	126
MZ962720.1	k141_76560	24546	76.974	152	31	116
MZ962720.1	k141_76560	24546	88.372	86	8	104
MZ962720.1	k141_76560	24546	84.783	92	13	100
MZ962720.1	k141_76560	24546	84.783	92	13	100
MZ962720.1	k141_76560	24546	86.047	86	10	95.1
MZ962720.1	k141_76560	24546	87.143	70	7	79.7
MZ962720.1	k141_76560	24546	79.070	86	18	75.2
MZ962720.1	k141_76560	24546	79.070	86	18	75.2
MZ962720.1	k141_76560	24546	79.070	86	18	75.2
MZ962720.1	k141_7043	19477	92.722	3009	137	4428
MZ962720.1	k141_7043	19477	92.722	3009	137	4428
MZ962720.1	k141_7043	19477	90.921	3062	185	4299
MZ962720.1	k141_7043	19477	90.921	3062	185	4299
MZ962720.1	k141_7043	19477	89.442	2633	178	3487
MZ962720.1	k141_7043	19477	89.442	2633	178	3487
MZ962720.1	k141_7043	19477	92.081	1869	104	2658
MZ962720.1	k141_7043	19477	92.081	1869	104	2658
MZ962720.1	k141_7043	19477	86.110	2059	185	2371
MZ962720.1	k141_7043	19477	86.110	2059	185	2371
MZ962720.1	k141_7043	19477	79.466	862	90	782
MZ962720.1	k141_7043	19477	79.466	862	90	782
MZ962720.1	k141_7043	19477	79.781	821	79	757
MZ962720.1	k141_7043	19477	85.302	381	49	424
MZ962720.1	k141_7043	19477	85.302	381	49	424
MZ962720.1	k141_7043	19477	81.069	449	44	415
MZ962720.1	k141_7043	19477	81.069	449	44	415
MZ962720.1	k141_7043	19477	85.430	302	31	345
MZ962720.1	k141_7043	19477	85.430	302	31	345
MZ962720.1	k141_7043	19477	75.339	369	49	258
MZ962720.1	k141_7043	19477	75.339	369	49	258
MZ962720.1	k141_7043	19477	79.371	286	41	253
MZ962720.1	k141_7043	19477	79.371	286	41	253
MZ962720.1	k141_7043	19477	86.387	191	20	229
MZ962720.1	k141_7043	19477	77.570	214	19	165
MZ962720.1	k141_7043	19477	77.570	214	19	165
MZ962720.1	k141_7043	19477	75.000	136	13	94.2
MZ962720.1	k141_7043	19477	85.714	77	7	89.7
MZ962720.1	k141_7043	19477	85.714	77	7	89.7
MZ962720.1	k141_7043	19477	88.636	44	5	58.1
MZ962720.1	k141_83158	12891	82.898	3865	512	3994
MZ962720.1	k141_83158	12891	82.898	3865	512	3994
MZ962720.1	k141_83158	12891	82.236	2004	324	1998
MZ962720.1	k141_83158	12891	78.120	2308	457	1862
MZ962720.1	k141_83158	12891	76.266	1066	210	785
MZ962720.1	k141_83158	12891	85.312	640	89	718
MZ962720.1	k141_83158	12891	85.312	640	89	718
MZ962720.1	k141_83158	12891	81.191	319	60	306
MZ962720.1	k141_83158	12891	89.313	131	14	174
MZ962720.1	k141_83158	12891	89.313	131	14	174
MZ962720.1	k141_83158	12891	80.405	148	24	123
MZ962720.1	k141_79425	2216	87.302	1890	187	2312
MZ962720.1	k141_79425	2216	87.302	1890	187	2312
MZ962720.1	k141_79425	2216	79.681	251	47	214
MZ962720.1	k141_79425	2216	79.681	251	47	214
MZ962720.1	k141_79425	2216	78.333	120	26	100
MZ962720.1	k141_79425	2216	78.333	120	26	100
MZ962720.1	k141_79425	2216	75.000	120	23	84.2
MZ962720.1	k141_79425	2216	75.000	120	23	84.2
MZ962720.1	k141_31988	6096	71.833	884	211	430
MZ962720.1	k141_31988	6096	71.833	884	211	430
MZ962720.1	k141_31988	6096	86.446	332	40	397
MZ962720.1	k141_31988	6096	88.333	60	7	77.9
MZ962720.1	k141_31988	6096	88.333	60	7	77.9
MZ962720.1	k141_31988	6096	88.333	60	7	77.9
MZ962720.1	k141_66394	1794	73.823	531	130	322
MZ962720.1	k141_66394	1794	73.823	531	130	322
MZ962720.1	k141_30153	1453	70.896	536	93	240
MZ962720.1	k141_30153	1453	91.509	106	4	147
MZ962720.1	k141_50473	1889	75.793	347	57	227
MZ962720.1	k141_50473	1889	75.793	347	57	227
MZ962720.1	k141_11555	1332	66.877	634	173	190
MZ962720.1	k141_50892	1788	82.967	182	26	189
MZ962720.1	k141_50892	1788	87.500	56	6	67.1
MZ962720.1	k141_30764	286	79.263	217	32	187
MZ962720.1	k141_30764	286	79.263	217	32	187
MZ962720.1	k141_65568	479	80.576	139	12	139
MZ962720.1	k141_83467	1170	84.762	105	16	118
MZ962720.1	k141_81998	675	83.636	110	13	118
MZ962720.1	k141_11207	2269	92.308	78	6	114
MZ962720.1	k141_11207	2269	82.432	74	13	76.1
MZ962720.1	k141_43167	1243	86.813	91	12	111
MZ962720.1	k141_5888	604	74.667	150	24	99.6
MZ962720.1	k141_5888	604	74.667	150	24	99.6
MZ962720.1	k141_82554	646	82.927	82	4	86.0
MZ962720.1	k141_82554	646	82.927	82	4	86.0
MZ962720.1	k141_38416	395	72.932	133	36	78.8
MZ962720.1	k141_23881	1445	88.333	60	7	77.9
MZ962720.1	k141_80072	830	89.474	57	6	77.0
MH569081.1	k141_75621	56903	94.026	15350	580	23586
MH569081.1	k141_75621	56903	94.795	13660	412	21424
MH569081.1	k141_75621	56903	92.157	12495	589	18085
MH569081.1	k141_75621	56903	95.836	5547	168	8974
MH569081.1	k141_75621	56903	89.134	4583	236	6031
MH569081.1	k141_75621	56903	87.607	1630	106	2003
MH569081.1	k141_75621	56903	88.728	1517	81	1984
MH569081.1	k141_75621	56903	89.672	823	37	1109
MH569081.1	k141_75621	56903	99.291	141	1	251
MH569081.1	k141_75621	56903	99.291	141	1	251
MH569081.1	k141_75621	56903	99.145	117	1	207
MH569081.1	k141_75621	56903	99.145	117	1	207
MH569081.1	k141_75621	56903	92.969	128	8	187
MH569081.1	k141_75621	56903	73.529	204	39	125
MH569081.1	k141_75621	56903	68.323	322	88	116
MH569081.1	k141_75621	56903	82.000	100	18	100
MH569081.1	k141_75621	56903	82.000	100	18	100
MH569081.1	k141_75621	56903	68.248	274	71	95.1
MH569081.1	k141_75621	56903	68.282	227	34	93.3
MH569081.1	k141_75621	56903	83.333	84	14	89.7
MH569081.1	k141_75621	56903	91.379	58	1	77.9
MH569081.1	k141_75621	56903	82.609	69	11	68.0
MH569081.1	k141_75621	56903	78.873	71	15	61.7
MH569081.1	k141_75621	56903	87.500	48	6	60.8
MH569081.1	k141_75621	56903	88.889	45	5	59.9
MH569081.1	k141_75621	56903	88.889	45	5	59.9
MH569081.1	k141_75621	56903	78.261	69	15	58.1
MH569081.1	k141_75621	56903	66.879	157	50	42.8
MH569081.1	k141_75621	56903	66.879	157	50	42.8
MH569081.1	k141_75621	56903	77.551	49	11	40.1
MH569081.1	k141_75621	56903	82.051	39	7	40.1
MH569081.1	k141_76560	24546	94.102	15260	513	23469
MH569081.1	k141_76560	24546	89.094	6336	338	8359
MH569081.1	k141_76560	24546	93.080	2341	96	3493
MH569081.1	k141_76560	24546	98.582	141	2	246
MH569081.1	k141_76560	24546	98.582	141	2	246
MH569081.1	k141_76560	24546	99.145	117	1	207
MH569081.1	k141_76560	24546	85.235	149	12	170
MH569081.1	k141_76560	24546	91.489	47	3	64.4
MH569081.1	k141_7043	19477	98.067	10709	105	18413
MH569081.1	k141_7043	19477	98.079	10566	101	18173
MH569081.1	k141_7043	19477	97.767	5330	44	9090
MH569081.1	k141_7043	19477	97.767	5330	44	9090
MH569081.1	k141_7043	19477	95.002	2361	29	3762
MH569081.1	k141_7043	19477	95.002	2361	29	3762
MH569081.1	k141_7043	19477	97.909	861	12	1469
MH569081.1	k141_7043	19477	97.909	861	12	1469
MH569081.1	k141_7043	19477	97.917	48	1	83.3
MH569081.1	k141_7043	19477	88.889	45	5	59.9
MH569081.1	k141_83158	12891	94.238	5120	196	7912
MH569081.1	k141_83158	12891	93.865	3814	190	5800
MH569081.1	k141_83158	12891	90.874	3375	181	4754
MH569081.1	k141_83158	12891	97.163	141	4	237
MH569081.1	k141_83158	12891	75.141	177	25	130
MH569081.1	k141_83158	12891	81.633	49	9	49.1
MH569081.1	k141_79425	2216	98.631	2192	30	3819
MH569081.1	k141_79425	2216	98.631	2192	30	3819
MH569081.1	k141_79425	2216	78.431	102	17	81.5
MH569081.1	k141_31988	6096	93.994	333	15	511
MH569081.1	k141_31988	6096	72.374	876	213	457
MH569081.1	k141_31988	6096	72.374	876	213	457
MH569081.1	k141_31988	6096	90.000	60	6	82.4
MH569081.1	k141_31988	6096	90.000	60	6	82.4
MH569081.1	k141_30764	286	98.951	286	3	503
MH569081.1	k141_30764	286	98.951	286	3	503
MH569081.1	k141_30764	286	97.917	48	1	83.3
MH569081.1	k141_30153	1453	75.625	640	93	450
MH569081.1	k141_30153	1453	87.940	199	20	251
MH569081.1	k141_66394	1794	73.635	531	131	317
MH569081.1	k141_66394	1794	73.635	531	131	317
MH569081.1	k141_37559	1715	97.268	183	5	308
MH569081.1	k141_17104	1331	86.224	196	17	233
MH569081.1	k141_17104	1331	93.204	103	7	155
MH569081.1	k141_65568	479	95.804	143	6	232
MH569081.1	k141_50473	1889	76.676	343	60	232
MH569081.1	k141_50473	1889	76.676	343	60	232
MH569081.1	k141_50473	1889	74.641	209	51	132
MH569081.1	k141_50473	1889	74.641	209	51	132
MH569081.1	k141_50892	1788	68.659	552	72	222
MH569081.1	k141_11555	1332	66.983	633	160	190
MH569081.1	k141_49932	1356	91.803	122	8	173
MH569081.1	k141_49932	1356	91.803	122	8	173
MH569081.1	k141_71479	1445	96.040	101	4	165
MH569081.1	k141_71479	1445	96.040	101	4	165
MH569081.1	k141_56525	1193	83.688	141	15	145
MH569081.1	k141_81998	675	88.182	110	8	141
MH569081.1	k141_5888	604	81.046	153	22	139
MH569081.1	k141_82554	646	100.000	73	0	132
MH569081.1	k141_82554	646	100.000	73	0	132
MH569081.1	k141_82554	646	97.333	75	2	127
MH569081.1	k141_82554	646	97.333	75	2	127
MH569081.1	k141_36334	4822	77.852	149	13	130
MH569081.1	k141_83467	1170	86.667	105	14	127
MH569081.1	k141_11207	2269	94.521	73	4	114
MH569081.1	k141_11207	2269	80.000	70	14	64.4
MH569081.1	k141_8990	616	91.139	79	4	110
MH569081.1	k141_68376	2502	92.105	76	5	107
MH569081.1	k141_68376	2502	92.105	76	5	107
MH569081.1	k141_18637	450	100.000	58	0	105
MH569081.1	k141_18637	450	100.000	58	0	105
MH569081.1	k141_43821	402	92.424	66	5	97.8
MH569081.1	k141_43167	1243	83.516	91	15	97.8
MH569081.1	k141_22574	2544	73.750	160	33	95.1
MH569081.1	k141_52734	1220	90.769	65	6	91.5
MH569081.1	k141_80072	830	94.737	57	3	90.6
MH569081.1	k141_18696	1588	90.769	65	5	87.8
MH569081.1	k141_23881	1445	90.000	60	6	82.4
MH569081.1	k141_42972	1447	86.154	65	9	77.9
MH569081.1	k141_38416	395	72.180	133	37	74.3
MH569081.1	k141_18648	919	88.679	53	6	69.8
MH569081.1	k141_64022	1112	90.476	42	4	59.0
MH569081.1	k141_14457	677	73.333	75	20	46.4
MH569081.1	k141_14457	677	73.333	75	20	46.4
NC_033978.1	k141_75621	56903	87.937	5430	587	6802
NC_033978.1	k141_75621	56903	83.458	3863	564	4077
NC_033978.1	k141_75621	56903	90.377	2546	244	3484
NC_033978.1	k141_75621	56903	81.444	3352	544	3231
NC_033978.1	k141_75621	56903	81.865	2316	356	2265
NC_033978.1	k141_75621	56903	83.166	2091	302	2176
NC_033978.1	k141_75621	56903	86.980	1490	194	1813
NC_033978.1	k141_75621	56903	82.089	1781	263	1771
NC_033978.1	k141_75621	56903	81.318	1836	262	1762
NC_033978.1	k141_75621	56903	78.585	2092	281	1692
NC_033978.1	k141_75621	56903	89.323	1255	124	1646
NC_033978.1	k141_75621	56903	75.504	2233	449	1560
NC_033978.1	k141_75621	56903	70.309	2718	633	1177
NC_033978.1	k141_75621	56903	74.722	1080	155	702
NC_033978.1	k141_75621	56903	83.410	651	104	687
NC_033978.1	k141_75621	56903	74.890	681	96	449
NC_033978.1	k141_75621	56903	68.121	1261	206	441
NC_033978.1	k141_75621	56903	85.671	328	41	377
NC_033978.1	k141_75621	56903	72.619	672	124	347
NC_033978.1	k141_75621	56903	83.388	307	28	323
NC_033978.1	k141_75621	56903	87.295	244	29	294
NC_033978.1	k141_75621	56903	80.690	290	35	263
NC_033978.1	k141_75621	56903	76.099	364	68	260
NC_033978.1	k141_75621	56903	75.862	377	68	251
NC_033978.1	k141_75621	56903	74.929	351	48	237
NC_033978.1	k141_75621	56903	95.556	135	6	217
NC_033978.1	k141_75621	56903	74.359	312	52	210
NC_033978.1	k141_75621	56903	82.569	218	25	207
NC_033978.1	k141_75621	56903	77.143	280	51	202
NC_033978.1	k141_75621	56903	92.969	128	9	191
NC_033978.1	k141_75621	56903	73.667	300	69	181
NC_033978.1	k141_75621	56903	88.321	137	16	176
NC_033978.1	k141_75621	56903	88.321	137	16	176
NC_033978.1	k141_75621	56903	88.976	127	9	153
NC_033978.1	k141_75621	56903	82.979	141	18	148
NC_033978.1	k141_75621	56903	71.326	279	45	143
NC_033978.1	k141_75621	56903	100.000	75	0	136
NC_033978.1	k141_75621	56903	78.107	169	31	135
NC_033978.1	k141_75621	56903	67.342	444	129	135
NC_033978.1	k141_75621	56903	93.023	86	6	129
NC_033978.1	k141_75621	56903	88.776	98	11	128
NC_033978.1	k141_75621	56903	95.946	74	3	121
NC_033978.1	k141_75621	56903	66.501	403	113	107
NC_033978.1	k141_75621	56903	80.000	110	20	97.8
NC_033978.1	k141_75621	56903	80.000	110	20	97.8
NC_033978.1	k141_75621	56903	87.500	80	9	96.9
NC_033978.1	k141_75621	56903	89.286	56	6	75.2
NC_033978.1	k141_75621	56903	70.064	157	45	65.3
NC_033978.1	k141_75621	56903	78.571	70	15	59.9
NC_033978.1	k141_75621	56903	92.308	39	3	58.1
NC_033978.1	k141_75621	56903	92.308	39	3	58.1
NC_033978.1	k141_75621	56903	90.000	40	4	55.4
NC_033978.1	k141_75621	56903	82.051	39	7	40.1
NC_033978.1	k141_7043	19477	90.469	4837	291	6632
NC_033978.1	k141_7043	19477	90.469	4837	291	6632
NC_033978.1	k141_7043	19477	93.539	3018	146	4532
NC_033978.1	k141_7043	19477	93.539	3018	146	4532
NC_033978.1	k141_7043	19477	91.677	3100	177	4393
NC_033978.1	k141_7043	19477	91.677	3100	177	4393
NC_033978.1	k141_7043	19477	89.474	2299	126	3034
NC_033978.1	k141_7043	19477	89.474	2299	126	3034
NC_033978.1	k141_7043	19477	82.921	890	130	904
NC_033978.1	k141_7043	19477	82.921	890	130	904
NC_033978.1	k141_7043	19477	79.905	841	74	783
NC_033978.1	k141_7043	19477	79.905	841	74	783
NC_033978.1	k141_7043	19477	77.396	845	99	665
NC_033978.1	k141_7043	19477	77.396	845	99	665
NC_033978.1	k141_7043	19477	77.479	706	113	563
NC_033978.1	k141_7043	19477	78.738	602	93	487
NC_033978.1	k141_7043	19477	78.738	602	93	487
NC_033978.1	k141_7043	19477	87.696	382	32	482
NC_033978.1	k141_7043	19477	87.696	382	32	482
NC_033978.1	k141_7043	19477	88.281	128	9	160
NC_033978.1	k141_7043	19477	88.281	128	9	160
NC_033978.1	k141_7043	19477	87.963	108	12	133
NC_033978.1	k141_7043	19477	94.340	53	3	83.3
NC_033978.1	k141_7043	19477	94.340	53	3	83.3
NC_033978.1	k141_7043	19477	89.655	58	5	75.2
NC_033978.1	k141_7043	19477	100.000	40	0	73.4
NC_033978.1	k141_7043	19477	100.000	40	0	73.4
NC_033978.1	k141_7043	19477	91.111	45	4	64.4
NC_033978.1	k141_76560	24546	78.250	5039	723	4095
NC_033978.1	k141_76560	24546	76.348	2727	460	2033
NC_033978.1	k141_76560	24546	78.996	1933	364	1631
NC_033978.1	k141_76560	24546	74.242	1980	373	1229
NC_033978.1	k141_76560	24546	85.489	1013	122	1165
NC_033978.1	k141_76560	24546	73.208	1325	228	774
NC_033978.1	k141_76560	24546	82.105	665	106	662
NC_033978.1	k141_76560	24546	73.571	980	172	566
NC_033978.1	k141_76560	24546	69.096	1317	276	528
NC_033978.1	k141_76560	24546	87.615	218	24	270
NC_033978.1	k141_76560	24546	70.000	600	106	266
NC_033978.1	k141_76560	24546	77.580	281	63	224
NC_033978.1	k141_76560	24546	83.163	196	26	207
NC_033978.1	k141_76560	24546	79.186	221	46	192
NC_033978.1	k141_76560	24546	88.060	134	15	167
NC_033978.1	k141_76560	24546	88.060	134	15	167
NC_033978.1	k141_76560	24546	73.123	253	47	156
NC_033978.1	k141_76560	24546	87.879	99	12	125
NC_033978.1	k141_79425	2216	90.354	1669	123	2278
NC_033978.1	k141_79425	2216	90.354	1669	123	2278
NC_033978.1	k141_79425	2216	77.670	309	60	242
NC_033978.1	k141_79425	2216	100.000	81	0	147
NC_033978.1	k141_83158	12891	82.165	1968	307	1953
NC_033978.1	k141_83158	12891	77.437	2318	450	1812
NC_033978.1	k141_83158	12891	76.656	2189	422	1639
NC_033978.1	k141_83158	12891	82.911	1223	181	1258
NC_033978.1	k141_83158	12891	75.538	1161	227	807
NC_033978.1	k141_83158	12891	80.822	584	108	544
NC_033978.1	k141_83158	12891	82.768	383	63	388
NC_033978.1	k141_83158	12891	83.784	148	24	159
NC_033978.1	k141_83158	12891	81.633	49	9	49.1
NC_033978.1	k141_31988	6096	72.862	877	207	465
NC_033978.1	k141_31988	6096	72.862	877	207	465
NC_033978.1	k141_31988	6096	86.486	333	40	398
NC_033978.1	k141_31988	6096	77.936	281	60	221
NC_033978.1	k141_31988	6096	77.936	281	60	221
NC_033978.1	k141_31988	6096	86.667	60	8	73.4
NC_033978.1	k141_31988	6096	86.667	60	8	73.4
NC_033978.1	k141_30764	286	87.455	279	34	343
NC_033978.1	k141_30764	286	87.455	279	34	343
NC_033978.1	k141_66394	1794	74.436	532	125	339
NC_033978.1	k141_66394	1794	74.436	532	125	339
NC_033978.1	k141_50473	1889	76.093	343	61	228
NC_033978.1	k141_50473	1889	76.093	343	61	228
NC_033978.1	k141_11555	1332	67.925	583	150	202
NC_033978.1	k141_30153	1453	86.127	173	14	200
NC_033978.1	k141_30153	1453	76.329	207	29	153
NC_033978.1	k141_30153	1453	77.295	207	38	152
NC_033978.1	k141_30153	1453	88.889	45	5	59.9
NC_033978.1	k141_50892	1788	69.176	425	65	146
NC_033978.1	k141_83467	1170	88.571	105	12	136
NC_033978.1	k141_11207	2269	93.671	79	5	121
NC_033978.1	k141_49932	1356	83.929	112	16	119
NC_033978.1	k141_49932	1356	83.929	112	16	119
NC_033978.1	k141_81998	675	82.727	110	14	113
NC_033978.1	k141_56525	1193	83.838	99	10	108
NC_033978.1	k141_82554	646	91.781	73	3	104
NC_033978.1	k141_82554	646	91.781	73	3	104
NC_033978.1	k141_82554	646	94.340	53	3	83.3
NC_033978.1	k141_82554	646	94.340	53	3	83.3
NC_033978.1	k141_43167	1243	84.270	89	14	98.7
NC_033978.1	k141_71479	1445	90.000	70	7	96.0
NC_033978.1	k141_71479	1445	90.000	70	7	96.0
NC_033978.1	k141_71543	4328	76.860	121	19	92.4
NC_033978.1	k141_65568	479	75.194	129	20	86.9
NC_033978.1	k141_57135	1640	82.051	78	14	78.8
NC_033978.1	k141_18637	450	97.674	43	1	74.3
NC_033978.1	k141_18637	450	97.674	43	1	74.3
NC_033978.1	k141_80072	830	87.719	57	7	72.5
NC_033978.1	k141_38416	395	77.500	80	18	64.4
NC_033978.1	k141_23881	1445	78.333	60	13	50.9
NC_033978.1	k141_20539	359	83.333	36	6	39.2
MW006668.1	k141_7043	19477	89.892	5352	312	7176
MW006668.1	k141_7043	19477	89.892	5352	312	7176
MW006668.1	k141_7043	19477	87.925	5002	420	6266
MW006668.1	k141_7043	19477	92.188	2573	140	3704
MW006668.1	k141_7043	19477	92.188	2573	140	3704
MW006668.1	k141_7043	19477	70.912	1437	208	703
MW006668.1	k141_7043	19477	80.169	474	51	434
MW006668.1	k141_7043	19477	80.169	474	51	434
MW006668.1	k141_7043	19477	71.703	834	151	432
MW006668.1	k141_7043	19477	85.174	344	48	385
MW006668.1	k141_7043	19477	85.174	344	48	385
MW006668.1	k141_7043	19477	75.062	401	66	281
MW006668.1	k141_7043	19477	82.659	173	26	177
MW006668.1	k141_7043	19477	87.857	140	17	177
MW006668.1	k141_7043	19477	86.806	144	15	169
MW006668.1	k141_7043	19477	86.806	144	15	169
MW006668.1	k141_7043	19477	77.586	174	39	139
MW006668.1	k141_7043	19477	75.641	156	22	107
MW006668.1	k141_7043	19477	75.641	156	22	107
MW006668.1	k141_7043	19477	74.324	148	22	93.3
MW006668.1	k141_7043	19477	100.000	43	0	78.8
MW006668.1	k141_7043	19477	100.000	43	0	78.8
MW006668.1	k141_7043	19477	100.000	42	0	77.0
MW006668.1	k141_7043	19477	91.111	45	4	64.4
MW006668.1	k141_7043	19477	82.353	51	9	52.7
MW006668.1	k141_75621	56903	86.910	5447	624	6554
MW006668.1	k141_75621	56903	82.479	3396	528	3417
MW006668.1	k141_75621	56903	89.300	2486	266	3285
MW006668.1	k141_75621	56903	79.413	3371	580	2959
MW006668.1	k141_75621	56903	80.580	2518	420	2296
MW006668.1	k141_75621	56903	84.360	1899	294	2085
MW006668.1	k141_75621	56903	82.766	1822	282	1850
MW006668.1	k141_75621	56903	85.410	1501	219	1720
MW006668.1	k141_75621	56903	79.707	1774	283	1583
MW006668.1	k141_75621	56903	77.026	2085	327	1535
MW006668.1	k141_75621	56903	70.365	3155	704	1404
MW006668.1	k141_75621	56903	73.342	2262	501	1363
MW006668.1	k141_75621	56903	91.375	858	74	1214
MW006668.1	k141_75621	56903	91.365	857	74	1213
MW006668.1	k141_75621	56903	79.893	746	108	649
MW006668.1	k141_75621	56903	81.850	573	92	563
MW006668.1	k141_75621	56903	76.923	702	118	531
MW006668.1	k141_75621	56903	77.656	640	98	501
MW006668.1	k141_75621	56903	71.311	847	132	425
MW006668.1	k141_75621	56903	86.901	313	33	379
MW006668.1	k141_75621	56903	88.966	290	30	377
MW006668.1	k141_75621	56903	88.966	290	30	377
MW006668.1	k141_75621	56903	74.299	642	111	373
MW006668.1	k141_75621	56903	73.267	707	134	370
MW006668.1	k141_75621	56903	81.928	332	36	324
MW006668.1	k141_75621	56903	69.705	779	152	309
MW006668.1	k141_75621	56903	69.705	779	152	309
MW006668.1	k141_75621	56903	75.472	371	59	257
MW006668.1	k141_75621	56903	82.573	241	32	246
MW006668.1	k141_75621	56903	72.562	441	82	245
MW006668.1	k141_75621	56903	77.015	335	60	242
MW006668.1	k141_75621	56903	79.098	244	38	200
MW006668.1	k141_75621	56903	92.248	129	9	185
MW006668.1	k141_75621	56903	72.586	321	75	177
MW006668.1	k141_75621	56903	87.500	136	17	169
MW006668.1	k141_75621	56903	86.429	140	15	162
MW006668.1	k141_75621	56903	86.429	140	15	162
MW006668.1	k141_75621	56903	78.142	183	20	150
MW006668.1	k141_75621	56903	82.734	139	17	145
MW006668.1	k141_75621	56903	86.290	124	12	139
MW006668.1	k141_75621	56903	89.320	103	9	134
MW006668.1	k141_75621	56903	67.453	424	122	131
MW006668.1	k141_75621	56903	90.698	86	8	120
MW006668.1	k141_75621	56903	84.112	107	16	113
MW006668.1	k141_75621	56903	69.896	289	65	113
MW006668.1	k141_75621	56903	73.684	190	35	100
MW006668.1	k141_75621	56903	88.732	71	8	93.3
MW006668.1	k141_75621	56903	87.324	71	9	88.7
MW006668.1	k141_75621	56903	87.324	71	9	88.7
MW006668.1	k141_75621	56903	87.143	70	7	79.7
MW006668.1	k141_75621	56903	79.348	92	18	77.9
MW006668.1	k141_75621	56903	75.000	108	21	70.7
MW006668.1	k141_75621	56903	80.282	71	14	66.2
MW006668.1	k141_75621	56903	70.064	157	45	65.3
MW006668.1	k141_75621	56903	68.020	197	42	64.4
MW006668.1	k141_75621	56903	87.755	49	6	62.6
MW006668.1	k141_75621	56903	87.755	49	6	62.6
MW006668.1	k141_75621	56903	92.308	39	3	58.1
MW006668.1	k141_75621	56903	70.755	106	28	46.4
MW006668.1	k141_76560	24546	78.426	5743	857	4737
MW006668.1	k141_76560	24546	78.444	1967	381	1608
MW006668.1	k141_76560	24546	71.144	2814	524	1323
MW006668.1	k141_76560	24546	85.375	1053	138	1188
MW006668.1	k141_76560	24546	73.481	1531	309	929
MW006668.1	k141_76560	24546	81.053	665	114	634
MW006668.1	k141_76560	24546	70.751	1265	246	604
MW006668.1	k141_76560	24546	70.919	1121	253	533
MW006668.1	k141_76560	24546	73.340	979	174	524
MW006668.1	k141_76560	24546	69.776	536	114	258
MW006668.1	k141_76560	24546	69.776	536	114	258
MW006668.1	k141_76560	24546	82.083	240	37	236
MW006668.1	k141_76560	24546	83.951	162	25	172
MW006668.1	k141_76560	24546	78.607	201	24	155
MW006668.1	k141_76560	24546	86.508	126	16	148
MW006668.1	k141_76560	24546	86.508	126	16	148
MW006668.1	k141_76560	24546	85.714	126	17	143
MW006668.1	k141_76560	24546	73.636	220	48	136
MW006668.1	k141_76560	24546	82.609	115	20	118
MW006668.1	k141_76560	24546	74.046	131	24	84.2
MW006668.1	k141_83158	12891	82.656	1943	297	1976
MW006668.1	k141_83158	12891	82.656	1943	297	1976
MW006668.1	k141_83158	12891	80.019	2162	388	1906
MW006668.1	k141_83158	12891	80.019	2162	388	1906
MW006668.1	k141_83158	12891	75.782	2238	495	1568
MW006668.1	k141_83158	12891	79.890	1452	235	1278
MW006668.1	k141_83158	12891	79.890	1452	235	1278
MW006668.1	k141_83158	12891	75.883	1161	230	819
MW006668.1	k141_83158	12891	75.883	1161	230	819
MW006668.1	k141_83158	12891	76.561	1105	204	817
MW006668.1	k141_83158	12891	76.561	1105	204	817
MW006668.1	k141_83158	12891	84.459	148	23	164
MW006668.1	k141_83158	12891	84.459	148	23	164
MW006668.1	k141_83158	12891	86.087	115	11	127
MW006668.1	k141_83158	12891	86.087	115	11	127
MW006668.1	k141_83158	12891	81.633	49	9	49.1
MW006668.1	k141_79425	2216	81.835	545	66	545
MW006668.1	k141_79425	2216	86.067	445	60	517
MW006668.1	k141_79425	2216	79.771	262	47	231
MW006668.1	k141_79425	2216	86.508	126	16	148
MW006668.1	k141_79425	2216	86.508	126	16	148
MW006668.1	k141_79425	2216	94.937	79	4	125
MW006668.1	k141_79425	2216	94.937	79	4	125
MW006668.1	k141_31988	6096	71.850	881	210	438
MW006668.1	k141_31988	6096	71.850	881	210	438
MW006668.1	k141_31988	6096	84.084	333	48	362
MW006668.1	k141_31988	6096	77.936	281	60	221
MW006668.1	k141_31988	6096	77.936	281	60	221
MW006668.1	k141_31988	6096	85.000	60	9	68.9
MW006668.1	k141_31988	6096	85.000	60	9	68.9
MW006668.1	k141_66394	1794	74.248	532	126	334
MW006668.1	k141_66394	1794	74.248	532	126	334
MW006668.1	k141_30764	286	85.978	271	37	315
MW006668.1	k141_30764	286	84.727	275	33	297
MW006668.1	k141_30764	286	84.727	275	33	297
MW006668.1	k141_30764	286	81.188	101	15	92.4
MW006668.1	k141_50473	1889	76.093	343	67	223
MW006668.1	k141_50473	1889	76.093	343	67	223
MW006668.1	k141_30153	1453	89.552	134	8	176
MW006668.1	k141_30153	1453	80.142	141	21	131
MW006668.1	k141_30153	1453	83.478	115	10	122
MW006668.1	k141_11555	1332	66.553	589	158	165
MW006668.1	k141_56525	1193	80.916	131	16	123
MW006668.1	k141_11207	2269	93.671	79	5	121
MW006668.1	k141_50892	1788	90.588	85	8	118
MW006668.1	k141_83467	1170	82.857	105	18	109
MW006668.1	k141_82554	646	91.892	74	2	102
MW006668.1	k141_81998	675	80.556	108	16	101
MW006668.1	k141_65568	479	76.744	129	18	100
MW006668.1	k141_43167	1243	84.270	89	14	98.7
MW006668.1	k141_71543	4328	75.806	124	29	86.0
MW006668.1	k141_71479	1445	79.787	94	15	84.2
MW006668.1	k141_80072	830	89.474	57	6	77.0
MW006668.1	k141_38416	395	71.795	117	33	63.5
MW006668.1	k141_23881	1445	80.000	60	12	55.4
MW006668.1	k141_10965	399	86.111	36	5	43.7
MW435436.1	k141_75621	56903	87.172	5410	612	6630
MW435436.1	k141_75621	56903	82.599	3879	596	3943
MW435436.1	k141_75621	56903	88.785	2577	281	3343
MW435436.1	k141_75621	56903	80.987	2309	374	2177
MW435436.1	k141_75621	56903	84.520	1938	289	2135
MW435436.1	k141_75621	56903	86.729	1492	198	1799
MW435436.1	k141_75621	56903	82.900	1731	256	1774
MW435436.1	k141_75621	56903	84.041	1554	224	1693
MW435436.1	k141_75621	56903	91.137	1196	103	1669
MW435436.1	k141_75621	56903	79.521	1836	302	1616
MW435436.1	k141_75621	56903	76.923	2067	285	1512
MW435436.1	k141_75621	56903	80.381	1626	305	1485
MW435436.1	k141_75621	56903	73.497	2279	497	1376
MW435436.1	k141_75621	56903	69.389	2094	527	823
MW435436.1	k141_75621	56903	81.936	692	120	685
MW435436.1	k141_75621	56903	72.847	987	153	568
MW435436.1	k141_75621	56903	77.308	639	112	480
MW435436.1	k141_75621	56903	89.130	322	29	420
MW435436.1	k141_75621	56903	69.834	842	132	376
MW435436.1	k141_75621	56903	72.093	645	133	327
MW435436.1	k141_75621	56903	81.935	310	43	306
MW435436.1	k141_75621	56903	81.311	305	34	297
MW435436.1	k141_75621	56903	84.167	240	34	248
MW435436.1	k141_75621	56903	74.202	376	64	235
MW435436.1	k141_75621	56903	73.239	355	61	216
MW435436.1	k141_75621	56903	88.889	162	12	213
MW435436.1	k141_75621	56903	88.971	136	15	178
MW435436.1	k141_75621	56903	88.971	136	15	178
MW435436.1	k141_75621	56903	90.625	128	12	178
MW435436.1	k141_75621	56903	84.713	157	23	172
MW435436.1	k141_75621	56903	88.806	134	11	169
MW435436.1	k141_75621	56903	88.148	135	11	163
MW435436.1	k141_75621	56903	71.854	302	60	162
MW435436.1	k141_75621	56903	91.346	104	9	148
MW435436.1	k141_75621	56903	89.655	116	8	146
MW435436.1	k141_75621	56903	67.640	445	128	141
MW435436.1	k141_75621	56903	83.453	139	16	141
MW435436.1	k141_75621	56903	100.000	75	0	136
MW435436.1	k141_75621	56903	77.193	171	31	127
MW435436.1	k141_75621	56903	78.472	144	22	124
MW435436.1	k141_75621	56903	87.255	102	12	123
MW435436.1	k141_75621	56903	90.476	84	8	116
MW435436.1	k141_75621	56903	68.881	286	73	107
MW435436.1	k141_75621	56903	80.909	110	19	102
MW435436.1	k141_75621	56903	80.909	110	19	102
MW435436.1	k141_75621	56903	72.581	186	28	100
MW435436.1	k141_75621	56903	71.123	187	43	91.5
MW435436.1	k141_75621	56903	91.071	56	5	79.7
MW435436.1	k141_75621	56903	78.261	92	19	73.4
MW435436.1	k141_75621	56903	92.308	39	3	58.1
MW435436.1	k141_75621	56903	92.308	39	3	58.1
MW435436.1	k141_75621	56903	68.790	157	47	56.3
MW435436.1	k141_75621	56903	77.143	70	16	55.4
MW435436.1	k141_75621	56903	82.051	39	7	40.1
MW435436.1	k141_76560	24546	77.300	7564	1228	5782
MW435436.1	k141_76560	24546	78.153	1982	381	1584
MW435436.1	k141_76560	24546	82.735	1031	128	1040
MW435436.1	k141_76560	24546	70.549	1348	269	636
MW435436.1	k141_76560	24546	79.129	666	126	573
MW435436.1	k141_76560	24546	85.774	478	68	556
MW435436.1	k141_76560	24546	69.056	1409	295	518
MW435436.1	k141_76560	24546	81.514	449	70	421
MW435436.1	k141_76560	24546	74.141	669	124	399
MW435436.1	k141_76560	24546	75.404	557	115	367
MW435436.1	k141_76560	24546	77.515	338	63	261
MW435436.1	k141_76560	24546	78.472	288	58	235
MW435436.1	k141_76560	24546	79.583	240	29	199
MW435436.1	k141_76560	24546	86.709	158	21	191
MW435436.1	k141_76560	24546	79.909	219	42	190
MW435436.1	k141_76560	24546	86.452	155	21	186
MW435436.1	k141_76560	24546	77.253	233	52	178
MW435436.1	k141_76560	24546	88.060	134	15	167
MW435436.1	k141_76560	24546	88.060	134	15	167
MW435436.1	k141_76560	24546	74.131	259	45	145
MW435436.1	k141_76560	24546	89.899	99	10	134
MW435436.1	k141_76560	24546	77.647	85	19	68.9
MW435436.1	k141_7043	19477	87.185	4081	265	5028
MW435436.1	k141_7043	19477	87.185	4081	265	5028
MW435436.1	k141_7043	19477	93.723	2995	149	4513
MW435436.1	k141_7043	19477	93.723	2995	149	4513
MW435436.1	k141_7043	19477	90.103	3213	195	4373
MW435436.1	k141_7043	19477	90.103	3213	195	4373
MW435436.1	k141_7043	19477	90.499	2263	120	3085
MW435436.1	k141_7043	19477	90.499	2263	120	3085
MW435436.1	k141_7043	19477	89.176	1589	109	2080
MW435436.1	k141_7043	19477	89.176	1589	109	2080
MW435436.1	k141_7043	19477	82.135	890	137	877
MW435436.1	k141_7043	19477	82.135	890	137	877
MW435436.1	k141_7043	19477	76.235	850	108	627
MW435436.1	k141_7043	19477	76.235	850	108	627
MW435436.1	k141_7043	19477	76.803	707	122	516
MW435436.1	k141_7043	19477	79.504	605	89	510
MW435436.1	k141_7043	19477	79.504	605	89	510
MW435436.1	k141_7043	19477	86.126	382	38	455
MW435436.1	k141_7043	19477	86.126	382	38	455
MW435436.1	k141_7043	19477	81.435	237	18	226
MW435436.1	k141_7043	19477	81.435	237	18	226
MW435436.1	k141_7043	19477	68.768	349	74	134
MW435436.1	k141_7043	19477	90.566	53	4	70.7
MW435436.1	k141_7043	19477	90.566	53	4	70.7
MW435436.1	k141_7043	19477	95.349	43	2	69.8
MW435436.1	k141_7043	19477	88.889	45	5	59.9
MW435436.1	k141_83158	12891	76.844	3403	621	2569
MW435436.1	k141_83158	12891	77.239	2188	396	1708
MW435436.1	k141_83158	12891	76.165	2253	483	1615
MW435436.1	k141_83158	12891	75.759	2009	432	1397
MW435436.1	k141_83158	12891	79.339	1452	228	1260
MW435436.1	k141_83158	12891	75.540	1112	232	744
MW435436.1	k141_83158	12891	85.135	148	22	168
MW435436.1	k141_83158	12891	82.000	50	9	50.9
MW435436.1	k141_79425	2216	90.893	1658	123	2290
MW435436.1	k141_79425	2216	90.893	1658	123	2290
MW435436.1	k141_79425	2216	76.358	313	63	224
MW435436.1	k141_79425	2216	76.358	313	63	224
MW435436.1	k141_79425	2216	97.468	79	2	134
MW435436.1	k141_31988	6096	72.645	881	202	457
MW435436.1	k141_31988	6096	72.645	881	202	457
MW435436.1	k141_31988	6096	84.036	332	48	361
MW435436.1	k141_31988	6096	77.580	281	61	216
MW435436.1	k141_31988	6096	77.580	281	61	216
MW435436.1	k141_31988	6096	86.667	60	8	73.4
MW435436.1	k141_31988	6096	86.667	60	8	73.4
MW435436.1	k141_30764	286	87.814	279	33	347
MW435436.1	k141_30764	286	87.814	279	33	347
MW435436.1	k141_66394	1794	74.624	532	124	343
MW435436.1	k141_66394	1794	74.624	532	124	343
MW435436.1	k141_50473	1889	75.793	347	55	229
MW435436.1	k141_50473	1889	75.793	347	55	229
MW435436.1	k141_11555	1332	68.096	583	149	206
MW435436.1	k141_30153	1453	67.358	530	95	179
MW435436.1	k141_30153	1453	80.460	174	17	163
MW435436.1	k141_30153	1453	88.235	51	6	66.2
MW435436.1	k141_11207	2269	92.405	79	6	116
MW435436.1	k141_50892	1788	90.476	84	8	116
MW435436.1	k141_83467	1170	83.019	106	18	111
MW435436.1	k141_56525	1193	77.941	136	21	110
MW435436.1	k141_81998	675	80.734	109	16	103
MW435436.1	k141_65568	479	76.642	137	20	101
MW435436.1	k141_49932	1356	79.464	112	21	96.9
MW435436.1	k141_49932	1356	79.464	112	21	96.9
MW435436.1	k141_43167	1243	83.146	89	15	94.2
MW435436.1	k141_71479	1445	80.198	101	10	93.3
MW435436.1	k141_71479	1445	80.198	101	10	93.3
MW435436.1	k141_71543	4328	76.033	121	20	87.8
MW435436.1	k141_80072	830	91.228	57	5	81.5
MW435436.1	k141_82554	646	90.566	53	4	70.7
MW435436.1	k141_82554	646	90.566	53	4	70.7
MW435436.1	k141_23881	1445	80.000	60	12	55.4
MW435436.1	k141_38416	395	76.923	65	15	50.9
MW435436.1	k141_38416	395	76.923	65	15	50.9
MW435436.1	k141_14457	677	72.000	75	21	41.9
MW435436.1	k141_14457	677	72.000	75	21	41.9
NC_037882.1	k141_76560	24546	76.523	9895	1587	7359
NC_037882.1	k141_76560	24546	80.597	1943	339	1772
NC_037882.1	k141_76560	24546	84.501	942	97	1027
NC_037882.1	k141_76560	24546	71.684	1787	327	914
NC_037882.1	k141_76560	24546	82.036	668	102	663
NC_037882.1	k141_76560	24546	73.679	984	177	564
NC_037882.1	k141_76560	24546	67.696	1328	288	453
NC_037882.1	k141_76560	24546	79.290	338	57	288
NC_037882.1	k141_76560	24546	78.041	296	64	238
NC_037882.1	k141_76560	24546	89.241	158	17	209
NC_037882.1	k141_76560	24546	87.273	165	21	204
NC_037882.1	k141_76560	24546	75.801	281	68	201
NC_037882.1	k141_76560	24546	77.982	218	48	178
NC_037882.1	k141_76560	24546	87.313	134	16	162
NC_037882.1	k141_76560	24546	87.313	134	16	162
NC_037882.1	k141_76560	24546	81.818	110	20	109
NC_037882.1	k141_7043	19477	90.770	4908	267	6819
NC_037882.1	k141_7043	19477	90.770	4908	267	6819
NC_037882.1	k141_7043	19477	88.943	4079	258	5304
NC_037882.1	k141_7043	19477	88.943	4079	258	5304
NC_037882.1	k141_7043	19477	93.979	3006	133	4572
NC_037882.1	k141_7043	19477	93.979	3006	133	4572
NC_037882.1	k141_7043	19477	89.255	2308	119	3035
NC_037882.1	k141_7043	19477	89.255	2308	119	3035
NC_037882.1	k141_7043	19477	83.034	890	129	909
NC_037882.1	k141_7043	19477	83.034	890	129	909
NC_037882.1	k141_7043	19477	77.160	845	97	664
NC_037882.1	k141_7043	19477	77.160	845	97	664
NC_037882.1	k141_7043	19477	81.362	558	83	517
NC_037882.1	k141_7043	19477	81.362	558	83	517
NC_037882.1	k141_7043	19477	85.606	396	39	465
NC_037882.1	k141_7043	19477	85.606	396	39	465
NC_037882.1	k141_7043	19477	86.047	344	46	402
NC_037882.1	k141_7043	19477	82.222	225	40	226
NC_037882.1	k141_7043	19477	69.714	350	71	154
NC_037882.1	k141_7043	19477	100.000	49	0	89.7
NC_037882.1	k141_7043	19477	100.000	49	0	89.7
NC_037882.1	k141_7043	19477	97.674	43	1	74.3
NC_037882.1	k141_7043	19477	91.111	45	4	64.4
NC_037882.1	k141_75621	56903	87.825	5429	584	6772
NC_037882.1	k141_75621	56903	83.410	3906	572	4097
NC_037882.1	k141_75621	56903	89.787	2634	265	3524
NC_037882.1	k141_75621	56903	81.710	3357	532	3279
NC_037882.1	k141_75621	56903	82.851	2315	348	2353
NC_037882.1	k141_75621	56903	85.722	1933	272	2237
NC_037882.1	k141_75621	56903	81.755	1880	275	1825
NC_037882.1	k141_75621	56903	86.512	1505	203	1800
NC_037882.1	k141_75621	56903	86.395	1470	128	1729
NC_037882.1	k141_75621	56903	77.279	2117	301	1587
NC_037882.1	k141_75621	56903	75.578	2207	470	1532
NC_037882.1	k141_75621	56903	85.877	878	104	1012
NC_037882.1	k141_75621	56903	70.749	2082	503	930
NC_037882.1	k141_75621	56903	83.019	742	125	767
NC_037882.1	k141_75621	56903	81.832	666	112	655
NC_037882.1	k141_75621	56903	74.974	975	132	643
NC_037882.1	k141_75621	56903	69.496	1249	196	522
NC_037882.1	k141_75621	56903	77.928	666	99	510
NC_037882.1	k141_75621	56903	70.886	869	116	411
NC_037882.1	k141_75621	56903	89.492	295	28	391
NC_037882.1	k141_75621	56903	71.305	812	136	371
NC_037882.1	k141_75621	56903	73.100	658	115	369
NC_037882.1	k141_75621	56903	72.131	671	114	321
NC_037882.1	k141_75621	56903	81.107	307	35	296
NC_037882.1	k141_75621	56903	76.567	367	65	267
NC_037882.1	k141_75621	56903	85.859	198	21	229
NC_037882.1	k141_75621	56903	73.429	350	53	217
NC_037882.1	k141_75621	56903	85.799	169	24	197
NC_037882.1	k141_75621	56903	91.176	136	12	192
NC_037882.1	k141_75621	56903	91.176	136	12	192
NC_037882.1	k141_75621	56903	75.000	284	59	177
NC_037882.1	k141_75621	56903	83.133	166	17	166
NC_037882.1	k141_75621	56903	89.231	130	12	165
NC_037882.1	k141_75621	56903	87.963	108	8	137
NC_037882.1	k141_75621	56903	78.107	169	31	131
NC_037882.1	k141_75621	56903	67.299	422	122	127
NC_037882.1	k141_75621	56903	96.104	77	3	126
NC_037882.1	k141_75621	56903	90.000	90	9	123
NC_037882.1	k141_75621	56903	89.888	89	9	121
NC_037882.1	k141_75621	56903	94.595	74	4	116
NC_037882.1	k141_75621	56903	80.909	110	19	102
NC_037882.1	k141_75621	56903	80.909	110	19	102
NC_037882.1	k141_75621	56903	75.630	119	29	85.1
NC_037882.1	k141_75621	56903	84.848	66	9	71.6
NC_037882.1	k141_75621	56903	77.228	101	16	68.0
NC_037882.1	k141_75621	56903	92.857	42	3	63.5
NC_037882.1	k141_75621	56903	94.872	39	2	62.6
NC_037882.1	k141_75621	56903	94.872	39	2	62.6
NC_037882.1	k141_75621	56903	67.949	156	50	57.2
NC_037882.1	k141_75621	56903	75.714	70	17	50.9
NC_037882.1	k141_75621	56903	80.851	47	9	45.5
NC_037882.1	k141_83158	12891	82.430	1975	320	1982
NC_037882.1	k141_83158	12891	79.278	2162	381	1864
NC_037882.1	k141_83158	12891	76.859	2273	448	1686
NC_037882.1	k141_83158	12891	79.016	1525	265	1281
NC_037882.1	k141_83158	12891	77.347	1108	225	841
NC_037882.1	k141_83158	12891	77.477	959	207	755
NC_037882.1	k141_83158	12891	85.811	148	21	173
NC_037882.1	k141_83158	12891	90.625	96	9	133
NC_037882.1	k141_83158	12891	81.633	49	9	49.1
NC_037882.1	k141_79425	2216	90.182	550	45	739
NC_037882.1	k141_79425	2216	90.182	550	45	739
NC_037882.1	k141_79425	2216	92.184	435	33	628
NC_037882.1	k141_79425	2216	92.184	435	33	628
NC_037882.1	k141_79425	2216	75.472	318	66	220
NC_037882.1	k141_79425	2216	75.472	318	66	220
NC_037882.1	k141_79425	2216	98.734	79	1	139
NC_037882.1	k141_31988	6096	72.748	877	208	461
NC_037882.1	k141_31988	6096	72.748	877	208	461
NC_037882.1	k141_31988	6096	86.486	333	40	398
NC_037882.1	k141_31988	6096	77.580	281	61	216
NC_037882.1	k141_31988	6096	77.580	281	61	216
NC_037882.1	k141_31988	6096	86.667	60	8	73.4
NC_037882.1	k141_31988	6096	86.667	60	8	73.4
NC_037882.1	k141_30764	286	88.530	279	31	356
NC_037882.1	k141_30764	286	88.530	279	31	356
NC_037882.1	k141_66394	1794	74.436	532	125	339
NC_037882.1	k141_66394	1794	74.436	532	125	339
NC_037882.1	k141_50473	1889	75.504	347	56	224
NC_037882.1	k141_50473	1889	75.504	347	56	224
NC_037882.1	k141_11555	1332	67.123	584	153	174
NC_037882.1	k141_30153	1453	88.148	135	9	165
NC_037882.1	k141_30153	1453	78.659	164	17	132
NC_037882.1	k141_30153	1453	86.957	92	7	113
NC_037882.1	k141_50892	1788	80.625	160	24	142
NC_037882.1	k141_65568	479	80.986	142	21	127
NC_037882.1	k141_83467	1170	85.714	105	15	123
NC_037882.1	k141_11207	2269	91.139	79	7	112
NC_037882.1	k141_49932	1356	82.143	112	18	110
NC_037882.1	k141_49932	1356	82.143	112	18	110
NC_037882.1	k141_81998	675	81.818	110	15	109
NC_037882.1	k141_82554	646	93.151	73	2	108
NC_037882.1	k141_82554	646	93.151	73	2	108
NC_037882.1	k141_56525	1193	78.571	112	12	96.9
NC_037882.1	k141_43167	1243	80.899	89	17	85.1
NC_037882.1	k141_80072	830	91.228	57	5	81.5
NC_037882.1	k141_38416	395	73.950	119	31	76.1
NC_037882.1	k141_71543	4328	73.770	122	23	76.1
NC_037882.1	k141_36334	4822	86.792	53	7	65.3
NC_037882.1	k141_23881	1445	78.333	60	13	50.9
NC_056190.1	k141_7043	19477	89.976	4968	314	6723
NC_056190.1	k141_7043	19477	89.976	4968	314	6723
NC_056190.1	k141_7043	19477	92.843	3018	142	4424
NC_056190.1	k141_7043	19477	92.843	3018	142	4424
NC_056190.1	k141_7043	19477	91.756	2887	167	4112
NC_056190.1	k141_7043	19477	91.756	2887	167	4112
NC_056190.1	k141_7043	19477	90.755	2239	124	3067
NC_056190.1	k141_7043	19477	90.755	2239	124	3067
NC_056190.1	k141_7043	19477	83.146	890	128	913
NC_056190.1	k141_7043	19477	83.146	890	128	913
NC_056190.1	k141_7043	19477	76.366	842	114	618
NC_056190.1	k141_7043	19477	76.366	842	114	618
NC_056190.1	k141_7043	19477	79.749	558	89	474
NC_056190.1	k141_7043	19477	79.749	558	89	474
NC_056190.1	k141_7043	19477	80.000	500	60	452
NC_056190.1	k141_7043	19477	80.000	500	60	452
NC_056190.1	k141_7043	19477	85.271	387	42	446
NC_056190.1	k141_7043	19477	85.271	387	42	446
NC_056190.1	k141_7043	19477	83.106	367	36	379
NC_056190.1	k141_7043	19477	83.106	367	36	379
NC_056190.1	k141_7043	19477	83.582	335	52	346
NC_056190.1	k141_7043	19477	88.439	173	16	222
NC_056190.1	k141_7043	19477	88.439	173	16	222
NC_056190.1	k141_7043	19477	81.250	224	42	215
NC_056190.1	k141_7043	19477	86.598	97	13	117
NC_056190.1	k141_7043	19477	97.619	42	1	72.5
NC_056190.1	k141_7043	19477	88.889	45	5	59.9
NC_056190.1	k141_75621	56903	87.072	5430	625	6589
NC_056190.1	k141_75621	56903	82.449	3863	577	3911
NC_056190.1	k141_75621	56903	90.206	2481	243	3379
NC_056190.1	k141_75621	56903	79.958	3348	578	3016
NC_056190.1	k141_75621	56903	73.894	3980	799	2390
NC_056190.1	k141_75621	56903	80.754	2546	421	2337
NC_056190.1	k141_75621	56903	81.712	2138	331	2089
NC_056190.1	k141_75621	56903	84.204	1646	218	1803
NC_056190.1	k141_75621	56903	74.633	2109	312	1372
NC_056190.1	k141_75621	56903	73.273	2215	486	1318
NC_056190.1	k141_75621	56903	86.275	816	107	963
NC_056190.1	k141_75621	56903	77.810	1050	168	835
NC_056190.1	k141_75621	56903	81.440	722	134	699
NC_056190.1	k141_75621	56903	81.045	670	122	632
NC_056190.1	k141_75621	56903	72.495	1058	176	579
NC_056190.1	k141_75621	56903	71.309	1192	229	566
NC_056190.1	k141_75621	56903	74.412	680	113	430
NC_056190.1	k141_75621	56903	87.578	322	34	398
NC_056190.1	k141_75621	56903	70.678	856	139	397
NC_056190.1	k141_75621	56903	74.557	621	119	389
NC_056190.1	k141_75621	56903	83.587	329	31	349
NC_056190.1	k141_75621	56903	85.887	248	23	274
NC_056190.1	k141_75621	56903	80.645	279	43	257
NC_056190.1	k141_75621	56903	83.256	215	25	218
NC_056190.1	k141_75621	56903	74.640	347	66	214
NC_056190.1	k141_75621	56903	73.716	331	58	205
NC_056190.1	k141_75621	56903	89.706	136	14	183
NC_056190.1	k141_75621	56903	89.706	136	14	183
NC_056190.1	k141_75621	56903	87.755	147	12	181
NC_056190.1	k141_75621	56903	89.844	128	13	173
NC_056190.1	k141_75621	56903	83.735	166	16	166
NC_056190.1	k141_75621	56903	78.698	169	30	135
NC_056190.1	k141_75621	56903	92.308	91	6	130
NC_056190.1	k141_75621	56903	97.333	75	2	127
NC_056190.1	k141_75621	56903	96.104	77	3	126
NC_056190.1	k141_75621	56903	75.758	165	40	118
NC_056190.1	k141_75621	56903	88.889	90	10	118
NC_056190.1	k141_75621	56903	89.535	86	9	115
NC_056190.1	k141_75621	56903	65.837	442	127	103
NC_056190.1	k141_75621	56903	80.909	110	19	102
NC_056190.1	k141_75621	56903	80.909	110	19	102
NC_056190.1	k141_75621	56903	69.027	226	43	99.6
NC_056190.1	k141_75621	56903	87.500	72	8	86.9
NC_056190.1	k141_75621	56903	91.071	56	5	79.7
NC_056190.1	k141_75621	56903	76.471	102	18	73.4
NC_056190.1	k141_75621	56903	72.414	116	32	66.2
NC_056190.1	k141_75621	56903	92.857	42	3	63.5
NC_056190.1	k141_75621	56903	78.571	70	15	59.9
NC_056190.1	k141_76560	24546	76.680	7487	1221	5554
NC_056190.1	k141_76560	24546	78.785	1909	359	1582
NC_056190.1	k141_76560	24546	76.478	1590	297	1175
NC_056190.1	k141_76560	24546	83.932	1058	146	1114
NC_056190.1	k141_76560	24546	69.350	1478	274	641
NC_056190.1	k141_76560	24546	79.910	667	120	594
NC_056190.1	k141_76560	24546	73.764	991	175	571
NC_056190.1	k141_76560	24546	68.658	1289	273	469
NC_056190.1	k141_76560	24546	76.296	270	30	221
NC_056190.1	k141_76560	24546	75.801	281	68	201
NC_056190.1	k141_76560	24546	87.342	158	20	196
NC_056190.1	k141_76560	24546	78.541	233	50	196
NC_056190.1	k141_76560	24546	78.899	218	46	187
NC_056190.1	k141_76560	24546	84.568	162	25	180
NC_056190.1	k141_76560	24546	79.412	204	42	179
NC_056190.1	k141_76560	24546	89.062	128	11	167
NC_056190.1	k141_76560	24546	89.062	128	11	167
NC_056190.1	k141_76560	24546	72.355	293	77	159
NC_056190.1	k141_76560	24546	77.457	173	39	137
NC_056190.1	k141_76560	24546	81.395	129	24	125
NC_056190.1	k141_76560	24546	88.732	71	8	93.3
NC_056190.1	k141_76560	24546	76.471	102	18	73.4
NC_056190.1	k141_79425	2216	90.576	1666	123	2283
NC_056190.1	k141_79425	2216	90.576	1666	123	2283
NC_056190.1	k141_79425	2216	76.025	317	63	219
NC_056190.1	k141_79425	2216	97.531	81	2	138
NC_056190.1	k141_83158	12891	76.370	2154	416	1566
NC_056190.1	k141_83158	12891	76.795	1142	241	842
NC_056190.1	k141_83158	12891	78.453	905	162	752
NC_056190.1	k141_83158	12891	77.794	698	122	568
NC_056190.1	k141_83158	12891	78.212	537	114	431
NC_056190.1	k141_83158	12891	78.674	347	64	297
NC_056190.1	k141_83158	12891	71.030	466	80	214
NC_056190.1	k141_83158	12891	80.822	146	28	138
NC_056190.1	k141_83158	12891	73.984	123	32	78.8
NC_056190.1	k141_83158	12891	83.673	49	8	53.6
NC_056190.1	k141_31988	6096	72.860	888	210	471
NC_056190.1	k141_31988	6096	72.860	888	210	471
NC_056190.1	k141_31988	6096	84.084	333	48	362
NC_056190.1	k141_31988	6096	77.224	281	62	212
NC_056190.1	k141_31988	6096	77.224	281	62	212
NC_056190.1	k141_31988	6096	86.667	60	8	73.4
NC_056190.1	k141_31988	6096	86.667	60	8	73.4
NC_056190.1	k141_30764	286	88.645	273	28	352
NC_056190.1	k141_30764	286	88.645	273	28	352
NC_056190.1	k141_66394	1794	74.436	532	125	339
NC_056190.1	k141_66394	1794	74.436	532	125	339
NC_056190.1	k141_50473	1889	75.793	347	55	229
NC_056190.1	k141_50473	1889	75.793	347	55	229
NC_056190.1	k141_11555	1332	68.571	595	136	214
NC_056190.1	k141_30153	1453	88.489	139	8	178
NC_056190.1	k141_30153	1453	87.619	105	6	129
NC_056190.1	k141_30153	1453	94.937	79	4	125
NC_056190.1	k141_83467	1170	85.714	105	15	123
NC_056190.1	k141_49932	1356	84.685	111	15	122
NC_056190.1	k141_49932	1356	84.685	111	15	122
NC_056190.1	k141_11207	2269	93.590	78	5	119
NC_056190.1	k141_50892	1788	85.849	106	13	117
NC_056190.1	k141_56525	1193	78.195	133	11	113
NC_056190.1	k141_71479	1445	84.783	92	10	103
NC_056190.1	k141_71479	1445	84.783	92	10	103
NC_056190.1	k141_82554	646	87.671	73	6	90.6
NC_056190.1	k141_82554	646	87.671	73	6	90.6
NC_056190.1	k141_82554	646	88.679	53	5	66.2
NC_056190.1	k141_82554	646	88.679	53	5	66.2
NC_056190.1	k141_43167	1243	82.022	89	16	89.7
NC_056190.1	k141_37559	1715	87.324	71	9	88.7
NC_056190.1	k141_71543	4328	75.194	129	23	88.7
NC_056190.1	k141_81998	675	76.852	108	20	83.3
NC_056190.1	k141_80072	830	87.719	57	7	72.5
NC_056190.1	k141_5888	604	80.328	61	12	57.2
NC_056190.1	k141_23881	1445	79.661	59	12	53.6
MN564931.1	k141_7043	19477	90.288	5035	314	6854
MN564931.1	k141_7043	19477	90.288	5035	314	6854
MN564931.1	k141_7043	19477	93.475	3004	140	4490
MN564931.1	k141_7043	19477	93.475	3004	140	4490
MN564931.1	k141_7043	19477	91.476	2933	182	4121
MN564931.1	k141_7043	19477	91.476	2933	182	4121
MN564931.1	k141_7043	19477	89.812	2287	132	3071
MN564931.1	k141_7043	19477	89.812	2287	132	3071
MN564931.1	k141_7043	19477	79.826	917	85	825
MN564931.1	k141_7043	19477	79.826	917	85	825
MN564931.1	k141_7043	19477	75.676	888	141	642
MN564931.1	k141_7043	19477	75.676	888	141	642
MN564931.1	k141_7043	19477	77.438	687	97	539
MN564931.1	k141_7043	19477	80.982	489	57	446
MN564931.1	k141_7043	19477	80.982	489	57	446
MN564931.1	k141_7043	19477	84.091	396	42	436
MN564931.1	k141_7043	19477	84.091	396	42	436
MN564931.1	k141_7043	19477	79.601	451	54	393
MN564931.1	k141_7043	19477	79.601	451	54	393
MN564931.1	k141_7043	19477	81.780	236	19	236
MN564931.1	k141_7043	19477	81.780	236	19	236
MN564931.1	k141_7043	19477	73.352	349	64	210
MN564931.1	k141_7043	19477	73.352	349	64	210
MN564931.1	k141_7043	19477	77.143	210	31	165
MN564931.1	k141_7043	19477	77.143	210	31	165
MN564931.1	k141_7043	19477	88.235	68	6	80.6
MN564931.1	k141_7043	19477	97.619	42	1	72.5
MN564931.1	k141_7043	19477	97.619	42	1	72.5
MN564931.1	k141_7043	19477	91.111	45	4	64.4
MN564931.1	k141_75621	56903	87.225	5409	602	6598
MN564931.1	k141_75621	56903	82.489	3849	595	3875
MN564931.1	k141_75621	56903	88.421	2565	289	3281
MN564931.1	k141_75621	56903	80.998	3347	551	3147
MN564931.1	k141_75621	56903	74.568	4054	770	2520
MN564931.1	k141_75621	56903	80.016	2542	416	2265
MN564931.1	k141_75621	56903	84.408	1892	292	2081
MN564931.1	k141_75621	56903	86.251	1491	204	1762
MN564931.1	k141_75621	56903	80.618	1780	291	1645
MN564931.1	k141_75621	56903	80.320	1814	304	1643
MN564931.1	k141_75621	56903	76.209	2110	333	1465
MN564931.1	k141_75621	56903	74.005	2212	488	1390
MN564931.1	k141_75621	56903	80.180	666	117	607
MN564931.1	k141_75621	56903	72.177	974	148	552
MN564931.1	k141_75621	56903	78.700	554	80	448
MN564931.1	k141_75621	56903	88.545	323	30	414
MN564931.1	k141_75621	56903	88.571	280	29	351
MN564931.1	k141_75621	56903	69.484	852	133	322
MN564931.1	k141_75621	56903	70.223	628	111	287
MN564931.1	k141_75621	56903	85.306	245	32	279
MN564931.1	k141_75621	56903	77.121	389	64	279
MN564931.1	k141_75621	56903	78.864	317	32	275
MN564931.1	k141_75621	56903	74.644	351	58	238
MN564931.1	k141_75621	56903	79.104	268	49	229
MN564931.1	k141_75621	56903	84.653	202	25	226
MN564931.1	k141_75621	56903	80.000	225	26	207
MN564931.1	k141_75621	56903	90.076	131	12	175
MN564931.1	k141_75621	56903	83.735	166	11	170
MN564931.1	k141_75621	56903	81.215	181	22	167
MN564931.1	k141_75621	56903	77.654	179	40	143
MN564931.1	k141_75621	56903	66.981	530	155	141
MN564931.1	k141_75621	56903	93.407	91	6	138
MN564931.1	k141_75621	56903	100.000	75	0	136
MN564931.1	k141_75621	56903	93.023	86	6	129
MN564931.1	k141_75621	56903	92.941	85	6	127
MN564931.1	k141_75621	56903	90.217	92	8	123
MN564931.1	k141_75621	56903	74.286	175	27	116
MN564931.1	k141_75621	56903	80.909	110	19	102
MN564931.1	k141_75621	56903	80.909	110	19	102
MN564931.1	k141_75621	56903	71.779	163	46	87.8
MN564931.1	k141_75621	56903	87.500	56	7	70.7
MN564931.1	k141_75621	56903	84.127	63	6	64.4
MN564931.1	k141_75621	56903	70.548	146	41	63.5
MN564931.1	k141_75621	56903	90.476	42	4	59.0
MN564931.1	k141_75621	56903	69.767	129	39	58.1
MN564931.1	k141_75621	56903	92.308	39	3	58.1
MN564931.1	k141_75621	56903	92.308	39	3	58.1
MN564931.1	k141_75621	56903	72.897	107	21	57.2
MN564931.1	k141_75621	56903	82.979	47	8	50.0
MN564931.1	k141_75621	56903	83.333	42	7	45.5
MN564931.1	k141_76560	24546	76.608	7789	1318	5706
MN564931.1	k141_76560	24546	78.066	1892	373	1517
MN564931.1	k141_76560	24546	75.678	1916	376	1319
MN564931.1	k141_76560	24546	83.221	1043	124	1098
MN564931.1	k141_76560	24546	69.607	1678	360	691
MN564931.1	k141_76560	24546	83.096	562	92	584
MN564931.1	k141_76560	24546	76.036	676	114	461
MN564931.1	k141_76560	24546	67.172	1386	286	394
MN564931.1	k141_76560	24546	73.960	553	118	332
MN564931.1	k141_76560	24546	80.833	240	43	224
MN564931.1	k141_76560	24546	79.911	224	45	202
MN564931.1	k141_76560	24546	86.310	168	23	200
MN564931.1	k141_76560	24546	75.177	282	68	187
MN564931.1	k141_76560	24546	86.093	151	18	172
MN564931.1	k141_76560	24546	90.400	125	11	168
MN564931.1	k141_76560	24546	90.400	125	11	168
MN564931.1	k141_76560	24546	81.879	149	21	149
MN564931.1	k141_76560	24546	78.519	135	23	101
MN564931.1	k141_79425	2216	90.176	1649	143	2225
MN564931.1	k141_79425	2216	90.176	1649	143	2225
MN564931.1	k141_79425	2216	77.215	316	62	237
MN564931.1	k141_79425	2216	100.000	79	0	143
MN564931.1	k141_83158	12891	81.645	1945	320	1896
MN564931.1	k141_83158	12891	77.752	2189	403	1720
MN564931.1	k141_83158	12891	76.264	2216	463	1597
MN564931.1	k141_83158	12891	78.502	1442	258	1174
MN564931.1	k141_83158	12891	75.562	1113	233	740
MN564931.1	k141_83158	12891	73.427	1208	240	728
MN564931.1	k141_83158	12891	85.811	148	21	173
MN564931.1	k141_83158	12891	81.633	49	9	49.1
MN564931.1	k141_31988	6096	72.976	877	206	470
MN564931.1	k141_31988	6096	72.976	877	206	470
MN564931.1	k141_31988	6096	86.787	333	39	403
MN564931.1	k141_31988	6096	77.580	281	61	216
MN564931.1	k141_31988	6096	77.580	281	61	216
MN564931.1	k141_31988	6096	86.667	60	8	73.4
MN564931.1	k141_31988	6096	86.667	60	8	73.4
MN564931.1	k141_66394	1794	73.872	532	128	325
MN564931.1	k141_66394	1794	73.872	532	128	325
MN564931.1	k141_30764	286	84.588	279	29	305
MN564931.1	k141_30764	286	84.588	279	29	305
MN564931.1	k141_50473	1889	76.093	343	61	228
MN564931.1	k141_50473	1889	76.093	343	61	228
MN564931.1	k141_11555	1332	67.931	580	155	205
MN564931.1	k141_30153	1453	88.321	137	8	165
MN564931.1	k141_30153	1453	76.847	203	24	144
MN564931.1	k141_30153	1453	81.955	133	16	135
MN564931.1	k141_30153	1453	80.851	47	9	45.5
MN564931.1	k141_11207	2269	94.521	73	4	114
MN564931.1	k141_56525	1193	80.303	132	15	113
MN564931.1	k141_50892	1788	88.764	89	9	113
MN564931.1	k141_82554	646	93.151	73	2	108
MN564931.1	k141_82554	646	93.151	73	2	108
MN564931.1	k141_82554	646	87.143	70	9	86.9
MN564931.1	k141_82554	646	87.143	70	9	86.9
MN564931.1	k141_71479	1445	85.263	95	10	108
MN564931.1	k141_71479	1445	85.263	95	10	108
MN564931.1	k141_65568	479	76.978	139	20	104
MN564931.1	k141_81998	675	80.909	110	16	104
MN564931.1	k141_37559	1715	77.444	133	28	98.7
MN564931.1	k141_83467	1170	84.091	88	14	96.9
MN564931.1	k141_71543	4328	75.194	129	23	88.7
MN564931.1	k141_43167	1243	80.899	89	17	85.1
MN564931.1	k141_38416	395	72.180	133	37	74.3
MN564931.1	k141_80072	830	87.719	57	7	72.5
MN564931.1	k141_23881	1445	78.333	60	13	50.9
NC_031651.1	k141_7043	19477	90.755	5084	302	7030
NC_031651.1	k141_7043	19477	90.755	5084	302	7030
NC_031651.1	k141_7043	19477	88.653	4010	263	5174
NC_031651.1	k141_7043	19477	88.653	4010	263	5174
NC_031651.1	k141_7043	19477	94.112	2989	144	4572
NC_031651.1	k141_7043	19477	94.112	2989	144	4572
NC_031651.1	k141_7043	19477	89.771	2268	125	3033
NC_031651.1	k141_7043	19477	89.771	2268	125	3033
NC_031651.1	k141_7043	19477	83.258	890	127	922
NC_031651.1	k141_7043	19477	83.258	890	127	922
NC_031651.1	k141_7043	19477	80.254	709	113	627
NC_031651.1	k141_7043	19477	88.303	436	41	553
NC_031651.1	k141_7043	19477	88.303	436	41	553
NC_031651.1	k141_7043	19477	86.822	387	36	473
NC_031651.1	k141_7043	19477	86.822	387	36	473
NC_031651.1	k141_7043	19477	78.016	514	63	414
NC_031651.1	k141_7043	19477	78.016	514	63	414
NC_031651.1	k141_7043	19477	85.135	222	19	247
NC_031651.1	k141_7043	19477	85.135	222	19	247
NC_031651.1	k141_7043	19477	72.086	326	64	171
NC_031651.1	k141_7043	19477	76.884	199	35	149
NC_031651.1	k141_7043	19477	100.000	39	0	71.6
NC_031651.1	k141_7043	19477	88.679	53	5	66.2
NC_031651.1	k141_7043	19477	88.679	53	5	66.2
NC_031651.1	k141_75621	56903	87.738	5415	585	6744
NC_031651.1	k141_75621	56903	82.963	3868	557	4007
NC_031651.1	k141_75621	56903	90.796	2499	230	3470
NC_031651.1	k141_75621	56903	80.813	3372	548	3146
NC_031651.1	k141_75621	56903	79.788	3117	477	2789
NC_031651.1	k141_75621	56903	81.515	2310	377	2232
NC_031651.1	k141_75621	56903	86.113	1505	209	1773
NC_031651.1	k141_75621	56903	82.803	1727	253	1766
NC_031651.1	k141_75621	56903	82.069	1779	260	1765
NC_031651.1	k141_75621	56903	91.359	1192	98	1673
NC_031651.1	k141_75621	56903	77.724	2083	298	1608
NC_031651.1	k141_75621	56903	76.292	2206	449	1602
NC_031651.1	k141_75621	56903	69.202	2406	603	925
NC_031651.1	k141_75621	56903	82.991	682	111	703
NC_031651.1	k141_75621	56903	79.873	631	104	533
NC_031651.1	k141_75621	56903	73.616	849	119	495
NC_031651.1	k141_75621	56903	69.363	1224	209	491
NC_031651.1	k141_75621	56903	89.590	317	27	420
NC_031651.1	k141_75621	56903	74.643	631	130	395
NC_031651.1	k141_75621	56903	81.186	388	38	353
NC_031651.1	k141_75621	56903	80.780	359	53	324
NC_031651.1	k141_75621	56903	88.843	242	17	306
NC_031651.1	k141_75621	56903	76.570	414	58	291
NC_031651.1	k141_75621	56903	77.083	336	50	257
NC_031651.1	k141_75621	56903	76.508	315	55	234
NC_031651.1	k141_75621	56903	83.824	204	28	211
NC_031651.1	k141_75621	56903	75.000	312	66	209
NC_031651.1	k141_75621	56903	91.176	136	12	192
NC_031651.1	k141_75621	56903	91.176	136	12	192
NC_031651.1	k141_75621	56903	81.026	195	25	178
NC_031651.1	k141_75621	56903	91.453	117	8	159
NC_031651.1	k141_75621	56903	86.508	126	11	152
NC_031651.1	k141_75621	56903	87.603	121	10	151
NC_031651.1	k141_75621	56903	92.473	93	7	137
NC_031651.1	k141_75621	56903	97.468	79	2	134
NC_031651.1	k141_75621	56903	77.576	165	37	132
NC_031651.1	k141_75621	56903	76.923	169	33	122
NC_031651.1	k141_75621	56903	94.737	76	4	120
NC_031651.1	k141_75621	56903	90.588	85	8	118
NC_031651.1	k141_75621	56903	93.506	77	5	117
NC_031651.1	k141_75621	56903	80.000	100	20	91.5
NC_031651.1	k141_75621	56903	80.000	100	20	91.5
NC_031651.1	k141_75621	56903	76.471	119	28	89.7
NC_031651.1	k141_75621	56903	90.000	50	5	68.9
NC_031651.1	k141_75621	56903	92.308	39	3	58.1
NC_031651.1	k141_75621	56903	92.308	39	3	58.1
NC_031651.1	k141_75621	56903	67.647	170	53	52.7
NC_031651.1	k141_75621	56903	75.714	70	17	50.9
NC_031651.1	k141_75621	56903	77.143	70	10	47.3
NC_031651.1	k141_75621	56903	82.051	39	7	40.1
NC_031651.1	k141_76560	24546	77.889	7521	1190	6011
NC_031651.1	k141_76560	24546	78.197	1963	360	1582
NC_031651.1	k141_76560	24546	87.579	950	107	1169
NC_031651.1	k141_76560	24546	80.553	1013	152	917
NC_031651.1	k141_76560	24546	81.231	666	115	634
NC_031651.1	k141_76560	24546	73.620	1069	217	612
NC_031651.1	k141_76560	24546	72.495	1018	170	543
NC_031651.1	k141_76560	24546	68.922	1419	306	540
NC_031651.1	k141_76560	24546	80.081	492	83	442
NC_031651.1	k141_76560	24546	77.579	504	94	390
NC_031651.1	k141_76560	24546	85.417	240	32	274
NC_031651.1	k141_76560	24546	77.441	297	67	234
NC_031651.1	k141_76560	24546	77.316	313	60	219
NC_031651.1	k141_76560	24546	86.034	179	24	207
NC_031651.1	k141_76560	24546	87.342	158	20	196
NC_031651.1	k141_76560	24546	88.060	134	15	167
NC_031651.1	k141_76560	24546	88.060	134	15	167
NC_031651.1	k141_76560	24546	80.328	183	28	162
NC_031651.1	k141_76560	24546	75.124	201	36	141
NC_031651.1	k141_76560	24546	85.915	71	10	84.2
NC_031651.1	k141_79425	2216	90.904	1726	128	2382
NC_031651.1	k141_79425	2216	92.326	1642	115	2377
NC_031651.1	k141_79425	2216	80.707	311	49	283
NC_031651.1	k141_79425	2216	98.182	55	1	96.0
NC_031651.1	k141_83158	12891	82.738	1987	293	2024
NC_031651.1	k141_83158	12891	77.635	2182	376	1733
NC_031651.1	k141_83158	12891	76.686	2239	473	1662
NC_031651.1	k141_83158	12891	80.138	1445	243	1294
NC_031651.1	k141_83158	12891	76.667	1140	200	836
NC_031651.1	k141_83158	12891	73.906	1188	238	729
NC_031651.1	k141_83158	12891	87.234	141	18	174
NC_031651.1	k141_83158	12891	72.874	247	44	142
NC_031651.1	k141_83158	12891	83.673	49	8	53.6
NC_031651.1	k141_31988	6096	73.182	880	199	476
NC_031651.1	k141_31988	6096	73.182	880	199	476
NC_031651.1	k141_31988	6096	85.586	333	43	385
NC_031651.1	k141_31988	6096	77.580	281	61	216
NC_031651.1	k141_31988	6096	77.580	281	61	216
NC_031651.1	k141_31988	6096	86.667	60	8	73.4
NC_031651.1	k141_31988	6096	86.667	60	8	73.4
NC_031651.1	k141_30764	286	88.889	279	30	361
NC_031651.1	k141_30764	286	88.889	279	30	361
NC_031651.1	k141_66394	1794	74.248	532	126	334
NC_031651.1	k141_66394	1794	74.248	532	126	334
NC_031651.1	k141_50473	1889	74.927	343	65	219
NC_031651.1	k141_50473	1889	74.927	343	65	219
NC_031651.1	k141_11555	1332	66.717	658	182	193
NC_031651.1	k141_30153	1453	90.580	138	6	188
NC_031651.1	k141_30153	1453	77.500	200	30	154
NC_031651.1	k141_30153	1453	96.104	77	3	126
NC_031651.1	k141_30153	1453	76.768	99	20	74.3
NC_031651.1	k141_30153	1453	91.429	35	3	50.9
NC_031651.1	k141_50892	1788	77.249	189	38	143
NC_031651.1	k141_49932	1356	86.607	112	13	128
NC_031651.1	k141_49932	1356	86.607	112	13	128
NC_031651.1	k141_83467	1170	84.762	105	16	118
NC_031651.1	k141_56525	1193	79.675	123	16	109
NC_031651.1	k141_11207	2269	90.909	77	7	108
NC_031651.1	k141_82554	646	93.151	73	2	108
NC_031651.1	k141_82554	646	93.151	73	2	108
NC_031651.1	k141_82554	646	88.679	53	5	66.2
NC_031651.1	k141_82554	646	88.679	53	5	66.2
NC_031651.1	k141_71479	1445	85.263	95	10	108
NC_031651.1	k141_71479	1445	85.263	95	10	108
NC_031651.1	k141_81998	675	80.909	110	16	104
NC_031651.1	k141_65568	479	75.540	139	22	100
NC_031651.1	k141_37559	1715	87.324	71	9	88.7
NC_031651.1	k141_80072	830	92.982	57	4	86.0
NC_031651.1	k141_71543	4328	74.419	129	24	84.2
NC_031651.1	k141_38416	395	75.455	110	27	77.9
NC_031651.1	k141_36334	4822	85.185	54	8	62.6
NC_031651.1	k141_23881	1445	81.667	60	11	59.9
NC_031651.1	k141_31555	1434	81.395	43	8	42.8
MW366789.1	k141_75621	56903	89.740	5312	471	7100
MW366789.1	k141_75621	56903	89.740	5312	471	7100
MW366789.1	k141_75621	56903	85.731	3518	382	4041
MW366789.1	k141_75621	56903	81.096	3978	634	3769
MW366789.1	k141_75621	56903	80.845	3362	542	3158
MW366789.1	k141_75621	56903	78.933	3541	590	2961
MW366789.1	k141_75621	56903	79.322	3482	584	2949
MW366789.1	k141_75621	56903	77.646	3288	575	2553
MW366789.1	k141_75621	56903	80.492	2481	389	2266
MW366789.1	k141_75621	56903	86.162	1691	196	1962
MW366789.1	k141_75621	56903	81.345	2037	319	1953
MW366789.1	k141_75621	56903	78.320	1762	278	1383
MW366789.1	k141_75621	56903	79.497	1034	152	883
MW366789.1	k141_75621	56903	72.208	1155	251	627
MW366789.1	k141_75621	56903	74.091	880	150	567
MW366789.1	k141_75621	56903	75.483	828	118	552
MW366789.1	k141_75621	56903	73.945	687	110	427
MW366789.1	k141_75621	56903	73.878	735	127	407
MW366789.1	k141_75621	56903	88.997	309	27	402
MW366789.1	k141_75621	56903	74.286	560	115	334
MW366789.1	k141_75621	56903	71.170	718	123	312
MW366789.1	k141_75621	56903	87.983	233	25	293
MW366789.1	k141_75621	56903	88.889	225	20	280
MW366789.1	k141_75621	56903	78.273	359	62	275
MW366789.1	k141_75621	56903	82.657	271	34	271
MW366789.1	k141_75621	56903	78.929	280	59	240
MW366789.1	k141_75621	56903	83.981	206	30	217
MW366789.1	k141_75621	56903	73.842	367	57	206
MW366789.1	k141_75621	56903	73.926	326	54	202
MW366789.1	k141_75621	56903	90.265	113	11	155
MW366789.1	k141_75621	56903	93.269	104	5	154
MW366789.1	k141_75621	56903	83.544	158	17	154
MW366789.1	k141_75621	56903	91.753	97	8	140
MW366789.1	k141_75621	56903	73.307	251	40	135
MW366789.1	k141_75621	56903	97.436	78	2	132
MW366789.1	k141_75621	56903	77.011	174	33	132
MW366789.1	k141_75621	56903	88.298	94	11	121
MW366789.1	k141_75621	56903	68.111	323	87	111
MW366789.1	k141_75621	56903	68.111	323	87	111
MW366789.1	k141_75621	56903	91.892	74	5	104
MW366789.1	k141_75621	56903	91.892	74	5	104
MW366789.1	k141_75621	56903	74.251	167	39	103
MW366789.1	k141_75621	56903	74.251	167	39	103
MW366789.1	k141_75621	56903	88.312	77	9	99.6
MW366789.1	k141_75621	56903	78.125	128	26	98.7
MW366789.1	k141_75621	56903	80.000	100	20	91.5
MW366789.1	k141_75621	56903	80.000	100	20	91.5
MW366789.1	k141_75621	56903	88.060	67	8	86.0
MW366789.1	k141_75621	56903	88.060	67	8	86.0
MW366789.1	k141_75621	56903	89.286	56	6	75.2
MW366789.1	k141_75621	56903	86.207	58	7	66.2
MW366789.1	k141_75621	56903	86.207	58	7	66.2
MW366789.1	k141_75621	56903	74.419	86	16	53.6
MW366789.1	k141_75621	56903	67.647	170	53	52.7
MW366789.1	k141_75621	56903	67.647	170	53	52.7
MW366789.1	k141_75621	56903	66.492	191	62	50.0
MW366789.1	k141_75621	56903	66.492	191	62	50.0
MW366789.1	k141_75621	56903	79.245	53	11	47.3
MW366789.1	k141_75621	56903	79.245	53	11	47.3
MW366789.1	k141_75621	56903	77.551	49	11	40.1
MW366789.1	k141_7043	19477	88.848	5147	397	6701
MW366789.1	k141_7043	19477	88.848	5147	397	6701
MW366789.1	k141_7043	19477	92.259	2997	156	4329
MW366789.1	k141_7043	19477	92.259	2997	156	4329
MW366789.1	k141_7043	19477	89.042	2254	155	2904
MW366789.1	k141_7043	19477	89.042	2254	155	2904
MW366789.1	k141_7043	19477	91.340	1813	104	2561
MW366789.1	k141_7043	19477	91.340	1813	104	2561
MW366789.1	k141_7043	19477	83.262	705	62	764
MW366789.1	k141_7043	19477	83.262	705	62	764
MW366789.1	k141_7043	19477	84.700	634	51	703
MW366789.1	k141_7043	19477	84.700	634	51	703
MW366789.1	k141_7043	19477	80.556	540	41	514
MW366789.1	k141_7043	19477	87.943	282	27	358
MW366789.1	k141_7043	19477	87.943	282	27	358
MW366789.1	k141_7043	19477	96.377	138	5	227
MW366789.1	k141_7043	19477	96.377	138	5	227
MW366789.1	k141_7043	19477	86.592	179	20	214
MW366789.1	k141_7043	19477	86.592	179	20	214
MW366789.1	k141_7043	19477	92.414	145	11	213
MW366789.1	k141_7043	19477	92.414	145	11	213
MW366789.1	k141_7043	19477	74.516	310	42	201
MW366789.1	k141_7043	19477	85.876	177	23	200
MW366789.1	k141_7043	19477	85.876	177	23	200
MW366789.1	k141_7043	19477	86.420	162	19	194
MW366789.1	k141_7043	19477	86.420	162	19	192
MW366789.1	k141_7043	19477	84.397	141	13	159
MW366789.1	k141_7043	19477	84.397	141	13	159
MW366789.1	k141_7043	19477	93.103	87	6	131
MW366789.1	k141_7043	19477	93.103	87	6	131
MW366789.1	k141_7043	19477	87.342	79	5	98.7
MW366789.1	k141_7043	19477	87.342	79	5	98.7
MW366789.1	k141_7043	19477	88.060	67	8	86.0
MW366789.1	k141_7043	19477	88.060	67	8	86.0
MW366789.1	k141_7043	19477	93.878	49	3	76.1
MW366789.1	k141_7043	19477	93.878	49	3	76.1
MW366789.1	k141_7043	19477	93.878	49	3	76.1
MW366789.1	k141_7043	19477	90.909	44	4	62.6
MW366789.1	k141_76560	24546	80.314	5862	806	5314
MW366789.1	k141_76560	24546	80.396	2020	340	1828
MW366789.1	k141_76560	24546	72.346	3146	598	1691
MW366789.1	k141_76560	24546	87.947	1062	109	1333
MW366789.1	k141_76560	24546	76.349	964	141	691
MW366789.1	k141_76560	24546	79.880	666	129	589
MW366789.1	k141_76560	24546	78.947	551	97	434
MW366789.1	k141_76560	24546	75.680	588	114	402
MW366789.1	k141_76560	24546	79.856	417	51	368
MW366789.1	k141_76560	24546	79.856	417	51	368
MW366789.1	k141_76560	24546	73.091	550	108	339
MW366789.1	k141_76560	24546	76.855	337	62	244
MW366789.1	k141_76560	24546	75.490	306	45	205
MW366789.1	k141_76560	24546	79.424	243	37	198
MW366789.1	k141_76560	24546	67.763	608	177	195
MW366789.1	k141_76560	24546	67.763	608	177	195
MW366789.1	k141_76560	24546	68.777	458	117	169
MW366789.1	k141_76560	24546	83.333	150	25	159
MW366789.1	k141_76560	24546	75.510	196	38	133
MW366789.1	k141_76560	24546	82.576	132	15	133
MW366789.1	k141_76560	24546	82.576	132	15	133
MW366789.1	k141_76560	24546	75.148	169	37	112
MW366789.1	k141_83158	12891	82.423	3863	503	3925
MW366789.1	k141_83158	12891	82.423	3863	503	3925
MW366789.1	k141_83158	12891	77.902	2688	492	2140
MW366789.1	k141_83158	12891	77.118	2325	489	1780
MW366789.1	k141_83158	12891	77.072	1134	200	892
MW366789.1	k141_83158	12891	82.507	686	110	683
MW366789.1	k141_83158	12891	82.507	686	110	683
MW366789.1	k141_83158	12891	87.234	141	18	174
MW366789.1	k141_83158	12891	87.234	141	18	174
MW366789.1	k141_83158	12891	79.851	134	26	117
MW366789.1	k141_83158	12891	81.633	49	9	49.1
MW366789.1	k141_79425	2216	86.658	2196	209	2644
MW366789.1	k141_79425	2216	86.612	2196	210	2639
MW366789.1	k141_31988	6096	72.116	893	200	443
MW366789.1	k141_31988	6096	72.116	893	200	443
MW366789.1	k141_31988	6096	85.241	332	44	379
MW366789.1	k141_31988	6096	90.000	60	6	82.4
MW366789.1	k141_31988	6096	90.000	60	6	82.4
MW366789.1	k141_31988	6096	88.333	60	7	77.9
MW366789.1	k141_31988	6096	88.333	60	7	77.9
MW366789.1	k141_30153	1453	72.890	616	107	327
MW366789.1	k141_30153	1453	86.096	187	20	217
MW366789.1	k141_30153	1453	67.949	156	37	50.9
MW366789.1	k141_66394	1794	73.321	536	124	322
MW366789.1	k141_66394	1794	73.321	536	124	322
MW366789.1	k141_50473	1889	76.676	343	61	231
MW366789.1	k141_50473	1889	76.676	343	61	231
MW366789.1	k141_30764	286	79.464	224	28	196
MW366789.1	k141_30764	286	79.464	224	28	196
MW366789.1	k141_11555	1332	66.824	636	170	179
MW366789.1	k141_50892	1788	90.083	121	12	165
MW366789.1	k141_65568	479	82.734	139	18	140
MW366789.1	k141_83467	1170	88.571	105	12	136
MW366789.1	k141_81998	675	84.259	108	12	119
MW366789.1	k141_43167	1243	86.813	91	12	111
MW366789.1	k141_11207	2269	91.026	78	6	106
MW366789.1	k141_82554	646	87.500	80	3	97.8
MW366789.1	k141_82554	646	87.500	80	3	97.8
MW366789.1	k141_5888	604	75.940	133	25	94.2
MW366789.1	k141_5888	604	75.940	133	25	94.2
MW366789.1	k141_80072	830	89.286	56	6	75.2
MW366789.1	k141_38416	395	71.429	140	40	73.4
MW366789.1	k141_23881	1445	85.000	60	9	68.9
MW366789.1	k141_57135	1640	85.455	55	8	64.4
MW366789.1	k141_80355	322	89.189	37	4	50.0
MW366789.1	k141_24367	921	86.111	36	5	43.7
KT899950.1	k141_7043	19477	92.525	5070	239	7404
KT899950.1	k141_7043	19477	92.525	5070	239	7404
KT899950.1	k141_7043	19477	90.427	4074	201	5611
KT899950.1	k141_7043	19477	90.427	4074	201	5611
KT899950.1	k141_7043	19477	94.957	2994	106	4701
KT899950.1	k141_7043	19477	94.957	2994	106	4701
KT899950.1	k141_7043	19477	90.359	2282	119	3103
KT899950.1	k141_7043	19477	90.359	2282	119	3103
KT899950.1	k141_7043	19477	83.918	883	128	948
KT899950.1	k141_7043	19477	83.918	883	128	948
KT899950.1	k141_7043	19477	78.571	840	94	732
KT899950.1	k141_7043	19477	78.571	840	94	732
KT899950.1	k141_7043	19477	79.149	705	102	623
KT899950.1	k141_7043	19477	89.450	436	36	575
KT899950.1	k141_7043	19477	89.450	436	36	575
KT899950.1	k141_7043	19477	87.918	389	32	495
KT899950.1	k141_7043	19477	87.918	389	32	495
KT899950.1	k141_7043	19477	91.441	222	15	315
KT899950.1	k141_7043	19477	91.441	222	15	315
KT899950.1	k141_7043	19477	75.066	381	68	257
KT899950.1	k141_7043	19477	92.453	53	3	75.2
KT899950.1	k141_7043	19477	92.453	53	3	75.2
KT899950.1	k141_7043	19477	91.111	45	4	64.4
KT899950.1	k141_75621	56903	89.611	5429	487	7219
KT899950.1	k141_75621	56903	85.063	4017	509	4536
KT899950.1	k141_75621	56903	85.451	3416	341	3930
KT899950.1	k141_75621	56903	83.527	3357	471	3572
KT899950.1	k141_75621	56903	81.528	3416	489	3268
KT899950.1	k141_75621	56903	80.086	3244	522	2879
KT899950.1	k141_75621	56903	78.345	3288	572	2684
KT899950.1	k141_75621	56903	87.325	1925	232	2370
KT899950.1	k141_75621	56903	80.905	2299	313	2141
KT899950.1	k141_75621	56903	79.739	2221	269	1942
KT899950.1	k141_75621	56903	85.529	1693	216	1935
KT899950.1	k141_75621	56903	88.736	870	86	1125
KT899950.1	k141_75621	56903	78.649	1110	173	906
KT899950.1	k141_75621	56903	78.210	1028	137	824
KT899950.1	k141_75621	56903	71.355	1351	214	682
KT899950.1	k141_75621	56903	75.988	658	90	460
KT899950.1	k141_75621	56903	89.091	330	31	429
KT899950.1	k141_75621	56903	73.661	672	111	398
KT899950.1	k141_75621	56903	75.336	596	83	385
KT899950.1	k141_75621	56903	80.939	362	39	338
KT899950.1	k141_75621	56903	78.684	380	50	317
KT899950.1	k141_75621	56903	71.795	507	68	293
KT899950.1	k141_75621	56903	79.751	321	45	278
KT899950.1	k141_75621	56903	88.889	207	16	272
KT899950.1	k141_75621	56903	75.434	403	71	266
KT899950.1	k141_75621	56903	77.044	318	55	248
KT899950.1	k141_75621	56903	95.745	141	6	228
KT899950.1	k141_75621	56903	90.441	136	13	187
KT899950.1	k141_75621	56903	90.441	136	13	187
KT899950.1	k141_75621	56903	84.906	159	17	177
KT899950.1	k141_75621	56903	86.029	136	17	153
KT899950.1	k141_75621	56903	75.814	215	49	148
KT899950.1	k141_75621	56903	91.089	101	9	142
KT899950.1	k141_75621	56903	72.201	259	55	132
KT899950.1	k141_75621	56903	87.255	102	9	125
KT899950.1	k141_75621	56903	74.566	173	30	113
KT899950.1	k141_75621	56903	75.641	156	38	111
KT899950.1	k141_75621	56903	67.372	331	90	104
KT899950.1	k141_75621	56903	82.000	100	18	100
KT899950.1	k141_75621	56903	82.000	100	18	100
KT899950.1	k141_75621	56903	77.358	106	22	81.5
KT899950.1	k141_75621	56903	70.064	157	45	65.3
KT899950.1	k141_75621	56903	78.571	70	15	59.9
KT899950.1	k141_75621	56903	92.308	39	3	58.1
KT899950.1	k141_75621	56903	92.308	39	3	58.1
KT899950.1	k141_76560	24546	79.037	8353	1116	7148
KT899950.1	k141_76560	24546	81.630	2123	323	2055
KT899950.1	k141_76560	24546	78.553	1921	325	1578
KT899950.1	k141_76560	24546	89.255	1061	97	1397
KT899950.1	k141_76560	24546	75.000	1800	304	1174
KT899950.1	k141_76560	24546	73.448	1450	221	870
KT899950.1	k141_76560	24546	71.819	1391	237	742
KT899950.1	k141_76560	24546	81.704	716	110	698
KT899950.1	k141_76560	24546	76.399	572	90	437
KT899950.1	k141_76560	24546	78.448	348	57	284
KT899950.1	k141_76560	24546	85.650	223	32	259
KT899950.1	k141_76560	24546	79.286	280	58	244
KT899950.1	k141_76560	24546	86.047	172	22	200
KT899950.1	k141_76560	24546	88.028	142	15	173
KT899950.1	k141_76560	24546	88.028	142	15	173
KT899950.1	k141_79425	2216	93.008	1702	88	2526
KT899950.1	k141_79425	2216	93.008	1702	88	2526
KT899950.1	k141_79425	2216	79.299	314	56	269
KT899950.1	k141_79425	2216	94.393	107	6	167
KT899950.1	k141_83158	12891	85.355	1987	269	2265
KT899950.1	k141_83158	12891	80.051	2361	406	2126
KT899950.1	k141_83158	12891	80.512	2186	344	1988
KT899950.1	k141_83158	12891	83.450	1426	210	1482
KT899950.1	k141_83158	12891	78.424	1256	226	1031
KT899950.1	k141_83158	12891	84.727	550	83	610
KT899950.1	k141_83158	12891	84.461	399	59	439
KT899950.1	k141_83158	12891	85.816	141	20	165
KT899950.1	k141_83158	12891	79.592	49	10	44.6
KT899950.1	k141_31988	6096	73.318	877	203	483
KT899950.1	k141_31988	6096	73.318	877	203	483
KT899950.1	k141_31988	6096	85.143	350	45	390
KT899950.1	k141_31988	6096	77.580	281	61	216
KT899950.1	k141_31988	6096	77.580	281	61	216
KT899950.1	k141_31988	6096	86.667	60	8	73.4
KT899950.1	k141_31988	6096	86.667	60	8	73.4
KT899950.1	k141_30764	286	88.502	287	31	362
KT899950.1	k141_30764	286	88.502	287	31	362
KT899950.1	k141_66394	1794	74.248	532	126	334
KT899950.1	k141_66394	1794	74.248	532	126	334
KT899950.1	k141_30153	1453	88.764	178	6	231
KT899950.1	k141_30153	1453	79.263	217	34	186
KT899950.1	k141_30153	1453	86.207	116	9	135
KT899950.1	k141_30153	1453	92.593	54	4	80.6
KT899950.1	k141_50473	1889	75.793	347	55	229
KT899950.1	k141_50473	1889	75.793	347	55	229
KT899950.1	k141_11555	1332	66.112	661	181	172
KT899950.1	k141_65568	479	85.612	139	14	158
KT899950.1	k141_71479	1445	94.737	95	5	150
KT899950.1	k141_71479	1445	94.737	95	5	150
KT899950.1	k141_50892	1788	82.192	146	16	147
KT899950.1	k141_50892	1788	85.000	60	9	68.9
KT899950.1	k141_56525	1193	83.333	138	9	145
KT899950.1	k141_49932	1356	83.929	112	16	119
KT899950.1	k141_49932	1356	83.929	112	16	119
KT899950.1	k141_83467	1170	84.762	105	16	118
KT899950.1	k141_81998	675	83.636	110	13	118
KT899950.1	k141_11207	2269	93.506	77	5	117
KT899950.1	k141_22574	2544	80.833	120	18	113
KT899950.1	k141_82554	646	92.000	75	4	102
KT899950.1	k141_82554	646	92.000	75	4	102
KT899950.1	k141_82554	646	92.453	53	3	75.2
KT899950.1	k141_82554	646	92.453	53	3	75.2
KT899950.1	k141_43167	1243	83.333	90	15	96.0
KT899950.1	k141_71543	4328	75.000	128	23	86.9
KT899950.1	k141_80072	830	91.228	57	5	81.5
KT899950.1	k141_38416	395	74.545	110	28	73.4
KT899950.1	k141_5888	604	84.483	58	9	65.3
KT899950.1	k141_23881	1445	81.667	60	11	59.9
GU191334.1	k141_75621	56903	81.114	4543	856	4318
GU191334.1	k141_75621	56903	83.238	2458	409	2565
GU191334.1	k141_75621	56903	81.985	1421	256	1409
GU191334.1	k141_75621	56903	78.261	1702	364	1385
GU191334.1	k141_75621	56903	88.132	1087	127	1377
GU191334.1	k141_75621	56903	68.119	3717	1031	1225
GU191334.1	k141_75621	56903	75.249	1709	390	1156
GU191334.1	k141_75621	56903	73.742	914	214	554
GU191334.1	k141_75621	56903	70.507	1224	322	553
GU191334.1	k141_75621	56903	68.811	1430	405	547
GU191334.1	k141_75621	56903	75.882	709	162	494
GU191334.1	k141_75621	56903	74.641	627	113	398
GU191334.1	k141_75621	56903	76.082	439	97	308
GU191334.1	k141_75621	56903	69.487	721	203	288
GU191334.1	k141_75621	56903	84.146	246	39	269
GU191334.1	k141_75621	56903	66.866	670	218	194
GU191334.1	k141_75621	56903	78.261	207	37	169
GU191334.1	k141_75621	56903	78.723	188	40	159
GU191334.1	k141_75621	56903	79.762	168	27	143
GU191334.1	k141_75621	56903	83.077	130	22	136
GU191334.1	k141_75621	56903	97.297	74	2	125
GU191334.1	k141_75621	56903	96.053	76	3	124
GU191334.1	k141_75621	56903	95.890	73	3	119
GU191334.1	k141_75621	56903	94.667	75	4	118
GU191334.1	k141_75621	56903	92.405	79	6	116
GU191334.1	k141_75621	56903	89.773	88	8	115
GU191334.1	k141_75621	56903	93.151	73	5	110
GU191334.1	k141_75621	56903	83.333	108	13	110
GU191334.1	k141_75621	56903	89.157	83	9	110
GU191334.1	k141_75621	56903	77.273	132	30	104
GU191334.1	k141_75621	56903	81.651	109	19	104
GU191334.1	k141_75621	56903	92.754	69	5	103
GU191334.1	k141_75621	56903	77.778	126	28	102
GU191334.1	k141_75621	56903	90.411	73	7	101
GU191334.1	k141_75621	56903	78.014	141	23	100
GU191334.1	k141_75621	56903	79.339	121	16	96.9
GU191334.1	k141_75621	56903	88.000	75	9	96.0
GU191334.1	k141_75621	56903	64.990	517	161	95.1
GU191334.1	k141_75621	56903	81.176	85	16	82.4
GU191334.1	k141_75621	56903	79.070	86	18	75.2
GU191334.1	k141_75621	56903	64.706	221	32	71.6
GU191334.1	k141_75621	56903	80.822	73	14	69.8
GU191334.1	k141_75621	56903	85.965	57	5	66.2
GU191334.1	k141_75621	56903	88.636	44	5	58.1
GU191334.1	k141_75621	56903	65.741	216	74	57.2
GU191334.1	k141_75621	56903	80.357	56	11	52.7
GU191334.1	k141_7043	19477	85.047	2675	261	2944
GU191334.1	k141_7043	19477	85.047	2675	261	2944
GU191334.1	k141_7043	19477	87.565	1914	165	2382
GU191334.1	k141_7043	19477	87.565	1914	165	2382
GU191334.1	k141_7043	19477	86.203	1841	190	2134
GU191334.1	k141_7043	19477	86.203	1841	190	2134
GU191334.1	k141_7043	19477	79.299	942	150	807
GU191334.1	k141_7043	19477	79.299	942	150	807
GU191334.1	k141_7043	19477	76.126	666	152	473
GU191334.1	k141_7043	19477	79.755	326	66	291
GU191334.1	k141_7043	19477	72.137	524	146	288
GU191334.1	k141_7043	19477	73.684	437	112	264
GU191334.1	k141_7043	19477	79.032	310	61	252
GU191334.1	k141_7043	19477	95.946	74	3	121
GU191334.1	k141_7043	19477	95.946	74	3	121
GU191334.1	k141_7043	19477	89.286	84	9	112
GU191334.1	k141_7043	19477	89.333	75	8	100
GU191334.1	k141_7043	19477	89.333	75	8	100
GU191334.1	k141_7043	19477	85.526	76	11	88.7
GU191334.1	k141_7043	19477	78.947	95	19	78.8
GU191334.1	k141_7043	19477	86.667	45	6	55.4
GU191334.1	k141_76560	24546	80.974	1540	291	1450
GU191334.1	k141_76560	24546	81.188	707	130	670
GU191334.1	k141_76560	24546	76.477	897	202	644
GU191334.1	k141_76560	24546	75.831	782	157	543
GU191334.1	k141_76560	24546	81.541	558	96	531
GU191334.1	k141_76560	24546	78.132	471	103	386
GU191334.1	k141_76560	24546	66.550	1142	322	311
GU191334.1	k141_76560	24546	67.271	938	280	288
GU191334.1	k141_76560	24546	70.518	502	142	226
GU191334.1	k141_76560	24546	66.524	466	112	146
GU191334.1	k141_76560	24546	71.379	290	81	142
GU191334.1	k141_76560	24546	67.991	428	131	142
GU191334.1	k141_76560	24546	80.000	150	30	136
GU191334.1	k141_76560	24546	90.323	93	9	128
GU191334.1	k141_76560	24546	66.749	406	133	117
GU191334.1	k141_76560	24546	91.250	80	7	113
GU191334.1	k141_76560	24546	77.372	137	24	105
GU191334.1	k141_76560	24546	79.487	117	24	104
GU191334.1	k141_76560	24546	74.815	135	31	89.7
GU191334.1	k141_76560	24546	79.167	72	15	63.5
GU191334.1	k141_76560	24546	76.250	80	19	59.9
GU191334.1	k141_76560	24546	79.032	62	13	54.5
GU191334.1	k141_76560	24546	80.357	56	11	52.7
GU191334.1	k141_76560	24546	65.550	209	68	43.7
GU191334.1	k141_83158	12891	75.016	1589	374	1039
GU191334.1	k141_83158	12891	71.319	1827	487	917
GU191334.1	k141_83158	12891	74.707	1111	273	736
GU191334.1	k141_83158	12891	74.533	1178	270	714
GU191334.1	k141_83158	12891	67.069	829	218	220
GU191334.1	k141_83158	12891	74.086	301	74	187
GU191334.1	k141_83158	12891	80.272	147	29	135
GU191334.1	k141_83158	12891	92.771	83	6	123
GU191334.1	k141_83158	12891	72.881	177	48	104
GU191334.1	k141_83158	12891	76.364	110	26	82.4
GU191334.1	k141_83158	12891	82.500	40	7	41.9
GU191334.1	k141_31988	6096	73.206	892	200	486
GU191334.1	k141_31988	6096	73.206	892	200	486
GU191334.1	k141_31988	6096	75.831	331	75	237
GU191334.1	k141_31988	6096	77.224	281	62	212
GU191334.1	k141_31988	6096	77.224	281	62	212
GU191334.1	k141_31988	6096	88.333	60	7	77.9
GU191334.1	k141_31988	6096	88.333	60	7	77.9
GU191334.1	k141_66394	1794	74.011	531	129	326
GU191334.1	k141_66394	1794	74.011	531	129	326
GU191334.1	k141_79425	2216	71.073	522	138	260
GU191334.1	k141_79425	2216	77.315	216	49	169
GU191334.1	k141_79425	2216	70.670	358	94	142
GU191334.1	k141_11555	1332	68.730	630	154	233
GU191334.1	k141_50473	1889	74.783	345	62	217
GU191334.1	k141_50473	1889	74.783	345	62	217
GU191334.1	k141_11207	2269	97.297	74	2	125
GU191334.1	k141_30153	1453	100.000	69	0	125
GU191334.1	k141_30153	1453	89.011	91	7	118
GU191334.1	k141_83467	1170	84.091	88	14	96.9
GU191334.1	k141_14457	677	81.928	83	15	83.3
GU191334.1	k141_81998	675	74.528	106	22	70.7
GU191334.1	k141_38416	395	77.778	81	18	66.2
GU191334.1	k141_37559	1715	77.778	72	16	59.0
GU191334.1	k141_23881	1445	85.714	49	7	58.1
GU191334.1	k141_80072	830	82.143	56	10	57.2
GU191334.1	k141_53694	842	83.721	43	7	47.3
