MZ962720.1	k79_33	367	94.278	367	21	568
MZ962720.1	k79_33	367	94.278	367	21	568
MZ962720.1	k79_12	336	93.694	333	16	502
MZ962720.1	k79_12	336	93.694	333	16	502
MZ962720.1	k79_37	260	92.308	260	19	376
MZ962720.1	k79_37	260	92.308	260	19	376
MZ962720.1	k79_6	251	91.633	251	21	359
MZ962720.1	k79_35	275	80.426	235	31	222
MZ962720.1	k79_35	275	80.426	235	31	222
MZ962720.1	k79_15	240	79.565	230	37	199
MZ962720.1	k79_15	240	79.565	230	37	199
MZ962720.1	k79_16	244	78.409	176	38	147
MZ962720.1	k79_30	327	95.556	45	2	73.4
MH569081.1	k79_33	367	95.913	367	15	595
MH569081.1	k79_33	367	95.913	367	15	595
MH569081.1	k79_12	336	97.321	336	9	566
MH569081.1	k79_12	336	97.321	336	9	566
MH569081.1	k79_37	260	93.436	259	16	388
MH569081.1	k79_37	260	93.436	259	16	388
MH569081.1	k79_6	251	92.430	251	19	368
MH569081.1	k79_35	275	85.864	191	27	224
MH569081.1	k79_35	275	85.864	191	27	224
MH569081.1	k79_16	244	77.251	211	47	161
MH569081.1	k79_15	240	76.037	217	43	148
MH569081.1	k79_30	327	95.556	45	2	73.4
NC_033978.1	k79_33	367	98.365	367	6	636
NC_033978.1	k79_33	367	98.365	367	6	636
NC_033978.1	k79_12	336	100.000	336	0	607
NC_033978.1	k79_12	336	100.000	336	0	607
NC_033978.1	k79_24	293	96.503	286	10	471
NC_033978.1	k79_24	293	96.503	286	10	471
NC_033978.1	k79_22	275	96.000	275	11	447
NC_033978.1	k79_22	275	96.000	275	11	447
NC_033978.1	k79_6	251	96.016	251	10	408
NC_033978.1	k79_37	260	93.609	266	11	405
NC_033978.1	k79_37	260	93.609	266	11	405
NC_033978.1	k79_35	275	86.809	235	25	286
NC_033978.1	k79_16	244	85.020	247	31	280
NC_033978.1	k79_15	240	78.543	247	35	201
NC_033978.1	k79_45	280	79.661	118	22	103
NC_033978.1	k79_30	327	97.778	45	1	77.9
MW006668.1	k79_12	336	99.405	336	2	598
MW006668.1	k79_12	336	99.405	336	2	598
MW006668.1	k79_33	367	95.913	367	15	595
MW006668.1	k79_6	251	94.821	251	13	395
MW006668.1	k79_37	260	93.462	260	17	393
MW006668.1	k79_35	275	83.051	236	34	247
MW006668.1	k79_35	275	83.051	236	34	247
MW006668.1	k79_15	240	81.781	247	36	238
MW006668.1	k79_15	240	81.781	247	36	238
MW006668.1	k79_16	244	79.487	234	48	206
MW006668.1	k79_30	327	95.556	45	2	73.4
MW435436.1	k79_33	367	98.910	367	4	645
MW435436.1	k79_33	367	98.910	367	4	645
MW435436.1	k79_12	336	100.000	336	0	607
MW435436.1	k79_12	336	100.000	336	0	607
MW435436.1	k79_24	293	94.755	286	15	449
MW435436.1	k79_24	293	94.755	286	15	449
MW435436.1	k79_22	275	95.636	275	12	443
MW435436.1	k79_22	275	95.636	275	12	443
MW435436.1	k79_37	260	93.846	260	16	398
MW435436.1	k79_37	260	93.846	260	16	398
MW435436.1	k79_6	251	94.821	251	13	395
MW435436.1	k79_35	275	84.681	235	30	263
MW435436.1	k79_16	244	80.913	241	46	228
MW435436.1	k79_16	244	80.913	241	46	228
MW435436.1	k79_15	240	79.621	211	25	186
MW435436.1	k79_30	327	76.978	139	14	105
NC_037882.1	k79_33	367	98.093	367	7	631
NC_037882.1	k79_33	367	98.093	367	7	631
NC_037882.1	k79_12	336	100.000	336	0	607
NC_037882.1	k79_12	336	100.000	336	0	607
NC_037882.1	k79_24	293	96.154	286	11	467
NC_037882.1	k79_24	293	96.154	286	11	467
NC_037882.1	k79_22	275	96.000	275	11	447
NC_037882.1	k79_22	275	96.000	275	11	447
NC_037882.1	k79_37	260	96.923	260	8	434
NC_037882.1	k79_37	260	96.923	260	8	434
NC_037882.1	k79_6	251	94.422	251	14	390
NC_037882.1	k79_35	275	85.106	235	29	263
NC_037882.1	k79_16	244	82.186	247	38	244
NC_037882.1	k79_15	240	76.245	261	29	195
NC_037882.1	k79_30	327	97.778	45	1	77.9
NC_056190.1	k79_33	367	98.638	367	5	640
NC_056190.1	k79_33	367	98.638	367	5	640
NC_056190.1	k79_12	336	97.953	342	1	587
NC_056190.1	k79_12	336	97.953	342	1	587
NC_056190.1	k79_24	293	96.503	286	10	471
NC_056190.1	k79_24	293	96.503	286	10	471
NC_056190.1	k79_22	275	96.727	275	9	456
NC_056190.1	k79_22	275	96.727	275	9	456
NC_056190.1	k79_37	260	96.923	260	8	434
NC_056190.1	k79_37	260	96.923	260	8	434
NC_056190.1	k79_6	251	95.984	249	10	405
NC_056190.1	k79_35	275	81.818	275	39	272
NC_056190.1	k79_15	240	77.406	239	43	185
NC_056190.1	k79_30	327	96.667	60	1	96.9
MN564931.1	k79_33	367	98.093	367	7	631
MN564931.1	k79_33	367	98.093	367	7	631
MN564931.1	k79_12	336	99.702	336	1	602
MN564931.1	k79_12	336	99.702	336	1	602
MN564931.1	k79_37	260	94.942	257	13	406
MN564931.1	k79_37	260	94.942	257	13	406
MN564931.1	k79_6	251	93.625	251	16	381
MN564931.1	k79_24	293	88.060	268	32	340
MN564931.1	k79_24	293	88.060	268	32	340
MN564931.1	k79_16	244	83.402	241	40	255
MN564931.1	k79_35	275	80.687	233	30	223
MN564931.1	k79_22	275	87.097	155	11	194
MN564931.1	k79_22	275	87.097	155	11	194
MN564931.1	k79_15	240	81.043	211	26	191
MN564931.1	k79_30	327	95.455	44	2	71.6
NC_031651.1	k79_33	367	97.548	367	9	622
NC_031651.1	k79_33	367	97.548	367	9	622
NC_031651.1	k79_12	336	99.107	336	3	593
NC_031651.1	k79_12	336	99.107	336	3	593
NC_031651.1	k79_24	293	93.706	286	18	435
NC_031651.1	k79_24	293	93.706	286	18	435
NC_031651.1	k79_37	260	95.385	260	12	416
NC_031651.1	k79_37	260	95.385	260	12	416
NC_031651.1	k79_22	275	91.636	275	23	393
NC_031651.1	k79_22	275	91.636	275	23	393
NC_031651.1	k79_6	251	91.235	251	22	354
NC_031651.1	k79_35	275	82.890	263	34	269
NC_031651.1	k79_16	244	83.978	181	29	196
NC_031651.1	k79_15	240	75.566	221	32	153
NC_031651.1	k79_45	280	74.648	142	27	85.1
NC_031651.1	k79_30	327	97.778	45	1	77.9
MW366789.1	k79_33	367	91.293	379	21	542
MW366789.1	k79_33	367	91.293	379	21	542
MW366789.1	k79_12	336	89.881	336	19	462
MW366789.1	k79_12	336	89.881	336	19	462
MW366789.1	k79_6	251	92.829	251	18	372
MW366789.1	k79_6	251	92.829	251	18	372
MW366789.1	k79_37	260	90.385	260	24	353
MW366789.1	k79_37	260	90.385	260	24	353
MW366789.1	k79_35	275	83.333	234	33	248
MW366789.1	k79_35	275	83.333	234	33	248
MW366789.1	k79_15	240	81.132	212	30	198
MW366789.1	k79_15	240	81.132	212	30	198
MW366789.1	k79_16	244	78.571	182	37	146
MW366789.1	k79_30	327	91.111	45	4	64.4
KT899950.1	k79_33	367	97.275	367	10	618
KT899950.1	k79_33	367	97.275	367	10	618
KT899950.1	k79_12	336	98.512	336	4	581
KT899950.1	k79_12	336	98.512	336	4	581
KT899950.1	k79_24	293	92.657	286	21	422
KT899950.1	k79_24	293	92.657	286	21	422
KT899950.1	k79_37	260	94.615	260	14	407
KT899950.1	k79_37	260	94.615	260	14	407
KT899950.1	k79_22	275	91.273	275	24	389
KT899950.1	k79_22	275	91.273	275	24	389
KT899950.1	k79_6	251	92.829	251	18	372
KT899950.1	k79_35	275	84.454	238	31	264
KT899950.1	k79_16	244	83.243	185	31	195
KT899950.1	k79_30	327	97.778	45	1	77.9
GU191334.1	k79_12	336	93.491	338	20	504
GU191334.1	k79_12	336	93.491	338	20	504
GU191334.1	k79_6	251	87.649	251	31	314
GU191334.1	k79_16	244	76.699	103	24	78.8
GU191334.1	k79_30	327	92.857	42	3	63.5
GU191334.1	k79_15	240	75.641	78	17	49.1
