MZ962720.1	k59_21	456	81.726	394	50	375
MZ962720.1	k59_21	456	81.726	394	50	375
MH569081.1	k59_21	456	89.000	300	16	390
MH569081.1	k59_21	456	89.000	300	16	390
NC_033978.1	k59_21	456	92.105	304	8	442
NC_033978.1	k59_21	456	92.105	304	8	442
MW006668.1	k59_21	456	91.118	304	11	428
MW006668.1	k59_21	456	91.118	304	11	428
MW435436.1	k59_21	456	91.447	304	10	433
MW435436.1	k59_21	456	91.447	304	10	433
NC_037882.1	k59_21	456	92.105	304	8	442
NC_037882.1	k59_21	456	92.105	304	8	442
NC_056190.1	k59_21	456	88.673	309	14	401
NC_056190.1	k59_21	456	88.673	309	14	401
MN564931.1	k59_21	456	90.164	305	9	416
MN564931.1	k59_21	456	90.164	305	9	416
NC_031651.1	k59_21	456	91.118	304	11	428
NC_031651.1	k59_21	456	91.118	304	11	428
MW366789.1	k59_21	456	87.829	304	21	383
MW366789.1	k59_21	456	87.829	304	21	383
KT899950.1	k59_21	456	90.789	304	12	424
KT899950.1	k59_21	456	90.789	304	12	424
GU191334.1	k59_21	456	84.694	294	27	313
GU191334.1	k59_21	456	84.694	294	27	313
