MZ962720.1	k141_18371	25321	90.379	7556	431	10346
MZ962720.1	k141_18371	25321	90.379	7556	431	10346
MZ962720.1	k141_18371	25321	89.766	2990	204	4038
MZ962720.1	k141_18371	25321	89.766	2990	204	4038
MZ962720.1	k141_18371	25321	86.663	1747	181	2080
MZ962720.1	k141_18371	25321	86.663	1747	181	2080
MZ962720.1	k141_18371	25321	86.192	1644	163	1946
MZ962720.1	k141_18371	25321	86.192	1644	163	1946
MZ962720.1	k141_18371	25321	83.758	628	47	696
MZ962720.1	k141_18371	25321	87.629	291	32	362
MZ962720.1	k141_18371	25321	87.629	291	32	362
MZ962720.1	k141_18371	25321	83.136	338	39	343
MZ962720.1	k141_18371	25321	83.136	338	39	343
MZ962720.1	k141_18371	25321	82.264	265	32	258
MZ962720.1	k141_18371	25321	82.264	265	32	258
MZ962720.1	k141_18371	25321	72.397	413	53	228
MZ962720.1	k141_18371	25321	72.397	413	53	228
MZ962720.1	k141_18371	25321	80.162	247	31	224
MZ962720.1	k141_18371	25321	77.419	217	24	185
MZ962720.1	k141_18371	25321	77.419	217	24	185
MZ962720.1	k141_18371	25321	72.764	246	32	142
MZ962720.1	k141_18371	25321	72.764	246	32	142
MZ962720.1	k141_18371	25321	82.278	79	10	79.7
MZ962720.1	k141_18371	25321	82.278	79	10	79.7
MZ962720.1	k141_18371	25321	88.636	44	5	58.1
MZ962720.1	k141_18371	25321	88.636	44	5	58.1
MZ962720.1	k141_7850	36635	78.625	8000	1463	6616
MZ962720.1	k141_7850	36635	90.363	2480	239	3396
MZ962720.1	k141_7850	36635	76.204	3572	611	2474
MZ962720.1	k141_7850	36635	89.403	1123	116	1488
MZ962720.1	k141_7850	36635	73.553	2091	452	1266
MZ962720.1	k141_7850	36635	86.906	695	91	844
MZ962720.1	k141_7850	36635	80.412	873	138	793
MZ962720.1	k141_7850	36635	66.832	2014	490	570
MZ962720.1	k141_7850	36635	71.475	915	200	480
MZ962720.1	k141_7850	36635	82.883	444	63	448
MZ962720.1	k141_7850	36635	73.588	549	108	294
MZ962720.1	k141_7850	36635	75.000	452	67	285
MZ962720.1	k141_7850	36635	76.596	376	75	267
MZ962720.1	k141_7850	36635	76.731	361	53	260
MZ962720.1	k141_7850	36635	83.010	206	26	218
MZ962720.1	k141_7850	36635	83.010	206	26	218
MZ962720.1	k141_7850	36635	70.698	430	90	187
MZ962720.1	k141_7850	36635	83.626	171	27	179
MZ962720.1	k141_7850	36635	90.909	121	11	169
MZ962720.1	k141_7850	36635	80.000	180	29	165
MZ962720.1	k141_7850	36635	80.000	180	29	165
MZ962720.1	k141_7850	36635	96.591	88	3	146
MZ962720.1	k141_7850	36635	74.699	249	46	145
MZ962720.1	k141_7850	36635	84.615	130	18	142
MZ962720.1	k141_7850	36635	74.459	231	43	139
MZ962720.1	k141_7850	36635	96.250	80	3	132
MZ962720.1	k141_7850	36635	96.250	80	3	132
MZ962720.1	k141_7850	36635	98.649	74	1	130
MZ962720.1	k141_7850	36635	92.857	84	6	125
MZ962720.1	k141_7850	36635	95.890	73	2	115
MZ962720.1	k141_7850	36635	93.333	75	4	110
MZ962720.1	k141_7850	36635	73.988	173	33	103
MZ962720.1	k141_7850	36635	73.988	173	33	103
MZ962720.1	k141_7850	36635	86.747	83	11	101
MZ962720.1	k141_7850	36635	90.278	72	7	99.6
MZ962720.1	k141_7850	36635	90.411	73	6	97.8
MZ962720.1	k141_7850	36635	86.667	75	10	91.5
MZ962720.1	k141_7850	36635	81.132	53	10	51.8
MZ962720.1	k141_7850	36635	81.132	53	10	51.8
MZ962720.1	k141_7850	36635	85.366	41	6	48.2
MZ962720.1	k141_7850	36635	82.500	40	7	41.9
MZ962720.1	k141_2138	45187	87.907	4457	523	5591
MZ962720.1	k141_2138	45187	79.800	2995	457	2641
MZ962720.1	k141_2138	45187	83.742	1999	298	2138
MZ962720.1	k141_2138	45187	88.035	1471	175	1856
MZ962720.1	k141_2138	45187	75.282	2662	463	1736
MZ962720.1	k141_2138	45187	78.536	1817	306	1487
MZ962720.1	k141_2138	45187	76.380	1956	401	1410
MZ962720.1	k141_2138	45187	72.506	2255	353	1256
MZ962720.1	k141_2138	45187	69.736	2802	642	1132
MZ962720.1	k141_2138	45187	83.645	1015	133	1058
MZ962720.1	k141_2138	45187	79.819	664	116	583
MZ962720.1	k141_2138	45187	71.933	962	148	480
MZ962720.1	k141_2138	45187	71.050	1019	205	450
MZ962720.1	k141_2138	45187	69.753	972	189	428
MZ962720.1	k141_2138	45187	75.294	595	147	411
MZ962720.1	k141_2138	45187	75.294	595	147	411
MZ962720.1	k141_2138	45187	73.095	643	147	336
MZ962720.1	k141_2138	45187	76.253	379	51	287
MZ962720.1	k141_2138	45187	71.256	581	118	272
MZ962720.1	k141_2138	45187	69.622	609	107	263
MZ962720.1	k141_2138	45187	68.325	603	133	257
MZ962720.1	k141_2138	45187	83.682	239	34	251
MZ962720.1	k141_2138	45187	74.425	348	83	224
MZ962720.1	k141_2138	45187	88.820	161	14	200
MZ962720.1	k141_2138	45187	88.732	142	12	179
MZ962720.1	k141_2138	45187	77.665	197	26	165
MZ962720.1	k141_2138	45187	77.665	197	26	165
MZ962720.1	k141_2138	45187	90.323	124	6	162
MZ962720.1	k141_2138	45187	77.778	198	41	153
MZ962720.1	k141_2138	45187	82.609	138	24	141
MZ962720.1	k141_2138	45187	74.877	203	51	137
MZ962720.1	k141_2138	45187	74.877	203	51	137
MZ962720.1	k141_2138	45187	85.470	117	17	135
MZ962720.1	k141_2138	45187	66.044	589	176	129
MZ962720.1	k141_2138	45187	79.562	137	28	122
MZ962720.1	k141_2138	45187	76.543	162	38	122
MZ962720.1	k141_2138	45187	87.755	98	11	120
MZ962720.1	k141_2138	45187	87.755	98	11	120
MZ962720.1	k141_2138	45187	75.429	175	41	120
MZ962720.1	k141_2138	45187	68.037	438	105	119
MZ962720.1	k141_2138	45187	78.621	145	22	117
MZ962720.1	k141_2138	45187	78.621	145	22	117
MZ962720.1	k141_2138	45187	88.889	90	7	116
MZ962720.1	k141_2138	45187	77.778	144	24	110
MZ962720.1	k141_2138	45187	76.744	129	18	100
MZ962720.1	k141_2138	45187	77.519	129	20	97.8
MZ962720.1	k141_2138	45187	72.549	153	26	93.3
MZ962720.1	k141_2138	45187	72.549	153	26	93.3
MZ962720.1	k141_2138	45187	66.667	324	90	87.8
MZ962720.1	k141_2138	45187	85.714	77	10	86.9
MZ962720.1	k141_2138	45187	84.932	73	11	83.3
MZ962720.1	k141_2138	45187	84.932	73	11	83.3
MZ962720.1	k141_2138	45187	70.330	182	48	82.4
MZ962720.1	k141_2138	45187	79.348	92	19	81.5
MZ962720.1	k141_2138	45187	79.348	92	19	81.5
MZ962720.1	k141_2138	45187	79.348	92	19	81.5
MZ962720.1	k141_2138	45187	76.415	106	23	72.5
MZ962720.1	k141_2138	45187	71.569	102	29	54.5
MZ962720.1	k141_2138	45187	71.569	102	29	54.5
MZ962720.1	k141_2138	45187	77.273	66	15	52.7
MZ962720.1	k141_18391	17530	79.810	2739	484	2410
MZ962720.1	k141_18391	17530	79.810	2739	484	2410
MZ962720.1	k141_18391	17530	77.744	1977	402	1549
MZ962720.1	k141_18391	17530	74.079	2226	541	1383
MZ962720.1	k141_18391	17530	82.381	1243	196	1231
MZ962720.1	k141_18391	17530	82.381	1243	196	1231
MZ962720.1	k141_18391	17530	72.012	1004	229	528
MZ962720.1	k141_18391	17530	79.564	597	117	527
MZ962720.1	k141_18391	17530	79.564	597	117	527
MZ962720.1	k141_18391	17530	80.625	320	62	298
MZ962720.1	k141_18391	17530	87.069	116	11	132
MZ962720.1	k141_18391	17530	86.275	51	7	61.7
MZ962720.1	k141_18391	17530	89.474	38	4	51.8
MZ962720.1	k141_18391	17530	89.474	38	4	51.8
MZ962720.1	k141_17226	435	99.078	434	4	765
MZ962720.1	k141_17226	435	99.078	434	4	765
MZ962720.1	k141_17226	435	85.092	436	8	532
MZ962720.1	k141_17226	435	98.204	167	3	288
MZ962720.1	k141_36052	10545	81.913	763	92	765
MZ962720.1	k141_17250	13280	71.713	1156	270	545
MZ962720.1	k141_17250	13280	71.713	1156	270	545
MZ962720.1	k141_17250	13280	71.833	884	211	430
MZ962720.1	k141_17250	13280	71.833	884	211	430
MZ962720.1	k141_17250	13280	65.637	518	143	114
MZ962720.1	k141_17250	13280	65.637	518	143	114
MZ962720.1	k141_17250	13280	82.474	97	16	96.0
MZ962720.1	k141_17250	13280	82.474	97	16	96.0
MZ962720.1	k141_17250	13280	88.525	61	7	79.7
MZ962720.1	k141_17250	13280	88.525	61	7	79.7
MZ962720.1	k141_17250	13280	88.525	61	7	79.7
MZ962720.1	k141_4286	3830	77.407	270	55	214
MZ962720.1	k141_4286	3830	78.646	192	39	159
MZ962720.1	k141_37881	2532	92.857	140	9	205
MZ962720.1	k141_37881	2532	92.857	140	9	205
MZ962720.1	k141_37881	2532	89.130	138	15	182
MZ962720.1	k141_20563	4457	65.772	745	218	196
MZ962720.1	k141_12958	6808	90.000	140	14	190
MZ962720.1	k141_12958	6808	76.923	78	12	48.2
MZ962720.1	k141_27550	18482	82.692	156	14	163
MZ962720.1	k141_27550	18482	95.122	82	4	131
MZ962720.1	k141_27550	18482	95.122	82	4	131
MZ962720.1	k141_10089	17970	92.793	111	6	162
MZ962720.1	k141_10089	17970	92.793	111	6	162
MZ962720.1	k141_10089	17970	85.227	88	4	104
MZ962720.1	k141_25949	1946	88.696	115	13	150
MZ962720.1	k141_20116	609	92.079	101	8	147
MZ962720.1	k141_20116	609	92.079	101	8	147
MZ962720.1	k141_4503	15062	98.667	75	1	132
MZ962720.1	k141_11261	1191	90.789	76	6	103
MZ962720.1	k141_18013	390	91.429	70	5	96.9
MZ962720.1	k141_12902	5432	84.146	82	13	90.6
MZ962720.1	k141_32343	723	80.220	91	18	84.2
MZ962720.1	k141_8450	3904	73.333	135	32	77.0
MZ962720.1	k141_15032	2516	70.701	157	44	69.8
MZ962720.1	k141_7669	16303	91.837	49	2	68.9
MZ962720.1	k141_3548	449	97.368	38	1	65.3
MZ962720.1	k141_3548	449	97.368	38	1	65.3
MZ962720.1	k141_5117	406	86.792	53	7	65.3
MZ962720.1	k141_6791	4806	82.609	46	8	48.2
MZ962720.1	k141_6791	4806	82.609	46	8	48.2
MH569081.1	k141_18371	25321	90.493	4365	249	6011
MH569081.1	k141_18371	25321	90.493	4365	249	6011
MH569081.1	k141_18371	25321	92.282	3032	152	4370
MH569081.1	k141_18371	25321	92.282	3032	152	4370
MH569081.1	k141_18371	25321	91.446	2794	149	3953
MH569081.1	k141_18371	25321	91.446	2794	149	3953
MH569081.1	k141_18371	25321	88.294	2315	124	2947
MH569081.1	k141_18371	25321	88.294	2315	124	2947
MH569081.1	k141_18371	25321	86.735	2254	215	2676
MH569081.1	k141_18371	25321	86.735	2254	215	2676
MH569081.1	k141_18371	25321	81.808	885	138	865
MH569081.1	k141_18371	25321	81.808	885	138	865
MH569081.1	k141_18371	25321	78.055	802	123	620
MH569081.1	k141_18371	25321	78.055	802	123	620
MH569081.1	k141_18371	25321	75.180	834	108	575
MH569081.1	k141_18371	25321	75.180	834	108	575
MH569081.1	k141_18371	25321	82.090	469	48	464
MH569081.1	k141_18371	25321	82.090	469	48	464
MH569081.1	k141_18371	25321	76.154	390	37	322
MH569081.1	k141_18371	25321	76.154	390	37	322
MH569081.1	k141_18371	25321	82.317	164	15	165
MH569081.1	k141_18371	25321	82.317	164	15	165
MH569081.1	k141_18371	25321	80.392	102	15	90.6
MH569081.1	k141_18371	25321	87.500	48	6	60.8
MH569081.1	k141_18371	25321	92.308	39	3	58.1
MH569081.1	k141_2138	45187	87.894	4469	527	5611
MH569081.1	k141_2138	45187	73.753	4389	814	2675
MH569081.1	k141_2138	45187	79.220	2974	449	2554
MH569081.1	k141_2138	45187	83.641	1895	301	2020
MH569081.1	k141_2138	45187	87.593	1483	184	1846
MH569081.1	k141_2138	45187	81.048	1736	288	1622
MH569081.1	k141_2138	45187	75.548	2008	398	1384
MH569081.1	k141_2138	45187	74.704	2111	347	1339
MH569081.1	k141_2138	45187	84.692	1006	134	1103
MH569081.1	k141_2138	45187	75.763	1572	316	1100
MH569081.1	k141_2138	45187	81.377	639	113	600
MH569081.1	k141_2138	45187	72.677	1087	228	576
MH569081.1	k141_2138	45187	73.868	972	168	573
MH569081.1	k141_2138	45187	79.343	639	118	548
MH569081.1	k141_2138	45187	73.415	978	192	532
MH569081.1	k141_2138	45187	75.050	501	113	320
MH569081.1	k141_2138	45187	70.435	575	136	266
MH569081.1	k141_2138	45187	81.890	254	43	250
MH569081.1	k141_2138	45187	84.034	238	29	244
MH569081.1	k141_2138	45187	69.718	568	120	242
MH569081.1	k141_2138	45187	77.224	281	64	219
MH569081.1	k141_2138	45187	74.839	310	66	201
MH569081.1	k141_2138	45187	74.839	310	66	201
MH569081.1	k141_2138	45187	92.308	130	10	190
MH569081.1	k141_2138	45187	77.778	234	52	188
MH569081.1	k141_2138	45187	89.474	133	12	175
MH569081.1	k141_2138	45187	85.526	152	21	172
MH569081.1	k141_2138	45187	83.721	129	21	139
MH569081.1	k141_2138	45187	81.633	147	25	137
MH569081.1	k141_2138	45187	90.323	93	9	128
MH569081.1	k141_2138	45187	90.909	88	8	123
MH569081.1	k141_2138	45187	75.758	165	40	118
MH569081.1	k141_2138	45187	73.620	163	43	101
MH569081.1	k141_2138	45187	87.013	77	9	91.5
MH569081.1	k141_2138	45187	95.455	44	2	71.6
MH569081.1	k141_2138	45187	95.455	44	2	71.6
MH569081.1	k141_2138	45187	80.000	70	14	64.4
MH569081.1	k141_7850	36635	80.843	3868	642	3621
MH569081.1	k141_7850	36635	89.355	2480	264	3283
MH569081.1	k141_7850	36635	77.379	3678	727	2865
MH569081.1	k141_7850	36635	81.048	2348	393	2208
MH569081.1	k141_7850	36635	86.101	1439	154	1673
MH569081.1	k141_7850	36635	72.817	2222	518	1259
MH569081.1	k141_7850	36635	77.996	1118	178	888
MH569081.1	k141_7850	36635	83.926	815	111	871
MH569081.1	k141_7850	36635	68.483	2221	548	753
MH569081.1	k141_7850	36635	79.278	748	152	645
MH569081.1	k141_7850	36635	86.486	333	42	392
MH569081.1	k141_7850	36635	71.758	825	130	387
MH569081.1	k141_7850	36635	71.029	680	115	323
MH569081.1	k141_7850	36635	90.583	223	21	308
MH569081.1	k141_7850	36635	70.399	652	133	275
MH569081.1	k141_7850	36635	76.012	346	60	244
MH569081.1	k141_7850	36635	80.233	258	47	235
MH569081.1	k141_7850	36635	76.176	319	67	228
MH569081.1	k141_7850	36635	80.663	181	22	154
MH569081.1	k141_7850	36635	74.419	258	43	153
MH569081.1	k141_7850	36635	97.500	80	2	136
MH569081.1	k141_7850	36635	97.500	80	2	136
MH569081.1	k141_7850	36635	100.000	75	0	136
MH569081.1	k141_7850	36635	77.654	179	26	133
MH569081.1	k141_7850	36635	93.671	79	5	121
MH569081.1	k141_7850	36635	89.535	86	9	115
MH569081.1	k141_7850	36635	74.444	180	29	115
MH569081.1	k141_7850	36635	80.000	105	19	93.3
MH569081.1	k141_7850	36635	92.000	50	4	73.4
MH569081.1	k141_7850	36635	81.633	49	9	49.1
MH569081.1	k141_7850	36635	83.333	42	7	45.5
MH569081.1	k141_18391	17530	76.690	2737	505	2022
MH569081.1	k141_18391	17530	80.289	1938	349	1763
MH569081.1	k141_18391	17530	74.700	2336	522	1494
MH569081.1	k141_18391	17530	80.000	1225	216	1086
MH569081.1	k141_18391	17530	73.489	1158	249	667
MH569081.1	k141_18391	17530	76.825	548	127	416
MH569081.1	k141_18391	17530	76.697	545	95	395
MH569081.1	k141_18391	17530	78.718	390	78	316
MH569081.1	k141_18391	17530	93.258	89	6	134
MH569081.1	k141_18391	17530	93.258	89	6	134
MH569081.1	k141_18391	17530	97.619	42	1	72.5
MH569081.1	k141_18391	17530	92.857	42	3	63.5
MH569081.1	k141_18391	17530	92.857	42	3	63.5
MH569081.1	k141_18391	17530	81.132	53	10	51.8
MH569081.1	k141_18391	17530	89.474	38	4	51.8
MH569081.1	k141_18391	17530	89.474	38	4	51.8
MH569081.1	k141_18391	17530	82.979	47	8	50.0
MH569081.1	k141_36052	10545	81.913	763	92	760
MH569081.1	k141_17250	13280	71.305	1157	269	535
MH569081.1	k141_17250	13280	71.305	1157	269	535
MH569081.1	k141_17250	13280	71.918	876	217	448
MH569081.1	k141_17250	13280	71.918	876	217	448
MH569081.1	k141_17250	13280	76.265	257	59	182
MH569081.1	k141_17250	13280	76.265	257	59	182
MH569081.1	k141_17250	13280	75.598	209	49	141
MH569081.1	k141_17250	13280	75.598	209	49	141
MH569081.1	k141_17250	13280	80.412	97	19	90.6
MH569081.1	k141_17250	13280	80.412	97	19	90.6
MH569081.1	k141_17250	13280	90.164	61	6	84.2
MH569081.1	k141_17250	13280	90.164	61	6	84.2
MH569081.1	k141_17250	13280	71.338	157	40	72.5
MH569081.1	k141_17250	13280	71.338	157	40	72.5
MH569081.1	k141_20563	4457	72.637	402	109	226
MH569081.1	k141_20563	4457	70.992	131	38	66.2
MH569081.1	k141_37881	2532	92.143	140	9	201
MH569081.1	k141_37881	2532	92.143	140	9	201
MH569081.1	k141_37881	2532	89.209	139	15	184
MH569081.1	k141_12958	6808	91.429	140	12	199
MH569081.1	k141_12958	6808	76.190	84	13	50.9
MH569081.1	k141_4286	3830	75.379	264	53	181
MH569081.1	k141_4286	3830	80.729	192	35	178
MH569081.1	k141_20116	609	95.370	108	5	173
MH569081.1	k141_20116	609	95.370	108	5	173
MH569081.1	k141_10089	17970	92.793	111	8	165
MH569081.1	k141_10089	17970	92.793	111	8	165
MH569081.1	k141_10089	17970	84.091	88	5	100
MH569081.1	k141_27550	18482	81.410	156	16	154
MH569081.1	k141_27550	18482	96.341	82	3	135
MH569081.1	k141_27550	18482	96.341	82	3	135
MH569081.1	k141_27550	18482	71.186	177	51	90.6
MH569081.1	k141_27550	18482	71.186	177	51	90.6
MH569081.1	k141_4503	15062	95.349	86	0	137
MH569081.1	k141_25949	1946	83.193	119	14	126
MH569081.1	k141_11261	1191	91.549	71	6	102
MH569081.1	k141_18013	390	92.308	65	5	96.0
MH569081.1	k141_19981	324	92.063	63	5	92.4
MH569081.1	k141_24146	817	82.759	87	15	90.6
MH569081.1	k141_32343	723	83.544	79	13	85.1
MH569081.1	k141_5117	406	88.679	53	6	69.8
MH569081.1	k141_15032	2516	71.429	147	40	69.8
MH569081.1	k141_8450	3904	73.950	119	29	68.9
MH569081.1	k141_8034	3670	93.023	43	3	65.3
MH569081.1	k141_12902	5432	76.829	82	19	63.5
MH569081.1	k141_3548	449	94.737	38	2	60.8
MH569081.1	k141_3548	449	94.737	38	2	60.8
MH569081.1	k141_7669	16303	88.372	43	5	56.3
MH569081.1	k141_18095	627	82.927	41	7	43.7
MH569081.1	k141_6791	4806	80.488	41	8	39.2
NC_033978.1	k141_18371	25321	92.924	10104	401	14989
NC_033978.1	k141_18371	25321	92.924	10104	401	14989
NC_033978.1	k141_18371	25321	92.950	9461	504	14099
NC_033978.1	k141_18371	25321	93.044	9345	490	13968
NC_033978.1	k141_18371	25321	92.666	4813	189	7115
NC_033978.1	k141_18371	25321	92.666	4813	189	7115
NC_033978.1	k141_18371	25321	83.731	965	69	1031
NC_033978.1	k141_18371	25321	83.731	965	69	1031
NC_033978.1	k141_18371	25321	93.671	79	4	117
NC_033978.1	k141_18371	25321	93.671	79	4	117
NC_033978.1	k141_18371	25321	100.000	40	0	73.4
NC_033978.1	k141_18371	25321	100.000	40	0	73.4
NC_033978.1	k141_18371	25321	97.619	42	1	72.5
NC_033978.1	k141_18371	25321	91.837	49	4	71.6
NC_033978.1	k141_18371	25321	91.837	49	4	71.6
NC_033978.1	k141_18371	25321	92.857	42	3	63.5
NC_033978.1	k141_7850	36635	85.820	8385	979	9734
NC_033978.1	k141_7850	36635	81.887	4483	673	4374
NC_033978.1	k141_7850	36635	87.664	3194	312	3955
NC_033978.1	k141_7850	36635	82.947	3020	354	3117
NC_033978.1	k141_7850	36635	89.389	1310	102	1734
NC_033978.1	k141_7850	36635	74.831	2666	512	1692
NC_033978.1	k141_7850	36635	85.689	1118	123	1288
NC_033978.1	k141_7850	36635	76.804	901	104	683
NC_033978.1	k141_7850	36635	72.801	1114	194	602
NC_033978.1	k141_7850	36635	87.906	339	33	416
NC_033978.1	k141_7850	36635	71.739	736	92	409
NC_033978.1	k141_7850	36635	87.542	297	31	366
NC_033978.1	k141_7850	36635	74.573	527	73	348
NC_033978.1	k141_7850	36635	72.274	642	118	343
NC_033978.1	k141_7850	36635	72.314	484	73	239
NC_033978.1	k141_7850	36635	70.000	480	76	224
NC_033978.1	k141_7850	36635	84.828	145	16	159
NC_033978.1	k141_7850	36635	94.231	104	5	158
NC_033978.1	k141_7850	36635	79.688	192	24	158
NC_033978.1	k141_7850	36635	79.688	192	29	158
NC_033978.1	k141_7850	36635	98.795	83	1	146
NC_033978.1	k141_7850	36635	97.468	79	2	134
NC_033978.1	k141_7850	36635	67.081	483	89	132
NC_033978.1	k141_7850	36635	93.671	79	5	121
NC_033978.1	k141_7850	36635	85.075	67	8	69.8
NC_033978.1	k141_7850	36635	92.857	42	3	63.5
NC_033978.1	k141_7850	36635	77.941	68	15	56.3
NC_033978.1	k141_2138	45187	90.172	4884	398	6633
NC_033978.1	k141_2138	45187	77.856	7492	1009	5978
NC_033978.1	k141_2138	45187	82.823	2742	366	2813
NC_033978.1	k141_2138	45187	89.403	2010	189	2660
NC_033978.1	k141_2138	45187	86.028	2047	201	2407
NC_033978.1	k141_2138	45187	80.409	2348	348	2150
NC_033978.1	k141_2138	45187	83.816	1934	232	2074
NC_033978.1	k141_2138	45187	80.898	2183	248	2048
NC_033978.1	k141_2138	45187	78.586	1994	253	1666
NC_033978.1	k141_2138	45187	75.053	2361	405	1584
NC_033978.1	k141_2138	45187	86.667	1230	128	1458
NC_033978.1	k141_2138	45187	79.853	1628	239	1452
NC_033978.1	k141_2138	45187	79.012	1620	241	1438
NC_033978.1	k141_2138	45187	80.427	1124	152	998
NC_033978.1	k141_2138	45187	78.355	1155	181	933
NC_033978.1	k141_2138	45187	76.704	1159	167	827
NC_033978.1	k141_2138	45187	74.074	1188	187	737
NC_033978.1	k141_2138	45187	81.891	497	44	497
NC_033978.1	k141_2138	45187	70.588	595	104	263
NC_033978.1	k141_2138	45187	79.167	288	38	256
NC_033978.1	k141_2138	45187	86.154	195	20	219
NC_033978.1	k141_2138	45187	77.249	189	31	150
NC_033978.1	k141_2138	45187	65.751	546	161	116
NC_033978.1	k141_2138	45187	75.610	164	40	116
NC_033978.1	k141_2138	45187	100.000	38	0	69.8
NC_033978.1	k141_2138	45187	100.000	38	0	69.8
NC_033978.1	k141_2138	45187	97.500	40	1	68.9
NC_033978.1	k141_2138	45187	97.436	39	1	67.1
NC_033978.1	k141_2138	45187	75.758	66	16	48.2
NC_033978.1	k141_18391	17530	81.714	2789	405	2704
NC_033978.1	k141_18391	17530	82.957	2570	374	2628
NC_033978.1	k141_18391	17530	78.014	2488	445	2023
NC_033978.1	k141_18391	17530	83.864	1320	203	1398
NC_033978.1	k141_18391	17530	68.044	3727	963	1283
NC_033978.1	k141_18391	17530	77.452	1193	210	943
NC_033978.1	k141_18391	17530	84.950	598	86	668
NC_033978.1	k141_18391	17530	78.286	350	76	289
NC_033978.1	k141_18391	17530	77.600	250	46	190
NC_033978.1	k141_18391	17530	82.692	156	25	153
NC_033978.1	k141_18391	17530	82.114	123	22	123
NC_033978.1	k141_18391	17530	82.114	123	22	123
NC_033978.1	k141_18391	17530	82.114	123	22	123
NC_033978.1	k141_18391	17530	82.114	123	22	123
NC_033978.1	k141_18391	17530	69.347	199	43	74.3
NC_033978.1	k141_18391	17530	95.238	42	2	68.0
NC_033978.1	k141_18391	17530	94.872	39	2	62.6
NC_033978.1	k141_18391	17530	94.872	39	2	62.6
NC_033978.1	k141_18391	17530	84.483	58	6	54.5
NC_033978.1	k141_18391	17530	84.483	58	6	54.5
NC_033978.1	k141_18391	17530	81.132	53	10	51.8
NC_033978.1	k141_36052	10545	84.505	768	73	864
NC_033978.1	k141_17250	13280	72.696	879	205	459
NC_033978.1	k141_17250	13280	72.696	879	205	459
NC_033978.1	k141_17250	13280	75.000	532	122	352
NC_033978.1	k141_17250	13280	75.000	532	122	352
NC_033978.1	k141_17250	13280	75.212	472	94	296
NC_033978.1	k141_17250	13280	75.212	472	94	296
NC_033978.1	k141_17250	13280	78.292	281	59	225
NC_033978.1	k141_17250	13280	78.292	281	59	225
NC_033978.1	k141_17250	13280	66.667	519	138	130
NC_033978.1	k141_17250	13280	66.667	519	138	130
NC_033978.1	k141_17250	13280	86.885	61	8	75.2
NC_033978.1	k141_17250	13280	86.885	61	8	75.2
NC_033978.1	k141_17226	435	77.327	419	93	321
NC_033978.1	k141_4286	3830	83.333	270	39	286
NC_033978.1	k141_4286	3830	86.528	193	24	229
NC_033978.1	k141_37881	2532	96.429	140	5	231
NC_033978.1	k141_37881	2532	96.429	140	5	231
NC_033978.1	k141_37881	2532	95.714	140	6	226
NC_033978.1	k141_12958	6808	94.326	141	8	219
NC_033978.1	k141_12958	6808	78.205	78	11	52.7
NC_033978.1	k141_20563	4457	65.977	773	225	212
NC_033978.1	k141_10089	17970	98.182	110	2	190
NC_033978.1	k141_10089	17970	98.182	110	2	190
NC_033978.1	k141_10089	17970	87.209	86	2	110
NC_033978.1	k141_25949	1946	91.736	121	10	174
NC_033978.1	k141_20116	609	95.370	108	5	173
NC_033978.1	k141_20116	609	95.370	108	5	173
NC_033978.1	k141_27550	18482	83.974	156	12	172
NC_033978.1	k141_27550	18482	96.341	82	3	135
NC_033978.1	k141_27550	18482	70.681	191	56	93.3
NC_033978.1	k141_27550	18482	70.681	191	56	93.3
NC_033978.1	k141_34028	431	79.747	158	15	143
NC_033978.1	k141_4503	15062	78.182	165	19	142
NC_033978.1	k141_24146	817	89.247	93	10	123
NC_033978.1	k141_11261	1191	93.590	78	4	115
NC_033978.1	k141_20254	1515	71.032	252	56	114
NC_033978.1	k141_20254	1515	82.432	74	13	76.1
NC_033978.1	k141_18013	390	94.286	70	3	105
NC_033978.1	k141_19981	324	93.651	63	4	96.9
NC_033978.1	k141_15032	2516	72.781	169	44	91.5
NC_033978.1	k141_25996	10674	85.333	75	10	83.3
NC_033978.1	k141_19356	488	85.714	63	9	74.3
NC_033978.1	k141_22959	394	86.667	60	8	73.4
NC_033978.1	k141_22959	394	84.127	63	10	69.8
NC_033978.1	k141_3548	449	95.455	44	2	71.6
NC_033978.1	k141_3548	449	95.455	44	2	71.6
NC_033978.1	k141_3548	449	97.368	38	1	65.3
NC_033978.1	k141_3548	449	97.368	38	1	65.3
NC_033978.1	k141_8501	7307	87.097	62	4	71.6
NC_033978.1	k141_8501	7307	87.037	54	7	67.1
NC_033978.1	k141_5117	406	88.679	53	6	69.8
NC_033978.1	k141_16359	465	88.679	53	6	69.8
NC_033978.1	k141_8450	3904	78.750	80	17	68.9
NC_033978.1	k141_8034	3670	92.857	42	3	63.5
NC_033978.1	k141_18095	627	85.366	41	6	48.2
NC_033978.1	k141_6791	4806	78.723	47	10	41.0
MW006668.1	k141_18371	25321	93.165	8340	286	12475
MW006668.1	k141_18371	25321	93.165	8340	286	12475
MW006668.1	k141_18371	25321	89.913	4957	349	6669
MW006668.1	k141_18371	25321	73.349	2953	437	1814
MW006668.1	k141_18371	25321	87.013	693	59	859
MW006668.1	k141_18371	25321	86.452	620	71	738
MW006668.1	k141_18371	25321	78.244	763	108	604
MW006668.1	k141_18371	25321	81.649	485	31	490
MW006668.1	k141_18371	25321	81.649	485	31	490
MW006668.1	k141_18371	25321	75.254	590	74	440
MW006668.1	k141_18371	25321	88.129	278	25	352
MW006668.1	k141_18371	25321	88.129	278	25	352
MW006668.1	k141_18371	25321	80.808	198	22	187
MW006668.1	k141_18371	25321	82.432	148	17	150
MW006668.1	k141_18371	25321	82.432	148	17	150
MW006668.1	k141_18371	25321	83.824	136	13	146
MW006668.1	k141_18371	25321	92.233	103	6	143
MW006668.1	k141_18371	25321	67.488	406	103	137
MW006668.1	k141_18371	25321	67.488	406	103	137
MW006668.1	k141_18371	25321	65.294	510	136	120
MW006668.1	k141_18371	25321	83.810	105	13	113
MW006668.1	k141_18371	25321	96.667	60	2	100
MW006668.1	k141_18371	25321	70.492	183	42	94.2
MW006668.1	k141_18371	25321	70.492	183	42	94.2
MW006668.1	k141_18371	25321	70.492	183	42	94.2
MW006668.1	k141_18371	25321	70.492	183	42	94.2
MW006668.1	k141_18371	25321	70.270	185	42	89.7
MW006668.1	k141_18371	25321	73.770	122	20	83.3
MW006668.1	k141_18371	25321	73.770	122	20	83.3
MW006668.1	k141_18371	25321	100.000	42	0	77.0
MW006668.1	k141_18371	25321	100.000	41	0	75.2
MW006668.1	k141_18371	25321	100.000	41	0	75.2
MW006668.1	k141_18371	25321	95.238	42	2	68.0
MW006668.1	k141_18371	25321	84.314	51	8	57.2
MW006668.1	k141_2138	45187	91.045	4668	378	6507
MW006668.1	k141_2138	45187	85.286	2433	269	2787
MW006668.1	k141_2138	45187	80.888	2794	350	2613
MW006668.1	k141_2138	45187	88.159	1858	191	2336
MW006668.1	k141_2138	45187	86.475	1915	208	2292
MW006668.1	k141_2138	45187	85.619	1940	233	2215
MW006668.1	k141_2138	45187	82.735	2033	275	2076
MW006668.1	k141_2138	45187	80.757	2167	266	2030
MW006668.1	k141_2138	45187	78.248	1747	313	1449
MW006668.1	k141_2138	45187	79.283	1646	223	1448
MW006668.1	k141_2138	45187	88.406	1104	115	1395
MW006668.1	k141_2138	45187	73.360	2027	323	1196
MW006668.1	k141_2138	45187	75.178	1543	272	1085
MW006668.1	k141_2138	45187	82.630	1019	110	1056
MW006668.1	k141_2138	45187	86.014	715	93	828
MW006668.1	k141_2138	45187	74.386	1222	188	793
MW006668.1	k141_2138	45187	77.031	923	161	688
MW006668.1	k141_2138	45187	80.207	773	97	652
MW006668.1	k141_2138	45187	75.307	733	135	512
MW006668.1	k141_2138	45187	75.307	733	135	512
MW006668.1	k141_2138	45187	74.699	747	139	464
MW006668.1	k141_2138	45187	81.928	332	33	313
MW006668.1	k141_2138	45187	78.010	382	60	288
MW006668.1	k141_2138	45187	77.686	363	61	263
MW006668.1	k141_2138	45187	80.498	241	36	215
MW006668.1	k141_2138	45187	80.498	241	36	215
MW006668.1	k141_2138	45187	69.366	568	102	215
MW006668.1	k141_2138	45187	89.809	157	15	208
MW006668.1	k141_2138	45187	70.766	431	100	197
MW006668.1	k141_2138	45187	89.781	137	14	185
MW006668.1	k141_2138	45187	79.186	221	30	179
MW006668.1	k141_2138	45187	78.475	223	45	176
MW006668.1	k141_2138	45187	89.231	130	14	172
MW006668.1	k141_2138	45187	80.000	170	34	154
MW006668.1	k141_2138	45187	79.577	142	23	123
MW006668.1	k141_2138	45187	65.789	532	162	113
MW006668.1	k141_2138	45187	73.469	196	41	112
MW006668.1	k141_2138	45187	73.780	164	43	103
MW006668.1	k141_2138	45187	83.908	87	14	95.1
MW006668.1	k141_2138	45187	72.727	154	39	83.3
MW006668.1	k141_2138	45187	93.750	48	3	74.3
MW006668.1	k141_2138	45187	93.750	48	3	74.3
MW006668.1	k141_2138	45187	100.000	38	0	69.8
MW006668.1	k141_2138	45187	89.362	47	5	63.5
MW006668.1	k141_2138	45187	90.909	44	4	62.6
MW006668.1	k141_2138	45187	74.713	87	16	59.9
MW006668.1	k141_2138	45187	74.713	87	16	59.9
MW006668.1	k141_2138	45187	69.767	129	39	58.1
MW006668.1	k141_2138	45187	88.372	43	5	56.3
MW006668.1	k141_2138	45187	88.372	43	5	56.3
MW006668.1	k141_2138	45187	75.806	62	15	45.5
MW006668.1	k141_7850	36635	83.597	4737	674	5002
MW006668.1	k141_7850	36635	77.794	5584	797	4384
MW006668.1	k141_7850	36635	87.707	3384	393	4213
MW006668.1	k141_7850	36635	80.947	4477	701	4190
MW006668.1	k141_7850	36635	87.732	3179	307	3956
MW006668.1	k141_7850	36635	76.028	3112	577	2213
MW006668.1	k141_7850	36635	92.721	838	61	1237
MW006668.1	k141_7850	36635	92.721	838	61	1237
MW006668.1	k141_7850	36635	83.303	1102	144	1141
MW006668.1	k141_7850	36635	81.139	562	53	544
MW006668.1	k141_7850	36635	77.280	647	112	478
MW006668.1	k141_7850	36635	72.977	692	130	380
MW006668.1	k141_7850	36635	87.676	284	29	352
MW006668.1	k141_7850	36635	69.259	810	124	348
MW006668.1	k141_7850	36635	77.412	456	86	343
MW006668.1	k141_7850	36635	72.727	616	116	324
MW006668.1	k141_7850	36635	66.337	505	72	170
MW006668.1	k141_7850	36635	66.337	505	72	170
MW006668.1	k141_7850	36635	77.880	217	38	158
MW006668.1	k141_7850	36635	75.720	243	46	153
MW006668.1	k141_7850	36635	76.744	215	36	153
MW006668.1	k141_7850	36635	96.552	87	2	141
MW006668.1	k141_7850	36635	94.872	78	4	123
MW006668.1	k141_7850	36635	94.872	78	4	123
MW006668.1	k141_7850	36635	93.750	80	5	123
MW006668.1	k141_7850	36635	75.484	155	26	93.3
MW006668.1	k141_7850	36635	71.779	163	41	83.3
MW006668.1	k141_7850	36635	82.353	68	11	66.2
MW006668.1	k141_7850	36635	82.353	68	11	66.2
MW006668.1	k141_7850	36635	92.308	39	3	58.1
MW006668.1	k141_18391	17530	81.013	4008	590	3781
MW006668.1	k141_18391	17530	81.013	4008	590	3781
MW006668.1	k141_18391	17530	81.661	2770	392	2707
MW006668.1	k141_18391	17530	81.661	2770	392	2707
MW006668.1	k141_18391	17530	76.988	2251	458	1734
MW006668.1	k141_18391	17530	83.668	1396	196	1465
MW006668.1	k141_18391	17530	83.668	1396	196	1465
MW006668.1	k141_18391	17530	85.185	594	84	670
MW006668.1	k141_18391	17530	85.185	594	84	670
MW006668.1	k141_18391	17530	81.277	235	39	222
MW006668.1	k141_18391	17530	81.277	235	39	222
MW006668.1	k141_18391	17530	83.459	133	21	138
MW006668.1	k141_18391	17530	95.238	42	2	68.0
MW006668.1	k141_18391	17530	94.872	39	2	62.6
MW006668.1	k141_18391	17530	92.105	38	3	56.3
MW006668.1	k141_18391	17530	82.979	47	8	50.0
MW006668.1	k141_18391	17530	79.245	53	11	47.3
MW006668.1	k141_36052	10545	84.115	768	76	850
MW006668.1	k141_17250	13280	70.934	1156	281	512
MW006668.1	k141_17250	13280	70.934	1156	281	512
MW006668.1	k141_17250	13280	71.687	883	208	432
MW006668.1	k141_17250	13280	71.687	883	208	432
MW006668.1	k141_17250	13280	78.292	281	59	225
MW006668.1	k141_17250	13280	78.292	281	59	225
MW006668.1	k141_17250	13280	65.703	519	138	107
MW006668.1	k141_17250	13280	65.703	519	138	107
MW006668.1	k141_17250	13280	75.000	144	34	96.0
MW006668.1	k141_17250	13280	75.000	144	34	96.0
MW006668.1	k141_17250	13280	85.246	61	9	70.7
MW006668.1	k141_17250	13280	85.246	61	9	70.7
MW006668.1	k141_4286	3830	84.444	270	36	299
MW006668.1	k141_4286	3830	83.938	193	29	206
MW006668.1	k141_12958	6808	94.326	141	8	219
MW006668.1	k141_37881	2532	93.571	140	9	213
MW006668.1	k141_37881	2532	90.541	74	6	99.6
MW006668.1	k141_20563	4457	70.781	397	116	194
MW006668.1	k141_20563	4457	77.174	92	21	72.5
MW006668.1	k141_10089	17970	95.455	110	5	177
MW006668.1	k141_10089	17970	95.455	110	5	177
MW006668.1	k141_10089	17970	86.517	89	3	111
MW006668.1	k141_25949	1946	93.043	115	8	172
MW006668.1	k141_27550	18482	82.692	156	14	163
MW006668.1	k141_27550	18482	93.671	79	5	121
MW006668.1	k141_27550	18482	93.671	79	5	121
MW006668.1	k141_27550	18482	70.157	191	57	88.7
MW006668.1	k141_4503	15062	83.553	152	23	159
MW006668.1	k141_20116	609	91.667	108	9	155
MW006668.1	k141_20116	609	91.667	108	9	155
MW006668.1	k141_24146	817	89.247	93	10	123
MW006668.1	k141_24146	817	89.247	93	10	123
MW006668.1	k141_11261	1191	93.590	78	4	115
MW006668.1	k141_12902	5432	90.244	82	8	113
MW006668.1	k141_18013	390	94.286	70	3	105
MW006668.1	k141_17226	435	71.939	196	53	104
MW006668.1	k141_19981	324	95.312	64	3	103
MW006668.1	k141_15032	2516	72.857	140	38	82.4
MW006668.1	k141_25996	10674	85.135	74	10	81.5
MW006668.1	k141_8501	7307	90.323	62	2	80.6
MW006668.1	k141_8450	3904	72.932	133	34	71.6
MW006668.1	k141_5117	406	88.679	53	6	69.8
MW006668.1	k141_3548	449	97.368	38	1	65.3
MW006668.1	k141_3548	449	97.368	38	1	65.3
MW006668.1	k141_4587	1306	89.362	47	5	63.5
MW006668.1	k141_8034	3670	83.636	55	9	59.9
MW006668.1	k141_18095	627	87.805	41	5	52.7
MW435436.1	k141_18371	25321	92.505	9446	541	13881
MW435436.1	k141_18371	25321	92.505	9446	541	13881
MW435436.1	k141_18371	25321	94.551	8222	241	12815
MW435436.1	k141_18371	25321	94.551	8222	241	12815
MW435436.1	k141_18371	25321	92.571	3271	150	4793
MW435436.1	k141_18371	25321	92.571	3271	150	4793
MW435436.1	k141_18371	25321	94.227	1455	67	2234
MW435436.1	k141_18371	25321	94.227	1455	67	2234
MW435436.1	k141_18371	25321	84.591	1856	153	2043
MW435436.1	k141_18371	25321	84.591	1856	153	2043
MW435436.1	k141_18371	25321	78.634	1025	75	879
MW435436.1	k141_18371	25321	78.634	1025	75	879
MW435436.1	k141_18371	25321	81.818	176	6	179
MW435436.1	k141_18371	25321	81.818	176	6	179
MW435436.1	k141_18371	25321	88.333	60	7	77.9
MW435436.1	k141_18371	25321	88.333	60	7	77.9
MW435436.1	k141_18371	25321	95.122	41	2	66.2
MW435436.1	k141_18371	25321	92.308	39	3	58.1
MW435436.1	k141_7850	36635	84.710	8332	1057	9271
MW435436.1	k141_7850	36635	86.692	3126	334	3737
MW435436.1	k141_7850	36635	82.478	3002	382	3038
MW435436.1	k141_7850	36635	79.642	2628	457	2304
MW435436.1	k141_7850	36635	82.196	1876	241	1854
MW435436.1	k141_7850	36635	92.147	1197	85	1735
MW435436.1	k141_7850	36635	72.070	2696	561	1411
MW435436.1	k141_7850	36635	85.818	1100	122	1271
MW435436.1	k141_7850	36635	75.558	851	115	591
MW435436.1	k141_7850	36635	76.447	760	115	532
MW435436.1	k141_7850	36635	76.399	661	110	477
MW435436.1	k141_7850	36635	83.136	338	37	353
MW435436.1	k141_7850	36635	83.082	331	50	333
MW435436.1	k141_7850	36635	75.479	522	98	329
MW435436.1	k141_7850	36635	72.798	511	75	313
MW435436.1	k141_7850	36635	77.778	243	28	192
MW435436.1	k141_7850	36635	83.333	168	23	178
MW435436.1	k141_7850	36635	75.188	266	42	168
MW435436.1	k141_7850	36635	84.397	141	19	154
MW435436.1	k141_7850	36635	84.397	141	19	154
MW435436.1	k141_7850	36635	83.439	157	18	151
MW435436.1	k141_7850	36635	97.561	82	2	140
MW435436.1	k141_7850	36635	97.531	81	2	138
MW435436.1	k141_7850	36635	88.776	98	11	128
MW435436.1	k141_7850	36635	94.937	79	4	125
MW435436.1	k141_7850	36635	76.471	68	16	51.8
MW435436.1	k141_2138	45187	91.815	4447	337	6390
MW435436.1	k141_2138	45187	78.829	4917	729	4118
MW435436.1	k141_2138	45187	77.414	5127	669	4039
MW435436.1	k141_2138	45187	82.286	3246	368	3241
MW435436.1	k141_2138	45187	85.755	2120	223	2457
MW435436.1	k141_2138	45187	84.632	1874	225	2080
MW435436.1	k141_2138	45187	82.296	2056	299	2054
MW435436.1	k141_2138	45187	80.263	2133	247	1939
MW435436.1	k141_2138	45187	73.605	2921	487	1787
MW435436.1	k141_2138	45187	85.641	1163	133	1322
MW435436.1	k141_2138	45187	78.930	1495	237	1315
MW435436.1	k141_2138	45187	73.098	2011	360	1167
MW435436.1	k141_2138	45187	88.235	629	74	801
MW435436.1	k141_2138	45187	84.681	705	97	782
MW435436.1	k141_2138	45187	87.576	491	61	611
MW435436.1	k141_2138	45187	74.830	735	125	465
MW435436.1	k141_2138	45187	82.993	441	70	449
MW435436.1	k141_2138	45187	79.828	466	90	403
MW435436.1	k141_2138	45187	86.129	310	40	364
MW435436.1	k141_2138	45187	86.129	310	40	364
MW435436.1	k141_2138	45187	84.791	263	21	285
MW435436.1	k141_2138	45187	80.000	285	37	240
MW435436.1	k141_2138	45187	80.567	247	38	221
MW435436.1	k141_2138	45187	81.463	205	33	195
MW435436.1	k141_2138	45187	92.424	132	10	194
MW435436.1	k141_2138	45187	96.226	106	4	174
MW435436.1	k141_2138	45187	84.722	144	19	155
MW435436.1	k141_2138	45187	87.500	120	15	150
MW435436.1	k141_2138	45187	84.921	126	19	142
MW435436.1	k141_2138	45187	75.000	164	41	112
MW435436.1	k141_2138	45187	100.000	38	0	69.8
MW435436.1	k141_2138	45187	100.000	38	0	69.8
MW435436.1	k141_2138	45187	92.683	41	3	61.7
MW435436.1	k141_2138	45187	75.806	62	15	45.5
MW435436.1	k141_2138	45187	66.471	170	55	43.7
MW435436.1	k141_18391	17530	78.846	3900	663	3289
MW435436.1	k141_18391	17530	80.093	2788	429	2514
MW435436.1	k141_18391	17530	78.524	2277	429	1898
MW435436.1	k141_18391	17530	78.424	1993	371	1655
MW435436.1	k141_18391	17530	83.643	1290	188	1352
MW435436.1	k141_18391	17530	68.044	2566	685	873
MW435436.1	k141_18391	17530	82.314	605	96	606
MW435436.1	k141_18391	17530	67.199	1128	252	388
MW435436.1	k141_18391	17530	86.735	98	13	119
MW435436.1	k141_18391	17530	86.735	98	13	119
MW435436.1	k141_18391	17530	86.735	98	13	119
MW435436.1	k141_18391	17530	86.735	98	13	119
MW435436.1	k141_18391	17530	92.857	42	3	63.5
MW435436.1	k141_18391	17530	94.872	39	2	62.6
MW435436.1	k141_18391	17530	94.872	39	2	62.6
MW435436.1	k141_18391	17530	81.132	53	10	51.8
MW435436.1	k141_18391	17530	86.842	38	5	47.3
MW435436.1	k141_18391	17530	86.842	38	5	47.3
MW435436.1	k141_36052	10545	83.854	768	78	837
MW435436.1	k141_17250	13280	71.713	1156	266	554
MW435436.1	k141_17250	13280	71.713	1156	266	554
MW435436.1	k141_17250	13280	72.418	881	204	448
MW435436.1	k141_17250	13280	72.418	881	204	448
MW435436.1	k141_17250	13280	77.936	281	60	221
MW435436.1	k141_17250	13280	77.936	281	60	221
MW435436.1	k141_17250	13280	66.667	519	138	130
MW435436.1	k141_17250	13280	66.667	519	138	130
MW435436.1	k141_17250	13280	75.556	135	31	93.3
MW435436.1	k141_17250	13280	75.556	135	31	93.3
MW435436.1	k141_17250	13280	86.885	61	8	75.2
MW435436.1	k141_17250	13280	86.885	61	8	75.2
MW435436.1	k141_17226	435	75.592	422	103	297
MW435436.1	k141_4286	3830	83.650	263	37	278
MW435436.1	k141_4286	3830	85.787	197	26	227
MW435436.1	k141_37881	2532	97.857	140	3	240
MW435436.1	k141_37881	2532	97.857	140	3	240
MW435436.1	k141_37881	2532	93.571	140	9	213
MW435436.1	k141_20563	4457	66.257	732	207	198
MW435436.1	k141_12958	6808	90.780	141	13	196
MW435436.1	k141_12958	6808	76.923	78	12	48.2
MW435436.1	k141_10089	17970	98.182	110	2	190
MW435436.1	k141_10089	17970	98.182	110	2	190
MW435436.1	k141_10089	17970	88.372	86	1	114
MW435436.1	k141_27550	18482	85.256	156	10	181
MW435436.1	k141_27550	18482	93.750	80	5	123
MW435436.1	k141_25949	1946	94.783	115	6	181
MW435436.1	k141_20116	609	95.370	108	5	173
MW435436.1	k141_20116	609	95.370	108	5	173
MW435436.1	k141_4503	15062	98.734	79	1	139
MW435436.1	k141_12902	5432	87.097	93	12	114
MW435436.1	k141_24146	817	86.022	93	13	110
MW435436.1	k141_11261	1191	92.754	69	5	103
MW435436.1	k141_19981	324	95.238	63	3	101
MW435436.1	k141_32343	723	83.516	91	15	97.8
MW435436.1	k141_18013	390	93.651	63	4	96.9
MW435436.1	k141_15032	2516	71.006	169	47	77.9
MW435436.1	k141_5117	406	90.566	53	5	74.3
MW435436.1	k141_8034	3670	90.566	53	5	74.3
MW435436.1	k141_3548	449	97.368	38	1	65.3
MW435436.1	k141_3548	449	97.368	38	1	65.3
MW435436.1	k141_8824	11141	97.368	38	1	65.3
MW435436.1	k141_8824	11141	97.368	38	1	65.3
MW435436.1	k141_16359	465	86.792	53	7	65.3
MW435436.1	k141_8450	3904	75.000	80	20	55.4
MW435436.1	k141_8450	3904	75.000	80	20	55.4
MW435436.1	k141_18095	627	87.805	41	5	52.7
MW435436.1	k141_19042	402	86.842	38	5	47.3
NC_037882.1	k141_18371	25321	93.103	10063	343	15061
NC_037882.1	k141_18371	25321	93.103	10063	343	15061
NC_037882.1	k141_18371	25321	93.116	8164	424	12242
NC_037882.1	k141_18371	25321	93.116	8164	424	12242
NC_037882.1	k141_18371	25321	93.527	4851	162	7371
NC_037882.1	k141_18371	25321	93.527	4851	162	7371
NC_037882.1	k141_18371	25321	92.707	617	38	903
NC_037882.1	k141_18371	25321	92.707	617	38	903
NC_037882.1	k141_18371	25321	88.626	422	24	549
NC_037882.1	k141_18371	25321	88.626	422	24	549
NC_037882.1	k141_18371	25321	84.722	432	25	474
NC_037882.1	k141_18371	25321	84.722	432	25	474
NC_037882.1	k141_18371	25321	100.000	49	0	89.7
NC_037882.1	k141_18371	25321	100.000	49	0	89.7
NC_037882.1	k141_18371	25321	97.561	41	1	70.7
NC_037882.1	k141_18371	25321	94.872	39	2	62.6
NC_037882.1	k141_7850	36635	87.155	8003	899	9739
NC_037882.1	k141_7850	36635	81.433	4465	691	4273
NC_037882.1	k141_7850	36635	88.494	3094	273	3947
NC_037882.1	k141_7850	36635	78.394	4110	658	3292
NC_037882.1	k141_7850	36635	83.972	3051	371	3278
NC_037882.1	k141_7850	36635	85.793	1084	126	1260
NC_037882.1	k141_7850	36635	74.087	1123	157	695
NC_037882.1	k141_7850	36635	74.246	928	160	555
NC_037882.1	k141_7850	36635	76.888	662	110	471
NC_037882.1	k141_7850	36635	87.713	293	31	358
NC_037882.1	k141_7850	36635	82.133	347	44	350
NC_037882.1	k141_7850	36635	78.325	406	49	326
NC_037882.1	k141_7850	36635	71.189	597	139	269
NC_037882.1	k141_7850	36635	71.306	467	86	242
NC_037882.1	k141_7850	36635	80.075	266	37	224
NC_037882.1	k141_7850	36635	68.672	482	85	195
NC_037882.1	k141_7850	36635	85.401	137	20	158
NC_037882.1	k141_7850	36635	85.401	137	20	158
NC_037882.1	k141_7850	36635	98.810	84	1	148
NC_037882.1	k141_7850	36635	86.667	120	15	141
NC_037882.1	k141_7850	36635	83.846	130	12	131
NC_037882.1	k141_7850	36635	89.899	99	9	131
NC_037882.1	k141_7850	36635	82.540	63	10	61.7
NC_037882.1	k141_7850	36635	76.471	68	16	51.8
NC_037882.1	k141_2138	45187	91.310	4603	375	6480
NC_037882.1	k141_2138	45187	80.764	4840	614	4502
NC_037882.1	k141_2138	45187	83.262	3250	367	3370
NC_037882.1	k141_2138	45187	76.008	4143	645	2918
NC_037882.1	k141_2138	45187	83.830	2381	288	2552
NC_037882.1	k141_2138	45187	86.290	2108	211	2484
NC_037882.1	k141_2138	45187	83.543	2066	249	2172
NC_037882.1	k141_2138	45187	83.092	2005	264	2093
NC_037882.1	k141_2138	45187	80.312	2179	247	2003
NC_037882.1	k141_2138	45187	79.439	1712	253	1541
NC_037882.1	k141_2138	45187	74.384	2354	390	1521
NC_037882.1	k141_2138	45187	79.593	1622	244	1431
NC_037882.1	k141_2138	45187	88.051	862	75	1098
NC_037882.1	k141_2138	45187	81.500	1027	122	990
NC_037882.1	k141_2138	45187	86.162	766	96	882
NC_037882.1	k141_2138	45187	89.202	639	69	842
NC_037882.1	k141_2138	45187	72.957	1187	192	684
NC_037882.1	k141_2138	45187	85.948	306	43	359
NC_037882.1	k141_2138	45187	81.233	373	49	336
NC_037882.1	k141_2138	45187	81.614	223	32	217
NC_037882.1	k141_2138	45187	85.870	184	16	206
NC_037882.1	k141_2138	45187	86.111	180	18	196
NC_037882.1	k141_2138	45187	77.093	227	28	170
NC_037882.1	k141_2138	45187	86.429	140	14	159
NC_037882.1	k141_2138	45187	84.932	146	20	158
NC_037882.1	k141_2138	45187	92.727	110	6	156
NC_037882.1	k141_2138	45187	73.939	165	43	104
NC_037882.1	k141_2138	45187	74.074	162	42	104
NC_037882.1	k141_2138	45187	95.122	41	2	66.2
NC_037882.1	k141_2138	45187	97.368	38	1	65.3
NC_037882.1	k141_2138	45187	97.368	38	1	65.3
NC_037882.1	k141_2138	45187	73.256	86	23	52.7
NC_037882.1	k141_2138	45187	75.806	62	15	45.5
NC_037882.1	k141_18391	17530	80.905	2739	388	2623
NC_037882.1	k141_18391	17530	82.039	2589	396	2568
NC_037882.1	k141_18391	17530	77.405	2474	444	1933
NC_037882.1	k141_18391	17530	83.085	1342	210	1390
NC_037882.1	k141_18391	17530	76.365	1227	226	887
NC_037882.1	k141_18391	17530	83.333	600	93	629
NC_037882.1	k141_18391	17530	64.322	3711	976	627
NC_037882.1	k141_18391	17530	74.928	347	87	234
NC_037882.1	k141_18391	17530	69.919	369	81	161
NC_037882.1	k141_18391	17530	87.500	96	12	120
NC_037882.1	k141_18391	17530	87.500	96	12	120
NC_037882.1	k141_18391	17530	87.500	96	12	120
NC_037882.1	k141_18391	17530	87.500	96	12	120
NC_037882.1	k141_18391	17530	77.311	119	27	94.2
NC_037882.1	k141_18391	17530	95.238	42	2	68.0
NC_037882.1	k141_18391	17530	97.436	39	1	67.1
NC_037882.1	k141_18391	17530	97.436	39	1	67.1
NC_037882.1	k141_18391	17530	79.245	53	11	47.3
NC_037882.1	k141_36052	10545	84.726	766	71	869
NC_037882.1	k141_17250	13280	72.582	879	206	454
NC_037882.1	k141_17250	13280	72.582	879	206	454
NC_037882.1	k141_17250	13280	74.812	532	123	348
NC_037882.1	k141_17250	13280	74.812	532	123	348
NC_037882.1	k141_17250	13280	75.212	472	94	291
NC_037882.1	k141_17250	13280	75.212	472	94	291
NC_037882.1	k141_17250	13280	77.936	281	60	221
NC_037882.1	k141_17250	13280	77.936	281	60	221
NC_037882.1	k141_17250	13280	66.667	519	138	130
NC_037882.1	k141_17250	13280	66.667	519	138	130
NC_037882.1	k141_17250	13280	75.000	144	34	96.0
NC_037882.1	k141_17250	13280	75.000	144	34	96.0
NC_037882.1	k141_17250	13280	86.885	61	8	75.2
NC_037882.1	k141_17250	13280	86.885	61	8	75.2
NC_037882.1	k141_17226	435	74.641	418	106	277
NC_037882.1	k141_4286	3830	82.156	269	40	263
NC_037882.1	k141_4286	3830	87.113	194	21	233
NC_037882.1	k141_37881	2532	93.571	140	9	213
NC_037882.1	k141_37881	2532	96.875	64	2	107
NC_037882.1	k141_37881	2532	96.875	64	2	107
NC_037882.1	k141_12958	6808	92.199	141	11	205
NC_037882.1	k141_12958	6808	76.923	78	12	48.2
NC_037882.1	k141_25949	1946	96.522	115	4	190
NC_037882.1	k141_20563	4457	68.085	564	166	183
NC_037882.1	k141_20563	4457	68.992	129	40	53.6
NC_037882.1	k141_10089	17970	96.364	110	4	181
NC_037882.1	k141_10089	17970	96.364	110	4	181
NC_037882.1	k141_10089	17970	86.047	86	3	105
NC_037882.1	k141_20116	609	96.296	108	4	178
NC_037882.1	k141_20116	609	96.296	108	4	178
NC_037882.1	k141_27550	18482	81.410	156	16	154
NC_037882.1	k141_27550	18482	97.500	80	2	136
NC_037882.1	k141_34028	431	81.013	158	13	152
NC_037882.1	k141_4503	15062	100.000	76	0	138
NC_037882.1	k141_20254	1515	74.286	210	47	133
NC_037882.1	k141_20254	1515	74.269	171	37	108
NC_037882.1	k141_12902	5432	90.244	82	8	113
NC_037882.1	k141_11261	1191	91.892	74	6	107
NC_037882.1	k141_24146	817	84.946	93	14	105
NC_037882.1	k141_19981	324	95.238	63	3	101
NC_037882.1	k141_18013	390	92.424	66	5	97.8
NC_037882.1	k141_32343	723	80.220	91	18	84.2
NC_037882.1	k141_25996	10674	85.333	75	10	83.3
NC_037882.1	k141_19356	488	87.302	63	8	78.8
NC_037882.1	k141_22959	394	88.333	60	7	77.9
NC_037882.1	k141_22959	394	88.136	59	7	76.1
NC_037882.1	k141_8450	3904	81.250	80	15	77.9
NC_037882.1	k141_5117	406	90.566	53	5	74.3
NC_037882.1	k141_12231	800	85.714	63	9	74.3
NC_037882.1	k141_9676	529	86.667	60	8	73.4
NC_037882.1	k141_3548	449	95.455	44	2	71.6
NC_037882.1	k141_3548	449	95.455	44	2	71.6
NC_037882.1	k141_3548	449	97.368	38	1	65.3
NC_037882.1	k141_3548	449	97.368	38	1	65.3
NC_037882.1	k141_15032	2516	69.048	168	52	69.8
NC_037882.1	k141_7669	16303	90.196	51	3	68.0
NC_037882.1	k141_16359	465	88.235	51	6	66.2
NC_037882.1	k141_8824	11141	97.368	38	1	65.3
NC_037882.1	k141_8824	11141	97.368	38	1	65.3
NC_037882.1	k141_8034	3670	92.857	42	3	63.5
NC_037882.1	k141_22739	821	89.130	46	5	61.7
NC_037882.1	k141_8501	7307	84.746	59	5	61.7
NC_037882.1	k141_18095	627	90.244	41	4	57.2
NC_037882.1	k141_19042	402	89.744	39	4	53.6
NC_056190.1	k141_18371	25321	93.649	9935	300	15091
NC_056190.1	k141_18371	25321	93.649	9935	300	15091
NC_056190.1	k141_18371	25321	93.066	9591	447	14356
NC_056190.1	k141_18371	25321	93.156	9526	434	14297
NC_056190.1	k141_18371	25321	92.717	5849	213	8653
NC_056190.1	k141_18371	25321	92.717	5849	213	8653
NC_056190.1	k141_18371	25321	97.561	41	1	70.7
NC_056190.1	k141_18371	25321	92.308	39	3	58.1
NC_056190.1	k141_7850	36635	86.841	8306	926	10022
NC_056190.1	k141_7850	36635	80.500	5241	665	4806
NC_056190.1	k141_7850	36635	81.572	4759	653	4615
NC_056190.1	k141_7850	36635	87.006	3671	323	4474
NC_056190.1	k141_7850	36635	79.425	4000	641	3433
NC_056190.1	k141_7850	36635	87.753	1086	116	1352
NC_056190.1	k141_7850	36635	79.560	636	86	552
NC_056190.1	k141_7850	36635	81.802	555	51	537
NC_056190.1	k141_7850	36635	77.928	444	70	353
NC_056190.1	k141_7850	36635	72.798	647	128	341
NC_056190.1	k141_7850	36635	72.431	613	115	316
NC_056190.1	k141_7850	36635	71.078	529	70	277
NC_056190.1	k141_7850	36635	84.783	184	27	203
NC_056190.1	k141_7850	36635	68.254	504	95	157
NC_056190.1	k141_7850	36635	87.218	133	12	150
NC_056190.1	k141_7850	36635	93.023	86	6	129
NC_056190.1	k141_7850	36635	80.153	131	24	113
NC_056190.1	k141_7850	36635	86.364	44	6	53.6
NC_056190.1	k141_7850	36635	76.471	68	16	51.8
NC_056190.1	k141_2138	45187	82.092	8376	1112	8229
NC_056190.1	k141_2138	45187	93.159	4502	307	6727
NC_056190.1	k141_2138	45187	82.726	4197	484	4360
NC_056190.1	k141_2138	45187	84.872	3206	356	3559
NC_056190.1	k141_2138	45187	76.883	3811	527	2901
NC_056190.1	k141_2138	45187	80.752	2395	316	2255
NC_056190.1	k141_2138	45187	81.464	2158	226	2093
NC_056190.1	k141_2138	45187	75.838	2388	404	1731
NC_056190.1	k141_2138	45187	83.595	1591	186	1689
NC_056190.1	k141_2138	45187	85.865	1330	149	1519
NC_056190.1	k141_2138	45187	77.604	1469	165	1193
NC_056190.1	k141_2138	45187	79.718	1134	154	1010
NC_056190.1	k141_2138	45187	75.357	1262	197	874
NC_056190.1	k141_2138	45187	84.146	738	93	812
NC_056190.1	k141_2138	45187	73.300	603	102	343
NC_056190.1	k141_2138	45187	86.296	270	31	322
NC_056190.1	k141_2138	45187	85.315	286	34	307
NC_056190.1	k141_2138	45187	76.093	343	57	236
NC_056190.1	k141_2138	45187	89.674	184	16	236
NC_056190.1	k141_2138	45187	85.161	155	10	175
NC_056190.1	k141_2138	45187	76.836	177	24	137
NC_056190.1	k141_2138	45187	75.152	165	41	113
NC_056190.1	k141_2138	45187	91.045	67	6	95.1
NC_056190.1	k141_2138	45187	72.561	164	45	94.2
NC_056190.1	k141_2138	45187	93.333	45	3	68.9
NC_056190.1	k141_2138	45187	95.122	41	2	66.2
NC_056190.1	k141_2138	45187	100.000	36	0	66.2
NC_056190.1	k141_2138	45187	100.000	36	0	66.2
NC_056190.1	k141_2138	45187	68.235	170	52	57.2
NC_056190.1	k141_2138	45187	75.806	62	15	45.5
NC_056190.1	k141_18391	17530	80.488	2829	434	2603
NC_056190.1	k141_18391	17530	79.175	1503	198	1350
NC_056190.1	k141_18391	17530	67.310	4298	1065	1345
NC_056190.1	k141_18391	17530	80.033	1217	209	1086
NC_056190.1	k141_18391	17530	84.078	716	96	763
NC_056190.1	k141_18391	17530	82.553	619	102	618
NC_056190.1	k141_18391	17530	80.612	294	35	276
NC_056190.1	k141_18391	17530	75.157	318	51	198
NC_056190.1	k141_18391	17530	78.534	191	39	153
NC_056190.1	k141_18391	17530	78.358	134	28	108
NC_056190.1	k141_18391	17530	64.323	569	158	103
NC_056190.1	k141_18391	17530	92.857	42	3	63.5
NC_056190.1	k141_18391	17530	92.308	39	3	58.1
NC_056190.1	k141_18391	17530	92.308	39	3	58.1
NC_056190.1	k141_18391	17530	92.105	38	3	56.3
NC_056190.1	k141_18391	17530	92.105	38	3	56.3
NC_056190.1	k141_36052	10545	84.635	768	72	868
NC_056190.1	k141_17250	13280	71.540	1156	268	545
NC_056190.1	k141_17250	13280	71.540	1156	268	545
NC_056190.1	k141_17250	13280	72.697	890	208	465
NC_056190.1	k141_17250	13280	72.697	890	208	465
NC_056190.1	k141_17250	13280	77.580	281	61	216
NC_056190.1	k141_17250	13280	77.580	281	61	216
NC_056190.1	k141_17250	13280	66.095	525	137	123
NC_056190.1	k141_17250	13280	66.095	525	137	123
NC_056190.1	k141_17250	13280	80.412	97	19	90.6
NC_056190.1	k141_17250	13280	80.412	97	19	90.6
NC_056190.1	k141_17250	13280	86.885	61	8	75.2
NC_056190.1	k141_17250	13280	86.885	61	8	75.2
NC_056190.1	k141_4286	3830	86.742	264	35	319
NC_056190.1	k141_4286	3830	90.863	197	16	272
NC_056190.1	k141_17226	435	74.408	422	108	275
NC_056190.1	k141_37881	2532	97.143	140	4	235
NC_056190.1	k141_37881	2532	97.143	140	4	235
NC_056190.1	k141_37881	2532	95.714	140	6	226
NC_056190.1	k141_20563	4457	66.924	777	206	226
NC_056190.1	k141_12958	6808	93.617	141	9	214
NC_056190.1	k141_12958	6808	76.923	78	12	48.2
NC_056190.1	k141_20116	609	97.222	108	3	182
NC_056190.1	k141_20116	609	97.222	108	3	182
NC_056190.1	k141_10089	17970	95.455	110	5	177
NC_056190.1	k141_10089	17970	95.455	110	5	177
NC_056190.1	k141_10089	17970	87.356	87	2	112
NC_056190.1	k141_27550	18482	83.333	156	13	168
NC_056190.1	k141_27550	18482	98.765	81	1	142
NC_056190.1	k141_25949	1946	92.174	115	9	168
NC_056190.1	k141_34028	431	82.692	156	10	162
NC_056190.1	k141_4503	15062	96.386	83	3	137
NC_056190.1	k141_24146	817	90.217	92	9	126
NC_056190.1	k141_11261	1191	93.590	78	4	115
NC_056190.1	k141_12902	5432	85.714	98	14	114
NC_056190.1	k141_20254	1515	72.249	209	45	110
NC_056190.1	k141_20254	1515	72.249	209	45	110
NC_056190.1	k141_18013	390	94.286	70	3	105
NC_056190.1	k141_19981	324	93.750	64	4	98.7
NC_056190.1	k141_15032	2516	72.619	168	46	96.9
NC_056190.1	k141_25996	10674	86.667	75	9	87.8
NC_056190.1	k141_19356	488	86.364	66	9	79.7
NC_056190.1	k141_22959	394	89.655	58	6	78.8
NC_056190.1	k141_22959	394	84.848	66	10	75.2
NC_056190.1	k141_20579	11356	82.278	79	12	77.9
NC_056190.1	k141_20579	11356	77.778	72	12	58.1
NC_056190.1	k141_8501	7307	88.710	62	3	76.1
NC_056190.1	k141_8034	3670	90.909	55	3	75.2
NC_056190.1	k141_5117	406	90.566	53	5	74.3
NC_056190.1	k141_3548	449	93.182	44	3	67.1
NC_056190.1	k141_3548	449	93.182	44	3	67.1
NC_056190.1	k141_3548	449	97.368	38	1	65.3
NC_056190.1	k141_3548	449	97.368	38	1	65.3
NC_056190.1	k141_8824	11141	97.368	38	1	65.3
NC_056190.1	k141_8824	11141	97.368	38	1	65.3
NC_056190.1	k141_16359	465	84.906	53	8	60.8
NC_056190.1	k141_7669	16303	88.372	43	5	56.3
NC_056190.1	k141_19042	402	91.667	36	3	52.7
NC_056190.1	k141_3868	487	86.047	43	6	51.8
NC_056190.1	k141_18095	627	85.366	41	6	48.2
MN564931.1	k141_18371	25321	92.238	9121	357	13272
MN564931.1	k141_18371	25321	92.238	9121	357	13272
MN564931.1	k141_18371	25321	89.807	6004	288	8113
MN564931.1	k141_18371	25321	89.807	6004	288	8113
MN564931.1	k141_18371	25321	84.804	5304	528	5993
MN564931.1	k141_18371	25321	84.804	5304	528	5993
MN564931.1	k141_18371	25321	91.404	2315	101	3281
MN564931.1	k141_18371	25321	91.393	2312	101	3276
MN564931.1	k141_18371	25321	84.100	761	86	837
MN564931.1	k141_18371	25321	84.100	761	86	837
MN564931.1	k141_18371	25321	85.798	683	52	804
MN564931.1	k141_18371	25321	85.798	683	52	804
MN564931.1	k141_18371	25321	86.475	488	45	589
MN564931.1	k141_18371	25321	86.475	488	45	589
MN564931.1	k141_18371	25321	75.564	266	35	205
MN564931.1	k141_18371	25321	75.564	266	35	205
MN564931.1	k141_18371	25321	83.529	170	8	186
MN564931.1	k141_18371	25321	83.529	170	8	186
MN564931.1	k141_18371	25321	100.000	41	0	75.2
MN564931.1	k141_18371	25321	97.619	42	1	72.5
MN564931.1	k141_18371	25321	97.619	42	1	72.5
MN564931.1	k141_18371	25321	92.857	42	3	63.5
MN564931.1	k141_18371	25321	92.500	40	3	59.9
MN564931.1	k141_18371	25321	92.500	40	3	59.9
MN564931.1	k141_7850	36635	84.951	8253	1046	9231
MN564931.1	k141_7850	36635	80.522	4410	714	4009
MN564931.1	k141_7850	36635	90.106	2648	235	3583
MN564931.1	k141_7850	36635	81.112	3219	445	3040
MN564931.1	k141_7850	36635	77.479	3974	707	3031
MN564931.1	k141_7850	36635	85.479	1095	143	1255
MN564931.1	k141_7850	36635	72.334	994	182	507
MN564931.1	k141_7850	36635	72.153	887	129	485
MN564931.1	k141_7850	36635	87.667	300	35	372
MN564931.1	k141_7850	36635	71.987	639	102	357
MN564931.1	k141_7850	36635	82.583	333	41	337
MN564931.1	k141_7850	36635	78.795	415	66	332
MN564931.1	k141_7850	36635	74.172	453	98	285
MN564931.1	k141_7850	36635	70.245	531	97	233
MN564931.1	k141_7850	36635	78.832	274	42	212
MN564931.1	k141_7850	36635	68.868	636	138	201
MN564931.1	k141_7850	36635	80.383	209	22	187
MN564931.1	k141_7850	36635	87.407	135	14	166
MN564931.1	k141_7850	36635	92.793	111	7	161
MN564931.1	k141_7850	36635	87.121	132	14	160
MN564931.1	k141_7850	36635	97.500	80	2	136
MN564931.1	k141_7850	36635	95.181	83	4	132
MN564931.1	k141_7850	36635	85.294	102	14	113
MN564931.1	k141_2138	45187	78.105	8833	1306	7119
MN564931.1	k141_2138	45187	91.457	4448	365	6304
MN564931.1	k141_2138	45187	81.187	3168	423	2998
MN564931.1	k141_2138	45187	82.985	2198	268	2266
MN564931.1	k141_2138	45187	83.918	1853	249	1966
MN564931.1	k141_2138	45187	72.434	3439	592	1943
MN564931.1	k141_2138	45187	78.981	2179	307	1812
MN564931.1	k141_2138	45187	75.106	2354	425	1564
MN564931.1	k141_2138	45187	80.804	1568	241	1453
MN564931.1	k141_2138	45187	85.576	1137	119	1289
MN564931.1	k141_2138	45187	85.807	1078	140	1249
MN564931.1	k141_2138	45187	76.632	1532	263	1163
MN564931.1	k141_2138	45187	78.015	937	174	746
MN564931.1	k141_2138	45187	84.923	650	87	732
MN564931.1	k141_2138	45187	81.481	729	110	693
MN564931.1	k141_2138	45187	73.407	910	144	526
MN564931.1	k141_2138	45187	81.690	284	36	266
MN564931.1	k141_2138	45187	84.127	252	34	262
MN564931.1	k141_2138	45187	80.224	268	46	247
MN564931.1	k141_2138	45187	90.850	153	13	210
MN564931.1	k141_2138	45187	89.262	149	16	197
MN564931.1	k141_2138	45187	87.179	156	14	184
MN564931.1	k141_2138	45187	87.591	137	15	164
MN564931.1	k141_2138	45187	86.232	138	19	164
MN564931.1	k141_2138	45187	87.121	132	14	160
MN564931.1	k141_2138	45187	73.333	240	39	145
MN564931.1	k141_2138	45187	65.614	570	176	127
MN564931.1	k141_2138	45187	73.939	165	43	104
MN564931.1	k141_2138	45187	97.561	41	1	70.7
MN564931.1	k141_2138	45187	100.000	38	0	69.8
MN564931.1	k141_2138	45187	100.000	38	0	69.8
MN564931.1	k141_2138	45187	82.979	47	8	50.0
MN564931.1	k141_2138	45187	75.806	62	15	45.5
MN564931.1	k141_18391	17530	78.328	3959	657	3246
MN564931.1	k141_18391	17530	81.077	2748	431	2593
MN564931.1	k141_18391	17530	77.788	2242	436	1778
MN564931.1	k141_18391	17530	82.122	1348	192	1344
MN564931.1	k141_18391	17530	83.502	594	94	625
MN564931.1	k141_18391	17530	81.333	225	33	207
MN564931.1	k141_18391	17530	74.143	321	59	196
MN564931.1	k141_18391	17530	74.143	321	59	196
MN564931.1	k141_18391	17530	71.574	394	90	190
MN564931.1	k141_18391	17530	71.574	394	90	190
MN564931.1	k141_18391	17530	64.750	1078	250	182
MN564931.1	k141_18391	17530	64.750	1078	250	182
MN564931.1	k141_18391	17530	66.501	403	90	128
MN564931.1	k141_18391	17530	66.501	403	90	128
MN564931.1	k141_18391	17530	75.000	164	33	101
MN564931.1	k141_18391	17530	75.000	164	33	101
MN564931.1	k141_18391	17530	95.238	42	2	68.0
MN564931.1	k141_18391	17530	94.872	39	2	62.6
MN564931.1	k141_18391	17530	94.872	39	2	62.6
MN564931.1	k141_18391	17530	86.000	50	7	59.9
MN564931.1	k141_18391	17530	89.474	38	4	51.8
MN564931.1	k141_18391	17530	89.474	38	4	51.8
MN564931.1	k141_18391	17530	80.769	52	10	50.0
MN564931.1	k141_18391	17530	80.769	52	10	50.0
MN564931.1	k141_36052	10545	82.768	766	86	801
MN564931.1	k141_17250	13280	72.810	879	204	463
MN564931.1	k141_17250	13280	72.810	879	204	463
MN564931.1	k141_17250	13280	74.248	532	126	334
MN564931.1	k141_17250	13280	74.248	532	126	334
MN564931.1	k141_17250	13280	75.424	472	93	296
MN564931.1	k141_17250	13280	75.424	472	93	296
MN564931.1	k141_17250	13280	77.936	281	60	221
MN564931.1	k141_17250	13280	77.936	281	60	221
MN564931.1	k141_17250	13280	66.474	519	139	125
MN564931.1	k141_17250	13280	66.474	519	139	125
MN564931.1	k141_17250	13280	75.556	135	31	93.3
MN564931.1	k141_17250	13280	75.556	135	31	93.3
MN564931.1	k141_17250	13280	86.885	61	8	75.2
MN564931.1	k141_17250	13280	86.885	61	8	75.2
MN564931.1	k141_17226	435	77.487	382	86	302
MN564931.1	k141_4286	3830	83.774	265	41	278
MN564931.1	k141_4286	3830	83.938	193	29	206
MN564931.1	k141_37881	2532	97.857	140	3	240
MN564931.1	k141_37881	2532	97.857	140	3	240
MN564931.1	k141_37881	2532	91.429	140	12	199
MN564931.1	k141_20563	4457	66.417	801	232	234
MN564931.1	k141_12958	6808	93.617	141	9	214
MN564931.1	k141_27550	18482	84.615	156	11	177
MN564931.1	k141_27550	18482	96.250	80	3	132
MN564931.1	k141_27550	18482	71.204	191	55	97.8
MN564931.1	k141_27550	18482	71.204	191	55	97.8
MN564931.1	k141_10089	17970	94.595	111	6	174
MN564931.1	k141_10089	17970	94.595	111	6	174
MN564931.1	k141_10089	17970	82.022	89	7	93.3
MN564931.1	k141_20116	609	95.370	108	5	173
MN564931.1	k141_20116	609	95.370	108	5	173
MN564931.1	k141_25949	1946	93.805	113	7	173
MN564931.1	k141_34028	431	81.013	158	13	152
MN564931.1	k141_4503	15062	78.947	171	14	149
MN564931.1	k141_12902	5432	89.362	94	10	125
MN564931.1	k141_20254	1515	73.500	200	46	115
MN564931.1	k141_20254	1515	73.500	200	46	115
MN564931.1	k141_11261	1191	94.521	73	4	114
MN564931.1	k141_24146	817	84.946	93	14	105
MN564931.1	k141_18013	390	95.385	65	3	104
MN564931.1	k141_32343	723	82.418	91	16	93.3
MN564931.1	k141_25996	10674	86.667	75	9	87.8
MN564931.1	k141_19981	324	90.476	63	6	87.8
MN564931.1	k141_15032	2516	72.611	157	41	83.3
MN564931.1	k141_8501	7307	89.474	57	3	75.2
MN564931.1	k141_5117	406	88.679	53	6	69.8
MN564931.1	k141_8450	3904	71.429	133	38	69.8
MN564931.1	k141_3548	449	93.182	44	3	67.1
MN564931.1	k141_3548	449	93.182	44	3	67.1
MN564931.1	k141_3548	449	97.368	38	1	65.3
MN564931.1	k141_3548	449	97.368	38	1	65.3
MN564931.1	k141_7669	16303	93.023	43	3	65.3
MN564931.1	k141_4587	1306	84.314	51	8	57.2
MN564931.1	k141_16359	465	82.692	52	9	54.5
MN564931.1	k141_18095	627	80.488	41	8	39.2
NC_031651.1	k141_18371	25321	91.794	9103	371	13122
NC_031651.1	k141_18371	25321	91.794	9103	371	13122
NC_031651.1	k141_18371	25321	90.947	9257	670	12933
NC_031651.1	k141_18371	25321	91.471	9051	639	12859
NC_031651.1	k141_18371	25321	92.110	4930	220	7177
NC_031651.1	k141_18371	25321	92.110	4930	220	7177
NC_031651.1	k141_18371	25321	82.425	899	80	899
NC_031651.1	k141_18371	25321	82.425	899	80	899
NC_031651.1	k141_18371	25321	83.017	842	113	888
NC_031651.1	k141_18371	25321	83.750	160	11	172
NC_031651.1	k141_18371	25321	83.750	160	11	172
NC_031651.1	k141_18371	25321	89.655	58	6	78.8
NC_031651.1	k141_18371	25321	97.619	42	1	72.5
NC_031651.1	k141_18371	25321	93.333	45	3	68.9
NC_031651.1	k141_18371	25321	93.333	45	3	68.9
NC_031651.1	k141_7850	36635	84.223	8056	1085	8817
NC_031651.1	k141_7850	36635	80.036	4493	720	4039
NC_031651.1	k141_7850	36635	86.606	2949	300	3534
NC_031651.1	k141_7850	36635	82.090	2976	408	2938
NC_031651.1	k141_7850	36635	75.458	4042	737	2746
NC_031651.1	k141_7850	36635	83.996	1106	136	1189
NC_031651.1	k141_7850	36635	73.063	1136	183	636
NC_031651.1	k141_7850	36635	75.932	644	118	447
NC_031651.1	k141_7850	36635	71.365	894	169	420
NC_031651.1	k141_7850	36635	85.570	298	32	350
NC_031651.1	k141_7850	36635	83.383	337	40	348
NC_031651.1	k141_7850	36635	75.708	424	58	301
NC_031651.1	k141_7850	36635	78.593	327	68	272
NC_031651.1	k141_7850	36635	78.247	308	48	240
NC_031651.1	k141_7850	36635	84.667	150	15	157
NC_031651.1	k141_7850	36635	83.333	150	18	156
NC_031651.1	k141_7850	36635	81.944	144	20	135
NC_031651.1	k141_7850	36635	94.382	89	4	135
NC_031651.1	k141_7850	36635	79.618	157	18	134
NC_031651.1	k141_7850	36635	98.649	74	1	130
NC_031651.1	k141_7850	36635	77.124	153	33	112
NC_031651.1	k141_7850	36635	94.545	55	3	86.9
NC_031651.1	k141_7850	36635	78.218	101	13	74.3
NC_031651.1	k141_7850	36635	79.365	63	13	56.3
NC_031651.1	k141_2138	45187	90.330	4602	417	6269
NC_031651.1	k141_2138	45187	75.577	6887	1052	4765
NC_031651.1	k141_2138	45187	78.442	4852	767	3939
NC_031651.1	k141_2138	45187	87.022	1988	232	2424
NC_031651.1	k141_2138	45187	85.208	1974	222	2226
NC_031651.1	k141_2138	45187	84.869	1791	224	1988
NC_031651.1	k141_2138	45187	77.911	2173	284	1752
NC_031651.1	k141_2138	45187	78.643	2004	337	1682
NC_031651.1	k141_2138	45187	86.902	1046	115	1262
NC_031651.1	k141_2138	45187	76.463	1572	264	1173
NC_031651.1	k141_2138	45187	82.664	1021	156	1027
NC_031651.1	k141_2138	45187	86.000	650	90	759
NC_031651.1	k141_2138	45187	83.287	712	111	737
NC_031651.1	k141_2138	45187	83.409	657	106	692
NC_031651.1	k141_2138	45187	76.044	1006	173	682
NC_031651.1	k141_2138	45187	76.826	794	121	592
NC_031651.1	k141_2138	45187	77.913	738	138	583
NC_031651.1	k141_2138	45187	70.048	1262	243	527
NC_031651.1	k141_2138	45187	80.435	460	82	418
NC_031651.1	k141_2138	45187	85.862	290	32	324
NC_031651.1	k141_2138	45187	80.087	231	28	208
NC_031651.1	k141_2138	45187	90.541	148	14	205
NC_031651.1	k141_2138	45187	66.620	710	141	200
NC_031651.1	k141_2138	45187	86.538	156	15	188
NC_031651.1	k141_2138	45187	89.394	132	9	176
NC_031651.1	k141_2138	45187	96.512	86	3	142
NC_031651.1	k141_2138	45187	93.478	92	6	140
NC_031651.1	k141_2138	45187	75.000	164	41	112
NC_031651.1	k141_2138	45187	72.727	165	45	96.0
NC_031651.1	k141_2138	45187	74.627	134	32	82.4
NC_031651.1	k141_2138	45187	100.000	38	0	69.8
NC_031651.1	k141_2138	45187	100.000	38	0	69.8
NC_031651.1	k141_2138	45187	94.737	38	2	60.8
NC_031651.1	k141_2138	45187	75.806	62	15	45.5
NC_031651.1	k141_2138	45187	66.471	170	55	43.7
NC_031651.1	k141_18391	17530	79.798	2866	459	2509
NC_031651.1	k141_18391	17530	80.898	2560	410	2389
NC_031651.1	k141_18391	17530	78.345	2212	449	1812
NC_031651.1	k141_18391	17530	82.868	1325	205	1342
NC_031651.1	k141_18391	17530	75.620	1210	223	832
NC_031651.1	k141_18391	17530	64.413	3639	904	627
NC_031651.1	k141_18391	17530	81.544	596	109	576
NC_031651.1	k141_18391	17530	71.963	214	53	109
NC_031651.1	k141_18391	17530	95.122	41	2	66.2
NC_031651.1	k141_18391	17530	94.872	39	2	62.6
NC_031651.1	k141_18391	17530	94.872	39	2	62.6
NC_031651.1	k141_18391	17530	92.105	38	3	56.3
NC_031651.1	k141_18391	17530	92.105	38	3	56.3
NC_031651.1	k141_18391	17530	81.132	53	10	51.8
NC_031651.1	k141_36052	10545	81.854	766	93	770
NC_031651.1	k141_17250	13280	71.255	1155	273	536
NC_031651.1	k141_17250	13280	71.255	1155	273	536
NC_031651.1	k141_17250	13280	72.912	886	191	471
NC_031651.1	k141_17250	13280	72.912	886	191	471
NC_031651.1	k141_17250	13280	77.936	281	60	221
NC_031651.1	k141_17250	13280	77.936	281	60	221
NC_031651.1	k141_17250	13280	66.474	519	139	125
NC_031651.1	k141_17250	13280	66.474	519	139	125
NC_031651.1	k141_17250	13280	75.373	134	31	91.5
NC_031651.1	k141_17250	13280	75.373	134	31	91.5
NC_031651.1	k141_17250	13280	86.885	61	8	75.2
NC_031651.1	k141_17250	13280	86.885	61	8	75.2
NC_031651.1	k141_17226	435	75.172	435	108	298
NC_031651.1	k141_4286	3830	84.091	264	42	288
NC_031651.1	k141_4286	3830	80.102	196	37	176
NC_031651.1	k141_37881	2532	96.429	140	5	231
NC_031651.1	k141_37881	2532	96.429	140	5	231
NC_031651.1	k141_37881	2532	90.580	138	13	191
NC_031651.1	k141_20563	4457	68.007	597	184	200
NC_031651.1	k141_20563	4457	68.862	167	46	59.9
NC_031651.1	k141_12958	6808	89.286	140	15	186
NC_031651.1	k141_12958	6808	76.623	77	12	46.4
NC_031651.1	k141_20116	609	96.296	108	4	178
NC_031651.1	k141_20116	609	96.296	108	4	178
NC_031651.1	k141_10089	17970	94.545	110	6	172
NC_031651.1	k141_10089	17970	94.545	110	6	172
NC_031651.1	k141_10089	17970	85.057	87	4	103
NC_031651.1	k141_25949	1946	88.430	121	14	156
NC_031651.1	k141_27550	18482	81.410	156	16	154
NC_031651.1	k141_27550	18482	71.728	191	54	102
NC_031651.1	k141_27550	18482	71.728	191	54	102
NC_031651.1	k141_27550	18482	98.182	55	1	96.0
NC_031651.1	k141_4503	15062	98.718	78	1	137
NC_031651.1	k141_34028	431	77.848	158	18	130
NC_031651.1	k141_20254	1515	73.182	220	51	121
NC_031651.1	k141_11261	1191	93.421	76	4	112
NC_031651.1	k141_18013	390	92.857	70	4	101
NC_031651.1	k141_24146	817	82.796	93	16	96.9
NC_031651.1	k141_19981	324	93.651	63	4	96.9
NC_031651.1	k141_19356	488	87.692	65	8	82.4
NC_031651.1	k141_15032	2516	72.353	170	43	81.5
NC_031651.1	k141_8450	3904	75.397	126	29	81.5
NC_031651.1	k141_22959	394	88.525	61	7	79.7
NC_031651.1	k141_22959	394	88.333	60	7	77.9
NC_031651.1	k141_12231	800	86.154	65	9	77.9
NC_031651.1	k141_8501	7307	88.710	62	3	76.1
NC_031651.1	k141_9676	529	86.667	60	8	73.4
NC_031651.1	k141_3548	449	95.455	44	2	71.6
NC_031651.1	k141_3548	449	95.455	44	2	71.6
NC_031651.1	k141_3548	449	97.368	38	1	65.3
NC_031651.1	k141_3548	449	97.368	38	1	65.3
NC_031651.1	k141_8034	3670	93.478	46	3	70.7
NC_031651.1	k141_7669	16303	93.023	43	3	65.3
NC_031651.1	k141_5117	406	86.792	53	7	65.3
NC_031651.1	k141_22739	821	89.130	46	5	61.7
NC_031651.1	k141_8824	11141	94.737	38	2	60.8
NC_031651.1	k141_8824	11141	94.737	38	2	60.8
NC_031651.1	k141_18095	627	87.805	41	5	52.7
MW366789.1	k141_18371	25321	89.274	5342	333	6997
MW366789.1	k141_18371	25321	89.274	5342	333	6997
MW366789.1	k141_18371	25321	87.517	4518	377	5625
MW366789.1	k141_18371	25321	87.517	4518	377	5625
MW366789.1	k141_18371	25321	91.327	1764	108	2497
MW366789.1	k141_18371	25321	91.327	1764	108	2497
MW366789.1	k141_18371	25321	87.628	1754	143	2176
MW366789.1	k141_18371	25321	87.986	1723	141	2171
MW366789.1	k141_18371	25321	83.228	632	60	659
MW366789.1	k141_18371	25321	83.228	632	60	659
MW366789.1	k141_18371	25321	85.227	440	42	495
MW366789.1	k141_18371	25321	85.227	440	42	495
MW366789.1	k141_18371	25321	85.227	440	42	495
MW366789.1	k141_18371	25321	80.769	312	36	297
MW366789.1	k141_18371	25321	80.769	312	36	297
MW366789.1	k141_18371	25321	96.350	137	5	225
MW366789.1	k141_18371	25321	96.350	137	5	225
MW366789.1	k141_18371	25321	88.953	172	19	225
MW366789.1	k141_18371	25321	88.953	172	19	225
MW366789.1	k141_18371	25321	90.972	144	13	202
MW366789.1	k141_18371	25321	90.972	144	13	202
MW366789.1	k141_18371	25321	84.091	176	27	188
MW366789.1	k141_18371	25321	84.091	176	27	188
MW366789.1	k141_18371	25321	85.034	147	13	166
MW366789.1	k141_18371	25321	79.651	172	21	152
MW366789.1	k141_18371	25321	79.651	172	21	152
MW366789.1	k141_18371	25321	88.136	118	13	149
MW366789.1	k141_18371	25321	88.136	118	13	147
MW366789.1	k141_18371	25321	94.565	92	5	144
MW366789.1	k141_18371	25321	94.565	92	5	144
MW366789.1	k141_18371	25321	89.796	49	5	67.1
MW366789.1	k141_18371	25321	89.796	49	5	67.1
MW366789.1	k141_18371	25321	89.796	49	5	67.1
MW366789.1	k141_18371	25321	94.737	38	2	60.8
MW366789.1	k141_7850	36635	78.849	8009	1449	6726
MW366789.1	k141_7850	36635	89.373	2569	262	3390
MW366789.1	k141_7850	36635	75.642	3543	656	2393
MW366789.1	k141_7850	36635	74.637	3099	628	2017
MW366789.1	k141_7850	36635	85.714	1442	159	1647
MW366789.1	k141_7850	36635	82.414	870	124	861
MW366789.1	k141_7850	36635	82.414	870	124	861
MW366789.1	k141_7850	36635	70.324	1358	355	604
MW366789.1	k141_7850	36635	70.452	1083	237	491
MW366789.1	k141_7850	36635	82.506	423	61	428
MW366789.1	k141_7850	36635	84.274	248	37	265
MW366789.1	k141_7850	36635	71.636	550	101	253
MW366789.1	k141_7850	36635	75.462	379	56	240
MW366789.1	k141_7850	36635	68.475	590	125	209
MW366789.1	k141_7850	36635	74.085	328	76	199
MW366789.1	k141_7850	36635	70.423	426	88	195
MW366789.1	k141_7850	36635	77.381	252	39	187
MW366789.1	k141_7850	36635	93.878	98	6	150
MW366789.1	k141_7850	36635	83.704	135	14	139
MW366789.1	k141_7850	36635	83.582	134	16	135
MW366789.1	k141_7850	36635	98.684	76	1	133
MW366789.1	k141_7850	36635	97.436	78	2	132
MW366789.1	k141_7850	36635	97.436	78	2	132
MW366789.1	k141_7850	36635	98.649	74	1	130
MW366789.1	k141_7850	36635	94.737	76	4	120
MW366789.1	k141_7850	36635	81.379	145	15	120
MW366789.1	k141_7850	36635	70.703	256	70	115
MW366789.1	k141_7850	36635	86.000	100	11	107
MW366789.1	k141_7850	36635	91.139	79	5	104
MW366789.1	k141_7850	36635	86.747	83	11	101
MW366789.1	k141_7850	36635	85.714	77	11	90.6
MW366789.1	k141_7850	36635	84.091	88	12	89.7
MW366789.1	k141_7850	36635	82.051	78	10	77.9
MW366789.1	k141_7850	36635	82.051	78	10	77.9
MW366789.1	k141_7850	36635	90.909	44	4	62.6
MW366789.1	k141_7850	36635	83.019	53	9	56.3
MW366789.1	k141_7850	36635	83.019	53	9	56.3
MW366789.1	k141_2138	45187	88.804	4466	470	5778
MW366789.1	k141_2138	45187	88.804	4466	470	5778
MW366789.1	k141_2138	45187	81.768	2726	383	2648
MW366789.1	k141_2138	45187	85.536	1846	267	2126
MW366789.1	k141_2138	45187	86.473	1656	207	1948
MW366789.1	k141_2138	45187	74.548	2766	500	1755
MW366789.1	k141_2138	45187	80.408	1715	293	1554
MW366789.1	k141_2138	45187	75.892	1991	408	1407
MW366789.1	k141_2138	45187	76.188	1747	274	1192
MW366789.1	k141_2138	45187	75.729	1578	316	1090
MW366789.1	k141_2138	45187	85.087	979	116	1076
MW366789.1	k141_2138	45187	78.614	664	129	543
MW366789.1	k141_2138	45187	73.159	1032	212	541
MW366789.1	k141_2138	45187	73.393	669	136	407
MW366789.1	k141_2138	45187	70.495	888	161	386
MW366789.1	k141_2138	45187	75.720	486	115	339
MW366789.1	k141_2138	45187	75.107	466	116	318
MW366789.1	k141_2138	45187	70.344	553	143	246
MW366789.1	k141_2138	45187	81.967	244	42	240
MW366789.1	k141_2138	45187	87.234	188	16	234
MW366789.1	k141_2138	45187	87.234	188	16	234
MW366789.1	k141_2138	45187	69.948	579	121	232
MW366789.1	k141_2138	45187	82.203	236	32	228
MW366789.1	k141_2138	45187	73.315	356	93	207
MW366789.1	k141_2138	45187	91.852	135	10	191
MW366789.1	k141_2138	45187	82.632	190	27	182
MW366789.1	k141_2138	45187	74.809	262	66	176
MW366789.1	k141_2138	45187	74.809	262	66	176
MW366789.1	k141_2138	45187	75.833	240	55	170
MW366789.1	k141_2138	45187	85.185	162	17	164
MW366789.1	k141_2138	45187	83.784	148	21	158
MW366789.1	k141_2138	45187	76.389	216	43	154
MW366789.1	k141_2138	45187	83.448	145	23	150
MW366789.1	k141_2138	45187	75.463	216	45	145
MW366789.1	k141_2138	45187	65.568	607	190	143
MW366789.1	k141_2138	45187	65.568	607	190	143
MW366789.1	k141_2138	45187	83.212	137	13	140
MW366789.1	k141_2138	45187	70.199	302	86	134
MW366789.1	k141_2138	45187	95.652	69	3	112
MW366789.1	k141_2138	45187	74.545	165	42	109
MW366789.1	k141_2138	45187	74.545	165	42	109
MW366789.1	k141_2138	45187	70.000	240	53	95.1
MW366789.1	k141_2138	45187	76.000	125	30	91.5
MW366789.1	k141_2138	45187	76.000	125	30	91.5
MW366789.1	k141_2138	45187	80.519	77	13	69.8
MW366789.1	k141_2138	45187	85.000	60	9	68.9
MW366789.1	k141_2138	45187	97.368	38	1	65.3
MW366789.1	k141_2138	45187	97.368	38	1	65.3
MW366789.1	k141_2138	45187	76.056	71	16	49.1
MW366789.1	k141_18391	17530	79.934	2711	454	2401
MW366789.1	k141_18391	17530	79.934	2711	454	2401
MW366789.1	k141_18391	17530	77.266	2019	421	1530
MW366789.1	k141_18391	17530	74.372	2228	529	1401
MW366789.1	k141_18391	17530	80.302	1325	233	1185
MW366789.1	k141_18391	17530	80.302	1325	233	1185
MW366789.1	k141_18391	17530	72.003	1193	245	623
MW366789.1	k141_18391	17530	79.801	604	116	532
MW366789.1	k141_18391	17530	79.801	604	116	532
MW366789.1	k141_18391	17530	76.702	382	82	277
MW366789.1	k141_18391	17530	100.000	41	0	75.2
MW366789.1	k141_18391	17530	82.353	51	9	52.7
MW366789.1	k141_18391	17530	89.474	38	4	51.8
MW366789.1	k141_18391	17530	89.474	38	4	51.8
MW366789.1	k141_36052	10545	81.307	765	97	746
MW366789.1	k141_17250	13280	71.194	1156	276	532
MW366789.1	k141_17250	13280	71.194	1156	276	532
MW366789.1	k141_17250	13280	72.216	889	206	446
MW366789.1	k141_17250	13280	72.216	889	206	446
MW366789.1	k141_17250	13280	67.984	506	138	146
MW366789.1	k141_17250	13280	67.984	506	138	146
MW366789.1	k141_17250	13280	80.412	97	19	90.6
MW366789.1	k141_17250	13280	80.412	97	19	90.6
MW366789.1	k141_17250	13280	90.164	61	6	84.2
MW366789.1	k141_17250	13280	90.164	61	6	84.2
MW366789.1	k141_17250	13280	88.525	61	7	79.7
MW366789.1	k141_17250	13280	88.525	61	7	79.7
MW366789.1	k141_17226	435	83.292	401	67	422
MW366789.1	k141_4286	3830	82.222	270	42	272
MW366789.1	k141_4286	3830	78.866	194	36	161
MW366789.1	k141_37881	2532	95.000	140	7	222
MW366789.1	k141_37881	2532	95.000	140	7	222
MW366789.1	k141_37881	2532	89.130	138	15	182
MW366789.1	k141_20563	4457	66.169	804	229	218
MW366789.1	k141_12958	6808	92.908	141	10	210
MW366789.1	k141_12958	6808	92.908	141	10	210
MW366789.1	k141_12958	6808	75.641	78	13	43.7
MW366789.1	k141_27550	18482	83.333	156	13	168
MW366789.1	k141_27550	18482	96.341	82	3	135
MW366789.1	k141_27550	18482	96.341	82	3	135
MW366789.1	k141_27550	18482	72.251	191	53	106
MW366789.1	k141_27550	18482	72.251	191	53	106
MW366789.1	k141_25949	1946	89.565	115	12	154
MW366789.1	k141_20116	609	93.137	102	7	153
MW366789.1	k141_20116	609	93.137	102	7	153
MW366789.1	k141_4503	15062	98.667	75	1	132
MW366789.1	k141_10089	17970	91.304	92	8	131
MW366789.1	k141_10089	17970	91.304	92	8	131
MW366789.1	k141_10089	17970	82.955	88	6	96.0
MW366789.1	k141_10089	17970	82.955	88	6	96.0
MW366789.1	k141_12902	5432	87.952	83	10	105
MW366789.1	k141_11261	1191	90.789	76	6	103
MW366789.1	k141_18013	390	91.429	70	5	96.9
MW366789.1	k141_24146	817	77.419	93	21	74.3
MW366789.1	k141_19981	324	85.714	63	9	74.3
MW366789.1	k141_8450	3904	72.340	141	37	72.5
MW366789.1	k141_8450	3904	70.408	98	27	40.1
MW366789.1	k141_7669	16303	90.566	53	3	71.6
MW366789.1	k141_7669	16303	90.566	53	3	71.6
MW366789.1	k141_15032	2516	70.548	146	43	70.7
MW366789.1	k141_32343	723	78.481	79	17	67.1
MW366789.1	k141_8034	3670	91.304	46	4	66.2
MW366789.1	k141_8501	7307	85.455	55	8	64.4
MW366789.1	k141_3548	449	94.737	38	2	60.8
MW366789.1	k141_3548	449	94.737	38	2	60.8
MW366789.1	k141_5117	406	84.906	53	8	60.8
MW366789.1	k141_6791	4806	84.783	46	7	52.7
MW366789.1	k141_6791	4806	84.783	46	7	52.7
MW366789.1	k141_3738	493	78.846	52	11	45.5
MW366789.1	k141_3703	239	76.923	52	12	41.0
MW366789.1	k141_32979	325	76.923	52	12	41.0
KT899950.1	k141_18371	25321	91.783	10077	434	14480
KT899950.1	k141_18371	25321	91.783	10077	434	14480
KT899950.1	k141_18371	25321	90.427	9464	686	13019
KT899950.1	k141_18371	25321	90.785	9289	662	12924
KT899950.1	k141_18371	25321	91.544	4943	232	7094
KT899950.1	k141_18371	25321	91.544	4943	232	7094
KT899950.1	k141_18371	25321	84.550	945	69	1049
KT899950.1	k141_18371	25321	84.550	945	69	1049
KT899950.1	k141_18371	25321	85.976	164	9	192
KT899950.1	k141_18371	25321	85.976	164	9	192
KT899950.1	k141_18371	25321	94.872	39	2	62.6
KT899950.1	k141_18371	25321	88.889	45	5	59.9
KT899950.1	k141_18371	25321	88.889	45	5	59.9
KT899950.1	k141_7850	36635	84.879	8022	1051	8955
KT899950.1	k141_7850	36635	90.711	2573	229	3559
KT899950.1	k141_7850	36635	78.840	3535	606	2992
KT899950.1	k141_7850	36635	81.380	2841	417	2705
KT899950.1	k141_7850	36635	77.972	3255	577	2566
KT899950.1	k141_7850	36635	81.689	1125	149	1107
KT899950.1	k141_7850	36635	88.547	716	82	922
KT899950.1	k141_7850	36635	76.112	607	90	419
KT899950.1	k141_7850	36635	81.696	448	70	414
KT899950.1	k141_7850	36635	73.582	670	104	409
KT899950.1	k141_7850	36635	73.849	608	109	362
KT899950.1	k141_7850	36635	86.486	296	29	346
KT899950.1	k141_7850	36635	88.931	262	29	343
KT899950.1	k141_7850	36635	77.293	458	86	334
KT899950.1	k141_7850	36635	71.924	577	114	300
KT899950.1	k141_7850	36635	79.202	351	48	291
KT899950.1	k141_7850	36635	77.574	272	45	204
KT899950.1	k141_7850	36635	86.310	168	21	193
KT899950.1	k141_7850	36635	87.333	150	12	183
KT899950.1	k141_7850	36635	85.816	141	13	149
KT899950.1	k141_7850	36635	80.255	157	26	135
KT899950.1	k141_7850	36635	97.468	79	2	134
KT899950.1	k141_7850	36635	93.258	89	5	131
KT899950.1	k141_7850	36635	97.297	74	2	125
KT899950.1	k141_7850	36635	88.889	90	10	118
KT899950.1	k141_7850	36635	75.000	68	17	47.3
KT899950.1	k141_2138	45187	90.642	4467	407	6164
KT899950.1	k141_2138	45187	76.255	7926	1242	5701
KT899950.1	k141_2138	45187	87.752	1984	230	2477
KT899950.1	k141_2138	45187	82.594	2051	282	2085
KT899950.1	k141_2138	45187	76.686	2788	414	2072
KT899950.1	k141_2138	45187	82.809	1844	272	1888
KT899950.1	k141_2138	45187	78.542	2209	379	1829
KT899950.1	k141_2138	45187	78.139	2182	280	1805
KT899950.1	k141_2138	45187	78.858	1944	336	1649
KT899950.1	k141_2138	45187	80.292	1573	261	1412
KT899950.1	k141_2138	45187	87.751	1045	101	1292
KT899950.1	k141_2138	45187	71.981	2327	458	1257
KT899950.1	k141_2138	45187	79.282	1197	185	1085
KT899950.1	k141_2138	45187	85.759	639	90	739
KT899950.1	k141_2138	45187	82.293	689	112	680
KT899950.1	k141_2138	45187	75.910	1017	155	676
KT899950.1	k141_2138	45187	71.799	1156	212	583
KT899950.1	k141_2138	45187	87.288	236	23	279
KT899950.1	k141_2138	45187	89.143	175	17	224
KT899950.1	k141_2138	45187	78.873	213	27	189
KT899950.1	k141_2138	45187	88.722	133	15	173
KT899950.1	k141_2138	45187	96.117	103	3	165
KT899950.1	k141_2138	45187	84.028	144	16	154
KT899950.1	k141_2138	45187	96.341	82	3	135
KT899950.1	k141_2138	45187	67.378	328	95	112
KT899950.1	k141_2138	45187	75.833	120	29	86.9
KT899950.1	k141_2138	45187	100.000	38	0	69.8
KT899950.1	k141_2138	45187	100.000	38	0	69.8
KT899950.1	k141_2138	45187	75.806	62	15	45.5
KT899950.1	k141_18391	17530	78.971	4180	733	3500
KT899950.1	k141_18391	17530	82.216	2058	336	2035
KT899950.1	k141_18391	17530	77.251	2343	459	1809
KT899950.1	k141_18391	17530	75.637	1178	239	825
KT899950.1	k141_18391	17530	65.634	2936	751	686
KT899950.1	k141_18391	17530	83.925	535	86	578
KT899950.1	k141_18391	17530	82.078	385	67	377
KT899950.1	k141_18391	17530	68.188	745	151	304
KT899950.1	k141_18391	17530	73.196	194	46	113
KT899950.1	k141_18391	17530	80.000	95	13	83.3
KT899950.1	k141_18391	17530	80.000	95	13	83.3
KT899950.1	k141_18391	17530	80.000	95	13	83.3
KT899950.1	k141_18391	17530	80.000	95	13	83.3
KT899950.1	k141_18391	17530	95.238	42	2	68.0
KT899950.1	k141_18391	17530	94.872	39	2	62.6
KT899950.1	k141_18391	17530	94.872	39	2	62.6
KT899950.1	k141_18391	17530	89.474	38	4	51.8
KT899950.1	k141_18391	17530	89.474	38	4	51.8
KT899950.1	k141_36052	10545	83.486	763	80	823
KT899950.1	k141_17250	13280	73.090	877	205	474
KT899950.1	k141_17250	13280	73.090	877	205	474
KT899950.1	k141_17250	13280	74.624	532	124	343
KT899950.1	k141_17250	13280	74.624	532	124	343
KT899950.1	k141_17250	13280	75.424	472	93	296
KT899950.1	k141_17250	13280	75.424	472	93	296
KT899950.1	k141_17250	13280	77.936	281	60	221
KT899950.1	k141_17250	13280	77.936	281	60	221
KT899950.1	k141_17250	13280	66.281	519	139	122
KT899950.1	k141_17250	13280	66.281	519	139	122
KT899950.1	k141_17250	13280	81.443	97	18	95.1
KT899950.1	k141_17250	13280	81.443	97	18	95.1
KT899950.1	k141_17250	13280	86.885	61	8	75.2
KT899950.1	k141_17250	13280	86.885	61	8	75.2
KT899950.1	k141_17226	435	76.794	418	97	317
KT899950.1	k141_4286	3830	82.222	270	42	272
KT899950.1	k141_4286	3830	83.163	196	31	203
KT899950.1	k141_37881	2532	95.714	140	2	221
KT899950.1	k141_37881	2532	95.714	140	2	221
KT899950.1	k141_37881	2532	90.714	140	13	195
KT899950.1	k141_12958	6808	92.908	141	10	210
KT899950.1	k141_12958	6808	76.136	88	14	49.1
KT899950.1	k141_10089	17970	96.396	111	4	183
KT899950.1	k141_10089	17970	96.396	111	4	183
KT899950.1	k141_10089	17970	86.364	88	3	109
KT899950.1	k141_20563	4457	70.000	400	119	178
KT899950.1	k141_20563	4457	70.659	167	43	73.4
KT899950.1	k141_20116	609	95.370	108	5	173
KT899950.1	k141_20116	609	95.370	108	5	173
KT899950.1	k141_25949	1946	91.304	115	10	163
KT899950.1	k141_27550	18482	82.051	156	15	159
KT899950.1	k141_27550	18482	96.154	78	3	128
KT899950.1	k141_34028	431	80.380	158	14	148
KT899950.1	k141_4503	15062	72.059	272	32	143
KT899950.1	k141_4503	15062	80.769	156	20	142
KT899950.1	k141_20254	1515	73.737	198	45	116
KT899950.1	k141_11261	1191	92.308	78	5	111
KT899950.1	k141_24146	817	86.022	93	13	110
KT899950.1	k141_12902	5432	87.805	82	10	104
KT899950.1	k141_18013	390	91.429	70	5	96.9
KT899950.1	k141_32343	723	83.333	90	15	96.0
KT899950.1	k141_19981	324	90.476	63	6	87.8
KT899950.1	k141_19356	488	87.692	65	8	82.4
KT899950.1	k141_25996	10674	84.000	75	11	78.8
KT899950.1	k141_22959	394	88.333	60	7	77.9
KT899950.1	k141_22959	394	86.154	65	9	77.9
KT899950.1	k141_12231	800	86.154	65	9	77.9
KT899950.1	k141_8501	7307	90.000	60	2	77.0
KT899950.1	k141_8450	3904	74.603	126	30	77.0
KT899950.1	k141_5117	406	90.566	53	5	74.3
KT899950.1	k141_15032	2516	71.338	157	43	74.3
KT899950.1	k141_9676	529	86.667	60	8	73.4
KT899950.1	k141_8034	3670	95.349	43	2	69.8
KT899950.1	k141_3548	449	93.182	44	3	67.1
KT899950.1	k141_3548	449	93.182	44	3	67.1
KT899950.1	k141_3548	449	97.368	38	1	65.3
KT899950.1	k141_3548	449	97.368	38	1	65.3
KT899950.1	k141_7669	16303	93.023	43	3	65.3
KT899950.1	k141_22739	821	92.683	41	3	61.7
KT899950.1	k141_8824	11141	94.444	36	2	57.2
KT899950.1	k141_8824	11141	94.444	36	2	57.2
KT899950.1	k141_18095	627	82.927	41	7	43.7
GU191334.1	k141_18371	25321	87.660	3760	326	4652
GU191334.1	k141_18371	25321	87.660	3760	326	4652
GU191334.1	k141_18371	25321	85.763	2662	242	3045
GU191334.1	k141_18371	25321	85.763	2662	242	3045
GU191334.1	k141_18371	25321	79.303	1005	151	832
GU191334.1	k141_18371	25321	79.303	1005	151	832
GU191334.1	k141_18371	25321	75.976	666	153	469
GU191334.1	k141_18371	25321	76.244	442	105	324
GU191334.1	k141_18371	25321	68.696	690	179	282
GU191334.1	k141_18371	25321	70.802	524	153	256
GU191334.1	k141_18371	25321	78.641	309	64	253
GU191334.1	k141_18371	25321	69.382	356	102	131
GU191334.1	k141_18371	25321	94.937	79	4	125
GU191334.1	k141_18371	25321	94.937	79	4	125
GU191334.1	k141_18371	25321	89.286	84	9	112
GU191334.1	k141_18371	25321	92.000	75	6	109
GU191334.1	k141_18371	25321	92.000	75	6	109
GU191334.1	k141_18371	25321	88.158	76	9	97.8
GU191334.1	k141_18371	25321	87.500	40	5	50.9
GU191334.1	k141_2138	45187	81.212	4274	798	4079
GU191334.1	k141_2138	45187	82.639	1440	250	1471
GU191334.1	k141_2138	45187	80.767	1539	296	1442
GU191334.1	k141_2138	45187	77.902	1783	383	1418
GU191334.1	k141_2138	45187	83.051	708	108	734
GU191334.1	k141_2138	45187	75.222	900	194	600
GU191334.1	k141_2138	45187	75.317	867	209	586
GU191334.1	k141_2138	45187	81.851	562	95	543
GU191334.1	k141_2138	45187	70.234	1112	296	509
GU191334.1	k141_2138	45187	74.153	797	169	498
GU191334.1	k141_2138	45187	72.011	761	206	401
GU191334.1	k141_2138	45187	75.200	625	105	393
GU191334.1	k141_2138	45187	78.270	474	101	384
GU191334.1	k141_2138	45187	76.027	438	101	312
GU191334.1	k141_2138	45187	67.513	945	249	301
GU191334.1	k141_2138	45187	71.076	446	114	214
GU191334.1	k141_2138	45187	75.329	304	75	211
GU191334.1	k141_2138	45187	75.000	308	77	209
GU191334.1	k141_2138	45187	75.899	278	67	200
GU191334.1	k141_2138	45187	66.821	648	203	175
GU191334.1	k141_2138	45187	78.704	216	43	172
GU191334.1	k141_2138	45187	75.688	218	53	155
GU191334.1	k141_2138	45187	76.804	194	45	148
GU191334.1	k141_2138	45187	94.937	79	4	125
GU191334.1	k141_2138	45187	92.045	88	6	124
GU191334.1	k141_2138	45187	80.147	136	27	124
GU191334.1	k141_2138	45187	97.260	73	2	123
GU191334.1	k141_2138	45187	86.408	103	12	121
GU191334.1	k141_2138	45187	97.183	71	2	120
GU191334.1	k141_2138	45187	65.563	453	103	117
GU191334.1	k141_2138	45187	93.243	74	5	112
GU191334.1	k141_2138	45187	79.528	127	24	110
GU191334.1	k141_2138	45187	68.301	306	95	108
GU191334.1	k141_2138	45187	76.692	133	25	97.8
GU191334.1	k141_2138	45187	78.151	119	22	97.8
GU191334.1	k141_2138	45187	76.000	125	30	91.5
GU191334.1	k141_2138	45187	67.130	216	30	89.7
GU191334.1	k141_2138	45187	87.671	73	7	85.1
GU191334.1	k141_2138	45187	77.108	83	19	65.3
GU191334.1	k141_2138	45187	69.591	171	48	60.8
GU191334.1	k141_2138	45187	79.545	44	9	40.1
GU191334.1	k141_7850	36635	83.286	2453	405	2567
GU191334.1	k141_7850	36635	68.951	3678	1067	1413
GU191334.1	k141_7850	36635	88.203	1085	123	1380
GU191334.1	k141_7850	36635	72.110	2621	618	1376
GU191334.1	k141_7850	36635	71.601	1324	341	666
GU191334.1	k141_7850	36635	70.550	1399	394	642
GU191334.1	k141_7850	36635	76.879	692	155	518
GU191334.1	k141_7850	36635	83.654	416	68	444
GU191334.1	k141_7850	36635	72.636	698	181	385
GU191334.1	k141_7850	36635	80.545	257	50	239
GU191334.1	k141_7850	36635	68.297	634	197	224
GU191334.1	k141_7850	36635	68.519	324	57	130
GU191334.1	k141_7850	36635	98.630	73	1	128
GU191334.1	k141_7850	36635	93.750	80	5	123
GU191334.1	k141_7850	36635	89.247	93	7	122
GU191334.1	k141_7850	36635	94.595	74	4	116
GU191334.1	k141_7850	36635	94.595	74	4	116
GU191334.1	k141_7850	36635	82.883	111	16	109
GU191334.1	k141_7850	36635	90.789	76	7	106
GU191334.1	k141_7850	36635	87.179	78	10	96.9
GU191334.1	k141_7850	36635	81.720	93	17	92.4
GU191334.1	k141_7850	36635	83.117	77	13	81.5
GU191334.1	k141_7850	36635	79.070	86	18	75.2
GU191334.1	k141_7850	36635	97.297	37	1	63.5
GU191334.1	k141_7850	36635	91.667	36	3	52.7
GU191334.1	k141_7850	36635	74.603	63	16	42.8
GU191334.1	k141_18391	17530	76.954	1753	379	1309
GU191334.1	k141_18391	17530	70.698	1819	499	846
GU191334.1	k141_18391	17530	73.693	1167	270	700
GU191334.1	k141_18391	17530	73.615	1137	292	692
GU191334.1	k141_18391	17530	77.673	318	68	243
GU191334.1	k141_18391	17530	76.610	295	69	222
GU191334.1	k141_18391	17530	95.062	81	4	129
GU191334.1	k141_18391	17530	71.000	200	52	78.8
GU191334.1	k141_18391	17530	79.070	86	18	75.2
GU191334.1	k141_18391	17530	92.857	42	3	63.5
GU191334.1	k141_36052	10545	76.078	765	137	556
GU191334.1	k141_17250	13280	73.094	892	201	481
GU191334.1	k141_17250	13280	73.094	892	201	481
GU191334.1	k141_17250	13280	74.388	531	127	340
GU191334.1	k141_17250	13280	74.388	531	127	340
GU191334.1	k141_17250	13280	75.212	472	94	291
GU191334.1	k141_17250	13280	75.212	472	94	291
GU191334.1	k141_17250	13280	77.224	281	62	212
GU191334.1	k141_17250	13280	77.224	281	62	212
GU191334.1	k141_17250	13280	65.067	521	145	99.6
GU191334.1	k141_17250	13280	65.067	521	145	99.6
GU191334.1	k141_17250	13280	76.119	134	30	96.0
GU191334.1	k141_17250	13280	76.119	134	30	96.0
GU191334.1	k141_17250	13280	88.525	61	7	79.7
GU191334.1	k141_17250	13280	88.525	61	7	79.7
GU191334.1	k141_20563	4457	68.077	780	206	269
GU191334.1	k141_37881	2532	86.429	140	19	168
GU191334.1	k141_17226	435	68.734	403	116	146
GU191334.1	k141_20116	609	89.815	108	11	146
GU191334.1	k141_20116	609	89.815	108	11	146
GU191334.1	k141_12958	6808	82.857	140	24	145
GU191334.1	k141_27550	18482	77.707	157	32	124
GU191334.1	k141_27550	18482	86.076	79	11	94.2
GU191334.1	k141_4503	15062	94.667	75	4	118
GU191334.1	k141_10089	17970	86.585	82	10	96.0
GU191334.1	k141_10089	17970	86.585	82	10	96.0
GU191334.1	k141_25996	10674	85.333	75	10	83.3
GU191334.1	k141_25949	1946	73.684	114	30	71.6
GU191334.1	k141_11261	1191	83.333	66	11	70.7
GU191334.1	k141_15032	2516	69.872	156	47	70.7
GU191334.1	k141_8450	3904	79.012	81	17	70.7
GU191334.1	k141_4286	3830	72.881	118	32	69.8
GU191334.1	k141_18013	390	83.077	65	11	68.9
GU191334.1	k141_3548	449	97.368	38	1	65.3
GU191334.1	k141_3548	449	97.368	38	1	65.3
GU191334.1	k141_5117	406	83.019	53	9	56.3
GU191334.1	k141_18095	627	88.095	42	5	54.5
GU191334.1	k141_7669	16303	89.189	37	4	50.0
