MZ962720.1	k141_42019	21591	90.644	5825	332	8024
MZ962720.1	k141_42019	21591	90.644	5825	332	8024
MZ962720.1	k141_42019	21591	90.805	3056	194	4260
MZ962720.1	k141_42019	21591	90.805	3056	194	4260
MZ962720.1	k141_42019	21591	91.751	1879	110	2645
MZ962720.1	k141_42019	21591	91.751	1879	110	2645
MZ962720.1	k141_42019	21591	86.998	2015	200	2433
MZ962720.1	k141_42019	21591	86.998	2015	200	2433
MZ962720.1	k141_42019	21591	86.061	2059	197	2370
MZ962720.1	k141_42019	21591	86.061	2059	197	2370
MZ962720.1	k141_42019	21591	79.659	821	80	753
MZ962720.1	k141_42019	21591	79.661	708	83	634
MZ962720.1	k141_42019	21591	79.661	708	83	634
MZ962720.1	k141_42019	21591	86.198	384	43	441
MZ962720.1	k141_42019	21591	86.198	384	43	441
MZ962720.1	k141_42019	21591	80.353	453	50	402
MZ962720.1	k141_42019	21591	80.353	453	50	402
MZ962720.1	k141_42019	21591	85.430	302	31	345
MZ962720.1	k141_42019	21591	85.430	302	31	345
MZ962720.1	k141_42019	21591	77.838	370	39	288
MZ962720.1	k141_42019	21591	77.838	370	39	288
MZ962720.1	k141_42019	21591	83.088	272	42	274
MZ962720.1	k141_42019	21591	83.088	272	42	274
MZ962720.1	k141_42019	21591	85.864	191	21	224
MZ962720.1	k141_42019	21591	83.092	207	35	216
MZ962720.1	k141_42019	21591	83.092	207	35	216
MZ962720.1	k141_42019	21591	77.103	214	20	160
MZ962720.1	k141_42019	21591	77.103	214	20	160
MZ962720.1	k141_42019	21591	79.167	120	25	104
MZ962720.1	k141_42019	21591	79.167	120	25	104
MZ962720.1	k141_42019	21591	74.436	133	13	88.7
MZ962720.1	k141_42019	21591	75.833	120	22	88.7
MZ962720.1	k141_42019	21591	75.833	120	22	88.7
MZ962720.1	k141_42019	21591	90.566	53	4	70.7
MZ962720.1	k141_42019	21591	90.566	53	4	70.7
MZ962720.1	k141_42019	21591	86.538	52	7	63.5
MZ962720.1	k141_42019	21591	86.538	52	7	63.5
MZ962720.1	k141_42019	21591	88.636	44	5	58.1
MZ962720.1	k141_52051	80013	88.277	5280	559	6682
MZ962720.1	k141_52051	80013	79.896	5775	775	5092
MZ962720.1	k141_52051	80013	85.597	3416	382	3925
MZ962720.1	k141_52051	80013	80.523	3866	657	3561
MZ962720.1	k141_52051	80013	77.760	4330	698	3360
MZ962720.1	k141_52051	80013	79.935	3718	636	3338
MZ962720.1	k141_52051	80013	85.803	1930	246	2244
MZ962720.1	k141_52051	80013	86.173	1649	195	1931
MZ962720.1	k141_52051	80013	83.343	1783	241	1865
MZ962720.1	k141_52051	80013	79.014	2068	363	1770
MZ962720.1	k141_52051	80013	91.607	1120	94	1597
MZ962720.1	k141_52051	80013	76.062	2143	316	1509
MZ962720.1	k141_52051	80013	86.269	1107	114	1297
MZ962720.1	k141_52051	80013	77.382	1574	270	1231
MZ962720.1	k141_52051	80013	72.602	2106	466	1180
MZ962720.1	k141_52051	80013	83.758	942	121	998
MZ962720.1	k141_52051	80013	82.143	980	166	965
MZ962720.1	k141_52051	80013	71.730	1468	225	768
MZ962720.1	k141_52051	80013	72.892	1328	264	746
MZ962720.1	k141_52051	80013	76.176	978	148	664
MZ962720.1	k141_52051	80013	82.177	634	105	633
MZ962720.1	k141_52051	80013	76.576	841	138	606
MZ962720.1	k141_52051	80013	77.339	759	148	589
MZ962720.1	k141_52051	80013	74.118	850	127	513
MZ962720.1	k141_52051	80013	69.643	1120	249	502
MZ962720.1	k141_52051	80013	71.489	940	183	483
MZ962720.1	k141_52051	80013	68.745	1235	228	477
MZ962720.1	k141_52051	80013	68.864	1153	224	403
MZ962720.1	k141_52051	80013	75.926	540	104	353
MZ962720.1	k141_52051	80013	74.254	536	117	342
MZ962720.1	k141_52051	80013	77.720	386	57	290
MZ962720.1	k141_52051	80013	69.190	753	140	288
MZ962720.1	k141_52051	80013	75.638	431	81	286
MZ962720.1	k141_52051	80013	69.516	702	107	281
MZ962720.1	k141_52051	80013	86.900	229	30	279
MZ962720.1	k141_52051	80013	82.206	281	42	271
MZ962720.1	k141_52051	80013	71.612	546	126	268
MZ962720.1	k141_52051	80013	74.142	379	59	260
MZ962720.1	k141_52051	80013	72.261	429	66	250
MZ962720.1	k141_52051	80013	72.261	429	66	250
MZ962720.1	k141_52051	80013	85.714	210	21	248
MZ962720.1	k141_52051	80013	85.714	210	21	248
MZ962720.1	k141_52051	80013	77.352	287	51	220
MZ962720.1	k141_52051	80013	80.909	220	31	196
MZ962720.1	k141_52051	80013	80.909	220	31	196
MZ962720.1	k141_52051	80013	88.514	148	16	187
MZ962720.1	k141_52051	80013	83.908	174	27	185
MZ962720.1	k141_52051	80013	77.912	249	36	183
MZ962720.1	k141_52051	80013	73.162	272	22	172
MZ962720.1	k141_52051	80013	72.360	322	81	169
MZ962720.1	k141_52051	80013	76.444	225	38	159
MZ962720.1	k141_52051	80013	88.596	114	8	148
MZ962720.1	k141_52051	80013	91.429	105	8	146
MZ962720.1	k141_52051	80013	88.596	114	10	146
MZ962720.1	k141_52051	80013	82.278	158	17	142
MZ962720.1	k141_52051	80013	86.957	115	14	137
MZ962720.1	k141_52051	80013	92.473	93	5	134
MZ962720.1	k141_52051	80013	70.122	328	64	132
MZ962720.1	k141_52051	80013	85.593	118	14	126
MZ962720.1	k141_52051	80013	70.175	285	67	125
MZ962720.1	k141_52051	80013	77.778	153	29	123
MZ962720.1	k141_52051	80013	83.654	104	11	113
MZ962720.1	k141_52051	80013	83.654	104	11	113
MZ962720.1	k141_52051	80013	67.674	331	89	104
MZ962720.1	k141_52051	80013	81.481	108	19	102
MZ962720.1	k141_52051	80013	81.308	107	19	100
MZ962720.1	k141_52051	80013	82.418	91	16	93.3
MZ962720.1	k141_52051	80013	82.418	91	16	93.3
MZ962720.1	k141_52051	80013	82.418	91	16	93.3
MZ962720.1	k141_52051	80013	74.324	148	33	92.4
MZ962720.1	k141_52051	80013	87.342	79	8	91.5
MZ962720.1	k141_52051	80013	87.324	71	9	88.7
MZ962720.1	k141_52051	80013	87.324	71	9	88.7
MZ962720.1	k141_52051	80013	80.000	100	19	87.8
MZ962720.1	k141_52051	80013	81.176	85	16	82.4
MZ962720.1	k141_52051	80013	81.176	85	16	82.4
MZ962720.1	k141_52051	80013	68.586	191	58	68.0
MZ962720.1	k141_52051	80013	70.079	127	36	51.8
MZ962720.1	k141_52051	80013	76.119	67	16	50.0
MZ962720.1	k141_62937	12860	83.707	3965	520	4226
MZ962720.1	k141_62937	12860	83.707	3965	520	4226
MZ962720.1	k141_62937	12860	81.768	2002	334	1953
MZ962720.1	k141_62937	12860	78.290	2257	451	1820
MZ962720.1	k141_62937	12860	75.444	1071	216	757
MZ962720.1	k141_62937	12860	83.636	660	99	699
MZ962720.1	k141_62937	12860	83.636	660	99	699
MZ962720.1	k141_62937	12860	83.125	320	54	334
MZ962720.1	k141_62937	12860	95.745	141	6	228
MZ962720.1	k141_62937	12860	95.745	141	6	228
MZ962720.1	k141_62937	12860	82.353	136	16	123
MZ962720.1	k141_26191	4051	71.386	1010	229	474
MZ962720.1	k141_26191	4051	71.386	1010	229	474
MZ962720.1	k141_58006	620	95.977	174	7	283
MZ962720.1	k141_58006	620	95.977	174	7	283
MZ962720.1	k141_54568	496	90.217	184	18	251
MZ962720.1	k141_54568	496	90.217	184	18	251
MZ962720.1	k141_15499	1509	76.829	328	70	237
MZ962720.1	k141_15499	1509	76.829	328	70	237
MZ962720.1	k141_15499	1509	88.333	60	7	77.9
MZ962720.1	k141_15499	1509	88.333	60	7	77.9
MZ962720.1	k141_15499	1509	88.333	60	7	77.9
MZ962720.1	k141_11139	417	95.714	140	6	226
MZ962720.1	k141_11139	417	95.714	140	6	226
MZ962720.1	k141_26345	345	71.221	344	99	175
MZ962720.1	k141_51781	360	78.804	184	22	168
MZ962720.1	k141_11916	3228	71.510	351	63	158
MZ962720.1	k141_11916	3228	80.899	89	17	85.1
MZ962720.1	k141_11916	3228	77.273	66	15	52.7
MZ962720.1	k141_62685	476	92.381	105	8	154
MZ962720.1	k141_23696	477	67.171	463	149	140
MZ962720.1	k141_50214	739	82.014	139	25	139
MZ962720.1	k141_44387	1018	71.378	283	46	137
MZ962720.1	k141_45861	1975	100.000	72	0	131
MZ962720.1	k141_63616	2493	88.235	102	10	128
MZ962720.1	k141_63616	2493	88.235	102	10	128
MZ962720.1	k141_613	403	75.141	177	33	127
MZ962720.1	k141_54961	522	89.362	94	10	125
MZ962720.1	k141_54961	522	89.362	94	10	125
MZ962720.1	k141_56565	1563	89.474	95	9	123
MZ962720.1	k141_56932	2708	90.909	88	7	120
MZ962720.1	k141_56932	2708	90.909	88	7	120
MZ962720.1	k141_37666	570	84.762	105	16	118
MZ962720.1	k141_142	327	84.211	114	16	118
MZ962720.1	k141_142	327	84.211	114	16	118
MZ962720.1	k141_10850	449	88.889	90	6	113
MZ962720.1	k141_28793	425	93.151	73	5	110
MZ962720.1	k141_28793	425	77.273	66	15	52.7
MZ962720.1	k141_44440	680	100.000	58	0	105
MZ962720.1	k141_56126	1537	72.222	198	46	100
MZ962720.1	k141_56126	1537	72.222	198	46	100
MZ962720.1	k141_47925	1013	85.882	85	11	96.9
MZ962720.1	k141_57455	312	77.876	113	25	92.4
MZ962720.1	k141_12412	502	89.394	66	7	88.7
MZ962720.1	k141_12412	502	89.394	66	7	88.7
MZ962720.1	k141_12398	312	89.394	66	7	88.7
MZ962720.1	k141_12398	312	89.394	66	7	88.7
MZ962720.1	k141_23050	1864	98.000	50	1	86.9
MZ962720.1	k141_23050	1864	98.000	50	1	86.9
MZ962720.1	k141_1324	533	91.667	60	5	86.9
MZ962720.1	k141_20876	1140	70.621	177	52	86.0
MZ962720.1	k141_20876	1140	70.621	177	52	86.0
MZ962720.1	k141_10945	8364	76.522	115	24	80.6
MZ962720.1	k141_10945	8364	76.522	115	24	80.6
MZ962720.1	k141_10945	8364	82.812	64	11	67.1
MZ962720.1	k141_10945	8364	82.812	64	11	67.1
MZ962720.1	k141_55236	3133	72.932	133	36	78.8
MZ962720.1	k141_47503	433	92.453	53	4	78.8
MZ962720.1	k141_37725	368	92.157	51	4	75.2
MZ962720.1	k141_37725	368	92.157	51	4	75.2
MZ962720.1	k141_52771	2248	90.385	52	5	72.5
MZ962720.1	k141_52771	2248	90.385	52	5	72.5
MZ962720.1	k141_50438	433	91.489	47	4	68.0
MZ962720.1	k141_50438	433	91.489	47	4	68.0
MZ962720.1	k141_1961	6650	77.966	59	4	52.7
MH569081.1	k141_52051	80013	91.023	18458	1039	25775
MH569081.1	k141_52051	80013	91.592	13606	753	19358
MH569081.1	k141_52051	80013	95.169	7390	308	11735
MH569081.1	k141_52051	80013	90.051	6272	403	8463
MH569081.1	k141_52051	80013	93.280	5580	259	8365
MH569081.1	k141_52051	80013	89.719	6128	456	8188
MH569081.1	k141_52051	80013	90.842	5394	363	7511
MH569081.1	k141_52051	80013	92.527	2141	109	3141
MH569081.1	k141_52051	80013	88.188	2345	163	3030
MH569081.1	k141_52051	80013	87.226	1824	114	2248
MH569081.1	k141_52051	80013	88.867	1536	101	1973
MH569081.1	k141_52051	80013	85.918	1612	118	1911
MH569081.1	k141_52051	80013	82.823	1601	138	1641
MH569081.1	k141_52051	80013	86.289	1342	108	1615
MH569081.1	k141_52051	80013	86.797	818	60	969
MH569081.1	k141_52051	80013	94.177	395	19	595
MH569081.1	k141_52051	80013	75.661	719	82	552
MH569081.1	k141_52051	80013	85.973	442	35	511
MH569081.1	k141_52051	80013	84.071	452	43	495
MH569081.1	k141_52051	80013	78.649	370	50	315
MH569081.1	k141_52051	80013	94.815	135	7	213
MH569081.1	k141_52051	80013	94.815	135	7	213
MH569081.1	k141_52051	80013	94.815	135	7	213
MH569081.1	k141_52051	80013	66.903	423	126	127
MH569081.1	k141_52051	80013	78.616	159	27	123
MH569081.1	k141_52051	80013	81.000	100	19	96.0
MH569081.1	k141_52051	80013	81.000	100	19	96.0
MH569081.1	k141_52051	80013	70.769	195	39	94.2
MH569081.1	k141_52051	80013	72.393	163	45	92.4
MH569081.1	k141_52051	80013	80.000	85	11	74.3
MH569081.1	k141_52051	80013	79.747	79	16	71.6
MH569081.1	k141_52051	80013	70.064	157	45	65.3
MH569081.1	k141_52051	80013	78.873	71	15	61.7
MH569081.1	k141_52051	80013	87.500	48	6	60.8
MH569081.1	k141_52051	80013	92.500	40	3	59.9
MH569081.1	k141_52051	80013	88.889	45	5	59.9
MH569081.1	k141_52051	80013	88.889	45	5	59.9
MH569081.1	k141_52051	80013	90.698	43	2	53.6
MH569081.1	k141_52051	80013	86.957	46	4	50.0
MH569081.1	k141_52051	80013	66.879	157	50	42.8
MH569081.1	k141_52051	80013	77.551	49	11	40.1
MH569081.1	k141_42019	21591	97.523	6339	81	10757
MH569081.1	k141_42019	21591	97.523	6339	81	10757
MH569081.1	k141_42019	21591	96.563	5353	85	8833
MH569081.1	k141_42019	21591	96.563	5353	85	8833
MH569081.1	k141_42019	21591	95.641	3762	77	6079
MH569081.1	k141_42019	21591	95.641	3762	77	6079
MH569081.1	k141_42019	21591	98.768	2923	26	5101
MH569081.1	k141_42019	21591	98.768	2923	26	5101
MH569081.1	k141_42019	21591	95.683	1714	37	2746
MH569081.1	k141_42019	21591	95.683	1714	37	2746
MH569081.1	k141_42019	21591	96.422	1146	32	1873
MH569081.1	k141_42019	21591	96.407	1141	32	1864
MH569081.1	k141_42019	21591	80.392	102	15	90.6
MH569081.1	k141_42019	21591	97.917	48	1	83.3
MH569081.1	k141_42019	21591	94.231	52	2	77.9
MH569081.1	k141_42019	21591	94.231	52	2	77.9
MH569081.1	k141_42019	21591	88.889	45	5	59.9
MH569081.1	k141_62937	12860	89.305	5339	403	7057
MH569081.1	k141_62937	12860	92.112	3930	259	5655
MH569081.1	k141_62937	12860	89.630	2700	208	3623
MH569081.1	k141_62937	12860	80.791	708	62	664
MH569081.1	k141_62937	12860	97.872	141	3	242
MH569081.1	k141_62937	12860	97.794	136	3	233
MH569081.1	k141_62937	12860	79.592	49	10	44.6
MH569081.1	k141_26191	4051	72.211	1004	227	501
MH569081.1	k141_26191	4051	72.211	1004	227	501
MH569081.1	k141_26191	4051	74.641	209	51	132
MH569081.1	k141_26191	4051	74.641	209	51	132
MH569081.1	k141_11916	3228	82.468	462	25	474
MH569081.1	k141_11916	3228	80.000	70	14	64.4
MH569081.1	k141_66082	358	80.441	363	59	337
MH569081.1	k141_66082	358	80.441	363	59	337
MH569081.1	k141_58006	620	98.851	174	2	306
MH569081.1	k141_58006	620	98.851	174	2	306
MH569081.1	k141_59279	351	79.320	353	69	303
MH569081.1	k141_54568	496	94.271	192	11	297
MH569081.1	k141_54568	496	94.271	192	11	297
MH569081.1	k141_11139	417	100.000	140	0	253
MH569081.1	k141_11139	417	100.000	140	0	253
MH569081.1	k141_15499	1509	76.308	325	75	237
MH569081.1	k141_15499	1509	76.308	325	75	237
MH569081.1	k141_15499	1509	90.000	60	6	82.4
MH569081.1	k141_15499	1509	90.000	60	6	82.4
MH569081.1	k141_10850	449	87.629	194	21	232
MH569081.1	k141_613	403	87.571	177	11	226
MH569081.1	k141_50214	739	94.245	139	8	215
MH569081.1	k141_51781	360	82.609	184	15	199
MH569081.1	k141_26345	345	73.955	311	81	196
MH569081.1	k141_54961	522	94.690	113	6	178
MH569081.1	k141_54961	522	94.690	113	6	178
MH569081.1	k141_62685	476	96.190	105	4	172
MH569081.1	k141_56565	1563	93.396	106	6	157
MH569081.1	k141_23696	477	68.943	454	129	150
MH569081.1	k141_56932	2708	94.318	88	5	137
MH569081.1	k141_56932	2708	94.318	88	5	137
MH569081.1	k141_44387	1018	69.916	359	64	133
MH569081.1	k141_45861	1975	98.611	72	1	126
MH569081.1	k141_18113	315	76.020	196	30	126
MH569081.1	k141_47925	1013	94.048	84	4	126
MH569081.1	k141_37666	570	87.129	101	13	124
MH569081.1	k141_63616	2493	91.954	87	5	123
MH569081.1	k141_63616	2493	91.954	87	5	123
MH569081.1	k141_52399	1570	80.916	131	9	121
MH569081.1	k141_30152	754	86.869	99	12	117
MH569081.1	k141_28793	425	94.595	74	4	116
MH569081.1	k141_28793	425	80.000	70	14	64.4
MH569081.1	k141_10809	1191	94.595	74	4	116
MH569081.1	k141_51589	540	78.947	133	20	113
MH569081.1	k141_12412	502	93.939	66	4	102
MH569081.1	k141_12412	502	93.939	66	4	102
MH569081.1	k141_12398	312	93.939	66	4	102
MH569081.1	k141_12398	312	93.939	66	4	102
MH569081.1	k141_57455	312	87.654	81	10	102
MH569081.1	k141_44440	680	98.276	58	1	101
MH569081.1	k141_52771	2248	96.491	57	2	95.1
MH569081.1	k141_52771	2248	96.491	57	2	95.1
MH569081.1	k141_1324	533	93.548	62	4	95.1
MH569081.1	k141_23050	1864	85.366	82	4	93.3
MH569081.1	k141_23050	1864	85.366	82	4	93.3
MH569081.1	k141_20876	1140	71.508	179	47	88.7
MH569081.1	k141_20876	1140	71.508	179	47	88.7
MH569081.1	k141_10176	1118	89.552	67	4	88.7
MH569081.1	k141_10945	8364	77.391	115	23	85.1
MH569081.1	k141_10945	8364	77.391	115	23	85.1
MH569081.1	k141_10945	8364	82.812	64	11	67.1
MH569081.1	k141_10945	8364	82.812	64	11	67.1
MH569081.1	k141_10945	8364	80.702	57	11	54.5
MH569081.1	k141_10945	8364	80.702	57	11	54.5
MH569081.1	k141_37725	368	96.078	51	2	84.2
MH569081.1	k141_37725	368	96.078	51	2	84.2
MH569081.1	k141_64532	644	85.507	69	10	80.6
MH569081.1	k141_50438	433	84.722	72	8	79.7
MH569081.1	k141_50438	433	84.722	72	8	79.7
MH569081.1	k141_47503	433	92.453	53	4	78.8
MH569081.1	k141_3853	497	92.157	51	4	75.2
MH569081.1	k141_55236	3133	72.180	133	37	74.3
MH569081.1	k141_34727	346	82.353	68	12	69.8
MH569081.1	k141_27182	629	95.349	43	2	69.8
MH569081.1	k141_27182	629	95.349	43	2	69.8
MH569081.1	k141_29526	451	95.238	42	2	68.0
MH569081.1	k141_29526	451	95.238	42	2	68.0
MH569081.1	k141_26099	326	97.297	37	1	63.5
MH569081.1	k141_26487	607	84.483	58	7	62.6
MH569081.1	k141_33136	721	100.000	29	0	53.6
NC_033978.1	k141_42019	21591	92.254	6274	339	9063
NC_033978.1	k141_42019	21591	92.254	6274	339	9063
NC_033978.1	k141_42019	21591	90.169	4852	309	6562
NC_033978.1	k141_42019	21591	90.169	4852	309	6562
NC_033978.1	k141_42019	21591	89.389	2309	129	3043
NC_033978.1	k141_42019	21591	89.389	2309	129	3043
NC_033978.1	k141_42019	21591	87.193	2280	218	2764
NC_033978.1	k141_42019	21591	87.193	2280	218	2764
NC_033978.1	k141_42019	21591	78.375	837	85	722
NC_033978.1	k141_42019	21591	78.375	837	85	722
NC_033978.1	k141_42019	21591	78.988	771	97	638
NC_033978.1	k141_42019	21591	78.988	771	97	638
NC_033978.1	k141_42019	21591	80.645	620	84	597
NC_033978.1	k141_42019	21591	80.645	620	84	597
NC_033978.1	k141_42019	21591	87.435	382	32	474
NC_033978.1	k141_42019	21591	87.435	382	32	474
NC_033978.1	k141_42019	21591	78.860	544	91	458
NC_033978.1	k141_42019	21591	78.025	314	59	242
NC_033978.1	k141_42019	21591	88.095	126	9	157
NC_033978.1	k141_42019	21591	88.095	126	9	157
NC_033978.1	k141_42019	21591	100.000	81	0	147
NC_033978.1	k141_42019	21591	76.440	191	33	131
NC_033978.1	k141_42019	21591	76.440	191	33	131
NC_033978.1	k141_42019	21591	85.185	108	15	120
NC_033978.1	k141_42019	21591	96.226	53	2	87.8
NC_033978.1	k141_42019	21591	96.226	53	2	87.8
NC_033978.1	k141_42019	21591	89.655	58	5	75.2
NC_033978.1	k141_42019	21591	97.561	41	1	70.7
NC_033978.1	k141_42019	21591	97.561	41	1	70.7
NC_033978.1	k141_42019	21591	97.500	40	1	68.9
NC_033978.1	k141_42019	21591	97.500	40	1	68.9
NC_033978.1	k141_42019	21591	91.111	45	4	64.4
NC_033978.1	k141_52051	80013	87.943	5416	592	6771
NC_033978.1	k141_52051	80013	78.529	5030	716	4152
NC_033978.1	k141_52051	80013	82.871	3859	591	3984
NC_033978.1	k141_52051	80013	89.899	2584	251	3475
NC_033978.1	k141_52051	80013	80.445	3733	633	3443
NC_033978.1	k141_52051	80013	81.987	2315	353	2272
NC_033978.1	k141_52051	80013	83.317	2092	298	2192
NC_033978.1	k141_52051	80013	76.098	2778	475	2021
NC_033978.1	k141_52051	80013	87.704	1472	181	1839
NC_033978.1	k141_52051	80013	82.145	1781	264	1769
NC_033978.1	k141_52051	80013	79.332	2066	273	1728
NC_033978.1	k141_52051	80013	81.619	1779	267	1726
NC_033978.1	k141_52051	80013	89.585	1229	120	1634
NC_033978.1	k141_52051	80013	78.904	1934	364	1626
NC_033978.1	k141_52051	80013	74.612	2253	476	1495
NC_033978.1	k141_52051	80013	70.456	2718	632	1233
NC_033978.1	k141_52051	80013	85.602	1014	120	1172
NC_033978.1	k141_52051	80013	75.960	1614	266	1168
NC_033978.1	k141_52051	80013	68.516	1947	387	722
NC_033978.1	k141_52051	80013	83.008	665	100	689
NC_033978.1	k141_52051	80013	82.897	649	109	668
NC_033978.1	k141_52051	80013	74.776	1003	156	653
NC_033978.1	k141_52051	80013	74.339	1021	191	612
NC_033978.1	k141_52051	80013	68.900	1254	211	480
NC_033978.1	k141_52051	80013	79.266	545	98	447
NC_033978.1	k141_52051	80013	75.330	681	106	442
NC_033978.1	k141_52051	80013	73.444	723	120	432
NC_033978.1	k141_52051	80013	80.822	438	61	415
NC_033978.1	k141_52051	80013	78.982	452	73	367
NC_033978.1	k141_52051	80013	72.643	647	113	342
NC_033978.1	k141_52051	80013	79.370	349	58	296
NC_033978.1	k141_52051	80013	86.475	244	31	285
NC_033978.1	k141_52051	80013	78.144	334	54	269
NC_033978.1	k141_52051	80013	76.127	377	74	258
NC_033978.1	k141_52051	80013	83.830	235	16	246
NC_033978.1	k141_52051	80013	74.611	386	63	246
NC_033978.1	k141_52051	80013	83.415	205	28	209
NC_033978.1	k141_52051	80013	87.209	172	16	208
NC_033978.1	k141_52051	80013	76.157	281	67	205
NC_033978.1	k141_52051	80013	82.383	193	27	197
NC_033978.1	k141_52051	80013	85.207	169	19	194
NC_033978.1	k141_52051	80013	88.435	147	17	189
NC_033978.1	k141_52051	80013	78.802	217	46	185
NC_033978.1	k141_52051	80013	72.635	296	46	169
NC_033978.1	k141_52051	80013	73.361	244	44	153
NC_033978.1	k141_52051	80013	95.745	94	3	149
NC_033978.1	k141_52051	80013	82.639	144	18	145
NC_033978.1	k141_52051	80013	74.583	240	36	145
NC_033978.1	k141_52051	80013	88.889	108	7	141
NC_033978.1	k141_52051	80013	78.107	169	31	135
NC_033978.1	k141_52051	80013	66.817	443	133	132
NC_033978.1	k141_52051	80013	88.776	98	11	128
NC_033978.1	k141_52051	80013	81.746	126	23	124
NC_033978.1	k141_52051	80013	91.860	86	7	124
NC_033978.1	k141_52051	80013	95.946	74	3	121
NC_033978.1	k141_52051	80013	86.047	86	12	102
NC_033978.1	k141_52051	80013	80.000	100	20	91.5
NC_033978.1	k141_52051	80013	80.000	100	20	91.5
NC_033978.1	k141_52051	80013	76.230	122	23	82.4
NC_033978.1	k141_52051	80013	91.071	56	5	79.7
NC_033978.1	k141_52051	80013	68.304	224	51	76.1
NC_033978.1	k141_52051	80013	75.532	94	19	66.2
NC_033978.1	k141_52051	80013	69.427	157	46	60.8
NC_033978.1	k141_52051	80013	92.308	39	3	58.1
NC_033978.1	k141_52051	80013	92.308	39	3	58.1
NC_033978.1	k141_52051	80013	90.000	40	4	55.4
NC_033978.1	k141_52051	80013	74.242	66	17	43.7
NC_033978.1	k141_62937	12860	81.508	1990	321	1928
NC_033978.1	k141_62937	12860	77.888	2329	417	1864
NC_033978.1	k141_62937	12860	77.316	2310	457	1765
NC_033978.1	k141_62937	12860	82.249	1245	193	1239
NC_033978.1	k141_62937	12860	76.840	1114	233	815
NC_033978.1	k141_62937	12860	75.194	1161	237	801
NC_033978.1	k141_62937	12860	90.071	141	14	192
NC_033978.1	k141_62937	12860	73.171	82	20	47.3
NC_033978.1	k141_66082	358	95.531	358	16	574
NC_033978.1	k141_66082	358	95.531	358	16	574
NC_033978.1	k141_59279	351	83.476	351	58	372
NC_033978.1	k141_23696	477	74.892	462	109	308
NC_033978.1	k141_26191	4051	75.641	468	91	297
NC_033978.1	k141_26191	4051	75.641	468	91	297
NC_033978.1	k141_26191	4051	76.684	386	84	288
NC_033978.1	k141_26191	4051	76.684	386	84	288
NC_033978.1	k141_26191	4051	64.500	800	210	135
NC_033978.1	k141_26191	4051	64.500	800	210	135
NC_033978.1	k141_58006	620	94.828	174	9	274
NC_033978.1	k141_58006	620	94.828	174	9	274
NC_033978.1	k141_863	531	72.199	482	67	268
NC_033978.1	k141_54568	496	86.082	194	22	229
NC_033978.1	k141_54568	496	86.082	194	22	229
NC_033978.1	k141_56126	1537	78.369	282	59	227
NC_033978.1	k141_56126	1537	78.369	282	59	227
NC_033978.1	k141_15499	1509	76.074	326	74	227
NC_033978.1	k141_15499	1509	76.074	326	74	227
NC_033978.1	k141_15499	1509	86.667	60	8	73.4
NC_033978.1	k141_15499	1509	86.667	60	8	73.4
NC_033978.1	k141_11139	417	95.000	140	7	222
NC_033978.1	k141_11139	417	95.000	140	7	222
NC_033978.1	k141_26345	345	71.802	344	97	184
NC_033978.1	k141_37666	570	70.127	395	58	177
NC_033978.1	k141_51781	360	79.348	184	21	172
NC_033978.1	k141_11916	3228	73.163	313	61	162
NC_033978.1	k141_11916	3228	75.758	66	16	48.2
NC_033978.1	k141_44387	1018	70.442	362	54	156
NC_033978.1	k141_62685	476	91.429	105	9	150
NC_033978.1	k141_54961	522	89.815	108	11	146
NC_033978.1	k141_54961	522	89.815	108	11	146
NC_033978.1	k141_57455	312	77.083	192	35	143
NC_033978.1	k141_63616	2493	91.176	102	7	141
NC_033978.1	k141_63616	2493	91.176	102	7	141
NC_033978.1	k141_50214	739	81.159	138	26	132
NC_033978.1	k141_10850	449	85.833	120	13	131
NC_033978.1	k141_56932	2708	92.045	88	6	124
NC_033978.1	k141_56932	2708	92.045	88	6	124
NC_033978.1	k141_56565	1563	93.671	79	5	121
NC_033978.1	k141_28793	425	94.667	75	4	118
NC_033978.1	k141_28793	425	77.049	61	14	48.2
NC_033978.1	k141_45861	1975	94.444	72	4	113
NC_033978.1	k141_613	403	73.684	171	34	112
NC_033978.1	k141_47925	1013	86.905	84	10	99.6
NC_033978.1	k141_44440	680	96.552	58	2	96.9
NC_033978.1	k141_20876	1140	70.681	191	56	93.3
NC_033978.1	k141_20876	1140	70.681	191	56	93.3
NC_033978.1	k141_12412	502	90.625	64	6	89.7
NC_033978.1	k141_12412	502	90.625	64	6	89.7
NC_033978.1	k141_12398	312	90.625	64	6	89.7
NC_033978.1	k141_12398	312	90.625	64	6	89.7
NC_033978.1	k141_1324	533	90.769	65	5	87.8
NC_033978.1	k141_23050	1864	98.000	50	1	86.9
NC_033978.1	k141_23050	1864	98.000	50	1	86.9
NC_033978.1	k141_52771	2248	94.545	55	3	86.9
NC_033978.1	k141_52771	2248	94.545	55	3	86.9
NC_033978.1	k141_10945	8364	77.391	115	23	85.1
NC_033978.1	k141_10945	8364	77.391	115	23	85.1
NC_033978.1	k141_10945	8364	80.702	57	11	54.5
NC_033978.1	k141_10945	8364	80.702	57	11	54.5
NC_033978.1	k141_47503	433	92.453	53	4	78.8
NC_033978.1	k141_37725	368	92.157	51	4	75.2
NC_033978.1	k141_37725	368	92.157	51	4	75.2
NC_033978.1	k141_27182	629	95.349	43	2	69.8
NC_033978.1	k141_27182	629	95.349	43	2	69.8
NC_033978.1	k141_50438	433	91.489	47	4	68.0
NC_033978.1	k141_50438	433	91.489	47	4	68.0
NC_033978.1	k141_55236	3133	77.500	80	18	64.4
NC_033978.1	k141_1961	6650	78.333	60	4	54.5
MW006668.1	k141_42019	21591	90.494	8100	443	11093
MW006668.1	k141_42019	21591	90.494	8100	443	11093
MW006668.1	k141_42019	21591	87.381	5024	438	6167
MW006668.1	k141_42019	21591	82.997	694	85	728
MW006668.1	k141_42019	21591	70.417	1440	214	674
MW006668.1	k141_42019	21591	86.067	445	60	517
MW006668.1	k141_42019	21591	79.821	446	66	389
MW006668.1	k141_42019	21591	79.821	446	66	389
MW006668.1	k141_42019	21591	76.340	541	92	387
MW006668.1	k141_42019	21591	76.340	541	92	387
MW006668.1	k141_42019	21591	85.305	279	32	309
MW006668.1	k141_42019	21591	85.305	279	32	309
MW006668.1	k141_42019	21591	75.312	401	64	282
MW006668.1	k141_42019	21591	80.153	262	43	233
MW006668.1	k141_42019	21591	66.815	672	114	229
MW006668.1	k141_42019	21591	82.659	173	26	177
MW006668.1	k141_42019	21591	77.011	174	40	134
MW006668.1	k141_42019	21591	94.937	79	4	125
MW006668.1	k141_42019	21591	94.937	79	4	125
MW006668.1	k141_42019	21591	75.000	156	23	103
MW006668.1	k141_42019	21591	75.000	156	23	103
MW006668.1	k141_42019	21591	73.649	148	23	88.7
MW006668.1	k141_42019	21591	100.000	43	0	78.8
MW006668.1	k141_42019	21591	100.000	43	0	78.8
MW006668.1	k141_42019	21591	97.619	42	1	72.5
MW006668.1	k141_42019	21591	91.111	45	4	64.4
MW006668.1	k141_42019	21591	100.000	34	0	62.6
MW006668.1	k141_42019	21591	100.000	34	0	62.6
MW006668.1	k141_42019	21591	84.314	51	8	57.2
MW006668.1	k141_52051	80013	86.899	5427	640	6515
MW006668.1	k141_52051	80013	78.389	5747	881	4685
MW006668.1	k141_52051	80013	81.786	3393	554	3310
MW006668.1	k141_52051	80013	89.381	2486	264	3294
MW006668.1	k141_52051	80013	78.525	3716	685	3103
MW006668.1	k141_52051	80013	80.516	2520	410	2287
MW006668.1	k141_52051	80013	84.732	1919	284	2131
MW006668.1	k141_52051	80013	82.187	1875	299	1845
MW006668.1	k141_52051	80013	86.005	1472	206	1727
MW006668.1	k141_52051	80013	76.961	2231	368	1604
MW006668.1	k141_52051	80013	78.054	1973	378	1584
MW006668.1	k141_52051	80013	79.375	1760	299	1537
MW006668.1	k141_52051	80013	73.822	2250	474	1416
MW006668.1	k141_52051	80013	70.228	2808	503	1235
MW006668.1	k141_52051	80013	91.492	858	73	1219
MW006668.1	k141_52051	80013	91.492	858	73	1219
MW006668.1	k141_52051	80013	85.185	1053	140	1184
MW006668.1	k141_52051	80013	70.890	2281	520	1066
MW006668.1	k141_52051	80013	72.721	1503	324	873
MW006668.1	k141_52051	80013	79.195	745	118	625
MW006668.1	k141_52051	80013	80.602	665	117	620
MW006668.1	k141_52051	80013	70.266	1278	239	589
MW006668.1	k141_52051	80013	81.850	573	92	563
MW006668.1	k141_52051	80013	71.660	1048	194	523
MW006668.1	k141_52051	80013	77.286	678	125	515
MW006668.1	k141_52051	80013	70.752	1077	240	514
MW006668.1	k141_52051	80013	78.859	596	78	510
MW006668.1	k141_52051	80013	75.076	662	103	439
MW006668.1	k141_52051	80013	71.956	813	122	422
MW006668.1	k141_52051	80013	74.298	677	128	389
MW006668.1	k141_52051	80013	87.948	307	35	385
MW006668.1	k141_52051	80013	88.966	290	30	377
MW006668.1	k141_52051	80013	88.966	290	30	377
MW006668.1	k141_52051	80013	87.847	288	33	360
MW006668.1	k141_52051	80013	71.374	786	138	356
MW006668.1	k141_52051	80013	72.952	647	101	351
MW006668.1	k141_52051	80013	76.210	496	107	337
MW006668.1	k141_52051	80013	76.210	496	107	337
MW006668.1	k141_52051	80013	68.630	781	160	269
MW006668.1	k141_52051	80013	68.630	781	160	269
MW006668.1	k141_52051	80013	75.543	368	63	256
MW006668.1	k141_52051	80013	82.500	240	36	241
MW006668.1	k141_52051	80013	74.169	391	60	238
MW006668.1	k141_52051	80013	76.493	268	55	194
MW006668.1	k141_52051	80013	78.423	241	40	185
MW006668.1	k141_52051	80013	84.242	165	23	170
MW006668.1	k141_52051	80013	78.212	179	19	148
MW006668.1	k141_52051	80013	98.734	79	1	139
MW006668.1	k141_52051	80013	74.312	218	50	138
MW006668.1	k141_52051	80013	82.707	133	15	135
MW006668.1	k141_52051	80013	92.308	91	7	133
MW006668.1	k141_52051	80013	66.903	423	126	127
MW006668.1	k141_52051	80013	84.404	109	12	116
MW006668.1	k141_52051	80013	80.159	126	25	115
MW006668.1	k141_52051	80013	82.609	115	15	109
MW006668.1	k141_52051	80013	74.138	174	33	100
MW006668.1	k141_52051	80013	84.706	85	13	96.0
MW006668.1	k141_52051	80013	72.043	186	44	91.5
MW006668.1	k141_52051	80013	74.809	131	23	88.7
MW006668.1	k141_52051	80013	87.324	71	9	88.7
MW006668.1	k141_52051	80013	87.324	71	9	88.7
MW006668.1	k141_52051	80013	79.167	96	19	80.6
MW006668.1	k141_52051	80013	74.783	115	26	76.1
MW006668.1	k141_52051	80013	74.783	115	26	76.1
MW006668.1	k141_52051	80013	83.333	66	11	70.7
MW006668.1	k141_52051	80013	78.652	89	15	66.2
MW006668.1	k141_52051	80013	80.282	71	14	66.2
MW006668.1	k141_52051	80013	70.064	157	45	65.3
MW006668.1	k141_52051	80013	87.755	49	6	62.6
MW006668.1	k141_52051	80013	87.755	49	6	62.6
MW006668.1	k141_52051	80013	92.308	39	3	58.1
MW006668.1	k141_52051	80013	74.194	62	16	41.0
MW006668.1	k141_62937	12860	78.110	3979	702	3222
MW006668.1	k141_62937	12860	78.110	3979	702	3222
MW006668.1	k141_62937	12860	82.472	1934	305	1955
MW006668.1	k141_62937	12860	82.472	1934	305	1955
MW006668.1	k141_62937	12860	76.235	2226	491	1579
MW006668.1	k141_62937	12860	76.433	1082	203	800
MW006668.1	k141_62937	12860	76.433	1082	203	800
MW006668.1	k141_62937	12860	75.344	1164	237	779
MW006668.1	k141_62937	12860	75.344	1164	237	779
MW006668.1	k141_62937	12860	91.489	141	12	201
MW006668.1	k141_62937	12860	91.489	141	12	201
MW006668.1	k141_62937	12860	81.739	115	15	114
MW006668.1	k141_62937	12860	81.739	115	15	114
MW006668.1	k141_62937	12860	79.592	49	10	44.6
MW006668.1	k141_26191	4051	71.642	1005	237	477
MW006668.1	k141_26191	4051	71.642	1005	237	477
MW006668.1	k141_26191	4051	78.519	135	27	111
MW006668.1	k141_26191	4051	78.519	135	27	111
MW006668.1	k141_59279	351	81.073	354	64	335
MW006668.1	k141_23696	477	74.569	464	115	295
MW006668.1	k141_58006	620	95.402	174	8	279
MW006668.1	k141_58006	620	95.402	174	8	279
MW006668.1	k141_66082	358	78.466	339	54	269
MW006668.1	k141_54568	496	87.831	189	23	238
MW006668.1	k141_54568	496	87.831	189	23	238
MW006668.1	k141_56126	1537	78.369	282	59	227
MW006668.1	k141_56126	1537	78.369	282	59	227
MW006668.1	k141_11139	417	95.000	140	7	222
MW006668.1	k141_11139	417	95.000	140	7	222
MW006668.1	k141_15499	1509	75.460	326	76	218
MW006668.1	k141_15499	1509	75.460	326	76	218
MW006668.1	k141_15499	1509	85.000	60	9	68.9
MW006668.1	k141_15499	1509	85.000	60	9	68.9
MW006668.1	k141_863	531	68.623	494	67	218
MW006668.1	k141_37666	570	71.389	360	64	171
MW006668.1	k141_51781	360	78.804	184	22	168
MW006668.1	k141_51781	360	78.804	184	22	168
MW006668.1	k141_26345	345	71.014	345	98	165
MW006668.1	k141_11916	3228	79.762	168	18	147
MW006668.1	k141_11916	3228	92.593	54	4	80.6
MW006668.1	k141_11916	3228	75.806	62	15	45.5
MW006668.1	k141_50214	739	83.333	138	23	146
MW006668.1	k141_57455	312	77.957	186	32	146
MW006668.1	k141_63616	2493	91.919	99	6	141
MW006668.1	k141_63616	2493	91.919	99	6	141
MW006668.1	k141_62685	476	88.571	105	12	136
MW006668.1	k141_54961	522	86.111	108	15	128
MW006668.1	k141_613	403	75.882	170	30	128
MW006668.1	k141_56932	2708	92.045	88	6	124
MW006668.1	k141_56932	2708	92.045	88	6	124
MW006668.1	k141_28793	425	94.667	75	4	118
MW006668.1	k141_28793	425	77.193	57	13	45.5
MW006668.1	k141_18113	315	75.000	196	32	117
MW006668.1	k141_10850	449	83.333	120	16	117
MW006668.1	k141_56565	1563	92.405	79	6	116
MW006668.1	k141_45861	1975	93.151	73	5	110
MW006668.1	k141_142	327	82.569	109	17	104
MW006668.1	k141_47925	1013	85.714	84	11	95.1
MW006668.1	k141_44440	680	94.915	59	3	94.2
MW006668.1	k141_20876	1140	70.157	191	57	88.7
MW006668.1	k141_12412	502	88.235	68	8	87.8
MW006668.1	k141_12398	312	88.235	68	8	87.8
MW006668.1	k141_23050	1864	98.000	50	1	86.9
MW006668.1	k141_23050	1864	98.000	50	1	86.9
MW006668.1	k141_52771	2248	94.545	55	3	86.9
MW006668.1	k141_52771	2248	94.545	55	3	86.9
MW006668.1	k141_10945	8364	77.391	115	23	85.1
MW006668.1	k141_10945	8364	77.391	115	23	85.1
MW006668.1	k141_10945	8364	80.702	57	11	54.5
MW006668.1	k141_10945	8364	80.702	57	11	54.5
MW006668.1	k141_47503	433	92.453	53	4	78.8
MW006668.1	k141_1324	533	87.500	56	7	70.7
MW006668.1	k141_37725	368	90.196	51	5	70.7
MW006668.1	k141_37725	368	90.196	51	5	70.7
MW006668.1	k141_27182	629	93.023	43	3	65.3
MW006668.1	k141_55236	3133	71.795	117	33	63.5
MW006668.1	k141_1961	6650	89.189	37	4	50.0
MW435436.1	k141_42019	21591	89.685	7232	429	9659
MW435436.1	k141_42019	21591	89.685	7232	429	9659
MW435436.1	k141_42019	21591	89.808	3228	207	4332
MW435436.1	k141_42019	21591	89.808	3228	207	4332
MW435436.1	k141_42019	21591	90.321	2273	125	3081
MW435436.1	k141_42019	21591	90.321	2273	125	3081
MW435436.1	k141_42019	21591	87.857	2273	210	2807
MW435436.1	k141_42019	21591	87.857	2273	210	2807
MW435436.1	k141_42019	21591	89.099	1587	115	2072
MW435436.1	k141_42019	21591	89.099	1587	115	2072
MW435436.1	k141_42019	21591	76.640	762	98	572
MW435436.1	k141_42019	21591	76.640	762	98	572
MW435436.1	k141_42019	21591	79.677	620	90	570
MW435436.1	k141_42019	21591	79.677	620	90	570
MW435436.1	k141_42019	21591	85.864	382	38	447
MW435436.1	k141_42019	21591	85.864	382	38	447
MW435436.1	k141_42019	21591	77.148	547	101	400
MW435436.1	k141_42019	21591	81.356	236	18	224
MW435436.1	k141_42019	21591	81.356	236	18	224
MW435436.1	k141_42019	21591	75.851	323	63	223
MW435436.1	k141_42019	21591	75.851	323	63	223
MW435436.1	k141_42019	21591	97.468	79	2	134
MW435436.1	k141_42019	21591	84.259	108	16	115
MW435436.1	k141_42019	21591	92.453	53	3	75.2
MW435436.1	k141_42019	21591	92.453	53	3	75.2
MW435436.1	k141_42019	21591	95.349	43	2	69.8
MW435436.1	k141_42019	21591	88.889	45	5	59.9
MW435436.1	k141_52051	80013	86.934	5411	627	6567
MW435436.1	k141_52051	80013	76.938	7584	1242	5722
MW435436.1	k141_52051	80013	82.069	3876	619	3849
MW435436.1	k141_52051	80013	89.001	2582	276	3361
MW435436.1	k141_52051	80013	79.251	3740	654	3231
MW435436.1	k141_52051	80013	81.061	2318	375	2187
MW435436.1	k141_52051	80013	85.189	1931	280	2186
MW435436.1	k141_52051	80013	86.869	1485	195	1800
MW435436.1	k141_52051	80013	82.122	1734	266	1725
MW435436.1	k141_52051	80013	90.795	1195	109	1656
MW435436.1	k141_52051	80013	78.546	1967	372	1609
MW435436.1	k141_52051	80013	79.876	1769	305	1578
MW435436.1	k141_52051	80013	77.434	2034	294	1536
MW435436.1	k141_52051	80013	73.589	2268	496	1393
MW435436.1	k141_52051	80013	83.090	1029	129	1049
MW435436.1	k141_52051	80013	69.504	2420	596	949
MW435436.1	k141_52051	80013	73.049	1384	272	793
MW435436.1	k141_52051	80013	71.244	1318	246	667
MW435436.1	k141_52051	80013	68.681	1638	323	606
MW435436.1	k141_52051	80013	80.901	644	110	606
MW435436.1	k141_52051	80013	84.872	509	75	564
MW435436.1	k141_52051	80013	72.487	985	173	522
MW435436.1	k141_52051	80013	76.631	659	122	465
MW435436.1	k141_52051	80013	90.852	317	29	442
MW435436.1	k141_52051	80013	82.183	449	68	438
MW435436.1	k141_52051	80013	74.625	666	126	429
MW435436.1	k141_52051	80013	69.816	815	128	373
MW435436.1	k141_52051	80013	76.730	477	98	359
MW435436.1	k141_52051	80013	82.548	361	50	348
MW435436.1	k141_52051	80013	70.474	718	137	308
MW435436.1	k141_52051	80013	79.943	349	56	305
MW435436.1	k141_52051	80013	81.290	310	45	297
MW435436.1	k141_52051	80013	78.402	338	60	270
MW435436.1	k141_52051	80013	83.913	230	30	233
MW435436.1	k141_52051	80013	74.142	379	64	228
MW435436.1	k141_52051	80013	77.003	287	62	215
MW435436.1	k141_52051	80013	75.801	281	68	201
MW435436.1	k141_52051	80013	86.957	161	15	197
MW435436.1	k141_52051	80013	88.235	153	15	194
MW435436.1	k141_52051	80013	79.018	224	45	186
MW435436.1	k141_52051	80013	76.518	247	52	186
MW435436.1	k141_52051	80013	82.584	178	24	184
MW435436.1	k141_52051	80013	90.769	130	12	181
MW435436.1	k141_52051	80013	84.713	157	23	172
MW435436.1	k141_52051	80013	75.479	261	39	160
MW435436.1	k141_52051	80013	84.967	153	18	155
MW435436.1	k141_52051	80013	96.471	85	3	141
MW435436.1	k141_52051	80013	98.734	79	1	139
MW435436.1	k141_52051	80013	81.379	145	15	133
MW435436.1	k141_52051	80013	66.667	444	134	129
MW435436.1	k141_52051	80013	92.045	88	7	128
MW435436.1	k141_52051	80013	76.879	173	28	125
MW435436.1	k141_52051	80013	79.286	140	28	119
MW435436.1	k141_52051	80013	80.992	121	23	115
MW435436.1	k141_52051	80013	89.286	84	9	112
MW435436.1	k141_52051	80013	81.000	100	19	96.0
MW435436.1	k141_52051	80013	81.000	100	19	96.0
MW435436.1	k141_52051	80013	92.857	56	4	84.2
MW435436.1	k141_52051	80013	75.410	122	24	82.4
MW435436.1	k141_52051	80013	75.410	122	24	82.4
MW435436.1	k141_52051	80013	79.518	83	17	74.3
MW435436.1	k141_52051	80013	77.895	95	20	74.3
MW435436.1	k141_52051	80013	92.308	39	3	58.1
MW435436.1	k141_52051	80013	92.308	39	3	58.1
MW435436.1	k141_52051	80013	67.516	157	49	47.3
MW435436.1	k141_52051	80013	74.194	62	16	41.0
MW435436.1	k141_62937	12860	76.446	4012	687	2974
MW435436.1	k141_62937	12860	80.361	1940	336	1786
MW435436.1	k141_62937	12860	76.324	2247	475	1638
MW435436.1	k141_62937	12860	76.236	2003	418	1447
MW435436.1	k141_62937	12860	76.007	1167	235	820
MW435436.1	k141_62937	12860	76.045	1077	216	755
MW435436.1	k141_62937	12860	88.652	141	16	183
MW435436.1	k141_62937	12860	73.494	83	20	49.1
MW435436.1	k141_66082	358	94.972	358	18	565
MW435436.1	k141_66082	358	94.972	358	18	565
MW435436.1	k141_59279	351	83.761	351	57	377
MW435436.1	k141_26191	4051	75.000	472	87	294
MW435436.1	k141_26191	4051	75.000	472	87	294
MW435436.1	k141_26191	4051	76.684	386	84	288
MW435436.1	k141_26191	4051	76.684	386	84	288
MW435436.1	k141_26191	4051	64.617	797	214	138
MW435436.1	k141_26191	4051	64.617	797	214	138
MW435436.1	k141_23696	477	74.066	455	118	289
MW435436.1	k141_23696	477	74.066	455	118	289
MW435436.1	k141_58006	620	95.402	174	8	279
MW435436.1	k141_58006	620	95.402	174	8	279
MW435436.1	k141_54568	496	88.360	189	22	242
MW435436.1	k141_54568	496	88.360	189	22	242
MW435436.1	k141_11139	417	95.714	140	6	226
MW435436.1	k141_11139	417	95.714	140	6	226
MW435436.1	k141_56126	1537	78.014	282	60	223
MW435436.1	k141_56126	1537	78.014	282	60	223
MW435436.1	k141_15499	1509	75.767	326	75	223
MW435436.1	k141_15499	1509	75.767	326	75	223
MW435436.1	k141_15499	1509	86.667	60	8	73.4
MW435436.1	k141_15499	1509	86.667	60	8	73.4
MW435436.1	k141_26345	345	73.209	321	86	192
MW435436.1	k141_51781	360	78.804	184	22	168
MW435436.1	k141_57455	312	81.212	165	25	155
MW435436.1	k141_44387	1018	71.045	335	52	154
MW435436.1	k141_62685	476	91.429	105	9	150
MW435436.1	k141_37666	570	85.385	130	19	150
MW435436.1	k141_11916	3228	70.312	320	47	148
MW435436.1	k141_11916	3228	75.806	62	15	45.5
MW435436.1	k141_863	531	66.190	559	95	147
MW435436.1	k141_63616	2493	91.919	99	6	141
MW435436.1	k141_63616	2493	91.919	99	6	141
MW435436.1	k141_50214	739	81.159	138	26	132
MW435436.1	k141_54961	522	87.037	108	14	132
MW435436.1	k141_54961	522	87.037	108	14	132
MW435436.1	k141_10850	449	80.620	129	15	116
MW435436.1	k141_613	403	74.269	171	33	116
MW435436.1	k141_56932	2708	89.773	88	8	115
MW435436.1	k141_56932	2708	89.773	88	8	115
MW435436.1	k141_56565	1563	91.358	81	7	115
MW435436.1	k141_28793	425	93.333	75	5	113
MW435436.1	k141_28793	425	77.193	57	13	45.5
MW435436.1	k141_45861	1975	91.667	72	6	104
MW435436.1	k141_47925	1013	88.095	84	9	104
MW435436.1	k141_20876	1140	71.111	180	52	91.5
MW435436.1	k141_20876	1140	71.111	180	52	91.5
MW435436.1	k141_23050	1864	84.810	79	4	87.8
MW435436.1	k141_23050	1864	84.810	79	4	87.8
MW435436.1	k141_44440	680	93.103	58	4	87.8
MW435436.1	k141_52771	2248	94.545	55	3	86.9
MW435436.1	k141_52771	2248	94.545	55	3	86.9
MW435436.1	k141_10945	8364	77.391	115	23	85.1
MW435436.1	k141_10945	8364	77.391	115	23	85.1
MW435436.1	k141_10945	8364	77.027	74	17	58.1
MW435436.1	k141_10945	8364	77.027	74	17	58.1
MW435436.1	k141_47503	433	92.453	53	4	78.8
MW435436.1	k141_37725	368	92.157	51	4	75.2
MW435436.1	k141_37725	368	92.157	51	4	75.2
MW435436.1	k141_34727	346	83.824	68	11	74.3
MW435436.1	k141_50438	433	93.617	47	3	72.5
MW435436.1	k141_50438	433	93.617	47	3	72.5
MW435436.1	k141_27182	629	95.122	41	2	66.2
MW435436.1	k141_27182	629	95.122	41	2	66.2
MW435436.1	k141_55236	3133	76.923	65	15	50.9
MW435436.1	k141_55236	3133	76.923	65	15	50.9
MW435436.1	k141_1961	6650	89.189	37	4	50.0
NC_037882.1	k141_42019	21591	90.686	7247	402	9980
NC_037882.1	k141_42019	21591	90.686	7247	402	9980
NC_037882.1	k141_42019	21591	90.253	4935	285	6719
NC_037882.1	k141_42019	21591	90.253	4935	285	6719
NC_037882.1	k141_42019	21591	89.219	2319	119	3043
NC_037882.1	k141_42019	21591	89.219	2319	119	3043
NC_037882.1	k141_42019	21591	85.855	1117	128	1271
NC_037882.1	k141_42019	21591	85.855	1117	128	1271
NC_037882.1	k141_42019	21591	79.085	765	103	647
NC_037882.1	k141_42019	21591	79.085	765	103	647
NC_037882.1	k141_42019	21591	91.954	435	34	624
NC_037882.1	k141_42019	21591	91.954	435	34	624
NC_037882.1	k141_42019	21591	80.645	620	84	597
NC_037882.1	k141_42019	21591	80.645	620	84	597
NC_037882.1	k141_42019	21591	85.354	396	39	457
NC_037882.1	k141_42019	21591	85.354	396	39	457
NC_037882.1	k141_42019	21591	75.277	542	87	389
NC_037882.1	k141_42019	21591	74.763	317	69	204
NC_037882.1	k141_42019	21591	74.763	317	69	204
NC_037882.1	k141_42019	21591	98.734	79	1	139
NC_037882.1	k141_42019	21591	76.963	191	32	135
NC_037882.1	k141_42019	21591	76.963	191	32	135
NC_037882.1	k141_42019	21591	87.037	108	13	129
NC_037882.1	k141_42019	21591	97.959	49	1	85.1
NC_037882.1	k141_42019	21591	97.959	49	1	85.1
NC_037882.1	k141_42019	21591	97.674	43	1	74.3
NC_037882.1	k141_42019	21591	97.561	41	1	70.7
NC_037882.1	k141_42019	21591	97.561	41	1	70.7
NC_037882.1	k141_42019	21591	91.111	45	4	64.4
NC_037882.1	k141_52051	80013	87.567	5421	602	6713
NC_037882.1	k141_52051	80013	77.463	8111	1269	6304
NC_037882.1	k141_52051	80013	82.245	3965	621	3971
NC_037882.1	k141_52051	80013	89.711	2634	269	3522
NC_037882.1	k141_52051	80013	81.069	3703	606	3496
NC_037882.1	k141_52051	80013	82.866	2317	349	2360
NC_037882.1	k141_52051	80013	86.239	1933	259	2280
NC_037882.1	k141_52051	80013	82.757	1821	265	1837
NC_037882.1	k141_52051	80013	87.290	1487	189	1830
NC_037882.1	k141_52051	80013	80.448	1964	342	1768
NC_037882.1	k141_52051	80013	86.264	1456	146	1724
NC_037882.1	k141_52051	80013	76.896	2294	325	1663
NC_037882.1	k141_52051	80013	75.396	2211	467	1506
NC_037882.1	k141_52051	80013	70.568	2341	533	1049
NC_037882.1	k141_52051	80013	88.005	817	69	1036
NC_037882.1	k141_52051	80013	86.391	845	103	999
NC_037882.1	k141_52051	80013	80.276	1014	152	926
NC_037882.1	k141_52051	80013	71.540	1792	314	884
NC_037882.1	k141_52051	80013	82.615	742	128	754
NC_037882.1	k141_52051	80013	83.746	646	87	691
NC_037882.1	k141_52051	80013	81.024	664	119	632
NC_037882.1	k141_52051	80013	74.289	984	138	612
NC_037882.1	k141_52051	80013	69.007	1510	307	601
NC_037882.1	k141_52051	80013	72.008	986	175	531
NC_037882.1	k141_52051	80013	69.120	1250	202	500
NC_037882.1	k141_52051	80013	76.514	677	104	464
NC_037882.1	k141_52051	80013	71.463	827	101	406
NC_037882.1	k141_52051	80013	89.726	292	27	390
NC_037882.1	k141_52051	80013	73.449	693	118	390
NC_037882.1	k141_52051	80013	70.477	796	138	356
NC_037882.1	k141_52051	80013	74.906	534	112	348
NC_037882.1	k141_52051	80013	86.111	288	38	337
NC_037882.1	k141_52051	80013	72.189	676	125	316
NC_037882.1	k141_52051	80013	80.473	338	53	306
NC_037882.1	k141_52051	80013	80.805	323	49	293
NC_037882.1	k141_52051	80013	75.538	372	67	247
NC_037882.1	k141_52051	80013	76.949	295	67	223
NC_037882.1	k141_52051	80013	81.690	213	30	204
NC_037882.1	k141_52051	80013	86.503	163	22	196
NC_037882.1	k141_52051	80013	74.733	281	71	187
NC_037882.1	k141_52051	80013	76.923	260	36	180
NC_037882.1	k141_52051	80013	84.564	149	16	159
NC_037882.1	k141_52051	80013	87.963	108	8	137
NC_037882.1	k141_52051	80013	96.341	82	3	135
NC_037882.1	k141_52051	80013	78.107	169	31	135
NC_037882.1	k141_52051	80013	76.687	163	38	123
NC_037882.1	k141_52051	80013	85.185	108	12	123
NC_037882.1	k141_52051	80013	88.764	89	10	116
NC_037882.1	k141_52051	80013	94.595	74	4	116
NC_037882.1	k141_52051	80013	74.545	165	42	109
NC_037882.1	k141_52051	80013	79.646	113	20	99.6
NC_037882.1	k141_52051	80013	81.000	100	19	96.0
NC_037882.1	k141_52051	80013	81.000	100	19	96.0
NC_037882.1	k141_52051	80013	71.667	120	28	65.3
NC_037882.1	k141_52051	80013	71.667	120	28	65.3
NC_037882.1	k141_52051	80013	92.857	42	3	63.5
NC_037882.1	k141_52051	80013	94.872	39	2	62.6
NC_037882.1	k141_52051	80013	94.872	39	2	62.6
NC_037882.1	k141_52051	80013	79.688	64	13	58.1
NC_037882.1	k141_52051	80013	74.737	95	18	51.8
NC_037882.1	k141_52051	80013	75.714	70	17	50.9
NC_037882.1	k141_52051	80013	68.254	126	40	48.2
NC_037882.1	k141_52051	80013	74.194	62	16	41.0
NC_037882.1	k141_62937	12860	79.402	2306	407	1980
NC_037882.1	k141_62937	12860	80.973	2055	355	1922
NC_037882.1	k141_62937	12860	77.244	2250	465	1711
NC_037882.1	k141_62937	12860	79.806	1446	251	1261
NC_037882.1	k141_62937	12860	76.861	1115	223	835
NC_037882.1	k141_62937	12860	73.395	1184	249	730
NC_037882.1	k141_62937	12860	90.780	141	13	196
NC_037882.1	k141_62937	12860	79.592	49	10	44.6
NC_037882.1	k141_66082	358	94.972	358	18	565
NC_037882.1	k141_66082	358	94.972	358	18	565
NC_037882.1	k141_59279	351	83.761	351	57	377
NC_037882.1	k141_23696	477	76.201	458	103	323
NC_037882.1	k141_26191	4051	74.788	472	88	289
NC_037882.1	k141_26191	4051	74.788	472	88	289
NC_037882.1	k141_26191	4051	76.684	386	84	288
NC_037882.1	k141_26191	4051	76.684	386	84	288
NC_037882.1	k141_26191	4051	64.625	800	209	144
NC_037882.1	k141_26191	4051	64.625	800	209	144
NC_037882.1	k141_58006	620	96.552	174	6	288
NC_037882.1	k141_58006	620	96.552	174	6	288
NC_037882.1	k141_54568	496	88.360	189	22	242
NC_037882.1	k141_54568	496	88.360	189	22	242
NC_037882.1	k141_11139	417	97.143	140	4	235
NC_037882.1	k141_11139	417	97.143	140	4	235
NC_037882.1	k141_56126	1537	78.014	282	60	223
NC_037882.1	k141_56126	1537	78.014	282	60	223
NC_037882.1	k141_15499	1509	75.767	326	75	223
NC_037882.1	k141_15499	1509	75.767	326	75	223
NC_037882.1	k141_15499	1509	86.667	60	8	73.4
NC_037882.1	k141_15499	1509	86.667	60	8	73.4
NC_037882.1	k141_863	531	67.076	489	64	186
NC_037882.1	k141_51781	360	78.804	184	22	168
NC_037882.1	k141_11916	3228	70.822	377	61	166
NC_037882.1	k141_11916	3228	75.806	62	15	45.5
NC_037882.1	k141_26345	345	70.845	343	98	161
NC_037882.1	k141_57455	312	83.660	153	24	160
NC_037882.1	k141_44387	1018	70.621	354	63	153
NC_037882.1	k141_62685	476	92.308	104	8	152
NC_037882.1	k141_37666	570	82.979	141	13	148
NC_037882.1	k141_54961	522	88.496	113	13	146
NC_037882.1	k141_54961	522	88.496	113	13	146
NC_037882.1	k141_613	403	77.401	177	29	145
NC_037882.1	k141_63616	2493	89.899	99	8	132
NC_037882.1	k141_63616	2493	89.899	99	8	132
NC_037882.1	k141_56932	2708	93.182	88	5	129
NC_037882.1	k141_56932	2708	93.182	88	5	129
NC_037882.1	k141_56565	1563	92.683	82	6	122
NC_037882.1	k141_10850	449	93.151	73	5	110
NC_037882.1	k141_28793	425	92.000	75	6	109
NC_037882.1	k141_28793	425	77.193	57	13	45.5
NC_037882.1	k141_45861	1975	93.056	72	5	108
NC_037882.1	k141_12412	502	91.176	68	6	96.9
NC_037882.1	k141_12412	502	91.176	68	6	96.9
NC_037882.1	k141_12398	312	91.176	68	6	96.9
NC_037882.1	k141_12398	312	91.176	68	6	96.9
NC_037882.1	k141_47925	1013	85.714	84	11	95.1
NC_037882.1	k141_20876	1140	70.681	191	56	93.3
NC_037882.1	k141_20876	1140	70.681	191	56	93.3
NC_037882.1	k141_23050	1864	84.810	79	4	87.8
NC_037882.1	k141_23050	1864	84.810	79	4	87.8
NC_037882.1	k141_44440	680	93.103	58	4	87.8
NC_037882.1	k141_52771	2248	94.545	55	3	86.9
NC_037882.1	k141_52771	2248	94.545	55	3	86.9
NC_037882.1	k141_10945	8364	77.391	115	23	85.1
NC_037882.1	k141_10945	8364	77.391	115	23	85.1
NC_037882.1	k141_10945	8364	80.702	57	11	54.5
NC_037882.1	k141_10945	8364	80.702	57	11	54.5
NC_037882.1	k141_47503	433	92.453	53	4	78.8
NC_037882.1	k141_55236	3133	73.950	119	31	76.1
NC_037882.1	k141_37725	368	92.157	51	4	75.2
NC_037882.1	k141_37725	368	92.157	51	4	75.2
NC_037882.1	k141_50438	433	93.617	47	3	72.5
NC_037882.1	k141_50438	433	93.617	47	3	72.5
NC_037882.1	k141_1324	533	88.889	54	6	71.6
NC_037882.1	k141_27182	629	95.122	41	2	66.2
NC_037882.1	k141_27182	629	95.122	41	2	66.2
NC_037882.1	k141_1961	6650	76.923	78	8	60.8
NC_056190.1	k141_42019	21591	91.958	6068	327	8695
NC_056190.1	k141_42019	21591	91.958	6068	327	8695
NC_056190.1	k141_42019	21591	89.271	5005	317	6624
NC_056190.1	k141_42019	21591	89.271	5005	317	6624
NC_056190.1	k141_42019	21591	90.663	2249	127	3067
NC_056190.1	k141_42019	21591	90.663	2249	127	3067
NC_056190.1	k141_42019	21591	87.864	2233	212	2760
NC_056190.1	k141_42019	21591	87.864	2233	212	2760
NC_056190.1	k141_42019	21591	78.295	774	108	626
NC_056190.1	k141_42019	21591	78.295	774	108	626
NC_056190.1	k141_42019	21591	81.240	613	79	607
NC_056190.1	k141_42019	21591	81.240	613	79	607
NC_056190.1	k141_42019	21591	84.496	387	44	429
NC_056190.1	k141_42019	21591	84.496	387	44	429
NC_056190.1	k141_42019	21591	78.175	504	66	413
NC_056190.1	k141_42019	21591	78.175	504	66	413
NC_056190.1	k141_42019	21591	82.873	362	36	370
NC_056190.1	k141_42019	21591	82.873	362	36	370
NC_056190.1	k141_42019	21591	75.277	542	92	367
NC_056190.1	k141_42019	21591	88.439	173	16	222
NC_056190.1	k141_42019	21591	88.439	173	16	222
NC_056190.1	k141_42019	21591	74.528	318	68	203
NC_056190.1	k141_42019	21591	97.531	81	2	138
NC_056190.1	k141_42019	21591	76.440	191	33	131
NC_056190.1	k141_42019	21591	76.440	191	33	131
NC_056190.1	k141_42019	21591	83.505	97	16	104
NC_056190.1	k141_42019	21591	97.619	42	1	72.5
NC_056190.1	k141_42019	21591	88.889	45	5	59.9
NC_056190.1	k141_52051	80013	87.313	5423	603	6629
NC_056190.1	k141_52051	80013	76.690	7499	1221	5533
NC_056190.1	k141_52051	80013	81.825	3857	609	3802
NC_056190.1	k141_52051	80013	89.672	2527	260	3378
NC_056190.1	k141_52051	80013	78.591	3704	689	3082
NC_056190.1	k141_52051	80013	82.070	2348	371	2315
NC_056190.1	k141_52051	80013	84.563	1898	289	2097
NC_056190.1	k141_52051	80013	86.907	1497	196	1817
NC_056190.1	k141_52051	80013	86.643	1430	155	1701
NC_056190.1	k141_52051	80013	78.878	1908	361	1595
NC_056190.1	k141_52051	80013	76.130	2057	295	1466
NC_056190.1	k141_52051	80013	73.200	2250	491	1333
NC_056190.1	k141_52051	80013	75.581	1593	285	1132
NC_056190.1	k141_52051	80013	83.633	1057	151	1102
NC_056190.1	k141_52051	80013	86.012	815	109	952
NC_056190.1	k141_52051	80013	77.778	1053	168	832
NC_056190.1	k141_52051	80013	68.533	2250	565	820
NC_056190.1	k141_52051	80013	81.250	720	135	691
NC_056190.1	k141_52051	80013	80.556	684	127	631
NC_056190.1	k141_52051	80013	80.568	669	112	615
NC_056190.1	k141_52051	80013	68.568	1578	341	579
NC_056190.1	k141_52051	80013	71.560	1192	223	569
NC_056190.1	k141_52051	80013	72.736	1016	175	554
NC_056190.1	k141_52051	80013	73.140	968	182	545
NC_056190.1	k141_52051	80013	72.362	995	162	535
NC_056190.1	k141_52051	80013	82.201	427	58	431
NC_056190.1	k141_52051	80013	70.452	819	125	384
NC_056190.1	k141_52051	80013	72.448	715	126	367
NC_056190.1	k141_52051	80013	73.011	641	119	362
NC_056190.1	k141_52051	80013	87.329	292	27	356
NC_056190.1	k141_52051	80013	72.534	659	117	336
NC_056190.1	k141_52051	80013	70.427	585	102	281
NC_056190.1	k141_52051	80013	86.498	237	22	266
NC_056190.1	k141_52051	80013	78.148	270	25	243
NC_056190.1	k141_52051	80013	76.415	318	57	225
NC_056190.1	k141_52051	80013	74.716	352	64	216
NC_056190.1	k141_52051	80013	83.152	184	25	194
NC_056190.1	k141_52051	80013	75.089	281	70	192
NC_056190.1	k141_52051	80013	80.612	196	30	181
NC_056190.1	k141_52051	80013	77.679	224	50	179
NC_056190.1	k141_52051	80013	86.897	145	13	173
NC_056190.1	k141_52051	80013	81.503	173	32	168
NC_056190.1	k141_52051	80013	88.462	130	15	168
NC_056190.1	k141_52051	80013	73.129	294	71	164
NC_056190.1	k141_52051	80013	76.847	203	47	155
NC_056190.1	k141_52051	80013	78.107	169	31	135
NC_056190.1	k141_52051	80013	96.203	79	3	130
NC_056190.1	k141_52051	80013	96.203	79	3	130
NC_056190.1	k141_52051	80013	96.104	77	3	126
NC_056190.1	k141_52051	80013	93.421	76	5	115
NC_056190.1	k141_52051	80013	75.152	165	41	113
NC_056190.1	k141_52051	80013	88.372	86	10	111
NC_056190.1	k141_52051	80013	77.372	137	20	109
NC_056190.1	k141_52051	80013	65.695	446	133	106
NC_056190.1	k141_52051	80013	81.000	100	19	96.0
NC_056190.1	k141_52051	80013	81.000	100	19	96.0
NC_056190.1	k141_52051	80013	85.915	71	10	84.2
NC_056190.1	k141_52051	80013	92.857	56	4	84.2
NC_056190.1	k141_52051	80013	74.167	120	25	74.3
NC_056190.1	k141_52051	80013	81.250	80	14	74.3
NC_056190.1	k141_52051	80013	74.167	120	25	74.3
NC_056190.1	k141_52051	80013	92.857	42	3	63.5
NC_056190.1	k141_52051	80013	70.690	116	34	57.2
NC_056190.1	k141_52051	80013	86.364	44	6	53.6
NC_056190.1	k141_52051	80013	74.194	62	16	41.0
NC_056190.1	k141_62937	12860	76.568	2296	434	1683
NC_056190.1	k141_62937	12860	76.903	1143	244	845
NC_056190.1	k141_62937	12860	78.252	938	167	765
NC_056190.1	k141_62937	12860	73.494	1079	227	638
NC_056190.1	k141_62937	12860	77.717	727	130	583
NC_056190.1	k141_62937	12860	71.522	460	83	215
NC_056190.1	k141_62937	12860	90.511	137	13	189
NC_056190.1	k141_62937	12860	77.143	105	24	82.4
NC_056190.1	k141_62937	12860	81.633	49	9	49.1
NC_056190.1	k141_66082	358	96.648	358	12	592
NC_056190.1	k141_66082	358	96.648	358	12	592
NC_056190.1	k141_26191	4051	71.655	1009	224	488
NC_056190.1	k141_26191	4051	71.655	1009	224	488
NC_056190.1	k141_26191	4051	64.428	804	209	132
NC_056190.1	k141_26191	4051	64.428	804	209	132
NC_056190.1	k141_59279	351	87.429	350	44	434
NC_056190.1	k141_58006	620	95.429	175	7	277
NC_056190.1	k141_58006	620	95.429	175	7	277
NC_056190.1	k141_863	531	70.541	499	69	250
NC_056190.1	k141_15499	1509	75.964	337	77	233
NC_056190.1	k141_15499	1509	75.964	337	77	233
NC_056190.1	k141_15499	1509	86.667	60	8	73.4
NC_056190.1	k141_15499	1509	86.667	60	8	73.4
NC_056190.1	k141_11139	417	95.745	141	5	224
NC_056190.1	k141_11139	417	95.745	141	5	224
NC_056190.1	k141_56126	1537	77.660	282	61	218
NC_056190.1	k141_56126	1537	77.660	282	61	218
NC_056190.1	k141_54568	496	83.957	187	25	203
NC_056190.1	k141_54568	496	83.957	187	25	203
NC_056190.1	k141_37666	570	73.556	329	52	202
NC_056190.1	k141_26345	345	73.333	345	90	201
NC_056190.1	k141_57455	312	74.132	317	52	189
NC_056190.1	k141_51781	360	78.804	184	22	168
NC_056190.1	k141_44387	1018	70.588	357	58	150
NC_056190.1	k141_54961	522	89.815	108	11	146
NC_056190.1	k141_54961	522	89.815	108	11	146
NC_056190.1	k141_63616	2493	92.079	101	6	144
NC_056190.1	k141_63616	2493	92.079	101	6	144
NC_056190.1	k141_11916	3228	81.081	148	12	142
NC_056190.1	k141_11916	3228	75.806	62	15	45.5
NC_056190.1	k141_50214	739	82.014	139	25	139
NC_056190.1	k141_62685	476	87.850	107	13	135
NC_056190.1	k141_56932	2708	92.135	89	6	126
NC_056190.1	k141_56932	2708	92.135	89	6	126
NC_056190.1	k141_10850	449	83.740	123	16	123
NC_056190.1	k141_56565	1563	93.671	79	5	121
NC_056190.1	k141_28793	425	94.595	74	4	116
NC_056190.1	k141_28793	425	77.193	57	13	45.5
NC_056190.1	k141_142	327	83.929	112	16	114
NC_056190.1	k141_142	327	83.929	112	16	114
NC_056190.1	k141_45861	1975	93.151	73	5	110
NC_056190.1	k141_12412	502	91.176	68	6	96.9
NC_056190.1	k141_12412	502	91.176	68	6	96.9
NC_056190.1	k141_12398	312	91.176	68	6	96.9
NC_056190.1	k141_12398	312	91.176	68	6	96.9
NC_056190.1	k141_44440	680	93.220	59	4	89.7
NC_056190.1	k141_23050	1864	84.810	79	4	87.8
NC_056190.1	k141_23050	1864	84.810	79	4	87.8
NC_056190.1	k141_52771	2248	94.545	55	3	86.9
NC_056190.1	k141_52771	2248	94.545	55	3	86.9
NC_056190.1	k141_10945	8364	77.391	115	23	85.1
NC_056190.1	k141_10945	8364	77.391	115	23	85.1
NC_056190.1	k141_10945	8364	80.702	57	11	54.5
NC_056190.1	k141_10945	8364	80.702	57	11	54.5
NC_056190.1	k141_47925	1013	81.609	87	15	82.4
NC_056190.1	k141_20876	1140	69.948	193	54	82.4
NC_056190.1	k141_20876	1140	69.948	193	54	82.4
NC_056190.1	k141_10809	1191	83.099	71	12	75.2
NC_056190.1	k141_1324	533	90.566	53	5	74.3
NC_056190.1	k141_47503	433	90.566	53	5	74.3
NC_056190.1	k141_37725	368	90.196	51	5	70.7
NC_056190.1	k141_37725	368	90.196	51	5	70.7
NC_056190.1	k141_27182	629	92.683	41	3	61.7
NC_056190.1	k141_27182	629	92.683	41	3	61.7
NC_056190.1	k141_20765	301	75.862	87	17	58.1
NC_056190.1	k141_1961	6650	76.667	60	5	50.0
NC_056190.1	k141_33136	721	90.625	32	3	45.5
NC_056190.1	k141_33136	721	90.625	32	3	45.5
MN564931.1	k141_42019	21591	91.800	6134	327	8737
MN564931.1	k141_42019	21591	91.800	6134	327	8737
MN564931.1	k141_42019	21591	89.816	5057	328	6760
MN564931.1	k141_42019	21591	89.816	5057	328	6760
MN564931.1	k141_42019	21591	89.405	2303	131	3057
MN564931.1	k141_42019	21591	89.405	2303	131	3057
MN564931.1	k141_42019	21591	87.909	2109	197	2630
MN564931.1	k141_42019	21591	87.909	2109	197	2630
MN564931.1	k141_42019	21591	78.610	921	93	782
MN564931.1	k141_42019	21591	78.610	921	93	782
MN564931.1	k141_42019	21591	74.282	836	132	560
MN564931.1	k141_42019	21591	74.282	836	132	560
MN564931.1	k141_42019	21591	83.838	396	42	428
MN564931.1	k141_42019	21591	83.838	396	42	428
MN564931.1	k141_42019	21591	78.424	533	83	418
MN564931.1	k141_42019	21591	82.464	422	59	410
MN564931.1	k141_42019	21591	82.464	422	59	410
MN564931.1	k141_42019	21591	81.624	234	19	233
MN564931.1	k141_42019	21591	81.624	234	19	233
MN564931.1	k141_42019	21591	76.101	318	64	224
MN564931.1	k141_42019	21591	79.048	210	27	183
MN564931.1	k141_42019	21591	79.048	210	27	183
MN564931.1	k141_42019	21591	100.000	79	0	143
MN564931.1	k141_42019	21591	88.889	108	11	138
MN564931.1	k141_42019	21591	88.889	108	11	138
MN564931.1	k141_42019	21591	88.235	68	6	80.6
MN564931.1	k141_42019	21591	91.111	45	4	64.4
MN564931.1	k141_52051	80013	87.203	5384	612	6561
MN564931.1	k141_52051	80013	76.110	7882	1355	5602
MN564931.1	k141_52051	80013	82.123	3843	617	3820
MN564931.1	k141_52051	80013	88.345	2574	292	3279
MN564931.1	k141_52051	80013	79.407	3710	652	3231
MN564931.1	k141_52051	80013	74.753	4052	791	2599
MN564931.1	k141_52051	80013	81.803	2319	362	2262
MN564931.1	k141_52051	80013	84.498	1903	292	2101
MN564931.1	k141_52051	80013	86.626	1488	198	1783
MN564931.1	k141_52051	80013	81.236	1748	303	1656
MN564931.1	k141_52051	80013	81.124	1743	277	1640
MN564931.1	k141_52051	80013	78.647	1892	362	1571
MN564931.1	k141_52051	80013	76.578	2075	314	1472
MN564931.1	k141_52051	80013	73.756	2210	497	1361
MN564931.1	k141_52051	80013	77.162	1607	276	1205
MN564931.1	k141_52051	80013	82.962	1033	128	1073
MN564931.1	k141_52051	80013	71.110	1388	270	661
MN564931.1	k141_52051	80013	67.941	1962	427	646
MN564931.1	k141_52051	80013	84.342	562	85	616
MN564931.1	k141_52051	80013	80.125	639	115	582
MN564931.1	k141_52051	80013	71.414	1011	151	519
MN564931.1	k141_52051	80013	75.832	691	111	477
MN564931.1	k141_52051	80013	90.566	318	29	435
MN564931.1	k141_52051	80013	77.003	574	87	414
MN564931.1	k141_52051	80013	88.571	280	29	351
MN564931.1	k141_52051	80013	69.407	827	128	329
MN564931.1	k141_52051	80013	82.886	298	37	312
MN564931.1	k141_52051	80013	84.490	245	34	270
MN564931.1	k141_52051	80013	77.515	338	60	269
MN564931.1	k141_52051	80013	82.083	240	40	238
MN564931.1	k141_52051	80013	74.930	359	62	236
MN564931.1	k141_52051	80013	73.791	393	67	233
MN564931.1	k141_52051	80013	71.801	422	79	221
MN564931.1	k141_52051	80013	81.166	223	26	214
MN564931.1	k141_52051	80013	83.420	193	26	205
MN564931.1	k141_52051	80013	87.654	162	20	203
MN564931.1	k141_52051	80013	79.130	230	43	195
MN564931.1	k141_52051	80013	88.112	143	15	175
MN564931.1	k141_52051	80013	73.665	281	74	174
MN564931.1	k141_52051	80013	87.770	139	14	173
MN564931.1	k141_52051	80013	81.609	174	32	170
MN564931.1	k141_52051	80013	85.906	149	18	164
MN564931.1	k141_52051	80013	93.939	99	5	149
MN564931.1	k141_52051	80013	74.222	225	58	145
MN564931.1	k141_52051	80013	94.565	92	5	144
MN564931.1	k141_52051	80013	75.500	200	49	141
MN564931.1	k141_52051	80013	98.734	79	1	139
MN564931.1	k141_52051	80013	80.435	138	16	129
MN564931.1	k141_52051	80013	65.789	570	173	129
MN564931.1	k141_52051	80013	92.857	84	6	125
MN564931.1	k141_52051	80013	92.771	83	6	123
MN564931.1	k141_52051	80013	87.755	98	10	121
MN564931.1	k141_52051	80013	88.421	95	10	119
MN564931.1	k141_52051	80013	75.287	174	27	117
MN564931.1	k141_52051	80013	78.571	126	27	106
MN564931.1	k141_52051	80013	78.519	135	23	101
MN564931.1	k141_52051	80013	81.000	100	19	96.0
MN564931.1	k141_52051	80013	81.000	100	19	96.0
MN564931.1	k141_52051	80013	73.333	120	26	74.3
MN564931.1	k141_52051	80013	71.318	129	37	67.1
MN564931.1	k141_52051	80013	90.476	42	4	59.0
MN564931.1	k141_52051	80013	69.863	146	42	59.0
MN564931.1	k141_52051	80013	92.308	39	3	58.1
MN564931.1	k141_52051	80013	92.308	39	3	58.1
MN564931.1	k141_52051	80013	82.979	47	8	50.0
MN564931.1	k141_52051	80013	74.194	62	16	41.0
MN564931.1	k141_62937	12860	81.762	1930	315	1892
MN564931.1	k141_62937	12860	78.375	2326	413	1887
MN564931.1	k141_62937	12860	77.466	2210	432	1706
MN564931.1	k141_62937	12860	78.234	1438	262	1152
MN564931.1	k141_62937	12860	74.978	1115	247	724
MN564931.1	k141_62937	12860	73.028	1179	249	692
MN564931.1	k141_62937	12860	90.071	141	14	192
MN564931.1	k141_62937	12860	79.592	49	10	44.6
MN564931.1	k141_66082	358	89.835	364	31	482
MN564931.1	k141_66082	358	89.835	364	31	482
MN564931.1	k141_59279	351	83.429	350	58	370
MN564931.1	k141_26191	4051	75.641	468	91	293
MN564931.1	k141_26191	4051	75.641	468	91	293
MN564931.1	k141_26191	4051	76.166	386	86	279
MN564931.1	k141_26191	4051	76.166	386	86	279
MN564931.1	k141_26191	4051	64.669	801	209	141
MN564931.1	k141_26191	4051	64.669	801	209	141
MN564931.1	k141_58006	620	95.977	174	7	283
MN564931.1	k141_58006	620	95.977	174	7	283
MN564931.1	k141_15499	1509	76.074	326	74	227
MN564931.1	k141_15499	1509	76.074	326	74	227
MN564931.1	k141_15499	1509	86.667	60	8	73.4
MN564931.1	k141_15499	1509	86.667	60	8	73.4
MN564931.1	k141_11139	417	95.714	140	6	226
MN564931.1	k141_11139	417	95.714	140	6	226
MN564931.1	k141_56126	1537	78.014	282	60	223
MN564931.1	k141_56126	1537	78.014	282	60	223
MN564931.1	k141_54568	496	85.567	194	22	221
MN564931.1	k141_54568	496	85.567	194	22	221
MN564931.1	k141_23696	477	70.549	455	125	216
MN564931.1	k141_26345	345	71.594	345	96	174
MN564931.1	k141_51781	360	80.435	184	19	168
MN564931.1	k141_11916	3228	73.651	315	54	162
MN564931.1	k141_11916	3228	75.806	62	15	45.5
MN564931.1	k141_62685	476	93.333	105	7	159
MN564931.1	k141_50214	739	84.058	138	22	150
MN564931.1	k141_37666	570	90.654	107	10	149
MN564931.1	k141_54961	522	89.815	108	11	146
MN564931.1	k141_54961	522	89.815	108	11	146
MN564931.1	k141_613	403	77.193	171	28	139
MN564931.1	k141_63616	2493	91.000	100	7	138
MN564931.1	k141_63616	2493	91.000	100	7	138
MN564931.1	k141_56932	2708	93.182	88	5	129
MN564931.1	k141_56932	2708	93.182	88	5	129
MN564931.1	k141_56565	1563	94.937	79	4	125
MN564931.1	k141_56565	1563	78.723	47	10	41.0
MN564931.1	k141_44387	1018	70.318	283	49	123
MN564931.1	k141_57455	312	83.036	112	13	118
MN564931.1	k141_142	327	84.211	114	16	118
MN564931.1	k141_142	327	84.211	114	16	118
MN564931.1	k141_863	531	77.914	163	24	116
MN564931.1	k141_863	531	84.848	66	10	75.2
MN564931.1	k141_28793	425	94.521	73	4	114
MN564931.1	k141_28793	425	77.193	57	13	45.5
MN564931.1	k141_10850	449	82.114	123	14	108
MN564931.1	k141_60048	373	82.569	109	17	104
MN564931.1	k141_45861	1975	91.781	73	5	102
MN564931.1	k141_47925	1013	85.714	84	11	95.1
MN564931.1	k141_12412	502	90.625	64	6	89.7
MN564931.1	k141_12412	502	90.625	64	6	89.7
MN564931.1	k141_12398	312	90.625	64	6	89.7
MN564931.1	k141_12398	312	90.625	64	6	89.7
MN564931.1	k141_20876	1140	70.157	191	57	88.7
MN564931.1	k141_20876	1140	70.157	191	57	88.7
MN564931.1	k141_23050	1864	98.000	50	1	86.9
MN564931.1	k141_23050	1864	98.000	50	1	86.9
MN564931.1	k141_52771	2248	94.545	55	3	86.9
MN564931.1	k141_52771	2248	94.545	55	3	86.9
MN564931.1	k141_10945	8364	77.391	115	23	85.1
MN564931.1	k141_10945	8364	77.391	115	23	85.1
MN564931.1	k141_10945	8364	80.702	57	11	54.5
MN564931.1	k141_10945	8364	80.702	57	11	54.5
MN564931.1	k141_47503	433	92.453	53	4	78.8
MN564931.1	k141_50438	433	95.745	47	2	77.0
MN564931.1	k141_50438	433	95.745	47	2	77.0
MN564931.1	k141_37725	368	92.157	51	4	75.2
MN564931.1	k141_37725	368	92.157	51	4	75.2
MN564931.1	k141_55236	3133	72.180	133	37	74.3
MN564931.1	k141_1324	533	86.792	53	7	65.3
MN564931.1	k141_27182	629	93.023	43	3	65.3
MN564931.1	k141_27182	629	93.023	43	3	65.3
MN564931.1	k141_52399	1570	87.234	47	5	55.4
MN564931.1	k141_1961	6650	77.049	61	5	51.8
NC_031651.1	k141_42019	21591	90.572	7170	426	9879
NC_031651.1	k141_42019	21591	90.572	7170	426	9879
NC_031651.1	k141_42019	21591	90.062	5122	326	6909
NC_031651.1	k141_42019	21591	90.062	5122	326	6909
NC_031651.1	k141_42019	21591	89.728	2278	127	3038
NC_031651.1	k141_42019	21591	89.728	2278	127	3038
NC_031651.1	k141_42019	21591	90.189	2171	173	2920
NC_031651.1	k141_42019	21591	91.279	2087	160	2914
NC_031651.1	k141_42019	21591	81.129	620	81	610
NC_031651.1	k141_42019	21591	81.129	620	81	610
NC_031651.1	k141_42019	21591	86.563	387	36	465
NC_031651.1	k141_42019	21591	86.563	387	36	465
NC_031651.1	k141_42019	21591	78.114	562	88	451
NC_031651.1	k141_42019	21591	79.677	433	62	372
NC_031651.1	k141_42019	21591	79.677	433	62	372
NC_031651.1	k141_42019	21591	79.299	314	55	265
NC_031651.1	k141_42019	21591	85.000	220	19	243
NC_031651.1	k141_42019	21591	85.000	220	19	243
NC_031651.1	k141_42019	21591	77.889	199	33	167
NC_031651.1	k141_42019	21591	85.437	103	14	115
NC_031651.1	k141_42019	21591	98.182	55	1	96.0
NC_031651.1	k141_42019	21591	100.000	39	0	71.6
NC_031651.1	k141_42019	21591	90.566	53	4	70.7
NC_031651.1	k141_42019	21591	90.566	53	4	70.7
NC_031651.1	k141_42019	21591	95.122	41	2	66.2
NC_031651.1	k141_42019	21591	95.122	41	2	66.2
NC_031651.1	k141_52051	80013	87.701	5415	591	6732
NC_031651.1	k141_52051	80013	77.797	7526	1210	5973
NC_031651.1	k141_52051	80013	82.660	3864	573	3955
NC_031651.1	k141_52051	80013	90.316	2499	242	3416
NC_031651.1	k141_52051	80013	80.203	3738	632	3399
NC_031651.1	k141_52051	80013	79.738	3134	464	2786
NC_031651.1	k141_52051	80013	75.093	3778	729	2506
NC_031651.1	k141_52051	80013	81.128	2501	369	2399
NC_031651.1	k141_52051	80013	86.671	1478	197	1778
NC_031651.1	k141_52051	80013	82.725	1725	260	1757
NC_031651.1	k141_52051	80013	82.169	1761	268	1753
NC_031651.1	k141_52051	80013	79.235	1960	349	1649
NC_031651.1	k141_52051	80013	78.130	2053	304	1634
NC_031651.1	k141_52051	80013	76.148	2222	450	1600
NC_031651.1	k141_52051	80013	87.435	955	108	1170
NC_031651.1	k141_52051	80013	80.315	1016	153	911
NC_031651.1	k141_52051	80013	76.519	1103	210	781
NC_031651.1	k141_52051	80013	82.432	666	107	670
NC_031651.1	k141_52051	80013	73.551	1070	209	604
NC_031651.1	k141_52051	80013	71.216	1077	171	535
NC_031651.1	k141_52051	80013	76.720	683	126	527
NC_031651.1	k141_52051	80013	69.526	1224	198	508
NC_031651.1	k141_52051	80013	78.495	651	103	505
NC_031651.1	k141_52051	80013	73.684	817	115	496
NC_031651.1	k141_52051	80013	78.488	516	91	431
NC_031651.1	k141_52051	80013	90.728	302	28	419
NC_031651.1	k141_52051	80013	77.976	504	92	399
NC_031651.1	k141_52051	80013	73.425	730	128	394
NC_031651.1	k141_52051	80013	72.424	660	119	364
NC_031651.1	k141_52051	80013	80.494	405	47	359
NC_031651.1	k141_52051	80013	82.143	308	42	302
NC_031651.1	k141_52051	80013	79.938	324	49	288
NC_031651.1	k141_52051	80013	86.694	248	22	287
NC_031651.1	k141_52051	80013	76.731	361	58	260
NC_031651.1	k141_52051	80013	71.269	536	115	236
NC_031651.1	k141_52051	80013	81.893	243	38	233
NC_031651.1	k141_52051	80013	76.491	285	67	213
NC_031651.1	k141_52051	80013	83.744	203	28	209
NC_031651.1	k141_52051	80013	84.783	184	27	203
NC_031651.1	k141_52051	80013	81.768	181	29	173
NC_031651.1	k141_52051	80013	78.049	205	32	166
NC_031651.1	k141_52051	80013	82.781	151	20	157
NC_031651.1	k141_52051	80013	92.391	92	7	135
NC_031651.1	k141_52051	80013	97.468	79	2	134
NC_031651.1	k141_52051	80013	91.304	92	6	128
NC_031651.1	k141_52051	80013	73.529	204	37	127
NC_031651.1	k141_52051	80013	77.059	170	31	125
NC_031651.1	k141_52051	80013	91.566	83	7	119
NC_031651.1	k141_52051	80013	75.758	165	40	118
NC_031651.1	k141_52051	80013	75.152	165	41	113
NC_031651.1	k141_52051	80013	89.412	85	9	113
NC_031651.1	k141_52051	80013	73.481	181	38	102
NC_031651.1	k141_52051	80013	76.667	120	22	87.8
NC_031651.1	k141_52051	80013	76.667	120	22	87.8
NC_031651.1	k141_52051	80013	85.915	71	10	84.2
NC_031651.1	k141_52051	80013	77.083	96	21	71.6
NC_031651.1	k141_52051	80013	86.275	51	7	61.7
NC_031651.1	k141_52051	80013	92.308	39	3	58.1
NC_031651.1	k141_52051	80013	92.308	39	3	58.1
NC_031651.1	k141_52051	80013	75.714	70	17	50.9
NC_031651.1	k141_52051	80013	67.059	170	54	48.2
NC_031651.1	k141_52051	80013	74.194	62	16	41.0
NC_031651.1	k141_62937	12860	83.083	1927	288	1995
NC_031651.1	k141_62937	12860	77.634	2316	404	1850
NC_031651.1	k141_62937	12860	76.888	2211	479	1677
NC_031651.1	k141_62937	12860	80.539	1372	230	1269
NC_031651.1	k141_62937	12860	76.089	1171	217	839
NC_031651.1	k141_62937	12860	73.872	1175	239	734
NC_031651.1	k141_62937	12860	90.780	141	13	196
NC_031651.1	k141_62937	12860	77.500	160	30	123
NC_031651.1	k141_62937	12860	81.633	49	9	49.1
NC_031651.1	k141_66082	358	94.693	358	19	561
NC_031651.1	k141_66082	358	94.693	358	19	561
NC_031651.1	k141_26191	4051	71.443	1005	233	482
NC_031651.1	k141_26191	4051	71.443	1005	233	482
NC_031651.1	k141_26191	4051	64.669	801	207	139
NC_031651.1	k141_26191	4051	64.669	801	207	139
NC_031651.1	k141_59279	351	83.476	351	58	372
NC_031651.1	k141_58006	620	95.977	174	7	283
NC_031651.1	k141_58006	620	95.977	174	7	283
NC_031651.1	k141_54568	496	87.831	189	18	238
NC_031651.1	k141_54568	496	87.831	189	18	238
NC_031651.1	k141_23696	477	71.711	456	127	234
NC_031651.1	k141_15499	1509	76.380	326	73	232
NC_031651.1	k141_15499	1509	76.380	326	73	232
NC_031651.1	k141_15499	1509	86.667	60	8	73.4
NC_031651.1	k141_15499	1509	86.667	60	8	73.4
NC_031651.1	k141_11139	417	96.429	140	5	231
NC_031651.1	k141_11139	417	96.429	140	5	231
NC_031651.1	k141_56126	1537	78.014	282	60	223
NC_031651.1	k141_56126	1537	78.014	282	60	223
NC_031651.1	k141_26345	345	71.884	345	95	178
NC_031651.1	k141_11916	3228	73.994	323	51	176
NC_031651.1	k141_11916	3228	75.806	62	15	45.5
NC_031651.1	k141_863	531	69.307	404	70	169
NC_031651.1	k141_51781	360	78.804	184	22	168
NC_031651.1	k141_44387	1018	71.309	359	56	168
NC_031651.1	k141_44387	1018	82.895	76	7	80.6
NC_031651.1	k141_63616	2493	93.814	97	4	146
NC_031651.1	k141_63616	2493	93.814	97	4	146
NC_031651.1	k141_62685	476	90.476	105	10	145
NC_031651.1	k141_37666	570	85.246	122	18	140
NC_031651.1	k141_54961	522	87.963	108	13	137
NC_031651.1	k141_54961	522	87.963	108	13	137
NC_031651.1	k141_10850	449	85.366	123	13	132
NC_031651.1	k141_56932	2708	93.182	88	5	129
NC_031651.1	k141_56932	2708	93.182	88	5	129
NC_031651.1	k141_57455	312	76.023	171	29	126
NC_031651.1	k141_613	403	75.439	171	31	125
NC_031651.1	k141_50214	739	79.710	138	28	123
NC_031651.1	k141_56565	1563	94.805	77	4	122
NC_031651.1	k141_45861	1975	83.810	105	13	108
NC_031651.1	k141_28793	425	91.781	73	6	105
NC_031651.1	k141_28793	425	77.193	57	13	45.5
NC_031651.1	k141_47925	1013	86.905	84	10	99.6
NC_031651.1	k141_20876	1140	71.204	191	55	97.8
NC_031651.1	k141_20876	1140	71.204	191	55	97.8
NC_031651.1	k141_12412	502	88.235	68	8	87.8
NC_031651.1	k141_12412	502	88.235	68	8	87.8
NC_031651.1	k141_12398	312	88.235	68	8	87.8
NC_031651.1	k141_12398	312	88.235	68	8	87.8
NC_031651.1	k141_44440	680	93.103	58	4	87.8
NC_031651.1	k141_23050	1864	98.000	50	1	86.9
NC_031651.1	k141_23050	1864	98.000	50	1	86.9
NC_031651.1	k141_52771	2248	94.545	55	3	86.9
NC_031651.1	k141_52771	2248	94.545	55	3	86.9
NC_031651.1	k141_1324	533	89.231	65	7	86.9
NC_031651.1	k141_10945	8364	77.391	115	23	85.1
NC_031651.1	k141_10945	8364	77.391	115	23	85.1
NC_031651.1	k141_10945	8364	80.702	57	11	54.5
NC_031651.1	k141_10945	8364	80.702	57	11	54.5
NC_031651.1	k141_55236	3133	75.455	110	27	77.9
NC_031651.1	k141_50438	433	95.745	47	2	77.0
NC_031651.1	k141_50438	433	95.745	47	2	77.0
NC_031651.1	k141_37725	368	92.157	51	4	75.2
NC_031651.1	k141_37725	368	92.157	51	4	75.2
NC_031651.1	k141_47503	433	90.566	53	5	74.3
NC_031651.1	k141_10809	1191	81.690	71	13	70.7
NC_031651.1	k141_27182	629	95.349	43	2	69.8
NC_031651.1	k141_27182	629	95.349	43	2	69.8
MW366789.1	k141_52051	80013	89.442	5304	503	6993
MW366789.1	k141_52051	80013	89.442	5304	503	6993
MW366789.1	k141_52051	80013	79.839	5838	826	5169
MW366789.1	k141_52051	80013	86.434	3435	362	4044
MW366789.1	k141_52051	80013	80.875	3979	648	3712
MW366789.1	k141_52051	80013	80.639	3693	626	3427
MW366789.1	k141_52051	80013	79.641	3394	570	2939
MW366789.1	k141_52051	80013	78.435	3552	645	2895
MW366789.1	k141_52051	80013	86.611	1912	247	2294
MW366789.1	k141_52051	80013	88.633	1522	163	1952
MW366789.1	k141_52051	80013	81.030	2077	338	1948
MW366789.1	k141_52051	80013	80.714	1934	330	1796
MW366789.1	k141_52051	80013	79.465	1870	321	1622
MW366789.1	k141_52051	80013	87.591	1104	111	1366
MW366789.1	k141_52051	80013	77.816	1749	283	1361
MW366789.1	k141_52051	80013	78.635	1568	259	1306
MW366789.1	k141_52051	80013	80.019	1066	198	958
MW366789.1	k141_52051	80013	79.835	967	131	842
MW366789.1	k141_52051	80013	72.368	1444	237	803
MW366789.1	k141_52051	80013	81.818	638	111	619
MW366789.1	k141_52051	80013	70.563	1155	270	542
MW366789.1	k141_52051	80013	74.789	829	114	535
MW366789.1	k141_52051	80013	73.371	875	163	533
MW366789.1	k141_52051	80013	79.745	548	82	452
MW366789.1	k141_52051	80013	81.585	467	62	432
MW366789.1	k141_52051	80013	74.176	728	113	430
MW366789.1	k141_52051	80013	73.869	685	112	426
MW366789.1	k141_52051	80013	76.410	585	109	424
MW366789.1	k141_52051	80013	66.667	1443	277	389
MW366789.1	k141_52051	80013	74.135	549	107	351
MW366789.1	k141_52051	80013	78.897	417	55	350
MW366789.1	k141_52051	80013	78.897	417	55	350
MW366789.1	k141_52051	80013	73.582	564	112	321
MW366789.1	k141_52051	80013	70.066	755	130	313
MW366789.1	k141_52051	80013	87.983	233	25	293
MW366789.1	k141_52051	80013	86.275	255	30	289
MW366789.1	k141_52051	80013	77.437	359	69	262
MW366789.1	k141_52051	80013	73.798	416	77	243
MW366789.1	k141_52051	80013	76.923	286	43	213
MW366789.1	k141_52051	80013	75.000	324	49	213
MW366789.1	k141_52051	80013	83.854	192	30	204
MW366789.1	k141_52051	80013	79.012	243	38	194
MW366789.1	k141_52051	80013	71.768	379	61	194
MW366789.1	k141_52051	80013	66.557	607	186	168
MW366789.1	k141_52051	80013	66.557	607	186	168
MW366789.1	k141_52051	80013	95.192	104	5	166
MW366789.1	k141_52051	80013	70.423	355	94	164
MW366789.1	k141_52051	80013	86.897	145	13	164
MW366789.1	k141_52051	80013	88.618	123	14	159
MW366789.1	k141_52051	80013	87.611	113	13	138
MW366789.1	k141_52051	80013	80.000	160	26	132
MW366789.1	k141_52051	80013	89.691	97	10	131
MW366789.1	k141_52051	80013	85.714	112	13	124
MW366789.1	k141_52051	80013	88.298	94	11	121
MW366789.1	k141_52051	80013	81.250	128	18	120
MW366789.1	k141_52051	80013	75.740	169	36	116
MW366789.1	k141_52051	80013	80.159	126	25	115
MW366789.1	k141_52051	80013	80.159	126	25	115
MW366789.1	k141_52051	80013	73.939	165	43	104
MW366789.1	k141_52051	80013	73.939	165	43	104
MW366789.1	k141_52051	80013	91.892	74	5	104
MW366789.1	k141_52051	80013	91.892	74	5	104
MW366789.1	k141_52051	80013	89.610	77	8	104
MW366789.1	k141_52051	80013	78.125	128	26	98.7
MW366789.1	k141_52051	80013	80.000	90	18	82.4
MW366789.1	k141_52051	80013	87.097	62	8	77.0
MW366789.1	k141_52051	80013	87.097	62	8	77.0
MW366789.1	k141_52051	80013	87.500	56	7	70.7
MW366789.1	k141_52051	80013	67.241	232	72	62.6
MW366789.1	k141_52051	80013	67.241	232	72	62.6
MW366789.1	k141_52051	80013	67.647	170	53	52.7
MW366789.1	k141_52051	80013	67.647	170	53	52.7
MW366789.1	k141_52051	80013	79.245	53	11	47.3
MW366789.1	k141_52051	80013	79.245	53	11	47.3
MW366789.1	k141_52051	80013	74.627	67	17	45.5
MW366789.1	k141_42019	21591	89.289	5023	420	6605
MW366789.1	k141_42019	21591	89.289	5023	420	6605
MW366789.1	k141_42019	21591	92.203	3001	148	4327
MW366789.1	k141_42019	21591	92.203	3001	148	4327
MW366789.1	k141_42019	21591	89.011	2266	153	2920
MW366789.1	k141_42019	21591	89.011	2266	153	2920
MW366789.1	k141_42019	21591	86.749	2264	203	2728
MW366789.1	k141_42019	21591	86.705	2264	204	2724
MW366789.1	k141_42019	21591	91.034	1818	105	2543
MW366789.1	k141_42019	21591	91.034	1818	105	2543
MW366789.1	k141_42019	21591	84.277	636	51	691
MW366789.1	k141_42019	21591	84.277	636	51	691
MW366789.1	k141_42019	21591	85.397	541	49	625
MW366789.1	k141_42019	21591	85.397	541	49	625
MW366789.1	k141_42019	21591	86.603	418	41	498
MW366789.1	k141_42019	21591	85.959	292	30	343
MW366789.1	k141_42019	21591	85.959	292	30	343
MW366789.1	k141_42019	21591	96.377	138	5	227
MW366789.1	k141_42019	21591	96.377	138	5	227
MW366789.1	k141_42019	21591	85.475	179	22	205
MW366789.1	k141_42019	21591	85.475	179	22	205
MW366789.1	k141_42019	21591	86.441	177	22	205
MW366789.1	k141_42019	21591	86.441	177	22	205
MW366789.1	k141_42019	21591	73.871	310	44	196
MW366789.1	k141_42019	21591	89.655	145	15	195
MW366789.1	k141_42019	21591	89.655	145	15	195
MW366789.1	k141_42019	21591	82.320	181	27	185
MW366789.1	k141_42019	21591	82.320	181	27	183
MW366789.1	k141_42019	21591	80.795	151	16	145
MW366789.1	k141_42019	21591	80.795	151	16	145
MW366789.1	k141_42019	21591	94.253	87	5	135
MW366789.1	k141_42019	21591	94.253	87	5	135
MW366789.1	k141_42019	21591	93.878	49	3	76.1
MW366789.1	k141_42019	21591	93.878	49	3	76.1
MW366789.1	k141_42019	21591	93.878	49	3	76.1
MW366789.1	k141_42019	21591	89.796	49	5	67.1
MW366789.1	k141_42019	21591	89.796	49	5	67.1
MW366789.1	k141_42019	21591	89.796	49	5	67.1
MW366789.1	k141_42019	21591	90.909	44	4	62.6
MW366789.1	k141_62937	12860	83.215	3956	547	4107
MW366789.1	k141_62937	12860	83.215	3956	547	4107
MW366789.1	k141_62937	12860	80.769	2028	342	1893
MW366789.1	k141_62937	12860	77.204	2325	475	1786
MW366789.1	k141_62937	12860	78.073	1131	194	930
MW366789.1	k141_62937	12860	81.368	687	119	653
MW366789.1	k141_62937	12860	81.368	687	119	653
MW366789.1	k141_62937	12860	81.308	321	60	309
MW366789.1	k141_62937	12860	93.617	141	9	214
MW366789.1	k141_62937	12860	93.617	141	9	214
MW366789.1	k141_62937	12860	79.592	49	10	44.6
MW366789.1	k141_26191	4051	71.584	1010	227	488
MW366789.1	k141_26191	4051	71.584	1010	227	488
MW366789.1	k141_26191	4051	65.019	789	213	141
MW366789.1	k141_26191	4051	65.019	789	213	141
MW366789.1	k141_58006	620	94.828	174	9	274
MW366789.1	k141_58006	620	94.828	174	9	274
MW366789.1	k141_15499	1509	77.134	328	69	242
MW366789.1	k141_15499	1509	77.134	328	69	242
MW366789.1	k141_15499	1509	90.000	60	6	82.4
MW366789.1	k141_15499	1509	90.000	60	6	82.4
MW366789.1	k141_15499	1509	88.333	60	7	77.9
MW366789.1	k141_15499	1509	88.333	60	7	77.9
MW366789.1	k141_54568	496	88.525	183	21	236
MW366789.1	k141_54568	496	88.525	183	21	236
MW366789.1	k141_11139	417	95.000	140	7	222
MW366789.1	k141_11139	417	95.000	140	7	222
MW366789.1	k141_11916	3228	72.040	397	52	188
MW366789.1	k141_11916	3228	75.758	66	16	48.2
MW366789.1	k141_26345	345	71.512	344	98	179
MW366789.1	k141_51781	360	79.348	184	21	172
MW366789.1	k141_613	403	84.000	150	24	163
MW366789.1	k141_62685	476	92.381	105	8	154
MW366789.1	k141_50214	739	84.173	139	22	152
MW366789.1	k141_54961	522	90.909	99	9	139
MW366789.1	k141_54961	522	90.909	99	9	139
MW366789.1	k141_23696	477	66.667	462	140	139
MW366789.1	k141_44387	1018	71.583	278	54	132
MW366789.1	k141_10850	449	81.333	150	23	132
MW366789.1	k141_57455	312	85.965	114	11	125
MW366789.1	k141_45861	1975	97.222	72	2	122
MW366789.1	k141_56932	2708	89.773	88	8	115
MW366789.1	k141_56932	2708	89.773	88	8	115
MW366789.1	k141_37666	570	83.810	105	17	113
MW366789.1	k141_56565	1563	94.366	71	4	111
MW366789.1	k141_63616	2493	92.000	75	4	106
MW366789.1	k141_63616	2493	92.000	75	4	106
MW366789.1	k141_44440	680	100.000	58	0	105
MW366789.1	k141_47925	1013	87.356	87	10	104
MW366789.1	k141_28793	425	91.892	74	5	104
MW366789.1	k141_28793	425	75.758	66	16	48.2
MW366789.1	k141_142	327	85.106	94	13	104
MW366789.1	k141_142	327	85.106	94	13	104
MW366789.1	k141_59279	351	68.919	296	81	103
MW366789.1	k141_59279	351	68.919	296	81	103
MW366789.1	k141_23050	1864	98.000	50	1	86.9
MW366789.1	k141_23050	1864	98.000	50	1	86.9
MW366789.1	k141_52771	2248	92.982	57	4	86.0
MW366789.1	k141_52771	2248	92.982	57	4	86.0
MW366789.1	k141_1324	533	91.379	58	5	83.3
MW366789.1	k141_10945	8364	76.522	115	24	80.6
MW366789.1	k141_10945	8364	76.522	115	24	80.6
MW366789.1	k141_10945	8364	82.812	64	11	67.1
MW366789.1	k141_10945	8364	82.812	64	11	67.1
MW366789.1	k141_10945	8364	73.626	91	24	57.2
MW366789.1	k141_10945	8364	73.626	91	24	57.2
MW366789.1	k141_12412	502	86.364	66	9	79.7
MW366789.1	k141_12412	502	86.364	66	9	79.7
MW366789.1	k141_12398	312	86.364	66	9	79.7
MW366789.1	k141_12398	312	86.364	66	9	79.7
MW366789.1	k141_47503	433	92.453	53	4	78.8
MW366789.1	k141_37725	368	92.157	51	4	75.2
MW366789.1	k141_37725	368	92.157	51	4	75.2
MW366789.1	k141_55236	3133	71.429	140	40	73.4
MW366789.1	k141_55236	3133	69.106	123	34	41.9
MW366789.1	k141_27182	629	97.436	39	1	67.1
MW366789.1	k141_27182	629	97.436	39	1	67.1
MW366789.1	k141_38002	2983	85.455	55	8	64.4
MW366789.1	k141_10176	1118	80.597	67	10	61.7
MW366789.1	k141_1961	6650	75.000	72	7	50.9
KT899950.1	k141_42019	21591	92.027	7224	335	10437
KT899950.1	k141_42019	21591	92.027	7224	335	10437
KT899950.1	k141_42019	21591	92.131	5096	251	7342
KT899950.1	k141_42019	21591	92.131	5096	251	7342
KT899950.1	k141_42019	21591	90.441	2291	120	3117
KT899950.1	k141_42019	21591	90.441	2291	120	3117
KT899950.1	k141_42019	21591	92.129	2147	127	3094
KT899950.1	k141_42019	21591	92.129	2147	127	3094
KT899950.1	k141_42019	21591	82.540	756	93	759
KT899950.1	k141_42019	21591	82.540	756	93	759
KT899950.1	k141_42019	21591	81.774	620	77	628
KT899950.1	k141_42019	21591	81.774	620	77	628
KT899950.1	k141_42019	21591	69.853	1224	215	526
KT899950.1	k141_42019	21591	87.661	389	32	487
KT899950.1	k141_42019	21591	87.661	389	32	487
KT899950.1	k141_42019	21591	91.364	220	15	311
KT899950.1	k141_42019	21591	91.364	220	15	311
KT899950.1	k141_42019	21591	82.061	262	41	253
KT899950.1	k141_42019	21591	93.519	108	6	160
KT899950.1	k141_42019	21591	77.128	188	38	141
KT899950.1	k141_42019	21591	77.128	188	38	141
KT899950.1	k141_42019	21591	94.340	53	2	79.7
KT899950.1	k141_42019	21591	94.340	53	2	79.7
KT899950.1	k141_42019	21591	97.561	41	1	70.7
KT899950.1	k141_42019	21591	97.561	41	1	70.7
KT899950.1	k141_42019	21591	91.111	45	4	64.4
KT899950.1	k141_52051	80013	85.745	7892	839	9067
KT899950.1	k141_52051	80013	80.045	6264	811	5580
KT899950.1	k141_52051	80013	84.567	4011	538	4449
KT899950.1	k141_52051	80013	83.293	3723	543	3919
KT899950.1	k141_52051	80013	84.778	3508	385	3914
KT899950.1	k141_52051	80013	81.077	3398	471	3209
KT899950.1	k141_52051	80013	79.626	3259	531	2856
KT899950.1	k141_52051	80013	87.630	1924	227	2394
KT899950.1	k141_52051	80013	80.529	2342	347	2131
KT899950.1	k141_52051	80013	82.759	2030	301	2069
KT899950.1	k141_52051	80013	88.361	1495	174	1912
KT899950.1	k141_52051	80013	82.989	1793	217	1884
KT899950.1	k141_52051	80013	78.150	2270	408	1856
KT899950.1	k141_52051	80013	77.327	2020	329	1605
KT899950.1	k141_52051	80013	80.753	1621	233	1498
KT899950.1	k141_52051	80013	86.525	1180	129	1389
KT899950.1	k141_52051	80013	72.247	1989	328	1112
KT899950.1	k141_52051	80013	74.276	1796	317	1103
KT899950.1	k141_52051	80013	79.301	1087	172	936
KT899950.1	k141_52051	80013	74.164	1436	230	874
KT899950.1	k141_52051	80013	77.277	1043	135	792
KT899950.1	k141_52051	80013	82.287	717	106	718
KT899950.1	k141_52051	80013	72.794	1235	191	673
KT899950.1	k141_52051	80013	74.744	780	125	489
KT899950.1	k141_52051	80013	77.700	574	75	453
KT899950.1	k141_52051	80013	75.469	640	125	426
KT899950.1	k141_52051	80013	85.507	345	41	392
KT899950.1	k141_52051	80013	76.007	571	80	392
KT899950.1	k141_52051	80013	76.535	456	65	324
KT899950.1	k141_52051	80013	80.453	353	50	316
KT899950.1	k141_52051	80013	72.874	494	71	304
KT899950.1	k141_52051	80013	76.382	398	71	279
KT899950.1	k141_52051	80013	90.244	205	15	276
KT899950.1	k141_52051	80013	84.753	223	34	250
KT899950.1	k141_52051	80013	78.893	289	47	237
KT899950.1	k141_52051	80013	77.143	280	64	217
KT899950.1	k141_52051	80013	92.361	144	6	211
KT899950.1	k141_52051	80013	82.857	175	25	177
KT899950.1	k141_52051	80013	75.799	219	37	149
KT899950.1	k141_52051	80013	87.931	116	14	147
KT899950.1	k141_52051	80013	89.565	115	10	147
KT899950.1	k141_52051	80013	91.837	98	8	141
KT899950.1	k141_52051	80013	74.384	203	52	132
KT899950.1	k141_52051	80013	88.235	102	8	130
KT899950.1	k141_52051	80013	77.647	170	30	130
KT899950.1	k141_52051	80013	69.909	329	65	129
KT899950.1	k141_52051	80013	75.429	175	31	124
KT899950.1	k141_52051	80013	75.000	156	39	106
KT899950.1	k141_52051	80013	81.000	100	19	96.0
KT899950.1	k141_52051	80013	81.000	100	19	96.0
KT899950.1	k141_52051	80013	80.645	93	16	85.1
KT899950.1	k141_52051	80013	87.302	63	8	78.8
KT899950.1	k141_52051	80013	87.302	63	8	78.8
KT899950.1	k141_52051	80013	88.235	51	6	66.2
KT899950.1	k141_52051	80013	69.427	157	46	60.8
KT899950.1	k141_52051	80013	92.308	39	3	58.1
KT899950.1	k141_52051	80013	92.308	39	3	58.1
KT899950.1	k141_52051	80013	74.194	62	16	41.0
KT899950.1	k141_62937	12860	79.744	3431	552	3003
KT899950.1	k141_62937	12860	81.080	2315	361	2171
KT899950.1	k141_62937	12860	80.128	2340	418	2108
KT899950.1	k141_62937	12860	82.922	1417	223	1442
KT899950.1	k141_62937	12860	78.007	1214	236	983
KT899950.1	k141_62937	12860	92.908	141	10	210
KT899950.1	k141_62937	12860	77.551	49	11	40.1
KT899950.1	k141_66082	358	94.693	358	19	561
KT899950.1	k141_66082	358	94.693	358	19	561
KT899950.1	k141_59279	351	80.845	355	60	319
KT899950.1	k141_26191	4051	75.000	472	87	294
KT899950.1	k141_26191	4051	75.000	472	87	294
KT899950.1	k141_26191	4051	76.943	386	83	292
KT899950.1	k141_26191	4051	76.943	386	83	292
KT899950.1	k141_26191	4051	64.625	800	209	135
KT899950.1	k141_26191	4051	64.625	800	209	135
KT899950.1	k141_58006	620	96.552	174	6	288
KT899950.1	k141_58006	620	96.552	174	6	288
KT899950.1	k141_54568	496	90.625	192	18	266
KT899950.1	k141_54568	496	90.625	192	18	266
KT899950.1	k141_23696	477	71.868	455	128	244
KT899950.1	k141_15499	1509	76.994	326	71	241
KT899950.1	k141_15499	1509	76.994	326	71	241
KT899950.1	k141_15499	1509	86.667	60	8	73.4
KT899950.1	k141_15499	1509	86.667	60	8	73.4
KT899950.1	k141_44387	1018	73.455	437	61	234
KT899950.1	k141_44387	1018	78.151	119	11	98.7
KT899950.1	k141_11139	417	96.429	140	5	231
KT899950.1	k141_11139	417	96.429	140	5	231
KT899950.1	k141_11916	3228	74.278	381	52	229
KT899950.1	k141_11916	3228	75.806	62	15	45.5
KT899950.1	k141_56126	1537	78.014	282	60	223
KT899950.1	k141_56126	1537	78.014	282	60	223
KT899950.1	k141_613	403	82.456	171	19	179
KT899950.1	k141_62685	476	94.286	105	6	163
KT899950.1	k141_51781	360	78.261	184	23	163
KT899950.1	k141_26345	345	70.262	343	100	152
KT899950.1	k141_50214	739	83.333	138	23	146
KT899950.1	k141_10850	449	88.333	120	11	143
KT899950.1	k141_54961	522	88.889	108	12	141
KT899950.1	k141_54961	522	88.889	108	12	141
KT899950.1	k141_57455	312	79.605	152	31	135
KT899950.1	k141_56932	2708	93.182	88	5	129
KT899950.1	k141_56932	2708	93.182	88	5	129
KT899950.1	k141_63616	2493	87.379	103	11	125
KT899950.1	k141_63616	2493	87.379	103	11	125
KT899950.1	k141_37666	570	88.542	96	11	124
KT899950.1	k141_142	327	85.088	114	15	123
KT899950.1	k141_142	327	85.088	114	15	123
KT899950.1	k141_56565	1563	95.946	74	3	121
KT899950.1	k141_28793	425	94.521	73	4	114
KT899950.1	k141_28793	425	77.193	57	13	45.5
KT899950.1	k141_45861	1975	94.444	72	4	113
KT899950.1	k141_47925	1013	86.207	87	11	100
KT899950.1	k141_12412	502	91.176	68	6	96.9
KT899950.1	k141_12412	502	91.176	68	6	96.9
KT899950.1	k141_12398	312	91.176	68	6	96.9
KT899950.1	k141_12398	312	91.176	68	6	96.9
KT899950.1	k141_1324	533	92.308	65	5	96.0
KT899950.1	k141_20876	1140	70.681	191	56	93.3
KT899950.1	k141_20876	1140	70.681	191	56	93.3
KT899950.1	k141_10809	1191	86.486	74	10	89.7
KT899950.1	k141_23050	1864	84.810	79	4	87.8
KT899950.1	k141_23050	1864	84.810	79	4	87.8
KT899950.1	k141_44440	680	93.103	58	4	87.8
KT899950.1	k141_52771	2248	94.545	55	3	86.9
KT899950.1	k141_52771	2248	94.545	55	3	86.9
KT899950.1	k141_10945	8364	77.391	115	23	85.1
KT899950.1	k141_10945	8364	77.391	115	23	85.1
KT899950.1	k141_10945	8364	82.812	64	11	67.1
KT899950.1	k141_10945	8364	82.812	64	11	67.1
KT899950.1	k141_10945	8364	80.702	57	11	54.5
KT899950.1	k141_10945	8364	80.702	57	11	54.5
KT899950.1	k141_37725	368	94.118	51	3	79.7
KT899950.1	k141_37725	368	94.118	51	3	79.7
KT899950.1	k141_47503	433	92.453	53	4	78.8
KT899950.1	k141_55236	3133	74.545	110	28	73.4
KT899950.1	k141_50438	433	93.617	47	3	72.5
KT899950.1	k141_50438	433	93.617	47	3	72.5
KT899950.1	k141_27182	629	95.122	41	2	66.2
KT899950.1	k141_27182	629	95.122	41	2	66.2
KT899950.1	k141_48211	394	67.273	220	32	64.4
KT899950.1	k141_29526	451	92.857	42	3	63.5
KT899950.1	k141_29526	451	92.857	42	3	63.5
KT899950.1	k141_30152	754	75.824	91	15	59.0
KT899950.1	k141_1961	6650	89.189	37	4	50.0
KT899950.1	k141_23767	348	83.333	48	7	48.2
KT899950.1	k141_29502	465	76.923	65	14	47.3
GU191334.1	k141_52051	80013	81.267	4532	847	4339
GU191334.1	k141_52051	80013	82.791	2458	420	2516
GU191334.1	k141_52051	80013	80.564	1559	301	1439
GU191334.1	k141_52051	80013	82.001	1439	259	1428
GU191334.1	k141_52051	80013	78.613	1702	358	1412
GU191334.1	k141_52051	80013	87.672	1087	132	1354
GU191334.1	k141_52051	80013	67.989	3705	1053	1230
GU191334.1	k141_52051	80013	71.703	2343	551	1207
GU191334.1	k141_52051	80013	81.145	716	131	678
GU191334.1	k141_52051	80013	76.477	897	202	644
GU191334.1	k141_52051	80013	70.670	1224	320	562
GU191334.1	k141_52051	80013	73.678	908	208	553
GU191334.1	k141_52051	80013	75.573	786	153	547
GU191334.1	k141_52051	80013	81.183	558	98	522
GU191334.1	k141_52051	80013	68.477	1418	402	516
GU191334.1	k141_52051	80013	76.151	717	155	501
GU191334.1	k141_52051	80013	74.400	625	117	391
GU191334.1	k141_52051	80013	77.183	504	109	388
GU191334.1	k141_52051	80013	67.314	1132	323	349
GU191334.1	k141_52051	80013	75.399	439	100	295
GU191334.1	k141_52051	80013	67.166	935	263	293
GU191334.1	k141_52051	80013	84.553	246	38	273
GU191334.1	k141_52051	80013	72.464	414	110	228
GU191334.1	k141_52051	80013	71.854	437	112	226
GU191334.1	k141_52051	80013	79.227	207	35	178
GU191334.1	k141_52051	80013	66.018	668	223	168
GU191334.1	k141_52051	80013	79.255	188	39	164
GU191334.1	k141_52051	80013	65.072	690	206	154
GU191334.1	k141_52051	80013	79.167	168	23	148
GU191334.1	k141_52051	80013	66.970	439	99	135
GU191334.1	k141_52051	80013	79.333	150	31	132
GU191334.1	k141_52051	80013	92.941	85	6	127
GU191334.1	k141_52051	80013	81.538	130	24	127
GU191334.1	k141_52051	80013	67.056	428	135	124
GU191334.1	k141_52051	80013	80.147	136	27	124
GU191334.1	k141_52051	80013	97.222	72	2	122
GU191334.1	k141_52051	80013	96.053	76	1	122
GU191334.1	k141_52051	80013	65.759	514	172	120
GU191334.1	k141_52051	80013	90.909	88	7	120
GU191334.1	k141_52051	80013	92.593	81	6	120
GU191334.1	k141_52051	80013	94.667	75	4	118
GU191334.1	k141_52051	80013	90.476	84	8	116
GU191334.1	k141_52051	80013	93.421	76	5	115
GU191334.1	k141_52051	80013	73.333	195	51	114
GU191334.1	k141_52051	80013	81.197	117	22	113
GU191334.1	k141_52051	80013	76.923	143	33	110
GU191334.1	k141_52051	80013	84.000	100	16	109
GU191334.1	k141_52051	80013	81.197	117	17	108
GU191334.1	k141_52051	80013	76.316	152	26	104
GU191334.1	k141_52051	80013	92.754	69	5	103
GU191334.1	k141_52051	80013	84.043	94	11	102
GU191334.1	k141_52051	80013	90.411	73	7	101
GU191334.1	k141_52051	80013	76.190	126	30	93.3
GU191334.1	k141_52051	80013	88.732	71	8	93.3
GU191334.1	k141_52051	80013	77.519	129	22	91.5
GU191334.1	k141_52051	80013	74.815	135	31	89.7
GU191334.1	k141_52051	80013	90.323	62	6	86.0
GU191334.1	k141_52051	80013	80.682	88	17	83.3
GU191334.1	k141_52051	80013	82.895	76	13	79.7
GU191334.1	k141_52051	80013	82.895	76	13	79.7
GU191334.1	k141_52051	80013	77.907	86	19	70.7
GU191334.1	k141_52051	80013	88.889	54	4	68.9
GU191334.1	k141_52051	80013	91.489	47	4	68.0
GU191334.1	k141_52051	80013	66.087	230	78	64.4
GU191334.1	k141_52051	80013	66.505	206	69	61.7
GU191334.1	k141_52051	80013	89.130	46	5	61.7
GU191334.1	k141_52051	80013	88.636	44	5	58.1
GU191334.1	k141_52051	80013	76.389	72	17	54.5
GU191334.1	k141_42019	21591	84.914	2678	264	2928
GU191334.1	k141_42019	21591	84.914	2678	264	2928
GU191334.1	k141_42019	21591	87.788	1908	166	2388
GU191334.1	k141_42019	21591	87.788	1908	166	2388
GU191334.1	k141_42019	21591	85.468	1858	191	2097
GU191334.1	k141_42019	21591	85.468	1858	191	2097
GU191334.1	k141_42019	21591	78.614	996	163	819
GU191334.1	k141_42019	21591	78.614	996	163	819
GU191334.1	k141_42019	21591	76.126	666	152	473
GU191334.1	k141_42019	21591	72.285	534	148	297
GU191334.1	k141_42019	21591	73.913	437	111	269
GU191334.1	k141_42019	21591	71.073	522	138	260
GU191334.1	k141_42019	21591	79.355	310	60	257
GU191334.1	k141_42019	21591	77.315	216	49	169
GU191334.1	k141_42019	21591	79.365	189	39	166
GU191334.1	k141_42019	21591	70.391	358	95	138
GU191334.1	k141_42019	21591	95.946	74	3	121
GU191334.1	k141_42019	21591	95.946	74	3	121
GU191334.1	k141_42019	21591	90.476	84	8	116
GU191334.1	k141_42019	21591	90.667	75	7	104
GU191334.1	k141_42019	21591	90.667	75	7	104
GU191334.1	k141_42019	21591	86.842	76	10	93.3
GU191334.1	k141_42019	21591	86.667	45	6	55.4
GU191334.1	k141_62937	12860	76.132	1722	398	1224
GU191334.1	k141_62937	12860	71.112	1897	507	925
GU191334.1	k141_62937	12860	74.640	1112	272	721
GU191334.1	k141_62937	12860	74.421	1165	275	707
GU191334.1	k141_62937	12860	67.044	795	217	199
GU191334.1	k141_62937	12860	73.754	301	75	182
GU191334.1	k141_62937	12860	82.143	140	25	141
GU191334.1	k141_62937	12860	92.771	83	6	123
GU191334.1	k141_62937	12860	74.545	110	28	73.4
GU191334.1	k141_26191	4051	71.032	1008	232	462
GU191334.1	k141_26191	4051	71.032	1008	232	462
GU191334.1	k141_26191	4051	64.607	777	200	131
GU191334.1	k141_26191	4051	64.607	777	200	131
GU191334.1	k141_58006	620	94.253	174	9	266
GU191334.1	k141_58006	620	94.253	174	9	266
GU191334.1	k141_15499	1509	77.151	337	73	251
GU191334.1	k141_15499	1509	77.151	337	73	251
GU191334.1	k141_15499	1509	88.333	60	7	77.9
GU191334.1	k141_15499	1509	88.333	60	7	77.9
GU191334.1	k141_56126	1537	77.305	282	62	214
GU191334.1	k141_56126	1537	77.305	282	62	214
GU191334.1	k141_56126	1537	74.627	201	31	129
GU191334.1	k141_56126	1537	74.627	201	31	129
GU191334.1	k141_11139	417	91.429	140	12	199
GU191334.1	k141_11139	417	91.429	140	12	199
GU191334.1	k141_26345	345	72.464	345	95	195
GU191334.1	k141_51781	360	76.630	184	26	141
GU191334.1	k141_11916	3228	98.630	73	1	128
GU191334.1	k141_11916	3228	87.273	55	5	66.2
GU191334.1	k141_62685	476	85.981	107	15	126
GU191334.1	k141_28793	425	97.297	74	2	125
GU191334.1	k141_59279	351	68.067	357	97	119
GU191334.1	k141_56565	1563	95.652	69	3	112
GU191334.1	k141_54568	496	76.667	150	26	108
GU191334.1	k141_54568	496	76.667	150	26	108
GU191334.1	k141_56932	2708	86.207	87	12	104
GU191334.1	k141_56932	2708	86.207	87	12	104
GU191334.1	k141_10850	449	85.227	88	10	95.1
GU191334.1	k141_52771	2248	96.364	55	2	91.5
GU191334.1	k141_52771	2248	96.364	55	2	91.5
GU191334.1	k141_10945	8364	78.261	115	22	89.7
GU191334.1	k141_10945	8364	78.261	115	22	89.7
GU191334.1	k141_10945	8364	82.812	64	11	67.1
GU191334.1	k141_10945	8364	82.812	64	11	67.1
GU191334.1	k141_63616	2493	85.526	76	9	86.0
GU191334.1	k141_63616	2493	85.526	76	9	86.0
GU191334.1	k141_23050	1864	96.000	50	2	82.4
GU191334.1	k141_23050	1864	96.000	50	2	82.4
GU191334.1	k141_47925	1013	81.928	83	14	79.7
GU191334.1	k141_47503	433	85.714	70	8	79.7
GU191334.1	k141_50214	739	75.221	113	28	78.8
GU191334.1	k141_55236	3133	77.778	81	18	66.2
GU191334.1	k141_37725	368	88.235	51	6	66.2
GU191334.1	k141_37725	368	88.235	51	6	66.2
GU191334.1	k141_20876	1140	66.052	271	88	65.3
GU191334.1	k141_44387	1018	68.627	153	30	59.0
GU191334.1	k141_10809	1191	76.000	75	18	55.4
GU191334.1	k141_48211	394	89.189	37	4	50.0
