MZ962720.1	k141_3438	24873	91.721	4904	266	6987
MZ962720.1	k141_3438	24873	91.721	4904	266	6987
MZ962720.1	k141_3438	24873	87.512	3259	234	4077
MZ962720.1	k141_3438	24873	87.512	3259	234	4077
MZ962720.1	k141_3438	24873	89.386	2572	186	3406
MZ962720.1	k141_3438	24873	89.386	2572	186	3406
MZ962720.1	k141_3438	24873	87.709	1733	169	2160
MZ962720.1	k141_3438	24873	87.709	1733	169	2160
MZ962720.1	k141_3438	24873	85.730	1801	186	2064
MZ962720.1	k141_3438	24873	85.730	1801	186	2064
MZ962720.1	k141_3438	24873	81.281	812	80	795
MZ962720.1	k141_3438	24873	84.488	303	32	331
MZ962720.1	k141_3438	24873	84.488	303	32	331
MZ962720.1	k141_3438	24873	84.880	291	40	326
MZ962720.1	k141_3438	24873	84.880	291	40	326
MZ962720.1	k141_3438	24873	76.847	406	58	306
MZ962720.1	k141_3438	24873	76.847	406	58	306
MZ962720.1	k141_3438	24873	83.582	268	29	281
MZ962720.1	k141_3438	24873	83.582	268	29	281
MZ962720.1	k141_3438	24873	74.634	410	62	264
MZ962720.1	k141_3438	24873	74.634	410	62	264
MZ962720.1	k141_3438	24873	82.186	247	27	250
MZ962720.1	k141_3438	24873	86.667	180	24	217
MZ962720.1	k141_3438	24873	86.667	180	24	217
MZ962720.1	k141_3438	24873	77.778	117	12	94.2
MZ962720.1	k141_3438	24873	97.619	42	1	72.5
MZ962720.1	k141_3438	24873	97.619	42	1	72.5
MZ962720.1	k141_37073	83967	78.055	8266	1523	6653
MZ962720.1	k141_37073	83967	87.443	5224	594	6434
MZ962720.1	k141_37073	83967	80.115	4687	610	4163
MZ962720.1	k141_37073	83967	91.348	2485	215	3513
MZ962720.1	k141_37073	83967	81.102	2540	412	2388
MZ962720.1	k141_37073	83967	83.033	2110	317	2184
MZ962720.1	k141_37073	83967	87.152	1471	189	1801
MZ962720.1	k141_37073	83967	80.187	1817	298	1638
MZ962720.1	k141_37073	83967	78.523	1923	359	1592
MZ962720.1	k141_37073	83967	90.876	1107	101	1542
MZ962720.1	k141_37073	83967	74.470	2217	345	1403
MZ962720.1	k141_37073	83967	75.172	2034	412	1345
MZ962720.1	k141_37073	83967	82.712	1099	139	1113
MZ962720.1	k141_37073	83967	75.346	1590	327	1069
MZ962720.1	k141_37073	83967	81.901	989	136	944
MZ962720.1	k141_37073	83967	86.934	773	98	938
MZ962720.1	k141_37073	83967	71.253	1548	379	769
MZ962720.1	k141_37073	83967	81.231	666	110	629
MZ962720.1	k141_37073	83967	71.135	1216	235	599
MZ962720.1	k141_37073	83967	74.074	999	171	579
MZ962720.1	k141_37073	83967	72.759	848	151	471
MZ962720.1	k141_37073	83967	83.144	439	66	453
MZ962720.1	k141_37073	83967	80.745	483	59	443
MZ962720.1	k141_37073	83967	71.934	905	149	429
MZ962720.1	k141_37073	83967	77.509	538	121	425
MZ962720.1	k141_37073	83967	77.509	538	121	425
MZ962720.1	k141_37073	83967	73.547	688	94	406
MZ962720.1	k141_37073	83967	70.164	915	224	388
MZ962720.1	k141_37073	83967	67.429	1225	257	372
MZ962720.1	k141_37073	83967	71.961	724	162	361
MZ962720.1	k141_37073	83967	75.142	527	92	346
MZ962720.1	k141_37073	83967	71.599	588	129	293
MZ962720.1	k141_37073	83967	86.179	246	29	287
MZ962720.1	k141_37073	83967	76.227	387	81	285
MZ962720.1	k141_37073	83967	75.397	378	54	280
MZ962720.1	k141_37073	83967	83.539	243	34	255
MZ962720.1	k141_37073	83967	75.000	408	63	249
MZ962720.1	k141_37073	83967	75.467	375	66	245
MZ962720.1	k141_37073	83967	76.033	363	73	244
MZ962720.1	k141_37073	83967	72.558	430	68	235
MZ962720.1	k141_37073	83967	72.558	430	68	235
MZ962720.1	k141_37073	83967	64.256	1203	292	230
MZ962720.1	k141_37073	83967	83.810	210	25	230
MZ962720.1	k141_37073	83967	83.810	210	25	230
MZ962720.1	k141_37073	83967	72.585	383	100	209
MZ962720.1	k141_37073	83967	90.850	153	9	205
MZ962720.1	k141_37073	83967	78.924	223	39	185
MZ962720.1	k141_37073	83967	84.211	171	25	180
MZ962720.1	k141_37073	83967	88.194	144	13	178
MZ962720.1	k141_37073	83967	79.310	203	34	176
MZ962720.1	k141_37073	83967	79.310	203	34	176
MZ962720.1	k141_37073	83967	88.406	138	12	172
MZ962720.1	k141_37073	83967	85.034	147	22	167
MZ962720.1	k141_37073	83967	85.034	147	22	167
MZ962720.1	k141_37073	83967	88.636	132	12	165
MZ962720.1	k141_37073	83967	71.661	307	48	161
MZ962720.1	k141_37073	83967	77.723	202	42	160
MZ962720.1	k141_37073	83967	83.041	171	14	160
MZ962720.1	k141_37073	83967	98.864	88	1	155
MZ962720.1	k141_37073	83967	96.591	88	3	146
MZ962720.1	k141_37073	83967	74.194	248	46	144
MZ962720.1	k141_37073	83967	78.307	189	32	142
MZ962720.1	k141_37073	83967	78.307	189	32	142
MZ962720.1	k141_37073	83967	95.455	88	4	141
MZ962720.1	k141_37073	83967	74.661	221	37	141
MZ962720.1	k141_37073	83967	78.161	174	36	141
MZ962720.1	k141_37073	83967	98.750	80	1	141
MZ962720.1	k141_37073	83967	98.750	80	1	141
MZ962720.1	k141_37073	83967	79.012	162	34	140
MZ962720.1	k141_37073	83967	91.667	84	7	121
MZ962720.1	k141_37073	83967	92.771	83	4	116
MZ962720.1	k141_37073	83967	69.307	303	77	115
MZ962720.1	k141_37073	83967	91.358	81	7	115
MZ962720.1	k141_37073	83967	85.714	105	13	115
MZ962720.1	k141_37073	83967	93.333	75	5	113
MZ962720.1	k141_37073	83967	67.155	341	62	106
MZ962720.1	k141_37073	83967	90.411	73	6	97.8
MZ962720.1	k141_37073	83967	77.500	120	27	96.0
MZ962720.1	k141_37073	83967	70.673	208	47	96.0
MZ962720.1	k141_37073	83967	84.706	85	12	92.4
MZ962720.1	k141_37073	83967	75.000	124	31	85.1
MZ962720.1	k141_37073	83967	78.571	98	15	84.2
MZ962720.1	k141_37073	83967	78.571	98	15	84.2
MZ962720.1	k141_37073	83967	79.775	89	18	80.6
MZ962720.1	k141_37073	83967	79.775	89	18	80.6
MZ962720.1	k141_37073	83967	79.775	89	18	80.6
MZ962720.1	k141_37073	83967	90.385	52	5	72.5
MZ962720.1	k141_37073	83967	69.412	170	50	66.2
MZ962720.1	k141_37073	83967	68.639	169	51	59.9
MZ962720.1	k141_37073	83967	78.788	66	14	57.2
MZ962720.1	k141_37073	83967	86.047	43	6	51.8
MZ962720.1	k141_37073	83967	86.047	43	6	51.8
MZ962720.1	k141_37073	83967	76.119	67	16	50.0
MZ962720.1	k141_37073	83967	76.119	67	16	50.0
MZ962720.1	k141_2106	18805	81.409	4357	620	4143
MZ962720.1	k141_2106	18805	81.409	4357	620	4143
MZ962720.1	k141_2106	18805	76.916	2231	474	1681
MZ962720.1	k141_2106	18805	78.723	1974	395	1645
MZ962720.1	k141_2106	18805	84.524	588	90	647
MZ962720.1	k141_2106	18805	84.524	588	90	647
MZ962720.1	k141_2106	18805	73.738	971	215	598
MZ962720.1	k141_2106	18805	83.699	319	52	342
MZ962720.1	k141_2106	18805	81.752	137	22	129
MZ962720.1	k141_2106	18805	92.683	41	3	61.7
MZ962720.1	k141_33450	15952	70.761	1156	273	517
MZ962720.1	k141_33450	15952	70.761	1156	273	517
MZ962720.1	k141_33450	15952	71.606	884	213	425
MZ962720.1	k141_33450	15952	71.606	884	213	425
MZ962720.1	k141_33450	15952	88.525	61	7	79.7
MZ962720.1	k141_33450	15952	88.525	61	7	79.7
MZ962720.1	k141_33450	15952	88.525	61	7	79.7
MZ962720.1	k141_33450	15952	82.609	46	8	48.2
MZ962720.1	k141_33450	15952	82.609	46	8	48.2
MZ962720.1	k141_27921	327	96.575	146	3	239
MZ962720.1	k141_27921	327	96.575	146	3	239
MZ962720.1	k141_27921	327	93.836	146	7	221
MZ962720.1	k141_27921	327	93.836	146	7	221
MZ962720.1	k141_27921	327	93.151	146	8	216
MZ962720.1	k141_27921	327	93.151	146	8	216
MZ962720.1	k141_27921	327	94.186	86	3	131
MZ962720.1	k141_27921	327	90.278	72	7	99.6
MZ962720.1	k141_27921	327	90.278	72	7	99.6
MZ962720.1	k141_27921	327	90.278	72	7	99.6
MZ962720.1	k141_27921	327	90.278	72	7	99.6
MZ962720.1	k141_29796	15526	87.778	180	17	226
MZ962720.1	k141_29796	15526	86.441	59	8	71.6
MZ962720.1	k141_46522	9759	66.180	822	239	215
MZ962720.1	k141_55321	34212	70.360	361	44	199
MZ962720.1	k141_55321	34212	82.000	150	27	150
MZ962720.1	k141_51858	1534	88.489	139	16	179
MZ962720.1	k141_4757	8904	97.500	80	2	136
MZ962720.1	k141_4757	8904	97.500	80	2	136
MZ962720.1	k141_46931	16311	96.341	82	3	135
MZ962720.1	k141_46931	16311	96.341	82	3	135
MZ962720.1	k141_7199	13015	76.705	176	41	133
MZ962720.1	k141_2802	19258	80.147	136	27	124
MZ962720.1	k141_2802	19258	92.308	78	6	114
MZ962720.1	k141_2802	19258	71.852	135	34	68.0
MZ962720.1	k141_2802	19258	77.273	66	15	52.7
MZ962720.1	k141_35693	519	95.833	72	3	117
MZ962720.1	k141_55289	443	84.615	91	14	102
MZ962720.1	k141_23983	3050	88.732	71	8	93.3
MZ962720.1	k141_38569	564	93.750	48	3	74.3
MZ962720.1	k141_38569	564	90.698	43	4	60.8
MZ962720.1	k141_49981	681	93.750	48	3	74.3
MZ962720.1	k141_49981	681	90.698	43	4	60.8
MZ962720.1	k141_17061	655	80.519	77	15	72.5
MZ962720.1	k141_54078	576	91.667	48	2	67.1
MZ962720.1	k141_54078	576	91.667	48	2	67.1
MZ962720.1	k141_26667	752	80.488	41	8	39.2
MH569081.1	k141_3438	24873	92.131	5973	310	8599
MH569081.1	k141_3438	24873	92.131	5973	310	8599
MH569081.1	k141_3438	24873	91.565	4505	249	6386
MH569081.1	k141_3438	24873	91.565	4505	249	6386
MH569081.1	k141_3438	24873	90.022	2285	123	3067
MH569081.1	k141_3438	24873	90.022	2285	123	3067
MH569081.1	k141_3438	24873	90.181	2047	177	2763
MH569081.1	k141_3438	24873	90.181	2047	177	2763
MH569081.1	k141_3438	24873	80.813	886	136	822
MH569081.1	k141_3438	24873	80.813	886	136	822
MH569081.1	k141_3438	24873	77.924	684	88	556
MH569081.1	k141_3438	24873	77.924	684	88	556
MH569081.1	k141_3438	24873	83.262	466	51	469
MH569081.1	k141_3438	24873	83.262	466	51	469
MH569081.1	k141_3438	24873	86.799	303	27	365
MH569081.1	k141_3438	24873	86.799	303	27	365
MH569081.1	k141_3438	24873	77.003	387	33	334
MH569081.1	k141_3438	24873	77.003	387	33	334
MH569081.1	k141_3438	24873	78.740	381	45	333
MH569081.1	k141_3438	24873	78.740	381	45	333
MH569081.1	k141_3438	24873	86.047	129	14	151
MH569081.1	k141_3438	24873	86.047	129	14	151
MH569081.1	k141_3438	24873	78.431	102	17	81.5
MH569081.1	k141_3438	24873	95.238	42	2	68.0
MH569081.1	k141_3438	24873	95.238	42	2	68.0
MH569081.1	k141_3438	24873	92.308	39	3	58.1
MH569081.1	k141_37073	83967	87.147	5446	628	6623
MH569081.1	k141_37073	83967	77.799	7441	1189	5911
MH569081.1	k141_37073	83967	80.955	3707	607	3502
MH569081.1	k141_37073	83967	88.829	2578	286	3344
MH569081.1	k141_37073	83967	79.473	3342	585	2922
MH569081.1	k141_37073	83967	81.667	2340	368	2269
MH569081.1	k141_37073	83967	84.377	1933	295	2118
MH569081.1	k141_37073	83967	87.640	1513	187	1886
MH569081.1	k141_37073	83967	82.307	1803	271	1794
MH569081.1	k141_37073	83967	87.212	1431	153	1720
MH569081.1	k141_37073	83967	81.293	1764	268	1700
MH569081.1	k141_37073	83967	79.110	1977	339	1676
MH569081.1	k141_37073	83967	77.324	2108	284	1597
MH569081.1	k141_37073	83967	73.410	2264	500	1331
MH569081.1	k141_37073	83967	77.472	1598	273	1230
MH569081.1	k141_37073	83967	83.796	1080	140	1150
MH569081.1	k141_37073	83967	70.365	2271	527	991
MH569081.1	k141_37073	83967	72.799	1658	304	923
MH569081.1	k141_37073	83967	74.805	1155	225	723
MH569081.1	k141_37073	83967	72.793	1393	245	709
MH569081.1	k141_37073	83967	76.812	966	132	703
MH569081.1	k141_37073	83967	81.340	627	104	607
MH569081.1	k141_37073	83967	70.813	1230	197	580
MH569081.1	k141_37073	83967	68.975	1386	286	538
MH569081.1	k141_37073	83967	78.788	660	89	538
MH569081.1	k141_37073	83967	76.627	676	109	448
MH569081.1	k141_37073	83967	71.511	867	130	439
MH569081.1	k141_37073	83967	88.924	316	31	412
MH569081.1	k141_37073	83967	72.702	718	117	389
MH569081.1	k141_37073	83967	72.837	578	122	317
MH569081.1	k141_37073	83967	85.171	263	35	294
MH569081.1	k141_37073	83967	84.328	268	31	278
MH569081.1	k141_37073	83967	77.918	317	57	255
MH569081.1	k141_37073	83967	75.346	361	65	241
MH569081.1	k141_37073	83967	76.527	311	61	225
MH569081.1	k141_37073	83967	76.527	311	61	225
MH569081.1	k141_37073	83967	77.224	281	64	219
MH569081.1	k141_37073	83967	75.701	321	64	218
MH569081.1	k141_37073	83967	76.271	295	54	200
MH569081.1	k141_37073	83967	81.281	203	38	196
MH569081.1	k141_37073	83967	76.824	233	54	178
MH569081.1	k141_37073	83967	81.503	173	30	161
MH569081.1	k141_37073	83967	97.778	90	2	154
MH569081.1	k141_37073	83967	81.579	152	22	150
MH569081.1	k141_37073	83967	100.000	80	0	145
MH569081.1	k141_37073	83967	100.000	80	0	145
MH569081.1	k141_37073	83967	78.182	165	36	136
MH569081.1	k141_37073	83967	90.323	93	8	124
MH569081.1	k141_37073	83967	89.247	93	10	123
MH569081.1	k141_37073	83967	91.765	85	7	123
MH569081.1	k141_37073	83967	75.862	174	31	122
MH569081.1	k141_37073	83967	93.333	75	5	113
MH569081.1	k141_37073	83967	75.325	154	38	107
MH569081.1	k141_37073	83967	73.514	185	41	107
MH569081.1	k141_37073	83967	71.220	205	53	105
MH569081.1	k141_37073	83967	93.548	62	4	95.1
MH569081.1	k141_37073	83967	87.179	78	9	93.3
MH569081.1	k141_37073	83967	81.429	70	13	68.9
MH569081.1	k141_37073	83967	93.333	45	3	68.9
MH569081.1	k141_37073	83967	93.333	45	3	68.9
MH569081.1	k141_37073	83967	83.607	61	10	66.2
MH569081.1	k141_37073	83967	68.966	116	36	48.2
MH569081.1	k141_2106	18805	79.065	2694	442	2287
MH569081.1	k141_2106	18805	81.746	1901	327	1865
MH569081.1	k141_2106	18805	76.810	2238	464	1661
MH569081.1	k141_2106	18805	80.221	1451	241	1297
MH569081.1	k141_2106	18805	76.450	1121	217	807
MH569081.1	k141_2106	18805	74.724	1179	236	758
MH569081.1	k141_2106	18805	77.509	538	81	407
MH569081.1	k141_2106	18805	68.767	365	74	141
MH569081.1	k141_2106	18805	68.767	365	74	141
MH569081.1	k141_2106	18805	70.270	296	57	139
MH569081.1	k141_2106	18805	95.833	48	1	75.2
MH569081.1	k141_2106	18805	95.833	48	1	75.2
MH569081.1	k141_2106	18805	92.857	42	3	63.5
MH569081.1	k141_33450	15952	70.895	1151	276	516
MH569081.1	k141_33450	15952	70.895	1151	276	516
MH569081.1	k141_33450	15952	72.146	876	215	448
MH569081.1	k141_33450	15952	72.146	876	215	448
MH569081.1	k141_33450	15952	75.875	257	60	178
MH569081.1	k141_33450	15952	75.875	257	60	178
MH569081.1	k141_33450	15952	75.120	209	50	136
MH569081.1	k141_33450	15952	75.120	209	50	136
MH569081.1	k141_33450	15952	90.164	61	6	84.2
MH569081.1	k141_33450	15952	90.164	61	6	84.2
MH569081.1	k141_33450	15952	80.488	41	8	39.2
MH569081.1	k141_55321	34212	74.631	406	66	252
MH569081.1	k141_55321	34212	97.333	75	2	127
MH569081.1	k141_46522	9759	73.427	429	106	250
MH569081.1	k141_46522	9759	75.281	89	22	62.6
MH569081.1	k141_7199	13015	77.695	269	43	213
MH569081.1	k141_7199	13015	77.011	174	40	134
MH569081.1	k141_29796	15526	85.556	180	21	208
MH569081.1	k141_29796	15526	86.441	59	8	71.6
MH569081.1	k141_51858	1534	90.580	138	13	191
MH569081.1	k141_2802	19258	84.444	135	21	150
MH569081.1	k141_2802	19258	94.521	73	4	114
MH569081.1	k141_2802	19258	80.000	70	14	64.4
MH569081.1	k141_2802	19258	73.832	107	26	60.8
MH569081.1	k141_33895	440	85.246	122	12	141
MH569081.1	k141_33895	440	85.246	122	12	141
MH569081.1	k141_46931	16311	97.561	82	2	140
MH569081.1	k141_46931	16311	97.561	82	2	140
MH569081.1	k141_4757	8904	95.294	85	4	136
MH569081.1	k141_4757	8904	95.294	85	4	136
MH569081.1	k141_10872	502	90.000	90	9	123
MH569081.1	k141_35693	519	94.444	72	4	113
MH569081.1	k141_55289	443	87.500	88	11	110
MH569081.1	k141_23983	3050	90.141	71	7	97.8
MH569081.1	k141_27921	327	78.846	104	22	89.7
MH569081.1	k141_27921	327	78.846	104	22	89.7
MH569081.1	k141_17061	655	83.951	81	13	88.7
MH569081.1	k141_38569	564	96.000	50	2	82.4
MH569081.1	k141_49981	681	96.000	50	2	82.4
MH569081.1	k141_13023	433	81.579	76	14	75.2
MH569081.1	k141_13023	433	81.579	76	14	75.2
MH569081.1	k141_54078	576	93.750	48	1	71.6
MH569081.1	k141_54078	576	93.750	48	1	71.6
MH569081.1	k141_5242	482	84.615	39	6	44.6
NC_033978.1	k141_37073	83967	84.093	14113	1725	15312
NC_033978.1	k141_37073	83967	88.289	8462	686	10748
NC_033978.1	k141_37073	83967	80.698	10486	1185	9749
NC_033978.1	k141_37073	83967	81.835	7487	971	7280
NC_033978.1	k141_37073	83967	86.147	4620	396	5532
NC_033978.1	k141_37073	83967	88.627	3394	283	4352
NC_033978.1	k141_37073	83967	85.714	2961	274	3496
NC_033978.1	k141_37073	83967	83.398	2590	332	2713
NC_033978.1	k141_37073	83967	78.569	2781	459	2286
NC_033978.1	k141_37073	83967	86.852	1871	192	2274
NC_033978.1	k141_37073	83967	92.912	1298	68	1921
NC_033978.1	k141_37073	83967	86.564	1295	113	1530
NC_033978.1	k141_37073	83967	76.939	1908	237	1461
NC_033978.1	k141_37073	83967	82.291	1327	189	1344
NC_033978.1	k141_37073	83967	84.138	1160	148	1228
NC_033978.1	k141_37073	83967	82.854	1044	116	1048
NC_033978.1	k141_37073	83967	77.540	1309	177	1020
NC_033978.1	k141_37073	83967	79.700	1202	157	1012
NC_033978.1	k141_37073	83967	82.213	922	95	892
NC_033978.1	k141_37073	83967	78.159	1108	148	880
NC_033978.1	k141_37073	83967	75.379	857	130	569
NC_033978.1	k141_37073	83967	73.973	730	97	468
NC_033978.1	k141_37073	83967	79.919	493	48	453
NC_033978.1	k141_37073	83967	74.390	656	83	440
NC_033978.1	k141_37073	83967	72.924	602	102	330
NC_033978.1	k141_37073	83967	77.494	391	52	297
NC_033978.1	k141_37073	83967	74.257	404	45	278
NC_033978.1	k141_37073	83967	77.337	353	68	260
NC_033978.1	k141_37073	83967	80.000	290	41	251
NC_033978.1	k141_37073	83967	81.152	191	27	178
NC_033978.1	k141_37073	83967	79.104	201	25	176
NC_033978.1	k141_37073	83967	77.157	197	31	152
NC_033978.1	k141_37073	83967	95.745	94	2	150
NC_033978.1	k141_37073	83967	80.159	126	25	115
NC_033978.1	k141_37073	83967	79.365	126	26	111
NC_033978.1	k141_37073	83967	87.059	85	6	104
NC_033978.1	k141_37073	83967	97.826	46	1	79.7
NC_033978.1	k141_37073	83967	70.000	170	49	70.7
NC_033978.1	k141_37073	83967	95.122	41	2	66.2
NC_033978.1	k141_37073	83967	95.122	41	2	66.2
NC_033978.1	k141_37073	83967	95.000	40	2	64.4
NC_033978.1	k141_37073	83967	77.273	66	15	52.7
NC_033978.1	k141_3438	24873	92.358	9291	456	13662
NC_033978.1	k141_3438	24873	92.477	9212	450	13595
NC_033978.1	k141_3438	24873	95.557	5672	151	9045
NC_033978.1	k141_3438	24873	95.557	5672	151	9045
NC_033978.1	k141_3438	24873	94.220	4792	155	7427
NC_033978.1	k141_3438	24873	94.220	4792	155	7427
NC_033978.1	k141_3438	24873	96.081	3011	93	4876
NC_033978.1	k141_3438	24873	96.081	3011	93	4876
NC_033978.1	k141_3438	24873	92.628	841	50	1240
NC_033978.1	k141_3438	24873	92.628	841	50	1240
NC_033978.1	k141_3438	24873	80.792	1010	78	994
NC_033978.1	k141_3438	24873	80.792	1010	78	994
NC_033978.1	k141_3438	24873	90.741	54	5	76.1
NC_033978.1	k141_3438	24873	90.741	54	5	76.1
NC_033978.1	k141_3438	24873	100.000	39	0	71.6
NC_033978.1	k141_3438	24873	92.857	42	3	63.5
NC_033978.1	k141_2106	18805	81.030	5008	693	4737
NC_033978.1	k141_2106	18805	81.981	4634	573	4599
NC_033978.1	k141_2106	18805	81.498	2497	377	2421
NC_033978.1	k141_2106	18805	67.728	1571	310	590
NC_033978.1	k141_2106	18805	85.654	474	53	535
NC_033978.1	k141_2106	18805	85.654	474	53	535
NC_033978.1	k141_2106	18805	71.171	777	136	404
NC_033978.1	k141_2106	18805	73.986	592	128	348
NC_033978.1	k141_2106	18805	81.413	269	31	260
NC_033978.1	k141_2106	18805	78.369	282	61	234
NC_033978.1	k141_2106	18805	92.908	141	10	210
NC_033978.1	k141_2106	18805	92.908	141	10	210
NC_033978.1	k141_2106	18805	68.473	406	91	158
NC_033978.1	k141_2106	18805	100.000	39	0	71.6
NC_033978.1	k141_2106	18805	100.000	39	0	71.6
NC_033978.1	k141_2106	18805	95.238	42	2	68.0
NC_033978.1	k141_33450	15952	72.645	881	202	457
NC_033978.1	k141_33450	15952	72.645	881	202	457
NC_033978.1	k141_33450	15952	74.812	532	123	348
NC_033978.1	k141_33450	15952	74.812	532	123	348
NC_033978.1	k141_33450	15952	74.946	467	95	286
NC_033978.1	k141_33450	15952	74.946	467	95	286
NC_033978.1	k141_33450	15952	78.788	264	54	217
NC_033978.1	k141_33450	15952	78.788	264	54	217
NC_033978.1	k141_33450	15952	86.885	61	8	75.2
NC_033978.1	k141_33450	15952	86.885	61	8	75.2
NC_033978.1	k141_33450	15952	78.723	47	10	41.0
NC_033978.1	k141_7199	13015	87.324	284	32	350
NC_033978.1	k141_7199	13015	78.049	328	47	259
NC_033978.1	k141_55321	34212	74.517	518	87	308
NC_033978.1	k141_55321	34212	71.466	382	55	211
NC_033978.1	k141_55321	34212	70.395	152	24	77.9
NC_033978.1	k141_55321	34212	70.395	152	24	77.9
NC_033978.1	k141_29796	15526	91.919	198	11	286
NC_033978.1	k141_29796	15526	91.525	59	5	85.1
NC_033978.1	k141_51858	1534	98.571	140	2	244
NC_033978.1	k141_46522	9759	67.048	786	214	237
NC_033978.1	k141_33895	440	97.414	116	3	196
NC_033978.1	k141_33895	440	97.414	116	3	196
NC_033978.1	k141_53444	3551	80.476	210	35	191
NC_033978.1	k141_2802	19258	85.507	138	20	159
NC_033978.1	k141_2802	19258	93.671	79	5	121
NC_033978.1	k141_2802	19258	78.750	80	17	68.9
NC_033978.1	k141_2802	19258	77.049	61	14	48.2
NC_033978.1	k141_10872	502	84.286	140	16	155
NC_033978.1	k141_4757	8904	98.795	83	1	146
NC_033978.1	k141_4757	8904	98.795	83	1	146
NC_033978.1	k141_46931	16311	97.561	82	2	140
NC_033978.1	k141_55289	443	92.135	89	7	130
NC_033978.1	k141_35693	519	97.222	72	2	122
NC_033978.1	k141_32725	357	97.143	70	1	114
NC_033978.1	k141_32725	357	97.143	70	1	114
NC_033978.1	k141_23983	3050	94.286	70	4	109
NC_033978.1	k141_17061	655	85.714	77	11	90.6
NC_033978.1	k141_38569	564	100.000	49	0	89.7
NC_033978.1	k141_38569	564	95.349	43	2	69.8
NC_033978.1	k141_56732	3642	71.429	182	48	89.7
NC_033978.1	k141_56732	3642	71.429	182	48	89.7
NC_033978.1	k141_49981	681	100.000	49	0	89.7
NC_033978.1	k141_49981	681	95.349	43	2	69.8
NC_033978.1	k141_13023	433	81.579	76	14	75.2
NC_033978.1	k141_13023	433	81.579	76	14	75.2
NC_033978.1	k141_54078	576	93.750	48	1	71.6
NC_033978.1	k141_54078	576	93.750	48	1	71.6
NC_033978.1	k141_27921	327	87.755	49	6	62.6
NC_033978.1	k141_13380	633	94.737	38	2	60.8
NC_033978.1	k141_13380	633	94.737	38	2	60.8
NC_033978.1	k141_5242	482	85.714	35	5	41.9
MW006668.1	k141_37073	83967	84.325	9340	1178	10231
MW006668.1	k141_37073	83967	91.782	5573	391	7956
MW006668.1	k141_37073	83967	86.642	4619	462	5544
MW006668.1	k141_37073	83967	82.161	5415	681	5339
MW006668.1	k141_37073	83967	86.512	4174	374	4984
MW006668.1	k141_37073	83967	85.412	3880	357	4400
MW006668.1	k141_37073	83967	87.179	3237	373	3960
MW006668.1	k141_37073	83967	78.735	3527	535	2984
MW006668.1	k141_37073	83967	79.017	3417	468	2880
MW006668.1	k141_37073	83967	88.684	2006	173	2581
MW006668.1	k141_37073	83967	77.805	3226	441	2572
MW006668.1	k141_37073	83967	88.621	1951	208	2504
MW006668.1	k141_37073	83967	86.457	2097	204	2484
MW006668.1	k141_37073	83967	86.493	2073	244	2446
MW006668.1	k141_37073	83967	75.218	2982	417	2053
MW006668.1	k141_37073	83967	80.281	1851	299	1681
MW006668.1	k141_37073	83967	78.735	1613	233	1413
MW006668.1	k141_37073	83967	75.190	1975	263	1355
MW006668.1	k141_37073	83967	92.174	920	58	1330
MW006668.1	k141_37073	83967	92.174	920	58	1330
MW006668.1	k141_37073	83967	79.431	1405	208	1210
MW006668.1	k141_37073	83967	75.411	1704	209	1180
MW006668.1	k141_37073	83967	80.844	1232	138	1148
MW006668.1	k141_37073	83967	80.844	1232	138	1148
MW006668.1	k141_37073	83967	87.707	724	75	886
MW006668.1	k141_37073	83967	73.499	1366	192	864
MW006668.1	k141_37073	83967	79.121	728	113	632
MW006668.1	k141_37073	83967	79.121	728	113	632
MW006668.1	k141_37073	83967	78.896	616	80	526
MW006668.1	k141_37073	83967	73.275	797	132	465
MW006668.1	k141_37073	83967	84.404	327	37	360
MW006668.1	k141_37073	83967	84.404	327	37	360
MW006668.1	k141_37073	83967	69.048	756	136	307
MW006668.1	k141_37073	83967	71.212	594	114	276
MW006668.1	k141_37073	83967	75.000	364	41	274
MW006668.1	k141_37073	83967	72.155	413	68	215
MW006668.1	k141_37073	83967	83.412	211	27	208
MW006668.1	k141_37073	83967	74.085	328	52	189
MW006668.1	k141_37073	83967	78.539	219	31	176
MW006668.1	k141_37073	83967	66.486	555	126	172
MW006668.1	k141_37073	83967	72.189	338	64	168
MW006668.1	k141_37073	83967	94.937	79	4	125
MW006668.1	k141_37073	83967	94.937	79	4	125
MW006668.1	k141_37073	83967	80.576	139	18	124
MW006668.1	k141_37073	83967	80.576	139	18	124
MW006668.1	k141_37073	83967	83.193	119	16	124
MW006668.1	k141_37073	83967	75.882	170	41	123
MW006668.1	k141_37073	83967	75.472	159	37	109
MW006668.1	k141_37073	83967	78.571	126	27	106
MW006668.1	k141_37073	83967	83.951	81	13	88.7
MW006668.1	k141_37073	83967	97.917	48	1	83.3
MW006668.1	k141_37073	83967	91.837	49	4	71.6
MW006668.1	k141_37073	83967	91.837	49	4	71.6
MW006668.1	k141_37073	83967	95.122	41	2	66.2
MW006668.1	k141_37073	83967	82.456	57	10	59.0
MW006668.1	k141_37073	83967	82.456	57	10	59.0
MW006668.1	k141_37073	83967	77.419	62	14	50.0
MW006668.1	k141_37073	83967	85.366	41	6	48.2
MW006668.1	k141_3438	24873	93.337	6078	222	9111
MW006668.1	k141_3438	24873	93.337	6078	222	9111
MW006668.1	k141_3438	24873	90.688	5337	370	7377
MW006668.1	k141_3438	24873	96.507	2491	61	4088
MW006668.1	k141_3438	24873	96.507	2491	61	4088
MW006668.1	k141_3438	24873	74.694	1881	260	1266
MW006668.1	k141_3438	24873	75.198	1391	170	972
MW006668.1	k141_3438	24873	87.013	693	59	859
MW006668.1	k141_3438	24873	88.510	557	58	709
MW006668.1	k141_3438	24873	76.382	796	122	599
MW006668.1	k141_3438	24873	76.061	589	88	425
MW006668.1	k141_3438	24873	87.410	278	27	343
MW006668.1	k141_3438	24873	87.410	278	27	343
MW006668.1	k141_3438	24873	83.673	147	15	157
MW006668.1	k141_3438	24873	83.673	147	15	157
MW006668.1	k141_3438	24873	83.824	136	13	146
MW006668.1	k141_3438	24873	67.797	236	65	80.6
MW006668.1	k141_3438	24873	67.797	236	65	80.6
MW006668.1	k141_3438	24873	100.000	42	0	77.0
MW006668.1	k141_3438	24873	100.000	42	0	77.0
MW006668.1	k141_3438	24873	92.857	42	3	63.5
MW006668.1	k141_3438	24873	86.275	51	7	61.7
MW006668.1	k141_2106	18805	83.956	4899	605	5239
MW006668.1	k141_2106	18805	83.956	4899	605	5239
MW006668.1	k141_2106	18805	85.843	4443	457	5166
MW006668.1	k141_2106	18805	85.843	4443	457	5166
MW006668.1	k141_2106	18805	80.528	2311	425	2126
MW006668.1	k141_2106	18805	83.721	215	23	237
MW006668.1	k141_2106	18805	83.721	215	23	237
MW006668.1	k141_2106	18805	88.550	131	14	166
MW006668.1	k141_2106	18805	100.000	39	0	71.6
MW006668.1	k141_2106	18805	87.273	55	7	68.9
MW006668.1	k141_2106	18805	87.273	55	7	68.9
MW006668.1	k141_2106	18805	95.238	42	2	68.0
MW006668.1	k141_2106	18805	85.455	55	8	64.4
MW006668.1	k141_2106	18805	85.455	55	8	64.4
MW006668.1	k141_2106	18805	85.455	55	8	64.4
MW006668.1	k141_2106	18805	85.455	55	8	64.4
MW006668.1	k141_2106	18805	85.455	55	8	64.4
MW006668.1	k141_2106	18805	85.455	55	8	64.4
MW006668.1	k141_2106	18805	85.455	55	8	64.4
MW006668.1	k141_2106	18805	85.455	55	8	64.4
MW006668.1	k141_2106	18805	85.455	55	8	64.4
MW006668.1	k141_2106	18805	85.455	55	8	64.4
MW006668.1	k141_33450	15952	71.638	885	205	430
MW006668.1	k141_33450	15952	71.638	885	205	430
MW006668.1	k141_33450	15952	74.436	532	125	339
MW006668.1	k141_33450	15952	74.436	532	125	339
MW006668.1	k141_33450	15952	74.518	467	103	276
MW006668.1	k141_33450	15952	74.518	467	103	276
MW006668.1	k141_33450	15952	78.788	264	54	217
MW006668.1	k141_33450	15952	78.788	264	54	217
MW006668.1	k141_33450	15952	85.246	61	9	70.7
MW006668.1	k141_33450	15952	85.246	61	9	70.7
MW006668.1	k141_55321	34212	77.264	519	80	389
MW006668.1	k141_55321	34212	76.771	353	41	255
MW006668.1	k141_7199	13015	81.949	277	43	272
MW006668.1	k141_7199	13015	84.293	191	29	206
MW006668.1	k141_29796	15526	88.298	188	17	241
MW006668.1	k141_51858	1534	97.826	138	3	236
MW006668.1	k141_46522	9759	66.317	763	212	218
MW006668.1	k141_33895	440	90.351	114	11	157
MW006668.1	k141_2802	19258	83.916	143	23	155
MW006668.1	k141_2802	19258	93.671	79	5	121
MW006668.1	k141_2802	19258	72.932	133	34	71.6
MW006668.1	k141_2802	19258	77.193	57	13	45.5
MW006668.1	k141_53444	3551	76.190	210	44	150
MW006668.1	k141_53444	3551	76.190	210	44	150
MW006668.1	k141_10872	502	81.429	140	20	137
MW006668.1	k141_4757	8904	96.386	83	3	137
MW006668.1	k141_4757	8904	96.386	83	3	137
MW006668.1	k141_46931	16311	94.937	79	4	125
MW006668.1	k141_46931	16311	94.937	79	4	125
MW006668.1	k141_55289	443	90.909	88	8	123
MW006668.1	k141_23983	3050	94.366	71	4	111
MW006668.1	k141_35693	519	93.056	72	5	108
MW006668.1	k141_38569	564	96.000	50	2	82.4
MW006668.1	k141_38569	564	90.698	43	4	60.8
MW006668.1	k141_56732	3642	70.000	180	54	82.4
MW006668.1	k141_49981	681	96.000	50	2	82.4
MW006668.1	k141_49981	681	90.698	43	4	60.8
MW006668.1	k141_13023	433	77.451	102	21	78.8
MW006668.1	k141_13023	433	77.451	102	21	78.8
MW006668.1	k141_17061	655	81.818	77	14	77.0
MW006668.1	k141_54078	576	93.750	48	1	71.6
MW006668.1	k141_54078	576	93.750	48	1	71.6
MW006668.1	k141_5242	482	85.366	41	6	48.2
MW006668.1	k141_5242	482	85.366	41	6	48.2
MW435436.1	k141_3438	24873	92.070	9269	502	13477
MW435436.1	k141_3438	24873	92.070	9269	502	13477
MW435436.1	k141_3438	24873	95.885	5298	121	8579
MW435436.1	k141_3438	24873	95.885	5298	121	8579
MW435436.1	k141_3438	24873	91.918	5692	244	8238
MW435436.1	k141_3438	24873	91.918	5692	244	8238
MW435436.1	k141_3438	24873	93.092	3590	131	5363
MW435436.1	k141_3438	24873	93.092	3590	131	5363
MW435436.1	k141_3438	24873	93.341	856	42	1287
MW435436.1	k141_3438	24873	93.341	856	42	1287
MW435436.1	k141_3438	24873	82.466	365	34	361
MW435436.1	k141_3438	24873	82.466	365	34	361
MW435436.1	k141_3438	24873	95.238	42	2	68.0
MW435436.1	k141_3438	24873	92.308	39	3	58.1
MW435436.1	k141_37073	83967	84.138	10585	1384	11515
MW435436.1	k141_37073	83967	92.048	5420	373	7844
MW435436.1	k141_37073	83967	82.083	6558	795	6476
MW435436.1	k141_37073	83967	84.598	4772	471	5265
MW435436.1	k141_37073	83967	85.358	3934	405	4481
MW435436.1	k141_37073	83967	81.361	4571	604	4392
MW435436.1	k141_37073	83967	81.491	3890	522	3727
MW435436.1	k141_37073	83967	79.851	4149	604	3653
MW435436.1	k141_37073	83967	85.748	2961	314	3441
MW435436.1	k141_37073	83967	76.744	3427	497	2547
MW435436.1	k141_37073	83967	87.016	1987	212	2381
MW435436.1	k141_37073	83967	84.983	2091	235	2360
MW435436.1	k141_37073	83967	80.277	2307	261	2109
MW435436.1	k141_37073	83967	77.016	2071	343	1538
MW435436.1	k141_37073	83967	74.702	1929	268	1297
MW435436.1	k141_37073	83967	81.888	1303	192	1290
MW435436.1	k141_37073	83967	80.223	1254	143	1176
MW435436.1	k141_37073	83967	77.219	1431	226	1076
MW435436.1	k141_37073	83967	73.987	1530	211	958
MW435436.1	k141_37073	83967	77.683	1174	180	889
MW435436.1	k141_37073	83967	73.313	1334	198	759
MW435436.1	k141_37073	83967	89.775	489	50	657
MW435436.1	k141_37073	83967	79.944	708	101	611
MW435436.1	k141_37073	83967	78.347	605	94	489
MW435436.1	k141_37073	83967	71.476	901	122	476
MW435436.1	k141_37073	83967	88.410	371	38	471
MW435436.1	k141_37073	83967	88.410	371	38	471
MW435436.1	k141_37073	83967	70.596	721	116	351
MW435436.1	k141_37073	83967	74.365	433	65	264
MW435436.1	k141_37073	83967	75.841	327	41	237
MW435436.1	k141_37073	83967	67.111	675	105	219
MW435436.1	k141_37073	83967	81.690	213	18	214
MW435436.1	k141_37073	83967	87.742	155	13	187
MW435436.1	k141_37073	83967	87.742	155	13	187
MW435436.1	k141_37073	83967	82.022	178	27	178
MW435436.1	k141_37073	83967	79.394	165	34	145
MW435436.1	k141_37073	83967	87.826	115	7	142
MW435436.1	k141_37073	83967	76.243	181	25	136
MW435436.1	k141_37073	83967	97.468	79	2	134
MW435436.1	k141_37073	83967	66.995	406	118	121
MW435436.1	k141_37073	83967	71.981	207	22	113
MW435436.1	k141_37073	83967	85.526	76	11	88.7
MW435436.1	k141_37073	83967	95.745	47	2	77.0
MW435436.1	k141_37073	83967	70.000	170	49	70.7
MW435436.1	k141_37073	83967	95.122	41	2	66.2
MW435436.1	k141_37073	83967	95.122	41	2	66.2
MW435436.1	k141_37073	83967	77.419	62	14	50.0
MW435436.1	k141_2106	18805	82.725	4463	571	4564
MW435436.1	k141_2106	18805	81.758	3311	501	3242
MW435436.1	k141_2106	18805	81.369	2265	387	2196
MW435436.1	k141_2106	18805	81.119	2002	344	1920
MW435436.1	k141_2106	18805	78.187	1467	253	1174
MW435436.1	k141_2106	18805	86.076	474	51	554
MW435436.1	k141_2106	18805	86.076	474	51	554
MW435436.1	k141_2106	18805	66.580	1544	352	467
MW435436.1	k141_2106	18805	73.278	726	142	428
MW435436.1	k141_2106	18805	73.647	702	142	413
MW435436.1	k141_2106	18805	73.647	702	142	413
MW435436.1	k141_2106	18805	93.617	141	9	214
MW435436.1	k141_2106	18805	93.617	141	9	214
MW435436.1	k141_2106	18805	100.000	39	0	71.6
MW435436.1	k141_2106	18805	100.000	39	0	71.6
MW435436.1	k141_2106	18805	92.857	42	3	63.5
MW435436.1	k141_33450	15952	71.021	1156	266	529
MW435436.1	k141_33450	15952	71.021	1156	266	529
MW435436.1	k141_33450	15952	72.429	885	197	449
MW435436.1	k141_33450	15952	72.429	885	197	449
MW435436.1	k141_33450	15952	78.409	264	55	213
MW435436.1	k141_33450	15952	78.409	264	55	213
MW435436.1	k141_33450	15952	86.885	61	8	75.2
MW435436.1	k141_33450	15952	86.885	61	8	75.2
MW435436.1	k141_7199	13015	85.563	284	37	327
MW435436.1	k141_7199	13015	81.140	228	37	214
MW435436.1	k141_29796	15526	91.444	187	11	266
MW435436.1	k141_29796	15526	91.525	59	5	85.1
MW435436.1	k141_51858	1534	97.122	139	4	233
MW435436.1	k141_46522	9759	66.963	787	213	227
MW435436.1	k141_55321	34212	83.575	207	23	217
MW435436.1	k141_55321	34212	68.299	388	57	156
MW435436.1	k141_55321	34212	77.841	176	28	143
MW435436.1	k141_33895	440	94.828	116	6	183
MW435436.1	k141_33895	440	94.828	116	6	183
MW435436.1	k141_2802	19258	84.615	143	22	159
MW435436.1	k141_2802	19258	92.405	79	6	116
MW435436.1	k141_2802	19258	75.000	80	20	55.4
MW435436.1	k141_2802	19258	75.000	80	20	55.4
MW435436.1	k141_2802	19258	77.193	57	13	45.5
MW435436.1	k141_10872	502	82.857	140	18	146
MW435436.1	k141_4757	8904	97.590	83	2	141
MW435436.1	k141_4757	8904	97.590	83	2	141
MW435436.1	k141_46931	16311	95.000	80	4	127
MW435436.1	k141_55289	443	87.912	91	11	115
MW435436.1	k141_35693	519	94.444	72	4	113
MW435436.1	k141_23983	3050	92.958	71	5	106
MW435436.1	k141_32725	357	94.286	70	3	105
MW435436.1	k141_32725	357	94.286	70	3	105
MW435436.1	k141_56732	3642	71.978	182	47	94.2
MW435436.1	k141_56732	3642	71.978	182	47	94.2
MW435436.1	k141_38569	564	100.000	50	0	91.5
MW435436.1	k141_38569	564	88.372	43	5	56.3
MW435436.1	k141_49981	681	100.000	50	0	91.5
MW435436.1	k141_49981	681	88.372	43	5	56.3
MW435436.1	k141_17061	655	83.117	77	13	81.5
MW435436.1	k141_13023	433	82.895	76	13	79.7
MW435436.1	k141_13023	433	82.895	76	13	79.7
MW435436.1	k141_54078	576	93.750	48	1	71.6
MW435436.1	k141_54078	576	93.750	48	1	71.6
MW435436.1	k141_27921	327	90.698	43	4	60.8
MW435436.1	k141_27921	327	90.698	43	4	60.8
MW435436.1	k141_4217	803	91.667	36	3	52.7
MW435436.1	k141_5242	482	85.714	35	5	41.9
NC_037882.1	k141_37073	83967	85.451	12695	1487	14491
NC_037882.1	k141_37073	83967	83.664	10572	1127	11316
NC_037882.1	k141_37073	83967	88.869	8202	621	10651
NC_037882.1	k141_37073	83967	85.154	6042	641	6818
NC_037882.1	k141_37073	83967	88.020	3631	305	4579
NC_037882.1	k141_37073	83967	83.071	4194	458	4347
NC_037882.1	k141_37073	83967	80.740	4595	667	4219
NC_037882.1	k141_37073	83967	77.126	4691	631	3598
NC_037882.1	k141_37073	83967	79.090	3032	407	2531
NC_037882.1	k141_37073	83967	87.968	1978	194	2489
NC_037882.1	k141_37073	83967	78.240	2500	341	2055
NC_037882.1	k141_37073	83967	82.661	1413	188	1464
NC_037882.1	k141_37073	83967	89.017	956	68	1240
NC_037882.1	k141_37073	83967	79.955	1347	180	1186
NC_037882.1	k141_37073	83967	73.829	2006	305	1179
NC_037882.1	k141_37073	83967	79.793	1257	147	1088
NC_037882.1	k141_37073	83967	76.830	1243	133	976
NC_037882.1	k141_37073	83967	73.524	1541	201	951
NC_037882.1	k141_37073	83967	82.416	836	110	807
NC_037882.1	k141_37073	83967	71.911	1036	155	572
NC_037882.1	k141_37073	83967	81.400	500	53	492
NC_037882.1	k141_37073	83967	78.080	625	100	489
NC_037882.1	k141_37073	83967	71.046	784	146	347
NC_037882.1	k141_37073	83967	78.723	423	45	340
NC_037882.1	k141_37073	83967	86.638	232	26	270
NC_037882.1	k141_37073	83967	77.644	331	36	258
NC_037882.1	k141_37073	83967	85.806	155	8	185
NC_037882.1	k141_37073	83967	85.806	155	8	185
NC_037882.1	k141_37073	83967	80.412	194	25	173
NC_037882.1	k141_37073	83967	85.616	146	15	166
NC_037882.1	k141_37073	83967	95.699	93	4	150
NC_037882.1	k141_37073	83967	92.157	102	8	149
NC_037882.1	k141_37073	83967	78.261	184	24	149
NC_037882.1	k141_37073	83967	87.826	115	12	142
NC_037882.1	k141_37073	83967	70.940	234	23	130
NC_037882.1	k141_37073	83967	65.154	617	176	112
NC_037882.1	k141_37073	83967	74.545	165	42	109
NC_037882.1	k141_37073	83967	73.016	126	34	75.2
NC_037882.1	k141_37073	83967	97.619	42	1	72.5
NC_037882.1	k141_37073	83967	89.796	49	5	67.1
NC_037882.1	k141_37073	83967	89.130	46	5	61.7
NC_037882.1	k141_37073	83967	92.683	41	3	61.7
NC_037882.1	k141_37073	83967	92.683	41	3	61.7
NC_037882.1	k141_37073	83967	77.419	62	14	50.0
NC_037882.1	k141_37073	83967	75.342	73	16	44.6
NC_037882.1	k141_3438	24873	92.201	8039	403	11765
NC_037882.1	k141_3438	24873	92.201	8039	403	11765
NC_037882.1	k141_3438	24873	95.516	5665	141	9065
NC_037882.1	k141_3438	24873	95.516	5665	141	9065
NC_037882.1	k141_3438	24873	95.024	4843	123	7700
NC_037882.1	k141_3438	24873	95.024	4843	123	7700
NC_037882.1	k141_3438	24873	94.575	3539	103	5543
NC_037882.1	k141_3438	24873	94.575	3539	103	5543
NC_037882.1	k141_3438	24873	93.625	847	34	1289
NC_037882.1	k141_3438	24873	93.625	847	34	1289
NC_037882.1	k141_3438	24873	95.009	561	14	890
NC_037882.1	k141_3438	24873	95.009	561	14	890
NC_037882.1	k141_3438	24873	87.578	322	13	407
NC_037882.1	k141_3438	24873	87.578	322	13	407
NC_037882.1	k141_3438	24873	97.619	42	1	72.5
NC_037882.1	k141_3438	24873	94.872	39	2	62.6
NC_037882.1	k141_2106	18805	84.652	4437	500	4906
NC_037882.1	k141_2106	18805	80.513	4993	747	4565
NC_037882.1	k141_2106	18805	82.066	2420	374	2395
NC_037882.1	k141_2106	18805	84.156	486	50	523
NC_037882.1	k141_2106	18805	84.156	486	50	523
NC_037882.1	k141_2106	18805	68.126	982	222	384
NC_037882.1	k141_2106	18805	69.972	706	143	326
NC_037882.1	k141_2106	18805	73.321	551	125	320
NC_037882.1	k141_2106	18805	84.906	212	19	242
NC_037882.1	k141_2106	18805	78.988	257	38	208
NC_037882.1	k141_2106	18805	90.476	147	8	204
NC_037882.1	k141_2106	18805	90.476	147	8	204
NC_037882.1	k141_2106	18805	95.238	42	2	68.0
NC_037882.1	k141_2106	18805	97.436	39	1	67.1
NC_037882.1	k141_2106	18805	97.436	39	1	67.1
NC_037882.1	k141_33450	15952	72.531	881	203	453
NC_037882.1	k141_33450	15952	72.531	881	203	453
NC_037882.1	k141_33450	15952	74.624	532	124	343
NC_037882.1	k141_33450	15952	74.624	532	124	343
NC_037882.1	k141_33450	15952	74.310	471	91	282
NC_037882.1	k141_33450	15952	74.310	471	91	282
NC_037882.1	k141_33450	15952	78.409	264	55	213
NC_037882.1	k141_33450	15952	78.409	264	55	213
NC_037882.1	k141_33450	15952	86.885	61	8	75.2
NC_037882.1	k141_33450	15952	86.885	61	8	75.2
NC_037882.1	k141_7199	13015	89.437	284	26	377
NC_037882.1	k141_7199	13015	82.188	320	41	322
NC_037882.1	k141_55321	34212	74.808	520	85	344
NC_037882.1	k141_55321	34212	82.237	152	9	151
NC_037882.1	k141_29796	15526	90.909	198	13	277
NC_037882.1	k141_29796	15526	93.220	59	4	89.7
NC_037882.1	k141_51858	1534	95.714	140	6	226
NC_037882.1	k141_46522	9759	68.092	655	189	213
NC_037882.1	k141_46522	9759	68.992	129	40	53.6
NC_037882.1	k141_2802	19258	87.417	151	19	187
NC_037882.1	k141_2802	19258	91.139	79	7	112
NC_037882.1	k141_2802	19258	81.250	80	15	77.9
NC_037882.1	k141_2802	19258	77.193	57	13	45.5
NC_037882.1	k141_53444	3551	78.095	210	40	168
NC_037882.1	k141_10872	502	85.612	139	14	162
NC_037882.1	k141_33895	440	95.789	95	4	154
NC_037882.1	k141_33895	440	95.789	95	4	154
NC_037882.1	k141_46931	16311	98.750	80	1	141
NC_037882.1	k141_55289	443	94.382	89	5	139
NC_037882.1	k141_4757	8904	96.386	83	3	137
NC_037882.1	k141_4757	8904	96.386	83	3	137
NC_037882.1	k141_35693	519	95.833	72	3	117
NC_037882.1	k141_32725	357	97.143	70	1	114
NC_037882.1	k141_32725	357	97.143	70	1	114
NC_037882.1	k141_23983	3050	92.958	71	5	106
NC_037882.1	k141_56732	3642	71.978	182	47	94.2
NC_037882.1	k141_56732	3642	71.978	182	47	94.2
NC_037882.1	k141_38569	564	100.000	50	0	91.5
NC_037882.1	k141_38569	564	97.674	43	1	74.3
NC_037882.1	k141_49981	681	100.000	50	0	91.5
NC_037882.1	k141_49981	681	97.674	43	1	74.3
NC_037882.1	k141_17061	655	81.818	77	14	77.0
NC_037882.1	k141_13023	433	81.579	76	14	75.2
NC_037882.1	k141_13023	433	81.579	76	14	75.2
NC_037882.1	k141_54078	576	93.750	48	1	71.6
NC_037882.1	k141_54078	576	93.750	48	1	71.6
NC_037882.1	k141_27921	327	87.037	54	7	67.1
NC_037882.1	k141_27921	327	87.037	54	7	67.1
NC_037882.1	k141_13380	633	94.737	38	2	60.8
NC_037882.1	k141_13380	633	94.737	38	2	60.8
NC_056190.1	k141_37073	83967	84.969	12913	1537	14554
NC_056190.1	k141_37073	83967	93.194	5466	337	8176
NC_056190.1	k141_37073	83967	84.304	6059	632	6643
NC_056190.1	k141_37073	83967	85.069	5117	544	5694
NC_056190.1	k141_37073	83967	84.426	4989	566	5482
NC_056190.1	k141_37073	83967	82.346	5234	618	5243
NC_056190.1	k141_37073	83967	87.109	4189	371	5052
NC_056190.1	k141_37073	83967	81.695	3999	538	3875
NC_056190.1	k141_37073	83967	78.120	4223	523	3474
NC_056190.1	k141_37073	83967	82.604	2558	315	2581
NC_056190.1	k141_37073	83967	83.484	2325	223	2445
NC_056190.1	k141_37073	83967	78.691	2445	346	2066
NC_056190.1	k141_37073	83967	90.429	1118	77	1512
NC_056190.1	k141_37073	83967	81.332	1457	193	1410
NC_056190.1	k141_37073	83967	80.235	1275	162	1173
NC_056190.1	k141_37073	83967	80.964	1245	177	1155
NC_056190.1	k141_37073	83967	79.598	1245	175	1122
NC_056190.1	k141_37073	83967	81.498	1135	151	1073
NC_056190.1	k141_37073	83967	76.290	1434	190	1049
NC_056190.1	k141_37073	83967	76.817	1307	190	985
NC_056190.1	k141_37073	83967	74.116	1159	145	738
NC_056190.1	k141_37073	83967	79.160	595	92	499
NC_056190.1	k141_37073	83967	73.156	678	112	376
NC_056190.1	k141_37073	83967	76.222	450	70	318
NC_056190.1	k141_37073	83967	78.616	318	31	274
NC_056190.1	k141_37073	83967	66.633	1004	189	261
NC_056190.1	k141_37073	83967	79.181	293	39	247
NC_056190.1	k141_37073	83967	82.759	232	24	235
NC_056190.1	k141_37073	83967	75.000	324	54	190
NC_056190.1	k141_37073	83967	88.732	142	13	183
NC_056190.1	k141_37073	83967	90.000	120	9	161
NC_056190.1	k141_37073	83967	90.000	120	9	161
NC_056190.1	k141_37073	83967	82.877	146	20	151
NC_056190.1	k141_37073	83967	97.500	80	2	136
NC_056190.1	k141_37073	83967	73.939	165	43	104
NC_056190.1	k141_37073	83967	74.834	151	38	102
NC_056190.1	k141_37073	83967	93.617	47	3	72.5
NC_056190.1	k141_37073	83967	70.000	170	49	70.7
NC_056190.1	k141_37073	83967	73.874	111	24	66.2
NC_056190.1	k141_37073	83967	92.857	42	3	63.5
NC_056190.1	k141_37073	83967	92.683	41	3	61.7
NC_056190.1	k141_37073	83967	92.683	41	3	61.7
NC_056190.1	k141_37073	83967	77.419	62	14	50.0
NC_056190.1	k141_3438	24873	92.397	9259	431	13617
NC_056190.1	k141_3438	24873	92.423	9238	427	13597
NC_056190.1	k141_3438	24873	92.273	6354	218	9303
NC_056190.1	k141_3438	24873	92.273	6354	218	9303
NC_056190.1	k141_3438	24873	94.586	5670	137	8851
NC_056190.1	k141_3438	24873	94.586	5670	137	8851
NC_056190.1	k141_3438	24873	97.067	2796	71	4661
NC_056190.1	k141_3438	24873	97.067	2796	71	4661
NC_056190.1	k141_3438	24873	93.705	842	43	1280
NC_056190.1	k141_3438	24873	93.705	842	43	1280
NC_056190.1	k141_3438	24873	97.561	41	1	70.7
NC_056190.1	k141_3438	24873	92.308	39	3	58.1
NC_056190.1	k141_2106	18805	78.779	3916	602	3288
NC_056190.1	k141_2106	18805	78.914	3277	515	2773
NC_056190.1	k141_2106	18805	77.336	1712	259	1320
NC_056190.1	k141_2106	18805	72.687	1135	242	626
NC_056190.1	k141_2106	18805	72.687	1135	242	626
NC_056190.1	k141_2106	18805	65.707	1528	350	407
NC_056190.1	k141_2106	18805	75.045	557	80	378
NC_056190.1	k141_2106	18805	73.302	427	66	246
NC_056190.1	k141_2106	18805	76.393	305	72	226
NC_056190.1	k141_2106	18805	91.367	139	12	197
NC_056190.1	k141_2106	18805	91.367	139	12	197
NC_056190.1	k141_2106	18805	77.083	192	28	150
NC_056190.1	k141_2106	18805	75.540	139	34	98.7
NC_056190.1	k141_2106	18805	97.436	39	1	67.1
NC_056190.1	k141_2106	18805	97.436	39	1	67.1
NC_056190.1	k141_2106	18805	92.857	42	3	63.5
NC_056190.1	k141_33450	15952	72.646	892	205	463
NC_056190.1	k141_33450	15952	72.646	892	205	463
NC_056190.1	k141_33450	15952	74.624	532	124	343
NC_056190.1	k141_33450	15952	74.624	532	124	343
NC_056190.1	k141_33450	15952	74.310	471	91	282
NC_056190.1	k141_33450	15952	74.310	471	91	282
NC_056190.1	k141_33450	15952	78.030	264	56	208
NC_056190.1	k141_33450	15952	78.030	264	56	208
NC_056190.1	k141_33450	15952	86.885	61	8	75.2
NC_056190.1	k141_33450	15952	86.885	61	8	75.2
NC_056190.1	k141_55321	34212	76.686	519	95	361
NC_056190.1	k141_55321	34212	84.615	130	16	140
NC_056190.1	k141_7199	13015	85.915	284	36	332
NC_056190.1	k141_7199	13015	76.246	341	53	253
NC_056190.1	k141_29796	15526	90.909	198	13	277
NC_056190.1	k141_29796	15526	88.136	59	7	76.1
NC_056190.1	k141_46522	9759	67.138	919	239	272
NC_056190.1	k141_51858	1534	96.429	140	5	231
NC_056190.1	k141_33895	440	95.690	116	5	187
NC_056190.1	k141_33895	440	95.690	116	5	187
NC_056190.1	k141_2802	19258	86.429	140	19	168
NC_056190.1	k141_2802	19258	93.590	78	5	119
NC_056190.1	k141_2802	19258	77.193	57	13	45.5
NC_056190.1	k141_10872	502	85.714	140	14	164
NC_056190.1	k141_46931	16311	97.531	81	2	138
NC_056190.1	k141_4757	8904	95.181	83	4	132
NC_056190.1	k141_4757	8904	95.181	83	4	132
NC_056190.1	k141_35693	519	98.611	72	1	126
NC_056190.1	k141_32725	357	97.143	70	1	114
NC_056190.1	k141_32725	357	97.143	70	1	114
NC_056190.1	k141_55289	443	86.667	90	12	109
NC_056190.1	k141_23983	3050	88.732	71	8	93.3
NC_056190.1	k141_56732	3642	71.429	182	48	89.7
NC_056190.1	k141_56732	3642	71.429	182	48	89.7
NC_056190.1	k141_38569	564	97.917	48	1	83.3
NC_056190.1	k141_38569	564	90.698	43	4	60.8
NC_056190.1	k141_49981	681	97.917	48	1	83.3
NC_056190.1	k141_49981	681	90.698	43	4	60.8
NC_056190.1	k141_17061	655	81.818	77	14	77.0
NC_056190.1	k141_13023	433	86.441	59	8	71.6
NC_056190.1	k141_13023	433	86.441	59	8	71.6
NC_056190.1	k141_54078	576	93.750	48	1	71.6
NC_056190.1	k141_54078	576	93.750	48	1	71.6
NC_056190.1	k141_5242	482	90.000	40	4	55.4
MN564931.1	k141_37073	83967	84.362	12412	1581	13615
MN564931.1	k141_37073	83967	82.227	10578	1298	10526
MN564931.1	k141_37073	83967	91.393	5414	419	7670
MN564931.1	k141_37073	83967	82.794	5713	682	5827
MN564931.1	k141_37073	83967	85.022	3919	383	4425
MN564931.1	k141_37073	83967	80.400	4097	609	3723
MN564931.1	k141_37073	83967	83.251	3224	376	3384
MN564931.1	k141_37073	83967	74.556	3600	504	2347
MN564931.1	k141_37073	83967	86.143	1833	229	2152
MN564931.1	k141_37073	83967	84.466	1957	256	2144
MN564931.1	k141_37073	83967	79.336	2381	275	2092
MN564931.1	k141_37073	83967	78.646	2496	398	2049
MN564931.1	k141_37073	83967	79.558	1629	199	1418
MN564931.1	k141_37073	83967	80.547	1280	197	1193
MN564931.1	k141_37073	83967	79.525	1138	172	963
MN564931.1	k141_37073	83967	76.299	1232	171	925
MN564931.1	k141_37073	83967	77.474	1243	183	914
MN564931.1	k141_37073	83967	73.410	1211	169	691
MN564931.1	k141_37073	83967	78.190	862	103	681
MN564931.1	k141_37073	83967	81.284	732	87	672
MN564931.1	k141_37073	83967	73.756	1025	187	593
MN564931.1	k141_37073	83967	73.925	744	120	462
MN564931.1	k141_37073	83967	79.310	493	73	398
MN564931.1	k141_37073	83967	76.102	431	77	292
MN564931.1	k141_37073	83967	80.528	303	43	282
MN564931.1	k141_37073	83967	82.528	269	31	275
MN564931.1	k141_37073	83967	79.245	318	55	269
MN564931.1	k141_37073	83967	69.764	678	133	260
MN564931.1	k141_37073	83967	85.787	197	20	228
MN564931.1	k141_37073	83967	80.476	210	31	190
MN564931.1	k141_37073	83967	77.391	230	27	181
MN564931.1	k141_37073	83967	82.692	156	15	162
MN564931.1	k141_37073	83967	96.809	94	3	157
MN564931.1	k141_37073	83967	90.991	111	10	156
MN564931.1	k141_37073	83967	80.255	157	19	150
MN564931.1	k141_37073	83967	73.050	282	56	149
MN564931.1	k141_37073	83967	100.000	79	0	143
MN564931.1	k141_37073	83967	66.541	532	156	137
MN564931.1	k141_37073	83967	79.141	163	32	134
MN564931.1	k141_37073	83967	75.152	165	41	113
MN564931.1	k141_37073	83967	95.238	42	2	68.0
MN564931.1	k141_37073	83967	95.122	41	2	66.2
MN564931.1	k141_37073	83967	95.122	41	2	66.2
MN564931.1	k141_37073	83967	73.786	103	25	58.1
MN564931.1	k141_37073	83967	77.419	62	14	50.0
MN564931.1	k141_37073	83967	82.979	47	8	50.0
MN564931.1	k141_3438	24873	90.633	6448	271	9021
MN564931.1	k141_3438	24873	90.633	6448	271	9021
MN564931.1	k141_3438	24873	94.850	5670	191	8852
MN564931.1	k141_3438	24873	94.850	5670	191	8852
MN564931.1	k141_3438	24873	85.575	4007	379	4661
MN564931.1	k141_3438	24873	85.575	4007	379	4661
MN564931.1	k141_3438	24873	95.959	2846	98	4598
MN564931.1	k141_3438	24873	95.959	2846	98	4598
MN564931.1	k141_3438	24873	92.005	2239	114	3232
MN564931.1	k141_3438	24873	92.005	2239	114	3232
MN564931.1	k141_3438	24873	84.737	1199	108	1370
MN564931.1	k141_3438	24873	84.737	1199	108	1370
MN564931.1	k141_3438	24873	85.538	567	64	656
MN564931.1	k141_3438	24873	85.538	567	64	656
MN564931.1	k141_3438	24873	87.759	482	44	609
MN564931.1	k141_3438	24873	87.759	482	44	609
MN564931.1	k141_3438	24873	87.110	481	33	592
MN564931.1	k141_3438	24873	87.110	481	33	592
MN564931.1	k141_3438	24873	92.615	325	24	479
MN564931.1	k141_3438	24873	92.615	325	24	479
MN564931.1	k141_3438	24873	100.000	42	0	77.0
MN564931.1	k141_3438	24873	85.000	60	8	65.3
MN564931.1	k141_3438	24873	85.000	60	8	65.3
MN564931.1	k141_3438	24873	92.857	42	3	63.5
MN564931.1	k141_2106	18805	82.555	3296	484	3304
MN564931.1	k141_2106	18805	82.694	2710	374	2755
MN564931.1	k141_2106	18805	80.337	2375	395	2153
MN564931.1	k141_2106	18805	83.643	1400	172	1490
MN564931.1	k141_2106	18805	79.068	1266	225	1062
MN564931.1	k141_2106	18805	87.542	297	28	373
MN564931.1	k141_2106	18805	87.542	297	28	373
MN564931.1	k141_2106	18805	75.093	538	90	370
MN564931.1	k141_2106	18805	75.093	538	90	370
MN564931.1	k141_2106	18805	74.031	516	104	350
MN564931.1	k141_2106	18805	74.031	516	104	350
MN564931.1	k141_2106	18805	81.226	261	33	256
MN564931.1	k141_2106	18805	67.388	647	137	206
MN564931.1	k141_2106	18805	67.388	647	137	206
MN564931.1	k141_2106	18805	86.232	138	10	168
MN564931.1	k141_2106	18805	86.232	138	10	168
MN564931.1	k141_2106	18805	100.000	39	0	71.6
MN564931.1	k141_2106	18805	100.000	39	0	71.6
MN564931.1	k141_2106	18805	88.679	53	6	69.8
MN564931.1	k141_2106	18805	95.238	42	2	68.0
MN564931.1	k141_2106	18805	86.000	50	7	59.9
MN564931.1	k141_2106	18805	86.000	50	7	59.9
MN564931.1	k141_33450	15952	72.748	877	208	461
MN564931.1	k141_33450	15952	72.748	877	208	461
MN564931.1	k141_33450	15952	74.060	532	127	330
MN564931.1	k141_33450	15952	74.060	532	127	330
MN564931.1	k141_33450	15952	74.946	467	95	281
MN564931.1	k141_33450	15952	74.946	467	95	281
MN564931.1	k141_33450	15952	79.167	264	53	222
MN564931.1	k141_33450	15952	79.167	264	53	222
MN564931.1	k141_33450	15952	86.885	61	8	75.2
MN564931.1	k141_33450	15952	86.885	61	8	75.2
MN564931.1	k141_7199	13015	81.847	314	43	309
MN564931.1	k141_7199	13015	83.803	284	42	305
MN564931.1	k141_46522	9759	67.256	849	233	269
MN564931.1	k141_29796	15526	89.062	192	16	252
MN564931.1	k141_29796	15526	91.525	59	5	85.1
MN564931.1	k141_51858	1534	94.286	140	8	217
MN564931.1	k141_55321	34212	81.921	177	12	180
MN564931.1	k141_55321	34212	79.899	199	28	172
MN564931.1	k141_55321	34212	80.769	182	24	172
MN564931.1	k141_2802	19258	82.857	140	24	145
MN564931.1	k141_2802	19258	94.521	73	4	114
MN564931.1	k141_2802	19258	78.750	80	17	68.9
MN564931.1	k141_2802	19258	77.193	57	13	45.5
MN564931.1	k141_4757	8904	97.647	85	2	145
MN564931.1	k141_4757	8904	97.647	85	2	145
MN564931.1	k141_33895	440	87.069	116	15	142
MN564931.1	k141_33895	440	87.069	116	15	142
MN564931.1	k141_10872	502	81.429	140	20	137
MN564931.1	k141_46931	16311	97.500	80	2	136
MN564931.1	k141_35693	519	95.833	72	3	117
MN564931.1	k141_32725	357	97.143	70	1	114
MN564931.1	k141_32725	357	97.143	70	1	114
MN564931.1	k141_55289	443	86.813	91	12	111
MN564931.1	k141_23983	3050	91.549	71	6	102
MN564931.1	k141_56732	3642	71.978	182	47	94.2
MN564931.1	k141_56732	3642	71.978	182	47	94.2
MN564931.1	k141_17061	655	81.818	77	14	77.0
MN564931.1	k141_27921	327	75.962	104	25	76.1
MN564931.1	k141_13023	433	81.579	76	14	75.2
MN564931.1	k141_13023	433	81.579	76	14	75.2
MN564931.1	k141_38569	564	93.750	48	3	74.3
MN564931.1	k141_38569	564	90.698	43	4	60.8
MN564931.1	k141_49981	681	93.750	48	3	74.3
MN564931.1	k141_49981	681	90.698	43	4	60.8
MN564931.1	k141_54078	576	93.750	48	1	71.6
MN564931.1	k141_54078	576	93.750	48	1	71.6
MN564931.1	k141_13380	633	94.737	38	2	60.8
MN564931.1	k141_13380	633	94.737	38	2	60.8
MN564931.1	k141_57639	414	91.667	36	3	52.7
MN564931.1	k141_5242	482	89.474	38	4	51.8
MN564931.1	k141_41238	601	81.395	43	8	42.8
NC_031651.1	k141_3438	24873	91.094	9578	439	13508
NC_031651.1	k141_3438	24873	91.094	9578	439	13508
NC_031651.1	k141_3438	24873	90.650	9273	615	12889
NC_031651.1	k141_3438	24873	91.132	9123	599	12869
NC_031651.1	k141_3438	24873	94.297	5488	164	8517
NC_031651.1	k141_3438	24873	94.297	5488	164	8517
NC_031651.1	k141_3438	24873	86.473	414	44	497
NC_031651.1	k141_3438	24873	84.777	381	39	421
NC_031651.1	k141_3438	24873	84.777	381	39	421
NC_031651.1	k141_3438	24873	92.174	115	9	168
NC_031651.1	k141_3438	24873	92.174	115	9	168
NC_031651.1	k141_3438	24873	89.655	58	6	78.8
NC_031651.1	k141_3438	24873	97.619	42	1	72.5
NC_031651.1	k141_3438	24873	97.619	42	1	72.5
NC_031651.1	k141_3438	24873	97.619	42	1	72.5
NC_031651.1	k141_37073	83967	83.727	12438	1697	13308
NC_031651.1	k141_37073	83967	78.766	13488	1862	11252
NC_031651.1	k141_37073	83967	86.733	8103	805	9668
NC_031651.1	k141_37073	83967	84.232	4560	547	4957
NC_031651.1	k141_37073	83967	83.740	3936	391	4240
NC_031651.1	k141_37073	83967	81.626	4207	516	4046
NC_031651.1	k141_37073	83967	78.460	4104	629	3367
NC_031651.1	k141_37073	83967	86.659	1814	200	2165
NC_031651.1	k141_37073	83967	83.451	1988	289	2107
NC_031651.1	k141_37073	83967	76.869	2836	463	2084
NC_031651.1	k141_37073	83967	88.523	1063	83	1367
NC_031651.1	k141_37073	83967	80.218	1284	206	1183
NC_031651.1	k141_37073	83967	75.155	1618	251	1103
NC_031651.1	k141_37073	83967	80.018	1096	154	945
NC_031651.1	k141_37073	83967	73.399	1515	229	879
NC_031651.1	k141_37073	83967	76.284	1227	194	876
NC_031651.1	k141_37073	83967	75.365	1234	174	810
NC_031651.1	k141_37073	83967	85.056	716	97	801
NC_031651.1	k141_37073	83967	82.128	733	106	728
NC_031651.1	k141_37073	83967	74.041	1017	185	599
NC_031651.1	k141_37073	83967	80.100	603	92	532
NC_031651.1	k141_37073	83967	73.428	636	98	378
NC_031651.1	k141_37073	83967	76.707	498	88	361
NC_031651.1	k141_37073	83967	69.054	698	124	288
NC_031651.1	k141_37073	83967	78.006	341	53	266
NC_031651.1	k141_37073	83967	89.189	148	16	196
NC_031651.1	k141_37073	83967	78.205	234	43	182
NC_031651.1	k141_37073	83967	95.960	99	4	161
NC_031651.1	k141_37073	83967	95.349	86	4	138
NC_031651.1	k141_37073	83967	67.102	383	114	125
NC_031651.1	k141_37073	83967	90.805	87	8	122
NC_031651.1	k141_37073	83967	73.158	190	35	110
NC_031651.1	k141_37073	83967	74.545	165	42	109
NC_031651.1	k141_37073	83967	95.161	62	3	99.6
NC_031651.1	k141_37073	83967	82.278	79	13	77.0
NC_031651.1	k141_37073	83967	95.122	41	2	66.2
NC_031651.1	k141_37073	83967	95.122	41	2	66.2
NC_031651.1	k141_37073	83967	77.419	62	14	50.0
NC_031651.1	k141_37073	83967	83.333	42	7	45.5
NC_031651.1	k141_2106	18805	81.924	3347	508	3261
NC_031651.1	k141_2106	18805	82.284	2828	377	2837
NC_031651.1	k141_2106	18805	80.279	2226	403	2037
NC_031651.1	k141_2106	18805	83.805	1519	191	1604
NC_031651.1	k141_2106	18805	77.518	1281	215	988
NC_031651.1	k141_2106	18805	80.525	457	71	431
NC_031651.1	k141_2106	18805	71.019	697	163	319
NC_031651.1	k141_2106	18805	68.613	685	168	255
NC_031651.1	k141_2106	18805	81.223	229	31	222
NC_031651.1	k141_2106	18805	89.362	141	15	187
NC_031651.1	k141_2106	18805	71.098	173	44	88.7
NC_031651.1	k141_2106	18805	93.878	49	3	76.1
NC_031651.1	k141_2106	18805	100.000	39	0	71.6
NC_031651.1	k141_2106	18805	100.000	39	0	71.6
NC_031651.1	k141_33450	15952	73.068	880	200	471
NC_031651.1	k141_33450	15952	73.068	880	200	471
NC_031651.1	k141_33450	15952	74.436	532	125	339
NC_031651.1	k141_33450	15952	74.436	532	125	339
NC_031651.1	k141_33450	15952	74.090	467	99	281
NC_031651.1	k141_33450	15952	74.090	467	99	281
NC_031651.1	k141_33450	15952	78.409	264	55	213
NC_031651.1	k141_33450	15952	78.409	264	55	213
NC_031651.1	k141_33450	15952	86.885	61	8	75.2
NC_031651.1	k141_33450	15952	86.885	61	8	75.2
NC_031651.1	k141_55321	34212	76.143	503	85	349
NC_031651.1	k141_55321	34212	93.617	94	6	143
NC_031651.1	k141_7199	13015	83.451	284	43	300
NC_031651.1	k141_7199	13015	80.095	211	37	192
NC_031651.1	k141_29796	15526	92.147	191	10	278
NC_031651.1	k141_51858	1534	96.429	140	5	231
NC_031651.1	k141_46522	9759	68.252	652	193	220
NC_031651.1	k141_46522	9759	68.862	167	46	59.9
NC_031651.1	k141_33895	440	94.828	116	6	183
NC_031651.1	k141_33895	440	94.828	116	6	183
NC_031651.1	k141_2802	19258	85.294	136	20	156
NC_031651.1	k141_2802	19258	90.909	77	7	108
NC_031651.1	k141_2802	19258	74.400	125	30	75.2
NC_031651.1	k141_2802	19258	77.193	57	13	45.5
NC_031651.1	k141_10872	502	83.571	140	17	150
NC_031651.1	k141_4757	8904	95.181	83	4	132
NC_031651.1	k141_4757	8904	95.181	83	4	132
NC_031651.1	k141_35693	519	91.667	72	6	104
NC_031651.1	k141_32725	357	95.455	66	2	103
NC_031651.1	k141_32725	357	95.455	66	2	103
NC_031651.1	k141_46931	16311	100.000	55	0	100
NC_031651.1	k141_56732	3642	72.527	182	46	98.7
NC_031651.1	k141_56732	3642	72.527	182	46	98.7
NC_031651.1	k141_55289	443	83.908	87	14	95.1
NC_031651.1	k141_23983	3050	88.732	71	8	93.3
NC_031651.1	k141_38569	564	97.959	49	1	85.1
NC_031651.1	k141_38569	564	97.561	41	1	70.7
NC_031651.1	k141_49981	681	97.959	49	1	85.1
NC_031651.1	k141_49981	681	97.561	41	1	70.7
NC_031651.1	k141_17061	655	81.818	77	14	77.0
NC_031651.1	k141_27921	327	75.962	104	25	76.1
NC_031651.1	k141_13023	433	81.579	76	14	75.2
NC_031651.1	k141_13023	433	81.579	76	14	75.2
NC_031651.1	k141_54078	576	93.750	48	1	71.6
NC_031651.1	k141_54078	576	93.750	48	1	71.6
NC_031651.1	k141_5242	482	84.615	39	6	44.6
MW366789.1	k141_3438	24873	90.140	5294	336	7132
MW366789.1	k141_3438	24873	90.140	5294	336	7132
MW366789.1	k141_3438	24873	88.357	4655	378	5942
MW366789.1	k141_3438	24873	88.357	4655	378	5942
MW366789.1	k141_3438	24873	91.643	1795	102	2560
MW366789.1	k141_3438	24873	91.643	1795	102	2560
MW366789.1	k141_3438	24873	89.294	1728	143	2280
MW366789.1	k141_3438	24873	89.412	1719	143	2279
MW366789.1	k141_3438	24873	83.677	631	59	673
MW366789.1	k141_3438	24873	83.677	631	59	673
MW366789.1	k141_3438	24873	89.577	307	27	401
MW366789.1	k141_3438	24873	89.577	307	27	401
MW366789.1	k141_3438	24873	89.577	307	27	401
MW366789.1	k141_3438	24873	80.896	335	43	308
MW366789.1	k141_3438	24873	80.896	335	43	308
MW366789.1	k141_3438	24873	77.994	309	43	242
MW366789.1	k141_3438	24873	96.350	137	5	225
MW366789.1	k141_3438	24873	96.350	137	5	225
MW366789.1	k141_3438	24873	87.791	172	21	216
MW366789.1	k141_3438	24873	87.791	172	21	216
MW366789.1	k141_3438	24873	90.278	144	14	197
MW366789.1	k141_3438	24873	90.278	144	14	197
MW366789.1	k141_3438	24873	84.091	176	27	188
MW366789.1	k141_3438	24873	84.091	176	27	188
MW366789.1	k141_3438	24873	87.597	129	15	159
MW366789.1	k141_3438	24873	87.597	129	15	158
MW366789.1	k141_3438	24873	81.646	158	15	154
MW366789.1	k141_3438	24873	81.646	158	15	154
MW366789.1	k141_3438	24873	93.478	92	6	140
MW366789.1	k141_3438	24873	93.478	92	6	140
MW366789.1	k141_3438	24873	86.076	79	6	94.2
MW366789.1	k141_3438	24873	86.076	79	6	94.2
MW366789.1	k141_3438	24873	76.238	101	15	74.3
MW366789.1	k141_3438	24873	76.238	101	15	74.3
MW366789.1	k141_3438	24873	76.238	101	15	74.3
MW366789.1	k141_3438	24873	97.619	42	1	72.5
MW366789.1	k141_3438	24873	97.619	42	1	72.5
MW366789.1	k141_3438	24873	87.755	49	6	62.6
MW366789.1	k141_3438	24873	87.755	49	6	62.6
MW366789.1	k141_3438	24873	87.755	49	6	62.6
MW366789.1	k141_3438	24873	94.737	38	2	60.8
MW366789.1	k141_37073	83967	78.368	8210	1476	6750
MW366789.1	k141_37073	83967	88.759	5222	545	6728
MW366789.1	k141_37073	83967	88.759	5222	545	6728
MW366789.1	k141_37073	83967	80.113	4621	686	4103
MW366789.1	k141_37073	83967	89.177	2698	260	3543
MW366789.1	k141_37073	83967	75.358	3697	706	2489
MW366789.1	k141_37073	83967	79.984	2548	411	2278
MW366789.1	k141_37073	83967	85.489	1902	273	2185
MW366789.1	k141_37073	83967	86.996	1638	204	1980
MW366789.1	k141_37073	83967	82.108	1727	282	1715
MW366789.1	k141_37073	83967	78.355	1945	382	1560
MW366789.1	k141_37073	83967	74.410	2075	442	1330
MW366789.1	k141_37073	83967	76.932	1682	261	1228
MW366789.1	k141_37073	83967	72.850	2140	439	1184
MW366789.1	k141_37073	83967	83.548	1088	136	1150
MW366789.1	k141_37073	83967	85.284	897	115	1025
MW366789.1	k141_37073	83967	79.592	1078	164	922
MW366789.1	k141_37073	83967	79.340	697	129	595
MW366789.1	k141_37073	83967	74.190	988	188	585
MW366789.1	k141_37073	83967	72.354	973	157	508
MW366789.1	k141_37073	83967	73.171	861	148	470
MW366789.1	k141_37073	83967	69.355	1116	247	453
MW366789.1	k141_37073	83967	84.375	416	53	451
MW366789.1	k141_37073	83967	72.166	794	168	434
MW366789.1	k141_37073	83967	75.659	645	113	424
MW366789.1	k141_37073	83967	73.516	657	157	385
MW366789.1	k141_37073	83967	73.367	597	143	339
MW366789.1	k141_37073	83967	75.751	466	113	332
MW366789.1	k141_37073	83967	83.596	317	41	330
MW366789.1	k141_37073	83967	76.247	421	68	311
MW366789.1	k141_37073	83967	76.247	421	68	311
MW366789.1	k141_37073	83967	72.987	559	109	307
MW366789.1	k141_37073	83967	69.986	723	144	306
MW366789.1	k141_37073	83967	74.522	471	89	283
MW366789.1	k141_37073	83967	71.887	530	94	267
MW366789.1	k141_37073	83967	84.549	233	34	256
MW366789.1	k141_37073	83967	66.779	891	218	253
MW366789.1	k141_37073	83967	81.273	267	44	244
MW366789.1	k141_37073	83967	76.438	365	71	235
MW366789.1	k141_37073	83967	77.083	288	52	208
MW366789.1	k141_37073	83967	82.439	205	31	199
MW366789.1	k141_37073	83967	73.407	361	69	198
MW366789.1	k141_37073	83967	81.500	200	27	195
MW366789.1	k141_37073	83967	82.609	184	28	183
MW366789.1	k141_37073	83967	77.686	242	44	180
MW366789.1	k141_37073	83967	88.652	141	11	178
MW366789.1	k141_37073	83967	76.860	242	46	171
MW366789.1	k141_37073	83967	80.838	167	27	149
MW366789.1	k141_37073	83967	93.750	96	6	147
MW366789.1	k141_37073	83967	79.769	173	26	145
MW366789.1	k141_37073	83967	100.000	79	0	143
MW366789.1	k141_37073	83967	100.000	79	0	143
MW366789.1	k141_37073	83967	89.623	106	11	142
MW366789.1	k141_37073	83967	83.465	127	13	133
MW366789.1	k141_37073	83967	75.758	165	40	118
MW366789.1	k141_37073	83967	75.758	165	40	118
MW366789.1	k141_37073	83967	68.023	344	101	115
MW366789.1	k141_37073	83967	68.023	344	101	115
MW366789.1	k141_37073	83967	91.358	81	7	115
MW366789.1	k141_37073	83967	95.652	69	3	112
MW366789.1	k141_37073	83967	87.234	94	8	111
MW366789.1	k141_37073	83967	80.000	120	24	109
MW366789.1	k141_37073	83967	85.567	97	13	109
MW366789.1	k141_37073	83967	91.781	73	5	102
MW366789.1	k141_37073	83967	65.261	403	128	98.7
MW366789.1	k141_37073	83967	65.261	403	128	98.7
MW366789.1	k141_37073	83967	75.735	136	27	94.2
MW366789.1	k141_37073	83967	87.671	73	9	92.4
MW366789.1	k141_37073	83967	91.935	62	5	90.6
MW366789.1	k141_37073	83967	83.133	83	12	80.6
MW366789.1	k141_37073	83967	73.684	133	29	79.7
MW366789.1	k141_37073	83967	81.081	74	14	71.6
MW366789.1	k141_37073	83967	83.871	62	10	68.0
MW366789.1	k141_37073	83967	83.871	62	10	68.0
MW366789.1	k141_37073	83967	70.064	157	45	65.3
MW366789.1	k141_37073	83967	70.064	157	45	65.3
MW366789.1	k141_37073	83967	77.027	74	16	54.5
MW366789.1	k141_37073	83967	77.612	67	15	54.5
MW366789.1	k141_37073	83967	77.612	67	15	54.5
MW366789.1	k141_37073	83967	68.966	116	36	48.2
MW366789.1	k141_37073	83967	68.966	116	36	48.2
MW366789.1	k141_2106	18805	80.995	4362	631	4074
MW366789.1	k141_2106	18805	80.995	4362	631	4074
MW366789.1	k141_2106	18805	80.011	1896	359	1702
MW366789.1	k141_2106	18805	76.100	2251	478	1603
MW366789.1	k141_2106	18805	72.500	1200	244	691
MW366789.1	k141_2106	18805	80.854	632	115	591
MW366789.1	k141_2106	18805	80.854	632	115	591
MW366789.1	k141_2106	18805	78.108	370	75	290
MW366789.1	k141_2106	18805	78.992	119	17	101
MW366789.1	k141_2106	18805	97.436	39	1	67.1
MW366789.1	k141_2106	18805	97.436	39	1	67.1
MW366789.1	k141_2106	18805	95.122	41	2	66.2
MW366789.1	k141_33450	15952	72.228	893	199	443
MW366789.1	k141_33450	15952	72.228	893	199	443
MW366789.1	k141_33450	15952	74.060	532	127	330
MW366789.1	k141_33450	15952	74.060	532	127	330
MW366789.1	k141_33450	15952	75.375	467	95	293
MW366789.1	k141_33450	15952	75.375	467	95	293
MW366789.1	k141_33450	15952	90.164	61	6	84.2
MW366789.1	k141_33450	15952	90.164	61	6	84.2
MW366789.1	k141_33450	15952	88.525	61	7	79.7
MW366789.1	k141_33450	15952	88.525	61	7	79.7
MW366789.1	k141_33450	15952	84.783	46	7	52.7
MW366789.1	k141_33450	15952	84.783	46	7	52.7
MW366789.1	k141_46522	9759	67.347	735	195	235
MW366789.1	k141_29796	15526	86.243	189	21	224
MW366789.1	k141_29796	15526	91.525	59	5	85.1
MW366789.1	k141_55321	34212	73.538	359	53	213
MW366789.1	k141_55321	34212	95.062	81	4	129
MW366789.1	k141_51858	1534	88.489	139	16	179
MW366789.1	k141_51858	1534	88.489	139	16	179
MW366789.1	k141_7199	13015	77.841	176	39	142
MW366789.1	k141_7199	13015	73.750	240	57	141
MW366789.1	k141_46931	16311	97.561	82	2	140
MW366789.1	k141_46931	16311	97.561	82	2	140
MW366789.1	k141_46931	16311	85.455	55	8	64.4
MW366789.1	k141_27921	327	85.366	123	15	140
MW366789.1	k141_27921	327	82.946	129	16	135
MW366789.1	k141_2802	19258	77.703	148	33	119
MW366789.1	k141_2802	19258	91.026	78	6	106
MW366789.1	k141_2802	19258	76.404	89	21	67.1
MW366789.1	k141_2802	19258	75.758	66	16	48.2
MW366789.1	k141_4757	8904	94.667	75	4	118
MW366789.1	k141_4757	8904	94.667	75	4	118
MW366789.1	k141_23983	3050	92.958	71	5	106
MW366789.1	k141_23983	3050	92.958	71	5	106
MW366789.1	k141_10872	502	77.143	140	26	105
MW366789.1	k141_35693	519	91.667	72	6	104
MW366789.1	k141_55289	443	84.615	91	14	102
MW366789.1	k141_17061	655	81.818	77	14	77.0
MW366789.1	k141_13023	433	78.652	89	19	76.1
MW366789.1	k141_13023	433	78.652	89	19	76.1
MW366789.1	k141_38569	564	91.837	49	4	71.6
MW366789.1	k141_38569	564	90.698	43	4	60.8
MW366789.1	k141_49981	681	91.837	49	4	71.6
MW366789.1	k141_49981	681	90.698	43	4	60.8
MW366789.1	k141_54078	576	93.750	48	1	71.6
MW366789.1	k141_54078	576	93.750	48	1	71.6
MW366789.1	k141_5242	482	84.211	38	6	42.8
KT899950.1	k141_3438	24873	91.740	9564	439	13724
KT899950.1	k141_3438	24873	91.740	9564	439	13724
KT899950.1	k141_3438	24873	90.188	9274	621	12730
KT899950.1	k141_3438	24873	90.463	9164	614	12681
KT899950.1	k141_3438	24873	94.059	5672	186	8693
KT899950.1	k141_3438	24873	94.059	5672	186	8693
KT899950.1	k141_3438	24873	91.190	840	53	1187
KT899950.1	k141_3438	24873	91.190	840	53	1187
KT899950.1	k141_3438	24873	94.872	39	2	62.6
KT899950.1	k141_37073	83967	83.558	12450	1671	13207
KT899950.1	k141_37073	83967	79.714	10283	1364	8975
KT899950.1	k141_37073	83967	88.358	5970	526	7592
KT899950.1	k141_37073	83967	85.617	4269	477	4933
KT899950.1	k141_37073	83967	86.414	3533	329	4209
KT899950.1	k141_37073	83967	80.944	3878	582	3637
KT899950.1	k141_37073	83967	81.601	3598	475	3470
KT899950.1	k141_37073	83967	80.876	3263	480	3062
KT899950.1	k141_37073	83967	81.727	2200	321	2152
KT899950.1	k141_37073	83967	85.863	1825	233	2129
KT899950.1	k141_37073	83967	82.165	2125	245	2114
KT899950.1	k141_37073	83967	75.855	2398	407	1681
KT899950.1	k141_37073	83967	88.996	1036	76	1358
KT899950.1	k141_37073	83967	81.186	1265	189	1213
KT899950.1	k141_37073	83967	79.679	1058	154	949
KT899950.1	k141_37073	83967	80.201	995	131	881
KT899950.1	k141_37073	83967	75.930	1263	189	881
KT899950.1	k141_37073	83967	77.749	1155	154	878
KT899950.1	k141_37073	83967	85.422	734	99	831
KT899950.1	k141_37073	83967	81.115	646	76	599
KT899950.1	k141_37073	83967	75.455	770	115	518
KT899950.1	k141_37073	83967	74.342	760	119	466
KT899950.1	k141_37073	83967	74.920	626	102	404
KT899950.1	k141_37073	83967	79.730	444	64	379
KT899950.1	k141_37073	83967	74.434	618	115	361
KT899950.1	k141_37073	83967	78.723	376	55	305
KT899950.1	k141_37073	83967	90.099	202	20	275
KT899950.1	k141_37073	83967	81.655	278	46	272
KT899950.1	k141_37073	83967	79.870	308	39	266
KT899950.1	k141_37073	83967	81.004	279	41	253
KT899950.1	k141_37073	83967	80.738	244	28	224
KT899950.1	k141_37073	83967	78.972	214	25	193
KT899950.1	k141_37073	83967	84.615	156	17	171
KT899950.1	k141_37073	83967	76.211	227	35	152
KT899950.1	k141_37073	83967	95.745	94	4	152
KT899950.1	k141_37073	83967	83.099	142	18	145
KT899950.1	k141_37073	83967	100.000	78	0	141
KT899950.1	k141_37073	83967	80.405	148	17	139
KT899950.1	k141_37073	83967	76.364	165	39	123
KT899950.1	k141_37073	83967	65.794	535	157	119
KT899950.1	k141_37073	83967	80.531	113	22	105
KT899950.1	k141_37073	83967	90.667	75	7	104
KT899950.1	k141_37073	83967	93.548	62	4	95.1
KT899950.1	k141_37073	83967	71.519	158	30	69.8
KT899950.1	k141_37073	83967	95.122	41	2	66.2
KT899950.1	k141_37073	83967	95.122	41	2	66.2
KT899950.1	k141_37073	83967	77.419	62	14	50.0
KT899950.1	k141_2106	18805	84.083	2714	345	2913
KT899950.1	k141_2106	18805	83.845	2018	306	2157
KT899950.1	k141_2106	18805	80.359	2342	405	2141
KT899950.1	k141_2106	18805	83.431	1370	189	1424
KT899950.1	k141_2106	18805	79.167	1272	218	1061
KT899950.1	k141_2106	18805	77.822	1258	218	1003
KT899950.1	k141_2106	18805	84.067	477	58	512
KT899950.1	k141_2106	18805	84.067	477	58	512
KT899950.1	k141_2106	18805	70.120	753	168	346
KT899950.1	k141_2106	18805	72.628	548	124	305
KT899950.1	k141_2106	18805	66.924	777	185	263
KT899950.1	k141_2106	18805	92.908	141	10	210
KT899950.1	k141_2106	18805	92.908	141	10	210
KT899950.1	k141_2106	18805	67.810	612	155	205
KT899950.1	k141_2106	18805	100.000	39	0	71.6
KT899950.1	k141_2106	18805	100.000	39	0	71.6
KT899950.1	k141_2106	18805	95.238	42	2	68.0
KT899950.1	k141_2106	18805	80.000	70	14	64.4
KT899950.1	k141_33450	15952	73.099	881	198	475
KT899950.1	k141_33450	15952	73.099	881	198	475
KT899950.1	k141_33450	15952	74.436	532	125	339
KT899950.1	k141_33450	15952	74.436	532	125	339
KT899950.1	k141_33450	15952	74.522	471	90	287
KT899950.1	k141_33450	15952	74.522	471	90	287
KT899950.1	k141_33450	15952	78.409	264	55	213
KT899950.1	k141_33450	15952	78.409	264	55	213
KT899950.1	k141_33450	15952	86.885	61	8	75.2
KT899950.1	k141_33450	15952	86.885	61	8	75.2
KT899950.1	k141_7199	13015	85.053	281	38	317
KT899950.1	k141_7199	13015	74.038	312	56	198
KT899950.1	k141_55321	34212	75.113	442	66	279
KT899950.1	k141_55321	34212	71.762	386	71	186
KT899950.1	k141_29796	15526	87.958	191	18	242
KT899950.1	k141_29796	15526	91.525	59	5	85.1
KT899950.1	k141_51858	1534	94.286	140	8	217
KT899950.1	k141_46522	9759	65.610	852	242	199
KT899950.1	k141_33895	440	96.552	116	4	192
KT899950.1	k141_33895	440	96.552	116	4	192
KT899950.1	k141_53444	3551	80.000	210	36	187
KT899950.1	k141_2802	19258	88.571	140	16	181
KT899950.1	k141_2802	19258	93.506	77	5	117
KT899950.1	k141_2802	19258	80.000	80	16	73.4
KT899950.1	k141_2802	19258	77.193	57	13	45.5
KT899950.1	k141_10872	502	82.143	140	19	141
KT899950.1	k141_4757	8904	96.471	85	3	141
KT899950.1	k141_4757	8904	96.471	85	3	141
KT899950.1	k141_46931	16311	97.436	78	2	132
KT899950.1	k141_55289	443	91.209	91	8	129
KT899950.1	k141_35693	519	95.833	72	3	117
KT899950.1	k141_23983	3050	92.958	71	5	106
KT899950.1	k141_56732	3642	71.978	182	47	94.2
KT899950.1	k141_56732	3642	71.978	182	47	94.2
KT899950.1	k141_32725	357	92.424	66	4	94.2
KT899950.1	k141_32725	357	92.424	66	4	94.2
KT899950.1	k141_38569	564	97.959	49	1	85.1
KT899950.1	k141_38569	564	90.698	43	4	60.8
KT899950.1	k141_49981	681	97.959	49	1	85.1
KT899950.1	k141_49981	681	90.698	43	4	60.8
KT899950.1	k141_17061	655	83.117	77	13	81.5
KT899950.1	k141_13023	433	81.579	76	14	75.2
KT899950.1	k141_13023	433	81.579	76	14	75.2
KT899950.1	k141_54078	576	93.750	48	1	71.6
KT899950.1	k141_54078	576	93.750	48	1	71.6
KT899950.1	k141_57639	414	94.444	36	2	57.2
KT899950.1	k141_5242	482	89.744	39	4	53.6
GU191334.1	k141_3438	24873	88.576	3729	311	4755
GU191334.1	k141_3438	24873	88.576	3729	311	4755
GU191334.1	k141_3438	24873	86.876	2644	236	3147
GU191334.1	k141_3438	24873	86.876	2644	236	3147
GU191334.1	k141_3438	24873	78.478	999	154	816
GU191334.1	k141_3438	24873	78.478	999	154	816
GU191334.1	k141_3438	24873	76.276	666	151	478
GU191334.1	k141_3438	24873	75.566	442	108	311
GU191334.1	k141_3438	24873	72.336	535	147	295
GU191334.1	k141_3438	24873	71.563	531	144	275
GU191334.1	k141_3438	24873	77.273	308	70	241
GU191334.1	k141_3438	24873	69.577	355	103	141
GU191334.1	k141_3438	24873	94.937	79	4	125
GU191334.1	k141_3438	24873	94.937	79	4	125
GU191334.1	k141_3438	24873	88.095	84	10	107
GU191334.1	k141_3438	24873	90.667	75	7	104
GU191334.1	k141_3438	24873	90.667	75	7	104
GU191334.1	k141_3438	24873	89.474	76	8	102
GU191334.1	k141_3438	24873	87.500	40	5	50.9
GU191334.1	k141_37073	83967	82.026	4540	814	4502
GU191334.1	k141_37073	83967	83.463	2443	402	2578
GU191334.1	k141_37073	83967	84.364	1439	225	1581
GU191334.1	k141_37073	83967	78.793	1707	353	1433
GU191334.1	k141_37073	83967	89.372	1082	113	1431
GU191334.1	k141_37073	83967	80.192	1565	308	1423
GU191334.1	k141_37073	83967	69.116	3688	1032	1406
GU191334.1	k141_37073	83967	73.092	2319	538	1343
GU191334.1	k141_37073	83967	85.185	648	96	737
GU191334.1	k141_37073	83967	75.730	890	212	618
GU191334.1	k141_37073	83967	72.744	1097	287	615
GU191334.1	k141_37073	83967	74.617	914	194	606
GU191334.1	k141_37073	83967	70.328	1311	355	583
GU191334.1	k141_37073	83967	82.469	559	91	560
GU191334.1	k141_37073	83967	65.621	2327	628	516
GU191334.1	k141_37073	83967	76.269	729	157	514
GU191334.1	k141_37073	83967	80.295	543	105	495
GU191334.1	k141_37073	83967	73.631	694	179	422
GU191334.1	k141_37073	83967	78.182	495	106	399
GU191334.1	k141_37073	83967	74.637	619	100	398
GU191334.1	k141_37073	83967	71.429	700	193	354
GU191334.1	k141_37073	83967	77.079	445	97	334
GU191334.1	k141_37073	83967	78.202	367	80	302
GU191334.1	k141_37073	83967	83.268	257	43	270
GU191334.1	k141_37073	83967	69.127	664	199	252
GU191334.1	k141_37073	83967	70.438	548	117	250
GU191334.1	k141_37073	83967	71.564	422	120	221
GU191334.1	k141_37073	83967	70.667	450	99	220
GU191334.1	k141_37073	83967	74.920	311	77	206
GU191334.1	k141_37073	83967	67.538	650	197	203
GU191334.1	k141_37073	83967	68.694	444	104	184
GU191334.1	k141_37073	83967	79.426	209	43	184
GU191334.1	k141_37073	83967	78.241	216	44	168
GU191334.1	k141_37073	83967	78.534	191	41	160
GU191334.1	k141_37073	83967	67.052	519	159	141
GU191334.1	k141_37073	83967	67.972	434	100	138
GU191334.1	k141_37073	83967	79.310	145	17	130
GU191334.1	k141_37073	83967	80.882	136	26	129
GU191334.1	k141_37073	83967	72.936	218	59	128
GU191334.1	k141_37073	83967	98.630	73	1	128
GU191334.1	k141_37073	83967	92.045	88	6	124
GU191334.1	k141_37073	83967	76.364	165	39	123
GU191334.1	k141_37073	83967	93.671	79	5	121
GU191334.1	k141_37073	83967	68.208	346	70	120
GU191334.1	k141_37073	83967	90.698	86	8	120
GU191334.1	k141_37073	83967	81.301	123	23	119
GU191334.1	k141_37073	83967	85.849	106	13	117
GU191334.1	k141_37073	83967	79.104	134	28	116
GU191334.1	k141_37073	83967	92.105	76	6	111
GU191334.1	k141_37073	83967	91.892	74	6	107
GU191334.1	k141_37073	83967	88.235	85	8	106
GU191334.1	k141_37073	83967	90.789	76	7	106
GU191334.1	k141_37073	83967	76.812	138	23	104
GU191334.1	k141_37073	83967	75.000	148	22	96.9
GU191334.1	k141_37073	83967	87.013	77	10	95.1
GU191334.1	k141_37073	83967	86.585	82	6	95.1
GU191334.1	k141_37073	83967	78.151	119	18	87.8
GU191334.1	k141_37073	83967	80.000	90	18	82.4
GU191334.1	k141_37073	83967	78.351	97	21	81.5
GU191334.1	k141_37073	83967	85.915	71	9	80.6
GU191334.1	k141_37073	83967	76.238	101	24	75.2
GU191334.1	k141_37073	83967	78.313	83	18	69.8
GU191334.1	k141_37073	83967	91.489	47	1	66.2
GU191334.1	k141_37073	83967	85.417	48	6	52.7
GU191334.1	k141_2106	18805	76.936	1743	392	1305
GU191334.1	k141_2106	18805	70.376	1833	490	843
GU191334.1	k141_2106	18805	74.722	1171	248	740
GU191334.1	k141_2106	18805	74.524	1103	267	709
GU191334.1	k141_2106	18805	66.995	812	235	237
GU191334.1	k141_2106	18805	74.598	311	79	205
GU191334.1	k141_2106	18805	92.593	81	6	120
GU191334.1	k141_2106	18805	77.778	108	24	87.8
GU191334.1	k141_2106	18805	69.163	227	67	84.2
GU191334.1	k141_2106	18805	72.868	129	33	68.9
GU191334.1	k141_2106	18805	81.395	43	8	42.8
GU191334.1	k141_2106	18805	81.395	43	8	42.8
GU191334.1	k141_33450	15952	73.266	894	196	484
GU191334.1	k141_33450	15952	73.266	894	196	484
GU191334.1	k141_33450	15952	74.388	531	127	335
GU191334.1	k141_33450	15952	74.388	531	127	335
GU191334.1	k141_33450	15952	74.304	467	98	281
GU191334.1	k141_33450	15952	74.304	467	98	281
GU191334.1	k141_33450	15952	78.030	264	56	208
GU191334.1	k141_33450	15952	78.030	264	56	208
GU191334.1	k141_33450	15952	88.525	61	7	79.7
GU191334.1	k141_33450	15952	88.525	61	7	79.7
GU191334.1	k141_46522	9759	67.807	848	230	284
GU191334.1	k141_29796	15526	83.799	179	24	193
GU191334.1	k141_7199	13015	74.138	232	56	148
GU191334.1	k141_51858	1534	80.292	137	27	126
GU191334.1	k141_2802	19258	97.297	74	2	125
GU191334.1	k141_2802	19258	79.012	81	17	70.7
GU191334.1	k141_55321	34212	94.737	76	4	120
GU191334.1	k141_55321	34212	86.316	95	9	113
GU191334.1	k141_55321	34212	88.608	79	9	103
GU191334.1	k141_4757	8904	87.838	74	9	94.2
GU191334.1	k141_4757	8904	87.838	74	9	94.2
GU191334.1	k141_35693	519	82.609	69	12	71.6
GU191334.1	k141_54078	576	93.750	48	1	71.6
GU191334.1	k141_54078	576	93.750	48	1	71.6
GU191334.1	k141_23983	3050	81.818	66	12	66.2
GU191334.1	k141_38569	564	87.500	48	6	60.8
GU191334.1	k141_49981	681	87.500	48	6	60.8
