MZ962720.1	k141_83412	9474	85.557	6924	668	7940
MZ962720.1	k141_83412	9474	85.557	6924	668	7940
MZ962720.1	k141_83412	9474	77.250	611	78	486
MZ962720.1	k141_83412	9474	77.193	513	68	398
MZ962720.1	k141_83412	9474	77.193	513	68	398
MZ962720.1	k141_83412	9474	90.323	93	3	124
MZ962720.1	k141_83412	9474	90.323	93	3	124
MZ962720.1	k141_83412	9474	88.312	77	9	99.6
MZ962720.1	k141_83412	9474	88.312	77	9	99.6
MZ962720.1	k141_86247	31324	81.146	4503	844	4276
MZ962720.1	k141_86247	31324	77.766	1826	397	1453
MZ962720.1	k141_86247	31324	81.103	1450	273	1377
MZ962720.1	k141_86247	31324	75.143	873	206	589
MZ962720.1	k141_86247	31324	74.827	866	210	573
MZ962720.1	k141_86247	31324	75.628	796	158	540
MZ962720.1	k141_86247	31324	78.049	328	63	271
MZ962720.1	k141_86247	31324	73.288	438	113	253
MZ962720.1	k141_86247	31324	70.221	544	156	248
MZ962720.1	k141_86247	31324	70.221	544	156	248
MZ962720.1	k141_86247	31324	71.588	447	110	214
MZ962720.1	k141_86247	31324	76.147	218	41	165
MZ962720.1	k141_86247	31324	72.843	313	72	162
MZ962720.1	k141_86247	31324	72.843	313	72	162
MZ962720.1	k141_86247	31324	74.312	218	45	147
MZ962720.1	k141_86247	31324	66.667	591	163	141
MZ962720.1	k141_86247	31324	74.510	255	51	140
MZ962720.1	k141_86247	31324	67.708	384	113	135
MZ962720.1	k141_86247	31324	92.222	90	6	128
MZ962720.1	k141_86247	31324	83.065	124	14	127
MZ962720.1	k141_86247	31324	70.567	282	79	125
MZ962720.1	k141_86247	31324	67.662	402	84	118
MZ962720.1	k141_86247	31324	75.460	163	29	111
MZ962720.1	k141_86247	31324	90.123	81	8	111
MZ962720.1	k141_86247	31324	72.539	193	40	104
MZ962720.1	k141_86247	31324	72.539	193	40	104
MZ962720.1	k141_86247	31324	78.632	117	25	99.6
MZ962720.1	k141_86247	31324	89.041	73	7	93.3
MZ962720.1	k141_86247	31324	86.111	72	10	86.0
MZ962720.1	k141_86247	31324	92.982	57	3	82.4
MZ962720.1	k141_86247	31324	73.438	128	34	78.8
MZ962720.1	k141_86247	31324	81.944	72	13	72.5
MZ962720.1	k141_86247	31324	75.000	100	25	68.9
MZ962720.1	k141_86247	31324	68.712	163	51	65.3
MZ962720.1	k141_86247	31324	69.231	169	50	64.4
MZ962720.1	k141_86247	31324	66.061	165	56	46.4
MZ962720.1	k141_86247	31324	77.358	53	12	42.8
MZ962720.1	k141_14444	47028	82.541	2440	426	2480
MZ962720.1	k141_14444	47028	68.706	3662	1067	1320
MZ962720.1	k141_14444	47028	84.709	1066	162	1185
MZ962720.1	k141_14444	47028	77.598	1482	324	1157
MZ962720.1	k141_14444	47028	72.425	1262	323	681
MZ962720.1	k141_14444	47028	70.990	1334	339	628
MZ962720.1	k141_14444	47028	73.018	971	247	548
MZ962720.1	k141_14444	47028	73.018	971	247	548
MZ962720.1	k141_14444	47028	76.857	700	157	524
MZ962720.1	k141_14444	47028	71.815	518	146	277
MZ962720.1	k141_14444	47028	71.815	518	146	277
MZ962720.1	k141_14444	47028	81.887	265	48	262
MZ962720.1	k141_14444	47028	67.062	674	179	205
MZ962720.1	k141_14444	47028	66.624	785	249	202
MZ962720.1	k141_14444	47028	77.451	204	35	158
MZ962720.1	k141_14444	47028	77.451	204	35	158
MZ962720.1	k141_14444	47028	85.821	134	18	153
MZ962720.1	k141_14444	47028	83.740	123	19	129
MZ962720.1	k141_14444	47028	75.568	176	43	124
MZ962720.1	k141_14444	47028	93.750	80	5	123
MZ962720.1	k141_14444	47028	93.750	80	5	123
MZ962720.1	k141_14444	47028	94.667	75	4	118
MZ962720.1	k141_14444	47028	88.506	87	10	113
MZ962720.1	k141_14444	47028	93.056	72	5	108
MZ962720.1	k141_14444	47028	87.952	83	10	105
MZ962720.1	k141_14444	47028	87.952	83	10	105
MZ962720.1	k141_14444	47028	90.667	75	7	104
MZ962720.1	k141_14444	47028	93.056	72	4	104
MZ962720.1	k141_14444	47028	86.364	88	11	102
MZ962720.1	k141_14444	47028	86.207	87	10	101
MZ962720.1	k141_14444	47028	91.304	69	6	98.7
MZ962720.1	k141_14444	47028	78.448	116	25	97.8
MZ962720.1	k141_14444	47028	81.944	72	13	72.5
MZ962720.1	k141_14444	47028	86.441	59	8	71.6
MZ962720.1	k141_14444	47028	88.372	43	5	56.3
MZ962720.1	k141_11113	13752	81.070	1532	284	1439
MZ962720.1	k141_11113	13752	84.056	715	108	764
MZ962720.1	k141_11113	13752	80.859	559	93	530
MZ962720.1	k141_11113	13752	73.280	378	62	240
MZ962720.1	k141_11113	13752	66.812	687	161	223
MZ962720.1	k141_11113	13752	65.663	731	184	126
MZ962720.1	k141_11113	13752	71.239	226	39	121
MZ962720.1	k141_11113	13752	71.239	226	39	121
MZ962720.1	k141_11113	13752	74.590	122	31	81.5
MZ962720.1	k141_11113	13752	80.460	87	17	81.5
MZ962720.1	k141_11113	13752	80.460	87	17	81.5
MZ962720.1	k141_11113	13752	80.460	87	17	81.5
MZ962720.1	k141_94798	20881	77.728	1769	378	1388
MZ962720.1	k141_94798	20881	77.728	1769	378	1388
MZ962720.1	k141_94798	20881	70.336	1844	509	827
MZ962720.1	k141_94798	20881	70.487	1274	370	581
MZ962720.1	k141_94798	20881	71.240	1210	314	563
MZ962720.1	k141_94798	20881	71.240	1210	314	563
MZ962720.1	k141_94798	20881	73.510	302	78	178
MZ962720.1	k141_94798	20881	71.019	314	91	157
MZ962720.1	k141_94798	20881	69.204	289	69	112
MZ962720.1	k141_94798	20881	89.286	84	8	108
MZ962720.1	k141_28095	767	74.286	770	185	490
MZ962720.1	k141_62081	2677	70.370	918	221	408
MZ962720.1	k141_62081	2677	70.370	918	221	408
MZ962720.1	k141_62081	2677	91.667	60	5	86.9
MZ962720.1	k141_62081	2677	91.667	60	5	86.9
MZ962720.1	k141_62081	2677	91.667	60	5	86.9
MZ962720.1	k141_60220	5754	76.151	478	109	331
MZ962720.1	k141_60220	5754	71.881	537	135	285
MZ962720.1	k141_60220	5754	71.881	537	135	285
MZ962720.1	k141_60220	5754	70.732	369	108	179
MZ962720.1	k141_60220	5754	87.013	77	10	95.1
MZ962720.1	k141_60220	5754	87.013	77	10	95.1
MZ962720.1	k141_60292	1554	81.191	319	60	306
MZ962720.1	k141_60292	1554	81.191	319	60	306
MZ962720.1	k141_60292	1554	78.704	108	16	76.1
MZ962720.1	k141_60292	1554	78.704	108	16	76.1
MZ962720.1	k141_60292	1554	78.704	108	16	76.1
MZ962720.1	k141_60292	1554	78.704	108	16	76.1
MZ962720.1	k141_77523	1184	72.000	550	88	299
MZ962720.1	k141_315	378	76.923	377	83	279
MZ962720.1	k141_315	378	76.923	377	83	279
MZ962720.1	k141_45206	370	79.100	311	65	269
MZ962720.1	k141_1461	896	75.630	357	40	232
MZ962720.1	k141_1461	896	75.630	357	40	232
MZ962720.1	k141_50326	521	74.286	385	81	224
MZ962720.1	k141_50326	521	74.286	385	81	224
MZ962720.1	k141_66780	1028	77.880	217	37	172
MZ962720.1	k141_45303	1583	76.847	203	42	146
MZ962720.1	k141_45303	1583	76.847	203	42	146
MZ962720.1	k141_23869	672	68.262	397	122	143
MZ962720.1	k141_86147	355	89.474	95	10	127
MZ962720.1	k141_36957	833	84.545	110	17	123
MZ962720.1	k141_58274	2346	87.342	79	10	98.7
MZ962720.1	k141_71406	621	91.045	67	6	95.1
MZ962720.1	k141_71406	621	91.045	67	6	95.1
MZ962720.1	k141_16776	330	87.671	73	9	92.4
MZ962720.1	k141_16776	330	87.671	73	9	92.4
MZ962720.1	k141_65344	636	87.324	71	5	87.8
MZ962720.1	k141_65344	636	87.324	71	5	87.8
MZ962720.1	k141_11598	336	78.788	99	21	85.1
MZ962720.1	k141_81017	340	84.000	75	12	82.4
MZ962720.1	k141_19230	5374	76.522	115	24	80.6
MZ962720.1	k141_19230	5374	76.522	115	24	80.6
MZ962720.1	k141_19230	5374	82.812	64	11	67.1
MZ962720.1	k141_19230	5374	82.812	64	11	67.1
MZ962720.1	k141_46788	833	92.000	50	4	73.4
MZ962720.1	k141_46788	833	92.000	50	4	73.4
MZ962720.1	k141_83873	601	92.000	50	4	73.4
MZ962720.1	k141_83873	601	92.000	50	4	73.4
MZ962720.1	k141_61623	987	73.874	111	29	70.7
MZ962720.1	k141_65055	569	76.923	91	21	70.7
MZ962720.1	k141_56081	1183	75.490	102	23	69.8
MZ962720.1	k141_56081	1183	75.490	102	23	69.8
MZ962720.1	k141_20478	343	70.253	158	22	69.8
MZ962720.1	k141_58626	346	79.688	64	13	58.1
MZ962720.1	k141_58626	346	79.688	64	13	58.1
MZ962720.1	k141_40863	492	90.244	41	4	57.2
MZ962720.1	k141_19961	659	86.047	43	6	51.8
MZ962720.1	k141_36989	4692	80.488	41	8	39.2
MH569081.1	k141_86247	31324	81.222	4532	847	4323
MH569081.1	k141_86247	31324	77.926	1726	376	1391
MH569081.1	k141_86247	31324	80.176	1478	288	1336
MH569081.1	k141_86247	31324	75.784	925	221	657
MH569081.1	k141_86247	31324	77.204	794	158	588
MH569081.1	k141_86247	31324	75.057	882	214	582
MH569081.1	k141_86247	31324	68.534	928	197	335
MH569081.1	k141_86247	31324	75.176	427	104	286
MH569081.1	k141_86247	31324	72.789	441	114	242
MH569081.1	k141_86247	31324	73.270	318	74	178
MH569081.1	k141_86247	31324	78.818	203	32	174
MH569081.1	k141_86247	31324	93.258	89	5	131
MH569081.1	k141_86247	31324	81.818	132	16	120
MH569081.1	k141_86247	31324	92.593	81	6	120
MH569081.1	k141_86247	31324	93.590	78	5	119
MH569081.1	k141_86247	31324	93.421	76	5	115
MH569081.1	k141_86247	31324	89.412	85	9	113
MH569081.1	k141_86247	31324	91.139	79	7	112
MH569081.1	k141_86247	31324	77.778	126	28	102
MH569081.1	k141_86247	31324	89.333	75	8	100
MH569081.1	k141_86247	31324	78.448	116	25	97.8
MH569081.1	k141_86247	31324	75.540	139	32	91.5
MH569081.1	k141_86247	31324	75.630	119	29	85.1
MH569081.1	k141_86247	31324	91.525	59	3	82.4
MH569081.1	k141_86247	31324	81.944	72	13	72.5
MH569081.1	k141_86247	31324	79.487	78	16	69.8
MH569081.1	k141_86247	31324	80.282	71	14	66.2
MH569081.1	k141_86247	31324	68.987	158	49	65.3
MH569081.1	k141_86247	31324	81.667	60	11	59.9
MH569081.1	k141_86247	31324	86.667	45	6	55.4
MH569081.1	k141_86247	31324	86.667	45	6	55.4
MH569081.1	k141_83412	9474	85.453	3011	321	3431
MH569081.1	k141_83412	9474	85.453	3011	321	3431
MH569081.1	k141_83412	9474	85.634	2659	263	3032
MH569081.1	k141_83412	9474	85.634	2659	263	3032
MH569081.1	k141_83412	9474	94.489	1252	63	1939
MH569081.1	k141_83412	9474	94.489	1252	63	1939
MH569081.1	k141_83412	9474	72.892	498	74	282
MH569081.1	k141_83412	9474	72.892	498	74	282
MH569081.1	k141_83412	9474	91.346	104	5	142
MH569081.1	k141_83412	9474	91.346	104	5	142
MH569081.1	k141_83412	9474	88.312	77	9	99.6
MH569081.1	k141_83412	9474	88.312	77	9	99.6
MH569081.1	k141_14444	47028	81.147	2477	465	2355
MH569081.1	k141_14444	47028	68.149	3642	1056	1279
MH569081.1	k141_14444	47028	85.473	1067	152	1215
MH569081.1	k141_14444	47028	76.367	1481	348	1086
MH569081.1	k141_14444	47028	72.566	1130	281	640
MH569081.1	k141_14444	47028	77.746	710	156	562
MH569081.1	k141_14444	47028	70.935	1187	325	554
MH569081.1	k141_14444	47028	73.665	843	203	515
MH569081.1	k141_14444	47028	73.665	843	203	515
MH569081.1	k141_14444	47028	70.554	686	192	305
MH569081.1	k141_14444	47028	83.012	259	44	269
MH569081.1	k141_14444	47028	72.318	466	129	260
MH569081.1	k141_14444	47028	72.318	466	129	260
MH569081.1	k141_14444	47028	66.281	777	257	216
MH569081.1	k141_14444	47028	85.075	134	19	149
MH569081.1	k141_14444	47028	75.661	189	46	134
MH569081.1	k141_14444	47028	82.787	122	21	126
MH569081.1	k141_14444	47028	85.088	114	15	123
MH569081.1	k141_14444	47028	90.805	87	8	122
MH569081.1	k141_14444	47028	93.590	78	5	119
MH569081.1	k141_14444	47028	92.500	80	6	118
MH569081.1	k141_14444	47028	92.500	80	6	118
MH569081.1	k141_14444	47028	85.437	103	7	117
MH569081.1	k141_14444	47028	89.873	79	8	107
MH569081.1	k141_14444	47028	80.172	116	23	106
MH569081.1	k141_14444	47028	87.209	86	9	104
MH569081.1	k141_14444	47028	85.227	88	12	97.8
MH569081.1	k141_14444	47028	85.542	83	12	96.9
MH569081.1	k141_14444	47028	85.542	83	12	96.9
MH569081.1	k141_14444	47028	87.671	73	9	92.4
MH569081.1	k141_14444	47028	75.735	136	28	88.7
MH569081.1	k141_14444	47028	90.741	54	5	76.1
MH569081.1	k141_14444	47028	79.268	82	17	72.5
MH569081.1	k141_14444	47028	70.886	158	44	71.6
MH569081.1	k141_14444	47028	83.721	43	7	47.3
MH569081.1	k141_14444	47028	66.887	151	38	45.5
MH569081.1	k141_11113	13752	79.921	1524	306	1370
MH569081.1	k141_11113	13752	83.000	700	111	725
MH569081.1	k141_11113	13752	81.769	554	91	526
MH569081.1	k141_11113	13752	66.637	1133	312	309
MH569081.1	k141_11113	13752	68.161	446	112	165
MH569081.1	k141_11113	13752	77.228	202	42	152
MH569081.1	k141_11113	13752	85.149	101	15	115
MH569081.1	k141_11113	13752	66.927	384	115	113
MH569081.1	k141_11113	13752	74.074	135	33	79.7
MH569081.1	k141_11113	13752	74.648	71	18	48.2
MH569081.1	k141_94798	20881	76.221	1741	391	1236
MH569081.1	k141_94798	20881	72.628	1834	468	1008
MH569081.1	k141_94798	20881	73.101	1290	335	742
MH569081.1	k141_94798	20881	70.769	1170	293	532
MH569081.1	k141_94798	20881	76.389	288	58	200
MH569081.1	k141_94798	20881	86.131	137	17	155
MH569081.1	k141_94798	20881	70.607	313	92	150
MH569081.1	k141_94798	20881	71.886	281	69	133
MH569081.1	k141_94798	20881	92.683	82	6	122
MH569081.1	k141_94798	20881	65.736	537	164	108
MH569081.1	k141_94798	20881	78.448	116	22	91.5
MH569081.1	k141_94798	20881	78.448	116	22	91.5
MH569081.1	k141_28095	767	76.327	735	165	536
MH569081.1	k141_60220	5754	66.249	1834	508	464
MH569081.1	k141_60220	5754	66.249	1834	508	464
MH569081.1	k141_60220	5754	75.053	469	113	309
MH569081.1	k141_60220	5754	71.351	370	99	174
MH569081.1	k141_60220	5754	73.333	285	76	172
MH569081.1	k141_62081	2677	70.639	923	203	424
MH569081.1	k141_62081	2677	70.639	923	203	424
MH569081.1	k141_62081	2677	93.333	60	4	91.5
MH569081.1	k141_62081	2677	93.333	60	4	91.5
MH569081.1	k141_45206	370	83.601	311	51	332
MH569081.1	k141_60292	1554	81.191	319	60	306
MH569081.1	k141_60292	1554	81.191	319	60	306
MH569081.1	k141_60292	1554	72.246	472	128	260
MH569081.1	k141_60292	1554	72.246	472	128	260
MH569081.1	k141_77523	1184	71.025	566	94	282
MH569081.1	k141_315	378	76.455	378	83	273
MH569081.1	k141_315	378	76.455	378	83	273
MH569081.1	k141_1461	896	76.901	355	34	251
MH569081.1	k141_1461	896	76.901	355	34	251
MH569081.1	k141_50326	521	74.026	385	81	225
MH569081.1	k141_50326	521	74.026	385	81	225
MH569081.1	k141_66780	1028	74.194	217	45	136
MH569081.1	k141_23869	672	67.595	395	128	136
MH569081.1	k141_86147	355	88.542	96	11	124
MH569081.1	k141_58274	2346	89.873	79	8	107
MH569081.1	k141_36957	833	79.464	112	23	99.6
MH569081.1	k141_11598	336	81.818	99	18	98.7
MH569081.1	k141_13484	1191	77.119	118	7	96.9
MH569081.1	k141_13484	1191	77.119	118	7	96.9
MH569081.1	k141_71406	621	91.045	67	6	95.1
MH569081.1	k141_71406	621	91.045	67	6	95.1
MH569081.1	k141_19230	5374	77.391	115	23	85.1
MH569081.1	k141_19230	5374	77.391	115	23	85.1
MH569081.1	k141_19230	5374	82.812	64	11	67.1
MH569081.1	k141_19230	5374	82.812	64	11	67.1
MH569081.1	k141_65344	636	100.000	46	0	84.2
MH569081.1	k141_65344	636	100.000	46	0	84.2
MH569081.1	k141_16776	330	83.333	78	13	83.3
MH569081.1	k141_16776	330	83.333	78	13	83.3
MH569081.1	k141_81017	340	84.000	75	12	82.4
MH569081.1	k141_56081	1183	77.451	102	21	78.8
MH569081.1	k141_56081	1183	77.451	102	21	78.8
MH569081.1	k141_20478	343	71.519	158	20	78.8
MH569081.1	k141_35172	1284	86.154	65	9	77.9
MH569081.1	k141_35172	1284	86.154	65	9	77.9
MH569081.1	k141_36941	322	90.196	51	5	70.7
MH569081.1	k141_36941	322	90.196	51	5	70.7
MH569081.1	k141_61623	987	75.701	107	24	69.8
MH569081.1	k141_46788	833	91.667	48	4	69.8
MH569081.1	k141_46788	833	91.667	48	4	69.8
MH569081.1	k141_83873	601	91.667	48	4	69.8
MH569081.1	k141_83873	601	91.667	48	4	69.8
MH569081.1	k141_65055	569	81.356	59	11	58.1
MH569081.1	k141_58626	346	79.688	64	13	58.1
MH569081.1	k141_58626	346	79.688	64	13	58.1
MH569081.1	k141_19961	659	86.047	43	6	51.8
MH569081.1	k141_40863	492	85.366	41	6	48.2
NC_033978.1	k141_83412	9474	87.606	7092	636	8790
NC_033978.1	k141_83412	9474	87.606	7092	636	8790
NC_033978.1	k141_83412	9474	74.815	540	63	378
NC_033978.1	k141_83412	9474	74.815	540	63	378
NC_033978.1	k141_83412	9474	86.047	129	11	145
NC_033978.1	k141_83412	9474	86.047	129	11	145
NC_033978.1	k141_83412	9474	84.884	86	12	94.2
NC_033978.1	k141_83412	9474	84.884	86	12	94.2
NC_033978.1	k141_86247	31324	82.046	4506	804	4461
NC_033978.1	k141_86247	31324	79.593	1818	364	1599
NC_033978.1	k141_86247	31324	82.567	1457	253	1480
NC_033978.1	k141_86247	31324	77.169	876	197	677
NC_033978.1	k141_86247	31324	77.559	811	161	621
NC_033978.1	k141_86247	31324	74.799	869	209	576
NC_033978.1	k141_86247	31324	69.667	1111	249	425
NC_033978.1	k141_86247	31324	72.789	735	195	416
NC_033978.1	k141_86247	31324	72.293	628	159	335
NC_033978.1	k141_86247	31324	75.262	477	118	329
NC_033978.1	k141_86247	31324	72.840	405	108	228
NC_033978.1	k141_86247	31324	69.826	517	154	223
NC_033978.1	k141_86247	31324	74.593	307	78	203
NC_033978.1	k141_86247	31324	92.553	94	7	139
NC_033978.1	k141_86247	31324	93.548	93	5	138
NC_033978.1	k141_86247	31324	98.649	74	1	130
NC_033978.1	k141_86247	31324	97.222	72	2	122
NC_033978.1	k141_86247	31324	94.667	75	4	118
NC_033978.1	k141_86247	31324	79.452	146	27	118
NC_033978.1	k141_86247	31324	75.926	162	39	117
NC_033978.1	k141_86247	31324	91.139	79	7	112
NC_033978.1	k141_86247	31324	92.105	76	6	111
NC_033978.1	k141_86247	31324	80.000	120	24	109
NC_033978.1	k141_86247	31324	75.497	151	37	106
NC_033978.1	k141_86247	31324	83.333	72	12	77.0
NC_033978.1	k141_86247	31324	68.553	159	48	55.4
NC_033978.1	k141_14444	47028	83.272	2463	412	2585
NC_033978.1	k141_14444	47028	70.679	3772	1056	1709
NC_033978.1	k141_14444	47028	79.064	1495	311	1278
NC_033978.1	k141_14444	47028	86.068	1091	149	1272
NC_033978.1	k141_14444	47028	72.470	1522	384	825
NC_033978.1	k141_14444	47028	73.525	1322	331	792
NC_033978.1	k141_14444	47028	79.690	709	139	621
NC_033978.1	k141_14444	47028	73.022	986	247	561
NC_033978.1	k141_14444	47028	73.022	986	247	561
NC_033978.1	k141_14444	47028	75.731	684	160	473
NC_033978.1	k141_14444	47028	69.867	677	202	295
NC_033978.1	k141_14444	47028	72.201	518	144	286
NC_033978.1	k141_14444	47028	72.201	518	144	286
NC_033978.1	k141_14444	47028	82.239	259	46	260
NC_033978.1	k141_14444	47028	81.356	177	33	171
NC_033978.1	k141_14444	47028	83.582	134	21	140
NC_033978.1	k141_14444	47028	98.630	73	1	128
NC_033978.1	k141_14444	47028	75.556	180	40	122
NC_033978.1	k141_14444	47028	77.160	162	35	119
NC_033978.1	k141_14444	47028	92.500	80	6	118
NC_033978.1	k141_14444	47028	90.476	84	6	113
NC_033978.1	k141_14444	47028	88.506	87	10	113
NC_033978.1	k141_14444	47028	88.636	88	8	112
NC_033978.1	k141_14444	47028	76.623	154	29	109
NC_033978.1	k141_14444	47028	87.952	83	10	105
NC_033978.1	k141_14444	47028	87.952	83	10	105
NC_033978.1	k141_14444	47028	90.667	75	7	104
NC_033978.1	k141_14444	47028	78.195	133	27	103
NC_033978.1	k141_14444	47028	91.549	71	6	102
NC_033978.1	k141_14444	47028	80.769	104	16	97.8
NC_033978.1	k141_14444	47028	76.724	116	27	88.7
NC_033978.1	k141_14444	47028	70.690	174	51	85.1
NC_033978.1	k141_14444	47028	80.488	82	16	77.0
NC_033978.1	k141_14444	47028	93.750	48	3	74.3
NC_033978.1	k141_11113	13752	80.367	1579	302	1453
NC_033978.1	k141_11113	13752	84.384	698	106	757
NC_033978.1	k141_11113	13752	83.725	553	82	595
NC_033978.1	k141_11113	13752	68.795	1112	291	429
NC_033978.1	k141_11113	13752	66.521	687	158	218
NC_033978.1	k141_11113	13752	77.928	222	49	180
NC_033978.1	k141_11113	13752	71.292	209	60	107
NC_033978.1	k141_11113	13752	77.165	127	29	99.6
NC_033978.1	k141_11113	13752	72.571	175	46	93.3
NC_033978.1	k141_11113	13752	65.267	524	150	86.9
NC_033978.1	k141_11113	13752	73.016	126	33	71.6
NC_033978.1	k141_94798	20881	77.460	1748	374	1345
NC_033978.1	k141_94798	20881	70.777	1841	503	873
NC_033978.1	k141_94798	20881	73.243	1110	297	664
NC_033978.1	k141_94798	20881	71.689	1208	292	610
NC_033978.1	k141_94798	20881	74.441	313	80	205
NC_033978.1	k141_94798	20881	67.982	659	188	196
NC_033978.1	k141_94798	20881	73.200	250	67	150
NC_033978.1	k141_94798	20881	92.771	83	6	123
NC_033978.1	k141_94798	20881	79.487	117	23	100
NC_033978.1	k141_94798	20881	71.094	128	37	65.3
NC_033978.1	k141_28095	767	77.073	772	160	579
NC_033978.1	k141_36941	322	95.652	322	14	518
NC_033978.1	k141_36941	322	95.652	322	14	518
NC_033978.1	k141_60220	5754	69.933	898	219	422
NC_033978.1	k141_60220	5754	75.159	471	113	313
NC_033978.1	k141_60220	5754	71.375	538	141	279
NC_033978.1	k141_60220	5754	75.683	366	89	260
NC_033978.1	k141_60220	5754	68.885	646	193	240
NC_033978.1	k141_60220	5754	88.312	77	9	99.6
NC_033978.1	k141_60220	5754	88.312	77	9	99.6
NC_033978.1	k141_60220	5754	69.753	162	34	81.5
NC_033978.1	k141_62081	2677	70.206	923	207	410
NC_033978.1	k141_62081	2677	70.206	923	207	410
NC_033978.1	k141_62081	2677	78.327	263	55	211
NC_033978.1	k141_62081	2677	78.327	263	55	211
NC_033978.1	k141_62081	2677	90.000	60	6	82.4
NC_033978.1	k141_62081	2677	90.000	60	6	82.4
NC_033978.1	k141_60292	1554	82.759	319	55	328
NC_033978.1	k141_60292	1554	82.759	319	55	328
NC_033978.1	k141_60292	1554	75.053	469	117	319
NC_033978.1	k141_60292	1554	75.053	469	117	319
NC_033978.1	k141_77523	1184	71.936	563	94	303
NC_033978.1	k141_45206	370	80.769	312	60	293
NC_033978.1	k141_315	378	76.178	382	77	279
NC_033978.1	k141_315	378	76.178	382	77	279
NC_033978.1	k141_1461	896	77.746	355	32	269
NC_033978.1	k141_1461	896	77.746	355	32	269
NC_033978.1	k141_50326	521	74.545	385	78	226
NC_033978.1	k141_50326	521	74.545	385	78	226
NC_033978.1	k141_23869	672	68.490	457	138	163
NC_033978.1	k141_66780	1028	74.689	241	47	150
NC_033978.1	k141_36957	833	84.545	110	17	123
NC_033978.1	k141_86147	355	88.172	93	11	119
NC_033978.1	k141_58274	2346	85.882	85	12	100
NC_033978.1	k141_13484	1191	76.860	121	6	99.6
NC_033978.1	k141_13484	1191	76.860	121	6	99.6
NC_033978.1	k141_11598	336	80.808	99	19	94.2
NC_033978.1	k141_16776	330	85.897	78	11	92.4
NC_033978.1	k141_16776	330	85.897	78	11	92.4
NC_033978.1	k141_65344	636	87.500	72	5	89.7
NC_033978.1	k141_65344	636	87.500	72	5	89.7
NC_033978.1	k141_71406	621	86.842	76	9	89.7
NC_033978.1	k141_71406	621	86.842	76	9	89.7
NC_033978.1	k141_19230	5374	77.391	115	23	85.1
NC_033978.1	k141_19230	5374	77.391	115	23	85.1
NC_033978.1	k141_65055	569	79.348	92	19	81.5
NC_033978.1	k141_81017	340	82.895	76	13	79.7
NC_033978.1	k141_56081	1183	77.451	102	21	78.8
NC_033978.1	k141_56081	1183	77.451	102	21	78.8
NC_033978.1	k141_65212	484	73.171	123	33	74.3
NC_033978.1	k141_46788	833	92.000	50	4	73.4
NC_033978.1	k141_46788	833	92.000	50	4	73.4
NC_033978.1	k141_83873	601	92.000	50	4	73.4
NC_033978.1	k141_83873	601	92.000	50	4	73.4
NC_033978.1	k141_20478	343	83.824	68	9	71.6
NC_033978.1	k141_58626	346	82.812	64	11	67.1
NC_033978.1	k141_58626	346	82.812	64	11	67.1
NC_033978.1	k141_61623	987	72.897	107	29	63.5
NC_033978.1	k141_19961	659	86.364	44	6	53.6
NC_033978.1	k141_40863	492	85.366	41	6	48.2
MW006668.1	k141_83412	9474	87.157	6969	643	8472
MW006668.1	k141_83412	9474	87.157	6969	643	8472
MW006668.1	k141_83412	9474	69.908	545	59	262
MW006668.1	k141_83412	9474	69.908	545	59	262
MW006668.1	k141_83412	9474	89.524	105	5	137
MW006668.1	k141_83412	9474	89.524	105	5	137
MW006668.1	k141_83412	9474	93.671	79	4	117
MW006668.1	k141_83412	9474	88.312	77	9	99.6
MW006668.1	k141_83412	9474	88.312	77	9	99.6
MW006668.1	k141_86247	31324	81.436	4498	830	4330
MW006668.1	k141_86247	31324	78.249	1816	387	1475
MW006668.1	k141_86247	31324	81.756	1458	265	1427
MW006668.1	k141_86247	31324	76.378	889	207	655
MW006668.1	k141_86247	31324	77.228	808	160	609
MW006668.1	k141_86247	31324	74.714	874	213	574
MW006668.1	k141_86247	31324	68.873	1118	253	385
MW006668.1	k141_86247	31324	76.526	426	100	318
MW006668.1	k141_86247	31324	72.874	435	112	250
MW006668.1	k141_86247	31324	92.929	99	7	148
MW006668.1	k141_86247	31324	93.182	88	5	129
MW006668.1	k141_86247	31324	77.301	163	37	128
MW006668.1	k141_86247	31324	79.412	136	13	120
MW006668.1	k141_86247	31324	95.833	72	3	117
MW006668.1	k141_86247	31324	92.405	79	6	116
MW006668.1	k141_86247	31324	89.873	79	8	107
MW006668.1	k141_86247	31324	79.661	118	24	105
MW006668.1	k141_86247	31324	78.102	137	28	105
MW006668.1	k141_86247	31324	90.667	75	7	104
MW006668.1	k141_86247	31324	89.041	73	8	96.9
MW006668.1	k141_86247	31324	87.671	73	9	92.4
MW006668.1	k141_86247	31324	87.671	73	9	92.4
MW006668.1	k141_86247	31324	84.722	72	11	81.5
MW006668.1	k141_86247	31324	89.655	58	4	76.1
MW006668.1	k141_86247	31324	73.864	88	23	56.3
MW006668.1	k141_14444	47028	81.763	2473	451	2427
MW006668.1	k141_14444	47028	70.227	3127	877	1379
MW006668.1	k141_14444	47028	77.725	1486	329	1181
MW006668.1	k141_14444	47028	86.380	815	109	963
MW006668.1	k141_14444	47028	86.364	814	109	961
MW006668.1	k141_14444	47028	71.710	1421	378	728
MW006668.1	k141_14444	47028	71.718	1333	341	683
MW006668.1	k141_14444	47028	78.315	724	152	590
MW006668.1	k141_14444	47028	72.599	989	241	554
MW006668.1	k141_14444	47028	73.099	684	181	398
MW006668.1	k141_14444	47028	70.044	681	202	302
MW006668.1	k141_14444	47028	72.308	520	142	282
MW006668.1	k141_14444	47028	83.730	252	40	267
MW006668.1	k141_14444	47028	83.468	248	41	263
MW006668.1	k141_14444	47028	69.986	703	188	261
MW006668.1	k141_14444	47028	80.000	185	37	168
MW006668.1	k141_14444	47028	83.582	134	21	140
MW006668.1	k141_14444	47028	78.710	155	25	130
MW006668.1	k141_14444	47028	75.843	178	41	121
MW006668.1	k141_14444	47028	92.308	78	6	114
MW006668.1	k141_14444	47028	89.535	86	6	113
MW006668.1	k141_14444	47028	88.506	87	10	113
MW006668.1	k141_14444	47028	82.143	112	20	113
MW006668.1	k141_14444	47028	93.151	73	5	110
MW006668.1	k141_14444	47028	88.372	86	8	108
MW006668.1	k141_14444	47028	89.873	79	8	107
MW006668.1	k141_14444	47028	89.873	79	8	107
MW006668.1	k141_14444	47028	87.952	83	10	105
MW006668.1	k141_14444	47028	90.667	75	7	104
MW006668.1	k141_14444	47028	88.000	75	9	96.0
MW006668.1	k141_14444	47028	75.362	138	26	90.6
MW006668.1	k141_14444	47028	78.846	104	18	88.7
MW006668.1	k141_14444	47028	81.481	81	15	79.7
MW006668.1	k141_14444	47028	87.500	64	5	78.8
MW006668.1	k141_11113	13752	79.669	1569	309	1392
MW006668.1	k141_11113	13752	82.573	723	114	729
MW006668.1	k141_11113	13752	83.243	555	83	582
MW006668.1	k141_11113	13752	67.699	678	153	233
MW006668.1	k141_11113	13752	72.533	375	100	211
MW006668.1	k141_11113	13752	67.428	657	191	196
MW006668.1	k141_11113	13752	73.964	169	44	107
MW006668.1	k141_11113	13752	76.866	134	27	97.8
MW006668.1	k141_11113	13752	77.119	118	27	92.4
MW006668.1	k141_11113	13752	84.906	53	7	57.2
MW006668.1	k141_94798	20881	76.544	1765	392	1301
MW006668.1	k141_94798	20881	76.544	1765	392	1301
MW006668.1	k141_94798	20881	70.777	1841	508	855
MW006668.1	k141_94798	20881	70.777	1841	508	855
MW006668.1	k141_94798	20881	71.272	1281	368	652
MW006668.1	k141_94798	20881	71.429	1197	320	588
MW006668.1	k141_94798	20881	71.429	1197	320	588
MW006668.1	k141_94798	20881	72.561	328	89	183
MW006668.1	k141_94798	20881	72.561	328	89	183
MW006668.1	k141_94798	20881	72.787	305	77	164
MW006668.1	k141_94798	20881	72.787	305	77	164
MW006668.1	k141_94798	20881	90.698	86	8	120
MW006668.1	k141_94798	20881	90.698	86	8	120
MW006668.1	k141_94798	20881	65.428	538	168	113
MW006668.1	k141_94798	20881	65.428	538	168	113
MW006668.1	k141_28095	767	75.862	754	169	534
MW006668.1	k141_60220	5754	67.699	1195	320	398
MW006668.1	k141_60220	5754	74.947	471	114	308
MW006668.1	k141_60220	5754	69.000	400	91	188
MW006668.1	k141_60220	5754	71.947	303	83	157
MW006668.1	k141_60220	5754	85.333	75	11	86.9
MW006668.1	k141_62081	2677	69.664	923	213	391
MW006668.1	k141_62081	2677	69.664	923	213	391
MW006668.1	k141_62081	2677	78.707	263	54	215
MW006668.1	k141_62081	2677	78.707	263	54	215
MW006668.1	k141_62081	2677	88.333	60	7	77.9
MW006668.1	k141_62081	2677	88.333	60	7	77.9
MW006668.1	k141_77523	1184	72.679	560	95	319
MW006668.1	k141_60292	1554	80.878	319	61	301
MW006668.1	k141_60292	1554	70.975	472	134	233
MW006668.1	k141_45206	370	80.128	312	62	284
MW006668.1	k141_1461	896	78.310	355	30	278
MW006668.1	k141_1461	896	78.310	355	30	278
MW006668.1	k141_315	378	76.253	379	82	277
MW006668.1	k141_315	378	76.253	379	82	277
MW006668.1	k141_36941	322	72.372	333	39	194
MW006668.1	k141_50326	521	74.224	322	71	191
MW006668.1	k141_50326	521	74.224	322	71	191
MW006668.1	k141_66780	1028	74.689	241	47	150
MW006668.1	k141_23869	672	67.120	441	141	137
MW006668.1	k141_45303	1583	74.286	210	49	127
MW006668.1	k141_45303	1583	74.286	210	49	127
MW006668.1	k141_36957	833	83.636	110	18	118
MW006668.1	k141_86147	355	86.022	93	13	110
MW006668.1	k141_58274	2346	88.608	79	9	103
MW006668.1	k141_13484	1191	75.758	132	8	98.7
MW006668.1	k141_13484	1191	75.758	132	8	98.7
MW006668.1	k141_65344	636	91.667	72	2	98.7
MW006668.1	k141_65344	636	91.667	72	2	98.7
MW006668.1	k141_71406	621	91.045	67	6	95.1
MW006668.1	k141_71406	621	91.045	67	6	95.1
MW006668.1	k141_19230	5374	77.391	115	23	85.1
MW006668.1	k141_19230	5374	77.391	115	23	85.1
MW006668.1	k141_16776	330	92.857	56	4	84.2
MW006668.1	k141_16776	330	92.857	56	4	84.2
MW006668.1	k141_11598	336	79.570	93	19	83.3
MW006668.1	k141_81017	340	84.000	75	12	82.4
MW006668.1	k141_56081	1183	81.818	77	14	77.0
MW006668.1	k141_56081	1183	81.818	77	14	77.0
MW006668.1	k141_46788	833	92.000	50	4	73.4
MW006668.1	k141_46788	833	92.000	50	4	73.4
MW006668.1	k141_83873	601	92.000	50	4	73.4
MW006668.1	k141_83873	601	92.000	50	4	73.4
MW006668.1	k141_61623	987	74.766	107	27	72.5
MW006668.1	k141_20478	343	68.987	158	24	60.8
MW006668.1	k141_65055	569	84.314	51	8	57.2
MW006668.1	k141_19961	659	85.714	49	6	54.5
MW006668.1	k141_40863	492	83.721	43	7	47.3
MW006668.1	k141_41902	1175	78.846	52	10	41.9
MW006668.1	k141_41902	1175	78.846	52	10	41.9
MW435436.1	k141_83412	9474	87.622	7085	620	8771
MW435436.1	k141_83412	9474	87.622	7085	620	8771
MW435436.1	k141_83412	9474	78.516	512	67	422
MW435436.1	k141_83412	9474	78.516	512	67	422
MW435436.1	k141_83412	9474	88.288	111	8	142
MW435436.1	k141_83412	9474	88.288	111	8	142
MW435436.1	k141_83412	9474	86.047	86	11	98.7
MW435436.1	k141_83412	9474	86.047	86	11	98.7
MW435436.1	k141_86247	31324	81.089	4574	854	4328
MW435436.1	k141_86247	31324	78.485	1822	386	1511
MW435436.1	k141_86247	31324	81.831	1453	263	1427
MW435436.1	k141_86247	31324	77.778	873	189	691
MW435436.1	k141_86247	31324	74.719	890	213	580
MW435436.1	k141_86247	31324	75.666	826	168	564
MW435436.1	k141_86247	31324	74.471	709	176	454
MW435436.1	k141_86247	31324	68.599	1121	257	386
MW435436.1	k141_86247	31324	77.704	453	96	353
MW435436.1	k141_86247	31324	71.024	635	164	298
MW435436.1	k141_86247	31324	72.222	378	103	202
MW435436.1	k141_86247	31324	73.548	310	82	190
MW435436.1	k141_86247	31324	98.649	74	1	130
MW435436.1	k141_86247	31324	93.182	88	5	129
MW435436.1	k141_86247	31324	91.011	89	8	125
MW435436.1	k141_86247	31324	97.222	72	2	122
MW435436.1	k141_86247	31324	80.952	126	24	120
MW435436.1	k141_86247	31324	78.832	137	28	113
MW435436.1	k141_86247	31324	91.139	79	7	112
MW435436.1	k141_86247	31324	92.000	75	6	109
MW435436.1	k141_86247	31324	73.134	201	43	103
MW435436.1	k141_86247	31324	79.310	116	24	102
MW435436.1	k141_86247	31324	76.033	121	29	88.7
MW435436.1	k141_86247	31324	83.562	73	12	78.8
MW435436.1	k141_86247	31324	80.247	81	13	68.9
MW435436.1	k141_86247	31324	68.553	159	48	55.4
MW435436.1	k141_14444	47028	82.637	2465	428	2516
MW435436.1	k141_14444	47028	70.342	3773	1069	1674
MW435436.1	k141_14444	47028	73.727	2082	521	1272
MW435436.1	k141_14444	47028	85.380	1067	154	1214
MW435436.1	k141_14444	47028	73.372	1367	340	801
MW435436.1	k141_14444	47028	72.948	1316	339	766
MW435436.1	k141_14444	47028	78.249	708	151	581
MW435436.1	k141_14444	47028	73.089	981	243	567
MW435436.1	k141_14444	47028	73.089	981	243	567
MW435436.1	k141_14444	47028	73.754	682	177	416
MW435436.1	k141_14444	47028	70.059	678	199	298
MW435436.1	k141_14444	47028	72.201	518	144	286
MW435436.1	k141_14444	47028	72.201	518	144	286
MW435436.1	k141_14444	47028	81.853	259	47	256
MW435436.1	k141_14444	47028	77.949	195	43	159
MW435436.1	k141_14444	47028	83.099	142	23	145
MW435436.1	k141_14444	47028	91.954	87	7	126
MW435436.1	k141_14444	47028	89.773	88	7	116
MW435436.1	k141_14444	47028	94.521	73	4	114
MW435436.1	k141_14444	47028	91.026	78	7	110
MW435436.1	k141_14444	47028	93.056	72	5	108
MW435436.1	k141_14444	47028	79.508	122	25	108
MW435436.1	k141_14444	47028	76.129	155	28	108
MW435436.1	k141_14444	47028	86.667	90	11	105
MW435436.1	k141_14444	47028	75.309	162	38	105
MW435436.1	k141_14444	47028	89.744	78	8	105
MW435436.1	k141_14444	47028	87.952	83	10	105
MW435436.1	k141_14444	47028	87.952	83	10	105
MW435436.1	k141_14444	47028	90.667	75	7	104
MW435436.1	k141_14444	47028	84.146	82	13	90.6
MW435436.1	k141_14444	47028	75.940	133	27	87.8
MW435436.1	k141_14444	47028	77.551	98	22	78.8
MW435436.1	k141_14444	47028	74.545	110	28	73.4
MW435436.1	k141_14444	47028	95.122	41	2	66.2
MW435436.1	k141_11113	13752	80.076	1576	304	1418
MW435436.1	k141_11113	13752	83.450	713	115	744
MW435436.1	k141_11113	13752	83.213	554	85	583
MW435436.1	k141_11113	13752	67.509	1425	357	471
MW435436.1	k141_11113	13752	65.512	693	161	194
MW435436.1	k141_11113	13752	76.923	221	49	162
MW435436.1	k141_11113	13752	72.249	209	58	116
MW435436.1	k141_11113	13752	73.529	170	43	97.8
MW435436.1	k141_94798	20881	76.293	1759	403	1265
MW435436.1	k141_94798	20881	69.962	1861	501	781
MW435436.1	k141_94798	20881	71.350	1274	359	654
MW435436.1	k141_94798	20881	72.386	1119	303	627
MW435436.1	k141_94798	20881	70.373	1205	321	534
MW435436.1	k141_94798	20881	71.975	314	88	170
MW435436.1	k141_94798	20881	71.947	303	83	157
MW435436.1	k141_94798	20881	90.588	85	8	118
MW435436.1	k141_94798	20881	78.218	101	22	84.2
MW435436.1	k141_94798	20881	75.248	101	24	67.1
MW435436.1	k141_60220	5754	67.288	2198	564	664
MW435436.1	k141_60220	5754	67.288	2198	564	664
MW435436.1	k141_60220	5754	75.906	469	109	327
MW435436.1	k141_60220	5754	68.323	644	200	228
MW435436.1	k141_60220	5754	72.432	370	101	205
MW435436.1	k141_60220	5754	77.397	146	33	115
MW435436.1	k141_60220	5754	88.312	77	9	99.6
MW435436.1	k141_60220	5754	88.312	77	9	99.6
MW435436.1	k141_28095	767	76.141	767	176	552
MW435436.1	k141_36941	322	94.099	322	19	496
MW435436.1	k141_36941	322	94.099	322	19	496
MW435436.1	k141_62081	2677	69.870	926	205	394
MW435436.1	k141_62081	2677	69.870	926	205	394
MW435436.1	k141_62081	2677	78.327	263	55	211
MW435436.1	k141_62081	2677	78.327	263	55	211
MW435436.1	k141_62081	2677	90.000	60	6	82.4
MW435436.1	k141_62081	2677	90.000	60	6	82.4
MW435436.1	k141_60292	1554	82.759	319	55	328
MW435436.1	k141_60292	1554	82.759	319	55	328
MW435436.1	k141_60292	1554	73.770	305	79	187
MW435436.1	k141_60292	1554	73.770	305	79	187
MW435436.1	k141_77523	1184	71.581	563	96	294
MW435436.1	k141_45206	370	80.449	312	61	288
MW435436.1	k141_315	378	76.178	382	77	279
MW435436.1	k141_315	378	76.178	382	77	279
MW435436.1	k141_1461	896	78.310	355	30	278
MW435436.1	k141_1461	896	78.310	355	30	278
MW435436.1	k141_50326	521	74.026	385	80	217
MW435436.1	k141_50326	521	74.026	385	80	217
MW435436.1	k141_66780	1028	74.274	241	48	150
MW435436.1	k141_23869	672	68.514	397	121	148
MW435436.1	k141_36957	833	82.727	110	19	113
MW435436.1	k141_86147	355	84.946	93	14	105
MW435436.1	k141_13484	1191	77.119	118	5	98.7
MW435436.1	k141_13484	1191	77.119	118	5	98.7
MW435436.1	k141_65344	636	90.278	72	3	98.7
MW435436.1	k141_65344	636	90.278	72	3	98.7
MW435436.1	k141_58274	2346	87.342	79	10	98.7
MW435436.1	k141_71406	621	88.158	76	8	94.2
MW435436.1	k141_71406	621	88.158	76	8	94.2
MW435436.1	k141_11598	336	81.720	93	17	92.4
MW435436.1	k141_19230	5374	77.391	115	23	85.1
MW435436.1	k141_19230	5374	77.391	115	23	85.1
MW435436.1	k141_16776	330	91.071	56	5	79.7
MW435436.1	k141_16776	330	91.071	56	5	79.7
MW435436.1	k141_81017	340	81.579	76	14	75.2
MW435436.1	k141_46788	833	92.000	50	4	73.4
MW435436.1	k141_46788	833	92.000	50	4	73.4
MW435436.1	k141_83873	601	92.000	50	4	73.4
MW435436.1	k141_83873	601	92.000	50	4	73.4
MW435436.1	k141_20478	343	69.620	158	23	69.8
MW435436.1	k141_65055	569	79.730	74	15	67.1
MW435436.1	k141_40863	492	85.366	41	6	48.2
NC_037882.1	k141_83412	9474	88.252	7065	607	8935
NC_037882.1	k141_83412	9474	88.252	7065	607	8935
NC_037882.1	k141_83412	9474	89.119	193	19	247
NC_037882.1	k141_83412	9474	89.119	193	19	247
NC_037882.1	k141_83412	9474	85.714	189	24	214
NC_037882.1	k141_83412	9474	85.714	189	24	214
NC_037882.1	k141_83412	9474	86.822	129	10	150
NC_037882.1	k141_83412	9474	86.822	129	10	150
NC_037882.1	k141_83412	9474	88.158	76	8	94.2
NC_037882.1	k141_83412	9474	88.158	76	8	94.2
NC_037882.1	k141_86247	31324	81.877	4508	814	4436
NC_037882.1	k141_86247	31324	79.945	1820	361	1627
NC_037882.1	k141_86247	31324	82.264	1449	257	1455
NC_037882.1	k141_86247	31324	77.038	871	197	668
NC_037882.1	k141_86247	31324	76.885	809	163	598
NC_037882.1	k141_86247	31324	74.886	880	210	579
NC_037882.1	k141_86247	31324	68.996	1116	253	407
NC_037882.1	k141_86247	31324	72.638	709	189	396
NC_037882.1	k141_86247	31324	76.706	425	99	321
NC_037882.1	k141_86247	31324	69.673	643	164	264
NC_037882.1	k141_86247	31324	69.960	506	150	221
NC_037882.1	k141_86247	31324	73.699	365	90	209
NC_037882.1	k141_86247	31324	73.616	307	81	189
NC_037882.1	k141_86247	31324	82.836	134	19	138
NC_037882.1	k141_86247	31324	97.468	79	2	134
NC_037882.1	k141_86247	31324	92.473	93	6	133
NC_037882.1	k141_86247	31324	81.333	150	23	132
NC_037882.1	k141_86247	31324	97.403	77	2	131
NC_037882.1	k141_86247	31324	93.671	79	5	121
NC_037882.1	k141_86247	31324	94.667	75	4	118
NC_037882.1	k141_86247	31324	75.309	162	40	113
NC_037882.1	k141_86247	31324	92.105	76	6	111
NC_037882.1	k141_86247	31324	64.685	555	178	98.7
NC_037882.1	k141_86247	31324	74.026	154	22	96.9
NC_037882.1	k141_86247	31324	76.724	116	27	88.7
NC_037882.1	k141_86247	31324	84.058	69	11	76.1
NC_037882.1	k141_86247	31324	84.615	65	8	70.7
NC_037882.1	k141_86247	31324	68.153	157	50	59.0
NC_037882.1	k141_14444	47028	82.788	2475	426	2544
NC_037882.1	k141_14444	47028	70.665	3777	1054	1730
NC_037882.1	k141_14444	47028	74.807	2076	491	1375
NC_037882.1	k141_14444	47028	86.584	1051	139	1253
NC_037882.1	k141_14444	47028	73.265	1470	366	855
NC_037882.1	k141_14444	47028	73.520	1318	328	787
NC_037882.1	k141_14444	47028	78.984	709	144	599
NC_037882.1	k141_14444	47028	73.293	981	241	576
NC_037882.1	k141_14444	47028	73.293	981	241	576
NC_037882.1	k141_14444	47028	74.633	682	171	444
NC_037882.1	k141_14444	47028	72.973	518	140	304
NC_037882.1	k141_14444	47028	72.973	518	140	304
NC_037882.1	k141_14444	47028	83.594	256	42	273
NC_037882.1	k141_14444	47028	68.879	678	207	262
NC_037882.1	k141_14444	47028	77.949	195	43	159
NC_037882.1	k141_14444	47028	83.582	134	21	140
NC_037882.1	k141_14444	47028	98.630	73	1	128
NC_037882.1	k141_14444	47028	91.954	87	7	126
NC_037882.1	k141_14444	47028	75.000	192	34	125
NC_037882.1	k141_14444	47028	76.970	165	36	120
NC_037882.1	k141_14444	47028	80.153	131	26	120
NC_037882.1	k141_14444	47028	93.590	78	5	119
NC_037882.1	k141_14444	47028	80.833	120	23	113
NC_037882.1	k141_14444	47028	89.412	85	7	111
NC_037882.1	k141_14444	47028	87.234	94	9	110
NC_037882.1	k141_14444	47028	83.810	105	15	106
NC_037882.1	k141_14444	47028	87.952	83	10	105
NC_037882.1	k141_14444	47028	87.952	83	10	105
NC_037882.1	k141_14444	47028	91.549	71	6	102
NC_037882.1	k141_14444	47028	80.769	104	16	97.8
NC_037882.1	k141_14444	47028	79.798	99	20	89.7
NC_037882.1	k141_14444	47028	75.188	133	26	89.7
NC_037882.1	k141_14444	47028	97.561	41	1	70.7
NC_037882.1	k141_14444	47028	82.812	64	11	67.1
NC_037882.1	k141_11113	13752	80.321	1560	299	1428
NC_037882.1	k141_11113	13752	83.544	711	116	752
NC_037882.1	k141_11113	13752	82.491	554	89	561
NC_037882.1	k141_11113	13752	69.790	1142	292	471
NC_037882.1	k141_11113	13752	67.936	683	156	234
NC_037882.1	k141_11113	13752	77.626	219	49	175
NC_037882.1	k141_11113	13752	78.049	123	27	101
NC_037882.1	k141_11113	13752	76.515	132	31	99.6
NC_037882.1	k141_11113	13752	75.591	127	31	90.6
NC_037882.1	k141_11113	13752	86.792	53	7	65.3
NC_037882.1	k141_11113	13752	67.476	206	53	60.8
NC_037882.1	k141_94798	20881	76.919	1798	397	1339
NC_037882.1	k141_94798	20881	71.245	1711	469	839
NC_037882.1	k141_94798	20881	73.253	1159	308	686
NC_037882.1	k141_94798	20881	71.535	1212	299	605
NC_037882.1	k141_94798	20881	68.594	761	219	260
NC_037882.1	k141_94798	20881	75.159	314	76	208
NC_037882.1	k141_94798	20881	91.860	86	7	124
NC_037882.1	k141_94798	20881	69.231	260	80	109
NC_037882.1	k141_94798	20881	64.564	539	167	97.8
NC_037882.1	k141_28095	767	77.013	770	164	576
NC_037882.1	k141_36941	322	95.031	322	16	509
NC_037882.1	k141_36941	322	95.031	322	16	509
NC_037882.1	k141_60220	5754	68.017	1185	308	430
NC_037882.1	k141_60220	5754	70.356	786	197	382
NC_037882.1	k141_60220	5754	72.842	475	125	266
NC_037882.1	k141_60220	5754	75.815	368	89	263
NC_037882.1	k141_60220	5754	67.177	719	199	213
NC_037882.1	k141_60220	5754	67.177	719	199	213
NC_037882.1	k141_60220	5754	88.312	77	9	99.6
NC_037882.1	k141_60220	5754	88.312	77	9	99.6
NC_037882.1	k141_62081	2677	70.098	923	208	406
NC_037882.1	k141_62081	2677	70.098	923	208	406
NC_037882.1	k141_62081	2677	77.947	263	56	206
NC_037882.1	k141_62081	2677	77.947	263	56	206
NC_037882.1	k141_62081	2677	90.000	60	6	82.4
NC_037882.1	k141_62081	2677	90.000	60	6	82.4
NC_037882.1	k141_60292	1554	76.119	469	112	342
NC_037882.1	k141_60292	1554	76.119	469	112	342
NC_037882.1	k141_60292	1554	83.072	319	54	333
NC_037882.1	k141_60292	1554	83.072	319	54	333
NC_037882.1	k141_77523	1184	72.679	560	95	319
NC_037882.1	k141_45206	370	79.808	312	63	279
NC_037882.1	k141_315	378	76.178	382	77	279
NC_037882.1	k141_315	378	76.178	382	77	279
NC_037882.1	k141_1461	896	77.465	355	33	264
NC_037882.1	k141_1461	896	77.465	355	33	264
NC_037882.1	k141_50326	521	74.286	385	79	222
NC_037882.1	k141_50326	521	74.286	385	79	222
NC_037882.1	k141_23869	672	68.122	458	142	163
NC_037882.1	k141_66780	1028	76.256	219	41	153
NC_037882.1	k141_36957	833	83.636	110	18	118
NC_037882.1	k141_86147	355	84.946	93	14	105
NC_037882.1	k141_13484	1191	75.758	132	10	101
NC_037882.1	k141_13484	1191	75.758	132	10	101
NC_037882.1	k141_58274	2346	85.882	85	12	100
NC_037882.1	k141_16776	330	87.013	77	10	95.1
NC_037882.1	k141_16776	330	87.013	77	10	95.1
NC_037882.1	k141_71406	621	88.158	76	8	94.2
NC_037882.1	k141_71406	621	88.158	76	8	94.2
NC_037882.1	k141_56427	458	72.789	147	28	92.4
NC_037882.1	k141_65344	636	86.111	72	6	85.1
NC_037882.1	k141_65344	636	86.111	72	6	85.1
NC_037882.1	k141_19230	5374	77.391	115	23	85.1
NC_037882.1	k141_19230	5374	77.391	115	23	85.1
NC_037882.1	k141_81017	340	84.211	76	12	84.2
NC_037882.1	k141_11598	336	79.570	93	19	83.3
NC_037882.1	k141_65055	569	79.348	92	19	81.5
NC_037882.1	k141_56081	1183	77.451	102	21	78.8
NC_037882.1	k141_56081	1183	77.451	102	21	78.8
NC_037882.1	k141_35172	1284	86.154	65	9	77.9
NC_037882.1	k141_35172	1284	86.154	65	9	77.9
NC_037882.1	k141_46788	833	92.000	50	4	73.4
NC_037882.1	k141_46788	833	92.000	50	4	73.4
NC_037882.1	k141_83873	601	92.000	50	4	73.4
NC_037882.1	k141_83873	601	92.000	50	4	73.4
NC_037882.1	k141_58626	346	82.812	64	11	67.1
NC_037882.1	k141_58626	346	82.812	64	11	67.1
NC_037882.1	k141_65212	484	71.311	122	35	63.5
NC_037882.1	k141_20478	343	83.636	55	9	59.9
NC_037882.1	k141_19961	659	86.364	44	6	53.6
NC_037882.1	k141_40863	492	86.047	43	6	51.8
NC_056190.1	k141_83412	9474	87.419	7114	599	8742
NC_056190.1	k141_83412	9474	87.419	7114	599	8742
NC_056190.1	k141_83412	9474	78.711	512	63	434
NC_056190.1	k141_83412	9474	78.711	512	63	434
NC_056190.1	k141_83412	9474	86.047	129	11	145
NC_056190.1	k141_83412	9474	86.047	129	11	145
NC_056190.1	k141_83412	9474	88.372	86	9	107
NC_056190.1	k141_83412	9474	88.372	86	9	107
NC_056190.1	k141_86247	31324	81.578	4549	833	4408
NC_056190.1	k141_86247	31324	79.360	1812	372	1580
NC_056190.1	k141_86247	31324	81.630	1448	265	1409
NC_056190.1	k141_86247	31324	76.616	851	194	629
NC_056190.1	k141_86247	31324	76.413	814	160	582
NC_056190.1	k141_86247	31324	72.988	733	193	421
NC_056190.1	k141_86247	31324	69.882	1099	257	413
NC_056190.1	k141_86247	31324	74.883	426	83	295
NC_056190.1	k141_86247	31324	70.411	632	173	288
NC_056190.1	k141_86247	31324	75.570	307	75	216
NC_056190.1	k141_86247	31324	69.109	505	156	208
NC_056190.1	k141_86247	31324	69.623	530	149	205
NC_056190.1	k141_86247	31324	80.909	220	40	205
NC_056190.1	k141_86247	31324	77.982	218	42	178
NC_056190.1	k141_86247	31324	93.548	93	5	138
NC_056190.1	k141_86247	31324	93.182	88	6	132
NC_056190.1	k141_86247	31324	96.104	77	3	126
NC_056190.1	k141_86247	31324	97.297	74	2	125
NC_056190.1	k141_86247	31324	80.000	145	27	124
NC_056190.1	k141_86247	31324	75.581	172	26	118
NC_056190.1	k141_86247	31324	94.667	75	4	118
NC_056190.1	k141_86247	31324	91.358	81	7	115
NC_056190.1	k141_86247	31324	79.365	126	26	111
NC_056190.1	k141_86247	31324	90.789	76	7	106
NC_056190.1	k141_86247	31324	78.448	116	25	97.8
NC_056190.1	k141_86247	31324	86.111	72	10	86.0
NC_056190.1	k141_86247	31324	68.639	169	51	59.9
NC_056190.1	k141_14444	47028	82.068	2476	444	2464
NC_056190.1	k141_14444	47028	70.431	3737	1061	1676
NC_056190.1	k141_14444	47028	79.102	1493	308	1272
NC_056190.1	k141_14444	47028	86.642	1063	139	1267
NC_056190.1	k141_14444	47028	72.505	1473	370	809
NC_056190.1	k141_14444	47028	72.955	1320	335	765
NC_056190.1	k141_14444	47028	78.873	710	145	596
NC_056190.1	k141_14444	47028	73.598	981	238	585
NC_056190.1	k141_14444	47028	73.598	981	238	585
NC_056190.1	k141_14444	47028	73.460	682	179	407
NC_056190.1	k141_14444	47028	69.604	681	205	288
NC_056190.1	k141_14444	47028	72.500	520	139	284
NC_056190.1	k141_14444	47028	72.500	520	139	284
NC_056190.1	k141_14444	47028	82.946	258	44	268
NC_056190.1	k141_14444	47028	79.661	177	36	158
NC_056190.1	k141_14444	47028	81.343	134	24	126
NC_056190.1	k141_14444	47028	91.954	87	7	126
NC_056190.1	k141_14444	47028	98.611	72	1	126
NC_056190.1	k141_14444	47028	92.500	80	6	118
NC_056190.1	k141_14444	47028	77.419	155	33	115
NC_056190.1	k141_14444	47028	76.129	155	29	112
NC_056190.1	k141_14444	47028	81.982	111	20	111
NC_056190.1	k141_14444	47028	88.506	87	8	110
NC_056190.1	k141_14444	47028	88.372	86	8	108
NC_056190.1	k141_14444	47028	92.958	71	5	106
NC_056190.1	k141_14444	47028	87.952	83	10	105
NC_056190.1	k141_14444	47028	87.952	83	10	105
NC_056190.1	k141_14444	47028	90.667	75	7	104
NC_056190.1	k141_14444	47028	81.731	104	15	102
NC_056190.1	k141_14444	47028	76.230	122	29	90.6
NC_056190.1	k141_14444	47028	81.481	81	15	79.7
NC_056190.1	k141_14444	47028	76.636	107	24	77.9
NC_056190.1	k141_14444	47028	74.436	133	31	77.0
NC_056190.1	k141_11113	13752	79.744	1565	308	1393
NC_056190.1	k141_11113	13752	82.865	712	111	727
NC_056190.1	k141_11113	13752	84.324	555	77	609
NC_056190.1	k141_11113	13752	69.050	1105	294	436
NC_056190.1	k141_11113	13752	68.142	678	158	248
NC_056190.1	k141_11113	13752	70.227	440	118	202
NC_056190.1	k141_11113	13752	77.727	220	49	177
NC_056190.1	k141_11113	13752	75.843	178	39	118
NC_056190.1	k141_11113	13752	82.569	109	19	112
NC_056190.1	k141_11113	13752	73.256	172	40	100
NC_056190.1	k141_11113	13752	76.378	127	30	95.1
NC_056190.1	k141_11113	13752	77.119	118	27	92.4
NC_056190.1	k141_94798	20881	75.905	1768	391	1237
NC_056190.1	k141_94798	20881	81.855	248	45	245
NC_056190.1	k141_94798	20881	73.105	409	99	239
NC_056190.1	k141_94798	20881	74.390	328	83	210
NC_056190.1	k141_94798	20881	72.937	303	80	170
NC_056190.1	k141_94798	20881	79.012	162	34	140
NC_056190.1	k141_94798	20881	94.186	86	5	133
NC_056190.1	k141_94798	20881	68.731	323	91	132
NC_056190.1	k141_94798	20881	76.667	60	14	46.4
NC_056190.1	k141_94798	20881	82.051	39	7	40.1
NC_056190.1	k141_60220	5754	65.917	2579	700	647
NC_056190.1	k141_60220	5754	66.253	1855	496	488
NC_056190.1	k141_60220	5754	72.421	475	126	258
NC_056190.1	k141_60220	5754	75.272	368	91	254
NC_056190.1	k141_60220	5754	68.673	648	193	227
NC_056190.1	k141_60220	5754	88.312	77	9	99.6
NC_056190.1	k141_60220	5754	88.312	77	9	99.6
NC_056190.1	k141_28095	767	76.883	770	165	581
NC_056190.1	k141_36941	322	93.789	322	20	491
NC_056190.1	k141_36941	322	93.789	322	20	491
NC_056190.1	k141_62081	2677	70.236	934	210	416
NC_056190.1	k141_62081	2677	70.236	934	210	416
NC_056190.1	k141_62081	2677	77.567	263	57	202
NC_056190.1	k141_62081	2677	77.567	263	57	202
NC_056190.1	k141_62081	2677	90.000	60	6	82.4
NC_056190.1	k141_62081	2677	90.000	60	6	82.4
NC_056190.1	k141_60292	1554	76.119	469	112	342
NC_056190.1	k141_60292	1554	76.119	469	112	342
NC_056190.1	k141_60292	1554	82.445	319	56	324
NC_056190.1	k141_60292	1554	82.445	319	56	324
NC_056190.1	k141_77523	1184	72.143	560	98	306
NC_056190.1	k141_45206	370	80.769	312	60	293
NC_056190.1	k141_315	378	76.178	382	77	279
NC_056190.1	k141_315	378	76.178	382	77	279
NC_056190.1	k141_1461	896	78.028	355	31	273
NC_056190.1	k141_1461	896	78.028	355	31	273
NC_056190.1	k141_50326	521	74.026	385	80	217
NC_056190.1	k141_50326	521	74.026	385	80	217
NC_056190.1	k141_23869	672	68.043	460	135	142
NC_056190.1	k141_66780	1028	74.429	219	45	140
NC_056190.1	k141_36957	833	83.495	103	17	110
NC_056190.1	k141_71406	621	90.789	76	6	103
NC_056190.1	k141_71406	621	90.789	76	6	103
NC_056190.1	k141_58274	2346	85.882	85	12	100
NC_056190.1	k141_86147	355	82.979	94	16	98.7
NC_056190.1	k141_13484	1191	75.000	132	11	96.9
NC_056190.1	k141_13484	1191	75.000	132	11	96.9
NC_056190.1	k141_65344	636	88.889	72	4	94.2
NC_056190.1	k141_65344	636	88.889	72	4	94.2
NC_056190.1	k141_16776	330	85.714	77	11	90.6
NC_056190.1	k141_16776	330	85.714	77	11	90.6
NC_056190.1	k141_61623	987	78.302	106	23	88.7
NC_056190.1	k141_11598	336	80.645	93	18	87.8
NC_056190.1	k141_81017	340	85.333	75	11	86.9
NC_056190.1	k141_19230	5374	77.391	115	23	85.1
NC_056190.1	k141_19230	5374	77.391	115	23	85.1
NC_056190.1	k141_56081	1183	77.451	102	21	78.8
NC_056190.1	k141_56081	1183	77.451	102	21	78.8
NC_056190.1	k141_20478	343	71.519	158	20	78.8
NC_056190.1	k141_46788	833	92.000	50	4	73.4
NC_056190.1	k141_46788	833	92.000	50	4	73.4
NC_056190.1	k141_83873	601	92.000	50	4	73.4
NC_056190.1	k141_83873	601	92.000	50	4	73.4
NC_056190.1	k141_65055	569	79.487	78	16	69.8
NC_056190.1	k141_58626	346	82.812	64	11	67.1
NC_056190.1	k141_58626	346	82.812	64	11	67.1
NC_056190.1	k141_19961	659	86.364	44	6	53.6
NC_056190.1	k141_40863	492	85.366	41	6	48.2
MN564931.1	k141_83412	9474	87.458	7112	611	8743
MN564931.1	k141_83412	9474	87.458	7112	611	8743
MN564931.1	k141_83412	9474	87.302	189	21	227
MN564931.1	k141_83412	9474	87.302	189	21	227
MN564931.1	k141_83412	9474	85.492	193	21	215
MN564931.1	k141_83412	9474	85.492	193	21	215
MN564931.1	k141_83412	9474	94.186	86	5	133
MN564931.1	k141_83412	9474	94.186	86	5	133
MN564931.1	k141_83412	9474	87.013	77	10	95.1
MN564931.1	k141_83412	9474	87.013	77	10	95.1
MN564931.1	k141_86247	31324	80.933	4568	860	4286
MN564931.1	k141_86247	31324	78.108	1818	392	1477
MN564931.1	k141_86247	31324	81.400	1457	270	1403
MN564931.1	k141_86247	31324	76.686	875	198	655
MN564931.1	k141_86247	31324	75.937	827	165	572
MN564931.1	k141_86247	31324	74.359	858	211	546
MN564931.1	k141_86247	31324	71.934	791	207	404
MN564931.1	k141_86247	31324	69.598	921	210	359
MN564931.1	k141_86247	31324	71.111	630	152	312
MN564931.1	k141_86247	31324	75.117	426	106	291
MN564931.1	k141_86247	31324	69.273	550	165	225
MN564931.1	k141_86247	31324	75.082	305	76	208
MN564931.1	k141_86247	31324	72.299	361	92	186
MN564931.1	k141_86247	31324	75.688	218	42	160
MN564931.1	k141_86247	31324	91.398	93	7	129
MN564931.1	k141_86247	31324	92.045	88	7	128
MN564931.1	k141_86247	31324	98.611	72	1	126
MN564931.1	k141_86247	31324	94.872	78	4	123
MN564931.1	k141_86247	31324	96.000	75	3	123
MN564931.1	k141_86247	31324	92.405	79	6	116
MN564931.1	k141_86247	31324	72.864	199	34	116
MN564931.1	k141_86247	31324	92.105	76	6	111
MN564931.1	k141_86247	31324	76.296	135	15	102
MN564931.1	k141_86247	31324	73.125	160	43	96.0
MN564931.1	k141_86247	31324	72.840	162	44	95.1
MN564931.1	k141_86247	31324	77.586	116	26	93.3
MN564931.1	k141_86247	31324	85.135	74	11	85.1
MN564931.1	k141_86247	31324	71.642	134	38	71.6
MN564931.1	k141_86247	31324	70.068	147	40	62.6
MN564931.1	k141_14444	47028	81.585	2460	453	2395
MN564931.1	k141_14444	47028	70.204	3779	1064	1637
MN564931.1	k141_14444	47028	85.972	1055	146	1229
MN564931.1	k141_14444	47028	72.706	2092	542	1194
MN564931.1	k141_14444	47028	73.248	1327	326	797
MN564931.1	k141_14444	47028	72.226	1469	377	784
MN564931.1	k141_14444	47028	74.210	981	232	612
MN564931.1	k141_14444	47028	74.210	981	232	612
MN564931.1	k141_14444	47028	79.066	707	143	600
MN564931.1	k141_14444	47028	76.100	682	161	489
MN564931.1	k141_14444	47028	72.394	518	143	290
MN564931.1	k141_14444	47028	72.394	518	143	290
MN564931.1	k141_14444	47028	81.395	258	48	250
MN564931.1	k141_14444	47028	67.756	673	213	226
MN564931.1	k141_14444	47028	80.247	162	30	141
MN564931.1	k141_14444	47028	83.582	134	18	138
MN564931.1	k141_14444	47028	97.260	73	2	123
MN564931.1	k141_14444	47028	77.564	156	26	119
MN564931.1	k141_14444	47028	94.595	74	4	116
MN564931.1	k141_14444	47028	92.308	78	6	114
MN564931.1	k141_14444	47028	88.506	87	10	113
MN564931.1	k141_14444	47028	88.372	86	8	108
MN564931.1	k141_14444	47028	79.508	122	25	108
MN564931.1	k141_14444	47028	91.892	74	6	107
MN564931.1	k141_14444	47028	87.952	83	10	105
MN564931.1	k141_14444	47028	87.952	83	10	105
MN564931.1	k141_14444	47028	90.667	75	7	104
MN564931.1	k141_14444	47028	85.227	88	12	97.8
MN564931.1	k141_14444	47028	75.000	144	32	93.3
MN564931.1	k141_14444	47028	82.895	76	13	79.7
MN564931.1	k141_14444	47028	76.068	117	26	78.8
MN564931.1	k141_14444	47028	79.268	82	17	72.5
MN564931.1	k141_14444	47028	97.619	42	1	72.5
MN564931.1	k141_14444	47028	73.786	103	27	65.3
MN564931.1	k141_11113	13752	79.668	1564	310	1390
MN564931.1	k141_11113	13752	81.994	722	126	702
MN564931.1	k141_11113	13752	81.769	554	93	543
MN564931.1	k141_11113	13752	68.612	1131	314	418
MN564931.1	k141_11113	13752	67.742	682	147	228
MN564931.1	k141_11113	13752	78.607	201	43	169
MN564931.1	k141_11113	13752	80.620	129	25	121
MN564931.1	k141_11113	13752	77.372	137	26	104
MN564931.1	k141_11113	13752	72.316	177	37	96.9
MN564931.1	k141_11113	13752	77.586	116	26	93.3
MN564931.1	k141_94798	20881	75.709	1762	416	1228
MN564931.1	k141_94798	20881	70.445	1844	490	833
MN564931.1	k141_94798	20881	70.413	1379	404	634
MN564931.1	k141_94798	20881	70.995	1186	303	554
MN564931.1	k141_94798	20881	74.121	313	81	200
MN564931.1	k141_94798	20881	66.256	812	258	190
MN564931.1	k141_94798	20881	93.827	81	5	124
MN564931.1	k141_94798	20881	78.632	117	24	96.0
MN564931.1	k141_94798	20881	78.632	117	24	96.0
MN564931.1	k141_60220	5754	67.175	2163	558	653
MN564931.1	k141_60220	5754	66.097	1991	523	500
MN564931.1	k141_60220	5754	75.053	469	113	309
MN564931.1	k141_60220	5754	68.944	644	196	246
MN564931.1	k141_60220	5754	73.370	368	98	223
MN564931.1	k141_60220	5754	88.312	77	9	99.6
MN564931.1	k141_60220	5754	88.312	77	9	99.6
MN564931.1	k141_60220	5754	72.464	138	38	78.8
MN564931.1	k141_28095	767	77.013	770	164	585
MN564931.1	k141_62081	2677	70.086	926	209	407
MN564931.1	k141_62081	2677	70.086	926	209	407
MN564931.1	k141_62081	2677	77.947	263	56	206
MN564931.1	k141_62081	2677	77.947	263	56	206
MN564931.1	k141_62081	2677	90.000	60	6	82.4
MN564931.1	k141_62081	2677	90.000	60	6	82.4
MN564931.1	k141_60292	1554	83.386	319	53	337
MN564931.1	k141_60292	1554	83.386	319	53	337
MN564931.1	k141_60292	1554	75.480	469	115	328
MN564931.1	k141_60292	1554	75.480	469	115	328
MN564931.1	k141_77523	1184	71.581	563	96	294
MN564931.1	k141_36941	322	90.148	203	20	277
MN564931.1	k141_36941	322	90.148	203	20	277
MN564931.1	k141_36941	322	87.597	129	16	161
MN564931.1	k141_36941	322	87.597	129	16	161
MN564931.1	k141_1461	896	77.620	353	32	265
MN564931.1	k141_1461	896	77.620	353	32	265
MN564931.1	k141_315	378	75.393	382	80	265
MN564931.1	k141_315	378	75.393	382	80	265
MN564931.1	k141_45206	370	77.244	312	71	243
MN564931.1	k141_50326	521	74.545	385	78	226
MN564931.1	k141_50326	521	74.545	385	78	226
MN564931.1	k141_23869	672	68.481	441	135	164
MN564931.1	k141_66780	1028	73.444	241	50	141
MN564931.1	k141_86147	355	86.022	93	13	110
MN564931.1	k141_36957	833	81.818	110	20	109
MN564931.1	k141_58274	2346	87.356	87	11	108
MN564931.1	k141_13484	1191	75.000	128	10	94.2
MN564931.1	k141_13484	1191	75.000	128	10	94.2
MN564931.1	k141_65344	636	88.889	72	4	94.2
MN564931.1	k141_65344	636	88.889	72	4	94.2
MN564931.1	k141_71406	621	89.552	67	7	90.6
MN564931.1	k141_71406	621	89.552	67	7	90.6
MN564931.1	k141_16776	330	84.615	78	12	87.8
MN564931.1	k141_16776	330	84.615	78	12	87.8
MN564931.1	k141_81017	340	85.333	75	11	86.9
MN564931.1	k141_19230	5374	77.391	115	23	85.1
MN564931.1	k141_19230	5374	77.391	115	23	85.1
MN564931.1	k141_61623	987	77.358	106	24	84.2
MN564931.1	k141_56427	458	71.429	147	30	83.3
MN564931.1	k141_35172	1284	84.507	71	11	79.7
MN564931.1	k141_35172	1284	84.507	71	11	79.7
MN564931.1	k141_56081	1183	77.451	102	21	78.8
MN564931.1	k141_56081	1183	77.451	102	21	78.8
MN564931.1	k141_11598	336	76.238	101	24	75.2
MN564931.1	k141_46788	833	92.000	50	4	73.4
MN564931.1	k141_46788	833	92.000	50	4	73.4
MN564931.1	k141_83873	601	92.000	50	4	73.4
MN564931.1	k141_83873	601	92.000	50	4	73.4
MN564931.1	k141_65055	569	77.174	92	21	72.5
MN564931.1	k141_20478	343	70.253	158	22	69.8
MN564931.1	k141_58626	346	82.812	64	11	67.1
MN564931.1	k141_58626	346	82.812	64	11	67.1
MN564931.1	k141_40863	492	88.372	43	5	56.3
MN564931.1	k141_19961	659	86.047	43	6	51.8
NC_031651.1	k141_83412	9474	88.174	7069	604	8923
NC_031651.1	k141_83412	9474	88.174	7069	604	8923
NC_031651.1	k141_83412	9474	79.175	509	66	441
NC_031651.1	k141_83412	9474	79.175	509	66	441
NC_031651.1	k141_83412	9474	86.614	127	10	146
NC_031651.1	k141_83412	9474	86.614	127	10	146
NC_031651.1	k141_83412	9474	88.608	79	9	103
NC_031651.1	k141_83412	9474	88.608	79	9	103
NC_031651.1	k141_86247	31324	80.964	4586	860	4311
NC_031651.1	k141_86247	31324	79.167	1824	375	1563
NC_031651.1	k141_86247	31324	80.968	1487	278	1397
NC_031651.1	k141_86247	31324	78.082	803	151	637
NC_031651.1	k141_86247	31324	75.431	871	211	605
NC_031651.1	k141_86247	31324	75.056	898	215	600
NC_031651.1	k141_86247	31324	74.048	709	179	441
NC_031651.1	k141_86247	31324	68.117	1126	251	389
NC_031651.1	k141_86247	31324	75.584	471	115	332
NC_031651.1	k141_86247	31324	70.342	644	158	295
NC_031651.1	k141_86247	31324	75.244	307	76	212
NC_031651.1	k141_86247	31324	72.011	368	97	192
NC_031651.1	k141_86247	31324	68.147	518	165	191
NC_031651.1	k141_86247	31324	91.398	93	7	129
NC_031651.1	k141_86247	31324	86.667	105	14	127
NC_031651.1	k141_86247	31324	98.611	72	1	126
NC_031651.1	k141_86247	31324	97.297	74	2	125
NC_031651.1	k141_86247	31324	97.222	72	2	122
NC_031651.1	k141_86247	31324	93.243	74	5	112
NC_031651.1	k141_86247	31324	78.832	137	27	110
NC_031651.1	k141_86247	31324	74.691	162	41	108
NC_031651.1	k141_86247	31324	88.608	79	9	103
NC_031651.1	k141_86247	31324	76.724	116	27	88.7
NC_031651.1	k141_86247	31324	65.063	395	132	87.8
NC_031651.1	k141_86247	31324	82.558	86	13	86.0
NC_031651.1	k141_86247	31324	91.176	34	3	49.1
NC_031651.1	k141_14444	47028	83.191	2463	414	2576
NC_031651.1	k141_14444	47028	71.089	3739	1037	1765
NC_031651.1	k141_14444	47028	74.110	2078	496	1320
NC_031651.1	k141_14444	47028	85.213	1082	156	1221
NC_031651.1	k141_14444	47028	72.619	1428	370	801
NC_031651.1	k141_14444	47028	73.263	1324	332	776
NC_031651.1	k141_14444	47028	78.697	737	152	613
NC_031651.1	k141_14444	47028	74.033	982	232	598
NC_031651.1	k141_14444	47028	74.033	982	232	598
NC_031651.1	k141_14444	47028	75.221	678	164	461
NC_031651.1	k141_14444	47028	70.059	678	199	298
NC_031651.1	k141_14444	47028	72.587	518	142	295
NC_031651.1	k141_14444	47028	72.587	518	142	295
NC_031651.1	k141_14444	47028	82.239	259	46	260
NC_031651.1	k141_14444	47028	80.791	177	34	167
NC_031651.1	k141_14444	47028	92.045	88	7	128
NC_031651.1	k141_14444	47028	78.767	146	24	122
NC_031651.1	k141_14444	47028	77.707	157	25	122
NC_031651.1	k141_14444	47028	94.737	76	4	120
NC_031651.1	k141_14444	47028	93.333	75	5	113
NC_031651.1	k141_14444	47028	89.535	86	7	113
NC_031651.1	k141_14444	47028	92.208	77	6	113
NC_031651.1	k141_14444	47028	94.444	72	4	113
NC_031651.1	k141_14444	47028	80.328	122	24	113
NC_031651.1	k141_14444	47028	83.168	101	13	105
NC_031651.1	k141_14444	47028	86.747	83	11	101
NC_031651.1	k141_14444	47028	86.747	83	11	101
NC_031651.1	k141_14444	47028	78.333	120	26	100
NC_031651.1	k141_14444	47028	74.839	155	37	97.8
NC_031651.1	k141_14444	47028	76.866	134	26	94.2
NC_031651.1	k141_14444	47028	76.923	130	27	89.7
NC_031651.1	k141_14444	47028	78.571	98	21	83.3
NC_031651.1	k141_14444	47028	92.727	55	4	82.4
NC_031651.1	k141_14444	47028	79.268	82	17	72.5
NC_031651.1	k141_14444	47028	73.214	112	30	68.0
NC_031651.1	k141_14444	47028	82.540	63	11	65.3
NC_031651.1	k141_11113	13752	80.379	1585	298	1451
NC_031651.1	k141_11113	13752	83.989	712	111	760
NC_031651.1	k141_11113	13752	81.802	555	91	546
NC_031651.1	k141_11113	13752	70.026	1141	286	499
NC_031651.1	k141_11113	13752	69.630	675	156	266
NC_031651.1	k141_11113	13752	78.082	219	48	179
NC_031651.1	k141_11113	13752	66.287	703	170	139
NC_031651.1	k141_11113	13752	82.353	136	21	132
NC_031651.1	k141_11113	13752	72.727	209	57	121
NC_031651.1	k141_11113	13752	66.509	424	128	111
NC_031651.1	k141_11113	13752	78.906	128	27	110
NC_031651.1	k141_11113	13752	73.913	115	30	73.4
NC_031651.1	k141_94798	20881	77.262	1768	394	1370
NC_031651.1	k141_94798	20881	71.506	1853	477	900
NC_031651.1	k141_94798	20881	72.358	1183	325	653
NC_031651.1	k141_94798	20881	71.687	1215	304	614
NC_031651.1	k141_94798	20881	74.534	322	78	202
NC_031651.1	k141_94798	20881	73.841	302	77	182
NC_031651.1	k141_94798	20881	71.525	295	82	147
NC_031651.1	k141_94798	20881	92.857	84	6	125
NC_031651.1	k141_94798	20881	70.563	231	68	111
NC_031651.1	k141_94798	20881	77.778	108	24	87.8
NC_031651.1	k141_94798	20881	72.727	99	25	50.9
NC_031651.1	k141_28095	767	75.849	766	178	536
NC_031651.1	k141_60220	5754	66.848	1837	490	522
NC_031651.1	k141_60220	5754	66.848	1837	490	522
NC_031651.1	k141_60220	5754	74.522	471	116	299
NC_031651.1	k141_60220	5754	70.046	651	185	273
NC_031651.1	k141_60220	5754	70.410	561	131	264
NC_031651.1	k141_60220	5754	74.933	371	87	247
NC_031651.1	k141_60220	5754	87.838	74	9	94.2
NC_031651.1	k141_60220	5754	87.838	74	9	94.2
NC_031651.1	k141_36941	322	94.099	322	19	496
NC_031651.1	k141_36941	322	94.099	322	19	496
NC_031651.1	k141_62081	2677	70.721	929	198	431
NC_031651.1	k141_62081	2677	70.721	929	198	431
NC_031651.1	k141_62081	2677	77.947	263	56	206
NC_031651.1	k141_62081	2677	77.947	263	56	206
NC_031651.1	k141_62081	2677	90.000	60	6	82.4
NC_031651.1	k141_62081	2677	90.000	60	6	82.4
NC_031651.1	k141_60292	1554	75.693	469	114	333
NC_031651.1	k141_60292	1554	75.693	469	114	333
NC_031651.1	k141_60292	1554	82.222	315	56	316
NC_031651.1	k141_60292	1554	82.222	315	56	316
NC_031651.1	k141_60292	1554	86.275	51	5	59.0
NC_031651.1	k141_45206	370	81.410	312	58	302
NC_031651.1	k141_315	378	75.916	382	78	274
NC_031651.1	k141_315	378	75.916	382	78	274
NC_031651.1	k141_77523	1184	70.902	543	98	272
NC_031651.1	k141_1461	896	78.125	352	36	271
NC_031651.1	k141_1461	896	78.125	352	36	271
NC_031651.1	k141_50326	521	73.766	385	81	222
NC_031651.1	k141_50326	521	73.766	385	81	222
NC_031651.1	k141_66780	1028	75.591	254	44	168
NC_031651.1	k141_23869	672	67.177	457	144	136
NC_031651.1	k141_36957	833	81.416	113	21	110
NC_031651.1	k141_86147	355	84.946	93	14	105
NC_031651.1	k141_13484	1191	75.556	135	11	102
NC_031651.1	k141_13484	1191	75.556	135	11	102
NC_031651.1	k141_58274	2346	84.270	89	14	98.7
NC_031651.1	k141_71406	621	91.304	69	6	98.7
NC_031651.1	k141_71406	621	91.304	69	6	98.7
NC_031651.1	k141_65344	636	88.889	72	4	94.2
NC_031651.1	k141_65344	636	88.889	72	4	94.2
NC_031651.1	k141_16776	330	85.897	78	11	92.4
NC_031651.1	k141_16776	330	85.897	78	11	92.4
NC_031651.1	k141_81017	340	85.333	75	11	86.9
NC_031651.1	k141_19230	5374	77.391	115	23	85.1
NC_031651.1	k141_19230	5374	77.391	115	23	85.1
NC_031651.1	k141_11598	336	80.220	91	18	84.2
NC_031651.1	k141_56081	1183	77.451	102	21	78.8
NC_031651.1	k141_56081	1183	77.451	102	21	78.8
NC_031651.1	k141_20478	343	70.886	158	21	74.3
NC_031651.1	k141_61623	987	74.528	106	27	70.7
NC_031651.1	k141_65055	569	76.923	91	21	70.7
NC_031651.1	k141_58626	346	81.250	64	12	62.6
NC_031651.1	k141_58626	346	81.250	64	12	62.6
NC_031651.1	k141_40863	492	88.372	43	5	56.3
NC_031651.1	k141_19961	659	86.047	43	6	51.8
MW366789.1	k141_83412	9474	86.967	4243	391	5139
MW366789.1	k141_83412	9474	86.967	4243	391	5139
MW366789.1	k141_83412	9474	87.825	1733	137	2187
MW366789.1	k141_83412	9474	87.825	1733	137	2187
MW366789.1	k141_83412	9474	80.606	495	54	440
MW366789.1	k141_83412	9474	80.606	495	54	440
MW366789.1	k141_83412	9474	76.686	519	62	377
MW366789.1	k141_83412	9474	76.686	519	62	377
MW366789.1	k141_83412	9474	87.500	144	10	182
MW366789.1	k141_83412	9474	87.500	144	10	182
MW366789.1	k141_83412	9474	86.792	106	7	122
MW366789.1	k141_83412	9474	86.792	106	7	122
MW366789.1	k141_83412	9474	92.308	78	6	114
MW366789.1	k141_83412	9474	89.873	79	8	107
MW366789.1	k141_83412	9474	89.873	79	8	107
MW366789.1	k141_83412	9474	89.610	77	8	104
MW366789.1	k141_83412	9474	89.610	77	8	104
MW366789.1	k141_86247	31324	81.495	4507	824	4351
MW366789.1	k141_86247	31324	81.495	4507	824	4351
MW366789.1	k141_86247	31324	78.425	1803	385	1489
MW366789.1	k141_86247	31324	81.793	1428	259	1400
MW366789.1	k141_86247	31324	75.448	892	208	605
MW366789.1	k141_86247	31324	75.517	870	208	600
MW366789.1	k141_86247	31324	76.485	791	164	550
MW366789.1	k141_86247	31324	82.857	315	53	322
MW366789.1	k141_86247	31324	73.942	449	117	283
MW366789.1	k141_86247	31324	69.547	486	125	190
MW366789.1	k141_86247	31324	69.298	456	138	185
MW366789.1	k141_86247	31324	77.725	211	39	168
MW366789.1	k141_86247	31324	71.203	316	80	152
MW366789.1	k141_86247	31324	71.203	316	80	152
MW366789.1	k141_86247	31324	71.174	281	44	140
MW366789.1	k141_86247	31324	93.548	93	5	138
MW366789.1	k141_86247	31324	89.247	93	9	120
MW366789.1	k141_86247	31324	80.000	135	18	117
MW366789.1	k141_86247	31324	94.444	72	4	113
MW366789.1	k141_86247	31324	93.151	73	5	110
MW366789.1	k141_86247	31324	74.074	162	42	104
MW366789.1	k141_86247	31324	74.074	162	42	104
MW366789.1	k141_86247	31324	79.310	116	24	102
MW366789.1	k141_86247	31324	78.358	134	25	102
MW366789.1	k141_86247	31324	91.781	73	5	102
MW366789.1	k141_86247	31324	91.781	73	5	102
MW366789.1	k141_86247	31324	76.860	121	28	93.3
MW366789.1	k141_86247	31324	76.860	121	28	93.3
MW366789.1	k141_86247	31324	73.649	148	39	92.4
MW366789.1	k141_86247	31324	86.667	75	10	91.5
MW366789.1	k141_86247	31324	92.982	57	3	82.4
MW366789.1	k141_86247	31324	80.769	78	15	74.3
MW366789.1	k141_86247	31324	69.822	169	49	68.9
MW366789.1	k141_86247	31324	69.822	169	49	68.9
MW366789.1	k141_86247	31324	91.429	35	3	50.9
MW366789.1	k141_86247	31324	65.269	167	58	41.0
MW366789.1	k141_86247	31324	65.269	167	58	41.0
MW366789.1	k141_14444	47028	82.014	2463	443	2445
MW366789.1	k141_14444	47028	69.455	3598	1016	1465
MW366789.1	k141_14444	47028	85.782	1055	148	1220
MW366789.1	k141_14444	47028	78.287	1331	289	1098
MW366789.1	k141_14444	47028	71.747	1391	358	701
MW366789.1	k141_14444	47028	71.482	1336	331	647
MW366789.1	k141_14444	47028	78.187	706	151	578
MW366789.1	k141_14444	47028	72.069	981	243	508
MW366789.1	k141_14444	47028	72.069	981	243	508
MW366789.1	k141_14444	47028	70.014	707	176	294
MW366789.1	k141_14444	47028	72.765	481	131	278
MW366789.1	k141_14444	47028	72.765	481	131	278
MW366789.1	k141_14444	47028	83.398	259	43	274
MW366789.1	k141_14444	47028	67.411	761	233	228
MW366789.1	k141_14444	47028	83.333	138	22	142
MW366789.1	k141_14444	47028	78.571	168	36	141
MW366789.1	k141_14444	47028	78.065	155	26	121
MW366789.1	k141_14444	47028	92.500	80	6	118
MW366789.1	k141_14444	47028	92.500	80	6	118
MW366789.1	k141_14444	47028	89.655	87	9	117
MW366789.1	k141_14444	47028	89.773	88	7	116
MW366789.1	k141_14444	47028	83.486	109	18	116
MW366789.1	k141_14444	47028	80.000	140	24	113
MW366789.1	k141_14444	47028	86.957	92	11	109
MW366789.1	k141_14444	47028	80.000	120	24	109
MW366789.1	k141_14444	47028	86.517	89	11	104
MW366789.1	k141_14444	47028	89.333	75	8	100
MW366789.1	k141_14444	47028	86.420	81	11	97.8
MW366789.1	k141_14444	47028	86.420	81	11	97.8
MW366789.1	k141_14444	47028	87.838	74	9	94.2
MW366789.1	k141_14444	47028	73.457	162	41	92.4
MW366789.1	k141_14444	47028	83.133	83	14	87.8
MW366789.1	k141_14444	47028	83.133	83	14	87.8
MW366789.1	k141_14444	47028	85.333	75	11	86.9
MW366789.1	k141_14444	47028	85.075	67	8	74.3
MW366789.1	k141_14444	47028	83.333	66	11	70.7
MW366789.1	k141_14444	47028	84.091	44	7	49.1
MW366789.1	k141_14444	47028	84.091	44	7	49.1
MW366789.1	k141_14444	47028	81.395	43	8	42.8
MW366789.1	k141_11113	13752	80.268	1566	295	1413
MW366789.1	k141_11113	13752	82.591	718	117	721
MW366789.1	k141_11113	13752	81.149	557	93	538
MW366789.1	k141_11113	13752	66.715	694	153	209
MW366789.1	k141_11113	13752	80.095	211	32	187
MW366789.1	k141_11113	13752	80.095	211	32	187
MW366789.1	k141_11113	13752	76.316	114	27	85.1
MW366789.1	k141_11113	13752	79.630	54	11	49.1
MW366789.1	k141_11113	13752	79.630	54	11	49.1
MW366789.1	k141_94798	20881	77.388	1769	384	1361
MW366789.1	k141_94798	20881	77.388	1769	384	1361
MW366789.1	k141_94798	20881	70.235	1831	507	817
MW366789.1	k141_94798	20881	71.817	1178	330	621
MW366789.1	k141_94798	20881	71.429	1204	310	575
MW366789.1	k141_94798	20881	71.429	1204	310	575
MW366789.1	k141_94798	20881	75.163	306	74	203
MW366789.1	k141_94798	20881	71.731	283	80	150
MW366789.1	k141_94798	20881	70.588	289	75	130
MW366789.1	k141_94798	20881	91.566	83	6	115
MW366789.1	k141_28095	767	73.506	770	191	463
MW366789.1	k141_60220	5754	67.529	1392	361	443
MW366789.1	k141_60220	5754	67.529	1392	361	443
MW366789.1	k141_60220	5754	75.579	475	113	324
MW366789.1	k141_60220	5754	72.785	316	86	183
MW366789.1	k141_60220	5754	78.443	167	35	136
MW366789.1	k141_60220	5754	75.521	192	47	135
MW366789.1	k141_60220	5754	74.057	212	49	132
MW366789.1	k141_60220	5754	86.842	76	10	93.3
MW366789.1	k141_60220	5754	86.842	76	10	93.3
MW366789.1	k141_62081	2677	70.964	923	214	429
MW366789.1	k141_62081	2677	70.964	923	214	429
MW366789.1	k141_62081	2677	93.333	60	4	91.5
MW366789.1	k141_62081	2677	93.333	60	4	91.5
MW366789.1	k141_62081	2677	91.667	60	5	86.9
MW366789.1	k141_62081	2677	91.667	60	5	86.9
MW366789.1	k141_60292	1554	80.251	319	63	292
MW366789.1	k141_60292	1554	80.251	319	63	292
MW366789.1	k141_60292	1554	66.105	475	155	128
MW366789.1	k141_60292	1554	66.105	475	155	128
MW366789.1	k141_77523	1184	71.612	546	89	288
MW366789.1	k141_77523	1184	71.612	546	89	288
MW366789.1	k141_45206	370	79.808	312	63	279
MW366789.1	k141_45206	370	79.808	312	63	279
MW366789.1	k141_315	378	76.720	378	82	278
MW366789.1	k141_315	378	76.720	378	82	278
MW366789.1	k141_1461	896	75.138	362	40	234
MW366789.1	k141_1461	896	75.138	362	40	234
MW366789.1	k141_50326	521	74.805	385	79	233
MW366789.1	k141_50326	521	74.805	385	79	233
MW366789.1	k141_23869	672	70.277	397	114	179
MW366789.1	k141_66780	1028	75.799	219	42	153
MW366789.1	k141_45303	1583	78.723	188	35	150
MW366789.1	k141_45303	1583	78.723	188	35	150
MW366789.1	k141_36957	833	86.408	103	14	123
MW366789.1	k141_86147	355	87.368	95	12	118
MW366789.1	k141_86147	355	87.368	95	12	118
MW366789.1	k141_58274	2346	89.873	79	8	107
MW366789.1	k141_71406	621	93.750	64	4	98.7
MW366789.1	k141_71406	621	93.750	64	4	98.7
MW366789.1	k141_11598	336	80.808	99	19	94.2
MW366789.1	k141_65344	636	84.722	72	7	80.6
MW366789.1	k141_65344	636	84.722	72	7	80.6
MW366789.1	k141_16776	330	92.593	54	4	80.6
MW366789.1	k141_16776	330	92.593	54	4	80.6
MW366789.1	k141_19230	5374	76.522	115	24	80.6
MW366789.1	k141_19230	5374	76.522	115	24	80.6
MW366789.1	k141_19230	5374	82.812	64	11	67.1
MW366789.1	k141_19230	5374	82.812	64	11	67.1
MW366789.1	k141_61623	987	76.415	106	25	79.7
MW366789.1	k141_81017	340	82.667	75	13	77.9
MW366789.1	k141_56081	1183	76.471	102	22	74.3
MW366789.1	k141_56081	1183	76.471	102	22	74.3
MW366789.1	k141_20478	343	70.886	158	21	74.3
MW366789.1	k141_20478	343	70.886	158	21	74.3
MW366789.1	k141_46788	833	92.000	50	4	73.4
MW366789.1	k141_46788	833	92.000	50	4	73.4
MW366789.1	k141_83873	601	92.000	50	4	73.4
MW366789.1	k141_83873	601	92.000	50	4	73.4
MW366789.1	k141_74503	2131	85.455	55	8	64.4
MW366789.1	k141_65055	569	74.725	91	23	61.7
MW366789.1	k141_59046	1042	86.275	51	7	61.7
MW366789.1	k141_81181	770	88.095	42	5	54.5
MW366789.1	k141_81181	770	88.095	42	5	54.5
MW366789.1	k141_19961	659	85.417	48	6	52.7
MW366789.1	k141_40863	492	85.366	41	6	48.2
KT899950.1	k141_83412	9474	88.261	7079	585	8967
KT899950.1	k141_83412	9474	88.261	7079	585	8967
KT899950.1	k141_83412	9474	78.516	512	67	426
KT899950.1	k141_83412	9474	78.516	512	67	426
KT899950.1	k141_83412	9474	86.047	129	11	145
KT899950.1	k141_83412	9474	86.047	129	11	145
KT899950.1	k141_83412	9474	84.884	86	12	94.2
KT899950.1	k141_83412	9474	84.884	86	12	94.2
KT899950.1	k141_86247	31324	82.608	4502	780	4579
KT899950.1	k141_86247	31324	81.188	1701	316	1616
KT899950.1	k141_86247	31324	81.159	1449	272	1379
KT899950.1	k141_86247	31324	76.606	872	201	652
KT899950.1	k141_86247	31324	76.990	804	165	594
KT899950.1	k141_86247	31324	74.559	908	218	586
KT899950.1	k141_86247	31324	73.466	701	183	425
KT899950.1	k141_86247	31324	67.782	1375	296	422
KT899950.1	k141_86247	31324	74.841	473	119	317
KT899950.1	k141_86247	31324	69.785	652	164	287
KT899950.1	k141_86247	31324	68.662	568	178	223
KT899950.1	k141_86247	31324	75.081	309	77	211
KT899950.1	k141_86247	31324	73.264	288	77	173
KT899950.1	k141_86247	31324	93.548	93	5	138
KT899950.1	k141_86247	31324	93.182	88	6	132
KT899950.1	k141_86247	31324	97.183	71	2	120
KT899950.1	k141_86247	31324	95.833	72	3	117
KT899950.1	k141_86247	31324	92.405	79	6	116
KT899950.1	k141_86247	31324	75.309	162	40	113
KT899950.1	k141_86247	31324	92.208	77	6	113
KT899950.1	k141_86247	31324	92.105	76	6	111
KT899950.1	k141_86247	31324	78.462	130	20	103
KT899950.1	k141_86247	31324	77.143	140	30	102
KT899950.1	k141_86247	31324	77.500	120	27	96.0
KT899950.1	k141_86247	31324	76.190	126	30	93.3
KT899950.1	k141_86247	31324	85.135	74	11	85.1
KT899950.1	k141_86247	31324	91.071	56	3	77.0
KT899950.1	k141_86247	31324	80.769	78	15	74.3
KT899950.1	k141_14444	47028	83.232	2475	415	2593
KT899950.1	k141_14444	47028	71.031	3773	1050	1794
KT899950.1	k141_14444	47028	73.566	2092	518	1276
KT899950.1	k141_14444	47028	85.028	1082	159	1211
KT899950.1	k141_14444	47028	74.792	1321	316	866
KT899950.1	k141_14444	47028	72.362	1469	378	791
KT899950.1	k141_14444	47028	79.831	709	138	626
KT899950.1	k141_14444	47028	73.614	974	236	581
KT899950.1	k141_14444	47028	73.614	974	236	581
KT899950.1	k141_14444	47028	75.146	684	164	464
KT899950.1	k141_14444	47028	72.394	518	143	290
KT899950.1	k141_14444	47028	72.394	518	143	290
KT899950.1	k141_14444	47028	82.955	264	45	274
KT899950.1	k141_14444	47028	69.016	681	201	260
KT899950.1	k141_14444	47028	79.024	205	43	177
KT899950.1	k141_14444	47028	84.962	133	19	147
KT899950.1	k141_14444	47028	97.297	74	2	125
KT899950.1	k141_14444	47028	90.805	87	8	122
KT899950.1	k141_14444	47028	81.148	122	23	117
KT899950.1	k141_14444	47028	75.776	161	39	115
KT899950.1	k141_14444	47028	89.412	85	9	113
KT899950.1	k141_14444	47028	80.645	124	23	113
KT899950.1	k141_14444	47028	92.208	77	6	113
KT899950.1	k141_14444	47028	88.372	86	9	107
KT899950.1	k141_14444	47028	88.889	81	9	106
KT899950.1	k141_14444	47028	87.059	85	9	102
KT899950.1	k141_14444	47028	79.310	116	24	102
KT899950.1	k141_14444	47028	86.747	83	11	101
KT899950.1	k141_14444	47028	86.747	83	11	101
KT899950.1	k141_14444	47028	81.188	101	15	96.9
KT899950.1	k141_14444	47028	89.041	73	8	96.9
KT899950.1	k141_14444	47028	77.206	136	23	96.0
KT899950.1	k141_14444	47028	84.146	82	13	90.6
KT899950.1	k141_14444	47028	77.236	123	25	86.0
KT899950.1	k141_14444	47028	76.531	98	23	74.3
KT899950.1	k141_11113	13752	80.420	1573	298	1444
KT899950.1	k141_11113	13752	85.496	655	95	754
KT899950.1	k141_11113	13752	82.342	555	88	560
KT899950.1	k141_11113	13752	76.393	377	89	279
KT899950.1	k141_11113	13752	68.676	680	146	264
KT899950.1	k141_11113	13752	74.317	366	88	238
KT899950.1	k141_11113	13752	68.143	700	207	232
KT899950.1	k141_11113	13752	81.905	210	38	208
KT899950.1	k141_11113	13752	80.882	136	23	123
KT899950.1	k141_11113	13752	64.242	660	165	119
KT899950.1	k141_11113	13752	71.642	201	57	106
KT899950.1	k141_11113	13752	78.261	115	25	96.0
KT899950.1	k141_94798	20881	77.096	1777	381	1335
KT899950.1	k141_94798	20881	71.529	1844	478	916
KT899950.1	k141_94798	20881	72.897	1284	348	747
KT899950.1	k141_94798	20881	71.852	1215	314	617
KT899950.1	k141_94798	20881	73.633	311	82	192
KT899950.1	k141_94798	20881	74.161	298	69	176
KT899950.1	k141_94798	20881	72.333	300	77	159
KT899950.1	k141_94798	20881	92.683	82	6	122
KT899950.1	k141_94798	20881	71.008	238	69	119
KT899950.1	k141_94798	20881	71.200	125	34	57.2
KT899950.1	k141_60220	5754	65.519	2613	697	650
KT899950.1	k141_60220	5754	66.739	1834	502	516
KT899950.1	k141_60220	5754	75.368	475	113	320
KT899950.1	k141_60220	5754	75.068	369	92	251
KT899950.1	k141_60220	5754	88.312	77	9	99.6
KT899950.1	k141_60220	5754	88.312	77	9	99.6
KT899950.1	k141_28095	767	77.013	770	164	585
KT899950.1	k141_36941	322	93.478	322	21	487
KT899950.1	k141_36941	322	93.478	322	21	487
KT899950.1	k141_62081	2677	70.639	923	203	428
KT899950.1	k141_62081	2677	70.639	923	203	428
KT899950.1	k141_62081	2677	78.327	263	55	211
KT899950.1	k141_62081	2677	78.327	263	55	211
KT899950.1	k141_62081	2677	90.000	60	6	82.4
KT899950.1	k141_62081	2677	90.000	60	6	82.4
KT899950.1	k141_60292	1554	76.383	470	111	348
KT899950.1	k141_60292	1554	76.383	470	111	348
KT899950.1	k141_60292	1554	83.072	319	54	333
KT899950.1	k141_60292	1554	83.072	319	54	333
KT899950.1	k141_45206	370	83.333	312	52	329
KT899950.1	k141_77523	1184	71.378	566	92	291
KT899950.1	k141_1461	896	78.310	355	30	278
KT899950.1	k141_1461	896	78.310	355	30	278
KT899950.1	k141_315	378	75.916	382	78	274
KT899950.1	k141_315	378	75.916	382	78	274
KT899950.1	k141_50326	521	74.286	385	79	222
KT899950.1	k141_50326	521	74.286	385	79	222
KT899950.1	k141_23869	672	67.920	452	139	150
KT899950.1	k141_66780	1028	75.342	219	43	144
KT899950.1	k141_36957	833	83.036	112	19	117
KT899950.1	k141_86147	355	86.316	95	13	113
KT899950.1	k141_13484	1191	76.860	121	6	99.6
KT899950.1	k141_13484	1191	76.860	121	6	99.6
KT899950.1	k141_58274	2346	87.342	79	10	98.7
KT899950.1	k141_16776	330	87.179	78	10	96.9
KT899950.1	k141_16776	330	87.179	78	10	96.9
KT899950.1	k141_65344	636	88.889	72	4	94.2
KT899950.1	k141_65344	636	88.889	72	4	94.2
KT899950.1	k141_81017	340	86.667	75	10	91.5
KT899950.1	k141_11598	336	79.798	99	20	89.7
KT899950.1	k141_71406	621	86.842	76	9	89.7
KT899950.1	k141_71406	621	86.842	76	9	89.7
KT899950.1	k141_19230	5374	77.391	115	23	85.1
KT899950.1	k141_19230	5374	77.391	115	23	85.1
KT899950.1	k141_19230	5374	82.812	64	11	67.1
KT899950.1	k141_19230	5374	82.812	64	11	67.1
KT899950.1	k141_56081	1183	77.451	102	21	78.8
KT899950.1	k141_56081	1183	77.451	102	21	78.8
KT899950.1	k141_35172	1284	86.154	65	9	77.9
KT899950.1	k141_35172	1284	86.154	65	9	77.9
KT899950.1	k141_46788	833	92.000	50	4	73.4
KT899950.1	k141_46788	833	92.000	50	4	73.4
KT899950.1	k141_83873	601	92.000	50	4	73.4
KT899950.1	k141_83873	601	92.000	50	4	73.4
KT899950.1	k141_20478	343	70.270	148	19	69.8
KT899950.1	k141_58626	346	82.812	64	11	67.1
KT899950.1	k141_58626	346	82.812	64	11	67.1
KT899950.1	k141_65055	569	75.824	91	22	66.2
KT899950.1	k141_40863	492	87.805	41	5	52.7
KT899950.1	k141_19961	659	85.714	42	6	50.0
GU191334.1	k141_83412	9474	93.504	3156	130	4791
GU191334.1	k141_83412	9474	93.504	3156	130	4791
GU191334.1	k141_83412	9474	85.889	3770	362	4365
GU191334.1	k141_83412	9474	85.889	3770	362	4365
GU191334.1	k141_83412	9474	83.004	506	78	510
GU191334.1	k141_83412	9474	83.004	506	78	510
GU191334.1	k141_83412	9474	98.667	75	1	132
GU191334.1	k141_83412	9474	98.667	75	1	132
GU191334.1	k141_83412	9474	92.500	80	6	118
GU191334.1	k141_83412	9474	92.500	80	6	118
GU191334.1	k141_86247	31324	81.801	4643	832	4549
GU191334.1	k141_86247	31324	83.175	1474	248	1541
GU191334.1	k141_86247	31324	78.552	1823	380	1504
GU191334.1	k141_86247	31324	76.258	914	208	665
GU191334.1	k141_86247	31324	75.000	900	204	610
GU191334.1	k141_86247	31324	82.784	546	93	558
GU191334.1	k141_86247	31324	75.958	757	182	545
GU191334.1	k141_86247	31324	71.174	1065	244	486
GU191334.1	k141_86247	31324	76.000	525	122	374
GU191334.1	k141_86247	31324	70.370	810	228	350
GU191334.1	k141_86247	31324	70.551	635	170	291
GU191334.1	k141_86247	31324	69.797	543	161	239
GU191334.1	k141_86247	31324	84.358	179	19	192
GU191334.1	k141_86247	31324	70.588	425	93	192
GU191334.1	k141_86247	31324	77.982	218	45	176
GU191334.1	k141_86247	31324	84.892	139	20	153
GU191334.1	k141_86247	31324	65.096	934	202	129
GU191334.1	k141_86247	31324	96.000	75	3	123
GU191334.1	k141_86247	31324	90.805	87	8	122
GU191334.1	k141_86247	31324	87.000	100	12	119
GU191334.1	k141_86247	31324	84.259	108	17	119
GU191334.1	k141_86247	31324	83.186	113	19	119
GU191334.1	k141_86247	31324	92.593	81	5	116
GU191334.1	k141_86247	31324	80.000	125	25	113
GU191334.1	k141_86247	31324	94.444	72	4	113
GU191334.1	k141_86247	31324	81.250	96	18	93.3
GU191334.1	k141_86247	31324	76.190	126	30	93.3
GU191334.1	k141_86247	31324	84.211	76	12	84.2
GU191334.1	k141_86247	31324	72.857	70	19	41.9
GU191334.1	k141_86247	31324	72.973	74	14	41.0
GU191334.1	k141_14444	47028	83.157	2464	413	2566
GU191334.1	k141_14444	47028	72.624	3682	976	2049
GU191334.1	k141_14444	47028	79.066	2035	401	1750
GU191334.1	k141_14444	47028	71.024	3358	896	1608
GU191334.1	k141_14444	47028	86.189	1144	150	1336
GU191334.1	k141_14444	47028	75.135	1480	359	996
GU191334.1	k141_14444	47028	78.209	748	159	605
GU191334.1	k141_14444	47028	76.868	696	161	530
GU191334.1	k141_14444	47028	74.374	679	172	434
GU191334.1	k141_14444	47028	73.178	645	167	380
GU191334.1	k141_14444	47028	72.590	529	137	290
GU191334.1	k141_14444	47028	82.558	258	45	263
GU191334.1	k141_14444	47028	76.389	360	62	247
GU191334.1	k141_14444	47028	83.000	200	29	208
GU191334.1	k141_14444	47028	78.818	203	43	173
GU191334.1	k141_14444	47028	87.770	139	16	171
GU191334.1	k141_14444	47028	69.466	393	100	150
GU191334.1	k141_14444	47028	80.745	161	29	144
GU191334.1	k141_14444	47028	84.058	138	16	142
GU191334.1	k141_14444	47028	91.566	83	7	119
GU191334.1	k141_14444	47028	94.667	75	4	118
GU191334.1	k141_14444	47028	88.043	92	8	115
GU191334.1	k141_14444	47028	94.521	73	4	114
GU191334.1	k141_14444	47028	92.958	71	5	106
GU191334.1	k141_14444	47028	87.654	81	10	102
GU191334.1	k141_14444	47028	68.826	247	77	99.6
GU191334.1	k141_14444	47028	90.000	70	7	96.0
GU191334.1	k141_14444	47028	95.349	43	2	69.8
GU191334.1	k141_14444	47028	76.250	80	19	59.9
GU191334.1	k141_14444	47028	87.234	47	6	59.0
GU191334.1	k141_11113	13752	81.297	1588	288	1525
GU191334.1	k141_11113	13752	82.434	723	118	727
GU191334.1	k141_11113	13752	66.745	2559	724	695
GU191334.1	k141_11113	13752	80.214	561	98	510
GU191334.1	k141_11113	13752	77.410	363	79	284
GU191334.1	k141_11113	13752	73.510	453	109	278
GU191334.1	k141_11113	13752	77.734	256	56	202
GU191334.1	k141_11113	13752	69.108	437	108	173
GU191334.1	k141_11113	13752	73.962	265	63	155
GU191334.1	k141_11113	13752	82.222	135	20	131
GU191334.1	k141_11113	13752	77.778	135	27	103
GU191334.1	k141_11113	13752	73.438	128	34	78.8
GU191334.1	k141_94798	20881	75.911	2113	459	1480
GU191334.1	k141_94798	20881	71.565	1878	495	943
GU191334.1	k141_94798	20881	73.481	1399	341	815
GU191334.1	k141_94798	20881	73.500	1317	295	815
GU191334.1	k141_94798	20881	71.362	1285	334	631
GU191334.1	k141_94798	20881	76.781	814	189	617
GU191334.1	k141_94798	20881	76.627	338	77	247
GU191334.1	k141_94798	20881	66.117	971	305	241
GU191334.1	k141_94798	20881	100.000	81	0	147
GU191334.1	k141_94798	20881	94.737	76	4	120
GU191334.1	k141_94798	20881	64.392	674	217	110
GU191334.1	k141_94798	20881	66.570	344	109	104
GU191334.1	k141_94798	20881	65.443	463	134	97.8
GU191334.1	k141_94798	20881	67.687	294	93	96.0
GU191334.1	k141_94798	20881	71.528	144	39	68.9
GU191334.1	k141_94798	20881	68.605	172	54	68.0
GU191334.1	k141_94798	20881	68.605	172	54	68.0
GU191334.1	k141_60220	5754	70.782	1944	517	929
GU191334.1	k141_60220	5754	77.941	476	103	383
GU191334.1	k141_60220	5754	78.400	375	81	312
GU191334.1	k141_60220	5754	100.000	75	0	136
GU191334.1	k141_28095	767	76.494	753	170	558
GU191334.1	k141_62081	2677	70.802	935	203	434
GU191334.1	k141_62081	2677	70.802	935	203	434
GU191334.1	k141_62081	2677	77.567	263	57	202
GU191334.1	k141_62081	2677	77.567	263	57	202
GU191334.1	k141_62081	2677	91.667	60	5	86.9
GU191334.1	k141_62081	2677	91.667	60	5	86.9
GU191334.1	k141_45206	370	82.315	311	55	314
GU191334.1	k141_77523	1184	71.936	563	94	307
GU191334.1	k141_1461	896	79.155	355	27	291
GU191334.1	k141_1461	896	79.155	355	27	291
GU191334.1	k141_315	378	76.800	375	87	285
GU191334.1	k141_315	378	76.800	375	87	285
GU191334.1	k141_60292	1554	79.412	272	56	239
GU191334.1	k141_60292	1554	72.261	429	119	238
GU191334.1	k141_50326	521	74.286	385	79	226
GU191334.1	k141_50326	521	74.286	385	79	226
GU191334.1	k141_66780	1028	76.349	241	43	173
GU191334.1	k141_45303	1583	73.034	267	63	148
GU191334.1	k141_23869	672	68.056	360	111	126
GU191334.1	k141_71406	621	98.551	69	1	121
GU191334.1	k141_71406	621	98.551	69	1	121
GU191334.1	k141_36957	833	82.727	110	19	113
GU191334.1	k141_11598	336	84.783	92	14	104
GU191334.1	k141_86147	355	84.043	94	15	103
GU191334.1	k141_58274	2346	85.393	89	12	99.6
GU191334.1	k141_65055	569	81.443	97	18	95.1
GU191334.1	k141_19230	5374	78.261	115	22	89.7
GU191334.1	k141_19230	5374	78.261	115	22	89.7
GU191334.1	k141_19230	5374	82.812	64	11	67.1
GU191334.1	k141_19230	5374	82.812	64	11	67.1
GU191334.1	k141_61623	987	78.302	106	23	88.7
GU191334.1	k141_16776	330	84.932	73	11	83.3
GU191334.1	k141_16776	330	84.932	73	11	83.3
GU191334.1	k141_81017	340	82.895	76	13	79.7
GU191334.1	k141_14483	342	81.707	82	13	78.8
GU191334.1	k141_24076	822	87.302	63	8	78.8
GU191334.1	k141_65344	636	94.000	50	3	77.9
GU191334.1	k141_65344	636	94.000	50	3	77.9
GU191334.1	k141_13484	1191	75.789	95	6	75.2
GU191334.1	k141_13484	1191	75.789	95	6	75.2
GU191334.1	k141_72002	851	86.792	53	7	65.3
GU191334.1	k141_72906	2041	69.048	126	37	45.5
GU191334.1	k141_40863	492	82.927	41	7	43.7
GU191334.1	k141_2080	1631	67.857	140	39	42.8
