MZ962720.1	k141_37225	26190	90.590	7641	477	10482
MZ962720.1	k141_37225	26190	90.590	7641	477	10482
MZ962720.1	k141_37225	26190	87.078	3196	246	3936
MZ962720.1	k141_37225	26190	87.078	3196	246	3936
MZ962720.1	k141_37225	26190	87.371	1449	144	1788
MZ962720.1	k141_37225	26190	87.371	1449	144	1788
MZ962720.1	k141_37225	26190	80.760	816	77	778
MZ962720.1	k141_37225	26190	86.624	628	72	756
MZ962720.1	k141_37225	26190	86.624	628	72	756
MZ962720.1	k141_37225	26190	88.759	427	48	554
MZ962720.1	k141_37225	26190	88.759	427	48	554
MZ962720.1	k141_37225	26190	83.429	350	31	363
MZ962720.1	k141_37225	26190	83.429	350	31	363
MZ962720.1	k141_37225	26190	83.849	291	34	316
MZ962720.1	k141_37225	26190	83.849	291	34	316
MZ962720.1	k141_37225	26190	83.146	267	23	272
MZ962720.1	k141_37225	26190	83.146	267	23	272
MZ962720.1	k141_37225	26190	75.248	404	52	268
MZ962720.1	k141_37225	26190	75.248	404	52	268
MZ962720.1	k141_37225	26190	83.265	245	26	253
MZ962720.1	k141_37225	26190	72.296	379	51	214
MZ962720.1	k141_37225	26190	72.296	379	51	214
MZ962720.1	k141_37225	26190	85.246	183	27	209
MZ962720.1	k141_37225	26190	85.246	183	27	209
MZ962720.1	k141_37225	26190	87.805	82	6	103
MZ962720.1	k141_37225	26190	87.805	82	6	103
MZ962720.1	k141_37225	26190	74.545	110	28	73.4
MZ962720.1	k141_37225	26190	74.545	110	28	73.4
MZ962720.1	k141_37225	26190	75.758	99	24	71.6
MZ962720.1	k141_37225	26190	75.758	99	24	71.6
MZ962720.1	k141_37225	26190	95.238	42	2	68.0
MZ962720.1	k141_37225	26190	95.238	42	2	68.0
MZ962720.1	k141_37225	26190	94.595	37	2	59.0
MZ962720.1	k141_82650	27136	78.100	8452	1563	6788
MZ962720.1	k141_82650	27136	90.634	2477	232	3422
MZ962720.1	k141_82650	27136	85.714	2142	256	2470
MZ962720.1	k141_82650	27136	79.709	1513	240	1342
MZ962720.1	k141_82650	27136	73.767	2108	453	1232
MZ962720.1	k141_82650	27136	85.642	794	105	913
MZ962720.1	k141_82650	27136	69.474	1140	241	494
MZ962720.1	k141_82650	27136	84.987	393	42	436
MZ962720.1	k141_82650	27136	81.797	434	57	402
MZ962720.1	k141_82650	27136	74.414	512	81	320
MZ962720.1	k141_82650	27136	83.740	246	35	260
MZ962720.1	k141_82650	27136	82.381	210	28	216
MZ962720.1	k141_82650	27136	82.381	210	28	216
MZ962720.1	k141_82650	27136	74.074	351	66	214
MZ962720.1	k141_82650	27136	83.240	179	25	188
MZ962720.1	k141_82650	27136	80.952	189	29	181
MZ962720.1	k141_82650	27136	80.952	189	29	181
MZ962720.1	k141_82650	27136	73.310	281	23	180
MZ962720.1	k141_82650	27136	69.933	449	80	166
MZ962720.1	k141_82650	27136	89.216	102	4	132
MZ962720.1	k141_82650	27136	97.368	76	2	129
MZ962720.1	k141_82650	27136	77.551	147	31	110
MZ962720.1	k141_82650	27136	92.000	75	5	105
MZ962720.1	k141_82650	27136	88.000	75	9	96.0
MZ962720.1	k141_82650	27136	66.531	245	76	65.3
MZ962720.1	k141_82650	27136	75.439	57	14	41.0
MZ962720.1	k141_5649	27769	78.190	5062	778	4004
MZ962720.1	k141_5649	27769	77.806	1978	361	1537
MZ962720.1	k141_5649	27769	75.238	1575	312	1054
MZ962720.1	k141_5649	27769	80.957	1066	125	1024
MZ962720.1	k141_5649	27769	86.379	602	68	720
MZ962720.1	k141_5649	27769	81.770	565	100	554
MZ962720.1	k141_5649	27769	79.554	538	110	475
MZ962720.1	k141_5649	27769	79.554	538	110	475
MZ962720.1	k141_5649	27769	70.509	963	131	464
MZ962720.1	k141_5649	27769	68.725	988	239	349
MZ962720.1	k141_5649	27769	76.065	493	107	345
MZ962720.1	k141_5649	27769	78.478	381	71	319
MZ962720.1	k141_5649	27769	73.753	461	53	312
MZ962720.1	k141_5649	27769	70.597	636	134	285
MZ962720.1	k141_5649	27769	75.978	358	86	259
MZ962720.1	k141_5649	27769	73.068	427	62	242
MZ962720.1	k141_5649	27769	73.068	427	62	242
MZ962720.1	k141_5649	27769	65.182	1235	278	237
MZ962720.1	k141_5649	27769	84.492	187	29	207
MZ962720.1	k141_5649	27769	67.317	615	138	188
MZ962720.1	k141_5649	27769	77.073	205	36	164
MZ962720.1	k141_5649	27769	81.548	168	29	161
MZ962720.1	k141_5649	27769	77.340	203	46	159
MZ962720.1	k141_5649	27769	75.107	233	48	150
MZ962720.1	k141_5649	27769	79.630	162	33	144
MZ962720.1	k141_5649	27769	79.739	153	27	127
MZ962720.1	k141_5649	27769	79.739	153	27	127
MZ962720.1	k141_5649	27769	80.469	128	25	119
MZ962720.1	k141_5649	27769	78.448	116	25	97.8
MZ962720.1	k141_5649	27769	78.448	116	25	97.8
MZ962720.1	k141_5649	27769	78.846	104	16	90.6
MZ962720.1	k141_5649	27769	78.846	104	16	90.6
MZ962720.1	k141_5649	27769	87.692	65	8	82.4
MZ962720.1	k141_5649	27769	72.727	143	37	80.6
MZ962720.1	k141_5649	27769	73.333	120	32	73.4
MZ962720.1	k141_5649	27769	73.333	120	32	73.4
MZ962720.1	k141_5649	27769	75.758	99	24	71.6
MZ962720.1	k141_5649	27769	75.758	99	24	71.6
MZ962720.1	k141_3871	18435	87.484	3116	370	3853
MZ962720.1	k141_3871	18435	84.048	2006	283	2168
MZ962720.1	k141_3871	18435	86.886	1426	180	1722
MZ962720.1	k141_3871	18435	78.956	1801	316	1511
MZ962720.1	k141_3871	18435	72.560	1844	331	977
MZ962720.1	k141_3871	18435	74.152	1002	177	565
MZ962720.1	k141_3871	18435	76.200	521	95	362
MZ962720.1	k141_3871	18435	85.345	232	29	266
MZ962720.1	k141_3871	18435	84.783	230	30	258
MZ962720.1	k141_3871	18435	90.698	129	11	176
MZ962720.1	k141_3871	18435	86.897	145	12	169
MZ962720.1	k141_3871	18435	94.898	98	5	155
MZ962720.1	k141_3871	18435	66.893	589	171	151
MZ962720.1	k141_3871	18435	93.182	88	5	129
MZ962720.1	k141_3871	18435	93.506	77	5	117
MZ962720.1	k141_3871	18435	76.744	129	23	96.0
MZ962720.1	k141_79486	17689	79.479	4337	693	3735
MZ962720.1	k141_79486	17689	79.479	4337	693	3735
MZ962720.1	k141_79486	17689	76.214	2245	494	1610
MZ962720.1	k141_79486	17689	77.846	1950	396	1548
MZ962720.1	k141_79486	17689	74.200	1000	214	604
MZ962720.1	k141_79486	17689	80.435	598	117	552
MZ962720.1	k141_79486	17689	80.435	598	117	552
MZ962720.1	k141_79486	17689	79.822	337	66	299
MZ962720.1	k141_79486	17689	89.000	100	10	128
MZ962720.1	k141_44080	10618	90.062	1127	106	1525
MZ962720.1	k141_44080	10618	82.363	1151	183	1130
MZ962720.1	k141_44080	10618	71.071	1317	337	639
MZ962720.1	k141_44080	10618	70.495	888	164	361
MZ962720.1	k141_44080	10618	72.566	678	141	344
MZ962720.1	k141_44080	10618	74.408	422	63	257
MZ962720.1	k141_44080	10618	84.884	172	25	190
MZ962720.1	k141_44080	10618	81.183	186	29	179
MZ962720.1	k141_44080	10618	85.294	136	15	151
MZ962720.1	k141_44080	10618	92.708	96	7	142
MZ962720.1	k141_44080	10618	93.548	93	3	140
MZ962720.1	k141_44080	10618	93.548	93	3	140
MZ962720.1	k141_44080	10618	84.314	102	16	113
MZ962720.1	k141_44080	10618	84.314	102	16	113
MZ962720.1	k141_44080	10618	92.105	76	5	107
MZ962720.1	k141_44080	10618	74.545	110	28	73.4
MZ962720.1	k141_44080	10618	74.545	110	28	73.4
MZ962720.1	k141_44080	10618	75.758	99	24	71.6
MZ962720.1	k141_44080	10618	75.758	99	24	71.6
MZ962720.1	k141_44080	10618	81.132	53	10	51.8
MZ962720.1	k141_44080	10618	81.132	53	10	51.8
MZ962720.1	k141_61964	11543	70.848	1156	272	517
MZ962720.1	k141_61964	11543	70.848	1156	272	517
MZ962720.1	k141_61964	11543	82.474	97	16	96.0
MZ962720.1	k141_61964	11543	82.474	97	16	96.0
MZ962720.1	k141_61964	11543	64.660	515	154	94.2
MZ962720.1	k141_61964	11543	64.660	515	154	94.2
MZ962720.1	k141_8510	10927	71.219	886	213	410
MZ962720.1	k141_8510	10927	71.219	886	213	410
MZ962720.1	k141_8510	10927	88.525	61	7	79.7
MZ962720.1	k141_8510	10927	88.525	61	7	79.7
MZ962720.1	k141_8510	10927	88.525	61	7	79.7
MZ962720.1	k141_38326	13706	86.348	293	39	345
MZ962720.1	k141_38326	13706	91.753	97	8	140
MZ962720.1	k141_19812	341	82.972	323	35	331
MZ962720.1	k141_19812	341	82.972	323	35	331
MZ962720.1	k141_42507	223	86.036	222	31	261
MZ962720.1	k141_44689	17852	68.232	639	191	222
MZ962720.1	k141_44689	17852	75.517	290	34	201
MZ962720.1	k141_44689	17852	74.667	225	45	138
MZ962720.1	k141_44689	17852	74.157	89	23	58.1
MZ962720.1	k141_63176	361	94.286	140	8	217
MZ962720.1	k141_5756	1826	84.492	187	29	207
MZ962720.1	k141_35202	454	69.959	486	89	189
MZ962720.1	k141_18182	689	94.444	108	6	168
MZ962720.1	k141_18182	689	94.444	108	6	168
MZ962720.1	k141_15974	2010	85.294	136	20	156
MZ962720.1	k141_86759	5277	84.397	141	22	156
MZ962720.1	k141_86759	5277	92.105	76	6	111
MZ962720.1	k141_86759	5277	77.273	66	15	52.7
MZ962720.1	k141_34712	35005	78.610	187	34	154
MZ962720.1	k141_34712	35005	96.250	80	3	132
MZ962720.1	k141_34712	35005	96.250	80	3	132
MZ962720.1	k141_26230	326	83.571	140	20	143
MZ962720.1	k141_26230	326	88.571	105	12	136
MZ962720.1	k141_56962	36827	97.500	80	2	136
MZ962720.1	k141_56962	36827	97.500	80	2	136
MZ962720.1	k141_80430	1259	89.247	93	10	123
MZ962720.1	k141_78707	535	86.813	91	12	111
MZ962720.1	k141_43644	607	94.444	72	3	109
MZ962720.1	k141_43644	607	94.444	72	3	109
MZ962720.1	k141_53633	487	87.342	79	10	98.7
MZ962720.1	k141_65213	564	82.796	93	16	96.9
MZ962720.1	k141_12668	421	87.324	71	9	88.7
MZ962720.1	k141_12668	421	87.324	71	9	88.7
MZ962720.1	k141_40742	473	94.444	54	3	85.1
MZ962720.1	k141_40742	473	94.444	54	3	85.1
MZ962720.1	k141_52988	571	84.722	72	11	81.5
MZ962720.1	k141_52988	571	84.722	72	11	81.5
MZ962720.1	k141_18149	9581	76.522	115	24	80.6
MZ962720.1	k141_18149	9581	76.522	115	24	80.6
MZ962720.1	k141_18149	9581	82.812	64	11	67.1
MZ962720.1	k141_18149	9581	82.812	64	11	67.1
MZ962720.1	k141_31643	18715	73.333	135	32	77.0
MZ962720.1	k141_58	397	97.727	44	1	76.1
MZ962720.1	k141_58	397	97.727	44	1	76.1
MZ962720.1	k141_49816	622	82.812	64	11	67.1
MZ962720.1	k141_49816	622	82.812	64	11	67.1
MZ962720.1	k141_77445	28235	83.333	60	10	64.4
MZ962720.1	k141_77445	28235	83.333	60	10	64.4
MZ962720.1	k141_77445	28235	83.333	60	10	64.4
MZ962720.1	k141_57940	4487	82.609	46	8	48.2
MZ962720.1	k141_57940	4487	82.609	46	8	48.2
MH569081.1	k141_37225	26190	90.802	4175	252	5805
MH569081.1	k141_37225	26190	90.802	4175	252	5805
MH569081.1	k141_37225	26190	92.153	3033	154	4360
MH569081.1	k141_37225	26190	92.153	3033	154	4360
MH569081.1	k141_37225	26190	91.137	2956	185	4134
MH569081.1	k141_37225	26190	91.137	2956	185	4134
MH569081.1	k141_37225	26190	88.676	2296	136	2955
MH569081.1	k141_37225	26190	88.676	2296	136	2955
MH569081.1	k141_37225	26190	86.538	988	112	1170
MH569081.1	k141_37225	26190	86.538	988	112	1170
MH569081.1	k141_37225	26190	81.911	879	140	859
MH569081.1	k141_37225	26190	81.911	879	140	859
MH569081.1	k141_37225	26190	77.338	834	121	610
MH569081.1	k141_37225	26190	77.338	834	121	610
MH569081.1	k141_37225	26190	90.115	435	42	588
MH569081.1	k141_37225	26190	90.115	435	42	588
MH569081.1	k141_37225	26190	75.931	806	112	577
MH569081.1	k141_37225	26190	75.931	806	112	577
MH569081.1	k141_37225	26190	81.957	460	61	453
MH569081.1	k141_37225	26190	81.957	460	61	453
MH569081.1	k141_37225	26190	75.969	387	37	316
MH569081.1	k141_37225	26190	75.969	387	37	316
MH569081.1	k141_37225	26190	80.804	224	27	216
MH569081.1	k141_37225	26190	80.804	224	27	216
MH569081.1	k141_37225	26190	78.431	102	17	81.5
MH569081.1	k141_37225	26190	92.453	53	3	75.2
MH569081.1	k141_37225	26190	92.453	53	3	75.2
MH569081.1	k141_37225	26190	89.583	48	5	65.3
MH569081.1	k141_37225	26190	92.857	42	3	63.5
MH569081.1	k141_37225	26190	92.857	42	3	63.5
MH569081.1	k141_37225	26190	90.476	42	4	59.0
MH569081.1	k141_3871	18435	88.006	3110	347	3920
MH569081.1	k141_3871	18435	83.584	1931	308	2049
MH569081.1	k141_3871	18435	86.685	1457	184	1749
MH569081.1	k141_3871	18435	81.137	1776	307	1642
MH569081.1	k141_3871	18435	74.772	1756	287	1108
MH569081.1	k141_3871	18435	80.655	672	125	613
MH569081.1	k141_3871	18435	72.929	1038	171	588
MH569081.1	k141_3871	18435	88.725	204	18	265
MH569081.1	k141_3871	18435	78.049	246	27	203
MH569081.1	k141_3871	18435	92.248	129	10	188
MH569081.1	k141_3871	18435	67.063	589	170	169
MH569081.1	k141_3871	18435	93.333	105	5	156
MH569081.1	k141_3871	18435	89.691	97	4	132
MH569081.1	k141_3871	18435	90.217	92	6	120
MH569081.1	k141_3871	18435	83.871	62	8	60.8
MH569081.1	k141_3871	18435	86.667	45	6	55.4
MH569081.1	k141_3871	18435	86.667	45	6	55.4
MH569081.1	k141_3871	18435	74.194	62	16	41.0
MH569081.1	k141_82650	27136	82.057	3879	602	3844
MH569081.1	k141_82650	27136	89.351	2479	264	3281
MH569081.1	k141_82650	27136	79.856	3341	586	2975
MH569081.1	k141_82650	27136	83.953	2368	312	2547
MH569081.1	k141_82650	27136	80.509	1729	302	1572
MH569081.1	k141_82650	27136	73.267	2222	484	1312
MH569081.1	k141_82650	27136	80.109	1468	238	1308
MH569081.1	k141_82650	27136	79.317	527	75	436
MH569081.1	k141_82650	27136	86.018	329	36	382
MH569081.1	k141_82650	27136	78.550	331	29	288
MH569081.1	k141_82650	27136	78.797	316	60	266
MH569081.1	k141_82650	27136	81.041	269	43	250
MH569081.1	k141_82650	27136	85.279	197	23	226
MH569081.1	k141_82650	27136	86.179	123	11	142
MH569081.1	k141_82650	27136	98.667	75	1	132
MH569081.1	k141_82650	27136	91.566	83	7	119
MH569081.1	k141_82650	27136	89.773	88	7	112
MH569081.1	k141_82650	27136	69.549	266	61	111
MH569081.1	k141_82650	27136	74.302	179	25	108
MH569081.1	k141_82650	27136	87.500	56	7	70.7
MH569081.1	k141_82650	27136	69.828	116	35	52.7
MH569081.1	k141_5649	27769	77.043	4992	801	3760
MH569081.1	k141_5649	27769	74.342	1937	361	1209
MH569081.1	k141_5649	27769	84.019	1070	157	1159
MH569081.1	k141_5649	27769	75.575	1564	322	1104
MH569081.1	k141_5649	27769	82.670	1056	120	1078
MH569081.1	k141_5649	27769	82.090	670	90	673
MH569081.1	k141_5649	27769	70.660	1319	240	632
MH569081.1	k141_5649	27769	82.832	565	94	581
MH569081.1	k141_5649	27769	72.727	946	181	478
MH569081.1	k141_5649	27769	74.043	705	166	449
MH569081.1	k141_5649	27769	76.375	491	109	356
MH569081.1	k141_5649	27769	71.993	582	115	318
MH569081.1	k141_5649	27769	86.250	240	30	283
MH569081.1	k141_5649	27769	77.000	300	60	230
MH569081.1	k141_5649	27769	77.000	300	60	230
MH569081.1	k141_5649	27769	76.157	281	67	205
MH569081.1	k141_5649	27769	79.487	234	46	204
MH569081.1	k141_5649	27769	81.463	205	38	199
MH569081.1	k141_5649	27769	85.065	154	23	175
MH569081.1	k141_5649	27769	77.273	220	50	172
MH569081.1	k141_5649	27769	80.460	174	31	150
MH569081.1	k141_5649	27769	85.039	127	19	144
MH569081.1	k141_5649	27769	82.051	39	7	40.1
MH569081.1	k141_79486	17689	78.460	2702	482	2200
MH569081.1	k141_79486	17689	80.100	2005	350	1799
MH569081.1	k141_79486	17689	75.664	2260	486	1546
MH569081.1	k141_79486	17689	78.044	1462	274	1156
MH569081.1	k141_79486	17689	74.273	1135	244	720
MH569081.1	k141_79486	17689	76.979	960	194	710
MH569081.1	k141_79486	17689	78.358	536	101	426
MH569081.1	k141_79486	17689	69.027	339	74	126
MH569081.1	k141_79486	17689	88.542	96	11	124
MH569081.1	k141_79486	17689	84.783	92	14	104
MH569081.1	k141_79486	17689	84.783	92	14	104
MH569081.1	k141_79486	17689	100.000	43	0	78.8
MH569081.1	k141_79486	17689	100.000	43	0	78.8
MH569081.1	k141_79486	17689	90.476	42	4	59.0
MH569081.1	k141_44080	10618	86.727	1439	141	1726
MH569081.1	k141_44080	10618	82.180	1156	192	1129
MH569081.1	k141_44080	10618	69.710	2344	569	956
MH569081.1	k141_44080	10618	69.344	1220	213	434
MH569081.1	k141_44080	10618	72.816	618	107	354
MH569081.1	k141_44080	10618	69.514	843	146	345
MH569081.1	k141_44080	10618	87.013	154	13	181
MH569081.1	k141_44080	10618	100.000	79	0	143
MH569081.1	k141_44080	10618	100.000	79	0	143
MH569081.1	k141_44080	10618	90.291	103	10	141
MH569081.1	k141_44080	10618	81.633	49	9	49.1
MH569081.1	k141_44080	10618	75.714	70	11	42.8
MH569081.1	k141_61964	11543	71.069	1151	274	511
MH569081.1	k141_61964	11543	71.069	1151	274	511
MH569081.1	k141_61964	11543	74.641	209	51	132
MH569081.1	k141_61964	11543	74.641	209	51	132
MH569081.1	k141_61964	11543	80.412	97	19	90.6
MH569081.1	k141_61964	11543	80.412	97	19	90.6
MH569081.1	k141_61964	11543	71.338	157	40	72.5
MH569081.1	k141_61964	11543	71.338	157	40	72.5
MH569081.1	k141_8510	10927	71.477	880	214	431
MH569081.1	k141_8510	10927	71.477	880	214	431
MH569081.1	k141_8510	10927	90.164	61	6	84.2
MH569081.1	k141_8510	10927	90.164	61	6	84.2
MH569081.1	k141_38326	13706	85.763	295	41	340
MH569081.1	k141_38326	13706	97.531	81	2	138
MH569081.1	k141_19812	341	82.067	329	29	324
MH569081.1	k141_19812	341	82.067	329	29	324
MH569081.1	k141_35202	454	74.268	478	77	278
MH569081.1	k141_42507	223	87.387	222	28	275
MH569081.1	k141_44689	17852	70.358	614	102	274
MH569081.1	k141_44689	17852	72.454	432	117	236
MH569081.1	k141_44689	17852	75.325	77	19	54.5
MH569081.1	k141_63176	361	95.714	140	6	226
MH569081.1	k141_5756	1826	85.119	168	25	191
MH569081.1	k141_34712	35005	75.954	262	40	178
MH569081.1	k141_34712	35005	97.500	80	2	136
MH569081.1	k141_34712	35005	97.500	80	2	136
MH569081.1	k141_86759	5277	87.143	140	18	172
MH569081.1	k141_86759	5277	94.521	73	4	114
MH569081.1	k141_15974	2010	83.688	141	23	151
MH569081.1	k141_26230	326	89.623	106	11	142
MH569081.1	k141_56962	36827	95.238	84	4	134
MH569081.1	k141_56962	36827	95.238	84	4	134
MH569081.1	k141_18182	689	80.159	126	7	123
MH569081.1	k141_18182	689	80.159	126	7	123
MH569081.1	k141_78707	535	89.888	89	9	121
MH569081.1	k141_43644	607	95.775	71	3	115
MH569081.1	k141_43644	607	95.775	71	3	115
MH569081.1	k141_12668	421	89.333	75	7	96.9
MH569081.1	k141_12668	421	89.333	75	7	96.9
MH569081.1	k141_39192	303	87.143	70	9	86.9
MH569081.1	k141_39192	303	87.143	70	9	86.9
MH569081.1	k141_40742	473	94.444	54	3	85.1
MH569081.1	k141_40742	473	94.444	54	3	85.1
MH569081.1	k141_18149	9581	77.391	115	23	85.1
MH569081.1	k141_18149	9581	77.391	115	23	85.1
MH569081.1	k141_18149	9581	82.812	64	11	67.1
MH569081.1	k141_18149	9581	82.812	64	11	67.1
MH569081.1	k141_58	397	100.000	44	0	80.6
MH569081.1	k141_58	397	100.000	44	0	80.6
MH569081.1	k141_53633	487	81.013	79	15	76.1
MH569081.1	k141_77445	28235	85.000	60	9	68.9
MH569081.1	k141_77445	28235	85.000	60	9	68.9
MH569081.1	k141_49816	622	82.812	64	11	67.1
MH569081.1	k141_49816	622	82.812	64	11	67.1
MH569081.1	k141_31643	18715	73.109	119	30	64.4
MH569081.1	k141_23671	1034	77.143	70	16	55.4
MH569081.1	k141_69680	551	72.857	70	6	44.6
MH569081.1	k141_69680	551	72.857	70	6	44.6
MH569081.1	k141_57940	4487	80.488	41	8	39.2
NC_033978.1	k141_37225	26190	91.992	11338	602	16287
NC_033978.1	k141_37225	26190	93.080	10737	455	15949
NC_033978.1	k141_37225	26190	92.434	8525	468	12545
NC_033978.1	k141_37225	26190	92.434	8525	468	12545
NC_033978.1	k141_37225	26190	93.731	4706	178	7159
NC_033978.1	k141_37225	26190	93.731	4706	178	7159
NC_033978.1	k141_37225	26190	86.144	931	55	1093
NC_033978.1	k141_37225	26190	86.144	931	55	1093
NC_033978.1	k141_37225	26190	91.796	646	28	936
NC_033978.1	k141_37225	26190	92.843	489	18	736
NC_033978.1	k141_37225	26190	100.000	39	0	71.6
NC_033978.1	k141_37225	26190	94.872	39	2	62.6
NC_033978.1	k141_82650	27136	85.065	12923	1571	14536
NC_033978.1	k141_82650	27136	88.787	3041	261	3947
NC_033978.1	k141_82650	27136	88.153	2642	254	3326
NC_033978.1	k141_82650	27136	84.922	2129	214	2390
NC_033978.1	k141_82650	27136	71.009	1090	190	520
NC_033978.1	k141_82650	27136	84.198	405	41	414
NC_033978.1	k141_82650	27136	85.761	309	19	373
NC_033978.1	k141_82650	27136	82.670	352	48	359
NC_033978.1	k141_82650	27136	93.671	158	10	241
NC_033978.1	k141_82650	27136	88.321	137	15	172
NC_033978.1	k141_82650	27136	70.620	371	64	160
NC_033978.1	k141_82650	27136	78.261	207	24	159
NC_033978.1	k141_82650	27136	75.099	253	32	147
NC_033978.1	k141_82650	27136	76.364	165	39	123
NC_033978.1	k141_82650	27136	68.129	342	68	113
NC_033978.1	k141_82650	27136	67.483	286	42	98.7
NC_033978.1	k141_5649	27769	79.487	14274	1916	12485
NC_033978.1	k141_5649	27769	77.098	2729	406	2108
NC_033978.1	k141_5649	27769	75.361	2492	406	1689
NC_033978.1	k141_5649	27769	75.633	2450	438	1668
NC_033978.1	k141_5649	27769	84.153	1199	132	1291
NC_033978.1	k141_5649	27769	75.633	1264	195	831
NC_033978.1	k141_5649	27769	85.609	681	90	785
NC_033978.1	k141_5649	27769	75.058	433	54	280
NC_033978.1	k141_5649	27769	78.395	324	47	254
NC_033978.1	k141_5649	27769	79.098	244	31	197
NC_033978.1	k141_5649	27769	89.744	39	4	53.6
NC_033978.1	k141_3871	18435	92.506	3096	231	4534
NC_033978.1	k141_3871	18435	87.277	2295	222	2787
NC_033978.1	k141_3871	18435	87.115	1754	174	2142
NC_033978.1	k141_3871	18435	84.112	1926	223	2102
NC_033978.1	k141_3871	18435	79.501	2244	256	1955
NC_033978.1	k141_3871	18435	76.574	1255	180	920
NC_033978.1	k141_3871	18435	78.995	1095	121	893
NC_033978.1	k141_3871	18435	69.497	636	100	277
NC_033978.1	k141_3871	18435	95.541	157	7	252
NC_033978.1	k141_3871	18435	82.096	229	38	218
NC_033978.1	k141_3871	18435	87.681	138	9	171
NC_033978.1	k141_3871	18435	65.195	589	181	120
NC_033978.1	k141_3871	18435	86.667	45	6	55.4
NC_033978.1	k141_3871	18435	86.667	45	6	55.4
NC_033978.1	k141_3871	18435	74.194	62	16	41.0
NC_033978.1	k141_79486	17689	80.928	3361	523	3094
NC_033978.1	k141_79486	17689	82.180	2761	373	2756
NC_033978.1	k141_79486	17689	81.758	2253	379	2204
NC_033978.1	k141_79486	17689	71.188	4092	929	2006
NC_033978.1	k141_79486	17689	85.333	1350	167	1526
NC_033978.1	k141_79486	17689	78.402	1264	210	1052
NC_033978.1	k141_79486	17689	79.779	272	42	233
NC_033978.1	k141_79486	17689	100.000	42	0	77.0
NC_033978.1	k141_79486	17689	100.000	42	0	77.0
NC_033978.1	k141_79486	17689	74.312	109	22	72.5
NC_033978.1	k141_79486	17689	92.857	42	3	63.5
NC_033978.1	k141_44080	10618	76.175	2724	519	1933
NC_033978.1	k141_44080	10618	92.231	1300	85	1877
NC_033978.1	k141_44080	10618	90.254	944	92	1288
NC_033978.1	k141_44080	10618	77.803	883	128	681
NC_033978.1	k141_44080	10618	72.214	1274	220	647
NC_033978.1	k141_44080	10618	71.126	1039	190	472
NC_033978.1	k141_44080	10618	76.989	352	48	251
NC_033978.1	k141_44080	10618	91.367	139	12	197
NC_033978.1	k141_44080	10618	92.373	118	7	166
NC_033978.1	k141_44080	10618	98.780	82	1	144
NC_033978.1	k141_44080	10618	76.812	69	14	46.4
NC_033978.1	k141_61964	11543	70.920	1152	274	519
NC_033978.1	k141_61964	11543	70.920	1152	274	519
NC_033978.1	k141_61964	11543	65.703	519	144	111
NC_033978.1	k141_61964	11543	65.703	519	144	111
NC_033978.1	k141_8510	10927	72.014	879	211	441
NC_033978.1	k141_8510	10927	72.014	879	211	441
NC_033978.1	k141_8510	10927	78.788	264	54	217
NC_033978.1	k141_8510	10927	78.788	264	54	217
NC_033978.1	k141_8510	10927	86.885	61	8	75.2
NC_033978.1	k141_8510	10927	86.885	61	8	75.2
NC_033978.1	k141_44689	17852	74.584	661	102	427
NC_033978.1	k141_44689	17852	66.922	783	220	244
NC_033978.1	k141_35202	454	79.141	489	52	409
NC_033978.1	k141_38326	13706	89.701	301	29	397
NC_033978.1	k141_38326	13706	68.112	392	56	143
NC_033978.1	k141_38326	13706	78.409	88	13	75.2
NC_033978.1	k141_42507	223	90.583	223	21	308
NC_033978.1	k141_5756	1826	83.984	256	32	277
NC_033978.1	k141_19812	341	85.903	227	10	272
NC_033978.1	k141_19812	341	85.903	227	10	272
NC_033978.1	k141_19812	341	97.436	39	1	67.1
NC_033978.1	k141_34712	35005	80.000	285	33	252
NC_033978.1	k141_34712	35005	97.468	79	2	134
NC_033978.1	k141_23643	11967	95.714	140	6	226
NC_033978.1	k141_23643	11967	95.714	140	6	226
NC_033978.1	k141_63176	361	95.714	140	6	226
NC_033978.1	k141_86759	5277	92.199	141	11	205
NC_033978.1	k141_86759	5277	93.590	78	5	119
NC_033978.1	k141_86759	5277	75.758	66	16	48.2
NC_033978.1	k141_15974	2010	89.362	141	15	187
NC_033978.1	k141_26230	326	91.892	111	9	160
NC_033978.1	k141_18182	689	89.286	112	7	149
NC_033978.1	k141_18182	689	89.286	112	7	149
NC_033978.1	k141_56962	36827	98.795	83	1	146
NC_033978.1	k141_56962	36827	98.795	83	1	146
NC_033978.1	k141_61079	302	76.757	185	24	144
NC_033978.1	k141_80430	1259	91.398	93	8	132
NC_033978.1	k141_78707	535	91.209	91	8	129
NC_033978.1	k141_12668	421	94.737	76	4	120
NC_033978.1	k141_12668	421	94.737	76	4	120
NC_033978.1	k141_52988	571	90.244	82	8	113
NC_033978.1	k141_43644	607	92.958	71	5	106
NC_033978.1	k141_43644	607	92.958	71	5	106
NC_033978.1	k141_65213	564	87.654	81	10	102
NC_033978.1	k141_40742	473	100.000	54	0	98.7
NC_033978.1	k141_40742	473	100.000	54	0	98.7
NC_033978.1	k141_29770	422	96.364	55	2	91.5
NC_033978.1	k141_29770	422	96.364	55	2	91.5
NC_033978.1	k141_79796	14603	70.984	193	52	91.5
NC_033978.1	k141_79796	14603	70.984	193	52	91.5
NC_033978.1	k141_18149	9581	77.391	115	23	85.1
NC_033978.1	k141_18149	9581	77.391	115	23	85.1
NC_033978.1	k141_35633	458	95.745	47	2	77.0
NC_033978.1	k141_35633	458	95.745	47	2	77.0
NC_033978.1	k141_10532	386	89.286	56	6	75.2
NC_033978.1	k141_39192	303	81.333	75	14	73.4
NC_033978.1	k141_58	397	97.619	42	1	72.5
NC_033978.1	k141_58	397	97.619	42	1	72.5
NC_033978.1	k141_31643	18715	78.750	80	17	68.9
NC_033978.1	k141_11323	670	93.478	46	1	68.0
NC_033978.1	k141_6197	468	93.478	46	1	68.0
NC_033978.1	k141_47858	44379	87.037	54	7	67.1
NC_033978.1	k141_77445	28235	81.667	60	11	59.9
NC_033978.1	k141_77445	28235	81.667	60	11	59.9
NC_033978.1	k141_57940	4487	78.723	47	10	41.0
NC_033978.1	k141_15881	511	76.667	60	12	39.2
NC_033978.1	k141_13653	1595	83.333	36	6	39.2
MW006668.1	k141_37225	26190	93.555	8301	309	12492
MW006668.1	k141_37225	26190	93.555	8301	309	12492
MW006668.1	k141_37225	26190	88.917	5134	419	6667
MW006668.1	k141_37225	26190	74.121	2987	449	1884
MW006668.1	k141_37225	26190	85.801	1324	139	1553
MW006668.1	k141_37225	26190	74.382	1417	195	927
MW006668.1	k141_37225	26190	84.167	480	42	536
MW006668.1	k141_37225	26190	84.167	480	42	536
MW006668.1	k141_37225	26190	74.737	570	56	427
MW006668.1	k141_37225	26190	85.971	278	31	324
MW006668.1	k141_37225	26190	85.971	278	31	324
MW006668.1	k141_37225	26190	83.221	149	17	155
MW006668.1	k141_37225	26190	83.221	149	17	155
MW006668.1	k141_37225	26190	68.293	410	97	152
MW006668.1	k141_37225	26190	68.293	410	97	152
MW006668.1	k141_37225	26190	83.212	137	15	142
MW006668.1	k141_37225	26190	64.436	523	134	113
MW006668.1	k141_37225	26190	70.492	183	42	94.2
MW006668.1	k141_37225	26190	70.492	183	42	94.2
MW006668.1	k141_37225	26190	70.492	183	42	94.2
MW006668.1	k141_37225	26190	70.492	183	42	94.2
MW006668.1	k141_37225	26190	79.048	105	18	90.6
MW006668.1	k141_37225	26190	70.270	185	42	89.7
MW006668.1	k141_37225	26190	74.590	122	19	87.8
MW006668.1	k141_37225	26190	74.590	122	19	87.8
MW006668.1	k141_37225	26190	100.000	43	0	78.8
MW006668.1	k141_37225	26190	100.000	43	0	78.8
MW006668.1	k141_37225	26190	64.564	539	136	76.1
MW006668.1	k141_37225	26190	64.564	539	136	76.1
MW006668.1	k141_37225	26190	64.193	539	138	71.6
MW006668.1	k141_37225	26190	64.193	539	138	71.6
MW006668.1	k141_37225	26190	64.193	539	138	70.7
MW006668.1	k141_37225	26190	64.193	539	138	70.7
MW006668.1	k141_37225	26190	85.965	57	8	68.0
MW006668.1	k141_37225	26190	85.965	57	8	68.0
MW006668.1	k141_37225	26190	84.211	57	9	63.5
MW006668.1	k141_37225	26190	84.211	57	9	63.5
MW006668.1	k141_37225	26190	84.211	57	9	63.5
MW006668.1	k141_37225	26190	84.211	57	9	63.5
MW006668.1	k141_37225	26190	94.872	39	2	62.6
MW006668.1	k141_37225	26190	84.314	51	8	57.2
MW006668.1	k141_82650	27136	81.743	9361	1347	9143
MW006668.1	k141_82650	27136	84.819	3781	401	4194
MW006668.1	k141_82650	27136	87.122	3370	414	4103
MW006668.1	k141_82650	27136	88.313	2353	225	2986
MW006668.1	k141_82650	27136	83.626	2107	276	2186
MW006668.1	k141_82650	27136	78.700	554	90	457
MW006668.1	k141_82650	27136	87.025	316	16	399
MW006668.1	k141_82650	27136	85.804	317	33	353
MW006668.1	k141_82650	27136	81.949	277	40	261
MW006668.1	k141_82650	27136	78.704	216	33	159
MW006668.1	k141_82650	27136	69.779	407	84	157
MW006668.1	k141_82650	27136	97.802	91	2	156
MW006668.1	k141_82650	27136	81.818	143	20	133
MW006668.1	k141_82650	27136	74.888	223	35	133
MW006668.1	k141_82650	27136	89.247	93	9	120
MW006668.1	k141_82650	27136	75.152	165	41	113
MW006668.1	k141_82650	27136	81.720	93	14	90.6
MW006668.1	k141_82650	27136	70.455	220	39	87.8
MW006668.1	k141_82650	27136	70.732	205	35	86.9
MW006668.1	k141_82650	27136	73.276	116	29	68.0
MW006668.1	k141_3871	18435	82.866	4494	582	4614
MW006668.1	k141_3871	18435	92.099	3101	233	4481
MW006668.1	k141_3871	18435	85.761	1819	215	2104
MW006668.1	k141_3871	18435	78.888	2212	297	1871
MW006668.1	k141_3871	18435	79.924	787	119	693
MW006668.1	k141_3871	18435	79.814	753	95	653
MW006668.1	k141_3871	18435	80.282	284	30	261
MW006668.1	k141_3871	18435	86.792	212	22	258
MW006668.1	k141_3871	18435	84.211	190	28	205
MW006668.1	k141_3871	18435	87.755	147	15	174
MW006668.1	k141_3871	18435	85.507	138	13	157
MW006668.1	k141_3871	18435	65.480	562	174	117
MW006668.1	k141_3871	18435	72.941	170	46	100
MW006668.1	k141_3871	18435	74.257	101	26	66.2
MW006668.1	k141_3871	18435	86.667	45	6	55.4
MW006668.1	k141_3871	18435	87.805	41	5	52.7
MW006668.1	k141_3871	18435	75.806	62	15	45.5
MW006668.1	k141_79486	17689	81.352	4392	656	4150
MW006668.1	k141_79486	17689	81.352	4392	656	4150
MW006668.1	k141_79486	17689	81.989	3359	473	3301
MW006668.1	k141_79486	17689	81.989	3359	473	3301
MW006668.1	k141_79486	17689	78.319	2260	467	1852
MW006668.1	k141_79486	17689	78.147	1263	217	1015
MW006668.1	k141_79486	17689	78.147	1263	217	1015
MW006668.1	k141_79486	17689	83.010	206	35	214
MW006668.1	k141_79486	17689	83.010	206	35	214
MW006668.1	k141_79486	17689	100.000	42	0	77.0
MW006668.1	k141_79486	17689	92.857	42	3	63.5
MW006668.1	k141_5649	27769	79.486	3076	419	2664
MW006668.1	k141_5649	27769	88.939	1781	182	2311
MW006668.1	k141_5649	27769	81.148	2021	310	1933
MW006668.1	k141_5649	27769	79.296	1676	235	1452
MW006668.1	k141_5649	27769	76.844	1844	359	1395
MW006668.1	k141_5649	27769	84.567	1108	120	1229
MW006668.1	k141_5649	27769	72.439	2050	333	1143
MW006668.1	k141_5649	27769	71.138	2259	432	1009
MW006668.1	k141_5649	27769	72.874	1552	284	926
MW006668.1	k141_5649	27769	88.113	673	54	859
MW006668.1	k141_5649	27769	84.389	679	99	740
MW006668.1	k141_5649	27769	72.936	739	144	433
MW006668.1	k141_5649	27769	72.936	739	144	433
MW006668.1	k141_5649	27769	69.256	914	168	358
MW006668.1	k141_5649	27769	82.550	298	46	296
MW006668.1	k141_5649	27769	75.783	351	60	246
MW006668.1	k141_5649	27769	75.783	351	60	246
MW006668.1	k141_5649	27769	82.381	210	32	204
MW006668.1	k141_5649	27769	74.561	228	56	148
MW006668.1	k141_5649	27769	68.267	375	64	123
MW006668.1	k141_5649	27769	87.234	47	6	59.0
MW006668.1	k141_5649	27769	89.744	39	4	53.6
MW006668.1	k141_44080	10618	77.329	3145	562	2400
MW006668.1	k141_44080	10618	79.497	2185	333	1858
MW006668.1	k141_44080	10618	92.500	880	56	1281
MW006668.1	k141_44080	10618	92.500	880	56	1281
MW006668.1	k141_44080	10618	73.068	1229	187	679
MW006668.1	k141_44080	10618	73.068	1229	187	679
MW006668.1	k141_44080	10618	75.523	621	90	446
MW006668.1	k141_44080	10618	75.106	470	78	284
MW006668.1	k141_44080	10618	87.770	139	17	175
MW006668.1	k141_44080	10618	94.118	85	5	132
MW006668.1	k141_44080	10618	94.118	85	5	132
MW006668.1	k141_44689	17852	79.095	641	104	526
MW006668.1	k141_44689	17852	66.316	760	217	216
MW006668.1	k141_61964	11543	70.895	1151	282	510
MW006668.1	k141_61964	11543	70.895	1151	282	510
MW006668.1	k141_61964	11543	75.556	135	31	93.3
MW006668.1	k141_61964	11543	75.556	135	31	93.3
MW006668.1	k141_61964	11543	64.740	519	144	88.7
MW006668.1	k141_61964	11543	64.740	519	144	88.7
MW006668.1	k141_35202	454	83.223	453	50	453
MW006668.1	k141_8510	10927	71.250	880	217	416
MW006668.1	k141_8510	10927	71.250	880	217	416
MW006668.1	k141_8510	10927	78.788	264	54	217
MW006668.1	k141_8510	10927	78.788	264	54	217
MW006668.1	k141_8510	10927	85.246	61	9	70.7
MW006668.1	k141_8510	10927	85.246	61	9	70.7
MW006668.1	k141_38326	13706	89.761	293	29	390
MW006668.1	k141_38326	13706	71.955	353	66	176
MW006668.1	k141_38326	13706	85.000	80	12	91.5
MW006668.1	k141_19812	341	81.742	356	31	349
MW006668.1	k141_19812	341	97.619	42	1	72.5
MW006668.1	k141_19812	341	97.619	42	1	72.5
MW006668.1	k141_42507	223	88.341	223	26	286
MW006668.1	k141_34712	35005	83.094	278	42	281
MW006668.1	k141_34712	35005	76.884	199	36	148
MW006668.1	k141_34712	35005	94.872	78	4	123
MW006668.1	k141_34712	35005	94.872	78	4	123
MW006668.1	k141_5756	1826	86.070	201	28	237
MW006668.1	k141_63176	361	95.714	140	6	226
MW006668.1	k141_86759	5277	89.855	138	14	187
MW006668.1	k141_86759	5277	93.590	78	5	119
MW006668.1	k141_86759	5277	75.806	62	15	45.5
MW006668.1	k141_15974	2010	86.331	139	19	166
MW006668.1	k141_26230	326	90.833	120	10	164
MW006668.1	k141_26230	326	78.947	57	10	47.3
MW006668.1	k141_18182	689	86.923	130	8	153
MW006668.1	k141_56962	36827	96.386	83	3	137
MW006668.1	k141_56962	36827	96.386	83	3	137
MW006668.1	k141_80430	1259	90.323	93	9	128
MW006668.1	k141_78707	535	89.011	91	10	120
MW006668.1	k141_43644	607	94.444	72	4	113
MW006668.1	k141_43644	607	94.444	72	4	113
MW006668.1	k141_12668	421	91.026	78	4	108
MW006668.1	k141_12668	421	91.026	78	4	108
MW006668.1	k141_53633	487	88.608	79	9	103
MW006668.1	k141_65213	564	86.420	81	11	97.8
MW006668.1	k141_40742	473	98.039	51	1	88.7
MW006668.1	k141_40742	473	98.039	51	1	88.7
MW006668.1	k141_18149	9581	77.391	115	23	85.1
MW006668.1	k141_18149	9581	77.391	115	23	85.1
MW006668.1	k141_79796	14603	69.634	191	58	84.2
MW006668.1	k141_58	397	97.727	44	1	76.1
MW006668.1	k141_69680	551	92.157	51	4	75.2
MW006668.1	k141_69680	551	92.157	51	4	75.2
MW006668.1	k141_31643	18715	72.932	133	34	71.6
MW006668.1	k141_77445	28235	81.667	60	11	59.9
MW006668.1	k141_77445	28235	81.667	60	11	59.9
MW006668.1	k141_35633	458	87.805	41	5	52.7
MW006668.1	k141_35633	458	87.805	41	5	52.7
MW006668.1	k141_52988	571	89.474	38	4	51.8
MW006668.1	k141_60036	660	82.927	41	7	43.7
MW435436.1	k141_37225	26190	91.466	12139	671	17298
MW435436.1	k141_37225	26190	91.466	12139	671	17298
MW435436.1	k141_37225	26190	93.152	9580	354	14303
MW435436.1	k141_37225	26190	93.152	9580	354	14303
MW435436.1	k141_37225	26190	84.955	2539	274	2856
MW435436.1	k141_37225	26190	84.955	2539	274	2856
MW435436.1	k141_37225	26190	95.800	1262	47	2030
MW435436.1	k141_37225	26190	95.800	1262	47	2030
MW435436.1	k141_37225	26190	90.709	635	45	884
MW435436.1	k141_37225	26190	90.709	635	45	884
MW435436.1	k141_37225	26190	95.238	42	2	68.0
MW435436.1	k141_37225	26190	90.476	42	4	59.0
MW435436.1	k141_82650	27136	84.396	12772	1614	13993
MW435436.1	k141_82650	27136	87.603	3033	291	3739
MW435436.1	k141_82650	27136	86.631	2648	284	3171
MW435436.1	k141_82650	27136	80.484	2936	387	2668
MW435436.1	k141_82650	27136	83.285	347	49	360
MW435436.1	k141_82650	27136	77.629	447	66	346
MW435436.1	k141_82650	27136	76.334	431	65	306
MW435436.1	k141_82650	27136	81.928	249	37	232
MW435436.1	k141_82650	27136	85.816	141	14	152
MW435436.1	k141_82650	27136	96.203	79	3	130
MW435436.1	k141_82650	27136	96.104	77	2	123
MW435436.1	k141_82650	27136	74.545	165	42	109
MW435436.1	k141_82650	27136	68.498	273	53	108
MW435436.1	k141_82650	27136	70.817	257	49	96.0
MW435436.1	k141_82650	27136	79.348	92	19	81.5
MW435436.1	k141_5649	27769	81.251	5163	664	4901
MW435436.1	k141_5649	27769	78.469	4194	627	3512
MW435436.1	k141_5649	27769	81.358	2076	305	2006
MW435436.1	k141_5649	27769	74.988	2059	314	1384
MW435436.1	k141_5649	27769	78.648	1583	240	1348
MW435436.1	k141_5649	27769	74.625	2069	395	1302
MW435436.1	k141_5649	27769	84.166	1181	137	1251
MW435436.1	k141_5649	27769	73.981	1914	278	1194
MW435436.1	k141_5649	27769	85.088	684	90	763
MW435436.1	k141_5649	27769	84.075	584	83	621
MW435436.1	k141_5649	27769	78.274	672	105	533
MW435436.1	k141_5649	27769	73.693	612	87	373
MW435436.1	k141_5649	27769	87.708	301	36	373
MW435436.1	k141_5649	27769	87.708	301	36	373
MW435436.1	k141_5649	27769	72.273	761	122	367
MW435436.1	k141_5649	27769	80.802	349	56	315
MW435436.1	k141_5649	27769	89.212	241	24	311
MW435436.1	k141_5649	27769	77.491	271	33	204
MW435436.1	k141_5649	27769	85.507	69	10	80.6
MW435436.1	k141_5649	27769	87.179	39	5	49.1
MW435436.1	k141_3871	18435	85.707	4114	461	4730
MW435436.1	k141_3871	18435	91.853	3093	241	4448
MW435436.1	k141_3871	18435	84.290	1846	236	2017
MW435436.1	k141_3871	18435	77.530	1838	247	1427
MW435436.1	k141_3871	18435	82.771	830	123	830
MW435436.1	k141_3871	18435	78.728	1006	136	772
MW435436.1	k141_3871	18435	91.085	258	21	360
MW435436.1	k141_3871	18435	82.101	257	23	255
MW435436.1	k141_3871	18435	92.424	132	10	194
MW435436.1	k141_3871	18435	90.476	126	10	171
MW435436.1	k141_3871	18435	67.213	549	158	159
MW435436.1	k141_3871	18435	88.372	129	11	156
MW435436.1	k141_3871	18435	96.386	83	3	137
MW435436.1	k141_3871	18435	86.667	45	6	55.4
MW435436.1	k141_3871	18435	86.667	45	6	55.4
MW435436.1	k141_79486	17689	80.473	4481	662	4081
MW435436.1	k141_79486	17689	78.124	4818	831	3841
MW435436.1	k141_79486	17689	79.569	2276	422	2003
MW435436.1	k141_79486	17689	79.920	1997	358	1788
MW435436.1	k141_79486	17689	72.149	2578	586	1315
MW435436.1	k141_79486	17689	72.246	1171	265	638
MW435436.1	k141_79486	17689	100.000	42	0	77.0
MW435436.1	k141_79486	17689	100.000	42	0	77.0
MW435436.1	k141_79486	17689	90.476	42	4	59.0
MW435436.1	k141_44080	10618	87.073	1524	135	1858
MW435436.1	k141_44080	10618	74.729	2679	516	1731
MW435436.1	k141_44080	10618	89.061	969	105	1267
MW435436.1	k141_44080	10618	77.739	867	152	664
MW435436.1	k141_44080	10618	72.934	702	112	386
MW435436.1	k141_44080	10618	77.088	467	59	336
MW435436.1	k141_44080	10618	89.209	139	15	184
MW435436.1	k141_44080	10618	89.209	139	15	184
MW435436.1	k141_44080	10618	94.118	102	2	152
MW435436.1	k141_44080	10618	77.465	71	10	49.1
MW435436.1	k141_61964	11543	71.021	1156	266	529
MW435436.1	k141_61964	11543	71.021	1156	266	529
MW435436.1	k141_61964	11543	65.703	519	144	111
MW435436.1	k141_61964	11543	65.703	519	144	111
MW435436.1	k141_61964	11543	75.556	135	31	93.3
MW435436.1	k141_61964	11543	75.556	135	31	93.3
MW435436.1	k141_8510	10927	71.932	880	210	431
MW435436.1	k141_8510	10927	71.932	880	210	431
MW435436.1	k141_8510	10927	78.409	264	55	213
MW435436.1	k141_8510	10927	78.409	264	55	213
MW435436.1	k141_8510	10927	86.885	61	8	75.2
MW435436.1	k141_8510	10927	86.885	61	8	75.2
MW435436.1	k141_19812	341	86.866	335	22	413
MW435436.1	k141_19812	341	86.866	335	22	413
MW435436.1	k141_35202	454	80.088	457	65	393
MW435436.1	k141_38326	13706	89.492	295	30	389
MW435436.1	k141_38326	13706	96.512	86	3	142
MW435436.1	k141_42507	223	88.789	223	25	290
MW435436.1	k141_5756	1826	88.442	199	23	256
MW435436.1	k141_44689	17852	80.479	292	39	246
MW435436.1	k141_44689	17852	67.219	784	216	243
MW435436.1	k141_44689	17852	79.602	201	35	175
MW435436.1	k141_34712	35005	80.321	249	31	227
MW435436.1	k141_34712	35005	94.805	77	4	122
MW435436.1	k141_63176	361	94.286	140	8	217
MW435436.1	k141_23643	11967	92.857	140	10	208
MW435436.1	k141_23643	11967	92.857	140	10	208
MW435436.1	k141_15974	2010	88.652	141	16	183
MW435436.1	k141_86759	5277	88.652	141	16	183
MW435436.1	k141_86759	5277	92.308	78	6	114
MW435436.1	k141_86759	5277	75.806	62	15	45.5
MW435436.1	k141_18182	689	95.370	108	5	173
MW435436.1	k141_18182	689	95.370	108	5	173
MW435436.1	k141_26230	326	90.909	110	10	154
MW435436.1	k141_56962	36827	97.590	83	2	141
MW435436.1	k141_56962	36827	97.590	83	2	141
MW435436.1	k141_56962	36827	90.698	43	4	60.8
MW435436.1	k141_80430	1259	89.247	93	10	123
MW435436.1	k141_12668	421	93.590	78	2	117
MW435436.1	k141_12668	421	93.590	78	2	117
MW435436.1	k141_78707	535	88.764	89	10	116
MW435436.1	k141_43644	607	94.366	71	4	111
MW435436.1	k141_43644	607	94.366	71	4	111
MW435436.1	k141_40742	473	100.000	54	0	98.7
MW435436.1	k141_40742	473	100.000	54	0	98.7
MW435436.1	k141_65213	564	85.185	81	12	93.3
MW435436.1	k141_29770	422	94.545	55	3	86.9
MW435436.1	k141_29770	422	94.545	55	3	86.9
MW435436.1	k141_79796	14603	70.879	182	49	85.1
MW435436.1	k141_79796	14603	70.879	182	49	85.1
MW435436.1	k141_18149	9581	77.391	115	23	85.1
MW435436.1	k141_18149	9581	77.391	115	23	85.1
MW435436.1	k141_53633	487	82.278	79	14	80.6
MW435436.1	k141_58	397	100.000	44	0	80.6
MW435436.1	k141_58	397	100.000	44	0	80.6
MW435436.1	k141_10532	386	87.500	56	7	70.7
MW435436.1	k141_69680	551	91.489	47	4	68.0
MW435436.1	k141_69680	551	91.489	47	4	68.0
MW435436.1	k141_11323	670	93.478	46	1	68.0
MW435436.1	k141_6197	468	93.478	46	1	68.0
MW435436.1	k141_77445	28235	81.667	60	11	59.9
MW435436.1	k141_77445	28235	81.667	60	11	59.9
MW435436.1	k141_31643	18715	75.000	80	20	55.4
MW435436.1	k141_31643	18715	75.000	80	20	55.4
NC_037882.1	k141_37225	26190	90.968	12312	642	17209
NC_037882.1	k141_37225	26190	92.185	11708	475	17012
NC_037882.1	k141_37225	26190	92.388	8946	467	13166
NC_037882.1	k141_37225	26190	92.388	8946	467	13166
NC_037882.1	k141_37225	26190	94.075	4658	157	7178
NC_037882.1	k141_37225	26190	94.075	4658	157	7178
NC_037882.1	k141_37225	26190	97.619	42	1	72.5
NC_037882.1	k141_37225	26190	92.857	42	3	63.5
NC_037882.1	k141_82650	27136	85.123	12704	1525	14376
NC_037882.1	k141_82650	27136	85.809	3629	341	4191
NC_037882.1	k141_82650	27136	85.735	2741	291	3163
NC_037882.1	k141_82650	27136	84.699	2111	255	2332
NC_037882.1	k141_82650	27136	75.287	785	108	525
NC_037882.1	k141_82650	27136	82.073	357	31	363
NC_037882.1	k141_82650	27136	73.333	555	75	333
NC_037882.1	k141_82650	27136	87.037	216	23	260
NC_037882.1	k141_82650	27136	72.581	310	58	169
NC_037882.1	k141_82650	27136	90.400	125	9	166
NC_037882.1	k141_82650	27136	89.381	113	6	142
NC_037882.1	k141_82650	27136	92.784	97	5	137
NC_037882.1	k141_82650	27136	75.000	156	39	106
NC_037882.1	k141_5649	27769	81.069	5573	676	5298
NC_037882.1	k141_5649	27769	81.459	4633	624	4479
NC_037882.1	k141_5649	27769	76.051	3829	539	2711
NC_037882.1	k141_5649	27769	83.992	1999	244	2173
NC_037882.1	k141_5649	27769	79.159	1713	266	1477
NC_037882.1	k141_5649	27769	76.695	1519	233	1127
NC_037882.1	k141_5649	27769	86.742	890	74	1077
NC_037882.1	k141_5649	27769	81.796	824	124	784
NC_037882.1	k141_5649	27769	71.346	1382	208	683
NC_037882.1	k141_5649	27769	80.672	714	101	677
NC_037882.1	k141_5649	27769	77.133	586	86	434
NC_037882.1	k141_5649	27769	88.276	290	34	370
NC_037882.1	k141_5649	27769	79.722	360	51	314
NC_037882.1	k141_5649	27769	81.818	220	31	221
NC_037882.1	k141_5649	27769	76.923	286	39	198
NC_037882.1	k141_5649	27769	85.217	115	14	125
NC_037882.1	k141_5649	27769	86.538	52	7	63.5
NC_037882.1	k141_5649	27769	89.744	39	4	53.6
NC_037882.1	k141_3871	18435	87.007	4110	427	4971
NC_037882.1	k141_3871	18435	92.300	3104	232	4523
NC_037882.1	k141_3871	18435	85.419	1838	214	2079
NC_037882.1	k141_3871	18435	77.950	2458	307	1963
NC_037882.1	k141_3871	18435	78.367	1151	170	935
NC_037882.1	k141_3871	18435	78.635	1011	111	841
NC_037882.1	k141_3871	18435	80.634	284	36	264
NC_037882.1	k141_3871	18435	80.894	246	36	220
NC_037882.1	k141_3871	18435	89.209	139	14	180
NC_037882.1	k141_3871	18435	85.507	138	15	155
NC_037882.1	k141_3871	18435	73.939	165	43	104
NC_037882.1	k141_3871	18435	85.294	68	10	78.8
NC_037882.1	k141_3871	18435	86.000	50	7	59.9
NC_037882.1	k141_3871	18435	84.444	45	7	50.9
NC_037882.1	k141_3871	18435	84.444	45	7	50.9
NC_037882.1	k141_79486	17689	81.779	4385	619	4261
NC_037882.1	k141_79486	17689	84.774	1990	282	2197
NC_037882.1	k141_79486	17689	81.387	2278	392	2163
NC_037882.1	k141_79486	17689	70.051	2955	707	1293
NC_037882.1	k141_79486	17689	80.769	1144	187	1057
NC_037882.1	k141_79486	17689	76.797	1280	241	966
NC_037882.1	k141_79486	17689	68.119	872	215	341
NC_037882.1	k141_79486	17689	82.090	268	46	260
NC_037882.1	k141_79486	17689	97.619	42	1	72.5
NC_037882.1	k141_79486	17689	97.619	42	1	72.5
NC_037882.1	k141_79486	17689	92.857	42	3	63.5
NC_037882.1	k141_44080	10618	80.211	4073	610	3681
NC_037882.1	k141_44080	10618	90.093	969	96	1315
NC_037882.1	k141_44080	10618	75.909	1237	195	841
NC_037882.1	k141_44080	10618	75.514	1119	190	715
NC_037882.1	k141_44080	10618	74.729	645	83	447
NC_037882.1	k141_44080	10618	75.000	452	57	294
NC_037882.1	k141_44080	10618	90.476	147	14	203
NC_037882.1	k141_44080	10618	90.476	147	14	203
NC_037882.1	k141_44080	10618	98.718	78	1	137
NC_037882.1	k141_44080	10618	77.465	71	10	49.1
NC_037882.1	k141_61964	11543	70.761	1156	269	516
NC_037882.1	k141_61964	11543	70.761	1156	269	516
NC_037882.1	k141_61964	11543	65.703	519	144	111
NC_037882.1	k141_61964	11543	65.703	519	144	111
NC_037882.1	k141_61964	11543	75.556	135	31	93.3
NC_037882.1	k141_61964	11543	75.556	135	31	93.3
NC_037882.1	k141_44689	17852	76.328	659	105	460
NC_037882.1	k141_44689	17852	68.049	651	196	221
NC_037882.1	k141_44689	17852	74.026	77	20	50.0
NC_037882.1	k141_8510	10927	71.900	879	212	436
NC_037882.1	k141_8510	10927	71.900	879	212	436
NC_037882.1	k141_8510	10927	78.409	264	55	213
NC_037882.1	k141_8510	10927	78.409	264	55	213
NC_037882.1	k141_8510	10927	86.885	61	8	75.2
NC_037882.1	k141_8510	10927	86.885	61	8	75.2
NC_037882.1	k141_19812	341	88.520	331	16	433
NC_037882.1	k141_19812	341	88.520	331	16	433
NC_037882.1	k141_19812	341	95.238	42	2	68.0
NC_037882.1	k141_38326	13706	87.458	295	36	362
NC_037882.1	k141_38326	13706	90.741	108	10	150
NC_037882.1	k141_38326	13706	80.460	87	12	77.0
NC_037882.1	k141_35202	454	78.587	467	68	358
NC_037882.1	k141_42507	223	88.288	222	26	284
NC_037882.1	k141_5756	1826	85.425	247	35	280
NC_037882.1	k141_34712	35005	85.714	203	25	226
NC_037882.1	k141_34712	35005	98.701	77	1	135
NC_037882.1	k141_63176	361	95.035	141	7	224
NC_037882.1	k141_61079	302	84.577	201	22	218
NC_037882.1	k141_23643	11967	92.143	140	11	204
NC_037882.1	k141_23643	11967	92.143	140	11	204
NC_037882.1	k141_15974	2010	89.362	141	15	187
NC_037882.1	k141_18182	689	93.443	122	8	185
NC_037882.1	k141_18182	689	93.443	122	8	185
NC_037882.1	k141_86759	5277	87.234	141	18	174
NC_037882.1	k141_86759	5277	91.026	78	7	110
NC_037882.1	k141_86759	5277	75.806	62	15	45.5
NC_037882.1	k141_26230	326	91.667	108	9	155
NC_037882.1	k141_56962	36827	96.386	83	3	137
NC_037882.1	k141_56962	36827	96.386	83	3	137
NC_037882.1	k141_56962	36827	90.698	43	4	60.8
NC_037882.1	k141_80430	1259	91.398	93	8	132
NC_037882.1	k141_78707	535	92.941	85	6	127
NC_037882.1	k141_52988	571	92.683	82	6	122
NC_037882.1	k141_12668	421	93.333	75	2	112
NC_037882.1	k141_12668	421	93.333	75	2	112
NC_037882.1	k141_43644	607	94.366	71	4	111
NC_037882.1	k141_43644	607	94.366	71	4	111
NC_037882.1	k141_53633	487	88.608	79	9	103
NC_037882.1	k141_65213	564	87.654	81	10	102
NC_037882.1	k141_40742	473	100.000	54	0	98.7
NC_037882.1	k141_40742	473	100.000	54	0	98.7
NC_037882.1	k141_23671	1034	79.464	112	13	95.1
NC_037882.1	k141_29770	422	96.364	55	2	91.5
NC_037882.1	k141_29770	422	96.364	55	2	91.5
NC_037882.1	k141_35633	458	88.406	69	8	89.7
NC_037882.1	k141_35633	458	88.406	69	8	89.7
NC_037882.1	k141_79796	14603	70.466	193	53	86.9
NC_037882.1	k141_79796	14603	70.466	193	53	86.9
NC_037882.1	k141_18149	9581	77.391	115	23	85.1
NC_037882.1	k141_18149	9581	77.391	115	23	85.1
NC_037882.1	k141_65833	440	82.759	87	13	83.3
NC_037882.1	k141_58	397	100.000	44	0	80.6
NC_037882.1	k141_58	397	100.000	44	0	80.6
NC_037882.1	k141_31643	18715	81.250	80	15	77.9
NC_037882.1	k141_69680	551	92.157	51	4	75.2
NC_037882.1	k141_69680	551	92.157	51	4	75.2
NC_037882.1	k141_10532	386	89.286	56	6	75.2
NC_037882.1	k141_11323	670	93.478	46	1	68.0
NC_037882.1	k141_6197	468	93.478	46	1	68.0
NC_037882.1	k141_77445	28235	81.667	60	11	59.9
NC_037882.1	k141_77445	28235	81.667	60	11	59.9
NC_056190.1	k141_37225	26190	93.171	10001	384	14947
NC_056190.1	k141_37225	26190	93.171	10001	384	14947
NC_056190.1	k141_37225	26190	91.638	8156	485	11708
NC_056190.1	k141_37225	26190	91.638	8156	485	11708
NC_056190.1	k141_37225	26190	91.753	5093	219	7324
NC_056190.1	k141_37225	26190	91.753	5093	219	7324
NC_056190.1	k141_37225	26190	82.681	1022	67	1059
NC_056190.1	k141_37225	26190	82.681	1022	67	1059
NC_056190.1	k141_37225	26190	91.627	633	35	906
NC_056190.1	k141_37225	26190	93.195	529	18	795
NC_056190.1	k141_37225	26190	97.619	42	1	72.5
NC_056190.1	k141_37225	26190	97.619	42	1	72.5
NC_056190.1	k141_37225	26190	97.561	41	1	70.7
NC_056190.1	k141_37225	26190	95.238	42	1	64.4
NC_056190.1	k141_37225	26190	95.238	42	1	64.4
NC_056190.1	k141_37225	26190	90.476	42	4	59.0
NC_056190.1	k141_82650	27136	83.423	12783	1728	13469
NC_056190.1	k141_82650	27136	87.500	3040	305	3743
NC_056190.1	k141_82650	27136	88.494	2390	248	3050
NC_056190.1	k141_82650	27136	82.264	2120	276	2120
NC_056190.1	k141_82650	27136	80.000	520	63	475
NC_056190.1	k141_82650	27136	74.481	674	108	408
NC_056190.1	k141_82650	27136	85.139	323	21	378
NC_056190.1	k141_82650	27136	86.174	311	41	361
NC_056190.1	k141_82650	27136	91.011	178	16	250
NC_056190.1	k141_82650	27136	94.286	105	6	163
NC_056190.1	k141_82650	27136	77.473	182	19	141
NC_056190.1	k141_82650	27136	65.639	649	108	134
NC_056190.1	k141_82650	27136	75.758	165	40	118
NC_056190.1	k141_82650	27136	87.500	56	6	67.1
NC_056190.1	k141_5649	27769	79.211	10337	1465	8948
NC_056190.1	k141_5649	27769	74.149	3880	606	2464
NC_056190.1	k141_5649	27769	73.125	2400	449	1386
NC_056190.1	k141_5649	27769	87.962	1055	120	1328
NC_056190.1	k141_5649	27769	77.961	1520	272	1248
NC_056190.1	k141_5649	27769	83.883	1092	123	1188
NC_056190.1	k141_5649	27769	76.937	1110	184	810
NC_056190.1	k141_5649	27769	83.358	673	105	702
NC_056190.1	k141_5649	27769	75.506	988	148	623
NC_056190.1	k141_5649	27769	74.338	604	102	380
NC_056190.1	k141_5649	27769	81.063	301	43	272
NC_056190.1	k141_5649	27769	76.567	367	69	236
NC_056190.1	k141_5649	27769	75.504	347	64	226
NC_056190.1	k141_5649	27769	91.304	46	4	66.2
NC_056190.1	k141_5649	27769	87.179	39	5	49.1
NC_056190.1	k141_3871	18435	91.289	3111	255	4390
NC_056190.1	k141_3871	18435	81.319	3458	451	3270
NC_056190.1	k141_3871	18435	87.227	1738	174	2132
NC_056190.1	k141_3871	18435	76.951	2204	290	1719
NC_056190.1	k141_3871	18435	80.817	1053	140	977
NC_056190.1	k141_3871	18435	88.924	632	70	825
NC_056190.1	k141_3871	18435	82.206	281	31	263
NC_056190.1	k141_3871	18435	82.927	246	19	258
NC_056190.1	k141_3871	18435	86.667	150	14	182
NC_056190.1	k141_3871	18435	100.000	82	0	149
NC_056190.1	k141_3871	18435	66.271	590	173	141
NC_056190.1	k141_3871	18435	85.366	123	15	135
NC_056190.1	k141_3871	18435	83.607	61	10	66.2
NC_056190.1	k141_3871	18435	84.444	45	7	50.9
NC_056190.1	k141_3871	18435	84.444	45	7	50.9
NC_056190.1	k141_3871	18435	74.194	62	16	41.0
NC_056190.1	k141_44080	10618	78.166	3980	661	3173
NC_056190.1	k141_44080	10618	81.293	2181	292	2037
NC_056190.1	k141_44080	10618	71.987	1228	217	612
NC_056190.1	k141_44080	10618	76.442	607	86	453
NC_056190.1	k141_44080	10618	71.274	463	61	233
NC_056190.1	k141_44080	10618	85.714	147	21	171
NC_056190.1	k141_44080	10618	90.816	98	6	135
NC_056190.1	k141_44080	10618	76.812	69	14	46.4
NC_056190.1	k141_79486	17689	80.101	2784	455	2478
NC_056190.1	k141_79486	17689	68.871	3887	891	1505
NC_056190.1	k141_79486	17689	75.781	1280	228	909
NC_056190.1	k141_79486	17689	79.187	1009	158	875
NC_056190.1	k141_79486	17689	75.383	1174	204	806
NC_056190.1	k141_79486	17689	81.032	717	108	674
NC_056190.1	k141_79486	17689	72.174	460	73	258
NC_056190.1	k141_79486	17689	78.710	310	52	234
NC_056190.1	k141_79486	17689	78.333	120	24	93.3
NC_056190.1	k141_79486	17689	97.619	42	1	72.5
NC_056190.1	k141_79486	17689	97.619	42	1	72.5
NC_056190.1	k141_79486	17689	90.476	42	4	59.0
NC_056190.1	k141_61964	11543	70.848	1156	268	520
NC_056190.1	k141_61964	11543	70.848	1156	268	520
NC_056190.1	k141_61964	11543	65.143	525	143	104
NC_056190.1	k141_61964	11543	65.143	525	143	104
NC_056190.1	k141_61964	11543	80.412	97	19	90.6
NC_056190.1	k141_61964	11543	80.412	97	19	90.6
NC_056190.1	k141_44689	17852	78.404	639	107	500
NC_056190.1	k141_44689	17852	67.827	833	217	278
NC_056190.1	k141_35202	454	84.498	458	53	491
NC_056190.1	k141_8510	10927	72.022	890	214	447
NC_056190.1	k141_8510	10927	72.022	890	214	447
NC_056190.1	k141_8510	10927	78.030	264	56	208
NC_056190.1	k141_8510	10927	78.030	264	56	208
NC_056190.1	k141_8510	10927	86.885	61	8	75.2
NC_056190.1	k141_8510	10927	86.885	61	8	75.2
NC_056190.1	k141_19812	341	88.520	331	10	434
NC_056190.1	k141_19812	341	88.520	331	10	434
NC_056190.1	k141_38326	13706	89.831	295	29	394
NC_056190.1	k141_38326	13706	91.667	96	8	138
NC_056190.1	k141_42507	223	89.189	222	24	293
NC_056190.1	k141_5756	1826	83.594	256	33	272
NC_056190.1	k141_26230	326	77.879	330	34	266
NC_056190.1	k141_34712	35005	83.190	232	34	234
NC_056190.1	k141_34712	35005	96.341	82	3	135
NC_056190.1	k141_23643	11967	93.571	140	9	213
NC_056190.1	k141_23643	11967	93.571	140	9	213
NC_056190.1	k141_63176	361	93.571	140	9	213
NC_056190.1	k141_15974	2010	90.780	141	13	196
NC_056190.1	k141_39192	303	74.204	314	67	187
NC_056190.1	k141_18182	689	93.443	122	8	185
NC_056190.1	k141_18182	689	93.443	122	8	185
NC_056190.1	k141_86759	5277	88.571	140	16	181
NC_056190.1	k141_86759	5277	93.506	77	5	117
NC_056190.1	k141_86759	5277	75.806	62	15	45.5
NC_056190.1	k141_56962	36827	95.181	83	4	132
NC_056190.1	k141_56962	36827	95.181	83	4	132
NC_056190.1	k141_80430	1259	89.247	93	10	123
NC_056190.1	k141_52988	571	92.683	82	6	122
NC_056190.1	k141_78707	535	87.912	91	11	115
NC_056190.1	k141_43644	607	92.958	71	5	106
NC_056190.1	k141_43644	607	92.958	71	5	106
NC_056190.1	k141_53633	487	88.608	79	9	103
NC_056190.1	k141_65213	564	83.871	93	15	101
NC_056190.1	k141_40742	473	100.000	54	0	98.7
NC_056190.1	k141_40742	473	100.000	54	0	98.7
NC_056190.1	k141_35633	458	93.750	64	4	98.7
NC_056190.1	k141_35633	458	93.750	64	4	98.7
NC_056190.1	k141_36201	310	73.457	162	36	92.4
NC_056190.1	k141_18149	9581	77.391	115	23	85.1
NC_056190.1	k141_18149	9581	77.391	115	23	85.1
NC_056190.1	k141_58	397	100.000	44	0	80.6
NC_056190.1	k141_58	397	100.000	44	0	80.6
NC_056190.1	k141_12668	421	97.727	44	1	76.1
NC_056190.1	k141_12668	421	97.727	44	1	76.1
NC_056190.1	k141_29770	422	93.333	45	3	68.9
NC_056190.1	k141_29770	422	93.333	45	3	68.9
NC_056190.1	k141_11323	670	91.304	46	2	63.5
NC_056190.1	k141_6197	468	91.304	46	2	63.5
NC_056190.1	k141_10532	386	83.929	56	9	61.7
NC_056190.1	k141_77445	28235	81.667	60	11	59.9
NC_056190.1	k141_77445	28235	81.667	60	11	59.9
MN564931.1	k141_82650	27136	84.389	16283	1882	17801
MN564931.1	k141_82650	27136	88.256	3074	251	3921
MN564931.1	k141_82650	27136	86.040	3202	309	3758
MN564931.1	k141_82650	27136	73.734	849	118	495
MN564931.1	k141_82650	27136	84.034	357	43	382
MN564931.1	k141_82650	27136	75.124	402	54	285
MN564931.1	k141_82650	27136	66.633	977	216	261
MN564931.1	k141_82650	27136	82.609	207	26	198
MN564931.1	k141_82650	27136	87.273	110	8	132
MN564931.1	k141_82650	27136	66.477	528	163	127
MN564931.1	k141_82650	27136	93.182	44	3	67.1
MN564931.1	k141_82650	27136	72.549	102	28	59.0
MN564931.1	k141_37225	26190	93.680	9257	349	14045
MN564931.1	k141_37225	26190	93.680	9257	349	14045
MN564931.1	k141_37225	26190	91.691	6150	296	8806
MN564931.1	k141_37225	26190	91.691	6150	296	8806
MN564931.1	k141_37225	26190	86.063	3896	328	4673
MN564931.1	k141_37225	26190	86.063	3896	328	4673
MN564931.1	k141_37225	26190	91.202	1023	45	1449
MN564931.1	k141_37225	26190	91.202	1023	45	1449
MN564931.1	k141_37225	26190	85.099	1208	111	1407
MN564931.1	k141_37225	26190	85.099	1208	111	1407
MN564931.1	k141_37225	26190	85.185	1026	65	1163
MN564931.1	k141_37225	26190	85.185	1026	65	1163
MN564931.1	k141_37225	26190	93.207	633	26	950
MN564931.1	k141_37225	26190	87.815	714	40	907
MN564931.1	k141_37225	26190	87.815	714	40	907
MN564931.1	k141_37225	26190	93.201	603	24	905
MN564931.1	k141_37225	26190	87.295	488	41	607
MN564931.1	k141_37225	26190	87.295	488	41	607
MN564931.1	k141_37225	26190	77.815	595	95	485
MN564931.1	k141_37225	26190	77.815	595	95	485
MN564931.1	k141_37225	26190	87.106	349	33	434
MN564931.1	k141_37225	26190	87.106	349	33	434
MN564931.1	k141_37225	26190	75.419	179	35	124
MN564931.1	k141_37225	26190	75.419	179	35	124
MN564931.1	k141_37225	26190	100.000	42	0	77.0
MN564931.1	k141_37225	26190	87.097	62	6	69.8
MN564931.1	k141_37225	26190	87.097	62	6	69.8
MN564931.1	k141_37225	26190	94.872	39	2	62.6
MN564931.1	k141_5649	27769	81.774	5909	704	5745
MN564931.1	k141_5649	27769	82.322	4599	581	4617
MN564931.1	k141_5649	27769	75.636	3025	406	2107
MN564931.1	k141_5649	27769	78.393	2365	334	1932
MN564931.1	k141_5649	27769	88.999	1109	98	1436
MN564931.1	k141_5649	27769	89.424	1059	103	1405
MN564931.1	k141_5649	27769	79.222	1569	235	1366
MN564931.1	k141_5649	27769	86.331	695	79	809
MN564931.1	k141_5649	27769	83.511	752	113	790
MN564931.1	k141_5649	27769	76.471	935	149	669
MN564931.1	k141_5649	27769	71.831	781	129	396
MN564931.1	k141_5649	27769	73.730	571	65	368
MN564931.1	k141_5649	27769	86.319	307	38	364
MN564931.1	k141_5649	27769	79.946	369	56	326
MN564931.1	k141_5649	27769	76.071	397	68	268
MN564931.1	k141_5649	27769	94.393	107	6	167
MN564931.1	k141_5649	27769	89.744	39	4	53.6
MN564931.1	k141_3871	18435	85.766	4138	445	4811
MN564931.1	k141_3871	18435	92.767	3097	223	4572
MN564931.1	k141_3871	18435	87.070	1833	203	2219
MN564931.1	k141_3871	18435	77.936	2452	309	1985
MN564931.1	k141_3871	18435	84.054	740	96	805
MN564931.1	k141_3871	18435	77.944	1002	119	804
MN564931.1	k141_3871	18435	76.316	342	54	241
MN564931.1	k141_3871	18435	80.672	238	14	238
MN564931.1	k141_3871	18435	86.702	188	23	224
MN564931.1	k141_3871	18435	87.681	138	11	174
MN564931.1	k141_3871	18435	87.121	132	8	157
MN564931.1	k141_3871	18435	65.025	589	182	115
MN564931.1	k141_3871	18435	83.871	62	10	68.0
MN564931.1	k141_3871	18435	86.667	45	6	55.4
MN564931.1	k141_3871	18435	86.667	45	6	55.4
MN564931.1	k141_3871	18435	82.979	47	8	50.0
MN564931.1	k141_79486	17689	80.628	4837	680	4470
MN564931.1	k141_79486	17689	76.258	4313	758	3118
MN564931.1	k141_79486	17689	81.223	2322	384	2197
MN564931.1	k141_79486	17689	85.343	1385	168	1565
MN564931.1	k141_79486	17689	67.521	1404	321	481
MN564931.1	k141_79486	17689	68.280	1116	243	405
MN564931.1	k141_79486	17689	68.280	1116	243	405
MN564931.1	k141_79486	17689	84.127	252	40	275
MN564931.1	k141_79486	17689	66.325	585	164	143
MN564931.1	k141_79486	17689	66.325	585	164	143
MN564931.1	k141_79486	17689	66.000	550	127	141
MN564931.1	k141_79486	17689	66.000	550	127	141
MN564931.1	k141_79486	17689	83.333	90	15	96.0
MN564931.1	k141_79486	17689	83.333	90	15	96.0
MN564931.1	k141_79486	17689	100.000	42	0	77.0
MN564931.1	k141_79486	17689	100.000	42	0	77.0
MN564931.1	k141_79486	17689	92.857	42	3	63.5
MN564931.1	k141_44080	10618	80.961	4060	607	3798
MN564931.1	k141_44080	10618	86.029	1181	131	1381
MN564931.1	k141_44080	10618	73.756	1246	204	727
MN564931.1	k141_44080	10618	79.053	845	127	700
MN564931.1	k141_44080	10618	73.183	619	66	409
MN564931.1	k141_44080	10618	74.222	450	45	290
MN564931.1	k141_44080	10618	94.161	137	8	212
MN564931.1	k141_44080	10618	94.393	107	6	167
MN564931.1	k141_44080	10618	100.000	78	0	141
MN564931.1	k141_44080	10618	91.667	48	4	69.8
MN564931.1	k141_61964	11543	70.747	1152	276	501
MN564931.1	k141_61964	11543	70.747	1152	276	501
MN564931.1	k141_61964	11543	65.703	519	144	111
MN564931.1	k141_61964	11543	65.703	519	144	111
MN564931.1	k141_61964	11543	75.556	135	31	93.3
MN564931.1	k141_61964	11543	75.556	135	31	93.3
MN564931.1	k141_8510	10927	72.127	879	210	445
MN564931.1	k141_8510	10927	72.127	879	210	445
MN564931.1	k141_8510	10927	78.409	264	55	213
MN564931.1	k141_8510	10927	78.409	264	55	213
MN564931.1	k141_8510	10927	86.885	61	8	75.2
MN564931.1	k141_8510	10927	86.885	61	8	75.2
MN564931.1	k141_38326	13706	91.525	295	24	416
MN564931.1	k141_38326	13706	80.571	175	22	160
MN564931.1	k141_38326	13706	79.268	82	6	77.9
MN564931.1	k141_19812	341	84.524	336	25	379
MN564931.1	k141_19812	341	84.524	336	25	379
MN564931.1	k141_19812	341	97.619	42	1	72.5
MN564931.1	k141_19812	341	90.476	42	4	59.0
MN564931.1	k141_34712	35005	76.295	502	65	360
MN564931.1	k141_34712	35005	97.403	77	2	131
MN564931.1	k141_44689	17852	81.440	361	37	350
MN564931.1	k141_44689	17852	67.258	846	238	259
MN564931.1	k141_44689	17852	71.875	320	58	165
MN564931.1	k141_42507	223	92.825	223	16	331
MN564931.1	k141_35202	454	75.796	471	72	315
MN564931.1	k141_5756	1826	87.500	248	29	301
MN564931.1	k141_63176	361	97.143	140	4	235
MN564931.1	k141_86759	5277	92.908	141	10	210
MN564931.1	k141_86759	5277	94.521	73	4	114
MN564931.1	k141_86759	5277	75.806	62	15	45.5
MN564931.1	k141_18182	689	92.623	122	9	180
MN564931.1	k141_18182	689	92.623	122	9	180
MN564931.1	k141_15974	2010	86.525	141	19	169
MN564931.1	k141_26230	326	93.636	110	7	168
MN564931.1	k141_23643	11967	85.507	138	20	159
MN564931.1	k141_23643	11967	85.507	138	20	159
MN564931.1	k141_56962	36827	97.619	84	2	143
MN564931.1	k141_56962	36827	97.619	84	2	143
MN564931.1	k141_78707	535	92.308	91	7	133
MN564931.1	k141_80430	1259	91.398	93	8	132
MN564931.1	k141_52988	571	90.361	83	8	114
MN564931.1	k141_23671	1034	82.407	108	15	109
MN564931.1	k141_43644	607	92.958	71	5	106
MN564931.1	k141_43644	607	92.958	71	5	106
MN564931.1	k141_53633	487	88.608	79	9	103
MN564931.1	k141_65213	564	87.654	81	10	102
MN564931.1	k141_40742	473	100.000	54	0	98.7
MN564931.1	k141_40742	473	100.000	54	0	98.7
MN564931.1	k141_79796	14603	71.503	193	51	96.0
MN564931.1	k141_79796	14603	71.503	193	51	96.0
MN564931.1	k141_35633	458	87.671	73	3	93.3
MN564931.1	k141_35633	458	87.671	73	3	93.3
MN564931.1	k141_39192	303	85.526	76	11	88.7
MN564931.1	k141_39192	303	85.526	76	11	88.7
MN564931.1	k141_29770	422	94.545	55	3	86.9
MN564931.1	k141_29770	422	94.545	55	3	86.9
MN564931.1	k141_18149	9581	77.391	115	23	85.1
MN564931.1	k141_18149	9581	77.391	115	23	85.1
MN564931.1	k141_31643	18715	71.429	133	38	69.8
MN564931.1	k141_11323	670	93.478	46	1	68.0
MN564931.1	k141_6197	468	93.478	46	1	68.0
MN564931.1	k141_10532	386	85.714	56	8	66.2
MN564931.1	k141_58	397	90.909	44	4	62.6
MN564931.1	k141_58	397	90.909	44	4	62.6
MN564931.1	k141_77445	28235	81.667	60	11	59.9
MN564931.1	k141_77445	28235	81.667	60	11	59.9
MN564931.1	k141_15881	511	80.769	52	8	42.8
NC_031651.1	k141_37225	26190	92.739	9710	388	14326
NC_031651.1	k141_37225	26190	92.739	9710	388	14326
NC_031651.1	k141_37225	26190	90.448	7967	586	11000
NC_031651.1	k141_37225	26190	90.448	7967	586	11000
NC_031651.1	k141_37225	26190	90.775	5301	257	7398
NC_031651.1	k141_37225	26190	90.775	5301	257	7398
NC_031651.1	k141_37225	26190	79.547	1545	232	1375
NC_031651.1	k141_37225	26190	85.268	672	48	794
NC_031651.1	k141_37225	26190	95.862	435	18	704
NC_031651.1	k141_37225	26190	82.253	586	75	592
NC_031651.1	k141_37225	26190	82.253	586	75	592
NC_031651.1	k141_37225	26190	91.379	58	5	83.3
NC_031651.1	k141_37225	26190	95.556	45	2	73.4
NC_031651.1	k141_37225	26190	95.238	42	2	68.0
NC_031651.1	k141_37225	26190	95.238	42	2	68.0
NC_031651.1	k141_82650	27136	83.750	12732	1689	13615
NC_031651.1	k141_82650	27136	87.686	2883	284	3627
NC_031651.1	k141_82650	27136	85.766	2754	315	3143
NC_031651.1	k141_82650	27136	81.683	2091	316	2024
NC_031651.1	k141_82650	27136	79.380	548	85	455
NC_031651.1	k141_82650	27136	77.637	474	63	367
NC_031651.1	k141_82650	27136	81.606	386	68	366
NC_031651.1	k141_82650	27136	79.101	378	43	327
NC_031651.1	k141_82650	27136	86.170	188	19	224
NC_031651.1	k141_82650	27136	92.632	95	7	141
NC_031651.1	k141_82650	27136	90.741	108	7	140
NC_031651.1	k141_82650	27136	96.000	75	3	123
NC_031651.1	k141_82650	27136	75.758	165	40	118
NC_031651.1	k141_82650	27136	76.351	148	27	104
NC_031651.1	k141_82650	27136	72.000	125	29	69.8
NC_031651.1	k141_5649	27769	77.971	7372	1101	5846
NC_031651.1	k141_5649	27769	78.708	2771	450	2338
NC_031651.1	k141_5649	27769	72.981	2476	460	1422
NC_031651.1	k141_5649	27769	84.826	1061	144	1181
NC_031651.1	k141_5649	27769	84.718	1047	99	1177
NC_031651.1	k141_5649	27769	76.565	1438	230	1022
NC_031651.1	k141_5649	27769	81.393	1005	130	976
NC_031651.1	k141_5649	27769	73.137	1597	283	925
NC_031651.1	k141_5649	27769	85.227	704	69	801
NC_031651.1	k141_5649	27769	78.555	872	166	718
NC_031651.1	k141_5649	27769	83.584	664	100	706
NC_031651.1	k141_5649	27769	70.119	1516	275	655
NC_031651.1	k141_5649	27769	79.161	715	120	618
NC_031651.1	k141_5649	27769	83.175	422	57	432
NC_031651.1	k141_5649	27769	79.692	325	44	282
NC_031651.1	k141_5649	27769	75.000	296	59	192
NC_031651.1	k141_3871	18435	83.811	4083	530	4362
NC_031651.1	k141_3871	18435	90.821	3094	281	4294
NC_031651.1	k141_3871	18435	85.183	1775	219	2002
NC_031651.1	k141_3871	18435	77.708	2216	309	1738
NC_031651.1	k141_3871	18435	83.946	735	96	801
NC_031651.1	k141_3871	18435	77.295	1013	122	757
NC_031651.1	k141_3871	18435	80.392	255	27	242
NC_031651.1	k141_3871	18435	77.863	262	35	201
NC_031651.1	k141_3871	18435	87.413	143	13	178
NC_031651.1	k141_3871	18435	92.079	101	7	143
NC_031651.1	k141_3871	18435	96.250	80	3	132
NC_031651.1	k141_3871	18435	75.152	165	41	113
NC_031651.1	k141_3871	18435	68.485	165	27	64.4
NC_031651.1	k141_3871	18435	86.667	45	6	55.4
NC_031651.1	k141_3871	18435	86.667	45	6	55.4
NC_031651.1	k141_79486	17689	79.898	3328	542	2920
NC_031651.1	k141_79486	17689	80.398	2811	416	2554
NC_031651.1	k141_79486	17689	79.120	2251	444	1915
NC_031651.1	k141_79486	17689	82.795	1424	198	1452
NC_031651.1	k141_79486	17689	66.607	3929	985	1074
NC_031651.1	k141_79486	17689	75.962	1248	231	880
NC_031651.1	k141_79486	17689	81.897	232	38	224
NC_031651.1	k141_79486	17689	100.000	42	0	77.0
NC_031651.1	k141_79486	17689	100.000	42	0	77.0
NC_031651.1	k141_79486	17689	100.000	39	0	71.6
NC_031651.1	k141_44080	10618	92.188	1216	81	1769
NC_031651.1	k141_44080	10618	72.604	2442	519	1325
NC_031651.1	k141_44080	10618	86.870	952	125	1154
NC_031651.1	k141_44080	10618	75.887	1128	178	731
NC_031651.1	k141_44080	10618	71.568	1231	228	595
NC_031651.1	k141_44080	10618	72.944	754	100	449
NC_031651.1	k141_44080	10618	75.388	451	52	295
NC_031651.1	k141_44080	10618	83.092	207	26	202
NC_031651.1	k141_44080	10618	87.050	139	18	170
NC_031651.1	k141_44080	10618	98.182	55	1	96.0
NC_031651.1	k141_61964	11543	70.721	1151	278	516
NC_031651.1	k141_61964	11543	70.721	1151	278	516
NC_031651.1	k141_61964	11543	65.511	519	145	111
NC_031651.1	k141_61964	11543	65.511	519	145	111
NC_031651.1	k141_61964	11543	75.373	134	31	91.5
NC_031651.1	k141_61964	11543	75.373	134	31	91.5
NC_031651.1	k141_61964	11543	83.721	43	7	47.3
NC_031651.1	k141_8510	10927	72.593	883	199	460
NC_031651.1	k141_8510	10927	72.593	883	199	460
NC_031651.1	k141_8510	10927	78.409	264	55	213
NC_031651.1	k141_8510	10927	78.409	264	55	213
NC_031651.1	k141_8510	10927	86.885	61	8	75.2
NC_031651.1	k141_8510	10927	86.885	61	8	75.2
NC_031651.1	k141_44689	17852	75.000	672	104	450
NC_031651.1	k141_44689	17852	66.240	859	249	225
NC_031651.1	k141_35202	454	80.263	456	61	376
NC_031651.1	k141_38326	13706	88.040	301	34	374
NC_031651.1	k141_38326	13706	80.702	171	24	155
NC_031651.1	k141_19812	341	82.044	362	27	368
NC_031651.1	k141_19812	341	82.044	362	27	368
NC_031651.1	k141_19812	341	95.238	42	2	68.0
NC_031651.1	k141_42507	223	90.583	223	21	308
NC_031651.1	k141_5756	1826	84.921	252	33	279
NC_031651.1	k141_34712	35005	80.139	287	31	249
NC_031651.1	k141_34712	35005	100.000	57	0	104
NC_031651.1	k141_86759	5277	91.489	141	12	201
NC_031651.1	k141_86759	5277	90.789	76	7	106
NC_031651.1	k141_86759	5277	75.806	62	15	45.5
NC_031651.1	k141_63176	361	90.714	140	13	195
NC_031651.1	k141_23643	11967	86.301	146	14	175
NC_031651.1	k141_23643	11967	86.301	146	14	175
NC_031651.1	k141_18182	689	94.444	108	6	168
NC_031651.1	k141_18182	689	94.444	108	6	168
NC_031651.1	k141_15974	2010	86.131	137	19	162
NC_031651.1	k141_26230	326	92.593	108	8	159
NC_031651.1	k141_56962	36827	95.181	83	4	132
NC_031651.1	k141_56962	36827	95.181	83	4	132
NC_031651.1	k141_78707	535	89.011	91	10	120
NC_031651.1	k141_12668	421	92.308	78	4	112
NC_031651.1	k141_12668	421	92.308	78	4	112
NC_031651.1	k141_43644	607	94.366	71	4	111
NC_031651.1	k141_43644	607	94.366	71	4	111
NC_031651.1	k141_53633	487	88.608	79	9	103
NC_031651.1	k141_79796	14603	72.021	193	50	100
NC_031651.1	k141_79796	14603	72.021	193	50	100
NC_031651.1	k141_52988	571	87.500	80	10	100
NC_031651.1	k141_52988	571	88.372	43	5	56.3
NC_031651.1	k141_40742	473	100.000	54	0	98.7
NC_031651.1	k141_40742	473	100.000	54	0	98.7
NC_031651.1	k141_29770	422	94.545	55	3	86.9
NC_031651.1	k141_29770	422	94.545	55	3	86.9
NC_031651.1	k141_18149	9581	77.391	115	23	85.1
NC_031651.1	k141_18149	9581	77.391	115	23	85.1
NC_031651.1	k141_31643	18715	75.397	126	29	81.5
NC_031651.1	k141_58	397	100.000	44	0	80.6
NC_031651.1	k141_58	397	100.000	44	0	80.6
NC_031651.1	k141_39192	303	84.058	69	11	76.1
NC_031651.1	k141_23671	1034	73.874	111	14	75.2
NC_031651.1	k141_10532	386	87.500	56	7	70.7
NC_031651.1	k141_69680	551	93.182	44	3	67.1
NC_031651.1	k141_69680	551	93.182	44	3	67.1
NC_031651.1	k141_35633	458	93.023	43	3	65.3
NC_031651.1	k141_35633	458	93.023	43	3	65.3
NC_031651.1	k141_77445	28235	81.667	60	11	59.9
NC_031651.1	k141_77445	28235	81.667	60	11	59.9
MW366789.1	k141_37225	26190	89.612	5314	351	7029
MW366789.1	k141_37225	26190	89.612	5314	351	7029
MW366789.1	k141_37225	26190	87.783	4322	370	5431
MW366789.1	k141_37225	26190	87.783	4322	370	5431
MW366789.1	k141_37225	26190	91.430	1797	107	2540
MW366789.1	k141_37225	26190	91.430	1797	107	2540
MW366789.1	k141_37225	26190	88.038	627	56	792
MW366789.1	k141_37225	26190	88.038	627	56	792
MW366789.1	k141_37225	26190	82.456	627	68	633
MW366789.1	k141_37225	26190	82.456	627	68	633
MW366789.1	k141_37225	26190	89.391	443	44	586
MW366789.1	k141_37225	26190	90.164	427	42	581
MW366789.1	k141_37225	26190	85.934	455	33	529
MW366789.1	k141_37225	26190	85.934	455	33	529
MW366789.1	k141_37225	26190	85.934	455	33	529
MW366789.1	k141_37225	26190	83.495	309	35	334
MW366789.1	k141_37225	26190	83.495	309	35	334
MW366789.1	k141_37225	26190	96.350	137	5	225
MW366789.1	k141_37225	26190	96.350	137	5	225
MW366789.1	k141_37225	26190	75.241	311	47	224
MW366789.1	k141_37225	26190	85.795	176	24	202
MW366789.1	k141_37225	26190	85.795	176	24	202
MW366789.1	k141_37225	26190	85.465	172	16	202
MW366789.1	k141_37225	26190	85.465	172	16	202
MW366789.1	k141_37225	26190	91.045	134	12	188
MW366789.1	k141_37225	26190	91.045	134	12	188
MW366789.1	k141_37225	26190	87.288	118	10	148
MW366789.1	k141_37225	26190	87.288	118	10	146
MW366789.1	k141_37225	26190	82.836	134	14	142
MW366789.1	k141_37225	26190	82.836	134	14	142
MW366789.1	k141_37225	26190	91.304	92	8	131
MW366789.1	k141_37225	26190	91.304	92	8	131
MW366789.1	k141_37225	26190	75.652	115	22	74.3
MW366789.1	k141_37225	26190	73.770	122	24	70.7
MW366789.1	k141_37225	26190	95.238	42	2	68.0
MW366789.1	k141_37225	26190	95.238	42	2	68.0
MW366789.1	k141_37225	26190	89.796	49	5	67.1
MW366789.1	k141_37225	26190	89.796	49	5	67.1
MW366789.1	k141_37225	26190	89.796	49	5	67.1
MW366789.1	k141_37225	26190	94.737	38	2	60.8
MW366789.1	k141_82650	27136	78.646	8406	1528	6979
MW366789.1	k141_82650	27136	90.484	2480	236	3409
MW366789.1	k141_82650	27136	86.364	2156	252	2561
MW366789.1	k141_82650	27136	86.364	2156	252	2561
MW366789.1	k141_82650	27136	75.388	3157	623	2118
MW366789.1	k141_82650	27136	78.255	1513	267	1234
MW366789.1	k141_82650	27136	70.944	1091	229	524
MW366789.1	k141_82650	27136	84.881	377	42	419
MW366789.1	k141_82650	27136	73.951	572	102	335
MW366789.1	k141_82650	27136	83.267	251	40	257
MW366789.1	k141_82650	27136	78.816	321	59	254
MW366789.1	k141_82650	27136	85.000	180	21	205
MW366789.1	k141_82650	27136	95.050	101	5	160
MW366789.1	k141_82650	27136	80.723	166	25	149
MW366789.1	k141_82650	27136	69.059	404	74	135
MW366789.1	k141_82650	27136	91.579	95	5	134
MW366789.1	k141_82650	27136	97.368	76	2	129
MW366789.1	k141_82650	27136	96.000	75	3	123
MW366789.1	k141_82650	27136	78.571	126	27	106
MW366789.1	k141_82650	27136	78.571	126	27	106
MW366789.1	k141_82650	27136	91.139	79	5	104
MW366789.1	k141_82650	27136	88.750	80	7	97.8
MW366789.1	k141_82650	27136	66.667	129	43	40.1
MW366789.1	k141_82650	27136	66.667	129	43	40.1
MW366789.1	k141_3871	18435	88.001	3117	350	3935
MW366789.1	k141_3871	18435	88.001	3117	350	3935
MW366789.1	k141_3871	18435	85.299	1925	275	2190
MW366789.1	k141_3871	18435	85.501	1607	201	1837
MW366789.1	k141_3871	18435	80.679	1739	298	1598
MW366789.1	k141_3871	18435	73.848	1736	324	985
MW366789.1	k141_3871	18435	73.746	1017	156	591
MW366789.1	k141_3871	18435	71.233	803	170	404
MW366789.1	k141_3871	18435	82.422	256	41	254
MW366789.1	k141_3871	18435	77.470	253	29	203
MW366789.1	k141_3871	18435	91.241	137	11	190
MW366789.1	k141_3871	18435	90.698	129	10	177
MW366789.1	k141_3871	18435	94.565	92	4	141
MW366789.1	k141_3871	18435	66.667	444	132	131
MW366789.1	k141_3871	18435	66.667	444	132	131
MW366789.1	k141_3871	18435	92.208	77	6	113
MW366789.1	k141_3871	18435	82.222	45	8	46.4
MW366789.1	k141_5649	27769	77.398	5026	815	3813
MW366789.1	k141_5649	27769	74.430	1623	310	1075
MW366789.1	k141_5649	27769	81.970	1076	178	1058
MW366789.1	k141_5649	27769	80.762	1076	147	1012
MW366789.1	k141_5649	27769	84.673	672	88	748
MW366789.1	k141_5649	27769	78.806	670	124	549
MW366789.1	k141_5649	27769	73.441	930	173	523
MW366789.1	k141_5649	27769	75.766	685	160	466
MW366789.1	k141_5649	27769	76.970	495	107	368
MW366789.1	k141_5649	27769	76.824	466	108	354
MW366789.1	k141_5649	27769	75.550	409	63	285
MW366789.1	k141_5649	27769	75.550	409	63	285
MW366789.1	k141_5649	27769	71.174	562	133	269
MW366789.1	k141_5649	27769	75.562	356	85	243
MW366789.1	k141_5649	27769	84.541	207	32	230
MW366789.1	k141_5649	27769	67.118	812	201	222
MW366789.1	k141_5649	27769	79.186	221	42	191
MW366789.1	k141_5649	27769	73.746	339	73	185
MW366789.1	k141_5649	27769	81.000	200	34	180
MW366789.1	k141_5649	27769	75.385	260	50	176
MW366789.1	k141_5649	27769	75.769	260	49	176
MW366789.1	k141_5649	27769	66.502	606	184	168
MW366789.1	k141_5649	27769	66.502	606	184	168
MW366789.1	k141_5649	27769	85.039	127	19	144
MW366789.1	k141_5649	27769	84.426	122	19	135
MW366789.1	k141_5649	27769	76.866	134	26	94.2
MW366789.1	k141_5649	27769	83.824	68	11	74.3
MW366789.1	k141_79486	17689	79.383	4375	728	3755
MW366789.1	k141_79486	17689	79.383	4375	728	3755
MW366789.1	k141_79486	17689	78.699	1953	377	1610
MW366789.1	k141_79486	17689	74.989	2247	512	1519
MW366789.1	k141_79486	17689	71.964	1227	238	673
MW366789.1	k141_79486	17689	79.764	593	119	526
MW366789.1	k141_79486	17689	79.764	593	119	526
MW366789.1	k141_79486	17689	76.708	322	75	243
MW366789.1	k141_79486	17689	97.619	42	1	72.5
MW366789.1	k141_79486	17689	97.619	42	1	72.5
MW366789.1	k141_79486	17689	92.683	41	3	61.7
MW366789.1	k141_44080	10618	75.857	3297	664	2310
MW366789.1	k141_44080	10618	75.630	2183	375	1487
MW366789.1	k141_44080	10618	69.665	656	108	279
MW366789.1	k141_44080	10618	69.367	679	131	253
MW366789.1	k141_44080	10618	72.637	402	64	222
MW366789.1	k141_44080	10618	72.704	392	63	215
MW366789.1	k141_44080	10618	78.325	203	26	149
MW366789.1	k141_44080	10618	100.000	81	0	147
MW366789.1	k141_44080	10618	100.000	81	0	147
MW366789.1	k141_44080	10618	87.324	71	9	88.7
MW366789.1	k141_44080	10618	75.652	115	22	74.3
MW366789.1	k141_44080	10618	76.724	116	19	73.4
MW366789.1	k141_44080	10618	73.770	122	24	70.7
MW366789.1	k141_44080	10618	83.019	53	9	56.3
MW366789.1	k141_44080	10618	83.019	53	9	56.3
MW366789.1	k141_61964	11543	70.920	1152	278	516
MW366789.1	k141_61964	11543	70.920	1152	278	516
MW366789.1	k141_61964	11543	66.535	505	148	123
MW366789.1	k141_61964	11543	66.535	505	148	123
MW366789.1	k141_61964	11543	80.412	97	19	90.6
MW366789.1	k141_61964	11543	80.412	97	19	90.6
MW366789.1	k141_8510	10927	72.054	891	204	435
MW366789.1	k141_8510	10927	72.054	891	204	435
MW366789.1	k141_8510	10927	90.164	61	6	84.2
MW366789.1	k141_8510	10927	90.164	61	6	84.2
MW366789.1	k141_8510	10927	88.525	61	7	79.7
MW366789.1	k141_8510	10927	88.525	61	7	79.7
MW366789.1	k141_38326	13706	88.737	293	32	377
MW366789.1	k141_38326	13706	88.737	293	32	377
MW366789.1	k141_38326	13706	91.089	101	9	142
MW366789.1	k141_19812	341	82.282	333	29	335
MW366789.1	k141_19812	341	82.282	333	29	335
MW366789.1	k141_42507	223	89.686	223	23	299
MW366789.1	k141_42507	223	89.686	223	23	299
MW366789.1	k141_35202	454	74.530	479	76	261
MW366789.1	k141_44689	17852	66.927	768	211	234
MW366789.1	k141_44689	17852	75.789	285	59	195
MW366789.1	k141_44689	17852	78.443	167	30	127
MW366789.1	k141_5756	1826	84.541	207	32	230
MW366789.1	k141_63176	361	95.000	140	7	222
MW366789.1	k141_63176	361	95.000	140	7	222
MW366789.1	k141_34712	35005	77.600	250	44	192
MW366789.1	k141_34712	35005	97.531	81	2	138
MW366789.1	k141_34712	35005	97.531	81	2	138
MW366789.1	k141_34712	35005	87.500	40	5	50.9
MW366789.1	k141_34712	35005	87.500	40	5	50.9
MW366789.1	k141_86759	5277	90.071	141	14	192
MW366789.1	k141_86759	5277	90.071	141	14	192
MW366789.1	k141_86759	5277	90.909	77	6	104
MW366789.1	k141_86759	5277	75.758	66	16	48.2
MW366789.1	k141_15974	2010	82.270	141	25	142
MW366789.1	k141_26230	326	87.255	102	13	126
MW366789.1	k141_18182	689	84.821	112	13	125
MW366789.1	k141_18182	689	84.821	112	13	125
MW366789.1	k141_56962	36827	94.667	75	4	118
MW366789.1	k141_56962	36827	94.667	75	4	118
MW366789.1	k141_80430	1259	86.022	93	13	110
MW366789.1	k141_80430	1259	86.022	93	13	110
MW366789.1	k141_43644	607	94.444	72	3	109
MW366789.1	k141_43644	607	94.444	72	3	109
MW366789.1	k141_78707	535	85.714	91	13	106
MW366789.1	k141_53633	487	86.076	79	11	94.2
MW366789.1	k141_53633	487	86.076	79	11	94.2
MW366789.1	k141_40742	473	94.444	54	3	85.1
MW366789.1	k141_40742	473	94.444	54	3	85.1
MW366789.1	k141_65213	564	79.570	93	19	83.3
MW366789.1	k141_65213	564	79.570	93	19	83.3
MW366789.1	k141_18149	9581	76.522	115	24	80.6
MW366789.1	k141_18149	9581	76.522	115	24	80.6
MW366789.1	k141_18149	9581	82.812	64	11	67.1
MW366789.1	k141_18149	9581	82.812	64	11	67.1
MW366789.1	k141_31643	18715	72.340	141	37	72.5
MW366789.1	k141_77445	28235	85.000	60	9	68.9
MW366789.1	k141_77445	28235	85.000	60	9	68.9
MW366789.1	k141_77445	28235	83.333	60	10	64.4
MW366789.1	k141_77445	28235	83.333	60	10	64.4
MW366789.1	k141_49816	622	82.812	64	11	67.1
MW366789.1	k141_49816	622	82.812	64	11	67.1
MW366789.1	k141_58	397	93.182	44	3	67.1
MW366789.1	k141_58	397	93.182	44	3	67.1
MW366789.1	k141_47858	44379	85.455	55	8	64.4
MW366789.1	k141_57940	4487	84.783	46	7	52.7
MW366789.1	k141_57940	4487	84.783	46	7	52.7
MW366789.1	k141_88107	541	80.000	50	8	39.2
KT899950.1	k141_37225	26190	89.909	13696	876	18623
KT899950.1	k141_37225	26190	89.909	13696	876	18623
KT899950.1	k141_37225	26190	90.133	12395	743	16745
KT899950.1	k141_37225	26190	91.736	11532	538	16433
KT899950.1	k141_37225	26190	86.606	657	50	810
KT899950.1	k141_37225	26190	93.911	427	26	654
KT899950.1	k141_37225	26190	97.619	42	1	72.5
KT899950.1	k141_37225	26190	97.619	42	1	72.5
KT899950.1	k141_37225	26190	92.857	42	3	63.5
KT899950.1	k141_82650	27136	83.364	12659	1776	13231
KT899950.1	k141_82650	27136	91.790	2509	205	3593
KT899950.1	k141_82650	27136	84.155	2758	322	2973
KT899950.1	k141_82650	27136	84.652	1479	198	1630
KT899950.1	k141_82650	27136	80.268	522	71	480
KT899950.1	k141_82650	27136	88.166	338	30	425
KT899950.1	k141_82650	27136	84.226	336	49	362
KT899950.1	k141_82650	27136	84.953	319	28	360
KT899950.1	k141_82650	27136	86.063	287	34	334
KT899950.1	k141_82650	27136	87.368	190	23	232
KT899950.1	k141_82650	27136	75.338	296	54	178
KT899950.1	k141_82650	27136	91.209	91	8	129
KT899950.1	k141_82650	27136	90.323	93	4	123
KT899950.1	k141_82650	27136	91.667	84	6	117
KT899950.1	k141_82650	27136	75.000	156	39	106
KT899950.1	k141_82650	27136	75.159	157	27	105
KT899950.1	k141_5649	27769	77.553	7404	1095	5844
KT899950.1	k141_5649	27769	79.342	3800	624	3234
KT899950.1	k141_5649	27769	79.361	2127	360	1811
KT899950.1	k141_5649	27769	72.788	2407	464	1376
KT899950.1	k141_5649	27769	84.470	1056	96	1173
KT899950.1	k141_5649	27769	74.586	1751	302	1110
KT899950.1	k141_5649	27769	78.739	1190	187	1030
KT899950.1	k141_5649	27769	85.059	676	66	783
KT899950.1	k141_5649	27769	72.512	1437	266	743
KT899950.1	k141_5649	27769	82.729	689	105	692
KT899950.1	k141_5649	27769	74.727	732	105	473
KT899950.1	k141_5649	27769	77.215	316	49	235
KT899950.1	k141_5649	27769	87.500	144	15	168
KT899950.1	k141_5649	27769	89.744	39	4	53.6
KT899950.1	k141_3871	18435	84.415	4113	513	4513
KT899950.1	k141_3871	18435	90.894	3097	277	4310
KT899950.1	k141_3871	18435	83.196	1827	264	1901
KT899950.1	k141_3871	18435	76.278	2230	328	1647
KT899950.1	k141_3871	18435	76.326	1018	137	718
KT899950.1	k141_3871	18435	83.309	689	111	715
KT899950.1	k141_3871	18435	82.031	256	21	260
KT899950.1	k141_3871	18435	85.321	218	23	244
KT899950.1	k141_3871	18435	89.231	130	11	166
KT899950.1	k141_3871	18435	93.137	102	5	146
KT899950.1	k141_3871	18435	97.468	79	2	134
KT899950.1	k141_3871	18435	67.838	370	103	128
KT899950.1	k141_3871	18435	86.667	45	6	55.4
KT899950.1	k141_3871	18435	86.667	45	6	55.4
KT899950.1	k141_3871	18435	85.366	41	6	48.2
KT899950.1	k141_3871	18435	74.194	62	16	41.0
KT899950.1	k141_44080	10618	77.806	3582	602	2847
KT899950.1	k141_44080	10618	80.477	1511	220	1364
KT899950.1	k141_44080	10618	72.476	1228	220	631
KT899950.1	k141_44080	10618	75.884	622	94	434
KT899950.1	k141_44080	10618	77.327	591	95	403
KT899950.1	k141_44080	10618	71.698	636	100	350
KT899950.1	k141_44080	10618	72.444	450	55	239
KT899950.1	k141_44080	10618	90.071	141	14	192
KT899950.1	k141_44080	10618	75.000	68	17	47.3
KT899950.1	k141_79486	17689	80.563	2737	431	2480
KT899950.1	k141_79486	17689	83.084	2004	312	2057
KT899950.1	k141_79486	17689	78.813	2275	444	1906
KT899950.1	k141_79486	17689	67.741	4033	975	1373
KT899950.1	k141_79486	17689	82.293	1378	219	1363
KT899950.1	k141_79486	17689	77.625	1162	206	914
KT899950.1	k141_79486	17689	74.795	1218	235	806
KT899950.1	k141_79486	17689	79.253	241	49	206
KT899950.1	k141_79486	17689	100.000	42	0	77.0
KT899950.1	k141_79486	17689	100.000	42	0	77.0
KT899950.1	k141_79486	17689	92.857	42	3	63.5
KT899950.1	k141_61964	11543	70.761	1156	269	516
KT899950.1	k141_61964	11543	70.761	1156	269	516
KT899950.1	k141_61964	11543	65.637	518	145	108
KT899950.1	k141_61964	11543	65.637	518	145	108
KT899950.1	k141_61964	11543	81.443	97	18	95.1
KT899950.1	k141_61964	11543	81.443	97	18	95.1
KT899950.1	k141_8510	10927	72.520	877	210	456
KT899950.1	k141_8510	10927	72.520	877	210	456
KT899950.1	k141_8510	10927	78.409	264	55	213
KT899950.1	k141_8510	10927	78.409	264	55	213
KT899950.1	k141_8510	10927	86.885	61	8	75.2
KT899950.1	k141_8510	10927	86.885	61	8	75.2
KT899950.1	k141_19812	341	85.920	348	23	408
KT899950.1	k141_19812	341	85.920	348	23	408
KT899950.1	k141_38326	13706	90.033	301	28	401
KT899950.1	k141_38326	13706	70.306	458	86	200
KT899950.1	k141_35202	454	79.029	453	85	371
KT899950.1	k141_44689	17852	73.231	650	108	362
KT899950.1	k141_44689	17852	65.607	849	247	197
KT899950.1	k141_42507	223	91.031	223	20	313
KT899950.1	k141_63176	361	95.652	138	6	223
KT899950.1	k141_34712	35005	83.408	223	31	219
KT899950.1	k141_34712	35005	97.368	76	2	129
KT899950.1	k141_5756	1826	84.000	200	32	217
KT899950.1	k141_86759	5277	90.780	141	13	196
KT899950.1	k141_86759	5277	93.421	76	5	115
KT899950.1	k141_86759	5277	75.806	62	15	45.5
KT899950.1	k141_23643	11967	87.671	146	12	184
KT899950.1	k141_23643	11967	87.671	146	12	184
KT899950.1	k141_18182	689	96.296	108	4	178
KT899950.1	k141_18182	689	96.296	108	4	178
KT899950.1	k141_61079	302	80.412	194	33	166
KT899950.1	k141_26230	326	93.519	108	7	164
KT899950.1	k141_15974	2010	85.106	141	21	160
KT899950.1	k141_56962	36827	96.429	84	3	139
KT899950.1	k141_56962	36827	96.429	84	3	139
KT899950.1	k141_78707	535	91.209	91	8	129
KT899950.1	k141_80430	1259	88.172	93	11	119
KT899950.1	k141_43644	607	94.366	71	4	111
KT899950.1	k141_43644	607	94.366	71	4	111
KT899950.1	k141_52988	571	85.542	83	12	96.9
KT899950.1	k141_40742	473	98.148	54	1	94.2
KT899950.1	k141_40742	473	98.148	54	1	94.2
KT899950.1	k141_53633	487	86.076	79	11	94.2
KT899950.1	k141_35633	458	91.045	67	3	93.3
KT899950.1	k141_35633	458	91.045	67	3	93.3
KT899950.1	k141_65213	564	81.720	93	17	92.4
KT899950.1	k141_29770	422	94.545	55	3	86.9
KT899950.1	k141_29770	422	94.545	55	3	86.9
KT899950.1	k141_18149	9581	77.391	115	23	85.1
KT899950.1	k141_18149	9581	77.391	115	23	85.1
KT899950.1	k141_18149	9581	82.812	64	11	67.1
KT899950.1	k141_18149	9581	82.812	64	11	67.1
KT899950.1	k141_31643	18715	74.603	126	30	77.0
KT899950.1	k141_58	397	97.727	44	1	76.1
KT899950.1	k141_58	397	97.727	44	1	76.1
KT899950.1	k141_49816	622	82.812	64	11	67.1
KT899950.1	k141_49816	622	82.812	64	11	67.1
KT899950.1	k141_10532	386	85.455	55	8	64.4
KT899950.1	k141_77445	28235	81.667	60	11	59.9
KT899950.1	k141_77445	28235	81.667	60	11	59.9
KT899950.1	k141_36516	1929	82.222	45	8	46.4
GU191334.1	k141_37225	26190	88.141	3761	298	4735
GU191334.1	k141_37225	26190	88.141	3761	298	4735
GU191334.1	k141_37225	26190	86.048	2652	256	3065
GU191334.1	k141_37225	26190	86.048	2652	256	3065
GU191334.1	k141_37225	26190	77.927	1042	172	814
GU191334.1	k141_37225	26190	77.927	1042	172	814
GU191334.1	k141_37225	26190	75.976	666	153	469
GU191334.1	k141_37225	26190	76.018	442	106	320
GU191334.1	k141_37225	26190	70.418	622	165	288
GU191334.1	k141_37225	26190	71.963	535	149	286
GU191334.1	k141_37225	26190	77.922	308	68	250
GU191334.1	k141_37225	26190	94.937	79	4	125
GU191334.1	k141_37225	26190	94.937	79	4	125
GU191334.1	k141_37225	26190	89.286	84	9	112
GU191334.1	k141_37225	26190	69.534	279	81	106
GU191334.1	k141_37225	26190	90.667	75	7	104
GU191334.1	k141_37225	26190	90.667	75	7	104
GU191334.1	k141_37225	26190	88.158	76	9	97.8
GU191334.1	k141_3871	18435	82.335	2921	512	2928
GU191334.1	k141_3871	18435	79.086	1707	348	1455
GU191334.1	k141_3871	18435	82.899	1380	236	1425
GU191334.1	k141_3871	18435	74.944	898	198	594
GU191334.1	k141_3871	18435	74.318	623	125	389
GU191334.1	k141_3871	18435	77.753	445	94	348
GU191334.1	k141_3871	18435	71.670	473	110	240
GU191334.1	k141_3871	18435	76.852	216	47	154
GU191334.1	k141_3871	18435	93.182	88	5	129
GU191334.1	k141_3871	18435	94.937	79	4	125
GU191334.1	k141_3871	18435	80.147	136	27	124
GU191334.1	k141_3871	18435	97.183	71	2	120
GU191334.1	k141_3871	18435	89.655	87	7	114
GU191334.1	k141_3871	18435	65.141	568	172	106
GU191334.1	k141_3871	18435	81.818	99	17	95.1
GU191334.1	k141_3871	18435	74.797	123	19	80.6
GU191334.1	k141_3871	18435	88.636	44	5	58.1
GU191334.1	k141_3871	18435	92.308	39	3	58.1
GU191334.1	k141_3871	18435	85.106	47	7	54.5
GU191334.1	k141_3871	18435	88.095	42	5	54.5
GU191334.1	k141_3871	18435	77.419	62	14	50.0
GU191334.1	k141_82650	27136	83.164	2459	413	2565
GU191334.1	k141_82650	27136	82.188	1673	298	1674
GU191334.1	k141_82650	27136	69.776	3742	1036	1515
GU191334.1	k141_82650	27136	72.300	1213	301	673
GU191334.1	k141_82650	27136	71.650	1291	337	664
GU191334.1	k141_82650	27136	70.456	1293	366	607
GU191334.1	k141_82650	27136	77.628	742	154	574
GU191334.1	k141_82650	27136	72.662	695	186	392
GU191334.1	k141_82650	27136	84.146	246	39	269
GU191334.1	k141_82650	27136	69.023	665	198	247
GU191334.1	k141_82650	27136	78.534	191	41	160
GU191334.1	k141_82650	27136	68.837	430	105	149
GU191334.1	k141_82650	27136	96.053	76	3	124
GU191334.1	k141_82650	27136	90.698	86	8	120
GU191334.1	k141_82650	27136	80.952	126	24	120
GU191334.1	k141_82650	27136	84.466	103	10	115
GU191334.1	k141_82650	27136	84.466	103	15	111
GU191334.1	k141_82650	27136	83.516	91	15	97.8
GU191334.1	k141_82650	27136	88.571	70	8	91.5
GU191334.1	k141_82650	27136	83.333	72	12	77.0
GU191334.1	k141_82650	27136	79.070	86	18	75.2
GU191334.1	k141_5649	27769	80.492	1584	308	1461
GU191334.1	k141_5649	27769	82.133	694	119	689
GU191334.1	k141_5649	27769	75.991	883	208	623
GU191334.1	k141_5649	27769	82.716	486	84	499
GU191334.1	k141_5649	27769	79.707	547	99	484
GU191334.1	k141_5649	27769	74.822	703	164	446
GU191334.1	k141_5649	27769	68.914	1142	308	434
GU191334.1	k141_5649	27769	78.947	475	95	398
GU191334.1	k141_5649	27769	68.443	957	252	334
GU191334.1	k141_5649	27769	74.105	363	85	235
GU191334.1	k141_5649	27769	71.926	431	105	224
GU191334.1	k141_5649	27769	84.080	201	32	219
GU191334.1	k141_5649	27769	66.524	699	180	219
GU191334.1	k141_5649	27769	67.205	805	175	198
GU191334.1	k141_5649	27769	68.337	439	110	183
GU191334.1	k141_5649	27769	66.358	648	206	179
GU191334.1	k141_5649	27769	77.064	218	50	168
GU191334.1	k141_5649	27769	76.077	209	50	152
GU191334.1	k141_5649	27769	82.677	127	20	128
GU191334.1	k141_5649	27769	86.139	101	14	120
GU191334.1	k141_5649	27769	69.521	292	87	119
GU191334.1	k141_5649	27769	79.675	123	25	110
GU191334.1	k141_5649	27769	75.806	124	30	89.7
GU191334.1	k141_5649	27769	82.609	46	7	44.6
GU191334.1	k141_5649	27769	84.615	39	6	44.6
GU191334.1	k141_44080	10618	88.726	1091	118	1409
GU191334.1	k141_44080	10618	78.108	909	197	736
GU191334.1	k141_44080	10618	81.884	138	20	132
GU191334.1	k141_44080	10618	79.710	138	25	122
GU191334.1	k141_44080	10618	92.500	80	6	118
GU191334.1	k141_44080	10618	88.043	92	9	114
GU191334.1	k141_44080	10618	91.892	74	6	107
GU191334.1	k141_44080	10618	77.206	136	31	106
GU191334.1	k141_44080	10618	77.165	127	28	96.0
GU191334.1	k141_44080	10618	73.494	166	33	94.2
GU191334.1	k141_44080	10618	97.368	38	1	65.3
GU191334.1	k141_79486	17689	77.070	1775	389	1333
GU191334.1	k141_79486	17689	70.604	1820	498	832
GU191334.1	k141_79486	17689	75.404	1175	242	769
GU191334.1	k141_79486	17689	75.091	1100	258	737
GU191334.1	k141_79486	17689	68.069	808	227	264
GU191334.1	k141_79486	17689	67.553	564	171	172
GU191334.1	k141_79486	17689	83.478	115	18	119
GU191334.1	k141_79486	17689	75.926	108	26	78.8
GU191334.1	k141_61964	11543	70.685	1153	275	509
GU191334.1	k141_61964	11543	70.685	1153	275	509
GU191334.1	k141_61964	11543	76.119	134	30	96.0
GU191334.1	k141_61964	11543	76.119	134	30	96.0
GU191334.1	k141_61964	11543	64.706	493	140	91.5
GU191334.1	k141_61964	11543	64.706	493	140	91.5
GU191334.1	k141_8510	10927	72.931	894	199	466
GU191334.1	k141_8510	10927	72.931	894	199	466
GU191334.1	k141_8510	10927	78.030	264	56	208
GU191334.1	k141_8510	10927	78.030	264	56	208
GU191334.1	k141_8510	10927	88.525	61	7	79.7
GU191334.1	k141_8510	10927	88.525	61	7	79.7
GU191334.1	k141_44689	17852	67.925	848	229	288
GU191334.1	k141_44689	17852	87.209	86	11	106
GU191334.1	k141_44689	17852	83.544	79	13	85.1
GU191334.1	k141_38326	13706	78.498	293	62	242
GU191334.1	k141_38326	13706	93.421	76	5	115
GU191334.1	k141_5756	1826	84.080	201	32	219
GU191334.1	k141_42507	223	80.583	206	40	192
GU191334.1	k141_63176	361	88.028	142	17	180
GU191334.1	k141_86759	5277	97.297	74	2	125
GU191334.1	k141_86759	5277	78.689	122	26	104
GU191334.1	k141_15974	2010	79.433	141	29	124
GU191334.1	k141_56962	36827	87.838	74	9	94.2
GU191334.1	k141_56962	36827	87.838	74	9	94.2
GU191334.1	k141_56962	36827	82.609	46	7	44.6
GU191334.1	k141_40742	473	98.148	54	1	94.2
GU191334.1	k141_40742	473	98.148	54	1	94.2
GU191334.1	k141_43644	607	88.732	71	8	93.3
GU191334.1	k141_43644	607	88.732	71	8	93.3
GU191334.1	k141_18149	9581	78.261	115	22	89.7
GU191334.1	k141_18149	9581	78.261	115	22	89.7
GU191334.1	k141_18149	9581	82.812	64	11	67.1
GU191334.1	k141_18149	9581	82.812	64	11	67.1
GU191334.1	k141_53633	487	83.117	77	13	81.5
GU191334.1	k141_80430	1259	78.261	92	20	77.0
GU191334.1	k141_78707	535	77.907	86	19	70.7
GU191334.1	k141_31643	18715	79.012	81	17	70.7
GU191334.1	k141_49816	622	82.812	64	11	67.1
GU191334.1	k141_49816	622	82.812	64	11	67.1
GU191334.1	k141_10532	386	88.235	51	6	66.2
GU191334.1	k141_77445	28235	83.333	60	10	64.4
GU191334.1	k141_77445	28235	83.333	60	10	64.4
GU191334.1	k141_35202	454	94.737	38	2	60.8
GU191334.1	k141_79796	14603	66.667	258	81	60.8
GU191334.1	k141_19812	341	92.308	39	3	58.1
GU191334.1	k141_19812	341	84.615	52	7	55.4
GU191334.1	k141_21054	766	82.609	46	7	44.6
GU191334.1	k141_34712	35005	70.930	86	24	40.1
