MZ962720.1	k141_16214	35973	84.278	4974	741	5424
MZ962720.1	k141_16214	35973	86.799	2568	329	3099
MZ962720.1	k141_16214	35973	72.268	3130	771	1680
MZ962720.1	k141_16214	35973	81.518	1515	278	1463
MZ962720.1	k141_16214	35973	76.493	1340	296	969
MZ962720.1	k141_16214	35973	79.748	795	151	691
MZ962720.1	k141_16214	35973	68.134	1886	387	624
MZ962720.1	k141_16214	35973	69.844	1343	331	587
MZ962720.1	k141_16214	35973	86.923	260	34	316
MZ962720.1	k141_16214	35973	68.254	819	225	310
MZ962720.1	k141_16214	35973	74.889	450	93	294
MZ962720.1	k141_16214	35973	70.056	718	176	285
MZ962720.1	k141_16214	35973	72.495	469	116	268
MZ962720.1	k141_16214	35973	75.000	428	77	268
MZ962720.1	k141_16214	35973	82.403	233	29	238
MZ962720.1	k141_16214	35973	75.978	358	57	231
MZ962720.1	k141_16214	35973	73.727	373	83	218
MZ962720.1	k141_16214	35973	79.904	209	36	176
MZ962720.1	k141_16214	35973	78.199	211	35	170
MZ962720.1	k141_16214	35973	78.199	211	35	170
MZ962720.1	k141_16214	35973	79.891	184	35	159
MZ962720.1	k141_16214	35973	76.374	182	36	137
MZ962720.1	k141_16214	35973	76.374	182	36	137
MZ962720.1	k141_16214	35973	93.333	90	6	136
MZ962720.1	k141_16214	35973	89.423	104	10	135
MZ962720.1	k141_16214	35973	90.217	92	8	123
MZ962720.1	k141_16214	35973	69.784	278	70	118
MZ962720.1	k141_16214	35973	81.148	122	23	117
MZ962720.1	k141_16214	35973	79.389	131	27	115
MZ962720.1	k141_16214	35973	93.421	76	5	115
MZ962720.1	k141_16214	35973	93.243	74	5	112
MZ962720.1	k141_16214	35973	93.243	74	5	112
MZ962720.1	k141_16214	35973	83.036	112	16	111
MZ962720.1	k141_16214	35973	93.151	73	5	110
MZ962720.1	k141_16214	35973	90.909	77	7	108
MZ962720.1	k141_16214	35973	83.333	102	16	104
MZ962720.1	k141_16214	35973	90.667	75	7	104
MZ962720.1	k141_16214	35973	91.781	73	5	102
MZ962720.1	k141_16214	35973	87.342	79	10	98.7
MZ962720.1	k141_16214	35973	90.411	73	6	97.8
MZ962720.1	k141_16214	35973	85.897	78	11	92.4
MZ962720.1	k141_16214	35973	66.562	317	93	79.7
MZ962720.1	k141_16214	35973	76.147	109	25	77.0
MZ962720.1	k141_16214	35973	92.157	51	4	75.2
MZ962720.1	k141_16214	35973	69.643	168	51	74.3
MZ962720.1	k141_16214	35973	84.444	45	7	50.9
MZ962720.1	k141_16214	35973	84.444	45	7	50.9
MZ962720.1	k141_16214	35973	82.000	50	8	47.3
MZ962720.1	k141_16214	35973	74.359	78	18	44.6
MZ962720.1	k141_5332	36101	89.865	2289	155	3076
MZ962720.1	k141_5332	36101	89.865	2289	155	3076
MZ962720.1	k141_5332	36101	87.416	1629	128	2030
MZ962720.1	k141_5332	36101	87.416	1629	128	2030
MZ962720.1	k141_5332	36101	78.263	2245	384	1844
MZ962720.1	k141_5332	36101	78.263	2245	384	1844
MZ962720.1	k141_5332	36101	75.101	2719	558	1801
MZ962720.1	k141_5332	36101	75.101	2719	558	1801
MZ962720.1	k141_5332	36101	77.866	2015	260	1539
MZ962720.1	k141_5332	36101	77.866	2015	260	1539
MZ962720.1	k141_5332	36101	75.285	1845	420	1251
MZ962720.1	k141_5332	36101	76.253	1377	315	980
MZ962720.1	k141_5332	36101	77.310	1234	230	959
MZ962720.1	k141_5332	36101	77.310	1234	230	959
MZ962720.1	k141_5332	36101	73.968	1502	276	956
MZ962720.1	k141_5332	36101	73.968	1502	276	956
MZ962720.1	k141_5332	36101	82.917	480	62	483
MZ962720.1	k141_5332	36101	82.917	480	62	483
MZ962720.1	k141_5332	36101	83.896	385	29	427
MZ962720.1	k141_5332	36101	73.084	561	148	330
MZ962720.1	k141_5332	36101	73.084	561	148	330
MZ962720.1	k141_5332	36101	78.000	300	66	244
MZ962720.1	k141_5332	36101	88.079	151	18	192
MZ962720.1	k141_5332	36101	88.079	151	18	192
MZ962720.1	k141_5332	36101	84.328	134	19	141
MZ962720.1	k141_5332	36101	86.325	117	15	136
MZ962720.1	k141_5332	36101	91.209	91	2	125
MZ962720.1	k141_5332	36101	91.209	91	2	125
MZ962720.1	k141_5332	36101	91.765	85	7	123
MZ962720.1	k141_5332	36101	91.765	85	7	123
MZ962720.1	k141_5332	36101	93.671	79	5	121
MZ962720.1	k141_5332	36101	93.671	79	5	121
MZ962720.1	k141_5332	36101	93.506	77	5	117
MZ962720.1	k141_5332	36101	87.778	90	10	110
MZ962720.1	k141_5332	36101	89.333	75	7	96.9
MZ962720.1	k141_5332	36101	89.333	75	7	96.9
MZ962720.1	k141_5332	36101	77.477	111	24	85.1
MZ962720.1	k141_5332	36101	77.477	111	24	85.1
MZ962720.1	k141_5332	36101	77.477	111	24	85.1
MZ962720.1	k141_5332	36101	77.477	111	24	85.1
MZ962720.1	k141_5332	36101	75.676	111	26	76.1
MZ962720.1	k141_3967	46007	86.384	1579	209	1875
MZ962720.1	k141_3967	46007	81.451	1833	326	1755
MZ962720.1	k141_3967	46007	85.946	1480	204	1731
MZ962720.1	k141_3967	46007	87.114	1102	140	1341
MZ962720.1	k141_3967	46007	71.469	1770	391	866
MZ962720.1	k141_3967	46007	71.469	1770	391	866
MZ962720.1	k141_3967	46007	85.914	717	92	838
MZ962720.1	k141_3967	46007	79.103	981	190	837
MZ962720.1	k141_3967	46007	78.131	1006	207	808
MZ962720.1	k141_3967	46007	76.636	963	164	679
MZ962720.1	k141_3967	46007	85.638	564	80	649
MZ962720.1	k141_3967	46007	73.445	1013	219	597
MZ962720.1	k141_3967	46007	76.064	564	132	407
MZ962720.1	k141_3967	46007	77.941	476	105	386
MZ962720.1	k141_3967	46007	69.927	685	140	308
MZ962720.1	k141_3967	46007	76.066	422	91	293
MZ962720.1	k141_3967	46007	76.066	422	91	293
MZ962720.1	k141_3967	46007	68.940	689	212	271
MZ962720.1	k141_3967	46007	81.081	259	45	237
MZ962720.1	k141_3967	46007	72.559	379	65	233
MZ962720.1	k141_3967	46007	70.600	483	84	225
MZ962720.1	k141_3967	46007	71.011	445	76	197
MZ962720.1	k141_3967	46007	70.118	425	120	192
MZ962720.1	k141_3967	46007	80.000	165	28	145
MZ962720.1	k141_3967	46007	73.661	224	40	142
MZ962720.1	k141_3967	46007	73.661	224	40	142
MZ962720.1	k141_3967	46007	93.902	82	5	126
MZ962720.1	k141_3967	46007	82.031	128	22	124
MZ962720.1	k141_3967	46007	78.169	142	31	117
MZ962720.1	k141_3967	46007	78.169	142	31	117
MZ962720.1	k141_3967	46007	91.139	79	6	108
MZ962720.1	k141_3967	46007	91.139	79	6	108
MZ962720.1	k141_3967	46007	76.296	135	32	100
MZ962720.1	k141_3967	46007	72.892	166	37	91.5
MZ962720.1	k141_3967	46007	90.625	64	3	83.3
MZ962720.1	k141_3967	46007	86.885	61	8	75.2
MZ962720.1	k141_3967	46007	76.768	99	16	68.9
MZ962720.1	k141_3967	46007	85.484	62	8	68.9
MZ962720.1	k141_3967	46007	88.000	50	6	64.4
MZ962720.1	k141_3967	46007	73.913	92	24	59.0
MZ962720.1	k141_3967	46007	73.913	92	24	59.0
MZ962720.1	k141_3967	46007	73.913	92	24	59.0
MZ962720.1	k141_3967	46007	73.913	92	24	59.0
MZ962720.1	k141_3967	46007	74.545	55	14	37.4
MZ962720.1	k141_3967	46007	74.545	55	14	37.4
MZ962720.1	k141_3967	46007	80.000	40	8	37.4
MZ962720.1	k141_18701	320	100.000	320	0	578
MZ962720.1	k141_18701	320	100.000	320	0	578
MZ962720.1	k141_20213	609	90.000	270	10	368
MZ962720.1	k141_20213	609	90.000	270	10	368
MZ962720.1	k141_20213	609	90.000	270	10	368
MZ962720.1	k141_20213	609	97.183	213	6	358
MZ962720.1	k141_20213	609	95.305	213	6	339
MZ962720.1	k141_20213	609	95.305	213	6	339
MZ962720.1	k141_20213	609	91.667	228	8	327
MZ962720.1	k141_20213	609	100.000	53	0	96.9
MZ962720.1	k141_20213	609	100.000	53	0	96.9
MZ962720.1	k141_20213	609	100.000	53	0	96.9
MZ962720.1	k141_9512	9782	68.887	961	251	352
MZ962720.1	k141_9512	9782	88.636	88	9	111
MZ962720.1	k141_19340	3576	76.546	388	86	281
MZ962720.1	k141_19340	3576	76.546	388	86	281
MZ962720.1	k141_19340	3576	73.333	465	99	258
MZ962720.1	k141_19340	3576	73.333	465	99	258
MZ962720.1	k141_694	402	95.597	159	7	256
MZ962720.1	k141_694	402	95.597	159	7	256
MZ962720.1	k141_694	402	95.597	159	7	256
MZ962720.1	k141_694	402	95.597	159	7	256
MZ962720.1	k141_694	402	89.431	123	13	164
MZ962720.1	k141_694	402	89.431	123	13	164
MZ962720.1	k141_694	402	88.462	104	11	131
MZ962720.1	k141_694	402	88.462	104	11	131
MZ962720.1	k141_694	402	84.000	100	10	110
MZ962720.1	k141_8195	626	77.778	279	44	214
MZ962720.1	k141_8195	626	77.778	279	44	214
MZ962720.1	k141_7292	228	93.243	74	5	112
MZ962720.1	k141_9987	14272	76.522	115	24	80.6
MZ962720.1	k141_9987	14272	76.522	115	24	80.6
MZ962720.1	k141_9987	14272	82.812	64	11	67.1
MZ962720.1	k141_9987	14272	82.812	64	11	67.1
MZ962720.1	k141_10795	1800	82.609	69	12	71.6
MZ962720.1	k141_10795	1800	82.609	69	12	71.6
MZ962720.1	k141_12058	954	72.174	115	32	64.4
MZ962720.1	k141_12058	954	71.304	115	31	52.7
MH569081.1	k141_16214	35973	84.055	5011	738	5423
MH569081.1	k141_16214	35973	86.338	2474	336	2931
MH569081.1	k141_16214	35973	71.163	3017	751	1473
MH569081.1	k141_16214	35973	79.745	1491	300	1321
MH569081.1	k141_16214	35973	74.742	1358	304	880
MH569081.1	k141_16214	35973	69.011	2033	418	747
MH569081.1	k141_16214	35973	79.841	754	149	664
MH569081.1	k141_16214	35973	69.683	1293	343	546
MH569081.1	k141_16214	35973	72.434	682	180	372
MH569081.1	k141_16214	35973	77.243	457	87	344
MH569081.1	k141_16214	35973	75.536	466	103	319
MH569081.1	k141_16214	35973	86.923	260	34	316
MH569081.1	k141_16214	35973	67.279	816	224	285
MH569081.1	k141_16214	35973	73.041	434	76	239
MH569081.1	k141_16214	35973	80.000	230	30	205
MH569081.1	k141_16214	35973	88.806	134	4	176
MH569081.1	k141_16214	35973	77.727	220	45	171
MH569081.1	k141_16214	35973	93.478	92	6	140
MH569081.1	k141_16214	35973	81.884	138	25	137
MH569081.1	k141_16214	35973	84.298	121	19	133
MH569081.1	k141_16214	35973	92.391	92	6	132
MH569081.1	k141_16214	35973	88.462	104	10	132
MH569081.1	k141_16214	35973	93.976	83	5	128
MH569081.1	k141_16214	35973	68.421	323	90	125
MH569081.1	k141_16214	35973	94.667	75	4	118
MH569081.1	k141_16214	35973	92.500	80	6	118
MH569081.1	k141_16214	35973	71.635	208	53	111
MH569081.1	k141_16214	35973	88.095	84	10	107
MH569081.1	k141_16214	35973	89.412	85	7	106
MH569081.1	k141_16214	35973	89.412	85	7	106
MH569081.1	k141_16214	35973	91.667	72	6	104
MH569081.1	k141_16214	35973	90.278	72	7	99.6
MH569081.1	k141_16214	35973	83.333	84	13	86.0
MH569081.1	k141_16214	35973	87.097	62	8	77.0
MH569081.1	k141_16214	35973	97.674	43	1	74.3
MH569081.1	k141_16214	35973	69.872	156	47	70.7
MH569081.1	k141_16214	35973	73.864	88	23	56.3
MH569081.1	k141_16214	35973	75.439	57	14	41.0
MH569081.1	k141_16214	35973	75.439	57	14	41.0
MH569081.1	k141_5332	36101	91.220	1606	105	2262
MH569081.1	k141_5332	36101	91.220	1606	105	2262
MH569081.1	k141_5332	36101	93.979	1229	70	1878
MH569081.1	k141_5332	36101	93.979	1229	70	1878
MH569081.1	k141_5332	36101	78.055	2324	428	1836
MH569081.1	k141_5332	36101	78.055	2324	428	1836
MH569081.1	k141_5332	36101	77.656	2005	302	1553
MH569081.1	k141_5332	36101	77.656	2005	302	1553
MH569081.1	k141_5332	36101	79.518	1743	346	1522
MH569081.1	k141_5332	36101	77.466	1855	372	1417
MH569081.1	k141_5332	36101	88.552	1022	80	1309
MH569081.1	k141_5332	36101	88.552	1022	80	1309
MH569081.1	k141_5332	36101	76.781	1460	250	1122
MH569081.1	k141_5332	36101	76.781	1460	250	1122
MH569081.1	k141_5332	36101	77.611	1398	297	1080
MH569081.1	k141_5332	36101	75.787	1239	257	876
MH569081.1	k141_5332	36101	80.996	542	65	489
MH569081.1	k141_5332	36101	80.996	542	65	489
MH569081.1	k141_5332	36101	72.561	492	134	276
MH569081.1	k141_5332	36101	86.740	181	20	214
MH569081.1	k141_5332	36101	86.740	181	20	214
MH569081.1	k141_5332	36101	75.768	293	71	209
MH569081.1	k141_5332	36101	89.041	146	16	192
MH569081.1	k141_5332	36101	78.261	230	36	171
MH569081.1	k141_5332	36101	95.349	86	1	136
MH569081.1	k141_5332	36101	95.349	86	1	136
MH569081.1	k141_5332	36101	88.350	103	11	129
MH569081.1	k141_5332	36101	84.348	115	17	123
MH569081.1	k141_5332	36101	84.348	115	17	123
MH569081.1	k141_5332	36101	88.298	94	9	118
MH569081.1	k141_5332	36101	88.298	94	9	118
MH569081.1	k141_5332	36101	86.869	99	12	117
MH569081.1	k141_5332	36101	86.869	99	12	117
MH569081.1	k141_5332	36101	80.952	126	21	113
MH569081.1	k141_5332	36101	80.952	126	21	113
MH569081.1	k141_5332	36101	92.000	75	5	105
MH569081.1	k141_5332	36101	92.000	75	5	105
MH569081.1	k141_5332	36101	72.941	85	21	48.2
MH569081.1	k141_3967	46007	78.185	2402	393	1989
MH569081.1	k141_3967	46007	84.694	1470	221	1636
MH569081.1	k141_3967	46007	78.878	1889	381	1584
MH569081.1	k141_3967	46007	87.781	1113	132	1389
MH569081.1	k141_3967	46007	71.795	1794	414	907
MH569081.1	k141_3967	46007	71.795	1794	414	907
MH569081.1	k141_3967	46007	73.670	1466	261	859
MH569081.1	k141_3967	46007	79.599	897	183	793
MH569081.1	k141_3967	46007	78.890	919	185	778
MH569081.1	k141_3967	46007	71.155	1567	336	763
MH569081.1	k141_3967	46007	76.561	977	161	701
MH569081.1	k141_3967	46007	84.201	576	78	623
MH569081.1	k141_3967	46007	67.619	1365	384	450
MH569081.1	k141_3967	46007	78.189	486	106	399
MH569081.1	k141_3967	46007	74.597	559	139	367
MH569081.1	k141_3967	46007	68.723	697	111	277
MH569081.1	k141_3967	46007	68.353	692	198	258
MH569081.1	k141_3967	46007	71.121	464	112	217
MH569081.1	k141_3967	46007	73.333	315	68	178
MH569081.1	k141_3967	46007	72.024	336	86	172
MH569081.1	k141_3967	46007	81.098	164	31	157
MH569081.1	k141_3967	46007	78.453	181	31	145
MH569081.1	k141_3967	46007	98.734	79	1	139
MH569081.1	k141_3967	46007	73.661	224	56	137
MH569081.1	k141_3967	46007	73.661	224	56	137
MH569081.1	k141_3967	46007	93.827	81	5	124
MH569081.1	k141_3967	46007	81.395	129	23	122
MH569081.1	k141_3967	46007	71.951	246	63	121
MH569081.1	k141_3967	46007	92.405	79	5	113
MH569081.1	k141_3967	46007	92.405	79	5	113
MH569081.1	k141_3967	46007	76.471	119	28	89.7
MH569081.1	k141_3967	46007	75.194	129	31	86.0
MH569081.1	k141_3967	46007	71.963	107	30	59.0
MH569081.1	k141_3967	46007	73.973	73	18	43.7
MH569081.1	k141_9512	9782	69.223	952	266	349
MH569081.1	k141_9512	9782	88.182	110	10	134
MH569081.1	k141_19340	3576	76.410	390	83	284
MH569081.1	k141_19340	3576	76.410	390	83	284
MH569081.1	k141_19340	3576	73.593	462	102	261
MH569081.1	k141_19340	3576	73.593	462	102	261
MH569081.1	k141_8195	626	79.197	274	44	227
MH569081.1	k141_8195	626	79.197	274	44	227
MH569081.1	k141_15002	487	71.637	342	77	149
MH569081.1	k141_15002	487	71.637	342	77	149
MH569081.1	k141_7292	228	89.412	85	7	106
MH569081.1	k141_9987	14272	77.391	115	23	85.1
MH569081.1	k141_9987	14272	77.391	115	23	85.1
MH569081.1	k141_9987	14272	82.812	64	11	67.1
MH569081.1	k141_9987	14272	82.812	64	11	67.1
MH569081.1	k141_10795	1800	84.507	71	11	79.7
MH569081.1	k141_10795	1800	84.507	71	11	79.7
MH569081.1	k141_12058	954	73.387	124	33	76.1
MH569081.1	k141_12058	954	73.684	114	28	64.4
NC_033978.1	k141_16214	35973	85.235	4944	710	5598
NC_033978.1	k141_16214	35973	87.869	2473	300	3108
NC_033978.1	k141_16214	35973	74.055	3095	741	1910
NC_033978.1	k141_16214	35973	83.455	1511	248	1591
NC_033978.1	k141_16214	35973	77.844	1336	272	1043
NC_033978.1	k141_16214	35973	70.728	2060	368	921
NC_033978.1	k141_16214	35973	82.143	756	129	752
NC_033978.1	k141_16214	35973	69.087	1336	336	559
NC_033978.1	k141_16214	35973	75.185	677	168	464
NC_033978.1	k141_16214	35973	68.916	978	245	398
NC_033978.1	k141_16214	35973	77.506	449	89	343
NC_033978.1	k141_16214	35973	86.154	260	36	307
NC_033978.1	k141_16214	35973	72.134	506	126	273
NC_033978.1	k141_16214	35973	74.885	434	73	266
NC_033978.1	k141_16214	35973	69.123	570	142	225
NC_033978.1	k141_16214	35973	81.385	231	27	215
NC_033978.1	k141_16214	35973	78.279	244	46	195
NC_033978.1	k141_16214	35973	80.874	183	30	173
NC_033978.1	k141_16214	35973	87.500	128	6	164
NC_033978.1	k141_16214	35973	94.624	93	5	146
NC_033978.1	k141_16214	35973	86.486	111	12	127
NC_033978.1	k141_16214	35973	86.538	104	7	127
NC_033978.1	k141_16214	35973	76.829	164	38	125
NC_033978.1	k141_16214	35973	90.000	90	9	123
NC_033978.1	k141_16214	35973	68.788	330	86	120
NC_033978.1	k141_16214	35973	94.737	76	4	120
NC_033978.1	k141_16214	35973	87.234	94	8	115
NC_033978.1	k141_16214	35973	93.243	74	5	112
NC_033978.1	k141_16214	35973	91.139	79	7	112
NC_033978.1	k141_16214	35973	87.640	89	10	108
NC_033978.1	k141_16214	35973	64.825	543	171	105
NC_033978.1	k141_16214	35973	87.209	86	10	103
NC_033978.1	k141_16214	35973	87.209	86	10	103
NC_033978.1	k141_16214	35973	91.549	71	6	102
NC_033978.1	k141_16214	35973	90.278	72	7	99.6
NC_033978.1	k141_16214	35973	77.686	121	27	97.8
NC_033978.1	k141_16214	35973	74.648	142	28	84.2
NC_033978.1	k141_16214	35973	81.818	77	14	77.0
NC_033978.1	k141_16214	35973	76.923	91	21	70.7
NC_033978.1	k141_16214	35973	88.889	45	5	59.9
NC_033978.1	k141_16214	35973	88.889	45	5	59.9
NC_033978.1	k141_16214	35973	75.439	57	14	41.0
NC_033978.1	k141_16214	35973	75.439	57	14	41.0
NC_033978.1	k141_5332	36101	91.732	2286	129	3267
NC_033978.1	k141_5332	36101	91.732	2286	129	3267
NC_033978.1	k141_5332	36101	91.393	1615	103	2296
NC_033978.1	k141_5332	36101	91.393	1615	103	2296
NC_033978.1	k141_5332	36101	78.964	2239	381	1870
NC_033978.1	k141_5332	36101	78.964	2239	381	1870
NC_033978.1	k141_5332	36101	78.331	2109	424	1710
NC_033978.1	k141_5332	36101	78.679	1998	273	1636
NC_033978.1	k141_5332	36101	78.679	1998	273	1636
NC_033978.1	k141_5332	36101	76.093	1853	398	1332
NC_033978.1	k141_5332	36101	77.373	1454	242	1164
NC_033978.1	k141_5332	36101	77.373	1454	242	1164
NC_033978.1	k141_5332	36101	77.948	1374	291	1092
NC_033978.1	k141_5332	36101	76.141	1249	238	914
NC_033978.1	k141_5332	36101	82.887	485	58	492
NC_033978.1	k141_5332	36101	82.887	485	58	492
NC_033978.1	k141_5332	36101	81.935	310	56	307
NC_033978.1	k141_5332	36101	74.207	473	122	304
NC_033978.1	k141_5332	36101	87.006	177	21	209
NC_033978.1	k141_5332	36101	87.006	177	21	209
NC_033978.1	k141_5332	36101	85.606	132	18	150
NC_033978.1	k141_5332	36101	85.039	127	19	144
NC_033978.1	k141_5332	36101	92.391	92	2	135
NC_033978.1	k141_5332	36101	92.391	92	2	135
NC_033978.1	k141_5332	36101	83.607	122	15	131
NC_033978.1	k141_5332	36101	83.607	122	15	131
NC_033978.1	k141_5332	36101	84.483	116	15	123
NC_033978.1	k141_5332	36101	91.765	85	7	123
NC_033978.1	k141_5332	36101	91.765	85	7	123
NC_033978.1	k141_5332	36101	93.671	79	5	121
NC_033978.1	k141_5332	36101	93.671	79	5	121
NC_033978.1	k141_5332	36101	92.105	76	6	111
NC_033978.1	k141_5332	36101	92.105	76	6	111
NC_033978.1	k141_5332	36101	90.667	75	6	101
NC_033978.1	k141_5332	36101	90.667	75	6	101
NC_033978.1	k141_5332	36101	75.735	136	32	94.2
NC_033978.1	k141_5332	36101	75.735	136	32	94.2
NC_033978.1	k141_5332	36101	77.477	111	24	85.1
NC_033978.1	k141_5332	36101	77.477	111	24	85.1
NC_033978.1	k141_5332	36101	96.875	32	1	54.5
NC_033978.1	k141_5332	36101	72.277	101	27	53.6
NC_033978.1	k141_5332	36101	72.277	101	27	53.6
NC_033978.1	k141_5332	36101	87.179	39	5	49.1
NC_033978.1	k141_5332	36101	77.193	57	13	45.5
NC_033978.1	k141_5332	36101	72.727	77	21	45.5
NC_033978.1	k141_5332	36101	72.727	77	21	45.5
NC_033978.1	k141_3967	46007	87.107	1590	204	1940
NC_033978.1	k141_3967	46007	82.471	1894	315	1903
NC_033978.1	k141_3967	46007	84.896	1589	215	1780
NC_033978.1	k141_3967	46007	88.349	1090	127	1394
NC_033978.1	k141_3967	46007	71.692	2169	471	1079
NC_033978.1	k141_3967	46007	71.695	1823	398	915
NC_033978.1	k141_3967	46007	79.979	974	195	878
NC_033978.1	k141_3967	46007	79.026	1006	204	856
NC_033978.1	k141_3967	46007	85.890	730	99	852
NC_033978.1	k141_3967	46007	75.713	1017	169	701
NC_033978.1	k141_3967	46007	87.034	563	68	682
NC_033978.1	k141_3967	46007	70.410	1389	361	630
NC_033978.1	k141_3967	46007	72.593	1018	224	579
NC_033978.1	k141_3967	46007	80.084	477	91	427
NC_033978.1	k141_3967	46007	76.882	558	129	425
NC_033978.1	k141_3967	46007	69.108	942	176	383
NC_033978.1	k141_3967	46007	72.611	701	182	372
NC_033978.1	k141_3967	46007	73.606	538	142	331
NC_033978.1	k141_3967	46007	75.362	483	99	304
NC_033978.1	k141_3967	46007	66.633	983	143	295
NC_033978.1	k141_3967	46007	68.076	686	170	232
NC_033978.1	k141_3967	46007	64.807	1398	443	231
NC_033978.1	k141_3967	46007	71.358	405	85	191
NC_033978.1	k141_3967	46007	70.335	418	112	188
NC_033978.1	k141_3967	46007	78.462	195	42	163
NC_033978.1	k141_3967	46007	80.000	180	29	160
NC_033978.1	k141_3967	46007	97.436	78	2	132
NC_033978.1	k141_3967	46007	71.875	224	42	126
NC_033978.1	k141_3967	46007	80.769	130	23	120
NC_033978.1	k141_3967	46007	81.818	121	22	120
NC_033978.1	k141_3967	46007	92.405	79	5	113
NC_033978.1	k141_3967	46007	84.416	77	10	83.3
NC_033978.1	k141_3967	46007	66.136	440	96	80.6
NC_033978.1	k141_9512	9782	70.188	956	247	407
NC_033978.1	k141_9512	9782	91.860	86	7	124
NC_033978.1	k141_9512	9782	67.742	217	50	68.0
NC_033978.1	k141_19340	3576	76.684	386	89	288
NC_033978.1	k141_19340	3576	76.684	386	89	288
NC_033978.1	k141_19340	3576	73.593	462	101	262
NC_033978.1	k141_19340	3576	73.593	462	101	262
NC_033978.1	k141_8195	626	79.562	274	43	232
NC_033978.1	k141_8195	626	79.562	274	43	232
NC_033978.1	k141_13102	508	78.014	282	61	226
NC_033978.1	k141_13102	508	78.014	282	61	226
NC_033978.1	k141_15002	487	71.006	338	82	142
NC_033978.1	k141_15002	487	71.006	338	82	142
NC_033978.1	k141_7292	228	87.209	86	10	103
NC_033978.1	k141_9987	14272	77.391	115	23	85.1
NC_033978.1	k141_9987	14272	77.391	115	23	85.1
NC_033978.1	k141_10795	1800	84.507	71	11	79.7
NC_033978.1	k141_10795	1800	84.507	71	11	79.7
NC_033978.1	k141_12058	954	75.000	120	28	75.2
NC_033978.1	k141_12058	954	72.581	124	34	71.6
NC_033978.1	k141_18701	320	91.489	47	4	68.0
NC_033978.1	k141_18701	320	91.489	47	4	68.0
NC_033978.1	k141_20213	609	81.159	69	13	67.1
NC_033978.1	k141_20213	609	87.755	49	6	62.6
NC_033978.1	k141_18433	725	79.070	43	9	38.3
MW006668.1	k141_16214	35973	84.822	4961	722	5540
MW006668.1	k141_16214	35973	87.293	2471	314	3041
MW006668.1	k141_16214	35973	73.745	2529	611	1526
MW006668.1	k141_16214	35973	81.217	1512	282	1440
MW006668.1	k141_16214	35973	76.314	1313	285	945
MW006668.1	k141_16214	35973	69.422	2093	418	815
MW006668.1	k141_16214	35973	81.854	755	130	733
MW006668.1	k141_16214	35973	68.924	1329	350	534
MW006668.1	k141_16214	35973	70.195	973	238	454
MW006668.1	k141_16214	35973	74.719	712	158	448
MW006668.1	k141_16214	35973	67.350	1317	311	400
MW006668.1	k141_16214	35973	72.368	684	180	363
MW006668.1	k141_16214	35973	77.650	434	84	331
MW006668.1	k141_16214	35973	87.952	249	30	315
MW006668.1	k141_16214	35973	82.456	228	26	217
MW006668.1	k141_16214	35973	69.081	566	149	211
MW006668.1	k141_16214	35973	76.639	244	49	168
MW006668.1	k141_16214	35973	87.597	129	6	166
MW006668.1	k141_16214	35973	79.213	178	34	153
MW006668.1	k141_16214	35973	93.407	91	6	138
MW006668.1	k141_16214	35973	92.941	85	6	127
MW006668.1	k141_16214	35973	88.421	95	11	123
MW006668.1	k141_16214	35973	90.110	91	8	121
MW006668.1	k141_16214	35973	94.737	76	4	120
MW006668.1	k141_16214	35973	78.169	142	31	117
MW006668.1	k141_16214	35973	86.458	96	6	117
MW006668.1	k141_16214	35973	75.610	164	40	116
MW006668.1	k141_16214	35973	94.444	72	4	113
MW006668.1	k141_16214	35973	70.370	243	34	113
MW006668.1	k141_16214	35973	91.139	79	7	112
MW006668.1	k141_16214	35973	89.333	75	8	100
MW006668.1	k141_16214	35973	68.313	243	39	99.6
MW006668.1	k141_16214	35973	89.333	75	7	96.9
MW006668.1	k141_16214	35973	89.333	75	7	96.9
MW006668.1	k141_16214	35973	74.074	162	31	96.0
MW006668.1	k141_16214	35973	88.889	72	8	95.1
MW006668.1	k141_16214	35973	83.333	90	8	88.7
MW006668.1	k141_16214	35973	75.000	88	22	60.8
MW006668.1	k141_16214	35973	88.889	45	5	59.9
MW006668.1	k141_16214	35973	73.494	83	22	51.8
MW006668.1	k141_16214	35973	75.439	57	14	41.0
MW006668.1	k141_5332	36101	90.739	2300	142	3189
MW006668.1	k141_5332	36101	90.739	2300	142	3189
MW006668.1	k141_5332	36101	90.277	1625	112	2229
MW006668.1	k141_5332	36101	90.277	1625	112	2229
MW006668.1	k141_5332	36101	77.808	2235	407	1749
MW006668.1	k141_5332	36101	77.985	2094	420	1691
MW006668.1	k141_5332	36101	77.985	2094	420	1691
MW006668.1	k141_5332	36101	78.992	2004	266	1645
MW006668.1	k141_5332	36101	78.992	2004	266	1645
MW006668.1	k141_5332	36101	75.697	1938	420	1364
MW006668.1	k141_5332	36101	75.697	1938	420	1364
MW006668.1	k141_5332	36101	76.132	1458	257	1085
MW006668.1	k141_5332	36101	77.004	1235	236	946
MW006668.1	k141_5332	36101	77.004	1235	236	946
MW006668.1	k141_5332	36101	75.328	1370	334	942
MW006668.1	k141_5332	36101	84.200	481	55	513
MW006668.1	k141_5332	36101	84.200	481	55	513
MW006668.1	k141_5332	36101	73.112	543	143	315
MW006668.1	k141_5332	36101	73.112	543	143	315
MW006668.1	k141_5332	36101	80.000	295	59	267
MW006668.1	k141_5332	36101	80.000	295	59	267
MW006668.1	k141_5332	36101	87.582	153	16	185
MW006668.1	k141_5332	36101	87.582	153	16	185
MW006668.1	k141_5332	36101	79.091	220	37	176
MW006668.1	k141_5332	36101	84.127	126	20	138
MW006668.1	k141_5332	36101	93.258	89	1	134
MW006668.1	k141_5332	36101	93.258	89	1	134
MW006668.1	k141_5332	36101	91.765	85	7	123
MW006668.1	k141_5332	36101	93.671	79	5	121
MW006668.1	k141_5332	36101	93.671	79	5	121
MW006668.1	k141_5332	36101	94.737	76	4	120
MW006668.1	k141_5332	36101	87.952	83	10	105
MW006668.1	k141_5332	36101	88.889	81	8	103
MW006668.1	k141_5332	36101	75.652	115	27	78.8
MW006668.1	k141_5332	36101	74.725	91	15	64.4
MW006668.1	k141_5332	36101	74.725	91	15	64.4
MW006668.1	k141_5332	36101	92.683	41	3	61.7
MW006668.1	k141_5332	36101	94.595	37	2	59.0
MW006668.1	k141_5332	36101	94.595	37	2	59.0
MW006668.1	k141_5332	36101	87.179	39	5	49.1
MW006668.1	k141_5332	36101	79.245	53	11	47.3
MW006668.1	k141_3967	46007	79.329	2385	388	2084
MW006668.1	k141_3967	46007	81.013	1896	340	1783
MW006668.1	k141_3967	46007	83.724	1579	243	1680
MW006668.1	k141_3967	46007	76.246	1726	372	1241
MW006668.1	k141_3967	46007	89.225	826	89	1089
MW006668.1	k141_3967	46007	89.212	825	89	1087
MW006668.1	k141_3967	46007	80.062	973	191	879
MW006668.1	k141_3967	46007	77.951	1025	171	812
MW006668.1	k141_3967	46007	76.045	981	171	682
MW006668.1	k141_3967	46007	86.348	564	72	666
MW006668.1	k141_3967	46007	73.218	1038	205	631
MW006668.1	k141_3967	46007	75.099	759	175	494
MW006668.1	k141_3967	46007	68.672	1197	309	474
MW006668.1	k141_3967	46007	76.648	531	124	399
MW006668.1	k141_3967	46007	81.481	351	53	347
MW006668.1	k141_3967	46007	68.950	686	169	286
MW006668.1	k141_3967	46007	68.775	743	136	251
MW006668.1	k141_3967	46007	71.602	412	111	213
MW006668.1	k141_3967	46007	73.761	343	58	193
MW006668.1	k141_3967	46007	84.615	156	20	173
MW006668.1	k141_3967	46007	81.935	155	28	154
MW006668.1	k141_3967	46007	64.733	862	215	148
MW006668.1	k141_3967	46007	63.353	1378	435	141
MW006668.1	k141_3967	46007	97.531	81	2	138
MW006668.1	k141_3967	46007	96.154	78	3	128
MW006668.1	k141_3967	46007	83.594	128	17	127
MW006668.1	k141_3967	46007	83.333	120	20	127
MW006668.1	k141_3967	46007	92.405	79	5	113
MW006668.1	k141_3967	46007	92.405	79	5	113
MW006668.1	k141_3967	46007	70.040	247	55	107
MW006668.1	k141_3967	46007	70.040	247	55	107
MW006668.1	k141_3967	46007	75.342	146	33	100
MW006668.1	k141_3967	46007	75.893	112	25	78.8
MW006668.1	k141_3967	46007	76.042	96	23	70.7
MW006668.1	k141_3967	46007	76.042	96	23	70.7
MW006668.1	k141_3967	46007	76.042	96	23	70.7
MW006668.1	k141_3967	46007	75.490	102	21	67.1
MW006668.1	k141_9512	9782	70.175	969	237	416
MW006668.1	k141_9512	9782	70.175	969	237	416
MW006668.1	k141_9512	9782	86.239	109	11	129
MW006668.1	k141_9512	9782	86.239	109	11	129
MW006668.1	k141_19340	3576	76.425	386	90	283
MW006668.1	k141_19340	3576	76.425	386	90	283
MW006668.1	k141_19340	3576	72.473	465	107	241
MW006668.1	k141_19340	3576	72.473	465	107	241
MW006668.1	k141_8195	626	79.562	274	43	232
MW006668.1	k141_8195	626	79.562	274	43	232
MW006668.1	k141_13102	508	78.472	288	55	224
MW006668.1	k141_13102	508	78.472	288	55	224
MW006668.1	k141_15002	487	70.118	338	85	138
MW006668.1	k141_15002	487	70.118	338	85	138
MW006668.1	k141_18701	320	78.014	141	24	113
MW006668.1	k141_7292	228	89.333	75	7	96.9
MW006668.1	k141_9987	14272	77.391	115	23	85.1
MW006668.1	k141_9987	14272	77.391	115	23	85.1
MW006668.1	k141_10795	1800	84.507	71	11	79.7
MW006668.1	k141_10795	1800	84.507	71	11	79.7
MW006668.1	k141_12058	954	73.387	124	33	76.1
MW006668.1	k141_12058	954	70.796	113	33	56.3
MW006668.1	k141_12625	916	77.551	49	11	40.1
MW006668.1	k141_12625	916	77.551	49	11	40.1
MW435436.1	k141_16214	35973	84.429	4958	750	5441
MW435436.1	k141_16214	35973	87.824	2472	301	3102
MW435436.1	k141_16214	35973	74.086	3091	747	1913
MW435436.1	k141_16214	35973	82.230	1525	261	1516
MW435436.1	k141_16214	35973	77.236	1252	269	957
MW435436.1	k141_16214	35973	69.567	2034	365	828
MW435436.1	k141_16214	35973	80.645	775	144	719
MW435436.1	k141_16214	35973	73.851	914	228	559
MW435436.1	k141_16214	35973	73.412	677	180	410
MW435436.1	k141_16214	35973	69.858	846	223	392
MW435436.1	k141_16214	35973	87.692	260	32	325
MW435436.1	k141_16214	35973	71.767	634	156	317
MW435436.1	k141_16214	35973	73.190	511	132	300
MW435436.1	k141_16214	35973	69.498	518	93	214
MW435436.1	k141_16214	35973	82.174	230	27	212
MW435436.1	k141_16214	35973	68.430	567	149	207
MW435436.1	k141_16214	35973	78.776	245	41	205
MW435436.1	k141_16214	35973	87.023	131	7	165
MW435436.1	k141_16214	35973	75.789	190	39	138
MW435436.1	k141_16214	35973	93.407	91	6	138
MW435436.1	k141_16214	35973	84.821	112	17	126
MW435436.1	k141_16214	35973	69.697	330	77	125
MW435436.1	k141_16214	35973	93.827	81	5	124
MW435436.1	k141_16214	35973	89.247	93	6	123
MW435436.1	k141_16214	35973	94.737	76	4	120
MW435436.1	k141_16214	35973	89.888	89	8	117
MW435436.1	k141_16214	35973	92.405	79	6	116
MW435436.1	k141_16214	35973	92.308	78	6	114
MW435436.1	k141_16214	35973	87.778	90	11	113
MW435436.1	k141_16214	35973	93.333	75	5	113
MW435436.1	k141_16214	35973	94.444	72	4	113
MW435436.1	k141_16214	35973	75.000	164	41	112
MW435436.1	k141_16214	35973	90.278	72	7	99.6
MW435436.1	k141_16214	35973	68.000	275	82	96.9
MW435436.1	k141_16214	35973	89.333	75	7	96.9
MW435436.1	k141_16214	35973	67.883	274	76	96.0
MW435436.1	k141_16214	35973	97.436	39	1	67.1
MW435436.1	k141_16214	35973	88.889	45	5	59.9
MW435436.1	k141_16214	35973	88.889	45	5	59.9
MW435436.1	k141_16214	35973	75.439	57	14	41.0
MW435436.1	k141_16214	35973	75.439	57	14	41.0
MW435436.1	k141_5332	36101	91.426	2286	135	3232
MW435436.1	k141_5332	36101	91.426	2286	135	3232
MW435436.1	k141_5332	36101	91.207	1615	106	2283
MW435436.1	k141_5332	36101	91.207	1615	106	2283
MW435436.1	k141_5332	36101	79.129	2228	387	1875
MW435436.1	k141_5332	36101	79.129	2228	387	1875
MW435436.1	k141_5332	36101	77.418	2130	443	1627
MW435436.1	k141_5332	36101	77.977	2007	276	1588
MW435436.1	k141_5332	36101	77.977	2007	276	1588
MW435436.1	k141_5332	36101	74.856	1913	437	1254
MW435436.1	k141_5332	36101	77.572	1293	282	1019
MW435436.1	k141_5332	36101	76.917	1291	211	1001
MW435436.1	k141_5332	36101	76.917	1291	211	1001
MW435436.1	k141_5332	36101	79.122	1116	225	957
MW435436.1	k141_5332	36101	76.603	1248	238	939
MW435436.1	k141_5332	36101	83.505	485	55	506
MW435436.1	k141_5332	36101	83.505	485	55	506
MW435436.1	k141_5332	36101	73.162	544	141	310
MW435436.1	k141_5332	36101	81.356	295	55	285
MW435436.1	k141_5332	36101	85.635	181	26	210
MW435436.1	k141_5332	36101	85.635	181	26	210
MW435436.1	k141_5332	36101	74.783	230	42	150
MW435436.1	k141_5332	36101	84.127	126	20	138
MW435436.1	k141_5332	36101	92.391	92	2	135
MW435436.1	k141_5332	36101	92.391	92	2	135
MW435436.1	k141_5332	36101	81.159	138	21	132
MW435436.1	k141_5332	36101	81.159	138	21	132
MW435436.1	k141_5332	36101	85.470	117	12	126
MW435436.1	k141_5332	36101	85.470	117	12	126
MW435436.1	k141_5332	36101	79.310	145	25	118
MW435436.1	k141_5332	36101	79.310	145	25	118
MW435436.1	k141_5332	36101	92.405	79	6	116
MW435436.1	k141_5332	36101	92.405	79	6	116
MW435436.1	k141_5332	36101	91.892	74	6	107
MW435436.1	k141_5332	36101	90.667	75	6	101
MW435436.1	k141_5332	36101	90.667	75	6	101
MW435436.1	k141_5332	36101	74.809	131	33	88.7
MW435436.1	k141_5332	36101	74.809	131	33	88.7
MW435436.1	k141_5332	36101	79.787	94	18	81.5
MW435436.1	k141_5332	36101	79.787	94	18	81.5
MW435436.1	k141_5332	36101	71.287	101	28	49.1
MW435436.1	k141_5332	36101	71.287	101	28	49.1
MW435436.1	k141_5332	36101	77.193	57	13	45.5
MW435436.1	k141_5332	36101	71.795	78	22	42.8
MW435436.1	k141_5332	36101	71.795	78	22	42.8
MW435436.1	k141_3967	46007	86.384	1579	214	1875
MW435436.1	k141_3967	46007	81.458	1893	333	1821
MW435436.1	k141_3967	46007	87.143	1470	185	1799
MW435436.1	k141_3967	46007	85.306	1191	149	1379
MW435436.1	k141_3967	46007	72.469	2143	476	1168
MW435436.1	k141_3967	46007	72.469	2143	476	1168
MW435436.1	k141_3967	46007	71.733	2296	536	1150
MW435436.1	k141_3967	46007	79.500	1000	196	875
MW435436.1	k141_3967	46007	85.363	731	103	836
MW435436.1	k141_3967	46007	78.807	972	203	823
MW435436.1	k141_3967	46007	74.848	990	176	648
MW435436.1	k141_3967	46007	76.679	536	125	404
MW435436.1	k141_3967	46007	78.925	465	95	396
MW435436.1	k141_3967	46007	76.578	491	94	373
MW435436.1	k141_3967	46007	72.714	667	176	361
MW435436.1	k141_3967	46007	68.282	949	195	356
MW435436.1	k141_3967	46007	74.535	538	137	353
MW435436.1	k141_3967	46007	76.139	373	89	272
MW435436.1	k141_3967	46007	72.584	445	68	234
MW435436.1	k141_3967	46007	68.072	664	181	221
MW435436.1	k141_3967	46007	67.047	701	179	207
MW435436.1	k141_3967	46007	70.546	421	106	199
MW435436.1	k141_3967	46007	71.707	410	92	185
MW435436.1	k141_3967	46007	76.754	228	52	169
MW435436.1	k141_3967	46007	81.481	162	30	158
MW435436.1	k141_3967	46007	81.935	155	25	152
MW435436.1	k141_3967	46007	96.296	81	3	133
MW435436.1	k141_3967	46007	95.122	82	4	131
MW435436.1	k141_3967	46007	81.250	128	23	120
MW435436.1	k141_3967	46007	79.433	141	26	118
MW435436.1	k141_3967	46007	90.244	82	7	109
MW435436.1	k141_3967	46007	89.041	73	7	93.3
MW435436.1	k141_3967	46007	75.490	102	21	62.6
MW435436.1	k141_9512	9782	69.592	957	248	372
MW435436.1	k141_9512	9782	93.976	83	5	128
MW435436.1	k141_19340	3576	76.425	386	90	283
MW435436.1	k141_19340	3576	76.425	386	90	283
MW435436.1	k141_19340	3576	73.593	462	101	262
MW435436.1	k141_19340	3576	73.593	462	101	262
MW435436.1	k141_8195	626	79.562	274	43	232
MW435436.1	k141_8195	626	79.562	274	43	232
MW435436.1	k141_13102	508	77.972	286	60	222
MW435436.1	k141_13102	508	77.972	286	60	222
MW435436.1	k141_15002	487	70.882	340	79	136
MW435436.1	k141_15002	487	70.882	340	79	136
MW435436.1	k141_18701	320	78.621	145	23	116
MW435436.1	k141_18701	320	78.621	145	23	116
MW435436.1	k141_18701	320	87.500	56	7	70.7
MW435436.1	k141_18701	320	87.500	56	7	70.7
MW435436.1	k141_9987	14272	77.391	115	23	85.1
MW435436.1	k141_9987	14272	77.391	115	23	85.1
MW435436.1	k141_12058	954	73.333	120	30	66.2
MW435436.1	k141_12058	954	70.161	124	37	58.1
MW435436.1	k141_20213	609	79.452	73	15	65.3
MW435436.1	k141_20213	609	83.673	49	8	53.6
NC_037882.1	k141_16214	35973	84.839	4960	732	5546
NC_037882.1	k141_16214	35973	88.578	2469	282	3182
NC_037882.1	k141_16214	35973	73.993	3103	739	1902
NC_037882.1	k141_16214	35973	83.143	1489	249	1547
NC_037882.1	k141_16214	35973	77.515	1312	271	1004
NC_037882.1	k141_16214	35973	70.205	2101	385	896
NC_037882.1	k141_16214	35973	82.431	757	130	765
NC_037882.1	k141_16214	35973	68.717	1333	348	510
NC_037882.1	k141_16214	35973	69.669	966	249	430
NC_037882.1	k141_16214	35973	73.894	678	177	425
NC_037882.1	k141_16214	35973	73.035	649	146	368
NC_037882.1	k141_16214	35973	86.667	270	36	325
NC_037882.1	k141_16214	35973	73.373	507	122	300
NC_037882.1	k141_16214	35973	73.308	517	89	292
NC_037882.1	k141_16214	35973	80.870	230	26	211
NC_037882.1	k141_16214	35973	68.893	569	143	210
NC_037882.1	k141_16214	35973	73.077	364	66	195
NC_037882.1	k141_16214	35973	78.189	243	44	195
NC_037882.1	k141_16214	35973	81.522	184	30	174
NC_037882.1	k141_16214	35973	92.473	93	7	137
NC_037882.1	k141_16214	35973	90.110	91	8	121
NC_037882.1	k141_16214	35973	94.737	76	4	120
NC_037882.1	k141_16214	35973	88.889	90	10	118
NC_037882.1	k141_16214	35973	92.405	79	6	116
NC_037882.1	k141_16214	35973	78.014	141	31	115
NC_037882.1	k141_16214	35973	86.316	95	6	115
NC_037882.1	k141_16214	35973	94.444	72	4	113
NC_037882.1	k141_16214	35973	93.243	74	5	112
NC_037882.1	k141_16214	35973	74.691	162	41	108
NC_037882.1	k141_16214	35973	90.667	75	6	101
NC_037882.1	k141_16214	35973	90.667	75	6	101
NC_037882.1	k141_16214	35973	67.273	330	93	100
NC_037882.1	k141_16214	35973	88.889	72	8	95.1
NC_037882.1	k141_16214	35973	88.732	71	8	93.3
NC_037882.1	k141_16214	35973	73.856	153	34	84.2
NC_037882.1	k141_16214	35973	66.300	273	80	80.6
NC_037882.1	k141_16214	35973	91.111	45	4	64.4
NC_037882.1	k141_16214	35973	91.111	45	4	64.4
NC_037882.1	k141_16214	35973	75.439	57	14	41.0
NC_037882.1	k141_16214	35973	75.439	57	14	41.0
NC_037882.1	k141_5332	36101	91.732	2286	129	3267
NC_037882.1	k141_5332	36101	91.732	2286	129	3267
NC_037882.1	k141_5332	36101	91.806	1611	96	2321
NC_037882.1	k141_5332	36101	91.806	1611	96	2321
NC_037882.1	k141_5332	36101	79.443	2228	377	1914
NC_037882.1	k141_5332	36101	79.443	2228	377	1914
NC_037882.1	k141_5332	36101	78.472	2081	412	1726
NC_037882.1	k141_5332	36101	79.217	1992	271	1675
NC_037882.1	k141_5332	36101	79.217	1992	271	1675
NC_037882.1	k141_5332	36101	76.508	1907	400	1396
NC_037882.1	k141_5332	36101	77.442	1454	225	1187
NC_037882.1	k141_5332	36101	77.442	1454	225	1187
NC_037882.1	k141_5332	36101	76.657	1388	320	1029
NC_037882.1	k141_5332	36101	77.095	1253	227	953
NC_037882.1	k141_5332	36101	82.540	504	58	508
NC_037882.1	k141_5332	36101	82.540	504	58	508
NC_037882.1	k141_5332	36101	73.247	542	138	317
NC_037882.1	k141_5332	36101	80.645	310	60	289
NC_037882.1	k141_5332	36101	86.188	181	25	214
NC_037882.1	k141_5332	36101	86.188	181	25	214
NC_037882.1	k141_5332	36101	77.523	218	36	167
NC_037882.1	k141_5332	36101	92.391	92	2	135
NC_037882.1	k141_5332	36101	92.391	92	2	135
NC_037882.1	k141_5332	36101	85.841	113	16	132
NC_037882.1	k141_5332	36101	83.607	122	15	131
NC_037882.1	k141_5332	36101	83.607	122	15	131
NC_037882.1	k141_5332	36101	84.348	115	17	123
NC_037882.1	k141_5332	36101	84.348	115	17	123
NC_037882.1	k141_5332	36101	93.671	79	5	121
NC_037882.1	k141_5332	36101	93.671	79	5	121
NC_037882.1	k141_5332	36101	94.667	75	4	118
NC_037882.1	k141_5332	36101	86.957	92	12	113
NC_037882.1	k141_5332	36101	86.957	92	12	113
NC_037882.1	k141_5332	36101	90.667	75	6	101
NC_037882.1	k141_5332	36101	90.667	75	6	101
NC_037882.1	k141_5332	36101	75.735	136	32	94.2
NC_037882.1	k141_5332	36101	75.735	136	32	94.2
NC_037882.1	k141_5332	36101	80.000	105	20	92.4
NC_037882.1	k141_5332	36101	80.000	105	20	92.4
NC_037882.1	k141_5332	36101	75.294	85	19	57.2
NC_037882.1	k141_5332	36101	91.892	37	3	54.5
NC_037882.1	k141_5332	36101	88.889	36	4	48.2
NC_037882.1	k141_5332	36101	72.727	77	21	45.5
NC_037882.1	k141_5332	36101	72.727	77	21	45.5
NC_037882.1	k141_5332	36101	75.439	57	14	41.0
NC_037882.1	k141_3967	46007	80.149	2413	387	2186
NC_037882.1	k141_3967	46007	81.669	1893	328	1836
NC_037882.1	k141_3967	46007	85.370	1579	216	1798
NC_037882.1	k141_3967	46007	87.299	1181	134	1464
NC_037882.1	k141_3967	46007	75.258	1742	386	1159
NC_037882.1	k141_3967	46007	80.390	974	188	894
NC_037882.1	k141_3967	46007	79.280	1028	155	870
NC_037882.1	k141_3967	46007	71.359	1442	370	715
NC_037882.1	k141_3967	46007	85.561	561	76	643
NC_037882.1	k141_3967	46007	76.098	820	134	593
NC_037882.1	k141_3967	46007	72.576	1021	214	585
NC_037882.1	k141_3967	46007	76.154	780	162	554
NC_037882.1	k141_3967	46007	76.154	780	162	554
NC_037882.1	k141_3967	46007	78.277	534	116	441
NC_037882.1	k141_3967	46007	71.821	692	191	355
NC_037882.1	k141_3967	46007	74.194	527	136	338
NC_037882.1	k141_3967	46007	68.851	931	159	328
NC_037882.1	k141_3967	46007	70.655	702	164	317
NC_037882.1	k141_3967	46007	70.655	702	164	317
NC_037882.1	k141_3967	46007	67.472	993	225	293
NC_037882.1	k141_3967	46007	65.411	1168	321	239
NC_037882.1	k141_3967	46007	78.222	225	44	177
NC_037882.1	k141_3967	46007	70.482	332	64	157
NC_037882.1	k141_3967	46007	82.051	156	24	155
NC_037882.1	k141_3967	46007	96.341	82	3	135
NC_037882.1	k141_3967	46007	91.011	89	7	122
NC_037882.1	k141_3967	46007	79.688	128	23	113
NC_037882.1	k141_3967	46007	79.508	122	25	108
NC_037882.1	k141_3967	46007	64.808	520	160	98.7
NC_037882.1	k141_3967	46007	74.820	139	35	94.2
NC_037882.1	k141_3967	46007	75.969	129	30	90.6
NC_037882.1	k141_3967	46007	80.851	94	15	83.3
NC_037882.1	k141_9512	9782	70.146	958	239	405
NC_037882.1	k141_9512	9782	92.771	83	6	123
NC_037882.1	k141_9512	9782	66.957	230	59	66.2
NC_037882.1	k141_19340	3576	76.425	386	90	283
NC_037882.1	k141_19340	3576	76.425	386	90	283
NC_037882.1	k141_19340	3576	74.026	462	99	271
NC_037882.1	k141_19340	3576	74.026	462	99	271
NC_037882.1	k141_8195	626	79.562	274	43	232
NC_037882.1	k141_8195	626	79.562	274	43	232
NC_037882.1	k141_13102	508	77.660	282	62	222
NC_037882.1	k141_13102	508	77.660	282	62	222
NC_037882.1	k141_15002	487	71.006	338	82	142
NC_037882.1	k141_15002	487	71.006	338	82	142
NC_037882.1	k141_7292	228	90.667	75	6	101
NC_037882.1	k141_9987	14272	77.391	115	23	85.1
NC_037882.1	k141_9987	14272	77.391	115	23	85.1
NC_037882.1	k141_10795	1800	84.507	71	11	79.7
NC_037882.1	k141_10795	1800	84.507	71	11	79.7
NC_037882.1	k141_12058	954	71.774	124	35	67.1
NC_037882.1	k141_12058	954	70.833	120	33	52.7
NC_037882.1	k141_18701	320	88.000	50	6	64.4
NC_037882.1	k141_18701	320	88.000	50	6	64.4
NC_037882.1	k141_20213	609	75.904	83	20	60.8
NC_037882.1	k141_20213	609	81.633	49	9	49.1
NC_056190.1	k141_16214	35973	84.428	4964	749	5453
NC_056190.1	k141_16214	35973	87.788	2473	302	3099
NC_056190.1	k141_16214	35973	73.708	3077	743	1831
NC_056190.1	k141_16214	35973	81.246	1525	276	1448
NC_056190.1	k141_16214	35973	75.375	1332	306	894
NC_056190.1	k141_16214	35973	70.089	2016	396	861
NC_056190.1	k141_16214	35973	82.337	753	130	757
NC_056190.1	k141_16214	35973	69.213	1309	344	535
NC_056190.1	k141_16214	35973	69.159	963	257	403
NC_056190.1	k141_16214	35973	71.912	680	185	362
NC_056190.1	k141_16214	35973	72.144	639	145	335
NC_056190.1	k141_16214	35973	87.786	262	32	329
NC_056190.1	k141_16214	35973	73.413	504	127	298
NC_056190.1	k141_16214	35973	80.603	232	23	205
NC_056190.1	k141_16214	35973	67.474	578	154	186
NC_056190.1	k141_16214	35973	78.537	205	43	168
NC_056190.1	k141_16214	35973	83.673	147	12	159
NC_056190.1	k141_16214	35973	77.838	185	34	151
NC_056190.1	k141_16214	35973	94.624	93	5	146
NC_056190.1	k141_16214	35973	76.829	164	38	125
NC_056190.1	k141_16214	35973	87.037	108	11	122
NC_056190.1	k141_16214	35973	95.946	74	3	121
NC_056190.1	k141_16214	35973	94.737	76	4	120
NC_056190.1	k141_16214	35973	93.506	77	5	117
NC_056190.1	k141_16214	35973	84.466	103	9	116
NC_056190.1	k141_16214	35973	87.640	89	11	112
NC_056190.1	k141_16214	35973	93.243	74	5	112
NC_056190.1	k141_16214	35973	92.000	75	6	109
NC_056190.1	k141_16214	35973	88.636	88	8	107
NC_056190.1	k141_16214	35973	88.636	88	8	107
NC_056190.1	k141_16214	35973	80.531	113	22	105
NC_056190.1	k141_16214	35973	74.375	160	41	104
NC_056190.1	k141_16214	35973	88.750	80	7	102
NC_056190.1	k141_16214	35973	88.889	72	8	95.1
NC_056190.1	k141_16214	35973	66.667	327	95	85.1
NC_056190.1	k141_16214	35973	82.278	79	14	80.6
NC_056190.1	k141_16214	35973	86.667	45	6	55.4
NC_056190.1	k141_16214	35973	86.667	45	6	55.4
NC_056190.1	k141_16214	35973	75.439	57	14	41.0
NC_056190.1	k141_16214	35973	75.439	57	14	41.0
NC_056190.1	k141_5332	36101	91.365	2293	131	3241
NC_056190.1	k141_5332	36101	91.365	2293	131	3241
NC_056190.1	k141_5332	36101	91.641	1615	99	2315
NC_056190.1	k141_5332	36101	91.641	1615	99	2315
NC_056190.1	k141_5332	36101	79.443	2228	377	1910
NC_056190.1	k141_5332	36101	79.443	2228	377	1910
NC_056190.1	k141_5332	36101	78.521	2002	277	1599
NC_056190.1	k141_5332	36101	78.521	2002	277	1599
NC_056190.1	k141_5332	36101	75.382	2092	452	1427
NC_056190.1	k141_5332	36101	77.214	1479	249	1160
NC_056190.1	k141_5332	36101	77.214	1479	249	1160
NC_056190.1	k141_5332	36101	73.889	923	178	559
NC_056190.1	k141_5332	36101	82.474	485	60	483
NC_056190.1	k141_5332	36101	82.474	485	60	483
NC_056190.1	k141_5332	36101	70.897	725	152	361
NC_056190.1	k141_5332	36101	73.760	484	124	290
NC_056190.1	k141_5332	36101	91.503	153	13	218
NC_056190.1	k141_5332	36101	91.503	153	13	218
NC_056190.1	k141_5332	36101	75.410	305	65	217
NC_056190.1	k141_5332	36101	77.344	256	38	210
NC_056190.1	k141_5332	36101	78.440	218	39	176
NC_056190.1	k141_5332	36101	91.304	92	3	131
NC_056190.1	k141_5332	36101	91.304	92	3	131
NC_056190.1	k141_5332	36101	82.540	126	22	129
NC_056190.1	k141_5332	36101	82.787	122	16	126
NC_056190.1	k141_5332	36101	82.787	122	16	126
NC_056190.1	k141_5332	36101	94.937	79	4	125
NC_056190.1	k141_5332	36101	94.937	79	4	125
NC_056190.1	k141_5332	36101	91.765	85	7	123
NC_056190.1	k141_5332	36101	91.765	85	7	123
NC_056190.1	k141_5332	36101	92.500	80	6	118
NC_056190.1	k141_5332	36101	88.043	92	11	117
NC_056190.1	k141_5332	36101	88.043	92	11	117
NC_056190.1	k141_5332	36101	77.206	136	30	103
NC_056190.1	k141_5332	36101	77.206	136	30	103
NC_056190.1	k141_5332	36101	90.667	75	6	101
NC_056190.1	k141_5332	36101	90.667	75	6	101
NC_056190.1	k141_5332	36101	77.143	105	23	78.8
NC_056190.1	k141_5332	36101	77.143	105	23	78.8
NC_056190.1	k141_5332	36101	92.683	41	3	61.7
NC_056190.1	k141_5332	36101	88.889	36	4	48.2
NC_056190.1	k141_5332	36101	72.500	80	22	46.4
NC_056190.1	k141_5332	36101	72.500	80	22	46.4
NC_056190.1	k141_5332	36101	77.193	57	13	45.5
NC_056190.1	k141_5332	36101	83.784	37	6	41.0
NC_056190.1	k141_5332	36101	72.727	66	18	39.2
NC_056190.1	k141_5332	36101	72.727	66	18	39.2
NC_056190.1	k141_3967	46007	85.527	1603	229	1835
NC_056190.1	k141_3967	46007	81.309	1894	337	1822
NC_056190.1	k141_3967	46007	86.181	1469	199	1734
NC_056190.1	k141_3967	46007	88.705	1089	123	1410
NC_056190.1	k141_3967	46007	79.632	977	195	860
NC_056190.1	k141_3967	46007	85.366	738	103	840
NC_056190.1	k141_3967	46007	76.118	984	167	687
NC_056190.1	k141_3967	46007	85.993	564	74	653
NC_056190.1	k141_3967	46007	73.393	1011	209	607
NC_056190.1	k141_3967	46007	75.673	855	179	595
NC_056190.1	k141_3967	46007	71.782	1173	269	585
NC_056190.1	k141_3967	46007	71.782	1173	269	585
NC_056190.1	k141_3967	46007	69.182	1418	377	556
NC_056190.1	k141_3967	46007	76.013	617	123	442
NC_056190.1	k141_3967	46007	72.414	696	186	378
NC_056190.1	k141_3967	46007	74.460	556	142	363
NC_056190.1	k141_3967	46007	69.109	887	175	346
NC_056190.1	k141_3967	46007	81.056	322	59	304
NC_056190.1	k141_3967	46007	74.720	447	113	297
NC_056190.1	k141_3967	46007	72.233	497	108	279
NC_056190.1	k141_3967	46007	68.805	686	113	247
NC_056190.1	k141_3967	46007	66.010	1015	248	242
NC_056190.1	k141_3967	46007	72.099	405	87	200
NC_056190.1	k141_3967	46007	66.087	690	181	170
NC_056190.1	k141_3967	46007	80.769	156	26	146
NC_056190.1	k141_3967	46007	91.089	101	9	142
NC_056190.1	k141_3967	46007	77.222	180	35	128
NC_056190.1	k141_3967	46007	96.104	77	3	126
NC_056190.1	k141_3967	46007	79.286	140	28	119
NC_056190.1	k141_3967	46007	92.405	79	5	113
NC_056190.1	k141_3967	46007	77.273	132	25	99.6
NC_056190.1	k141_3967	46007	86.957	46	6	57.2
NC_056190.1	k141_3967	46007	63.566	516	149	51.8
NC_056190.1	k141_3967	46007	85.000	40	6	46.4
NC_056190.1	k141_9512	9782	68.410	975	251	336
NC_056190.1	k141_9512	9782	92.593	81	6	120
NC_056190.1	k141_9512	9782	79.630	54	11	49.1
NC_056190.1	k141_19340	3576	76.425	386	90	283
NC_056190.1	k141_19340	3576	76.425	386	90	283
NC_056190.1	k141_19340	3576	73.593	462	101	262
NC_056190.1	k141_19340	3576	73.593	462	101	262
NC_056190.1	k141_8195	626	79.562	274	43	232
NC_056190.1	k141_8195	626	79.562	274	43	232
NC_056190.1	k141_13102	508	77.193	285	64	218
NC_056190.1	k141_13102	508	77.193	285	64	218
NC_056190.1	k141_15002	487	71.302	338	81	147
NC_056190.1	k141_15002	487	71.302	338	81	147
NC_056190.1	k141_18701	320	79.412	136	20	113
NC_056190.1	k141_18701	320	79.412	136	20	113
NC_056190.1	k141_7292	228	88.636	88	8	107
NC_056190.1	k141_12058	954	75.000	124	31	85.1
NC_056190.1	k141_12058	954	73.333	120	30	66.2
NC_056190.1	k141_9987	14272	77.391	115	23	85.1
NC_056190.1	k141_9987	14272	77.391	115	23	85.1
NC_056190.1	k141_10795	1800	84.507	71	11	79.7
NC_056190.1	k141_10795	1800	84.507	71	11	79.7
MN564931.1	k141_16214	35973	83.839	5142	784	5502
MN564931.1	k141_16214	35973	86.387	2483	337	2951
MN564931.1	k141_16214	35973	73.114	3102	770	1762
MN564931.1	k141_16214	35973	81.536	1484	272	1434
MN564931.1	k141_16214	35973	76.180	1335	296	954
MN564931.1	k141_16214	35973	68.341	2170	420	783
MN564931.1	k141_16214	35973	82.314	752	130	755
MN564931.1	k141_16214	35973	69.219	1319	351	549
MN564931.1	k141_16214	35973	74.594	677	172	446
MN564931.1	k141_16214	35973	67.769	968	261	336
MN564931.1	k141_16214	35973	72.126	635	139	328
MN564931.1	k141_16214	35973	86.486	259	35	310
MN564931.1	k141_16214	35973	72.332	506	129	279
MN564931.1	k141_16214	35973	73.114	517	95	279
MN564931.1	k141_16214	35973	80.258	233	34	202
MN564931.1	k141_16214	35973	77.459	244	46	187
MN564931.1	k141_16214	35973	89.683	126	6	171
MN564931.1	k141_16214	35973	70.977	348	63	167
MN564931.1	k141_16214	35973	66.725	568	159	164
MN564931.1	k141_16214	35973	92.553	94	7	139
MN564931.1	k141_16214	35973	91.489	94	6	132
MN564931.1	k141_16214	35973	66.154	585	182	128
MN564931.1	k141_16214	35973	92.045	88	5	125
MN564931.1	k141_16214	35973	94.737	76	4	120
MN564931.1	k141_16214	35973	84.466	103	15	111
MN564931.1	k141_16214	35973	81.148	122	21	110
MN564931.1	k141_16214	35973	93.151	73	5	110
MN564931.1	k141_16214	35973	86.667	90	12	109
MN564931.1	k141_16214	35973	92.000	75	6	109
MN564931.1	k141_16214	35973	90.541	74	7	103
MN564931.1	k141_16214	35973	64.187	578	187	96.9
MN564931.1	k141_16214	35973	97.674	43	1	74.3
MN564931.1	k141_16214	35973	72.650	117	32	68.0
MN564931.1	k141_16214	35973	88.889	45	5	59.9
MN564931.1	k141_16214	35973	88.889	45	5	59.9
MN564931.1	k141_16214	35973	75.439	57	14	41.0
MN564931.1	k141_16214	35973	75.439	57	14	41.0
MN564931.1	k141_5332	36101	91.514	2286	134	3244
MN564931.1	k141_5332	36101	91.514	2286	134	3244
MN564931.1	k141_5332	36101	91.517	1615	101	2305
MN564931.1	k141_5332	36101	91.517	1615	101	2305
MN564931.1	k141_5332	36101	79.462	2230	375	1911
MN564931.1	k141_5332	36101	79.462	2230	375	1911
MN564931.1	k141_5332	36101	78.589	1999	276	1615
MN564931.1	k141_5332	36101	78.589	1999	276	1615
MN564931.1	k141_5332	36101	77.143	2100	439	1598
MN564931.1	k141_5332	36101	75.588	1913	414	1325
MN564931.1	k141_5332	36101	77.304	1454	234	1163
MN564931.1	k141_5332	36101	77.304	1454	234	1163
MN564931.1	k141_5332	36101	76.496	1387	324	1025
MN564931.1	k141_5332	36101	77.445	1237	230	964
MN564931.1	k141_5332	36101	81.091	550	80	509
MN564931.1	k141_5332	36101	81.091	550	80	509
MN564931.1	k141_5332	36101	79.765	341	65	295
MN564931.1	k141_5332	36101	73.207	474	127	283
MN564931.1	k141_5332	36101	88.816	152	17	198
MN564931.1	k141_5332	36101	88.816	152	17	198
MN564931.1	k141_5332	36101	77.295	207	42	158
MN564931.1	k141_5332	36101	84.426	122	14	135
MN564931.1	k141_5332	36101	84.426	122	14	135
MN564931.1	k141_5332	36101	97.468	79	2	134
MN564931.1	k141_5332	36101	97.468	79	2	134
MN564931.1	k141_5332	36101	83.898	118	19	128
MN564931.1	k141_5332	36101	90.426	94	8	126
MN564931.1	k141_5332	36101	84.348	115	17	123
MN564931.1	k141_5332	36101	84.348	115	17	123
MN564931.1	k141_5332	36101	88.043	92	11	117
MN564931.1	k141_5332	36101	88.043	92	11	117
MN564931.1	k141_5332	36101	92.405	79	6	116
MN564931.1	k141_5332	36101	92.405	79	6	116
MN564931.1	k141_5332	36101	90.667	75	6	101
MN564931.1	k141_5332	36101	90.667	75	6	101
MN564931.1	k141_5332	36101	76.577	111	25	80.6
MN564931.1	k141_5332	36101	76.577	111	25	80.6
MN564931.1	k141_5332	36101	94.595	37	2	59.0
MN564931.1	k141_5332	36101	75.000	80	20	55.4
MN564931.1	k141_5332	36101	75.000	80	20	55.4
MN564931.1	k141_5332	36101	85.106	47	7	54.5
MN564931.1	k141_5332	36101	81.132	53	10	51.8
MN564931.1	k141_5332	36101	87.179	39	5	49.1
MN564931.1	k141_5332	36101	77.193	57	13	45.5
MN564931.1	k141_3967	46007	79.662	2424	406	2129
MN564931.1	k141_3967	46007	80.899	1890	345	1778
MN564931.1	k141_3967	46007	83.859	1586	234	1700
MN564931.1	k141_3967	46007	87.746	1118	130	1397
MN564931.1	k141_3967	46007	71.748	2145	475	1075
MN564931.1	k141_3967	46007	71.306	1983	438	949
MN564931.1	k141_3967	46007	79.409	981	196	856
MN564931.1	k141_3967	46007	79.914	931	181	833
MN564931.1	k141_3967	46007	84.658	730	108	811
MN564931.1	k141_3967	46007	85.689	573	77	655
MN564931.1	k141_3967	46007	73.695	1015	179	626
MN564931.1	k141_3967	46007	73.700	1000	203	614
MN564931.1	k141_3967	46007	71.004	1145	300	562
MN564931.1	k141_3967	46007	77.558	557	125	442
MN564931.1	k141_3967	46007	77.572	486	106	375
MN564931.1	k141_3967	46007	73.724	529	131	317
MN564931.1	k141_3967	46007	71.639	610	163	303
MN564931.1	k141_3967	46007	66.160	1250	287	277
MN564931.1	k141_3967	46007	66.773	942	151	272
MN564931.1	k141_3967	46007	79.310	203	42	178
MN564931.1	k141_3967	46007	83.871	155	22	166
MN564931.1	k141_3967	46007	78.866	194	41	166
MN564931.1	k141_3967	46007	70.807	322	51	156
MN564931.1	k141_3967	46007	63.567	1452	478	145
MN564931.1	k141_3967	46007	97.500	80	2	136
MN564931.1	k141_3967	46007	67.225	418	125	134
MN564931.1	k141_3967	46007	92.500	80	5	114
MN564931.1	k141_3967	46007	79.832	119	24	107
MN564931.1	k141_3967	46007	76.471	136	22	102
MN564931.1	k141_3967	46007	94.340	53	3	83.3
MN564931.1	k141_3967	46007	75.641	78	19	56.3
MN564931.1	k141_9512	9782	69.866	969	225	393
MN564931.1	k141_9512	9782	90.698	86	8	120
MN564931.1	k141_19340	3576	75.648	386	93	269
MN564931.1	k141_19340	3576	75.648	386	93	269
MN564931.1	k141_19340	3576	73.377	462	102	258
MN564931.1	k141_19340	3576	73.377	462	102	258
MN564931.1	k141_8195	626	79.927	274	42	236
MN564931.1	k141_8195	626	79.927	274	42	236
MN564931.1	k141_13102	508	77.544	285	63	223
MN564931.1	k141_13102	508	77.544	285	63	223
MN564931.1	k141_15002	487	71.302	338	81	147
MN564931.1	k141_15002	487	71.302	338	81	147
MN564931.1	k141_18701	320	82.734	139	16	137
MN564931.1	k141_18701	320	82.734	139	16	137
MN564931.1	k141_18701	320	91.304	46	4	66.2
MN564931.1	k141_18701	320	91.304	46	4	66.2
MN564931.1	k141_9987	14272	77.391	115	23	85.1
MN564931.1	k141_9987	14272	77.391	115	23	85.1
MN564931.1	k141_12058	954	72.848	151	35	80.6
MN564931.1	k141_12058	954	72.727	121	31	63.5
MN564931.1	k141_10795	1800	84.507	71	11	79.7
MN564931.1	k141_10795	1800	84.507	71	11	79.7
NC_031651.1	k141_16214	35973	83.857	5185	776	5547
NC_031651.1	k141_16214	35973	87.687	2469	304	3083
NC_031651.1	k141_16214	35973	74.011	3109	737	1916
NC_031651.1	k141_16214	35973	81.231	1689	289	1611
NC_031651.1	k141_16214	35973	77.472	1345	277	1025
NC_031651.1	k141_16214	35973	69.420	2070	405	824
NC_031651.1	k141_16214	35973	82.470	753	129	762
NC_031651.1	k141_16214	35973	70.513	1326	328	614
NC_031651.1	k141_16214	35973	75.480	677	166	473
NC_031651.1	k141_16214	35973	69.897	877	230	396
NC_031651.1	k141_16214	35973	86.813	273	36	331
NC_031651.1	k141_16214	35973	71.743	637	151	324
NC_031651.1	k141_16214	35973	75.000	456	109	305
NC_031651.1	k141_16214	35973	71.600	500	96	241
NC_031651.1	k141_16214	35973	81.974	233	23	217
NC_031651.1	k141_16214	35973	79.424	243	41	204
NC_031651.1	k141_16214	35973	67.606	568	154	187
NC_031651.1	k141_16214	35973	80.311	193	33	173
NC_031651.1	k141_16214	35973	82.963	135	7	150
NC_031651.1	k141_16214	35973	92.473	93	7	137
NC_031651.1	k141_16214	35973	90.110	91	8	121
NC_031651.1	k141_16214	35973	81.301	123	23	119
NC_031651.1	k141_16214	35973	90.476	84	8	116
NC_031651.1	k141_16214	35973	93.333	75	5	113
NC_031651.1	k141_16214	35973	93.333	75	5	113
NC_031651.1	k141_16214	35973	85.417	96	7	113
NC_031651.1	k141_16214	35973	92.105	76	6	111
NC_031651.1	k141_16214	35973	92.000	75	6	109
NC_031651.1	k141_16214	35973	85.556	90	13	104
NC_031651.1	k141_16214	35973	90.278	72	7	99.6
NC_031651.1	k141_16214	35973	73.171	164	44	98.7
NC_031651.1	k141_16214	35973	88.000	75	8	92.4
NC_031651.1	k141_16214	35973	67.148	277	79	92.4
NC_031651.1	k141_16214	35973	88.000	75	8	92.4
NC_031651.1	k141_16214	35973	71.038	183	42	84.2
NC_031651.1	k141_16214	35973	88.889	45	5	59.9
NC_031651.1	k141_16214	35973	88.889	45	5	59.9
NC_031651.1	k141_16214	35973	75.439	57	14	41.0
NC_031651.1	k141_16214	35973	75.439	57	14	41.0
NC_031651.1	k141_5332	36101	91.864	2286	126	3276
NC_031651.1	k141_5332	36101	91.864	2286	126	3276
NC_031651.1	k141_5332	36101	91.517	1615	101	2305
NC_031651.1	k141_5332	36101	91.517	1615	101	2305
NC_031651.1	k141_5332	36101	79.715	2243	385	1940
NC_031651.1	k141_5332	36101	79.715	2243	385	1940
NC_031651.1	k141_5332	36101	77.087	2300	461	1746
NC_031651.1	k141_5332	36101	79.355	1986	280	1671
NC_031651.1	k141_5332	36101	79.355	1986	280	1671
NC_031651.1	k141_5332	36101	77.737	1900	372	1498
NC_031651.1	k141_5332	36101	78.198	1454	229	1214
NC_031651.1	k141_5332	36101	78.198	1454	229	1214
NC_031651.1	k141_5332	36101	77.130	1373	306	1032
NC_031651.1	k141_5332	36101	76.099	1251	239	922
NC_031651.1	k141_5332	36101	82.887	485	57	484
NC_031651.1	k141_5332	36101	82.887	485	57	484
NC_031651.1	k141_5332	36101	74.576	472	120	311
NC_031651.1	k141_5332	36101	80.064	311	62	282
NC_031651.1	k141_5332	36101	86.740	181	24	219
NC_031651.1	k141_5332	36101	86.740	181	24	219
NC_031651.1	k141_5332	36101	78.829	222	38	175
NC_031651.1	k141_5332	36101	92.391	92	2	135
NC_031651.1	k141_5332	36101	92.391	92	2	135
NC_031651.1	k141_5332	36101	83.607	122	15	131
NC_031651.1	k141_5332	36101	83.607	122	15	131
NC_031651.1	k141_5332	36101	95.062	81	4	129
NC_031651.1	k141_5332	36101	81.890	127	17	127
NC_031651.1	k141_5332	36101	92.941	85	6	127
NC_031651.1	k141_5332	36101	92.941	85	6	127
NC_031651.1	k141_5332	36101	77.707	157	29	118
NC_031651.1	k141_5332	36101	77.707	157	29	118
NC_031651.1	k141_5332	36101	93.506	77	5	117
NC_031651.1	k141_5332	36101	93.506	77	5	117
NC_031651.1	k141_5332	36101	77.941	136	29	107
NC_031651.1	k141_5332	36101	77.941	136	29	107
NC_031651.1	k141_5332	36101	90.541	74	6	99.6
NC_031651.1	k141_5332	36101	90.541	74	6	99.6
NC_031651.1	k141_5332	36101	63.793	580	183	88.7
NC_031651.1	k141_5332	36101	68.559	229	70	82.4
NC_031651.1	k141_5332	36101	68.559	229	70	82.4
NC_031651.1	k141_5332	36101	94.444	36	2	57.2
NC_031651.1	k141_5332	36101	72.277	101	27	53.6
NC_031651.1	k141_5332	36101	72.277	101	27	53.6
NC_031651.1	k141_5332	36101	72.500	80	22	46.4
NC_031651.1	k141_5332	36101	72.500	80	22	46.4
NC_031651.1	k141_5332	36101	75.439	57	14	41.0
NC_031651.1	k141_3967	46007	86.530	1611	213	1922
NC_031651.1	k141_3967	46007	80.822	1898	355	1768
NC_031651.1	k141_3967	46007	84.586	1583	229	1742
NC_031651.1	k141_3967	46007	85.966	1190	139	1415
NC_031651.1	k141_3967	46007	72.063	2162	474	1127
NC_031651.1	k141_3967	46007	72.687	1794	403	970
NC_031651.1	k141_3967	46007	73.684	1463	271	866
NC_031651.1	k141_3967	46007	79.913	916	168	829
NC_031651.1	k141_3967	46007	78.265	980	204	807
NC_031651.1	k141_3967	46007	76.392	970	175	699
NC_031651.1	k141_3967	46007	86.473	584	68	690
NC_031651.1	k141_3967	46007	74.308	1012	211	644
NC_031651.1	k141_3967	46007	69.818	1428	386	615
NC_031651.1	k141_3967	46007	77.996	559	123	454
NC_031651.1	k141_3967	46007	80.294	477	94	437
NC_031651.1	k141_3967	46007	68.966	1015	220	384
NC_031651.1	k141_3967	46007	70.678	723	208	334
NC_031651.1	k141_3967	46007	71.598	676	102	332
NC_031651.1	k141_3967	46007	76.351	444	95	315
NC_031651.1	k141_3967	46007	65.134	1414	423	260
NC_031651.1	k141_3967	46007	70.800	500	122	225
NC_031651.1	k141_3967	46007	72.431	399	104	216
NC_031651.1	k141_3967	46007	74.556	338	82	208
NC_031651.1	k141_3967	46007	79.487	195	40	172
NC_031651.1	k141_3967	46007	66.199	642	145	164
NC_031651.1	k141_3967	46007	76.733	202	47	153
NC_031651.1	k141_3967	46007	81.410	156	25	150
NC_031651.1	k141_3967	46007	75.117	213	45	140
NC_031651.1	k141_3967	46007	97.500	80	2	136
NC_031651.1	k141_3967	46007	93.258	89	6	134
NC_031651.1	k141_3967	46007	95.181	83	4	132
NC_031651.1	k141_3967	46007	83.471	121	20	129
NC_031651.1	k141_3967	46007	80.620	129	24	117
NC_031651.1	k141_3967	46007	66.557	305	98	86.0
NC_031651.1	k141_3967	46007	68.293	164	40	50.9
NC_031651.1	k141_9512	9782	69.085	951	254	350
NC_031651.1	k141_9512	9782	91.463	82	7	117
NC_031651.1	k141_19340	3576	76.166	386	91	279
NC_031651.1	k141_19340	3576	76.166	386	91	279
NC_031651.1	k141_19340	3576	74.026	462	99	271
NC_031651.1	k141_19340	3576	74.026	462	99	271
NC_031651.1	k141_8195	626	80.292	274	41	241
NC_031651.1	k141_8195	626	80.292	274	41	241
NC_031651.1	k141_13102	508	77.544	285	63	223
NC_031651.1	k141_13102	508	77.544	285	63	223
NC_031651.1	k141_18701	320	78.358	268	42	214
NC_031651.1	k141_18701	320	78.358	268	42	214
NC_031651.1	k141_15002	487	71.765	340	76	150
NC_031651.1	k141_15002	487	71.765	340	76	150
NC_031651.1	k141_7292	228	88.000	75	8	92.4
NC_031651.1	k141_9987	14272	77.391	115	23	85.1
NC_031651.1	k141_9987	14272	77.391	115	23	85.1
NC_031651.1	k141_10795	1800	84.507	71	11	79.7
NC_031651.1	k141_10795	1800	84.507	71	11	79.7
NC_031651.1	k141_12058	954	69.271	192	57	74.3
NC_031651.1	k141_12058	954	69.536	151	40	58.1
NC_031651.1	k141_20213	609	79.747	79	16	71.6
NC_031651.1	k141_20213	609	88.889	45	5	59.9
MW366789.1	k141_16214	35973	84.130	4978	740	5380
MW366789.1	k141_16214	35973	84.130	4978	740	5380
MW366789.1	k141_16214	35973	87.525	2469	308	3065
MW366789.1	k141_16214	35973	73.119	3136	745	1804
MW366789.1	k141_16214	35973	81.332	1532	284	1467
MW366789.1	k141_16214	35973	77.380	1313	276	1008
MW366789.1	k141_16214	35973	81.060	755	140	716
MW366789.1	k141_16214	35973	69.588	1335	334	571
MW366789.1	k141_16214	35973	67.626	1529	298	519
MW366789.1	k141_16214	35973	87.452	263	33	326
MW366789.1	k141_16214	35973	68.565	843	226	325
MW366789.1	k141_16214	35973	69.874	717	188	296
MW366789.1	k141_16214	35973	74.074	432	96	262
MW366789.1	k141_16214	35973	81.277	235	35	230
MW366789.1	k141_16214	35973	71.024	459	122	221
MW366789.1	k141_16214	35973	72.676	355	66	200
MW366789.1	k141_16214	35973	79.325	237	42	191
MW366789.1	k141_16214	35973	67.442	559	115	172
MW366789.1	k141_16214	35973	93.878	98	6	150
MW366789.1	k141_16214	35973	89.423	104	11	139
MW366789.1	k141_16214	35973	81.955	133	24	132
MW366789.1	k141_16214	35973	92.473	93	3	132
MW366789.1	k141_16214	35973	69.841	315	88	120
MW366789.1	k141_16214	35973	89.130	92	8	119
MW366789.1	k141_16214	35973	92.405	79	6	116
MW366789.1	k141_16214	35973	93.421	76	5	115
MW366789.1	k141_16214	35973	80.000	125	25	113
MW366789.1	k141_16214	35973	93.151	73	5	110
MW366789.1	k141_16214	35973	69.630	270	66	110
MW366789.1	k141_16214	35973	69.630	270	66	110
MW366789.1	k141_16214	35973	68.231	277	76	105
MW366789.1	k141_16214	35973	68.231	277	76	105
MW366789.1	k141_16214	35973	90.411	73	7	101
MW366789.1	k141_16214	35973	83.158	95	16	100
MW366789.1	k141_16214	35973	90.411	73	6	97.8
MW366789.1	k141_16214	35973	90.411	73	6	97.8
MW366789.1	k141_16214	35973	85.366	82	10	92.4
MW366789.1	k141_16214	35973	86.486	74	9	86.0
MW366789.1	k141_16214	35973	86.486	74	9	86.0
MW366789.1	k141_16214	35973	81.013	79	15	76.1
MW366789.1	k141_16214	35973	70.732	123	36	60.8
MW366789.1	k141_16214	35973	70.732	123	36	60.8
MW366789.1	k141_16214	35973	86.667	45	6	55.4
MW366789.1	k141_16214	35973	86.667	45	6	55.4
MW366789.1	k141_5332	36101	90.610	2279	160	3118
MW366789.1	k141_5332	36101	90.610	2279	160	3118
MW366789.1	k141_5332	36101	89.247	1581	115	2094
MW366789.1	k141_5332	36101	89.247	1581	115	2094
MW366789.1	k141_5332	36101	77.099	2323	436	1752
MW366789.1	k141_5332	36101	77.099	2323	436	1752
MW366789.1	k141_5332	36101	74.738	2672	556	1726
MW366789.1	k141_5332	36101	74.738	2672	556	1726
MW366789.1	k141_5332	36101	77.361	2001	281	1528
MW366789.1	k141_5332	36101	77.361	2001	281	1528
MW366789.1	k141_5332	36101	76.165	1846	396	1300
MW366789.1	k141_5332	36101	77.207	1246	232	978
MW366789.1	k141_5332	36101	77.207	1246	232	978
MW366789.1	k141_5332	36101	74.222	1478	276	957
MW366789.1	k141_5332	36101	74.222	1478	276	957
MW366789.1	k141_5332	36101	75.252	1390	342	949
MW366789.1	k141_5332	36101	76.782	491	77	365
MW366789.1	k141_5332	36101	76.782	491	77	365
MW366789.1	k141_5332	36101	72.072	555	152	301
MW366789.1	k141_5332	36101	72.072	555	152	301
MW366789.1	k141_5332	36101	75.000	308	77	209
MW366789.1	k141_5332	36101	84.746	177	27	198
MW366789.1	k141_5332	36101	84.746	177	27	198
MW366789.1	k141_5332	36101	92.913	127	9	189
MW366789.1	k141_5332	36101	92.913	127	9	189
MW366789.1	k141_5332	36101	77.376	221	35	169
MW366789.1	k141_5332	36101	84.127	126	19	134
MW366789.1	k141_5332	36101	89.583	96	9	125
MW366789.1	k141_5332	36101	96.154	78	2	124
MW366789.1	k141_5332	36101	96.154	78	2	124
MW366789.1	k141_5332	36101	94.737	76	4	120
MW366789.1	k141_5332	36101	94.737	76	4	120
MW366789.1	k141_5332	36101	91.250	80	7	113
MW366789.1	k141_5332	36101	89.157	83	9	110
MW366789.1	k141_5332	36101	89.157	83	9	110
MW366789.1	k141_5332	36101	80.870	115	21	105
MW366789.1	k141_5332	36101	80.870	115	21	105
MW366789.1	k141_5332	36101	91.667	72	6	104
MW366789.1	k141_5332	36101	91.667	72	6	104
MW366789.1	k141_5332	36101	87.654	81	9	98.7
MW366789.1	k141_5332	36101	87.654	81	9	98.7
MW366789.1	k141_5332	36101	91.892	37	3	54.5
MW366789.1	k141_5332	36101	78.947	57	12	50.0
MW366789.1	k141_3967	46007	78.982	2417	392	2075
MW366789.1	k141_3967	46007	86.327	1470	196	1741
MW366789.1	k141_3967	46007	80.698	1834	341	1706
MW366789.1	k141_3967	46007	86.980	1106	140	1341
MW366789.1	k141_3967	46007	74.654	1732	373	1101
MW366789.1	k141_3967	46007	74.218	1439	297	877
MW366789.1	k141_3967	46007	74.218	1439	297	873
MW366789.1	k141_3967	46007	85.278	720	97	820
MW366789.1	k141_3967	46007	79.911	896	178	798
MW366789.1	k141_3967	46007	70.945	1566	323	757
MW366789.1	k141_3967	46007	86.799	553	72	665
MW366789.1	k141_3967	46007	75.729	960	179	654
MW366789.1	k141_3967	46007	74.159	565	141	357
MW366789.1	k141_3967	46007	68.399	943	162	323
MW366789.1	k141_3967	46007	80.176	227	27	205
MW366789.1	k141_3967	46007	80.176	227	27	205
MW366789.1	k141_3967	46007	72.394	355	76	183
MW366789.1	k141_3967	46007	73.065	323	60	175
MW366789.1	k141_3967	46007	80.769	156	26	146
MW366789.1	k141_3967	46007	100.000	79	0	143
MW366789.1	k141_3967	46007	65.201	546	182	118
MW366789.1	k141_3967	46007	81.395	129	22	118
MW366789.1	k141_3967	46007	69.536	302	87	117
MW366789.1	k141_3967	46007	92.405	79	5	113
MW366789.1	k141_3967	46007	92.405	79	5	113
MW366789.1	k141_3967	46007	64.559	601	198	106
MW366789.1	k141_3967	46007	64.559	601	198	106
MW366789.1	k141_3967	46007	77.876	113	25	92.4
MW366789.1	k141_3967	46007	77.143	105	20	77.0
MW366789.1	k141_3967	46007	72.269	119	33	67.1
MW366789.1	k141_3967	46007	84.906	53	8	60.8
MW366789.1	k141_3967	46007	75.000	80	20	55.4
MW366789.1	k141_3967	46007	76.812	69	16	53.6
MW366789.1	k141_9512	9782	69.616	938	247	383
MW366789.1	k141_9512	9782	86.726	113	13	130
MW366789.1	k141_19340	3576	76.546	388	86	286
MW366789.1	k141_19340	3576	76.546	388	86	286
MW366789.1	k141_19340	3576	73.866	463	100	264
MW366789.1	k141_19340	3576	73.866	463	100	264
MW366789.1	k141_8195	626	77.660	282	45	214
MW366789.1	k141_8195	626	77.660	282	45	214
MW366789.1	k141_7292	228	86.486	74	9	86.0
MW366789.1	k141_9987	14272	76.522	115	24	80.6
MW366789.1	k141_9987	14272	76.522	115	24	80.6
MW366789.1	k141_9987	14272	82.812	64	11	67.1
MW366789.1	k141_9987	14272	82.812	64	11	67.1
MW366789.1	k141_10795	1800	84.058	69	11	76.1
MW366789.1	k141_10795	1800	84.058	69	11	76.1
MW366789.1	k141_12058	954	79.487	78	16	69.8
MW366789.1	k141_12058	954	70.370	108	30	44.6
KT899950.1	k141_16214	35973	85.330	4976	689	5657
KT899950.1	k141_16214	35973	87.281	2571	312	3149
KT899950.1	k141_16214	35973	74.524	3101	723	1975
KT899950.1	k141_16214	35973	83.245	1516	254	1590
KT899950.1	k141_16214	35973	77.194	1333	283	1003
KT899950.1	k141_16214	35973	70.058	2084	413	893
KT899950.1	k141_16214	35973	80.072	828	154	746
KT899950.1	k141_16214	35973	70.465	1334	329	630
KT899950.1	k141_16214	35973	75.664	678	165	480
KT899950.1	k141_16214	35973	69.794	874	232	393
KT899950.1	k141_16214	35973	72.727	638	140	348
KT899950.1	k141_16214	35973	75.000	512	123	347
KT899950.1	k141_16214	35973	87.259	259	33	319
KT899950.1	k141_16214	35973	69.943	529	105	242
KT899950.1	k141_16214	35973	80.738	244	38	224
KT899950.1	k141_16214	35973	68.607	567	148	212
KT899950.1	k141_16214	35973	80.087	231	32	200
KT899950.1	k141_16214	35973	70.960	396	56	187
KT899950.1	k141_16214	35973	84.848	132	20	149
KT899950.1	k141_16214	35973	94.565	92	5	144
KT899950.1	k141_16214	35973	91.011	89	7	122
KT899950.1	k141_16214	35973	87.500	96	5	122
KT899950.1	k141_16214	35973	87.368	95	12	118
KT899950.1	k141_16214	35973	94.667	75	4	118
KT899950.1	k141_16214	35973	92.208	77	6	113
KT899950.1	k141_16214	35973	88.372	86	10	111
KT899950.1	k141_16214	35973	67.628	312	89	110
KT899950.1	k141_16214	35973	92.000	75	6	109
KT899950.1	k141_16214	35973	79.200	125	26	109
KT899950.1	k141_16214	35973	92.000	75	6	109
KT899950.1	k141_16214	35973	79.339	121	25	106
KT899950.1	k141_16214	35973	88.372	86	8	104
KT899950.1	k141_16214	35973	88.372	86	8	104
KT899950.1	k141_16214	35973	68.000	325	90	99.6
KT899950.1	k141_16214	35973	90.278	72	7	99.6
KT899950.1	k141_16214	35973	82.278	79	14	80.6
KT899950.1	k141_16214	35973	70.089	224	44	74.3
KT899950.1	k141_16214	35973	88.889	45	5	59.9
KT899950.1	k141_16214	35973	88.889	45	5	59.9
KT899950.1	k141_16214	35973	75.439	57	14	41.0
KT899950.1	k141_16214	35973	75.439	57	14	41.0
KT899950.1	k141_5332	36101	91.685	2285	131	3255
KT899950.1	k141_5332	36101	91.685	2285	131	3255
KT899950.1	k141_5332	36101	91.889	1615	95	2333
KT899950.1	k141_5332	36101	91.889	1615	95	2333
KT899950.1	k141_5332	36101	79.856	2229	387	1939
KT899950.1	k141_5332	36101	79.856	2229	387	1939
KT899950.1	k141_5332	36101	78.495	2153	417	1752
KT899950.1	k141_5332	36101	79.367	1992	266	1691
KT899950.1	k141_5332	36101	79.367	1992	266	1691
KT899950.1	k141_5332	36101	76.809	1893	407	1428
KT899950.1	k141_5332	36101	77.648	1454	242	1183
KT899950.1	k141_5332	36101	77.648	1454	242	1183
KT899950.1	k141_5332	36101	77.657	1383	301	1091
KT899950.1	k141_5332	36101	78.309	1254	232	1031
KT899950.1	k141_5332	36101	81.599	538	66	505
KT899950.1	k141_5332	36101	81.599	538	66	505
KT899950.1	k141_5332	36101	72.527	546	147	307
KT899950.1	k141_5332	36101	81.090	312	59	297
KT899950.1	k141_5332	36101	91.613	155	13	222
KT899950.1	k141_5332	36101	91.613	155	13	222
KT899950.1	k141_5332	36101	79.070	215	35	177
KT899950.1	k141_5332	36101	84.127	126	20	138
KT899950.1	k141_5332	36101	92.391	92	2	135
KT899950.1	k141_5332	36101	92.391	92	2	135
KT899950.1	k141_5332	36101	65.466	611	181	129
KT899950.1	k141_5332	36101	85.217	115	16	128
KT899950.1	k141_5332	36101	85.217	115	16	128
KT899950.1	k141_5332	36101	93.827	81	5	124
KT899950.1	k141_5332	36101	78.344	157	28	123
KT899950.1	k141_5332	36101	78.344	157	28	123
KT899950.1	k141_5332	36101	91.139	79	7	112
KT899950.1	k141_5332	36101	91.139	79	7	112
KT899950.1	k141_5332	36101	90.667	75	6	101
KT899950.1	k141_5332	36101	90.667	75	6	101
KT899950.1	k141_5332	36101	65.323	496	149	96.0
KT899950.1	k141_5332	36101	65.323	496	149	96.0
KT899950.1	k141_5332	36101	74.265	136	34	85.1
KT899950.1	k141_5332	36101	74.265	136	34	85.1
KT899950.1	k141_5332	36101	72.277	101	27	53.6
KT899950.1	k141_5332	36101	72.277	101	27	53.6
KT899950.1	k141_5332	36101	73.750	80	21	50.9
KT899950.1	k141_5332	36101	73.750	80	21	50.9
KT899950.1	k141_5332	36101	88.889	36	4	48.2
KT899950.1	k141_5332	36101	77.193	57	13	45.5
KT899950.1	k141_3967	46007	77.762	2770	455	2193
KT899950.1	k141_3967	46007	82.044	1888	327	1865
KT899950.1	k141_3967	46007	86.169	1475	200	1740
KT899950.1	k141_3967	46007	87.534	1115	134	1376
KT899950.1	k141_3967	46007	76.136	1739	368	1250
KT899950.1	k141_3967	46007	71.853	2153	480	1116
KT899950.1	k141_3967	46007	71.991	1803	410	939
KT899950.1	k141_3967	46007	74.425	1478	245	915
KT899950.1	k141_3967	46007	80.000	975	192	878
KT899950.1	k141_3967	46007	76.915	979	165	717
KT899950.1	k141_3967	46007	75.372	1007	191	696
KT899950.1	k141_3967	46007	87.234	564	67	689
KT899950.1	k141_3967	46007	69.607	1474	367	604
KT899950.1	k141_3967	46007	79.252	535	111	465
KT899950.1	k141_3967	46007	72.652	724	190	394
KT899950.1	k141_3967	46007	66.479	1244	254	376
KT899950.1	k141_3967	46007	75.564	532	128	367
KT899950.1	k141_3967	46007	68.563	967	154	334
KT899950.1	k141_3967	46007	65.456	1404	429	302
KT899950.1	k141_3967	46007	73.846	390	96	241
KT899950.1	k141_3967	46007	67.143	700	180	213
KT899950.1	k141_3967	46007	75.152	330	57	208
KT899950.1	k141_3967	46007	78.462	195	42	163
KT899950.1	k141_3967	46007	80.769	156	26	146
KT899950.1	k141_3967	46007	97.468	79	2	134
KT899950.1	k141_3967	46007	80.000	130	24	115
KT899950.1	k141_3967	46007	92.308	78	5	111
KT899950.1	k141_3967	46007	78.689	122	26	104
KT899950.1	k141_3967	46007	76.667	120	28	91.5
KT899950.1	k141_3967	46007	71.166	163	41	75.2
KT899950.1	k141_3967	46007	75.294	85	19	52.7
KT899950.1	k141_9512	9782	70.405	963	236	416
KT899950.1	k141_9512	9782	95.181	83	4	132
KT899950.1	k141_18701	320	83.955	268	26	283
KT899950.1	k141_18701	320	83.955	268	26	283
KT899950.1	k141_18701	320	87.500	56	7	70.7
KT899950.1	k141_18701	320	87.500	56	7	70.7
KT899950.1	k141_19340	3576	76.166	386	91	279
KT899950.1	k141_19340	3576	76.166	386	91	279
KT899950.1	k141_19340	3576	73.810	462	100	267
KT899950.1	k141_19340	3576	73.810	462	100	267
KT899950.1	k141_8195	626	79.562	274	43	232
KT899950.1	k141_8195	626	79.562	274	43	232
KT899950.1	k141_13102	508	77.972	286	60	222
KT899950.1	k141_13102	508	77.972	286	60	222
KT899950.1	k141_15002	487	69.794	437	112	158
KT899950.1	k141_15002	487	69.794	437	112	158
KT899950.1	k141_7292	228	88.372	86	8	104
KT899950.1	k141_9987	14272	77.391	115	23	85.1
KT899950.1	k141_9987	14272	77.391	115	23	85.1
KT899950.1	k141_9987	14272	82.812	64	11	67.1
KT899950.1	k141_9987	14272	82.812	64	11	67.1
KT899950.1	k141_10795	1800	84.507	71	11	79.7
KT899950.1	k141_10795	1800	84.507	71	11	79.7
KT899950.1	k141_12058	954	72.185	151	36	76.1
KT899950.1	k141_12058	954	68.750	112	33	38.3
GU191334.1	k141_16214	35973	80.000	5235	960	4673
GU191334.1	k141_16214	35973	85.119	2446	364	2771
GU191334.1	k141_16214	35973	71.186	3002	777	1459
GU191334.1	k141_16214	35973	77.476	1696	332	1355
GU191334.1	k141_16214	35973	71.822	1345	365	694
GU191334.1	k141_16214	35973	76.983	769	174	583
GU191334.1	k141_16214	35973	70.138	1306	339	567
GU191334.1	k141_16214	35973	69.147	1102	242	426
GU191334.1	k141_16214	35973	72.000	700	185	367
GU191334.1	k141_16214	35973	85.019	267	38	299
GU191334.1	k141_16214	35973	67.284	810	229	263
GU191334.1	k141_16214	35973	82.500	240	36	232
GU191334.1	k141_16214	35973	71.461	438	121	222
GU191334.1	k141_16214	35973	68.208	519	143	199
GU191334.1	k141_16214	35973	79.381	194	40	170
GU191334.1	k141_16214	35973	74.126	286	54	165
GU191334.1	k141_16214	35973	81.295	139	11	139
GU191334.1	k141_16214	35973	69.189	370	84	136
GU191334.1	k141_16214	35973	93.750	80	5	123
GU191334.1	k141_16214	35973	88.298	94	5	122
GU191334.1	k141_16214	35973	82.353	119	21	121
GU191334.1	k141_16214	35973	94.595	74	4	116
GU191334.1	k141_16214	35973	89.773	88	8	115
GU191334.1	k141_16214	35973	65.226	532	169	113
GU191334.1	k141_16214	35973	94.444	72	4	113
GU191334.1	k141_16214	35973	92.105	76	6	111
GU191334.1	k141_16214	35973	74.390	164	42	107
GU191334.1	k141_16214	35973	89.041	73	8	96.9
GU191334.1	k141_16214	35973	86.301	73	9	84.2
GU191334.1	k141_16214	35973	74.016	127	26	78.8
GU191334.1	k141_16214	35973	78.495	93	20	78.8
GU191334.1	k141_16214	35973	80.000	80	14	66.2
GU191334.1	k141_16214	35973	89.583	48	5	65.3
GU191334.1	k141_16214	35973	89.583	48	5	65.3
GU191334.1	k141_16214	35973	89.583	48	4	61.7
GU191334.1	k141_16214	35973	85.417	48	7	56.3
GU191334.1	k141_16214	35973	75.309	81	18	50.0
GU191334.1	k141_16214	35973	77.193	57	13	45.5
GU191334.1	k141_16214	35973	77.193	57	13	45.5
GU191334.1	k141_16214	35973	84.615	39	6	44.6
GU191334.1	k141_16214	35973	82.051	39	7	40.1
GU191334.1	k141_5332	36101	89.808	2286	161	3084
GU191334.1	k141_5332	36101	89.808	2286	161	3084
GU191334.1	k141_5332	36101	90.637	1602	111	2226
GU191334.1	k141_5332	36101	90.637	1602	111	2226
GU191334.1	k141_5332	36101	76.323	2116	445	1509
GU191334.1	k141_5332	36101	73.073	1842	433	1049
GU191334.1	k141_5332	36101	72.895	1413	359	794
GU191334.1	k141_5332	36101	80.390	872	123	792
GU191334.1	k141_5332	36101	80.390	872	123	792
GU191334.1	k141_5332	36101	74.500	1200	260	777
GU191334.1	k141_5332	36101	73.832	963	195	545
GU191334.1	k141_5332	36101	73.832	963	195	545
GU191334.1	k141_5332	36101	74.849	664	160	443
GU191334.1	k141_5332	36101	76.712	511	70	376
GU191334.1	k141_5332	36101	76.712	511	70	376
GU191334.1	k141_5332	36101	74.248	532	133	337
GU191334.1	k141_5332	36101	67.679	922	255	273
GU191334.1	k141_5332	36101	72.834	427	116	248
GU191334.1	k141_5332	36101	75.649	308	75	218
GU191334.1	k141_5332	36101	88.158	152	18	194
GU191334.1	k141_5332	36101	88.158	152	18	194
GU191334.1	k141_5332	36101	94.048	84	5	130
GU191334.1	k141_5332	36101	94.048	84	5	130
GU191334.1	k141_5332	36101	96.053	76	3	124
GU191334.1	k141_5332	36101	81.301	123	18	119
GU191334.1	k141_5332	36101	81.301	123	18	119
GU191334.1	k141_5332	36101	94.444	72	4	113
GU191334.1	k141_5332	36101	94.444	72	4	113
GU191334.1	k141_5332	36101	90.541	74	7	103
GU191334.1	k141_5332	36101	90.541	74	7	103
GU191334.1	k141_5332	36101	85.393	89	13	103
GU191334.1	k141_5332	36101	73.810	126	25	77.9
GU191334.1	k141_5332	36101	89.796	49	4	63.5
GU191334.1	k141_5332	36101	83.333	42	7	45.5
GU191334.1	k141_5332	36101	77.193	57	13	45.5
GU191334.1	k141_3967	46007	82.125	1572	279	1562
GU191334.1	k141_3967	46007	83.898	1447	227	1552
GU191334.1	k141_3967	46007	79.612	1702	337	1497
GU191334.1	k141_3967	46007	87.811	1124	131	1393
GU191334.1	k141_3967	46007	76.764	1545	346	1158
GU191334.1	k141_3967	46007	76.122	1315	269	952
GU191334.1	k141_3967	46007	82.361	720	121	723
GU191334.1	k141_3967	46007	78.422	862	184	710
GU191334.1	k141_3967	46007	79.540	782	160	690
GU191334.1	k141_3967	46007	76.096	912	184	653
GU191334.1	k141_3967	46007	81.786	560	96	543
GU191334.1	k141_3967	46007	80.254	552	91	508
GU191334.1	k141_3967	46007	68.925	1181	278	444
GU191334.1	k141_3967	46007	68.908	1071	280	398
GU191334.1	k141_3967	46007	78.326	466	91	377
GU191334.1	k141_3967	46007	75.967	491	99	358
GU191334.1	k141_3967	46007	68.562	932	232	348
GU191334.1	k141_3967	46007	73.453	501	131	297
GU191334.1	k141_3967	46007	68.408	785	229	279
GU191334.1	k141_3967	46007	68.879	678	157	258
GU191334.1	k141_3967	46007	72.210	457	118	229
GU191334.1	k141_3967	46007	66.713	727	197	167
GU191334.1	k141_3967	46007	70.047	424	115	163
GU191334.1	k141_3967	46007	71.385	325	58	154
GU191334.1	k141_3967	46007	97.561	82	2	140
GU191334.1	k141_3967	46007	96.104	77	3	126
GU191334.1	k141_3967	46007	80.597	134	26	125
GU191334.1	k141_3967	46007	79.699	133	22	110
GU191334.1	k141_3967	46007	72.115	208	54	109
GU191334.1	k141_3967	46007	76.923	117	27	90.6
GU191334.1	k141_3967	46007	75.200	125	30	83.3
GU191334.1	k141_3967	46007	100.000	45	0	82.4
GU191334.1	k141_3967	46007	79.775	89	15	74.3
GU191334.1	k141_3967	46007	76.289	97	23	72.5
GU191334.1	k141_3967	46007	79.032	62	13	54.5
GU191334.1	k141_19340	3576	76.684	386	89	288
GU191334.1	k141_19340	3576	76.684	386	89	288
GU191334.1	k141_19340	3576	73.593	462	101	267
GU191334.1	k141_19340	3576	73.593	462	101	267
GU191334.1	k141_8195	626	79.630	270	50	235
GU191334.1	k141_8195	626	79.630	270	50	235
GU191334.1	k141_9512	9782	69.580	595	150	232
GU191334.1	k141_9512	9782	90.123	81	8	111
GU191334.1	k141_9512	9782	88.608	79	7	96.0
GU191334.1	k141_9512	9782	74.400	125	32	82.4
GU191334.1	k141_9512	9782	66.376	229	61	54.5
GU191334.1	k141_9512	9782	82.979	47	8	50.0
GU191334.1	k141_13102	508	77.193	285	64	218
GU191334.1	k141_13102	508	77.193	285	64	218
GU191334.1	k141_15002	487	70.481	437	109	171
GU191334.1	k141_15002	487	70.481	437	109	171
GU191334.1	k141_9987	14272	78.261	115	22	89.7
GU191334.1	k141_9987	14272	78.261	115	22	89.7
GU191334.1	k141_9987	14272	82.812	64	11	67.1
GU191334.1	k141_9987	14272	82.812	64	11	67.1
GU191334.1	k141_12058	954	73.636	110	29	68.9
GU191334.1	k141_12058	954	70.370	108	32	51.8
