MZ962720.1	k141_57472	56378	88.345	5268	530	6700
MZ962720.1	k141_57472	56378	85.296	3516	381	3998
MZ962720.1	k141_57472	56378	80.149	4015	687	3635
MZ962720.1	k141_57472	56378	79.043	4094	630	3424
MZ962720.1	k141_57472	56378	80.053	3374	563	3051
MZ962720.1	k141_57472	56378	86.054	1893	247	2226
MZ962720.1	k141_57472	56378	89.024	1485	163	1944
MZ962720.1	k141_57472	56378	83.241	1802	250	1868
MZ962720.1	k141_57472	56378	91.431	1132	93	1604
MZ962720.1	k141_57472	56378	76.549	2179	322	1567
MZ962720.1	k141_57472	56378	73.768	2131	447	1271
MZ962720.1	k141_57472	56378	85.423	933	111	1057
MZ962720.1	k141_57472	56378	83.280	933	150	972
MZ962720.1	k141_57472	56378	77.041	980	160	704
MZ962720.1	k141_57472	56378	76.943	759	151	575
MZ962720.1	k141_57472	56378	70.457	1117	245	532
MZ962720.1	k141_57472	56378	74.000	850	136	515
MZ962720.1	k141_57472	56378	73.300	794	140	470
MZ962720.1	k141_57472	56378	70.964	923	167	431
MZ962720.1	k141_57472	56378	73.214	728	130	412
MZ962720.1	k141_57472	56378	75.862	551	91	365
MZ962720.1	k141_57472	56378	75.906	469	78	310
MZ962720.1	k141_57472	56378	86.885	244	30	294
MZ962720.1	k141_57472	56378	85.938	256	29	284
MZ962720.1	k141_57472	56378	75.463	432	70	280
MZ962720.1	k141_57472	56378	85.714	210	21	248
MZ962720.1	k141_57472	56378	85.714	210	21	248
MZ962720.1	k141_57472	56378	75.962	312	63	227
MZ962720.1	k141_57472	56378	75.862	319	49	227
MZ962720.1	k141_57472	56378	81.818	231	31	215
MZ962720.1	k141_57472	56378	81.818	231	31	215
MZ962720.1	k141_57472	56378	83.429	175	25	185
MZ962720.1	k141_57472	56378	73.529	272	21	181
MZ962720.1	k141_57472	56378	89.062	128	13	165
MZ962720.1	k141_57472	56378	76.339	224	38	161
MZ962720.1	k141_57472	56378	76.339	224	38	161
MZ962720.1	k141_57472	56378	96.809	94	3	157
MZ962720.1	k141_57472	56378	80.606	165	27	154
MZ962720.1	k141_57472	56378	89.474	114	9	150
MZ962720.1	k141_57472	56378	85.714	126	17	143
MZ962720.1	k141_57472	56378	86.047	129	9	138
MZ962720.1	k141_57472	56378	92.632	95	5	138
MZ962720.1	k141_57472	56378	65.535	589	179	120
MZ962720.1	k141_57472	56378	67.976	331	88	109
MZ962720.1	k141_57472	56378	92.105	76	5	107
MZ962720.1	k141_57472	56378	75.676	148	31	101
MZ962720.1	k141_57472	56378	86.585	82	7	98.7
MZ962720.1	k141_57472	56378	86.585	82	7	98.7
MZ962720.1	k141_57472	56378	81.000	100	18	92.4
MZ962720.1	k141_57472	56378	86.667	75	10	91.5
MZ962720.1	k141_57472	56378	87.838	74	8	90.6
MZ962720.1	k141_57472	56378	68.534	232	69	76.1
MZ962720.1	k141_57472	56378	90.000	50	5	68.9
MZ962720.1	k141_57472	56378	77.143	70	16	55.4
MZ962720.1	k141_57472	56378	79.032	62	13	54.5
MZ962720.1	k141_57472	56378	84.783	46	7	52.7
MZ962720.1	k141_57472	56378	81.633	49	9	49.1
MZ962720.1	k141_57472	56378	66.879	157	50	42.8
MZ962720.1	k141_16729	17661	80.299	5761	743	5212
MZ962720.1	k141_16729	17661	77.672	1581	280	1245
MZ962720.1	k141_16729	17661	73.447	1288	241	746
MZ962720.1	k141_16729	17661	73.939	1013	135	655
MZ962720.1	k141_16729	17661	74.828	870	133	579
MZ962720.1	k141_16729	17661	67.542	1257	237	402
MZ962720.1	k141_16729	17661	74.818	548	112	359
MZ962720.1	k141_16729	17661	76.781	379	49	305
MZ962720.1	k141_16729	17661	70.863	556	132	255
MZ962720.1	k141_16729	17661	72.454	432	66	255
MZ962720.1	k141_16729	17661	72.454	432	66	255
MZ962720.1	k141_16729	17661	80.870	230	43	214
MZ962720.1	k141_16729	17661	82.234	197	30	198
MZ962720.1	k141_16729	17661	74.286	280	64	170
MZ962720.1	k141_16729	17661	74.721	269	35	168
MZ962720.1	k141_16729	17661	85.577	104	9	122
MZ962720.1	k141_16729	17661	85.577	104	9	122
MZ962720.1	k141_16729	17661	76.974	152	31	116
MZ962720.1	k141_16729	17661	78.740	127	14	106
MZ962720.1	k141_16729	17661	81.651	109	17	96.9
MZ962720.1	k141_16729	17661	76.577	111	13	82.4
MZ962720.1	k141_16729	17661	79.775	89	18	80.6
MZ962720.1	k141_16729	17661	79.775	89	18	80.6
MZ962720.1	k141_16729	17661	79.775	89	18	80.6
MZ962720.1	k141_65541	19417	92.622	3009	134	4411
MZ962720.1	k141_65541	19417	92.622	3009	134	4411
MZ962720.1	k141_65541	19417	90.951	3061	185	4305
MZ962720.1	k141_65541	19417	90.951	3061	185	4305
MZ962720.1	k141_65541	19417	89.400	2632	180	3484
MZ962720.1	k141_65541	19417	89.400	2632	180	3484
MZ962720.1	k141_65541	19417	92.098	1873	105	2664
MZ962720.1	k141_65541	19417	92.098	1873	105	2664
MZ962720.1	k141_65541	19417	86.277	2055	185	2383
MZ962720.1	k141_65541	19417	86.277	2055	185	2383
MZ962720.1	k141_65541	19417	79.659	821	80	753
MZ962720.1	k141_65541	19417	80.000	715	82	646
MZ962720.1	k141_65541	19417	80.000	715	82	646
MZ962720.1	k141_65541	19417	81.069	449	44	415
MZ962720.1	k141_65541	19417	81.069	449	44	415
MZ962720.1	k141_65541	19417	82.902	386	54	388
MZ962720.1	k141_65541	19417	82.902	386	54	388
MZ962720.1	k141_65541	19417	85.430	302	31	345
MZ962720.1	k141_65541	19417	85.430	302	31	345
MZ962720.1	k141_65541	19417	83.824	272	40	283
MZ962720.1	k141_65541	19417	83.824	272	40	283
MZ962720.1	k141_65541	19417	75.881	369	47	267
MZ962720.1	k141_65541	19417	75.881	369	47	267
MZ962720.1	k141_65541	19417	85.864	191	21	224
MZ962720.1	k141_65541	19417	77.570	214	19	165
MZ962720.1	k141_65541	19417	77.570	214	19	165
MZ962720.1	k141_65541	19417	86.585	82	7	98.7
MZ962720.1	k141_65541	19417	86.585	82	7	98.7
MZ962720.1	k141_65541	19417	88.679	53	5	66.2
MZ962720.1	k141_65541	19417	88.679	53	5	66.2
MZ962720.1	k141_65541	19417	88.636	44	5	58.1
MZ962720.1	k141_38631	12969	83.652	3970	512	4231
MZ962720.1	k141_38631	12969	83.652	3970	512	4231
MZ962720.1	k141_38631	12969	81.638	2015	333	1950
MZ962720.1	k141_38631	12969	77.959	2273	456	1819
MZ962720.1	k141_38631	12969	76.705	1056	214	789
MZ962720.1	k141_38631	12969	83.647	691	101	721
MZ962720.1	k141_38631	12969	83.647	691	101	721
MZ962720.1	k141_38631	12969	82.188	320	57	321
MZ962720.1	k141_38631	12969	95.745	141	6	228
MZ962720.1	k141_38631	12969	95.745	141	6	228
MZ962720.1	k141_38631	12969	88.542	96	10	121
MZ962720.1	k141_5209	2275	86.794	1984	196	2385
MZ962720.1	k141_5209	2275	86.794	1984	196	2385
MZ962720.1	k141_5209	2275	80.080	251	46	218
MZ962720.1	k141_5209	2275	80.080	251	46	218
MZ962720.1	k141_5209	2275	79.167	120	25	104
MZ962720.1	k141_5209	2275	79.167	120	25	104
MZ962720.1	k141_5209	2275	75.833	120	22	88.7
MZ962720.1	k141_5209	2275	75.833	120	22	88.7
MZ962720.1	k141_5209	2275	86.538	52	7	63.5
MZ962720.1	k141_5209	2275	86.538	52	7	63.5
MZ962720.1	k141_5078	7018	79.076	2122	374	1812
MZ962720.1	k141_5078	7018	87.144	1089	108	1331
MZ962720.1	k141_5078	7018	82.492	634	103	642
MZ962720.1	k141_5078	7018	79.891	184	23	160
MZ962720.1	k141_5078	7018	79.891	184	23	160
MZ962720.1	k141_5078	7018	81.618	136	25	133
MZ962720.1	k141_64863	3131	71.833	884	211	430
MZ962720.1	k141_64863	3131	71.833	884	211	430
MZ962720.1	k141_64863	3131	88.333	60	7	77.9
MZ962720.1	k141_64863	3131	88.333	60	7	77.9
MZ962720.1	k141_64863	3131	88.333	60	7	77.9
MZ962720.1	k141_1423	2049	70.329	974	242	420
MZ962720.1	k141_1423	2049	70.329	974	242	420
MZ962720.1	k141_12627	1134	88.119	303	36	385
MZ962720.1	k141_52761	874	94.318	176	9	269
MZ962720.1	k141_52761	874	94.318	176	9	269
MZ962720.1	k141_49826	350	73.699	346	67	223
MZ962720.1	k141_32621	565	81.818	176	23	178
MZ962720.1	k141_6338	616	75.486	257	37	177
MZ962720.1	k141_22335	443	90.083	121	10	162
MZ962720.1	k141_24251	233	79.885	174	23	159
MZ962720.1	k141_24251	233	79.885	174	23	159
MZ962720.1	k141_11392	1458	87.500	128	15	156
MZ962720.1	k141_52030	890	72.318	289	48	150
MZ962720.1	k141_2693	361	74.886	219	37	141
MZ962720.1	k141_2693	361	74.886	219	37	141
MZ962720.1	k141_32332	432	96.250	80	3	132
MZ962720.1	k141_48814	344	90.805	87	8	122
MZ962720.1	k141_48814	344	90.805	87	8	122
MZ962720.1	k141_3386	1429	92.308	78	6	114
MZ962720.1	k141_3386	1429	82.432	74	13	76.1
MZ962720.1	k141_11191	785	91.549	71	6	102
MZ962720.1	k141_11191	785	91.549	71	6	102
MZ962720.1	k141_30810	358	93.333	60	4	91.5
MZ962720.1	k141_30810	358	93.333	60	4	91.5
MZ962720.1	k141_58357	9095	76.522	115	24	80.6
MZ962720.1	k141_58357	9095	76.522	115	24	80.6
MZ962720.1	k141_58357	9095	82.812	64	11	67.1
MZ962720.1	k141_58357	9095	82.812	64	11	67.1
MZ962720.1	k141_55476	2228	72.932	133	36	78.8
MZ962720.1	k141_57850	993	89.474	57	4	74.3
MZ962720.1	k141_57850	993	89.474	57	4	74.3
MZ962720.1	k141_57821	383	68.485	165	30	70.7
MH569081.1	k141_57472	56378	95.736	16113	422	25966
MH569081.1	k141_57472	56378	95.765	14615	365	23556
MH569081.1	k141_57472	56378	95.060	12450	387	19651
MH569081.1	k141_57472	56378	96.481	5570	137	9175
MH569081.1	k141_57472	56378	93.259	3679	116	5533
MH569081.1	k141_57472	56378	89.199	1685	63	2250
MH569081.1	k141_57472	56378	90.091	1534	55	2097
MH569081.1	k141_57472	56378	98.582	141	2	246
MH569081.1	k141_57472	56378	98.582	141	2	246
MH569081.1	k141_57472	56378	94.161	137	7	208
MH569081.1	k141_57472	56378	94.161	137	7	208
MH569081.1	k141_57472	56378	75.362	276	47	184
MH569081.1	k141_57472	56378	71.905	210	32	124
MH569081.1	k141_57472	56378	74.847	163	41	110
MH569081.1	k141_57472	56378	73.006	163	44	96.9
MH569081.1	k141_57472	56378	68.778	221	45	92.4
MH569081.1	k141_57472	56378	70.861	151	29	79.7
MH569081.1	k141_57472	56378	82.609	69	11	68.0
MH569081.1	k141_57472	56378	78.873	71	15	61.7
MH569081.1	k141_57472	56378	87.500	48	6	60.8
MH569081.1	k141_57472	56378	80.000	65	13	59.9
MH569081.1	k141_57472	56378	88.889	45	5	59.9
MH569081.1	k141_57472	56378	88.889	45	5	59.9
MH569081.1	k141_57472	56378	68.153	157	48	51.8
MH569081.1	k141_57472	56378	66.879	157	50	42.8
MH569081.1	k141_57472	56378	77.551	49	11	40.1
MH569081.1	k141_57472	56378	82.051	39	7	40.1
MH569081.1	k141_16729	17661	95.583	15394	393	24684
MH569081.1	k141_16729	17661	94.750	2324	73	3641
MH569081.1	k141_16729	17661	94.161	137	7	208
MH569081.1	k141_16729	17661	94.595	37	2	59.0
MH569081.1	k141_16729	17661	86.957	46	4	50.0
MH569081.1	k141_65541	19417	98.973	10519	75	18459
MH569081.1	k141_65541	19417	98.972	10507	75	18438
MH569081.1	k141_65541	19417	99.228	4921	27	8700
MH569081.1	k141_65541	19417	99.228	4921	27	8700
MH569081.1	k141_65541	19417	97.492	3309	35	5619
MH569081.1	k141_65541	19417	97.492	3309	35	5619
MH569081.1	k141_65541	19417	98.592	355	5	618
MH569081.1	k141_65541	19417	98.592	355	5	618
MH569081.1	k141_65541	19417	95.833	48	2	78.8
MH569081.1	k141_65541	19417	91.489	47	4	68.0
MH569081.1	k141_65541	19417	91.489	47	4	68.0
MH569081.1	k141_65541	19417	88.889	45	5	59.9
MH569081.1	k141_5078	7018	93.711	5772	158	8827
MH569081.1	k141_5078	7018	92.188	320	22	463
MH569081.1	k141_5078	7018	97.938	194	3	329
MH569081.1	k141_5078	7018	97.938	194	3	329
MH569081.1	k141_5078	7018	92.667	150	11	222
MH569081.1	k141_38631	12969	94.621	5280	168	8266
MH569081.1	k141_38631	12969	96.075	3949	121	6400
MH569081.1	k141_38631	12969	91.907	3608	169	5257
MH569081.1	k141_38631	12969	100.000	141	0	255
MH569081.1	k141_38631	12969	100.000	129	0	233
MH569081.1	k141_38631	12969	89.583	48	5	65.3
MH569081.1	k141_38631	12969	77.551	49	11	40.1
MH569081.1	k141_5209	2275	98.723	2271	25	3960
MH569081.1	k141_5209	2275	98.723	2271	25	3960
MH569081.1	k141_5209	2275	80.392	102	15	90.6
MH569081.1	k141_12627	1134	96.711	304	10	504
MH569081.1	k141_64863	3131	72.374	876	213	457
MH569081.1	k141_64863	3131	72.374	876	213	457
MH569081.1	k141_64863	3131	75.875	257	60	178
MH569081.1	k141_64863	3131	75.875	257	60	178
MH569081.1	k141_64863	3131	90.000	60	6	82.4
MH569081.1	k141_64863	3131	90.000	60	6	82.4
MH569081.1	k141_1423	2049	70.679	972	237	431
MH569081.1	k141_1423	2049	70.679	972	237	431
MH569081.1	k141_24251	233	99.142	233	2	412
MH569081.1	k141_24251	233	99.142	233	2	412
MH569081.1	k141_24251	233	95.833	48	2	78.8
MH569081.1	k141_52761	874	96.648	179	5	293
MH569081.1	k141_52761	874	96.648	179	5	293
MH569081.1	k141_6338	616	80.351	285	32	252
MH569081.1	k141_2693	361	85.068	221	17	238
MH569081.1	k141_32621	565	88.710	186	15	233
MH569081.1	k141_57821	383	86.747	166	9	208
MH569081.1	k141_49826	350	95.385	130	6	208
MH569081.1	k141_49826	350	90.000	150	15	204
MH569081.1	k141_11392	1458	92.248	129	4	185
MH569081.1	k141_22335	443	85.065	154	17	171
MH569081.1	k141_32332	432	88.618	123	13	156
MH569081.1	k141_42144	404	81.481	135	4	146
MH569081.1	k141_48814	344	96.552	87	3	144
MH569081.1	k141_48814	344	96.552	87	3	144
MH569081.1	k141_8708	339	94.253	87	5	135
MH569081.1	k141_44515	1620	74.641	209	51	132
MH569081.1	k141_44515	1620	74.641	209	51	132
MH569081.1	k141_11191	785	95.775	71	3	115
MH569081.1	k141_11191	785	95.775	71	3	115
MH569081.1	k141_3386	1429	94.521	73	4	114
MH569081.1	k141_3386	1429	80.000	70	14	64.4
MH569081.1	k141_2381	829	86.364	88	11	102
MH569081.1	k141_30810	358	96.667	60	2	100
MH569081.1	k141_30810	358	96.667	60	2	100
MH569081.1	k141_57850	993	72.917	144	7	96.0
MH569081.1	k141_57850	993	72.917	144	7	96.0
MH569081.1	k141_49428	978	81.818	99	10	92.4
MH569081.1	k141_49428	978	81.818	99	10	92.4
MH569081.1	k141_27648	500	85.714	77	9	87.8
MH569081.1	k141_20603	331	96.226	53	2	87.8
MH569081.1	k141_58357	9095	77.391	115	23	85.1
MH569081.1	k141_58357	9095	77.391	115	23	85.1
MH569081.1	k141_58357	9095	82.812	64	11	67.1
MH569081.1	k141_58357	9095	82.812	64	11	67.1
MH569081.1	k141_58357	9095	72.527	91	25	52.7
MH569081.1	k141_58357	9095	72.527	91	25	52.7
MH569081.1	k141_8585	614	92.593	54	3	77.0
MH569081.1	k141_11296	886	90.741	54	5	76.1
MH569081.1	k141_55476	2228	72.180	133	37	74.3
MH569081.1	k141_53252	766	90.741	54	4	72.5
MH569081.1	k141_33796	515	84.211	57	8	59.9
MH569081.1	k141_64019	618	86.111	36	5	43.7
NC_033978.1	k141_57472	56378	87.509	5444	600	6730
NC_033978.1	k141_57472	56378	83.527	3867	559	4105
NC_033978.1	k141_57472	56378	90.104	2587	246	3503
NC_033978.1	k141_57472	56378	80.900	3356	554	3178
NC_033978.1	k141_57472	56378	82.498	2314	352	2328
NC_033978.1	k141_57472	56378	83.278	2093	298	2195
NC_033978.1	k141_57472	56378	87.852	1490	181	1872
NC_033978.1	k141_57472	56378	81.729	1839	269	1795
NC_033978.1	k141_57472	56378	82.023	1819	270	1786
NC_033978.1	k141_57472	56378	78.416	2108	285	1692
NC_033978.1	k141_57472	56378	88.305	1274	136	1611
NC_033978.1	k141_57472	56378	75.370	2229	459	1545
NC_033978.1	k141_57472	56378	70.158	2721	619	1196
NC_033978.1	k141_57472	56378	75.862	1073	148	733
NC_033978.1	k141_57472	56378	83.486	654	104	692
NC_033978.1	k141_57472	56378	68.691	1268	195	477
NC_033978.1	k141_57472	56378	75.332	677	99	458
NC_033978.1	k141_57472	56378	86.751	317	41	379
NC_033978.1	k141_57472	56378	73.323	671	115	362
NC_033978.1	k141_57472	56378	84.039	307	28	334
NC_033978.1	k141_57472	56378	88.532	218	25	281
NC_033978.1	k141_57472	56378	78.550	331	51	273
NC_033978.1	k141_57472	56378	80.496	282	30	257
NC_033978.1	k141_57472	56378	74.795	365	71	241
NC_033978.1	k141_57472	56378	73.560	382	77	220
NC_033978.1	k141_57472	56378	95.556	135	6	217
NC_033978.1	k141_57472	56378	77.857	280	49	211
NC_033978.1	k141_57472	56378	80.088	226	29	202
NC_033978.1	k141_57472	56378	93.798	129	8	197
NC_033978.1	k141_57472	56378	82.126	207	29	196
NC_033978.1	k141_57472	56378	73.154	298	74	178
NC_033978.1	k141_57472	56378	86.620	142	19	171
NC_033978.1	k141_57472	56378	86.620	142	19	171
NC_033978.1	k141_57472	56378	72.964	307	49	157
NC_033978.1	k141_57472	56378	84.397	141	16	157
NC_033978.1	k141_57472	56378	95.745	94	3	149
NC_033978.1	k141_57472	56378	100.000	75	0	136
NC_033978.1	k141_57472	56378	78.182	165	36	136
NC_033978.1	k141_57472	56378	91.304	92	5	129
NC_033978.1	k141_57472	56378	93.023	86	6	129
NC_033978.1	k141_57472	56378	80.000	150	24	128
NC_033978.1	k141_57472	56378	88.660	97	11	126
NC_033978.1	k141_57472	56378	79.032	124	26	107
NC_033978.1	k141_57472	56378	85.366	82	11	91.5
NC_033978.1	k141_57472	56378	69.643	224	49	88.7
NC_033978.1	k141_57472	56378	89.286	56	6	75.2
NC_033978.1	k141_57472	56378	70.064	157	45	65.3
NC_033978.1	k141_57472	56378	78.571	70	15	59.9
NC_033978.1	k141_57472	56378	92.308	39	3	58.1
NC_033978.1	k141_57472	56378	92.308	39	3	58.1
NC_033978.1	k141_57472	56378	90.000	40	4	55.4
NC_033978.1	k141_57472	56378	82.051	39	7	40.1
NC_033978.1	k141_65541	19417	90.548	4835	287	6646
NC_033978.1	k141_65541	19417	90.548	4835	287	6646
NC_033978.1	k141_65541	19417	93.769	3017	135	4565
NC_033978.1	k141_65541	19417	93.769	3017	135	4565
NC_033978.1	k141_65541	19417	91.642	3099	179	4390
NC_033978.1	k141_65541	19417	91.642	3099	179	4390
NC_033978.1	k141_65541	19417	89.730	2298	131	3054
NC_033978.1	k141_65541	19417	89.730	2298	131	3054
NC_033978.1	k141_65541	19417	82.506	886	131	890
NC_033978.1	k141_65541	19417	82.506	886	131	890
NC_033978.1	k141_65541	19417	77.367	866	76	724
NC_033978.1	k141_65541	19417	77.367	866	76	724
NC_033978.1	k141_65541	19417	79.412	816	97	698
NC_033978.1	k141_65541	19417	79.412	816	97	698
NC_033978.1	k141_65541	19417	79.035	601	86	499
NC_033978.1	k141_65541	19417	79.035	601	86	499
NC_033978.1	k141_65541	19417	87.696	382	32	482
NC_033978.1	k141_65541	19417	87.696	382	32	482
NC_033978.1	k141_65541	19417	78.584	551	94	457
NC_033978.1	k141_65541	19417	88.462	130	9	164
NC_033978.1	k141_65541	19417	88.462	130	9	164
NC_033978.1	k141_65541	19417	86.111	108	14	124
NC_033978.1	k141_65541	19417	94.340	53	3	83.3
NC_033978.1	k141_65541	19417	94.340	53	3	83.3
NC_033978.1	k141_65541	19417	89.655	58	5	75.2
NC_033978.1	k141_65541	19417	100.000	40	0	73.4
NC_033978.1	k141_65541	19417	100.000	40	0	73.4
NC_033978.1	k141_65541	19417	91.111	45	4	64.4
NC_033978.1	k141_65541	19417	84.211	38	6	42.8
NC_033978.1	k141_16729	17661	78.932	4998	720	4193
NC_033978.1	k141_16729	17661	74.922	4785	854	3212
NC_033978.1	k141_16729	17661	74.106	1035	176	611
NC_033978.1	k141_16729	17661	70.948	1308	265	574
NC_033978.1	k141_16729	17661	80.606	495	85	444
NC_033978.1	k141_16729	17661	73.269	722	123	428
NC_033978.1	k141_16729	17661	85.833	240	31	279
NC_033978.1	k141_16729	17661	76.868	281	65	214
NC_033978.1	k141_16729	17661	73.502	317	63	199
NC_033978.1	k141_16729	17661	79.545	220	45	195
NC_033978.1	k141_16729	17661	83.240	179	23	190
NC_033978.1	k141_16729	17661	85.526	152	22	176
NC_033978.1	k141_16729	17661	73.123	253	47	156
NC_033978.1	k141_5209	2275	90.534	1722	125	2365
NC_033978.1	k141_5209	2275	90.534	1722	125	2365
NC_033978.1	k141_5209	2275	77.705	305	59	239
NC_033978.1	k141_5209	2275	100.000	81	0	147
NC_033978.1	k141_38631	12969	81.638	1966	312	1909
NC_033978.1	k141_38631	12969	77.811	2321	416	1855
NC_033978.1	k141_38631	12969	76.744	2322	460	1722
NC_033978.1	k141_38631	12969	82.197	1247	194	1242
NC_033978.1	k141_38631	12969	77.281	1118	216	834
NC_033978.1	k141_38631	12969	75.325	1155	231	807
NC_033978.1	k141_38631	12969	90.071	141	14	192
NC_033978.1	k141_38631	12969	74.390	82	19	51.8
NC_033978.1	k141_5078	7018	78.635	2008	376	1659
NC_033978.1	k141_5078	7018	85.982	1013	116	1179
NC_033978.1	k141_5078	7018	83.515	643	93	681
NC_033978.1	k141_5078	7018	89.305	187	18	241
NC_033978.1	k141_5078	7018	89.305	187	18	241
NC_033978.1	k141_5078	7018	86.869	99	13	121
NC_033978.1	k141_64863	3131	72.862	877	207	465
NC_033978.1	k141_64863	3131	72.862	877	207	465
NC_033978.1	k141_64863	3131	77.936	281	60	221
NC_033978.1	k141_64863	3131	77.936	281	60	221
NC_033978.1	k141_64863	3131	86.667	60	8	73.4
NC_033978.1	k141_64863	3131	86.667	60	8	73.4
NC_033978.1	k141_12627	1134	88.816	304	34	396
NC_033978.1	k141_1423	2049	75.410	488	110	335
NC_033978.1	k141_1423	2049	75.410	488	110	335
NC_033978.1	k141_1423	2049	75.075	333	71	211
NC_033978.1	k141_1423	2049	75.075	333	71	211
NC_033978.1	k141_24251	233	88.841	233	26	304
NC_033978.1	k141_24251	233	88.841	233	26	304
NC_033978.1	k141_52761	874	90.811	185	10	255
NC_033978.1	k141_52761	874	90.811	185	10	255
NC_033978.1	k141_6338	616	81.967	183	24	177
NC_033978.1	k141_49826	350	70.083	361	96	167
NC_033978.1	k141_57821	383	78.916	166	22	150
NC_033978.1	k141_32332	432	94.624	93	5	146
NC_033978.1	k141_52030	890	69.677	310	65	144
NC_033978.1	k141_22335	443	90.722	97	8	132
NC_033978.1	k141_11392	1458	83.465	127	20	132
NC_033978.1	k141_48814	344	93.103	87	6	131
NC_033978.1	k141_48814	344	93.103	87	6	131
NC_033978.1	k141_3386	1429	93.671	79	5	121
NC_033978.1	k141_11191	785	91.549	71	6	102
NC_033978.1	k141_11191	785	91.549	71	6	102
NC_033978.1	k141_30810	358	95.000	60	3	96.0
NC_033978.1	k141_30810	358	95.000	60	3	96.0
NC_033978.1	k141_49428	978	80.808	99	11	87.8
NC_033978.1	k141_49428	978	80.808	99	11	87.8
NC_033978.1	k141_2381	829	82.558	86	14	85.1
NC_033978.1	k141_58357	9095	77.391	115	23	85.1
NC_033978.1	k141_58357	9095	77.391	115	23	85.1
NC_033978.1	k141_58357	9095	71.845	103	27	53.6
NC_033978.1	k141_58357	9095	71.845	103	27	53.6
NC_033978.1	k141_55476	2228	77.500	80	18	64.4
NC_033978.1	k141_20039	302	88.889	36	4	48.2
NC_033978.1	k141_2664	635	88.889	36	4	48.2
MW006668.1	k141_65541	19417	90.116	5352	303	7228
MW006668.1	k141_65541	19417	90.116	5352	303	7228
MW006668.1	k141_65541	19417	88.095	4998	415	6300
MW006668.1	k141_65541	19417	92.146	2572	142	3701
MW006668.1	k141_65541	19417	92.146	2572	142	3701
MW006668.1	k141_65541	19417	71.654	1076	158	550
MW006668.1	k141_65541	19417	80.412	485	62	441
MW006668.1	k141_65541	19417	80.412	485	62	441
MW006668.1	k141_65541	19417	70.999	831	152	416
MW006668.1	k141_65541	19417	76.095	548	95	395
MW006668.1	k141_65541	19417	76.095	548	95	395
MW006668.1	k141_65541	19417	75.062	401	66	281
MW006668.1	k141_65541	19417	74.352	347	59	203
MW006668.1	k141_65541	19417	86.207	145	20	172
MW006668.1	k141_65541	19417	82.081	173	27	172
MW006668.1	k141_65541	19417	85.235	149	18	165
MW006668.1	k141_65541	19417	85.235	149	18	165
MW006668.1	k141_65541	19417	77.011	174	40	134
MW006668.1	k141_65541	19417	100.000	43	0	78.8
MW006668.1	k141_65541	19417	100.000	43	0	78.8
MW006668.1	k141_65541	19417	100.000	42	0	77.0
MW006668.1	k141_65541	19417	91.111	45	4	64.4
MW006668.1	k141_65541	19417	86.275	51	7	61.7
MW006668.1	k141_65541	19417	84.211	38	6	42.8
MW006668.1	k141_57472	56378	86.576	5453	647	6489
MW006668.1	k141_57472	56378	82.564	3401	521	3431
MW006668.1	k141_57472	56378	89.431	2479	262	3290
MW006668.1	k141_57472	56378	79.284	3379	577	2950
MW006668.1	k141_57472	56378	80.932	2533	413	2342
MW006668.1	k141_57472	56378	84.656	1903	289	2114
MW006668.1	k141_57472	56378	82.312	1877	295	1859
MW006668.1	k141_57472	56378	86.276	1501	206	1779
MW006668.1	k141_57472	56378	80.388	1754	286	1616
MW006668.1	k141_57472	56378	77.466	2068	333	1560
MW006668.1	k141_57472	56378	73.292	2269	510	1348
MW006668.1	k141_57472	56378	90.898	857	78	1195
MW006668.1	k141_57472	56378	90.898	857	78	1195
MW006668.1	k141_57472	56378	70.128	2273	525	1024
MW006668.1	k141_57472	56378	79.787	752	112	654
MW006668.1	k141_57472	56378	72.383	1137	222	606
MW006668.1	k141_57472	56378	81.834	578	88	567
MW006668.1	k141_57472	56378	78.894	597	78	503
MW006668.1	k141_57472	56378	77.329	644	99	497
MW006668.1	k141_57472	56378	72.684	842	123	457
MW006668.1	k141_57472	56378	74.456	689	131	396
MW006668.1	k141_57472	56378	89.003	291	29	375
MW006668.1	k141_57472	56378	89.003	291	29	375
MW006668.1	k141_57472	56378	87.171	304	36	371
MW006668.1	k141_57472	56378	72.546	754	130	366
MW006668.1	k141_57472	56378	82.831	332	35	340
MW006668.1	k141_57472	56378	70.155	774	164	321
MW006668.1	k141_57472	56378	70.155	774	164	321
MW006668.1	k141_57472	56378	75.058	429	79	277
MW006668.1	k141_57472	56378	75.477	367	66	242
MW006668.1	k141_57472	56378	82.114	246	27	239
MW006668.1	k141_57472	56378	79.705	271	39	229
MW006668.1	k141_57472	56378	80.000	240	34	203
MW006668.1	k141_57472	56378	74.254	268	66	171
MW006668.1	k141_57472	56378	85.816	141	20	165
MW006668.1	k141_57472	56378	84.828	145	18	158
MW006668.1	k141_57472	56378	84.828	145	18	158
MW006668.1	k141_57472	56378	78.212	179	19	148
MW006668.1	k141_57472	56378	82.734	139	17	145
MW006668.1	k141_57472	56378	100.000	75	0	136
MW006668.1	k141_57472	56378	90.099	101	7	136
MW006668.1	k141_57472	56378	77.576	165	37	132
MW006668.1	k141_57472	56378	90.698	86	8	120
MW006668.1	k141_57472	56378	69.136	324	78	118
MW006668.1	k141_57472	56378	87.640	89	9	109
MW006668.1	k141_57472	56378	71.493	221	53	102
MW006668.1	k141_57472	56378	88.732	71	8	93.3
MW006668.1	k141_57472	56378	87.324	71	9	88.7
MW006668.1	k141_57472	56378	87.324	71	9	88.7
MW006668.1	k141_57472	56378	77.273	110	19	83.3
MW006668.1	k141_57472	56378	79.167	96	19	80.6
MW006668.1	k141_57472	56378	84.286	70	10	74.3
MW006668.1	k141_57472	56378	80.282	71	14	66.2
MW006668.1	k141_57472	56378	70.064	157	45	65.3
MW006668.1	k141_57472	56378	87.755	49	6	62.6
MW006668.1	k141_57472	56378	87.755	49	6	62.6
MW006668.1	k141_57472	56378	92.308	39	3	58.1
MW006668.1	k141_57472	56378	71.698	106	27	50.9
MW006668.1	k141_16729	17661	78.738	5719	872	4759
MW006668.1	k141_16729	17661	70.039	3114	568	1306
MW006668.1	k141_16729	17661	73.736	1523	312	942
MW006668.1	k141_16729	17661	70.385	1273	251	584
MW006668.1	k141_16729	17661	70.945	1122	251	536
MW006668.1	k141_16729	17661	72.460	1053	184	526
MW006668.1	k141_16729	17661	69.746	552	119	264
MW006668.1	k141_16729	17661	69.746	552	119	264
MW006668.1	k141_16729	17661	82.917	240	35	245
MW006668.1	k141_16729	17661	84.211	152	23	163
MW006668.1	k141_16729	17661	81.503	173	24	162
MW006668.1	k141_16729	17661	74.091	220	47	141
MW006668.1	k141_38631	12969	78.690	3970	672	3300
MW006668.1	k141_38631	12969	78.690	3970	672	3300
MW006668.1	k141_38631	12969	82.075	1947	305	1929
MW006668.1	k141_38631	12969	82.075	1947	305	1929
MW006668.1	k141_38631	12969	75.346	2239	503	1495
MW006668.1	k141_38631	12969	76.916	1096	216	811
MW006668.1	k141_38631	12969	76.916	1096	216	811
MW006668.1	k141_38631	12969	75.844	1155	232	805
MW006668.1	k141_38631	12969	75.844	1155	232	805
MW006668.1	k141_38631	12969	90.780	141	13	196
MW006668.1	k141_38631	12969	90.780	141	13	196
MW006668.1	k141_38631	12969	85.217	115	12	123
MW006668.1	k141_38631	12969	85.217	115	12	123
MW006668.1	k141_38631	12969	77.551	49	11	40.1
MW006668.1	k141_5078	7018	78.451	1963	380	1618
MW006668.1	k141_5078	7018	85.932	1052	132	1214
MW006668.1	k141_5078	7018	81.353	665	112	638
MW006668.1	k141_5078	7018	85.475	179	25	203
MW006668.1	k141_5078	7018	85.475	179	21	202
MW006668.1	k141_5078	7018	85.475	179	21	202
MW006668.1	k141_5078	7018	82.609	115	20	118
MW006668.1	k141_5209	2275	82.776	598	70	622
MW006668.1	k141_5209	2275	84.944	445	65	494
MW006668.1	k141_5209	2275	78.491	265	48	221
MW006668.1	k141_5209	2275	86.592	179	19	211
MW006668.1	k141_5209	2275	86.592	179	19	211
MW006668.1	k141_5209	2275	94.937	79	4	125
MW006668.1	k141_5209	2275	94.937	79	4	125
MW006668.1	k141_64863	3131	71.850	881	210	438
MW006668.1	k141_64863	3131	71.850	881	210	438
MW006668.1	k141_64863	3131	77.936	281	60	221
MW006668.1	k141_64863	3131	77.936	281	60	221
MW006668.1	k141_64863	3131	85.000	60	9	68.9
MW006668.1	k141_64863	3131	85.000	60	9	68.9
MW006668.1	k141_12627	1134	86.513	304	41	364
MW006668.1	k141_1423	2049	75.205	488	111	331
MW006668.1	k141_1423	2049	75.205	488	111	331
MW006668.1	k141_1423	2049	73.273	333	77	184
MW006668.1	k141_1423	2049	73.273	333	77	184
MW006668.1	k141_24251	233	85.837	233	33	272
MW006668.1	k141_24251	233	85.232	237	27	264
MW006668.1	k141_24251	233	85.232	237	27	264
MW006668.1	k141_52761	874	91.061	179	15	248
MW006668.1	k141_49826	350	71.676	346	86	180
MW006668.1	k141_6338	616	83.721	172	18	176
MW006668.1	k141_52030	890	71.875	320	66	158
MW006668.1	k141_32621	565	80.723	166	26	152
MW006668.1	k141_32332	432	84.733	131	20	147
MW006668.1	k141_48814	344	93.103	87	6	131
MW006668.1	k141_48814	344	93.103	87	6	131
MW006668.1	k141_11392	1458	87.255	102	12	123
MW006668.1	k141_3386	1429	93.671	79	5	121
MW006668.1	k141_22335	443	87.129	101	12	121
MW006668.1	k141_11191	785	92.958	71	5	106
MW006668.1	k141_11191	785	92.958	71	5	106
MW006668.1	k141_30810	358	93.333	60	4	91.5
MW006668.1	k141_30810	358	93.333	60	4	91.5
MW006668.1	k141_58357	9095	77.391	115	23	85.1
MW006668.1	k141_58357	9095	77.391	115	23	85.1
MW006668.1	k141_58357	9095	72.527	91	25	52.7
MW006668.1	k141_58357	9095	72.527	91	25	52.7
MW006668.1	k141_49428	978	85.507	69	5	80.6
MW006668.1	k141_49428	978	85.507	69	5	80.6
MW006668.1	k141_2381	829	79.545	88	17	75.2
MW006668.1	k141_55476	2228	71.795	117	33	63.5
MW006668.1	k141_38845	1019	88.571	35	4	46.4
MW006668.1	k141_38845	1019	88.571	35	4	46.4
MW006668.1	k141_18933	988	83.333	36	6	39.2
MW006668.1	k141_18933	988	83.333	36	6	39.2
MW435436.1	k141_57472	56378	86.565	5426	631	6520
MW435436.1	k141_57472	56378	82.488	3883	598	3935
MW435436.1	k141_57472	56378	89.066	2579	274	3365
MW435436.1	k141_57472	56378	81.474	2321	367	2228
MW435436.1	k141_57472	56378	85.139	1938	277	2189
MW435436.1	k141_57472	56378	87.466	1492	187	1848
MW435436.1	k141_57472	56378	83.420	1731	250	1812
MW435436.1	k141_57472	56378	90.500	1200	112	1644
MW435436.1	k141_57472	56378	83.076	1554	239	1626
MW435436.1	k141_57472	56378	79.757	1813	314	1618
MW435436.1	k141_57472	56378	77.335	2056	281	1526
MW435436.1	k141_57472	56378	80.320	1626	306	1480
MW435436.1	k141_57472	56378	73.606	2277	498	1382
MW435436.1	k141_57472	56378	68.796	2426	593	867
MW435436.1	k141_57472	56378	76.660	1054	185	775
MW435436.1	k141_57472	56378	73.367	980	153	581
MW435436.1	k141_57472	56378	77.519	645	106	487
MW435436.1	k141_57472	56378	89.590	317	32	420
MW435436.1	k141_57472	56378	70.419	835	135	395
MW435436.1	k141_57472	56378	81.967	305	34	308
MW435436.1	k141_57472	56378	71.384	636	134	303
MW435436.1	k141_57472	56378	81.290	310	45	297
MW435436.1	k141_57472	56378	78.571	336	56	269
MW435436.1	k141_57472	56378	83.673	245	29	250
MW435436.1	k141_57472	56378	73.475	377	65	225
MW435436.1	k141_57472	56378	87.654	162	14	204
MW435436.1	k141_57472	56378	91.473	129	11	184
MW435436.1	k141_57472	56378	87.234	141	18	174
MW435436.1	k141_57472	56378	87.234	141	18	174
MW435436.1	k141_57472	56378	84.713	157	23	172
MW435436.1	k141_57472	56378	72.425	301	60	159
MW435436.1	k141_57472	56378	67.793	444	129	151
MW435436.1	k141_57472	56378	90.517	116	7	150
MW435436.1	k141_57472	56378	91.509	106	7	144
MW435436.1	k141_57472	56378	89.524	105	8	139
MW435436.1	k141_57472	56378	89.524	105	10	137
MW435436.1	k141_57472	56378	79.167	144	21	129
MW435436.1	k141_57472	56378	89.583	96	8	126
MW435436.1	k141_57472	56378	68.215	409	80	125
MW435436.1	k141_57472	56378	77.632	152	26	115
MW435436.1	k141_57472	56378	74.731	186	24	113
MW435436.1	k141_57472	56378	79.832	119	24	107
MW435436.1	k141_57472	56378	70.053	187	45	82.4
MW435436.1	k141_57472	56378	91.071	56	5	79.7
MW435436.1	k141_57472	56378	77.895	95	20	74.3
MW435436.1	k141_57472	56378	92.308	39	3	58.1
MW435436.1	k141_57472	56378	92.308	39	3	58.1
MW435436.1	k141_57472	56378	77.143	70	16	55.4
MW435436.1	k141_57472	56378	68.153	157	48	51.8
MW435436.1	k141_57472	56378	82.051	39	7	40.1
MW435436.1	k141_16729	17661	77.374	7562	1210	5848
MW435436.1	k141_16729	17661	69.838	1724	343	722
MW435436.1	k141_16729	17661	85.146	478	71	543
MW435436.1	k141_16729	17661	68.230	1407	298	490
MW435436.1	k141_16729	17661	74.478	670	120	421
MW435436.1	k141_16729	17661	81.292	449	71	416
MW435436.1	k141_16729	17661	75.919	544	107	368
MW435436.1	k141_16729	17661	78.402	338	60	275
MW435436.1	k141_16729	17661	78.912	294	58	246
MW435436.1	k141_16729	17661	77.866	253	30	196
MW435436.1	k141_16729	17661	87.342	158	20	196
MW435436.1	k141_16729	17661	77.682	233	51	183
MW435436.1	k141_16729	17661	86.301	146	20	174
MW435436.1	k141_16729	17661	70.833	408	67	161
MW435436.1	k141_65541	19417	86.545	4110	266	4966
MW435436.1	k141_65541	19417	86.545	4110	266	4966
MW435436.1	k141_65541	19417	93.856	2995	139	4536
MW435436.1	k141_65541	19417	93.856	2995	139	4536
MW435436.1	k141_65541	19417	90.165	3213	193	4382
MW435436.1	k141_65541	19417	90.165	3213	193	4382
MW435436.1	k141_65541	19417	90.763	2241	119	3089
MW435436.1	k141_65541	19417	90.763	2241	119	3089
MW435436.1	k141_65541	19417	88.483	1641	121	2097
MW435436.1	k141_65541	19417	88.483	1641	121	2097
MW435436.1	k141_65541	19417	81.716	886	138	863
MW435436.1	k141_65541	19417	81.716	886	138	863
MW435436.1	k141_65541	19417	76.173	831	105	609
MW435436.1	k141_65541	19417	76.173	831	105	609
MW435436.1	k141_65541	19417	79.568	602	87	519
MW435436.1	k141_65541	19417	79.568	602	87	519
MW435436.1	k141_65541	19417	86.126	382	38	455
MW435436.1	k141_65541	19417	86.126	382	38	455
MW435436.1	k141_65541	19417	77.256	554	102	413
MW435436.1	k141_65541	19417	80.833	240	20	223
MW435436.1	k141_65541	19417	80.833	240	20	223
MW435436.1	k141_65541	19417	67.816	348	79	126
MW435436.1	k141_65541	19417	90.566	53	4	70.7
MW435436.1	k141_65541	19417	90.566	53	4	70.7
MW435436.1	k141_65541	19417	95.349	43	2	69.8
MW435436.1	k141_65541	19417	88.889	45	5	59.9
MW435436.1	k141_38631	12969	76.523	4004	681	3001
MW435436.1	k141_38631	12969	76.896	3389	632	2561
MW435436.1	k141_38631	12969	76.009	2255	483	1599
MW435436.1	k141_38631	12969	75.733	2011	429	1395
MW435436.1	k141_38631	12969	75.741	1113	228	770
MW435436.1	k141_38631	12969	88.652	141	16	183
MW435436.1	k141_38631	12969	72.289	83	21	44.6
MW435436.1	k141_5209	2275	91.058	1711	125	2377
MW435436.1	k141_5209	2275	91.058	1711	125	2377
MW435436.1	k141_5209	2275	76.398	322	64	232
MW435436.1	k141_5209	2275	76.398	322	64	232
MW435436.1	k141_5209	2275	97.468	79	2	134
MW435436.1	k141_5078	7018	78.550	1986	370	1627
MW435436.1	k141_5078	7018	83.188	1029	126	1051
MW435436.1	k141_5078	7018	79.969	644	116	574
MW435436.1	k141_5078	7018	89.840	187	17	245
MW435436.1	k141_5078	7018	89.840	187	17	245
MW435436.1	k141_5078	7018	81.429	140	22	131
MW435436.1	k141_64863	3131	72.645	881	202	457
MW435436.1	k141_64863	3131	72.645	881	202	457
MW435436.1	k141_64863	3131	77.580	281	61	216
MW435436.1	k141_64863	3131	77.580	281	61	216
MW435436.1	k141_64863	3131	86.667	60	8	73.4
MW435436.1	k141_64863	3131	86.667	60	8	73.4
MW435436.1	k141_1423	2049	71.017	973	233	447
MW435436.1	k141_1423	2049	71.017	973	233	447
MW435436.1	k141_12627	1134	86.513	304	41	364
MW435436.1	k141_24251	233	88.841	233	26	304
MW435436.1	k141_24251	233	88.841	233	26	304
MW435436.1	k141_52761	874	92.737	179	12	261
MW435436.1	k141_52761	874	92.737	179	12	261
MW435436.1	k141_52030	890	74.026	231	41	146
MW435436.1	k141_6338	616	75.980	204	22	145
MW435436.1	k141_32332	432	88.182	110	13	141
MW435436.1	k141_32621	565	77.586	174	33	140
MW435436.1	k141_48814	344	93.103	87	6	131
MW435436.1	k141_48814	344	93.103	87	6	131
MW435436.1	k141_57821	383	75.000	168	29	122
MW435436.1	k141_3386	1429	92.405	79	6	116
MW435436.1	k141_22335	443	90.476	84	8	116
MW435436.1	k141_11191	785	91.549	71	6	102
MW435436.1	k141_11191	785	91.549	71	6	102
MW435436.1	k141_30810	358	93.333	60	4	91.5
MW435436.1	k141_30810	358	93.333	60	4	91.5
MW435436.1	k141_49428	978	80.808	99	11	87.8
MW435436.1	k141_49428	978	80.808	99	11	87.8
MW435436.1	k141_58357	9095	77.391	115	23	85.1
MW435436.1	k141_58357	9095	77.391	115	23	85.1
MW435436.1	k141_58357	9095	72.816	103	26	58.1
MW435436.1	k141_58357	9095	72.816	103	26	58.1
MW435436.1	k141_2381	829	86.207	58	8	69.8
MW435436.1	k141_55476	2228	76.923	65	15	50.9
MW435436.1	k141_55476	2228	76.923	65	15	50.9
NC_037882.1	k141_57472	56378	83.267	7990	1001	8239
NC_037882.1	k141_57472	56378	83.274	3910	575	4094
NC_037882.1	k141_57472	56378	89.825	2634	264	3528
NC_037882.1	k141_57472	56378	81.544	3354	534	3250
NC_037882.1	k141_57472	56378	75.984	3760	696	2568
NC_037882.1	k141_57472	56378	83.312	2319	338	2410
NC_037882.1	k141_57472	56378	86.239	1933	262	2282
NC_037882.1	k141_57472	56378	82.868	1827	253	1871
NC_037882.1	k141_57472	56378	87.508	1505	188	1867
NC_037882.1	k141_57472	56378	80.196	1833	265	1668
NC_037882.1	k141_57472	56378	75.562	2267	481	1567
NC_037882.1	k141_57472	56378	82.222	675	110	673
NC_037882.1	k141_57472	56378	75.572	962	142	652
NC_037882.1	k141_57472	56378	70.409	1247	196	571
NC_037882.1	k141_57472	56378	77.143	665	103	491
NC_037882.1	k141_57472	56378	71.348	890	119	425
NC_037882.1	k141_57472	56378	71.219	886	151	398
NC_037882.1	k141_57472	56378	90.068	292	27	394
NC_037882.1	k141_57472	56378	70.566	778	143	350
NC_037882.1	k141_57472	56378	81.759	307	35	307
NC_037882.1	k141_57472	56378	75.749	367	68	258
NC_037882.1	k141_57472	56378	80.645	279	36	254
NC_037882.1	k141_57472	56378	77.273	330	55	253
NC_037882.1	k141_57472	56378	84.848	198	23	220
NC_037882.1	k141_57472	56378	86.310	168	23	200
NC_037882.1	k141_57472	56378	89.362	141	15	187
NC_037882.1	k141_57472	56378	89.362	141	15	187
NC_037882.1	k141_57472	56378	74.468	282	64	174
NC_037882.1	k141_57472	56378	75.735	272	39	173
NC_037882.1	k141_57472	56378	88.889	126	14	165
NC_037882.1	k141_57472	56378	84.667	150	13	159
NC_037882.1	k141_57472	56378	67.458	421	123	137
NC_037882.1	k141_57472	56378	100.000	75	0	136
NC_037882.1	k141_57472	56378	81.679	131	13	130
NC_037882.1	k141_57472	56378	78.481	158	28	124
NC_037882.1	k141_57472	56378	90.000	90	9	123
NC_037882.1	k141_57472	56378	86.139	101	11	118
NC_037882.1	k141_57472	56378	94.595	74	4	116
NC_037882.1	k141_57472	56378	72.393	163	45	92.4
NC_037882.1	k141_57472	56378	77.228	101	16	68.0
NC_037882.1	k141_57472	56378	92.857	42	3	63.5
NC_037882.1	k141_57472	56378	81.250	64	12	62.6
NC_037882.1	k141_57472	56378	94.872	39	2	62.6
NC_037882.1	k141_57472	56378	94.872	39	2	62.6
NC_037882.1	k141_57472	56378	67.308	156	51	52.7
NC_037882.1	k141_57472	56378	75.714	70	17	50.9
NC_037882.1	k141_57472	56378	80.851	47	9	45.5
NC_037882.1	k141_16729	17661	76.913	9880	1543	7478
NC_037882.1	k141_16729	17661	71.828	1789	319	892
NC_037882.1	k141_16729	17661	73.035	1005	170	570
NC_037882.1	k141_16729	17661	68.755	1309	272	479
NC_037882.1	k141_16729	17661	80.685	321	49	294
NC_037882.1	k141_16729	17661	78.425	292	63	243
NC_037882.1	k141_16729	17661	89.873	158	16	214
NC_037882.1	k141_16729	17661	87.586	145	18	181
NC_037882.1	k141_16729	17661	78.673	211	45	178
NC_037882.1	k141_65541	19417	90.885	4904	265	6836
NC_037882.1	k141_65541	19417	90.885	4904	265	6836
NC_037882.1	k141_65541	19417	88.715	4094	268	5273
NC_037882.1	k141_65541	19417	88.715	4094	268	5273
NC_037882.1	k141_65541	19417	94.178	3006	121	4605
NC_037882.1	k141_65541	19417	94.178	3006	121	4605
NC_037882.1	k141_65541	19417	89.554	2307	123	3059
NC_037882.1	k141_65541	19417	89.554	2307	123	3059
NC_037882.1	k141_65541	19417	82.619	886	130	894
NC_037882.1	k141_65541	19417	82.619	886	130	894
NC_037882.1	k141_65541	19417	79.433	812	100	700
NC_037882.1	k141_65541	19417	79.433	812	100	700
NC_037882.1	k141_65541	19417	81.261	555	82	521
NC_037882.1	k141_65541	19417	81.261	555	82	521
NC_037882.1	k141_65541	19417	85.606	396	39	465
NC_037882.1	k141_65541	19417	85.606	396	39	465
NC_037882.1	k141_65541	19417	75.365	548	90	394
NC_037882.1	k141_65541	19417	70.571	350	68	154
NC_037882.1	k141_65541	19417	100.000	49	0	89.7
NC_037882.1	k141_65541	19417	100.000	49	0	89.7
NC_037882.1	k141_65541	19417	97.674	43	1	74.3
NC_037882.1	k141_65541	19417	91.111	45	4	64.4
NC_037882.1	k141_65541	19417	86.842	38	5	47.3
NC_037882.1	k141_65541	19417	84.211	38	6	42.8
NC_037882.1	k141_38631	12969	79.930	2302	389	2045
NC_037882.1	k141_38631	12969	81.818	1980	328	1937
NC_037882.1	k141_38631	12969	76.771	2273	450	1677
NC_037882.1	k141_38631	12969	79.876	1446	245	1275
NC_037882.1	k141_38631	12969	77.708	1108	221	868
NC_037882.1	k141_38631	12969	74.286	1190	236	781
NC_037882.1	k141_38631	12969	91.489	141	12	201
NC_037882.1	k141_38631	12969	77.551	49	11	40.1
NC_037882.1	k141_5078	7018	80.285	1968	342	1761
NC_037882.1	k141_5078	7018	85.281	924	88	1048
NC_037882.1	k141_5078	7018	83.282	646	90	677
NC_037882.1	k141_5078	7018	89.305	187	18	241
NC_037882.1	k141_5078	7018	89.305	187	18	241
NC_037882.1	k141_5078	7018	81.818	110	20	109
NC_037882.1	k141_5209	2275	91.045	603	45	835
NC_037882.1	k141_5209	2275	91.045	603	45	835
NC_037882.1	k141_5209	2275	91.264	435	37	610
NC_037882.1	k141_5209	2275	91.264	435	37	610
NC_037882.1	k141_5209	2275	76.101	318	67	231
NC_037882.1	k141_5209	2275	76.101	318	67	231
NC_037882.1	k141_5209	2275	98.734	79	1	139
NC_037882.1	k141_64863	3131	72.748	877	208	461
NC_037882.1	k141_64863	3131	72.748	877	208	461
NC_037882.1	k141_64863	3131	77.580	281	61	216
NC_037882.1	k141_64863	3131	77.580	281	61	216
NC_037882.1	k141_64863	3131	86.667	60	8	73.4
NC_037882.1	k141_64863	3131	86.667	60	8	73.4
NC_037882.1	k141_12627	1134	89.145	304	33	400
NC_037882.1	k141_1423	2049	75.410	488	110	335
NC_037882.1	k141_1423	2049	75.410	488	110	335
NC_037882.1	k141_1423	2049	74.474	333	73	202
NC_037882.1	k141_1423	2049	74.474	333	73	202
NC_037882.1	k141_24251	233	89.700	233	24	313
NC_037882.1	k141_24251	233	89.700	233	24	313
NC_037882.1	k141_52761	874	94.972	179	8	279
NC_037882.1	k141_52761	874	94.972	179	8	279
NC_037882.1	k141_49826	350	76.536	358	72	256
NC_037882.1	k141_32621	565	79.670	182	31	159
NC_037882.1	k141_32332	432	94.949	99	5	157
NC_037882.1	k141_22335	443	87.826	115	13	141
NC_037882.1	k141_57821	383	77.108	166	25	136
NC_037882.1	k141_6338	616	78.488	172	21	132
NC_037882.1	k141_48814	344	93.103	87	6	131
NC_037882.1	k141_48814	344	93.103	87	6	131
NC_037882.1	k141_3386	1429	91.139	79	7	112
NC_037882.1	k141_11191	785	91.549	71	6	102
NC_037882.1	k141_11191	785	91.549	71	6	102
NC_037882.1	k141_30810	358	95.000	60	3	96.0
NC_037882.1	k141_30810	358	95.000	60	3	96.0
NC_037882.1	k141_49428	978	80.808	99	11	87.8
NC_037882.1	k141_49428	978	80.808	99	11	87.8
NC_037882.1	k141_58357	9095	77.391	115	23	85.1
NC_037882.1	k141_58357	9095	77.391	115	23	85.1
NC_037882.1	k141_58357	9095	71.845	103	27	53.6
NC_037882.1	k141_58357	9095	71.845	103	27	53.6
NC_037882.1	k141_55476	2228	73.950	119	31	76.1
NC_037882.1	k141_55141	504	77.778	54	11	41.0
NC_056190.1	k141_65541	19417	90.004	4972	301	6741
NC_056190.1	k141_65541	19417	90.004	4972	301	6741
NC_056190.1	k141_65541	19417	92.805	3016	141	4431
NC_056190.1	k141_65541	19417	92.805	3016	141	4431
NC_056190.1	k141_65541	19417	91.753	2886	168	4114
NC_056190.1	k141_65541	19417	91.753	2886	168	4114
NC_056190.1	k141_65541	19417	90.860	2243	123	3083
NC_056190.1	k141_65541	19417	90.860	2243	123	3083
NC_056190.1	k141_65541	19417	82.506	886	131	890
NC_056190.1	k141_65541	19417	82.506	886	131	890
NC_056190.1	k141_65541	19417	76.979	821	109	629
NC_056190.1	k141_65541	19417	76.979	821	109	629
NC_056190.1	k141_65541	19417	80.000	555	86	488
NC_056190.1	k141_65541	19417	80.000	555	86	488
NC_056190.1	k141_65541	19417	85.271	387	42	446
NC_056190.1	k141_65541	19417	85.271	387	42	446
NC_056190.1	k141_65541	19417	77.691	511	63	409
NC_056190.1	k141_65541	19417	77.691	511	63	409
NC_056190.1	k141_65541	19417	83.379	367	35	384
NC_056190.1	k141_65541	19417	83.379	367	35	384
NC_056190.1	k141_65541	19417	75.592	549	100	372
NC_056190.1	k141_65541	19417	87.283	173	18	213
NC_056190.1	k141_65541	19417	87.283	173	18	213
NC_056190.1	k141_65541	19417	85.567	97	14	113
NC_056190.1	k141_65541	19417	97.619	42	1	72.5
NC_056190.1	k141_65541	19417	88.679	53	5	66.2
NC_056190.1	k141_65541	19417	88.679	53	5	66.2
NC_056190.1	k141_65541	19417	88.889	45	5	59.9
NC_056190.1	k141_65541	19417	86.842	38	5	47.3
NC_056190.1	k141_57472	56378	86.874	5447	620	6564
NC_056190.1	k141_57472	56378	82.329	3865	583	3901
NC_056190.1	k141_57472	56378	88.945	2578	280	3360
NC_056190.1	k141_57472	56378	79.755	3349	586	2985
NC_056190.1	k141_57472	56378	73.935	3990	783	2397
NC_056190.1	k141_57472	56378	80.685	2568	406	2342
NC_056190.1	k141_57472	56378	82.056	2140	322	2122
NC_056190.1	k141_57472	56378	87.335	1516	186	1861
NC_056190.1	k141_57472	56378	79.266	1770	297	1529
NC_056190.1	k141_57472	56378	75.669	2092	305	1428
NC_056190.1	k141_57472	56378	73.487	2214	483	1337
NC_056190.1	k141_57472	56378	78.000	1050	166	848
NC_056190.1	k141_57472	56378	81.504	665	116	634
NC_056190.1	k141_57472	56378	71.763	1197	223	600
NC_056190.1	k141_57472	56378	72.857	1050	179	579
NC_056190.1	k141_57472	56378	74.047	682	112	415
NC_056190.1	k141_57472	56378	71.395	853	132	405
NC_056190.1	k141_57472	56378	88.328	317	36	402
NC_056190.1	k141_57472	56378	74.878	617	119	393
NC_056190.1	k141_57472	56378	83.587	329	33	352
NC_056190.1	k141_57472	56378	71.701	682	128	320
NC_056190.1	k141_57472	56378	86.111	252	18	272
NC_056190.1	k141_57472	56378	77.492	311	61	241
NC_056190.1	k141_57472	56378	81.735	219	31	210
NC_056190.1	k141_57472	56378	74.212	349	64	207
NC_056190.1	k141_57472	56378	90.698	129	12	179
NC_056190.1	k141_57472	56378	87.943	141	17	178
NC_056190.1	k141_57472	56378	87.943	141	17	178
NC_056190.1	k141_57472	56378	87.755	147	14	175
NC_056190.1	k141_57472	56378	93.407	91	4	135
NC_056190.1	k141_57472	56378	97.333	75	2	127
NC_056190.1	k141_57472	56378	76.970	165	38	127
NC_056190.1	k141_57472	56378	96.104	77	3	126
NC_056190.1	k141_57472	56378	77.848	158	29	120
NC_056190.1	k141_57472	56378	89.535	86	9	115
NC_056190.1	k141_57472	56378	93.421	76	5	115
NC_056190.1	k141_57472	56378	70.233	215	50	99.6
NC_056190.1	k141_57472	56378	85.000	80	11	87.8
NC_056190.1	k141_57472	56378	91.071	56	5	79.7
NC_056190.1	k141_57472	56378	66.372	226	49	72.5
NC_056190.1	k141_57472	56378	76.238	101	18	71.6
NC_056190.1	k141_57472	56378	72.414	116	32	66.2
NC_056190.1	k141_57472	56378	92.857	42	3	63.5
NC_056190.1	k141_57472	56378	78.571	70	15	59.9
NC_056190.1	k141_16729	17661	76.743	7486	1202	5570
NC_056190.1	k141_16729	17661	77.073	1592	292	1220
NC_056190.1	k141_16729	17661	71.923	1097	199	576
NC_056190.1	k141_16729	17661	73.428	986	179	560
NC_056190.1	k141_16729	17661	68.960	1279	258	485
NC_056190.1	k141_16729	17661	69.558	588	107	265
NC_056190.1	k141_16729	17661	77.037	270	28	230
NC_056190.1	k141_16729	17661	78.970	233	49	200
NC_056190.1	k141_16729	17661	75.445	281	69	196
NC_056190.1	k141_16729	17661	86.709	158	21	191
NC_056190.1	k141_16729	17661	78.922	204	43	175
NC_056190.1	k141_16729	17661	72.517	302	79	166
NC_056190.1	k141_16729	17661	83.448	145	24	154
NC_056190.1	k141_16729	17661	79.191	173	36	150
NC_056190.1	k141_16729	17661	87.324	71	9	88.7
NC_056190.1	k141_16729	17661	76.238	101	18	71.6
NC_056190.1	k141_5209	2275	90.692	1719	126	2365
NC_056190.1	k141_5209	2275	90.692	1719	126	2365
NC_056190.1	k141_5209	2275	76.176	319	62	224
NC_056190.1	k141_5209	2275	97.531	81	2	138
NC_056190.1	k141_38631	12969	77.024	2285	430	1737
NC_056190.1	k141_38631	12969	76.538	1138	242	831
NC_056190.1	k141_38631	12969	78.438	909	159	754
NC_056190.1	k141_38631	12969	73.694	1072	240	651
NC_056190.1	k141_38631	12969	78.223	698	119	581
NC_056190.1	k141_38631	12969	69.957	466	85	192
NC_056190.1	k141_38631	12969	89.362	141	15	187
NC_056190.1	k141_38631	12969	73.984	123	32	78.8
NC_056190.1	k141_38631	12969	79.592	49	10	44.6
NC_056190.1	k141_5078	7018	78.844	1938	355	1607
NC_056190.1	k141_5078	7018	84.201	1057	143	1126
NC_056190.1	k141_5078	7018	79.821	669	117	583
NC_056190.1	k141_5078	7018	89.305	187	18	241
NC_056190.1	k141_5078	7018	89.305	187	18	241
NC_056190.1	k141_5078	7018	81.395	129	24	125
NC_056190.1	k141_64863	3131	72.860	888	210	471
NC_056190.1	k141_64863	3131	72.860	888	210	471
NC_056190.1	k141_64863	3131	77.224	281	62	212
NC_056190.1	k141_64863	3131	77.224	281	62	212
NC_056190.1	k141_64863	3131	86.667	60	8	73.4
NC_056190.1	k141_64863	3131	86.667	60	8	73.4
NC_056190.1	k141_12627	1134	86.842	304	40	369
NC_056190.1	k141_1423	2049	75.410	488	110	335
NC_056190.1	k141_1423	2049	75.410	488	110	335
NC_056190.1	k141_1423	2049	75.075	333	71	211
NC_056190.1	k141_1423	2049	75.075	333	71	211
NC_056190.1	k141_24251	233	89.700	233	24	313
NC_056190.1	k141_24251	233	89.700	233	24	313
NC_056190.1	k141_52761	874	93.855	179	10	270
NC_056190.1	k141_52761	874	93.855	179	10	270
NC_056190.1	k141_32332	432	84.828	145	20	156
NC_056190.1	k141_6338	616	78.689	183	29	150
NC_056190.1	k141_52030	890	73.894	226	47	140
NC_056190.1	k141_32621	565	77.273	176	34	139
NC_056190.1	k141_48814	344	93.103	87	6	131
NC_056190.1	k141_48814	344	93.103	87	6	131
NC_056190.1	k141_22335	443	86.792	106	12	122
NC_056190.1	k141_3386	1429	93.590	78	5	119
NC_056190.1	k141_57821	383	74.675	154	26	110
NC_056190.1	k141_11191	785	91.549	71	6	102
NC_056190.1	k141_11191	785	91.549	71	6	102
NC_056190.1	k141_30810	358	93.333	60	4	91.5
NC_056190.1	k141_30810	358	93.333	60	4	91.5
NC_056190.1	k141_49428	978	80.808	99	11	87.8
NC_056190.1	k141_49428	978	80.808	99	11	87.8
NC_056190.1	k141_58357	9095	77.391	115	23	85.1
NC_056190.1	k141_58357	9095	77.391	115	23	85.1
NC_056190.1	k141_58357	9095	78.947	57	12	50.0
NC_056190.1	k141_58357	9095	78.947	57	12	50.0
NC_056190.1	k141_61918	349	80.851	47	9	45.5
MN564931.1	k141_16729	17661	76.035	9827	1675	6934
MN564931.1	k141_16729	17661	71.094	1325	261	629
MN564931.1	k141_16729	17661	75.403	683	106	463
MN564931.1	k141_16729	17661	67.498	1363	277	426
MN564931.1	k141_16729	17661	73.913	552	120	337
MN564931.1	k141_16729	17661	81.667	240	41	233
MN564931.1	k141_16729	17661	79.464	224	46	197
MN564931.1	k141_16729	17661	74.823	282	69	182
MN564931.1	k141_16729	17661	85.526	152	22	176
MN564931.1	k141_16729	17661	83.537	164	21	167
MN564931.1	k141_16729	17661	74.667	225	57	150
MN564931.1	k141_16729	17661	79.259	135	22	105
MN564931.1	k141_65541	19417	90.184	5053	320	6846
MN564931.1	k141_65541	19417	90.184	5053	320	6846
MN564931.1	k141_65541	19417	93.708	3004	127	4527
MN564931.1	k141_65541	19417	93.708	3004	127	4527
MN564931.1	k141_65541	19417	91.337	2932	187	4104
MN564931.1	k141_65541	19417	91.337	2932	187	4104
MN564931.1	k141_65541	19417	89.987	2287	137	3072
MN564931.1	k141_65541	19417	89.987	2287	137	3072
MN564931.1	k141_65541	19417	77.647	935	82	760
MN564931.1	k141_65541	19417	77.647	935	82	760
MN564931.1	k141_65541	19417	75.566	884	139	641
MN564931.1	k141_65541	19417	75.566	884	139	641
MN564931.1	k141_65541	19417	81.838	468	61	447
MN564931.1	k141_65541	19417	81.838	468	61	447
MN564931.1	k141_65541	19417	84.091	396	42	436
MN564931.1	k141_65541	19417	84.091	396	42	436
MN564931.1	k141_65541	19417	78.704	540	83	431
MN564931.1	k141_65541	19417	79.825	456	54	402
MN564931.1	k141_65541	19417	79.825	456	54	402
MN564931.1	k141_65541	19417	81.513	238	20	235
MN564931.1	k141_65541	19417	81.513	238	20	235
MN564931.1	k141_65541	19417	73.066	349	65	201
MN564931.1	k141_65541	19417	73.066	349	65	201
MN564931.1	k141_65541	19417	77.885	208	29	170
MN564931.1	k141_65541	19417	77.885	208	29	170
MN564931.1	k141_65541	19417	88.235	68	6	80.6
MN564931.1	k141_65541	19417	97.619	42	1	72.5
MN564931.1	k141_65541	19417	97.619	42	1	72.5
MN564931.1	k141_65541	19417	91.111	45	4	64.4
MN564931.1	k141_65541	19417	84.211	38	6	42.8
MN564931.1	k141_57472	56378	86.731	5426	613	6519
MN564931.1	k141_57472	56378	82.611	3853	588	3917
MN564931.1	k141_57472	56378	88.272	2575	293	3273
MN564931.1	k141_57472	56378	80.950	3349	556	3143
MN564931.1	k141_57472	56378	74.268	3995	788	2467
MN564931.1	k141_57472	56378	80.790	2556	400	2352
MN564931.1	k141_57472	56378	84.514	1905	288	2099
MN564931.1	k141_57472	56378	86.922	1491	194	1807
MN564931.1	k141_57472	56378	81.055	1763	293	1657
MN564931.1	k141_57472	56378	80.699	1803	308	1652
MN564931.1	k141_57472	56378	76.886	2081	355	1482
MN564931.1	k141_57472	56378	73.919	2197	490	1364
MN564931.1	k141_57472	56378	80.539	668	111	614
MN564931.1	k141_57472	56378	73.105	963	151	550
MN564931.1	k141_57472	56378	77.941	544	80	427
MN564931.1	k141_57472	56378	89.028	319	31	413
MN564931.1	k141_57472	56378	87.900	281	30	344
MN564931.1	k141_57472	56378	69.649	827	130	339
MN564931.1	k141_57472	56378	79.495	317	32	282
MN564931.1	k141_57472	56378	84.490	245	34	270
MN564931.1	k141_57472	56378	77.879	330	66	264
MN564931.1	k141_57472	56378	75.888	394	69	252
MN564931.1	k141_57472	56378	68.938	631	109	252
MN564931.1	k141_57472	56378	74.571	350	60	230
MN564931.1	k141_57472	56378	84.653	202	25	226
MN564931.1	k141_57472	56378	79.913	229	24	208
MN564931.1	k141_57472	56378	94.545	110	6	172
MN564931.1	k141_57472	56378	82.022	178	22	168
MN564931.1	k141_57472	56378	86.466	133	15	158
MN564931.1	k141_57472	56378	78.771	179	38	152
MN564931.1	k141_57472	56378	80.667	150	16	139
MN564931.1	k141_57472	56378	80.667	150	16	139
MN564931.1	k141_57472	56378	92.632	95	5	138
MN564931.1	k141_57472	56378	93.407	91	6	138
MN564931.1	k141_57472	56378	68.022	369	104	129
MN564931.1	k141_57472	56378	88.235	102	6	127
MN564931.1	k141_57472	56378	90.217	92	8	123
MN564931.1	k141_57472	56378	92.593	81	6	120
MN564931.1	k141_57472	56378	90.789	76	7	106
MN564931.1	k141_57472	56378	72.393	163	45	92.4
MN564931.1	k141_57472	56378	87.500	56	7	70.7
MN564931.1	k141_57472	56378	70.548	146	41	63.5
MN564931.1	k141_57472	56378	68.824	170	51	61.7
MN564931.1	k141_57472	56378	90.476	42	4	59.0
MN564931.1	k141_57472	56378	92.308	39	3	58.1
MN564931.1	k141_57472	56378	92.308	39	3	58.1
MN564931.1	k141_57472	56378	73.832	107	20	57.2
MN564931.1	k141_57472	56378	82.979	47	8	50.0
MN564931.1	k141_57472	56378	83.333	42	7	45.5
MN564931.1	k141_5209	2275	90.459	1698	143	2314
MN564931.1	k141_5209	2275	90.459	1698	143	2314
MN564931.1	k141_5209	2275	76.803	319	61	236
MN564931.1	k141_5209	2275	100.000	79	0	143
MN564931.1	k141_38631	12969	78.704	2315	413	1930
MN564931.1	k141_38631	12969	81.272	1949	324	1866
MN564931.1	k141_38631	12969	75.924	2218	472	1559
MN564931.1	k141_38631	12969	78.234	1438	269	1146
MN564931.1	k141_38631	12969	75.450	1112	236	746
MN564931.1	k141_38631	12969	73.250	1200	245	714
MN564931.1	k141_38631	12969	90.071	141	14	192
MN564931.1	k141_38631	12969	77.551	49	11	40.1
MN564931.1	k141_5078	7018	77.658	1956	371	1545
MN564931.1	k141_5078	7018	83.301	1042	124	1100
MN564931.1	k141_5078	7018	83.452	562	90	593
MN564931.1	k141_5078	7018	90.805	174	15	239
MN564931.1	k141_5078	7018	90.805	174	15	239
MN564931.1	k141_5078	7018	81.579	152	22	150
MN564931.1	k141_64863	3131	72.976	877	206	470
MN564931.1	k141_64863	3131	72.976	877	206	470
MN564931.1	k141_64863	3131	77.580	281	61	216
MN564931.1	k141_64863	3131	77.580	281	61	216
MN564931.1	k141_64863	3131	86.667	60	8	73.4
MN564931.1	k141_64863	3131	86.667	60	8	73.4
MN564931.1	k141_12627	1134	89.145	304	33	400
MN564931.1	k141_1423	2049	74.795	488	113	322
MN564931.1	k141_1423	2049	74.795	488	113	322
MN564931.1	k141_1423	2049	74.474	333	73	202
MN564931.1	k141_1423	2049	74.474	333	73	202
MN564931.1	k141_24251	233	85.124	242	23	273
MN564931.1	k141_24251	233	85.124	242	23	273
MN564931.1	k141_52761	874	92.737	179	12	261
MN564931.1	k141_52761	874	92.737	179	12	261
MN564931.1	k141_6338	616	79.365	189	29	152
MN564931.1	k141_32332	432	92.308	104	8	152
MN564931.1	k141_32621	565	78.409	176	32	139
MN564931.1	k141_11392	1458	88.182	110	12	137
MN564931.1	k141_48814	344	94.253	87	5	135
MN564931.1	k141_48814	344	94.253	87	5	135
MN564931.1	k141_57821	383	75.449	167	28	124
MN564931.1	k141_3386	1429	94.521	73	4	114
MN564931.1	k141_22335	443	88.764	89	9	113
MN564931.1	k141_11191	785	92.958	71	5	106
MN564931.1	k141_11191	785	92.958	71	5	106
MN564931.1	k141_30810	358	95.000	60	3	96.0
MN564931.1	k141_30810	358	95.000	60	3	96.0
MN564931.1	k141_49428	978	80.808	99	11	87.8
MN564931.1	k141_49428	978	80.808	99	11	87.8
MN564931.1	k141_2381	829	82.558	86	14	85.1
MN564931.1	k141_58357	9095	77.391	115	23	85.1
MN564931.1	k141_58357	9095	77.391	115	23	85.1
MN564931.1	k141_58357	9095	71.845	103	27	53.6
MN564931.1	k141_58357	9095	71.845	103	27	53.6
MN564931.1	k141_55476	2228	72.180	133	37	74.3
MN564931.1	k141_57850	993	88.889	45	5	59.9
MN564931.1	k141_57850	993	88.889	45	5	59.9
MN564931.1	k141_64019	618	85.714	35	5	41.9
NC_031651.1	k141_65541	19417	90.914	5074	294	7061
NC_031651.1	k141_65541	19417	90.914	5074	294	7061
NC_031651.1	k141_65541	19417	89.404	3624	249	4773
NC_031651.1	k141_65541	19417	89.404	3624	249	4773
NC_031651.1	k141_65541	19417	94.312	2989	132	4605
NC_031651.1	k141_65541	19417	94.312	2989	132	4605
NC_031651.1	k141_65541	19417	89.740	2271	129	3040
NC_031651.1	k141_65541	19417	89.740	2271	129	3040
NC_031651.1	k141_65541	19417	82.844	886	128	908
NC_031651.1	k141_65541	19417	82.844	886	128	908
NC_031651.1	k141_65541	19417	83.544	553	66	565
NC_031651.1	k141_65541	19417	83.544	553	66	565
NC_031651.1	k141_65541	19417	86.822	387	36	473
NC_031651.1	k141_65541	19417	86.822	387	36	473
NC_031651.1	k141_65541	19417	90.390	333	25	454
NC_031651.1	k141_65541	19417	90.390	333	25	454
NC_031651.1	k141_65541	19417	78.032	569	90	454
NC_031651.1	k141_65541	19417	81.342	477	58	447
NC_031651.1	k141_65541	19417	81.342	477	58	447
NC_031651.1	k141_65541	19417	84.821	224	20	246
NC_031651.1	k141_65541	19417	84.821	224	20	246
NC_031651.1	k141_65541	19417	71.651	321	64	162
NC_031651.1	k141_65541	19417	77.889	199	33	158
NC_031651.1	k141_65541	19417	100.000	39	0	71.6
NC_031651.1	k141_57472	56378	87.307	5428	600	6678
NC_031651.1	k141_57472	56378	83.243	3873	542	4066
NC_031651.1	k141_57472	56378	90.436	2499	239	3430
NC_031651.1	k141_57472	56378	80.475	3370	562	3112
NC_031651.1	k141_57472	56378	80.348	3104	460	2821
NC_031651.1	k141_57472	56378	75.374	3748	724	2516
NC_031651.1	k141_57472	56378	82.411	2314	367	2330
NC_031651.1	k141_57472	56378	86.844	1505	198	1822
NC_031651.1	k141_57472	56378	82.336	1755	270	1764
NC_031651.1	k141_57472	56378	82.543	1730	255	1752
NC_031651.1	k141_57472	56378	78.433	2068	295	1662
NC_031651.1	k141_57472	56378	76.089	2250	461	1608
NC_031651.1	k141_57472	56378	77.051	1085	199	817
NC_031651.1	k141_57472	56378	70.823	1227	194	581
NC_031651.1	k141_57472	56378	79.435	637	102	522
NC_031651.1	k141_57472	56378	73.634	842	125	498
NC_031651.1	k141_57472	56378	90.064	312	30	420
NC_031651.1	k141_57472	56378	71.410	787	148	389
NC_031651.1	k141_57472	56378	72.785	632	131	357
NC_031651.1	k141_57472	56378	80.407	393	43	343
NC_031651.1	k141_57472	56378	81.329	316	52	302
NC_031651.1	k141_57472	56378	86.290	248	17	292
NC_031651.1	k141_57472	56378	75.604	414	60	270
NC_031651.1	k141_57472	56378	74.618	327	58	216
NC_031651.1	k141_57472	56378	84.080	201	31	215
NC_031651.1	k141_57472	56378	74.359	312	68	200
NC_031651.1	k141_57472	56378	89.362	141	15	187
NC_031651.1	k141_57472	56378	89.362	141	15	187
NC_031651.1	k141_57472	56378	92.308	117	7	164
NC_031651.1	k141_57472	56378	87.302	126	10	157
NC_031651.1	k141_57472	56378	87.963	108	13	137
NC_031651.1	k141_57472	56378	92.391	92	7	135
NC_031651.1	k141_57472	56378	77.576	165	37	132
NC_031651.1	k141_57472	56378	90.110	91	7	122
NC_031651.1	k141_57472	56378	90.588	85	8	118
NC_031651.1	k141_57472	56378	93.506	77	5	117
NC_031651.1	k141_57472	56378	75.000	160	30	100
NC_031651.1	k141_57472	56378	73.006	163	44	96.9
NC_031651.1	k141_57472	56378	90.000	50	5	68.9
NC_031651.1	k141_57472	56378	92.308	39	3	58.1
NC_031651.1	k141_57472	56378	92.308	39	3	58.1
NC_031651.1	k141_57472	56378	75.714	70	17	50.9
NC_031651.1	k141_57472	56378	67.059	170	54	48.2
NC_031651.1	k141_57472	56378	75.000	68	17	47.3
NC_031651.1	k141_57472	56378	75.714	70	11	42.8
NC_031651.1	k141_57472	56378	82.051	39	7	40.1
NC_031651.1	k141_16729	17661	78.508	7505	1187	6174
NC_031651.1	k141_16729	17661	80.157	1018	155	896
NC_031651.1	k141_16729	17661	70.528	1476	247	659
NC_031651.1	k141_16729	17661	73.127	1068	223	591
NC_031651.1	k141_16729	17661	68.970	1418	291	564
NC_031651.1	k141_16729	17661	80.328	488	79	441
NC_031651.1	k141_16729	17661	77.976	504	92	399
NC_031651.1	k141_16729	17661	80.844	308	46	284
NC_031651.1	k141_16729	17661	77.778	297	66	239
NC_031651.1	k141_16729	17661	82.775	209	36	215
NC_031651.1	k141_16729	17661	86.709	158	21	191
NC_031651.1	k141_16729	17661	79.310	203	29	171
NC_031651.1	k141_16729	17661	87.324	71	9	88.7
NC_031651.1	k141_38631	12969	77.919	3374	594	2687
NC_031651.1	k141_38631	12969	81.096	1989	325	1884
NC_031651.1	k141_38631	12969	76.507	2239	477	1639
NC_031651.1	k141_38631	12969	79.623	1433	248	1250
NC_031651.1	k141_38631	12969	77.349	1139	194	868
NC_031651.1	k141_38631	12969	91.489	141	12	201
NC_031651.1	k141_38631	12969	72.332	253	41	141
NC_031651.1	k141_38631	12969	79.592	49	10	44.6
NC_031651.1	k141_5209	2275	91.062	1779	130	2469
NC_031651.1	k141_5209	2275	92.448	1695	117	2463
NC_031651.1	k141_5209	2275	81.433	307	48	292
NC_031651.1	k141_5209	2275	98.182	55	1	96.0
NC_031651.1	k141_5078	7018	78.961	1963	349	1633
NC_031651.1	k141_5078	7018	87.592	951	106	1168
NC_031651.1	k141_5078	7018	81.315	669	109	640
NC_031651.1	k141_5078	7018	89.840	187	17	245
NC_031651.1	k141_5078	7018	89.840	187	17	245
NC_031651.1	k141_5078	7018	75.622	201	35	146
NC_031651.1	k141_64863	3131	73.182	880	199	476
NC_031651.1	k141_64863	3131	73.182	880	199	476
NC_031651.1	k141_64863	3131	77.580	281	61	216
NC_031651.1	k141_64863	3131	77.580	281	61	216
NC_031651.1	k141_64863	3131	86.667	60	8	73.4
NC_031651.1	k141_64863	3131	86.667	60	8	73.4
NC_031651.1	k141_12627	1134	85.586	333	43	385
NC_031651.1	k141_1423	2049	75.205	488	111	331
NC_031651.1	k141_1423	2049	75.205	488	111	331
NC_031651.1	k141_1423	2049	74.184	337	71	204
NC_031651.1	k141_1423	2049	74.184	337	71	204
NC_031651.1	k141_24251	233	90.129	233	23	317
NC_031651.1	k141_24251	233	90.129	233	23	317
NC_031651.1	k141_52761	874	93.750	176	10	265
NC_031651.1	k141_52761	874	93.750	176	10	265
NC_031651.1	k141_49826	350	72.394	355	86	196
NC_031651.1	k141_6338	616	84.615	169	16	184
NC_031651.1	k141_57821	383	77.647	170	25	143
NC_031651.1	k141_32621	565	78.409	176	32	143
NC_031651.1	k141_32332	432	87.179	117	11	143
NC_031651.1	k141_48814	344	95.402	87	4	140
NC_031651.1	k141_48814	344	95.402	87	4	140
NC_031651.1	k141_11392	1458	86.364	110	14	128
NC_031651.1	k141_22335	443	91.667	84	7	121
NC_031651.1	k141_11191	785	94.366	71	4	111
NC_031651.1	k141_11191	785	94.366	71	4	111
NC_031651.1	k141_3386	1429	90.909	77	7	108
NC_031651.1	k141_30810	358	95.000	60	3	96.0
NC_031651.1	k141_30810	358	95.000	60	3	96.0
NC_031651.1	k141_2381	829	84.091	88	13	93.3
NC_031651.1	k141_49428	978	80.808	99	11	87.8
NC_031651.1	k141_49428	978	80.808	99	11	87.8
NC_031651.1	k141_58357	9095	77.391	115	23	85.1
NC_031651.1	k141_58357	9095	77.391	115	23	85.1
NC_031651.1	k141_58357	9095	71.845	103	27	53.6
NC_031651.1	k141_58357	9095	71.845	103	27	53.6
NC_031651.1	k141_55476	2228	75.455	110	27	77.9
MW366789.1	k141_57472	56378	89.511	5320	484	7042
MW366789.1	k141_57472	56378	89.511	5320	484	7042
MW366789.1	k141_57472	56378	86.108	3520	366	4084
MW366789.1	k141_57472	56378	81.317	3993	618	3828
MW366789.1	k141_57472	56378	80.750	3361	546	3146
MW366789.1	k141_57472	56378	80.236	3395	564	3010
MW366789.1	k141_57472	56378	78.567	3546	623	2885
MW366789.1	k141_57472	56378	77.063	3296	564	2507
MW366789.1	k141_57472	56378	86.349	1912	252	2271
MW366789.1	k141_57472	56378	80.824	2112	334	1971
MW366789.1	k141_57472	56378	87.956	1561	168	1950
MW366789.1	k141_57472	56378	77.753	1762	273	1365
MW366789.1	k141_57472	56378	79.961	1023	156	884
MW366789.1	k141_57472	56378	72.208	1155	251	618
MW366789.1	k141_57472	56378	73.320	1027	159	568
MW366789.1	k141_57472	56378	74.091	880	150	567
MW366789.1	k141_57472	56378	75.527	854	111	561
MW366789.1	k141_57472	56378	73.875	689	112	434
MW366789.1	k141_57472	56378	83.816	414	48	426
MW366789.1	k141_57472	56378	73.036	560	117	306
MW366789.1	k141_57472	56378	83.278	299	41	305
MW366789.1	k141_57472	56378	85.768	267	32	298
MW366789.1	k141_57472	56378	88.696	230	23	297
MW366789.1	k141_57472	56378	77.374	358	63	266
MW366789.1	k141_57472	56378	78.571	280	60	235
MW366789.1	k141_57472	56378	73.995	373	59	221
MW366789.1	k141_57472	56378	83.568	213	32	221
MW366789.1	k141_57472	56378	75.563	311	56	210
MW366789.1	k141_57472	56378	90.625	128	11	174
MW366789.1	k141_57472	56378	77.232	224	39	163
MW366789.1	k141_57472	56378	94.231	104	6	161
MW366789.1	k141_57472	56378	86.822	129	13	147
MW366789.1	k141_57472	56378	91.667	96	8	138
MW366789.1	k141_57472	56378	76.733	202	38	134
MW366789.1	k141_57472	56378	97.436	78	2	132
MW366789.1	k141_57472	56378	72.800	250	40	130
MW366789.1	k141_57472	56378	82.812	128	16	129
MW366789.1	k141_57472	56378	88.298	94	11	121
MW366789.1	k141_57472	56378	74.545	165	42	109
MW366789.1	k141_57472	56378	74.545	165	42	109
MW366789.1	k141_57472	56378	70.892	213	52	105
MW366789.1	k141_57472	56378	70.892	213	52	105
MW366789.1	k141_57472	56378	91.892	74	5	104
MW366789.1	k141_57472	56378	91.892	74	5	104
MW366789.1	k141_57472	56378	78.906	128	25	103
MW366789.1	k141_57472	56378	88.312	77	9	99.6
MW366789.1	k141_57472	56378	88.889	72	8	95.1
MW366789.1	k141_57472	56378	88.889	72	8	95.1
MW366789.1	k141_57472	56378	76.800	125	27	88.7
MW366789.1	k141_57472	56378	89.286	56	6	75.2
MW366789.1	k141_57472	56378	69.930	143	29	59.9
MW366789.1	k141_57472	56378	67.647	170	53	52.7
MW366789.1	k141_57472	56378	67.647	170	53	52.7
MW366789.1	k141_57472	56378	66.492	191	62	50.0
MW366789.1	k141_57472	56378	66.492	191	62	50.0
MW366789.1	k141_57472	56378	73.256	86	17	49.1
MW366789.1	k141_57472	56378	79.245	53	11	47.3
MW366789.1	k141_57472	56378	79.245	53	11	47.3
MW366789.1	k141_57472	56378	77.551	49	11	40.1
MW366789.1	k141_65541	19417	89.876	4998	392	6718
MW366789.1	k141_65541	19417	89.876	4998	392	6718
MW366789.1	k141_65541	19417	92.292	2997	149	4334
MW366789.1	k141_65541	19417	92.292	2997	149	4334
MW366789.1	k141_65541	19417	89.071	2260	152	2913
MW366789.1	k141_65541	19417	89.071	2260	152	2913
MW366789.1	k141_65541	19417	91.345	1814	103	2563
MW366789.1	k141_65541	19417	91.345	1814	103	2563
MW366789.1	k141_65541	19417	84.676	633	52	705
MW366789.1	k141_65541	19417	84.676	633	52	705
MW366789.1	k141_65541	19417	78.796	731	77	627
MW366789.1	k141_65541	19417	78.796	731	77	627
MW366789.1	k141_65541	19417	88.722	399	32	511
MW366789.1	k141_65541	19417	87.857	280	27	354
MW366789.1	k141_65541	19417	87.857	280	27	354
MW366789.1	k141_65541	19417	95.270	148	6	233
MW366789.1	k141_65541	19417	95.270	148	6	233
MW366789.1	k141_65541	19417	86.034	179	21	210
MW366789.1	k141_65541	19417	86.034	179	21	210
MW366789.1	k141_65541	19417	91.724	145	12	208
MW366789.1	k141_65541	19417	91.724	145	12	208
MW366789.1	k141_65541	19417	86.441	177	22	205
MW366789.1	k141_65541	19417	86.441	177	22	205
MW366789.1	k141_65541	19417	74.516	310	42	201
MW366789.1	k141_65541	19417	86.420	162	19	194
MW366789.1	k141_65541	19417	86.420	162	19	192
MW366789.1	k141_65541	19417	84.173	139	13	156
MW366789.1	k141_65541	19417	84.173	139	13	156
MW366789.1	k141_65541	19417	94.253	87	5	135
MW366789.1	k141_65541	19417	94.253	87	5	135
MW366789.1	k141_65541	19417	87.342	79	5	98.7
MW366789.1	k141_65541	19417	87.342	79	5	98.7
MW366789.1	k141_65541	19417	88.889	72	8	95.1
MW366789.1	k141_65541	19417	88.889	72	8	95.1
MW366789.1	k141_65541	19417	87.302	63	4	77.9
MW366789.1	k141_65541	19417	87.302	63	4	77.9
MW366789.1	k141_65541	19417	87.302	63	4	77.9
MW366789.1	k141_65541	19417	93.878	49	3	76.1
MW366789.1	k141_65541	19417	93.878	49	3	76.1
MW366789.1	k141_65541	19417	93.878	49	3	76.1
MW366789.1	k141_65541	19417	90.909	44	4	62.6
MW366789.1	k141_65541	19417	89.744	39	4	53.6
MW366789.1	k141_65541	19417	77.778	54	12	44.6
MW366789.1	k141_65541	19417	77.778	54	12	44.6
MW366789.1	k141_65541	19417	75.926	54	13	40.1
MW366789.1	k141_65541	19417	75.926	54	13	40.1
MW366789.1	k141_65541	19417	75.926	54	13	40.1
MW366789.1	k141_65541	19417	75.926	54	13	40.1
MW366789.1	k141_65541	19417	75.926	54	13	40.1
MW366789.1	k141_16729	17661	80.512	5860	788	5365
MW366789.1	k141_16729	17661	71.998	3314	606	1709
MW366789.1	k141_16729	17661	77.173	955	141	719
MW366789.1	k141_16729	17661	78.533	559	86	435
MW366789.1	k141_16729	17661	74.874	593	109	394
MW366789.1	k141_16729	17661	78.960	423	50	357
MW366789.1	k141_16729	17661	78.960	423	50	357
MW366789.1	k141_16729	17661	73.975	561	110	351
MW366789.1	k141_16729	17661	76.657	347	70	249
MW366789.1	k141_16729	17661	79.424	243	37	198
MW366789.1	k141_16729	17661	67.462	587	170	181
MW366789.1	k141_16729	17661	67.462	587	170	181
MW366789.1	k141_16729	17661	81.183	186	21	178
MW366789.1	k141_16729	17661	68.559	458	118	165
MW366789.1	k141_16729	17661	75.510	196	38	129
MW366789.1	k141_16729	17661	75.148	169	36	113
MW366789.1	k141_38631	12969	83.174	3976	515	4154
MW366789.1	k141_38631	12969	83.174	3976	515	4154
MW366789.1	k141_38631	12969	77.637	2692	496	2102
MW366789.1	k141_38631	12969	76.352	2330	504	1702
MW366789.1	k141_38631	12969	78.716	1137	200	953
MW366789.1	k141_38631	12969	83.308	659	107	682
MW366789.1	k141_38631	12969	83.308	659	107	682
MW366789.1	k141_38631	12969	94.326	141	8	219
MW366789.1	k141_38631	12969	94.326	141	8	219
MW366789.1	k141_38631	12969	77.551	49	11	40.1
MW366789.1	k141_5209	2275	86.617	2264	212	2718
MW366789.1	k141_5209	2275	86.572	2264	213	2714
MW366789.1	k141_5078	7018	81.285	1961	318	1864
MW366789.1	k141_5078	7018	87.719	1083	111	1342
MW366789.1	k141_5078	7018	80.330	666	126	602
MW366789.1	k141_5078	7018	80.500	200	20	180
MW366789.1	k141_5078	7018	80.500	200	20	180
MW366789.1	k141_5078	7018	83.444	151	25	160
MW366789.1	k141_64863	3131	72.116	893	200	443
MW366789.1	k141_64863	3131	72.116	893	200	443
MW366789.1	k141_64863	3131	90.000	60	6	82.4
MW366789.1	k141_64863	3131	90.000	60	6	82.4
MW366789.1	k141_64863	3131	88.333	60	7	77.9
MW366789.1	k141_64863	3131	88.333	60	7	77.9
MW366789.1	k141_12627	1134	86.154	325	42	378
MW366789.1	k141_1423	2049	74.187	492	109	318
MW366789.1	k141_1423	2049	74.187	492	109	318
MW366789.1	k141_1423	2049	75.676	333	69	220
MW366789.1	k141_1423	2049	75.676	333	69	220
MW366789.1	k141_49826	350	77.219	338	77	263
MW366789.1	k141_52761	874	89.773	176	17	233
MW366789.1	k141_52761	874	89.773	176	17	233
MW366789.1	k141_6338	616	73.529	272	21	195
MW366789.1	k141_32621	565	84.091	176	28	192
MW366789.1	k141_24251	233	83.537	164	17	175
MW366789.1	k141_24251	233	83.537	164	17	175
MW366789.1	k141_52030	890	73.270	318	57	171
MW366789.1	k141_11392	1458	91.525	118	9	165
MW366789.1	k141_22335	443	91.818	110	9	159
MW366789.1	k141_2693	361	84.892	139	17	147
MW366789.1	k141_2693	361	84.892	139	17	147
MW366789.1	k141_48814	344	93.103	87	6	131
MW366789.1	k141_48814	344	93.103	87	6	131
MW366789.1	k141_32332	432	96.203	79	3	130
MW366789.1	k141_3386	1429	91.026	78	6	106
MW366789.1	k141_11191	785	92.958	71	5	106
MW366789.1	k141_11191	785	92.958	71	5	106
MW366789.1	k141_57821	383	74.375	160	31	91.5
MW366789.1	k141_30810	358	91.667	60	5	86.9
MW366789.1	k141_30810	358	91.667	60	5	86.9
MW366789.1	k141_58357	9095	76.522	115	24	80.6
MW366789.1	k141_58357	9095	76.522	115	24	80.6
MW366789.1	k141_58357	9095	82.812	64	11	67.1
MW366789.1	k141_58357	9095	82.812	64	11	67.1
MW366789.1	k141_58357	9095	73.626	91	24	57.2
MW366789.1	k141_58357	9095	73.626	91	24	57.2
MW366789.1	k141_57850	993	89.474	57	4	74.3
MW366789.1	k141_57850	993	89.474	57	4	74.3
MW366789.1	k141_55476	2228	71.429	140	40	73.4
MW366789.1	k141_55476	2228	69.919	123	33	46.4
MW366789.1	k141_61930	306	81.395	43	8	42.8
MW366789.1	k141_61930	306	81.395	43	8	42.8
KT899950.1	k141_57472	56378	85.488	7952	833	9063
KT899950.1	k141_57472	56378	85.182	4029	491	4580
KT899950.1	k141_57472	56378	84.694	3626	387	4013
KT899950.1	k141_57472	56378	78.484	4513	711	3775
KT899950.1	k141_57472	56378	83.353	3352	485	3537
KT899950.1	k141_57472	56378	82.237	3389	464	3365
KT899950.1	k141_57472	56378	79.229	3269	528	2822
KT899950.1	k141_57472	56378	87.740	1925	224	2410
KT899950.1	k141_57472	56378	80.977	2292	323	2135
KT899950.1	k141_57472	56378	87.420	1566	190	1929
KT899950.1	k141_57472	56378	79.345	1099	150	948
KT899950.1	k141_57472	56378	78.065	1044	148	829
KT899950.1	k141_57472	56378	70.812	1391	231	665
KT899950.1	k141_57472	56378	74.069	698	93	455
KT899950.1	k141_57472	56378	72.285	801	123	439
KT899950.1	k141_57472	56378	82.719	434	58	438
KT899950.1	k141_57472	56378	75.639	587	89	391
KT899950.1	k141_57472	56378	78.935	413	50	351
KT899950.1	k141_57472	56378	82.507	343	44	336
KT899950.1	k141_57472	56378	74.538	487	69	334
KT899950.1	k141_57472	56378	75.546	458	71	318
KT899950.1	k141_57472	56378	76.178	382	61	279
KT899950.1	k141_57472	56378	75.219	343	61	240
KT899950.1	k141_57472	56378	92.810	153	9	224
KT899950.1	k141_57472	56378	91.473	129	11	184
KT899950.1	k141_57472	56378	88.652	141	16	183
KT899950.1	k141_57472	56378	88.652	141	16	183
KT899950.1	k141_57472	56378	78.733	221	29	177
KT899950.1	k141_57472	56378	83.648	159	17	160
KT899950.1	k141_57472	56378	80.769	156	28	144
KT899950.1	k141_57472	56378	94.444	90	5	141
KT899950.1	k141_57472	56378	88.235	102	8	130
KT899950.1	k141_57472	56378	73.182	220	43	123
KT899950.1	k141_57472	56378	76.923	156	36	120
KT899950.1	k141_57472	56378	74.233	163	42	105
KT899950.1	k141_57472	56378	91.667	72	6	104
KT899950.1	k141_57472	56378	79.245	106	20	86.0
KT899950.1	k141_57472	56378	69.427	157	46	60.8
KT899950.1	k141_57472	56378	78.571	70	15	59.9
KT899950.1	k141_57472	56378	92.308	39	3	58.1
KT899950.1	k141_57472	56378	92.308	39	3	58.1
KT899950.1	k141_16729	17661	79.341	10078	1367	8789
KT899950.1	k141_16729	17661	74.627	1809	293	1154
KT899950.1	k141_16729	17661	75.178	1406	214	945
KT899950.1	k141_16729	17661	72.661	1368	223	765
KT899950.1	k141_16729	17661	76.460	582	92	451
KT899950.1	k141_16729	17661	81.410	312	45	296
KT899950.1	k141_16729	17661	85.650	223	32	259
KT899950.1	k141_65541	19417	92.637	5066	237	7424
KT899950.1	k141_65541	19417	92.637	5066	237	7424
KT899950.1	k141_65541	19417	89.569	4103	210	5500
KT899950.1	k141_65541	19417	89.569	4103	210	5500
KT899950.1	k141_65541	19417	95.315	2988	101	4739
KT899950.1	k141_65541	19417	95.315	2988	101	4739
KT899950.1	k141_65541	19417	90.328	2285	123	3110
KT899950.1	k141_65541	19417	90.328	2285	123	3110
KT899950.1	k141_65541	19417	83.618	879	128	938
KT899950.1	k141_65541	19417	83.618	879	128	938
KT899950.1	k141_65541	19417	82.565	803	91	812
KT899950.1	k141_65541	19417	82.565	803	91	812
KT899950.1	k141_65541	19417	83.618	586	58	600
KT899950.1	k141_65541	19417	83.618	586	58	600
KT899950.1	k141_65541	19417	87.918	389	32	495
KT899950.1	k141_65541	19417	87.918	389	32	495
KT899950.1	k141_65541	19417	78.431	561	76	485
KT899950.1	k141_65541	19417	91.071	224	16	314
KT899950.1	k141_65541	19417	91.071	224	16	314
KT899950.1	k141_65541	19417	74.797	369	66	244
KT899950.1	k141_65541	19417	92.453	53	3	75.2
KT899950.1	k141_65541	19417	92.453	53	3	75.2
KT899950.1	k141_65541	19417	91.111	45	4	64.4
KT899950.1	k141_65541	19417	84.211	38	6	42.8
KT899950.1	k141_5209	2275	93.333	1755	86	2630
KT899950.1	k141_5209	2275	93.333	1755	86	2630
KT899950.1	k141_5209	2275	79.479	307	54	265
KT899950.1	k141_5209	2275	94.393	107	6	167
KT899950.1	k141_38631	12969	81.639	2745	413	2603
KT899950.1	k141_38631	12969	81.453	2313	349	2215
KT899950.1	k141_38631	12969	79.873	2370	400	2117
KT899950.1	k141_38631	12969	82.917	1440	219	1459
KT899950.1	k141_38631	12969	78.860	1211	222	1025
KT899950.1	k141_38631	12969	84.505	555	86	614
KT899950.1	k141_38631	12969	92.908	141	10	210
KT899950.1	k141_5078	7018	81.570	2127	321	2075
KT899950.1	k141_5078	7018	87.221	1166	128	1415
KT899950.1	k141_5078	7018	81.869	717	109	704
KT899950.1	k141_5078	7018	88.718	195	19	242
KT899950.1	k141_5078	7018	88.718	195	19	242
KT899950.1	k141_5078	7018	86.628	172	21	205
KT899950.1	k141_64863	3131	73.318	877	203	483
KT899950.1	k141_64863	3131	73.318	877	203	483
KT899950.1	k141_64863	3131	77.580	281	61	216
KT899950.1	k141_64863	3131	77.580	281	61	216
KT899950.1	k141_64863	3131	86.667	60	8	73.4
KT899950.1	k141_64863	3131	86.667	60	8	73.4
KT899950.1	k141_12627	1134	86.916	321	40	383
KT899950.1	k141_1423	2049	75.205	488	111	331
KT899950.1	k141_1423	2049	75.205	488	111	331
KT899950.1	k141_1423	2049	74.775	333	72	206
KT899950.1	k141_1423	2049	74.775	333	72	206
KT899950.1	k141_49826	350	79.609	358	59	312
KT899950.1	k141_24251	233	89.270	233	25	308
KT899950.1	k141_24251	233	89.270	233	25	308
KT899950.1	k141_52761	874	94.972	179	8	279
KT899950.1	k141_52761	874	94.972	179	8	279
KT899950.1	k141_6338	616	80.216	278	28	242
KT899950.1	k141_52030	890	77.211	294	51	221
KT899950.1	k141_32621	565	85.227	176	26	201
KT899950.1	k141_32332	432	83.660	153	16	163
KT899950.1	k141_11392	1458	88.976	127	12	159
KT899950.1	k141_57821	383	79.762	168	21	158
KT899950.1	k141_22335	443	89.524	105	11	141
KT899950.1	k141_48814	344	95.402	87	4	140
KT899950.1	k141_48814	344	95.402	87	4	140
KT899950.1	k141_2381	829	93.023	86	5	125
KT899950.1	k141_3386	1429	93.506	77	5	117
KT899950.1	k141_11191	785	94.366	71	4	111
KT899950.1	k141_11191	785	94.366	71	4	111
KT899950.1	k141_30810	358	95.000	60	3	96.0
KT899950.1	k141_30810	358	95.000	60	3	96.0
KT899950.1	k141_49428	978	80.808	99	11	87.8
KT899950.1	k141_49428	978	80.808	99	11	87.8
KT899950.1	k141_58357	9095	77.391	115	23	85.1
KT899950.1	k141_58357	9095	77.391	115	23	85.1
KT899950.1	k141_58357	9095	82.812	64	11	67.1
KT899950.1	k141_58357	9095	82.812	64	11	67.1
KT899950.1	k141_58357	9095	71.845	103	27	53.6
KT899950.1	k141_58357	9095	71.845	103	27	53.6
KT899950.1	k141_55476	2228	74.545	110	28	73.4
GU191334.1	k141_57472	56378	81.202	4543	852	4336
GU191334.1	k141_57472	56378	82.791	2458	420	2516
GU191334.1	k141_57472	56378	82.477	1421	249	1441
GU191334.1	k141_57472	56378	78.437	1702	361	1398
GU191334.1	k141_57472	56378	87.580	1087	133	1350
GU191334.1	k141_57472	56378	68.172	3720	1029	1236
GU191334.1	k141_57472	56378	71.046	2352	562	1162
GU191334.1	k141_57472	56378	70.555	1226	322	556
GU191334.1	k141_57472	56378	73.282	917	216	540
GU191334.1	k141_57472	56378	68.377	1423	409	517
GU191334.1	k141_57472	56378	76.587	709	157	517
GU191334.1	k141_57472	56378	74.204	628	113	384
GU191334.1	k141_57472	56378	75.854	439	98	304
GU191334.1	k141_57472	56378	69.900	701	201	296
GU191334.1	k141_57472	56378	83.333	246	41	260
GU191334.1	k141_57472	56378	67.015	670	217	198
GU191334.1	k141_57472	56378	77.778	207	38	165
GU191334.1	k141_57472	56378	78.191	188	41	155
GU191334.1	k141_57472	56378	79.762	168	27	143
GU191334.1	k141_57472	56378	81.538	130	24	127
GU191334.1	k141_57472	56378	96.053	76	3	124
GU191334.1	k141_57472	56378	87.879	99	6	122
GU191334.1	k141_57472	56378	98.551	69	1	121
GU191334.1	k141_57472	56378	90.909	88	7	120
GU191334.1	k141_57472	56378	94.667	75	4	118
GU191334.1	k141_57472	56378	92.405	79	6	116
GU191334.1	k141_57472	56378	93.151	73	5	110
GU191334.1	k141_57472	56378	83.333	108	13	110
GU191334.1	k141_57472	56378	77.273	132	30	104
GU191334.1	k141_57472	56378	81.651	109	19	104
GU191334.1	k141_57472	56378	92.754	69	5	103
GU191334.1	k141_57472	56378	87.059	85	9	102
GU191334.1	k141_57472	56378	77.483	151	25	101
GU191334.1	k141_57472	56378	90.411	73	7	101
GU191334.1	k141_57472	56378	65.258	426	108	93.3
GU191334.1	k141_57472	56378	76.190	126	30	93.3
GU191334.1	k141_57472	56378	64.783	531	167	93.3
GU191334.1	k141_57472	56378	79.167	120	18	93.3
GU191334.1	k141_57472	56378	88.406	69	8	89.7
GU191334.1	k141_57472	56378	81.176	85	16	82.4
GU191334.1	k141_57472	56378	80.822	73	14	69.8
GU191334.1	k141_57472	56378	85.484	62	8	68.9
GU191334.1	k141_57472	56378	76.744	86	20	66.2
GU191334.1	k141_57472	56378	63.839	224	32	66.2
GU191334.1	k141_57472	56378	65.652	230	79	59.9
GU191334.1	k141_57472	56378	88.636	44	5	58.1
GU191334.1	k141_57472	56378	80.000	55	11	50.9
GU191334.1	k141_57472	56378	73.529	68	18	42.8
GU191334.1	k141_65541	19417	84.972	2675	262	2936
GU191334.1	k141_65541	19417	84.972	2675	262	2936
GU191334.1	k141_65541	19417	87.893	1908	164	2397
GU191334.1	k141_65541	19417	87.893	1908	164	2397
GU191334.1	k141_65541	19417	85.784	1850	190	2113
GU191334.1	k141_65541	19417	85.784	1850	190	2113
GU191334.1	k141_65541	19417	79.618	942	147	820
GU191334.1	k141_65541	19417	79.618	942	147	820
GU191334.1	k141_65541	19417	76.126	666	152	473
GU191334.1	k141_65541	19417	71.947	524	147	283
GU191334.1	k141_65541	19417	73.913	437	111	269
GU191334.1	k141_65541	19417	79.032	310	61	252
GU191334.1	k141_65541	19417	79.592	196	40	174
GU191334.1	k141_65541	19417	95.946	74	3	121
GU191334.1	k141_65541	19417	95.946	74	3	121
GU191334.1	k141_65541	19417	90.667	75	7	104
GU191334.1	k141_65541	19417	90.667	75	7	104
GU191334.1	k141_65541	19417	85.526	76	11	88.7
GU191334.1	k141_65541	19417	86.667	45	6	55.4
GU191334.1	k141_65541	19417	82.609	46	8	48.2
GU191334.1	k141_16729	17661	81.429	1540	284	1481
GU191334.1	k141_16729	17661	81.754	707	126	683
GU191334.1	k141_16729	17661	81.362	558	97	526
GU191334.1	k141_16729	17661	78.132	471	103	386
GU191334.1	k141_16729	17661	66.989	1136	320	323
GU191334.1	k141_16729	17661	67.838	939	273	305
GU191334.1	k141_16729	17661	69.721	502	146	208
GU191334.1	k141_16729	17661	66.814	452	106	148
GU191334.1	k141_16729	17661	80.667	150	29	141
GU191334.1	k141_16729	17661	70.423	284	84	134
GU191334.1	k141_16729	17661	89.691	97	8	128
GU191334.1	k141_16729	17661	91.250	80	7	113
GU191334.1	k141_16729	17661	78.626	131	21	108
GU191334.1	k141_16729	17661	79.487	117	24	104
GU191334.1	k141_16729	17661	74.815	135	31	89.7
GU191334.1	k141_16729	17661	77.778	72	16	59.0
GU191334.1	k141_16729	17661	65.476	252	79	52.7
GU191334.1	k141_16729	17661	80.000	55	11	50.9
GU191334.1	k141_38631	12969	75.364	1717	406	1165
GU191334.1	k141_38631	12969	71.304	1833	493	915
GU191334.1	k141_38631	12969	74.433	1103	272	710
GU191334.1	k141_38631	12969	74.342	1177	274	706
GU191334.1	k141_38631	12969	76.923	299	61	218
GU191334.1	k141_38631	12969	73.754	301	75	182
GU191334.1	k141_38631	12969	82.857	140	24	145
GU191334.1	k141_38631	12969	92.771	83	6	123
GU191334.1	k141_38631	12969	72.436	156	43	88.7
GU191334.1	k141_5078	7018	75.697	897	209	612
GU191334.1	k141_5078	7018	75.703	782	158	538
GU191334.1	k141_5078	7018	67.916	427	133	139
GU191334.1	k141_5078	7018	67.434	304	99	103
GU191334.1	k141_5078	7018	77.778	72	16	59.0
GU191334.1	k141_64863	3131	73.206	892	200	486
GU191334.1	k141_64863	3131	73.206	892	200	486
GU191334.1	k141_64863	3131	77.224	281	62	212
GU191334.1	k141_64863	3131	77.224	281	62	212
GU191334.1	k141_64863	3131	88.333	60	7	77.9
GU191334.1	k141_64863	3131	88.333	60	7	77.9
GU191334.1	k141_1423	2049	74.219	512	123	319
GU191334.1	k141_1423	2049	74.219	512	123	319
GU191334.1	k141_1423	2049	74.777	337	69	213
GU191334.1	k141_1423	2049	74.777	337	69	213
GU191334.1	k141_12627	1134	77.558	303	68	241
GU191334.1	k141_5209	2275	70.192	520	140	240
GU191334.1	k141_5209	2275	77.778	216	48	174
GU191334.1	k141_5209	2275	89.873	79	8	107
GU191334.1	k141_48814	344	91.954	87	7	126
GU191334.1	k141_48814	344	91.954	87	7	126
GU191334.1	k141_3386	1429	97.297	74	2	125
GU191334.1	k141_32332	432	84.211	95	11	104
GU191334.1	k141_11191	785	90.141	71	7	97.8
GU191334.1	k141_11191	785	90.141	71	7	97.8
GU191334.1	k141_58357	9095	78.261	115	22	89.7
GU191334.1	k141_58357	9095	78.261	115	22	89.7
GU191334.1	k141_58357	9095	82.812	64	11	67.1
GU191334.1	k141_58357	9095	82.812	64	11	67.1
GU191334.1	k141_30810	358	92.982	57	4	86.0
GU191334.1	k141_30810	358	92.982	57	4	86.0
GU191334.1	k141_6338	616	92.857	56	4	84.2
GU191334.1	k141_52071	1035	85.938	64	8	72.5
GU191334.1	k141_55476	2228	77.778	81	18	66.2
