MZ962720.1	k141_9579	25182	91.298	7665	435	10787
MZ962720.1	k141_9579	25182	91.298	7665	435	10787
MZ962720.1	k141_9579	25182	90.364	3020	188	4165
MZ962720.1	k141_9579	25182	90.364	3020	188	4165
MZ962720.1	k141_9579	25182	86.055	1635	155	1929
MZ962720.1	k141_9579	25182	86.055	1635	155	1929
MZ962720.1	k141_9579	25182	86.241	705	52	844
MZ962720.1	k141_9579	25182	87.087	635	63	780
MZ962720.1	k141_9579	25182	87.087	635	63	780
MZ962720.1	k141_9579	25182	89.703	437	42	584
MZ962720.1	k141_9579	25182	89.703	437	42	584
MZ962720.1	k141_9579	25182	89.170	277	23	362
MZ962720.1	k141_9579	25182	89.170	277	23	362
MZ962720.1	k141_9579	25182	87.629	291	27	362
MZ962720.1	k141_9579	25182	87.629	291	27	362
MZ962720.1	k141_9579	25182	91.457	199	16	279
MZ962720.1	k141_9579	25182	91.457	199	16	279
MZ962720.1	k141_9579	25182	75.000	400	55	271
MZ962720.1	k141_9579	25182	75.000	400	55	271
MZ962720.1	k141_9579	25182	90.052	191	18	256
MZ962720.1	k141_9579	25182	78.808	302	58	253
MZ962720.1	k141_9579	25182	78.808	302	58	253
MZ962720.1	k141_9579	25182	78.970	233	28	201
MZ962720.1	k141_9579	25182	78.970	233	28	201
MZ962720.1	k141_9579	25182	80.357	168	24	150
MZ962720.1	k141_9579	25182	80.357	168	24	150
MZ962720.1	k141_9579	25182	81.618	136	19	130
MZ962720.1	k141_9579	25182	81.618	136	19	130
MZ962720.1	k141_9579	25182	89.024	82	5	107
MZ962720.1	k141_9579	25182	89.024	82	5	107
MZ962720.1	k141_9579	25182	94.595	37	2	59.0
MZ962720.1	k141_12490	82742	79.952	8410	1472	7488
MZ962720.1	k141_12490	82742	88.194	5226	569	6619
MZ962720.1	k141_12490	82742	79.219	5789	759	4966
MZ962720.1	k141_12490	82742	89.832	2626	244	3531
MZ962720.1	k141_12490	82742	80.590	3184	426	2882
MZ962720.1	k141_12490	82742	83.054	2325	346	2397
MZ962720.1	k141_12490	82742	88.331	1474	172	1884
MZ962720.1	k141_12490	82742	81.296	1775	280	1693
MZ962720.1	k141_12490	82742	78.945	1933	363	1628
MZ962720.1	k141_12490	82742	76.208	2173	337	1539
MZ962720.1	k141_12490	82742	89.910	1110	110	1490
MZ962720.1	k141_12490	82742	74.975	2018	412	1334
MZ962720.1	k141_12490	82742	76.684	1574	309	1142
MZ962720.1	k141_12490	82742	82.404	1040	119	1046
MZ962720.1	k141_12490	82742	85.597	854	107	974
MZ962720.1	k141_12490	82742	68.523	2119	525	785
MZ962720.1	k141_12490	82742	84.513	678	92	744
MZ962720.1	k141_12490	82742	70.981	1244	239	609
MZ962720.1	k141_12490	82742	73.033	953	212	579
MZ962720.1	k141_12490	82742	75.253	691	102	457
MZ962720.1	k141_12490	82742	78.293	539	117	445
MZ962720.1	k141_12490	82742	78.293	539	117	445
MZ962720.1	k141_12490	82742	71.459	925	152	444
MZ962720.1	k141_12490	82742	73.833	707	95	437
MZ962720.1	k141_12490	82742	69.790	1142	209	429
MZ962720.1	k141_12490	82742	82.217	433	60	423
MZ962720.1	k141_12490	82742	68.069	1212	245	380
MZ962720.1	k141_12490	82742	73.043	690	143	378
MZ962720.1	k141_12490	82742	75.577	520	100	350
MZ962720.1	k141_12490	82742	71.495	649	126	341
MZ962720.1	k141_12490	82742	66.428	1257	271	316
MZ962720.1	k141_12490	82742	70.721	666	142	298
MZ962720.1	k141_12490	82742	76.546	388	80	291
MZ962720.1	k141_12490	82742	86.066	244	29	283
MZ962720.1	k141_12490	82742	75.462	379	54	282
MZ962720.1	k141_12490	82742	85.652	230	28	267
MZ962720.1	k141_12490	82742	70.642	545	114	263
MZ962720.1	k141_12490	82742	85.463	227	23	252
MZ962720.1	k141_12490	82742	85.714	210	21	248
MZ962720.1	k141_12490	82742	85.714	210	21	248
MZ962720.1	k141_12490	82742	75.064	393	69	244
MZ962720.1	k141_12490	82742	80.784	255	44	235
MZ962720.1	k141_12490	82742	82.231	242	30	228
MZ962720.1	k141_12490	82742	83.333	216	24	221
MZ962720.1	k141_12490	82742	83.333	216	24	221
MZ962720.1	k141_12490	82742	90.123	162	9	214
MZ962720.1	k141_12490	82742	79.295	227	29	205
MZ962720.1	k141_12490	82742	79.295	227	29	205
MZ962720.1	k141_12490	82742	85.556	180	21	204
MZ962720.1	k141_12490	82742	81.818	198	29	197
MZ962720.1	k141_12490	82742	81.818	198	29	197
MZ962720.1	k141_12490	82742	77.642	246	47	190
MZ962720.1	k141_12490	82742	72.876	306	64	182
MZ962720.1	k141_12490	82742	90.299	134	12	180
MZ962720.1	k141_12490	82742	71.519	316	42	163
MZ962720.1	k141_12490	82742	85.135	148	18	163
MZ962720.1	k141_12490	82742	79.474	190	31	157
MZ962720.1	k141_12490	82742	79.474	190	31	157
MZ962720.1	k141_12490	82742	96.703	91	3	151
MZ962720.1	k141_12490	82742	76.355	203	48	150
MZ962720.1	k141_12490	82742	76.355	203	48	150
MZ962720.1	k141_12490	82742	97.727	88	2	150
MZ962720.1	k141_12490	82742	75.701	214	40	150
MZ962720.1	k141_12490	82742	92.308	104	7	149
MZ962720.1	k141_12490	82742	75.330	227	38	147
MZ962720.1	k141_12490	82742	79.630	162	33	144
MZ962720.1	k141_12490	82742	94.444	90	5	141
MZ962720.1	k141_12490	82742	79.012	162	33	136
MZ962720.1	k141_12490	82742	92.553	94	5	132
MZ962720.1	k141_12490	82742	66.545	550	160	131
MZ962720.1	k141_12490	82742	79.333	150	24	124
MZ962720.1	k141_12490	82742	85.981	107	14	123
MZ962720.1	k141_12490	82742	92.593	81	6	120
MZ962720.1	k141_12490	82742	89.888	89	6	119
MZ962720.1	k141_12490	82742	89.888	89	6	119
MZ962720.1	k141_12490	82742	95.890	73	2	115
MZ962720.1	k141_12490	82742	94.521	73	4	114
MZ962720.1	k141_12490	82742	77.852	149	27	113
MZ962720.1	k141_12490	82742	80.159	126	16	110
MZ962720.1	k141_12490	82742	80.159	126	16	110
MZ962720.1	k141_12490	82742	93.333	75	4	110
MZ962720.1	k141_12490	82742	77.397	146	28	106
MZ962720.1	k141_12490	82742	79.528	127	19	105
MZ962720.1	k141_12490	82742	83.838	99	12	102
MZ962720.1	k141_12490	82742	73.006	163	44	96.9
MZ962720.1	k141_12490	82742	81.111	90	17	86.9
MZ962720.1	k141_12490	82742	81.111	90	17	86.9
MZ962720.1	k141_12490	82742	81.111	90	17	86.9
MZ962720.1	k141_12490	82742	77.885	104	17	86.0
MZ962720.1	k141_12490	82742	77.885	104	17	86.0
MZ962720.1	k141_12490	82742	86.111	72	10	86.0
MZ962720.1	k141_12490	82742	78.947	95	13	84.2
MZ962720.1	k141_12490	82742	73.333	135	36	82.4
MZ962720.1	k141_12490	82742	77.228	101	23	79.7
MZ962720.1	k141_12490	82742	74.528	106	27	70.7
MZ962720.1	k141_12490	82742	73.529	102	27	63.5
MZ962720.1	k141_12490	82742	73.529	102	27	63.5
MZ962720.1	k141_12490	82742	73.134	67	18	41.0
MZ962720.1	k141_26020	17347	80.519	4471	686	4114
MZ962720.1	k141_26020	17347	80.519	4471	686	4114
MZ962720.1	k141_26020	17347	79.449	1995	386	1713
MZ962720.1	k141_26020	17347	76.473	2240	480	1617
MZ962720.1	k141_26020	17347	75.840	952	204	668
MZ962720.1	k141_26020	17347	84.823	593	88	657
MZ962720.1	k141_26020	17347	84.823	593	88	657
MZ962720.1	k141_26020	17347	79.156	379	73	320
MZ962720.1	k141_26020	17347	88.776	98	10	124
MZ962720.1	k141_41357	27293	70.909	1155	272	523
MZ962720.1	k141_41357	27293	70.909	1155	272	523
MZ962720.1	k141_32571	3315	91.124	338	25	475
MZ962720.1	k141_26634	25601	72.009	886	206	433
MZ962720.1	k141_26634	25601	72.009	886	206	433
MZ962720.1	k141_26634	25601	88.525	61	7	79.7
MZ962720.1	k141_26634	25601	88.525	61	7	79.7
MZ962720.1	k141_26634	25601	88.525	61	7	79.7
MZ962720.1	k141_24652	5711	93.252	163	11	245
MZ962720.1	k141_24652	5711	93.252	163	11	245
MZ962720.1	k141_9829	7036	89.103	156	16	202
MZ962720.1	k141_9829	7036	89.103	156	16	202
MZ962720.1	k141_47151	19623	70.362	442	129	200
MZ962720.1	k141_47151	19623	73.750	80	21	50.9
MZ962720.1	k141_41785	1843	66.087	575	113	156
MZ962720.1	k141_41785	1843	84.946	93	14	105
MZ962720.1	k141_41785	1843	84.946	93	14	105
MZ962720.1	k141_41997	3064	82.581	155	26	155
MZ962720.1	k141_5537	353	87.395	119	13	145
MZ962720.1	k141_5537	353	87.395	119	13	145
MZ962720.1	k141_11434	8706	97.619	84	2	143
MZ962720.1	k141_431	984	93.548	93	6	141
MZ962720.1	k141_431	984	93.548	93	6	141
MZ962720.1	k141_2798	1458	74.074	243	54	141
MZ962720.1	k141_2798	1458	74.074	243	54	141
MZ962720.1	k141_118	652	97.500	80	2	136
MZ962720.1	k141_118	652	97.500	80	2	136
MZ962720.1	k141_41990	28806	96.341	82	3	135
MZ962720.1	k141_41990	28806	96.341	82	3	135
MZ962720.1	k141_37293	3014	92.308	78	6	114
MZ962720.1	k141_37293	3014	77.273	66	15	52.7
MZ962720.1	k141_14639	18712	89.157	83	9	110
MZ962720.1	k141_8947	475	94.286	70	4	109
MZ962720.1	k141_8882	655	84.211	95	15	104
MZ962720.1	k141_24830	8640	80.000	125	15	100
MZ962720.1	k141_24830	8640	71.508	179	47	88.7
MZ962720.1	k141_24830	8640	71.508	179	47	88.7
MZ962720.1	k141_44006	958	93.750	64	4	98.7
MZ962720.1	k141_44006	958	93.750	64	4	98.7
MZ962720.1	k141_44006	958	93.750	64	4	98.7
MZ962720.1	k141_31828	7869	86.747	83	9	98.7
MZ962720.1	k141_31828	7869	75.281	89	22	62.6
MZ962720.1	k141_28889	365	94.737	57	3	90.6
MZ962720.1	k141_28189	529	89.231	65	6	83.3
MZ962720.1	k141_28189	529	89.231	65	6	83.3
MZ962720.1	k141_33180	9306	76.522	115	24	80.6
MZ962720.1	k141_33180	9306	76.522	115	24	80.6
MZ962720.1	k141_33180	9306	81.250	64	12	62.6
MZ962720.1	k141_33180	9306	81.250	64	12	62.6
MZ962720.1	k141_28999	22801	71.852	135	34	68.0
MZ962720.1	k141_44935	403	95.122	41	2	66.2
MZ962720.1	k141_44935	403	95.122	41	2	66.2
MZ962720.1	k141_6391	8489	90.698	43	4	60.8
MZ962720.1	k141_33313	7417	73.750	80	21	50.9
MZ962720.1	k141_5509	415	83.673	49	6	46.4
MZ962720.1	k141_5509	415	83.673	49	6	46.4
MZ962720.1	k141_5509	415	83.673	49	6	46.4
MZ962720.1	k141_5509	415	83.673	49	6	46.4
MZ962720.1	k141_5509	415	83.673	49	6	46.4
MZ962720.1	k141_44675	627	78.846	52	11	45.5
MZ962720.1	k141_44675	627	78.846	52	11	45.5
MZ962720.1	k141_36627	420	72.289	83	19	41.9
MZ962720.1	k141_36627	420	72.289	83	19	41.9
MZ962720.1	k141_20253	415	75.000	64	15	41.0
MZ962720.1	k141_20253	415	75.000	64	15	41.0
MH569081.1	k141_12490	82742	87.794	5440	595	6785
MH569081.1	k141_12490	82742	78.875	7446	1138	6265
MH569081.1	k141_12490	82742	82.951	3965	601	4099
MH569081.1	k141_12490	82742	89.341	2580	265	3409
MH569081.1	k141_12490	82742	84.456	2123	306	2345
MH569081.1	k141_12490	82742	85.751	1930	263	2239
MH569081.1	k141_12490	82742	87.575	1505	187	1872
MH569081.1	k141_12490	82742	83.275	1728	235	1795
MH569081.1	k141_12490	82742	84.952	1555	208	1755
MH569081.1	k141_12490	82742	86.299	1467	149	1733
MH569081.1	k141_12490	82742	79.367	2055	290	1709
MH569081.1	k141_12490	82742	79.190	1951	353	1678
MH569081.1	k141_12490	82742	81.058	1758	257	1675
MH569081.1	k141_12490	82742	74.989	2247	479	1513
MH569081.1	k141_12490	82742	80.074	1611	299	1452
MH569081.1	k141_12490	82742	78.475	1561	292	1255
MH569081.1	k141_12490	82742	86.108	979	99	1137
MH569081.1	k141_12490	82742	70.658	2372	538	1058
MH569081.1	k141_12490	82742	72.837	1653	322	914
MH569081.1	k141_12490	82742	84.824	626	83	699
MH569081.1	k141_12490	82742	76.235	972	144	696
MH569081.1	k141_12490	82742	81.583	695	124	676
MH569081.1	k141_12490	82742	69.654	1473	256	634
MH569081.1	k141_12490	82742	69.608	1224	202	535
MH569081.1	k141_12490	82742	77.948	653	101	496
MH569081.1	k141_12490	82742	69.360	1312	280	489
MH569081.1	k141_12490	82742	71.514	832	110	425
MH569081.1	k141_12490	82742	88.217	314	34	398
MH569081.1	k141_12490	82742	81.024	332	36	308
MH569081.1	k141_12490	82742	71.315	631	118	307
MH569081.1	k141_12490	82742	81.150	313	50	294
MH569081.1	k141_12490	82742	78.249	354	63	278
MH569081.1	k141_12490	82742	77.778	306	67	242
MH569081.1	k141_12490	82742	74.010	404	81	242
MH569081.1	k141_12490	82742	75.272	368	55	237
MH569081.1	k141_12490	82742	85.279	197	23	226
MH569081.1	k141_12490	82742	79.828	233	14	225
MH569081.1	k141_12490	82742	83.036	224	26	222
MH569081.1	k141_12490	82742	83.036	224	26	222
MH569081.1	k141_12490	82742	74.516	310	70	203
MH569081.1	k141_12490	82742	74.516	310	70	203
MH569081.1	k141_12490	82742	79.399	233	47	201
MH569081.1	k141_12490	82742	75.445	281	69	196
MH569081.1	k141_12490	82742	83.246	191	22	196
MH569081.1	k141_12490	82742	87.342	158	20	196
MH569081.1	k141_12490	82742	88.652	141	16	183
MH569081.1	k141_12490	82742	78.818	203	43	173
MH569081.1	k141_12490	82742	77.626	219	30	165
MH569081.1	k141_12490	82742	95.506	89	3	140
MH569081.1	k141_12490	82742	78.495	186	29	139
MH569081.1	k141_12490	82742	83.969	131	20	139
MH569081.1	k141_12490	82742	100.000	74	0	134
MH569081.1	k141_12490	82742	66.983	421	125	128
MH569081.1	k141_12490	82742	90.110	91	9	124
MH569081.1	k141_12490	82742	80.435	138	22	123
MH569081.1	k141_12490	82742	89.247	93	10	123
MH569081.1	k141_12490	82742	70.850	247	60	123
MH569081.1	k141_12490	82742	75.862	174	31	122
MH569081.1	k141_12490	82742	93.243	74	5	112
MH569081.1	k141_12490	82742	73.939	165	43	104
MH569081.1	k141_12490	82742	74.757	103	26	69.8
MH569081.1	k141_12490	82742	82.090	67	12	68.0
MH569081.1	k141_12490	82742	91.111	45	4	64.4
MH569081.1	k141_12490	82742	91.111	45	4	64.4
MH569081.1	k141_12490	82742	76.056	71	17	52.7
MH569081.1	k141_12490	82742	78.261	69	12	47.3
MH569081.1	k141_12490	82742	67.516	157	49	47.3
MH569081.1	k141_12490	82742	79.592	49	10	44.6
MH569081.1	k141_9579	25182	91.502	4354	232	6183
MH569081.1	k141_9579	25182	91.502	4354	232	6183
MH569081.1	k141_9579	25182	93.296	3028	126	4534
MH569081.1	k141_9579	25182	93.296	3028	126	4534
MH569081.1	k141_9579	25182	92.346	2848	149	4140
MH569081.1	k141_9579	25182	92.346	2848	149	4140
MH569081.1	k141_9579	25182	90.545	2274	120	3110
MH569081.1	k141_9579	25182	90.545	2274	120	3110
MH569081.1	k141_9579	25182	85.117	1149	121	1266
MH569081.1	k141_9579	25182	85.117	1149	121	1266
MH569081.1	k141_9579	25182	83.523	880	126	924
MH569081.1	k141_9579	25182	83.523	880	126	924
MH569081.1	k141_9579	25182	80.928	797	99	737
MH569081.1	k141_9579	25182	80.928	797	99	737
MH569081.1	k141_9579	25182	79.280	806	104	673
MH569081.1	k141_9579	25182	79.280	806	104	673
MH569081.1	k141_9579	25182	91.034	435	38	606
MH569081.1	k141_9579	25182	91.034	435	38	606
MH569081.1	k141_9579	25182	82.251	462	46	461
MH569081.1	k141_9579	25182	82.251	462	46	461
MH569081.1	k141_9579	25182	76.010	396	36	326
MH569081.1	k141_9579	25182	76.010	396	36	326
MH569081.1	k141_9579	25182	83.929	224	18	250
MH569081.1	k141_9579	25182	83.929	224	18	250
MH569081.1	k141_9579	25182	79.412	102	16	86.0
MH569081.1	k141_9579	25182	97.674	43	1	74.3
MH569081.1	k141_9579	25182	97.674	43	1	74.3
MH569081.1	k141_9579	25182	89.362	47	5	63.5
MH569081.1	k141_9579	25182	94.872	39	2	62.6
MH569081.1	k141_26020	17347	77.583	4336	762	3424
MH569081.1	k141_26020	17347	82.302	1955	307	1948
MH569081.1	k141_26020	17347	77.388	2251	448	1748
MH569081.1	k141_26020	17347	76.199	1126	228	805
MH569081.1	k141_26020	17347	74.978	1135	243	759
MH569081.1	k141_26020	17347	77.695	538	89	426
MH569081.1	k141_26020	17347	86.508	126	15	144
MH569081.1	k141_26020	17347	86.508	126	15	144
MH569081.1	k141_26020	17347	90.698	43	4	60.8
MH569081.1	k141_26020	17347	90.698	43	4	60.8
MH569081.1	k141_26020	17347	78.723	47	10	41.0
MH569081.1	k141_41357	27293	71.130	1150	274	526
MH569081.1	k141_41357	27293	71.130	1150	274	526
MH569081.1	k141_41357	27293	75.120	209	50	136
MH569081.1	k141_41357	27293	75.120	209	50	136
MH569081.1	k141_32571	3315	93.691	317	20	482
MH569081.1	k141_26634	25601	72.551	878	208	460
MH569081.1	k141_26634	25601	72.551	878	208	460
MH569081.1	k141_26634	25601	76.265	257	59	182
MH569081.1	k141_26634	25601	76.265	257	59	182
MH569081.1	k141_26634	25601	90.164	61	6	84.2
MH569081.1	k141_26634	25601	90.164	61	6	84.2
MH569081.1	k141_47151	19623	72.727	429	109	236
MH569081.1	k141_47151	19623	73.750	80	21	50.9
MH569081.1	k141_41785	1843	70.276	471	66	218
MH569081.1	k141_41785	1843	82.418	91	16	93.3
MH569081.1	k141_24652	5711	86.792	159	17	187
MH569081.1	k141_24652	5711	86.792	159	17	187
MH569081.1	k141_11434	8706	82.581	155	22	159
MH569081.1	k141_41997	3064	90.435	115	11	159
MH569081.1	k141_41997	3064	97.436	39	1	67.1
MH569081.1	k141_118	652	86.614	127	11	150
MH569081.1	k141_118	652	86.614	127	11	150
MH569081.1	k141_431	984	95.506	89	4	143
MH569081.1	k141_431	984	95.506	89	4	143
MH569081.1	k141_2798	1458	73.333	240	59	141
MH569081.1	k141_2798	1458	73.333	240	59	141
MH569081.1	k141_41990	28806	97.561	82	2	140
MH569081.1	k141_41990	28806	97.561	82	2	140
MH569081.1	k141_5537	353	84.874	119	16	132
MH569081.1	k141_5537	353	84.874	119	16	132
MH569081.1	k141_9829	7036	81.429	140	16	132
MH569081.1	k141_9829	7036	81.429	140	16	132
MH569081.1	k141_8873	438	81.818	132	19	131
MH569081.1	k141_8873	438	81.818	132	19	131
MH569081.1	k141_37293	3014	94.521	73	4	114
MH569081.1	k141_37293	3014	80.000	70	14	64.4
MH569081.1	k141_14639	18712	90.361	83	8	114
MH569081.1	k141_8947	475	94.286	70	4	109
MH569081.1	k141_44006	958	96.875	64	2	107
MH569081.1	k141_44006	958	96.875	64	2	107
MH569081.1	k141_24830	8640	91.781	73	6	105
MH569081.1	k141_24830	8640	73.184	179	44	102
MH569081.1	k141_24830	8640	73.184	179	44	102
MH569081.1	k141_8882	655	81.731	104	19	103
MH569081.1	k141_28189	529	93.846	65	3	96.9
MH569081.1	k141_28189	529	93.846	65	3	96.9
MH569081.1	k141_31828	7869	85.000	80	12	91.5
MH569081.1	k141_31828	7869	75.281	89	22	62.6
MH569081.1	k141_33180	9306	77.391	115	23	85.1
MH569081.1	k141_33180	9306	77.391	115	23	85.1
MH569081.1	k141_33180	9306	81.250	64	12	62.6
MH569081.1	k141_33180	9306	81.250	64	12	62.6
MH569081.1	k141_28889	365	89.474	57	6	77.0
MH569081.1	k141_6391	8489	93.023	43	3	65.3
MH569081.1	k141_44935	403	92.683	41	3	61.7
MH569081.1	k141_44935	403	92.683	41	3	61.7
MH569081.1	k141_11855	449	74.359	78	6	59.9
MH569081.1	k141_11855	449	74.359	78	6	59.9
MH569081.1	k141_33313	7417	73.750	80	21	50.9
MH569081.1	k141_9648	6767	87.179	39	5	49.1
MH569081.1	k141_7540	19365	82.927	41	7	43.7
NC_033978.1	k141_12490	82742	86.976	13882	1357	16903
NC_033978.1	k141_12490	82742	81.754	10128	1000	10009
NC_033978.1	k141_12490	82742	93.634	5592	315	8463
NC_033978.1	k141_12490	82742	84.494	6952	649	7731
NC_033978.1	k141_12490	82742	85.321	4728	475	5406
NC_033978.1	k141_12490	82742	87.049	3521	294	4301
NC_033978.1	k141_12490	82742	87.366	2984	251	3715
NC_033978.1	k141_12490	82742	86.015	2374	205	2769
NC_033978.1	k141_12490	82742	85.560	2313	273	2636
NC_033978.1	k141_12490	82742	81.684	2648	386	2557
NC_033978.1	k141_12490	82742	81.362	2672	308	2556
NC_033978.1	k141_12490	82742	86.765	2025	198	2449
NC_033978.1	k141_12490	82742	91.317	1336	95	1888
NC_033978.1	k141_12490	82742	77.673	1917	211	1566
NC_033978.1	k141_12490	82742	85.270	1222	125	1366
NC_033978.1	k141_12490	82742	74.029	2033	281	1293
NC_033978.1	k141_12490	82742	83.866	1190	124	1288
NC_033978.1	k141_12490	82742	79.328	1340	142	1146
NC_033978.1	k141_12490	82742	83.871	1023	95	1093
NC_033978.1	k141_12490	82742	79.398	1097	111	938
NC_033978.1	k141_12490	82742	73.951	1359	194	869
NC_033978.1	k141_12490	82742	77.419	1054	136	835
NC_033978.1	k141_12490	82742	69.890	1541	177	775
NC_033978.1	k141_12490	82742	78.987	671	86	557
NC_033978.1	k141_12490	82742	79.059	659	69	544
NC_033978.1	k141_12490	82742	80.645	496	55	450
NC_033978.1	k141_12490	82742	80.174	459	53	407
NC_033978.1	k141_12490	82742	71.846	547	77	295
NC_033978.1	k141_12490	82742	78.485	330	38	265
NC_033978.1	k141_12490	82742	92.908	141	5	210
NC_033978.1	k141_12490	82742	92.908	141	5	210
NC_033978.1	k141_12490	82742	92.908	141	5	210
NC_033978.1	k141_12490	82742	77.736	265	43	200
NC_033978.1	k141_12490	82742	70.777	373	66	176
NC_033978.1	k141_12490	82742	64.889	769	149	171
NC_033978.1	k141_12490	82742	77.778	207	27	161
NC_033978.1	k141_12490	82742	95.960	99	3	158
NC_033978.1	k141_12490	82742	76.804	194	24	153
NC_033978.1	k141_12490	82742	77.500	160	25	128
NC_033978.1	k141_12490	82742	91.566	83	6	115
NC_033978.1	k141_12490	82742	65.455	550	166	113
NC_033978.1	k141_12490	82742	65.909	440	142	107
NC_033978.1	k141_12490	82742	93.182	44	3	67.1
NC_033978.1	k141_12490	82742	94.872	39	2	62.6
NC_033978.1	k141_12490	82742	94.872	39	2	62.6
NC_033978.1	k141_12490	82742	92.500	40	3	59.9
NC_033978.1	k141_9579	25182	94.630	10671	348	16652
NC_033978.1	k141_9579	25182	95.027	10417	293	16442
NC_033978.1	k141_9579	25182	94.420	6129	213	9556
NC_033978.1	k141_9579	25182	94.420	6129	213	9556
NC_033978.1	k141_9579	25182	94.772	4782	128	7513
NC_033978.1	k141_9579	25182	94.772	4782	128	7513
NC_033978.1	k141_9579	25182	96.345	2298	63	3772
NC_033978.1	k141_9579	25182	96.345	2298	63	3772
NC_033978.1	k141_9579	25182	92.318	729	25	1077
NC_033978.1	k141_9579	25182	92.318	729	25	1077
NC_033978.1	k141_9579	25182	96.920	487	10	811
NC_033978.1	k141_9579	25182	96.920	487	10	811
NC_033978.1	k141_9579	25182	94.444	54	3	85.1
NC_033978.1	k141_9579	25182	94.444	54	3	85.1
NC_033978.1	k141_9579	25182	97.436	39	1	67.1
NC_033978.1	k141_9579	25182	90.476	42	4	59.0
NC_033978.1	k141_26020	17347	81.059	5818	730	5567
NC_033978.1	k141_26020	17347	85.791	3336	384	3821
NC_033978.1	k141_26020	17347	84.131	2445	317	2657
NC_033978.1	k141_26020	17347	73.390	2920	583	1812
NC_033978.1	k141_26020	17347	80.115	1393	226	1260
NC_033978.1	k141_26020	17347	81.967	244	32	231
NC_033978.1	k141_26020	17347	72.141	341	80	192
NC_033978.1	k141_26020	17347	78.986	138	29	119
NC_033978.1	k141_26020	17347	90.476	42	4	59.0
NC_033978.1	k141_26020	17347	90.476	42	4	59.0
NC_033978.1	k141_32571	3315	95.575	339	10	545
NC_033978.1	k141_26634	25601	72.862	877	207	465
NC_033978.1	k141_26634	25601	72.862	877	207	465
NC_033978.1	k141_26634	25601	78.292	281	59	225
NC_033978.1	k141_26634	25601	78.292	281	59	225
NC_033978.1	k141_26634	25601	86.885	61	8	75.2
NC_033978.1	k141_26634	25601	86.885	61	8	75.2
NC_033978.1	k141_41357	27293	74.812	532	123	348
NC_033978.1	k141_41357	27293	74.812	532	123	348
NC_033978.1	k141_41357	27293	75.161	467	94	290
NC_033978.1	k141_41357	27293	75.161	467	94	290
NC_033978.1	k141_24652	5711	98.675	151	2	264
NC_033978.1	k141_24652	5711	98.675	151	2	264
NC_033978.1	k141_9829	7036	99.286	140	1	249
NC_033978.1	k141_9829	7036	99.286	140	1	249
NC_033978.1	k141_41785	1843	68.675	581	89	240
NC_033978.1	k141_41785	1843	86.813	91	12	111
NC_033978.1	k141_47151	19623	68.349	654	189	227
NC_033978.1	k141_47151	19623	76.471	68	16	51.8
NC_033978.1	k141_431	984	92.683	123	9	182
NC_033978.1	k141_431	984	92.683	123	9	182
NC_033978.1	k141_11434	8706	84.416	154	7	172
NC_033978.1	k141_8873	438	85.821	134	8	162
NC_033978.1	k141_8873	438	85.821	134	8	162
NC_033978.1	k141_118	652	88.800	125	12	160
NC_033978.1	k141_118	652	88.800	125	12	160
NC_033978.1	k141_41997	3064	79.775	178	26	155
NC_033978.1	k141_41997	3064	78.462	130	18	100
NC_033978.1	k141_41997	3064	68.243	148	15	62.6
NC_033978.1	k141_24830	8640	89.076	119	11	154
NC_033978.1	k141_24830	8640	72.539	193	49	104
NC_033978.1	k141_24830	8640	72.539	193	49	104
NC_033978.1	k141_5537	353	88.235	119	12	150
NC_033978.1	k141_5537	353	88.235	119	12	150
NC_033978.1	k141_41990	28806	97.561	82	2	140
NC_033978.1	k141_8882	655	88.462	104	12	134
NC_033978.1	k141_14639	18712	95.181	83	4	132
NC_033978.1	k141_11855	449	88.350	103	2	132
NC_033978.1	k141_11855	449	88.350	103	2	132
NC_033978.1	k141_2798	1458	73.029	241	58	131
NC_033978.1	k141_2798	1458	73.029	241	58	131
NC_033978.1	k141_15356	877	84.298	121	18	130
NC_033978.1	k141_31828	7869	93.750	80	5	123
NC_033978.1	k141_31828	7869	77.922	77	17	63.5
NC_033978.1	k141_37293	3014	93.671	79	5	121
NC_033978.1	k141_37293	3014	77.049	61	14	48.2
NC_033978.1	k141_44006	958	96.875	64	2	107
NC_033978.1	k141_44006	958	96.875	64	2	107
NC_033978.1	k141_28189	529	96.875	64	1	104
NC_033978.1	k141_28189	529	96.875	64	1	104
NC_033978.1	k141_32477	891	85.057	87	3	104
NC_033978.1	k141_8947	475	91.429	70	6	100
NC_033978.1	k141_33180	9306	77.391	115	23	85.1
NC_033978.1	k141_33180	9306	77.391	115	23	85.1
NC_033978.1	k141_28889	365	91.379	58	5	83.3
NC_033978.1	k141_6391	8489	83.117	77	7	77.9
NC_033978.1	k141_23393	611	89.474	57	6	77.0
NC_033978.1	k141_23393	611	89.474	57	6	77.0
NC_033978.1	k141_33982	5217	82.432	74	13	76.1
NC_033978.1	k141_43270	5436	87.037	54	7	67.1
NC_033978.1	k141_44935	403	95.122	41	2	66.2
NC_033978.1	k141_44935	403	95.122	41	2	66.2
NC_033978.1	k141_7723	512	95.122	41	2	66.2
NC_033978.1	k141_7723	512	95.122	41	2	66.2
NC_033978.1	k141_27749	318	92.105	38	3	56.3
NC_033978.1	k141_33313	7417	76.471	68	16	51.8
NC_033978.1	k141_9648	6767	80.851	47	9	45.5
NC_033978.1	k141_18032	697	84.211	38	6	42.8
NC_033978.1	k141_415	594	80.952	42	8	41.0
NC_033978.1	k141_415	594	80.952	42	8	41.0
MW006668.1	k141_9579	25182	94.349	8299	240	12883
MW006668.1	k141_9579	25182	94.349	8299	240	12883
MW006668.1	k141_9579	25182	91.014	4852	329	6755
MW006668.1	k141_9579	25182	88.265	1176	103	1513
MW006668.1	k141_9579	25182	75.193	2076	288	1452
MW006668.1	k141_9579	25182	80.881	795	114	725
MW006668.1	k141_9579	25182	89.979	469	37	635
MW006668.1	k141_9579	25182	89.979	469	37	635
MW006668.1	k141_9579	25182	77.027	814	115	627
MW006668.1	k141_9579	25182	76.061	589	60	469
MW006668.1	k141_9579	25182	84.343	396	51	432
MW006668.1	k141_9579	25182	88.136	295	24	367
MW006668.1	k141_9579	25182	88.136	295	24	367
MW006668.1	k141_9579	25182	79.060	234	31	191
MW006668.1	k141_9579	25182	83.784	148	15	159
MW006668.1	k141_9579	25182	83.784	148	15	159
MW006668.1	k141_9579	25182	83.824	136	13	146
MW006668.1	k141_9579	25182	65.854	410	101	122
MW006668.1	k141_9579	25182	65.854	410	101	122
MW006668.1	k141_9579	25182	84.762	105	12	113
MW006668.1	k141_9579	25182	69.399	183	44	85.1
MW006668.1	k141_9579	25182	69.399	183	44	85.1
MW006668.1	k141_9579	25182	69.399	183	44	85.1
MW006668.1	k141_9579	25182	69.399	183	44	85.1
MW006668.1	k141_9579	25182	73.770	122	20	83.3
MW006668.1	k141_9579	25182	73.770	122	20	83.3
MW006668.1	k141_9579	25182	64.773	528	138	81.5
MW006668.1	k141_9579	25182	64.773	528	138	81.5
MW006668.1	k141_9579	25182	69.189	185	44	80.6
MW006668.1	k141_9579	25182	64.394	528	140	77.0
MW006668.1	k141_9579	25182	64.394	528	140	77.0
MW006668.1	k141_9579	25182	64.394	528	140	76.1
MW006668.1	k141_9579	25182	64.394	528	140	76.1
MW006668.1	k141_9579	25182	97.619	42	1	72.5
MW006668.1	k141_9579	25182	97.619	42	1	72.5
MW006668.1	k141_9579	25182	64.205	528	141	68.0
MW006668.1	k141_9579	25182	64.205	528	141	68.0
MW006668.1	k141_9579	25182	64.205	528	141	68.0
MW006668.1	k141_9579	25182	64.205	528	141	68.0
MW006668.1	k141_9579	25182	90.476	42	4	59.0
MW006668.1	k141_9579	25182	84.314	51	8	57.2
MW006668.1	k141_9579	25182	80.702	57	11	54.5
MW006668.1	k141_9579	25182	80.702	57	11	54.5
MW006668.1	k141_12490	82742	84.326	9321	1174	10229
MW006668.1	k141_12490	82742	91.279	5561	427	7800
MW006668.1	k141_12490	82742	84.605	5781	544	6464
MW006668.1	k141_12490	82742	86.421	4566	455	5444
MW006668.1	k141_12490	82742	88.728	3389	360	4383
MW006668.1	k141_12490	82742	86.598	3604	342	4314
MW006668.1	k141_12490	82742	81.217	4206	532	3995
MW006668.1	k141_12490	82742	79.053	3189	472	2718
MW006668.1	k141_12490	82742	75.620	3913	570	2706
MW006668.1	k141_12490	82742	84.706	2295	262	2511
MW006668.1	k141_12490	82742	84.657	2229	251	2443
MW006668.1	k141_12490	82742	76.208	3249	433	2361
MW006668.1	k141_12490	82742	86.460	1935	241	2292
MW006668.1	k141_12490	82742	80.000	1860	287	1678
MW006668.1	k141_12490	82742	74.178	2645	397	1674
MW006668.1	k141_12490	82742	78.166	1690	238	1395
MW006668.1	k141_12490	82742	91.357	914	71	1291
MW006668.1	k141_12490	82742	91.357	914	71	1291
MW006668.1	k141_12490	82742	80.194	1338	202	1159
MW006668.1	k141_12490	82742	78.229	1231	151	1001
MW006668.1	k141_12490	82742	78.229	1231	151	1001
MW006668.1	k141_12490	82742	72.978	1669	273	957
MW006668.1	k141_12490	82742	79.676	1048	144	907
MW006668.1	k141_12490	82742	85.847	756	77	864
MW006668.1	k141_12490	82742	79.017	834	105	725
MW006668.1	k141_12490	82742	76.618	757	107	559
MW006668.1	k141_12490	82742	76.618	757	107	559
MW006668.1	k141_12490	82742	73.478	739	106	463
MW006668.1	k141_12490	82742	88.162	321	19	407
MW006668.1	k141_12490	82742	73.071	609	84	373
MW006668.1	k141_12490	82742	80.808	396	51	363
MW006668.1	k141_12490	82742	80.000	390	49	343
MW006668.1	k141_12490	82742	80.000	390	49	343
MW006668.1	k141_12490	82742	85.408	233	11	279
MW006668.1	k141_12490	82742	66.949	944	170	276
MW006668.1	k141_12490	82742	78.641	309	41	256
MW006668.1	k141_12490	82742	71.429	434	64	220
MW006668.1	k141_12490	82742	70.354	452	97	209
MW006668.1	k141_12490	82742	87.425	167	14	209
MW006668.1	k141_12490	82742	77.698	278	32	209
MW006668.1	k141_12490	82742	67.119	663	138	200
MW006668.1	k141_12490	82742	81.132	212	31	184
MW006668.1	k141_12490	82742	89.313	131	13	170
MW006668.1	k141_12490	82742	77.674	215	30	166
MW006668.1	k141_12490	82742	76.096	251	43	162
MW006668.1	k141_12490	82742	80.571	175	23	155
MW006668.1	k141_12490	82742	76.818	220	34	151
MW006668.1	k141_12490	82742	78.022	182	28	150
MW006668.1	k141_12490	82742	72.047	254	43	137
MW006668.1	k141_12490	82742	76.471	170	40	127
MW006668.1	k141_12490	82742	92.941	85	6	127
MW006668.1	k141_12490	82742	77.922	154	24	125
MW006668.1	k141_12490	82742	94.872	78	4	123
MW006668.1	k141_12490	82742	94.872	78	4	123
MW006668.1	k141_12490	82742	79.021	143	18	116
MW006668.1	k141_12490	82742	79.021	143	18	116
MW006668.1	k141_12490	82742	76.433	157	35	114
MW006668.1	k141_12490	82742	66.339	407	119	102
MW006668.1	k141_12490	82742	75.200	125	26	86.9
MW006668.1	k141_12490	82742	80.460	87	17	81.5
MW006668.1	k141_12490	82742	93.478	46	3	70.7
MW006668.1	k141_12490	82742	89.796	49	5	67.1
MW006668.1	k141_12490	82742	89.796	49	5	67.1
MW006668.1	k141_12490	82742	68.927	177	53	65.3
MW006668.1	k141_12490	82742	84.211	57	9	63.5
MW006668.1	k141_12490	82742	84.211	57	9	63.5
MW006668.1	k141_12490	82742	94.872	39	2	62.6
MW006668.1	k141_12490	82742	94.872	39	2	62.6
MW006668.1	k141_12490	82742	89.130	46	5	61.7
MW006668.1	k141_12490	82742	92.500	40	3	59.9
MW006668.1	k141_12490	82742	86.000	50	6	56.3
MW006668.1	k141_12490	82742	89.189	37	4	50.0
MW006668.1	k141_12490	82742	78.431	51	11	43.7
MW006668.1	k141_26020	17347	80.257	5516	756	5050
MW006668.1	k141_26020	17347	80.257	5516	756	5050
MW006668.1	k141_26020	17347	84.724	4373	536	4823
MW006668.1	k141_26020	17347	84.724	4373	536	4823
MW006668.1	k141_26020	17347	80.078	2309	414	2047
MW006668.1	k141_26020	17347	84.211	133	20	142
MW006668.1	k141_26020	17347	90.476	42	4	59.0
MW006668.1	k141_26020	17347	88.636	44	5	58.1
MW006668.1	k141_26020	17347	88.636	44	5	58.1
MW006668.1	k141_26020	17347	78.723	47	10	41.0
MW006668.1	k141_32571	3315	93.510	339	17	513
MW006668.1	k141_32571	3315	93.510	339	17	513
MW006668.1	k141_26634	25601	71.850	881	210	438
MW006668.1	k141_26634	25601	71.850	881	210	438
MW006668.1	k141_26634	25601	78.292	281	59	225
MW006668.1	k141_26634	25601	78.292	281	59	225
MW006668.1	k141_26634	25601	85.246	61	9	70.7
MW006668.1	k141_26634	25601	85.246	61	9	70.7
MW006668.1	k141_41357	27293	74.436	532	125	339
MW006668.1	k141_41357	27293	74.436	532	125	339
MW006668.1	k141_41357	27293	74.732	467	102	280
MW006668.1	k141_41357	27293	74.732	467	102	280
MW006668.1	k141_41785	1843	69.497	577	91	248
MW006668.1	k141_41785	1843	84.615	91	14	102
MW006668.1	k141_41785	1843	84.615	91	14	102
MW006668.1	k141_11434	8706	87.958	191	23	242
MW006668.1	k141_9829	7036	97.203	143	2	238
MW006668.1	k141_9829	7036	97.203	143	2	238
MW006668.1	k141_24652	5711	96.923	130	4	217
MW006668.1	k141_24652	5711	96.923	130	4	217
MW006668.1	k141_47151	19623	70.794	428	119	205
MW006668.1	k141_47151	19623	77.941	68	15	56.3
MW006668.1	k141_431	984	95.122	123	6	196
MW006668.1	k141_431	984	95.122	123	6	196
MW006668.1	k141_41997	3064	80.597	201	23	175
MW006668.1	k141_41997	3064	77.027	148	24	101
MW006668.1	k141_41997	3064	69.231	169	28	70.7
MW006668.1	k141_118	652	87.200	125	14	151
MW006668.1	k141_118	652	87.200	125	14	151
MW006668.1	k141_8873	438	85.600	125	17	141
MW006668.1	k141_14639	18712	95.238	84	4	134
MW006668.1	k141_14639	18712	95.238	84	4	134
MW006668.1	k141_5537	353	84.034	119	17	127
MW006668.1	k141_41990	28806	94.937	79	4	125
MW006668.1	k141_41990	28806	94.937	79	4	125
MW006668.1	k141_2798	1458	72.199	241	60	122
MW006668.1	k141_2798	1458	72.199	241	60	122
MW006668.1	k141_37293	3014	93.671	79	5	121
MW006668.1	k141_37293	3014	77.193	57	13	45.5
MW006668.1	k141_8882	655	84.615	104	16	116
MW006668.1	k141_44006	958	98.438	64	1	112
MW006668.1	k141_44006	958	98.438	64	1	112
MW006668.1	k141_44006	958	85.714	42	6	50.0
MW006668.1	k141_31828	7869	92.105	76	6	111
MW006668.1	k141_31828	7869	79.747	79	16	71.6
MW006668.1	k141_8947	475	92.857	70	5	104
MW006668.1	k141_24830	8640	91.429	70	6	100
MW006668.1	k141_24830	8640	71.204	191	55	97.8
MW006668.1	k141_24830	8640	90.000	70	7	96.0
MW006668.1	k141_24830	8640	90.000	70	7	96.0
MW006668.1	k141_28189	529	93.750	64	4	98.7
MW006668.1	k141_28189	529	93.750	64	4	98.7
MW006668.1	k141_32477	891	76.190	105	7	85.1
MW006668.1	k141_33180	9306	77.391	115	23	85.1
MW006668.1	k141_33180	9306	77.391	115	23	85.1
MW006668.1	k141_28889	365	91.379	58	5	83.3
MW006668.1	k141_6391	8489	97.826	46	1	79.7
MW006668.1	k141_6391	8489	97.826	46	1	79.7
MW006668.1	k141_27749	318	97.368	38	1	65.3
MW006668.1	k141_44935	403	92.683	41	3	61.7
MW006668.1	k141_44935	403	92.683	41	3	61.7
MW006668.1	k141_32580	525	94.595	37	2	59.0
MW006668.1	k141_33313	7417	77.941	68	15	56.3
MW006668.1	k141_415	594	83.721	43	7	47.3
MW006668.1	k141_45502	386	84.211	38	6	42.8
MW006668.1	k141_45502	386	84.211	38	6	42.8
MW006668.1	k141_36737	402	82.051	39	7	40.1
MW435436.1	k141_9579	25182	96.644	8225	174	13582
MW435436.1	k141_9579	25182	96.644	8225	174	13582
MW435436.1	k141_9579	25182	93.148	6451	260	9684
MW435436.1	k141_9579	25182	93.148	6451	260	9684
MW435436.1	k141_9579	25182	94.972	3162	106	4980
MW435436.1	k141_9579	25182	94.972	3162	106	4980
MW435436.1	k141_9579	25182	95.801	2310	64	3736
MW435436.1	k141_9579	25182	95.801	2310	64	3736
MW435436.1	k141_9579	25182	88.591	2384	180	3062
MW435436.1	k141_9579	25182	88.591	2384	180	3062
MW435436.1	k141_9579	25182	94.418	1451	45	2258
MW435436.1	k141_9579	25182	94.418	1451	45	2258
MW435436.1	k141_9579	25182	83.981	824	29	948
MW435436.1	k141_9579	25182	83.981	824	29	948
MW435436.1	k141_9579	25182	95.445	483	22	773
MW435436.1	k141_9579	25182	95.445	483	22	773
MW435436.1	k141_9579	25182	92.857	42	3	63.5
MW435436.1	k141_9579	25182	89.744	39	4	53.6
MW435436.1	k141_12490	82742	87.012	10910	1177	13278
MW435436.1	k141_12490	82742	80.232	13886	1636	12783
MW435436.1	k141_12490	82742	91.201	5728	392	8074
MW435436.1	k141_12490	82742	83.717	6123	593	6583
MW435436.1	k141_12490	82742	89.637	3059	233	4101
MW435436.1	k141_12490	82742	80.254	4401	610	3951
MW435436.1	k141_12490	82742	86.857	2975	281	3626
MW435436.1	k141_12490	82742	79.639	3379	410	3000
MW435436.1	k141_12490	82742	79.548	2875	331	2550
MW435436.1	k141_12490	82742	84.869	2095	186	2364
MW435436.1	k141_12490	82742	84.879	2103	256	2343
MW435436.1	k141_12490	82742	77.916	2178	333	1727
MW435436.1	k141_12490	82742	83.523	1578	199	1689
MW435436.1	k141_12490	82742	88.050	1113	86	1401
MW435436.1	k141_12490	82742	78.290	1474	192	1205
MW435436.1	k141_12490	82742	81.332	1216	127	1161
MW435436.1	k141_12490	82742	83.874	1048	100	1150
MW435436.1	k141_12490	82742	82.652	807	97	801
MW435436.1	k141_12490	82742	75.027	917	141	598
MW435436.1	k141_12490	82742	88.521	453	48	578
MW435436.1	k141_12490	82742	88.521	453	48	578
MW435436.1	k141_12490	82742	77.424	722	81	561
MW435436.1	k141_12490	82742	82.222	495	57	489
MW435436.1	k141_12490	82742	71.727	909	143	480
MW435436.1	k141_12490	82742	77.895	570	75	457
MW435436.1	k141_12490	82742	76.133	662	104	450
MW435436.1	k141_12490	82742	81.963	438	46	428
MW435436.1	k141_12490	82742	67.213	671	91	254
MW435436.1	k141_12490	82742	79.592	245	14	236
MW435436.1	k141_12490	82742	92.453	159	12	233
MW435436.1	k141_12490	82742	76.224	286	32	220
MW435436.1	k141_12490	82742	92.414	145	11	213
MW435436.1	k141_12490	82742	92.414	145	11	213
MW435436.1	k141_12490	82742	89.241	158	17	209
MW435436.1	k141_12490	82742	66.820	654	125	177
MW435436.1	k141_12490	82742	80.571	175	21	152
MW435436.1	k141_12490	82742	93.750	96	5	143
MW435436.1	k141_12490	82742	71.160	319	55	141
MW435436.1	k141_12490	82742	67.419	399	116	129
MW435436.1	k141_12490	82742	78.226	124	27	103
MW435436.1	k141_12490	82742	74.026	154	27	101
MW435436.1	k141_12490	82742	91.489	47	4	68.0
MW435436.1	k141_12490	82742	89.362	47	5	63.5
MW435436.1	k141_12490	82742	94.872	39	2	62.6
MW435436.1	k141_12490	82742	94.872	39	2	62.6
MW435436.1	k141_12490	82742	68.841	138	21	49.1
MW435436.1	k141_26020	17347	80.365	10899	1517	10015
MW435436.1	k141_26020	17347	83.510	2268	325	2404
MW435436.1	k141_26020	17347	83.443	1981	279	2094
MW435436.1	k141_26020	17347	73.834	2595	495	1632
MW435436.1	k141_26020	17347	76.398	322	54	232
MW435436.1	k141_26020	17347	76.398	322	54	232
MW435436.1	k141_26020	17347	90.476	42	4	59.0
MW435436.1	k141_26020	17347	90.476	42	4	59.0
MW435436.1	k141_41357	27293	71.169	1155	265	535
MW435436.1	k141_41357	27293	71.169	1155	265	535
MW435436.1	k141_32571	3315	93.805	339	16	517
MW435436.1	k141_26634	25601	72.645	881	202	457
MW435436.1	k141_26634	25601	72.645	881	202	457
MW435436.1	k141_26634	25601	77.936	281	60	221
MW435436.1	k141_26634	25601	77.936	281	60	221
MW435436.1	k141_26634	25601	86.885	61	8	75.2
MW435436.1	k141_26634	25601	86.885	61	8	75.2
MW435436.1	k141_24652	5711	95.181	166	5	262
MW435436.1	k141_24652	5711	95.181	166	5	262
MW435436.1	k141_9829	7036	100.000	140	0	253
MW435436.1	k141_9829	7036	100.000	140	0	253
MW435436.1	k141_41785	1843	70.711	478	66	240
MW435436.1	k141_41785	1843	83.146	89	15	94.2
MW435436.1	k141_47151	19623	68.702	655	185	235
MW435436.1	k141_47151	19623	75.000	68	17	47.3
MW435436.1	k141_431	984	95.122	123	6	196
MW435436.1	k141_431	984	95.122	123	6	196
MW435436.1	k141_8873	438	96.040	101	4	165
MW435436.1	k141_8873	438	96.040	101	4	165
MW435436.1	k141_24830	8640	87.313	134	10	163
MW435436.1	k141_24830	8640	72.527	182	46	98.7
MW435436.1	k141_24830	8640	72.527	182	46	98.7
MW435436.1	k141_5537	353	89.076	119	11	154
MW435436.1	k141_5537	353	89.076	119	11	154
MW435436.1	k141_118	652	88.430	121	12	153
MW435436.1	k141_118	652	88.430	121	12	153
MW435436.1	k141_41997	3064	83.582	134	9	146
MW435436.1	k141_41997	3064	71.111	135	14	73.4
MW435436.1	k141_11434	8706	81.875	160	20	144
MW435436.1	k141_14639	18712	96.386	83	3	137
MW435436.1	k141_11855	449	88.119	101	4	132
MW435436.1	k141_11855	449	88.119	101	4	132
MW435436.1	k141_41990	28806	95.000	80	4	127
MW435436.1	k141_2798	1458	72.614	241	59	126
MW435436.1	k141_2798	1458	72.614	241	59	126
MW435436.1	k141_37293	3014	92.405	79	6	116
MW435436.1	k141_37293	3014	77.193	57	13	45.5
MW435436.1	k141_8882	655	86.316	95	13	113
MW435436.1	k141_15356	877	80.833	120	22	110
MW435436.1	k141_31828	7869	90.000	80	8	109
MW435436.1	k141_31828	7869	75.325	77	19	54.5
MW435436.1	k141_44006	958	96.875	64	2	107
MW435436.1	k141_44006	958	96.875	64	2	107
MW435436.1	k141_28189	529	96.875	64	1	104
MW435436.1	k141_28189	529	96.875	64	1	104
MW435436.1	k141_32477	891	84.615	91	5	96.9
MW435436.1	k141_8947	475	88.571	70	8	91.5
MW435436.1	k141_28889	365	93.103	58	4	87.8
MW435436.1	k141_33180	9306	77.391	115	23	85.1
MW435436.1	k141_33180	9306	77.391	115	23	85.1
MW435436.1	k141_29724	442	91.071	56	5	79.7
MW435436.1	k141_29724	442	91.071	56	5	79.7
MW435436.1	k141_6391	8489	97.674	43	1	74.3
MW435436.1	k141_23393	611	89.091	55	6	73.4
MW435436.1	k141_23393	611	89.091	55	6	73.4
MW435436.1	k141_44935	403	95.122	41	2	66.2
MW435436.1	k141_44935	403	95.122	41	2	66.2
MW435436.1	k141_7723	512	95.122	41	2	66.2
MW435436.1	k141_7723	512	95.122	41	2	66.2
MW435436.1	k141_27749	318	97.368	38	1	65.3
MW435436.1	k141_9648	6767	84.000	50	7	51.8
MW435436.1	k141_28999	22801	73.750	80	21	50.9
MW435436.1	k141_28999	22801	73.750	80	21	50.9
MW435436.1	k141_33313	7417	75.000	68	17	47.3
MW435436.1	k141_18032	697	84.211	38	6	42.8
MW435436.1	k141_415	594	80.952	42	8	41.0
MW435436.1	k141_415	594	80.952	42	8	41.0
NC_037882.1	k141_12490	82742	91.114	13504	862	18951
NC_037882.1	k141_12490	82742	88.674	10445	687	13626
NC_037882.1	k141_12490	82742	92.887	8365	435	12354
NC_037882.1	k141_12490	82742	88.767	6089	368	7953
NC_037882.1	k141_12490	82742	85.546	5694	400	6575
NC_037882.1	k141_12490	82742	92.150	3605	194	5239
NC_037882.1	k141_12490	82742	87.308	4168	393	5093
NC_037882.1	k141_12490	82742	85.176	4324	346	4873
NC_037882.1	k141_12490	82742	82.983	2997	242	3199
NC_037882.1	k141_12490	82742	86.604	2568	196	3061
NC_037882.1	k141_12490	82742	88.874	2202	166	2889
NC_037882.1	k141_12490	82742	79.219	2767	251	2443
NC_037882.1	k141_12490	82742	88.438	1825	150	2351
NC_037882.1	k141_12490	82742	79.560	2138	221	1887
NC_037882.1	k141_12490	82742	84.087	1703	172	1849
NC_037882.1	k141_12490	82742	79.074	1835	180	1596
NC_037882.1	k141_12490	82742	78.166	1745	185	1422
NC_037882.1	k141_12490	82742	94.226	866	27	1340
NC_037882.1	k141_12490	82742	82.232	878	77	880
NC_037882.1	k141_12490	82742	88.991	545	37	702
NC_037882.1	k141_12490	82742	79.231	650	69	574
NC_037882.1	k141_12490	82742	83.712	528	55	553
NC_037882.1	k141_12490	82742	72.692	769	78	434
NC_037882.1	k141_12490	82742	89.000	200	19	256
NC_037882.1	k141_12490	82742	94.771	153	8	241
NC_037882.1	k141_12490	82742	86.070	201	22	224
NC_037882.1	k141_12490	82742	98.374	123	2	214
NC_037882.1	k141_12490	82742	98.374	123	2	214
NC_037882.1	k141_12490	82742	73.432	271	41	166
NC_037882.1	k141_12490	82742	91.509	106	9	151
NC_037882.1	k141_12490	82742	98.780	82	1	144
NC_037882.1	k141_12490	82742	77.419	124	28	98.7
NC_037882.1	k141_12490	82742	75.397	126	31	88.7
NC_037882.1	k141_12490	82742	97.872	47	1	81.5
NC_037882.1	k141_12490	82742	97.619	42	1	72.5
NC_037882.1	k141_12490	82742	95.238	42	2	68.0
NC_037882.1	k141_12490	82742	93.182	44	3	67.1
NC_037882.1	k141_12490	82742	92.308	39	3	58.1
NC_037882.1	k141_12490	82742	92.308	39	3	58.1
NC_037882.1	k141_9579	25182	96.652	10602	197	17567
NC_037882.1	k141_9579	25182	97.038	10365	149	17356
NC_037882.1	k141_9579	25182	96.433	5831	121	9616
NC_037882.1	k141_9579	25182	96.433	5831	121	9616
NC_037882.1	k141_9579	25182	97.150	4842	70	8122
NC_037882.1	k141_9579	25182	97.150	4842	70	8122
NC_037882.1	k141_9579	25182	97.297	2812	48	4727
NC_037882.1	k141_9579	25182	97.297	2812	48	4727
NC_037882.1	k141_9579	25182	95.633	458	14	737
NC_037882.1	k141_9579	25182	95.633	458	14	737
NC_037882.1	k141_9579	25182	93.113	363	7	541
NC_037882.1	k141_9579	25182	93.113	363	7	541
NC_037882.1	k141_9579	25182	95.238	42	2	68.0
NC_037882.1	k141_9579	25182	92.308	39	3	58.1
NC_037882.1	k141_9579	25182	82.143	56	6	42.8
NC_037882.1	k141_9579	25182	82.143	56	6	42.8
NC_037882.1	k141_26020	17347	86.084	10441	942	12284
NC_037882.1	k141_26020	17347	87.235	2546	272	3107
NC_037882.1	k141_26020	17347	75.468	3950	674	2805
NC_037882.1	k141_26020	17347	79.023	348	57	296
NC_037882.1	k141_26020	17347	85.106	141	21	160
NC_037882.1	k141_26020	17347	86.667	45	6	55.4
NC_037882.1	k141_32571	3315	95.280	339	11	540
NC_037882.1	k141_26634	25601	72.748	877	208	461
NC_037882.1	k141_26634	25601	72.748	877	208	461
NC_037882.1	k141_26634	25601	77.936	281	60	221
NC_037882.1	k141_26634	25601	77.936	281	60	221
NC_037882.1	k141_26634	25601	86.885	61	8	75.2
NC_037882.1	k141_26634	25601	86.885	61	8	75.2
NC_037882.1	k141_41357	27293	74.624	532	124	343
NC_037882.1	k141_41357	27293	74.624	532	124	343
NC_037882.1	k141_41357	27293	74.522	471	90	287
NC_037882.1	k141_41357	27293	74.522	471	90	287
NC_037882.1	k141_41785	1843	72.557	481	58	286
NC_037882.1	k141_41785	1843	84.615	91	14	102
NC_037882.1	k141_24652	5711	98.693	153	2	268
NC_037882.1	k141_24652	5711	98.693	153	2	268
NC_037882.1	k141_9829	7036	99.286	140	1	249
NC_037882.1	k141_9829	7036	99.286	140	1	249
NC_037882.1	k141_8873	438	98.413	126	2	219
NC_037882.1	k141_8873	438	98.413	126	2	219
NC_037882.1	k141_11434	8706	89.241	158	17	209
NC_037882.1	k141_47151	19623	67.939	655	190	208
NC_037882.1	k141_431	984	95.935	123	5	200
NC_037882.1	k141_431	984	95.935	123	5	200
NC_037882.1	k141_24830	8640	94.958	119	5	185
NC_037882.1	k141_24830	8640	72.021	193	50	100
NC_037882.1	k141_24830	8640	72.021	193	50	100
NC_037882.1	k141_118	652	87.200	125	14	151
NC_037882.1	k141_118	652	87.200	125	14	151
NC_037882.1	k141_5537	353	88.235	119	12	150
NC_037882.1	k141_5537	353	88.235	119	12	150
NC_037882.1	k141_14639	18712	98.795	83	1	146
NC_037882.1	k141_8882	655	90.385	104	10	143
NC_037882.1	k141_41990	28806	98.750	80	1	141
NC_037882.1	k141_15356	877	85.950	121	16	139
NC_037882.1	k141_41997	3064	97.500	80	2	136
NC_037882.1	k141_41997	3064	71.186	177	30	96.0
NC_037882.1	k141_2798	1458	73.029	241	58	131
NC_037882.1	k141_2798	1458	73.029	241	58	131
NC_037882.1	k141_32477	891	91.954	87	2	126
NC_037882.1	k141_31828	7869	92.500	80	6	118
NC_037882.1	k141_31828	7869	74.026	77	20	50.0
NC_037882.1	k141_28189	529	100.000	64	0	116
NC_037882.1	k141_28189	529	100.000	64	0	116
NC_037882.1	k141_41733	434	88.889	90	9	114
NC_037882.1	k141_8947	475	95.714	70	3	113
NC_037882.1	k141_37293	3014	91.139	79	7	112
NC_037882.1	k141_37293	3014	77.193	57	13	45.5
NC_037882.1	k141_44006	958	98.438	64	1	112
NC_037882.1	k141_44006	958	98.438	64	1	112
NC_037882.1	k141_10044	419	90.909	66	6	93.3
NC_037882.1	k141_5509	415	96.296	54	2	89.7
NC_037882.1	k141_28889	365	93.103	58	4	87.8
NC_037882.1	k141_33180	9306	77.391	115	23	85.1
NC_037882.1	k141_33180	9306	77.391	115	23	85.1
NC_037882.1	k141_23393	611	91.228	57	5	81.5
NC_037882.1	k141_23393	611	91.228	57	5	81.5
NC_037882.1	k141_29724	442	91.071	56	5	79.7
NC_037882.1	k141_29724	442	91.071	56	5	79.7
NC_037882.1	k141_28999	22801	80.000	80	16	73.4
NC_037882.1	k141_6391	8489	95.349	43	2	69.8
NC_037882.1	k141_44935	403	95.122	41	2	66.2
NC_037882.1	k141_44935	403	95.122	41	2	66.2
NC_037882.1	k141_7723	512	95.122	41	2	66.2
NC_037882.1	k141_7723	512	95.122	41	2	66.2
NC_037882.1	k141_27749	318	94.737	38	2	60.8
NC_037882.1	k141_9648	6767	80.851	47	9	45.5
NC_037882.1	k141_415	594	80.952	42	8	41.0
NC_037882.1	k141_415	594	80.952	42	8	41.0
NC_056190.1	k141_9579	25182	94.744	9931	308	15583
NC_056190.1	k141_9579	25182	94.744	9931	308	15583
NC_056190.1	k141_9579	25182	92.933	5731	232	8580
NC_056190.1	k141_9579	25182	92.933	5731	232	8580
NC_056190.1	k141_9579	25182	93.871	5221	154	8006
NC_056190.1	k141_9579	25182	93.871	5221	154	8006
NC_056190.1	k141_9579	25182	95.269	2304	81	3667
NC_056190.1	k141_9579	25182	95.269	2304	81	3667
NC_056190.1	k141_9579	25182	89.406	774	46	1037
NC_056190.1	k141_9579	25182	89.406	774	46	1037
NC_056190.1	k141_9579	25182	96.674	481	15	792
NC_056190.1	k141_9579	25182	96.674	481	15	792
NC_056190.1	k141_9579	25182	66.740	454	115	135
NC_056190.1	k141_9579	25182	66.740	454	115	135
NC_056190.1	k141_9579	25182	100.000	41	0	75.2
NC_056190.1	k141_9579	25182	89.744	39	4	53.6
NC_056190.1	k141_12490	82742	80.574	10460	1388	9616
NC_056190.1	k141_12490	82742	85.105	8278	1003	9370
NC_056190.1	k141_12490	82742	82.937	7695	968	7936
NC_056190.1	k141_12490	82742	89.980	5878	470	7922
NC_056190.1	k141_12490	82742	88.536	4379	436	5622
NC_056190.1	k141_12490	82742	86.385	3643	344	4318
NC_056190.1	k141_12490	82742	83.596	3993	498	4174
NC_056190.1	k141_12490	82742	78.979	4310	679	3555
NC_056190.1	k141_12490	82742	76.623	4158	536	3136
NC_056190.1	k141_12490	82742	84.746	2478	259	2769
NC_056190.1	k141_12490	82742	82.222	2520	244	2525
NC_056190.1	k141_12490	82742	82.575	2307	323	2348
NC_056190.1	k141_12490	82742	88.131	1070	89	1342
NC_056190.1	k141_12490	82742	78.807	1241	178	1053
NC_056190.1	k141_12490	82742	77.139	1321	163	1048
NC_056190.1	k141_12490	82742	76.898	1251	181	907
NC_056190.1	k141_12490	82742	90.683	644	60	892
NC_056190.1	k141_12490	82742	76.455	1168	181	830
NC_056190.1	k141_12490	82742	75.465	1182	172	810
NC_056190.1	k141_12490	82742	73.196	1358	208	796
NC_056190.1	k141_12490	82742	81.321	439	59	416
NC_056190.1	k141_12490	82742	75.192	520	73	344
NC_056190.1	k141_12490	82742	84.388	237	10	272
NC_056190.1	k141_12490	82742	90.608	181	17	251
NC_056190.1	k141_12490	82742	69.030	691	131	249
NC_056190.1	k141_12490	82742	68.871	620	101	237
NC_056190.1	k141_12490	82742	80.769	260	44	236
NC_056190.1	k141_12490	82742	87.568	185	15	224
NC_056190.1	k141_12490	82742	85.279	197	28	222
NC_056190.1	k141_12490	82742	92.593	135	9	196
NC_056190.1	k141_12490	82742	92.593	135	9	196
NC_056190.1	k141_12490	82742	70.915	306	46	159
NC_056190.1	k141_12490	82742	70.077	391	74	154
NC_056190.1	k141_12490	82742	89.720	107	11	144
NC_056190.1	k141_12490	82742	93.548	93	5	138
NC_056190.1	k141_12490	82742	74.847	163	41	110
NC_056190.1	k141_12490	82742	64.686	589	180	92.4
NC_056190.1	k141_12490	82742	71.779	163	38	68.0
NC_056190.1	k141_12490	82742	90.476	42	4	59.0
NC_056190.1	k141_12490	82742	92.308	39	3	58.1
NC_056190.1	k141_12490	82742	92.308	39	3	58.1
NC_056190.1	k141_26020	17347	73.911	6980	1347	4351
NC_056190.1	k141_26020	17347	77.083	1344	237	1010
NC_056190.1	k141_26020	17347	79.630	1080	164	957
NC_056190.1	k141_26020	17347	78.201	1156	191	919
NC_056190.1	k141_26020	17347	82.915	796	104	807
NC_056190.1	k141_26020	17347	71.985	539	92	291
NC_056190.1	k141_26020	17347	81.853	259	38	242
NC_056190.1	k141_26020	17347	82.500	120	21	123
NC_056190.1	k141_32571	3315	94.985	339	12	535
NC_056190.1	k141_26634	25601	72.860	888	210	471
NC_056190.1	k141_26634	25601	72.860	888	210	471
NC_056190.1	k141_26634	25601	77.580	281	61	216
NC_056190.1	k141_26634	25601	77.580	281	61	216
NC_056190.1	k141_26634	25601	86.885	61	8	75.2
NC_056190.1	k141_26634	25601	86.885	61	8	75.2
NC_056190.1	k141_41357	27293	74.624	532	124	343
NC_056190.1	k141_41357	27293	74.624	532	124	343
NC_056190.1	k141_41357	27293	74.522	471	90	287
NC_056190.1	k141_41357	27293	74.522	471	90	287
NC_056190.1	k141_24652	5711	96.319	163	6	268
NC_056190.1	k141_24652	5711	96.319	163	6	268
NC_056190.1	k141_47151	19623	68.556	741	201	252
NC_056190.1	k141_47151	19623	77.941	68	15	56.3
NC_056190.1	k141_9829	7036	97.857	140	3	240
NC_056190.1	k141_9829	7036	97.857	140	3	240
NC_056190.1	k141_41785	1843	68.566	579	93	224
NC_056190.1	k141_41785	1843	84.615	91	14	102
NC_056190.1	k141_11434	8706	87.363	182	21	218
NC_056190.1	k141_8873	438	95.968	124	5	202
NC_056190.1	k141_8873	438	95.968	124	5	202
NC_056190.1	k141_431	984	91.071	112	10	158
NC_056190.1	k141_431	984	91.071	112	10	158
NC_056190.1	k141_5537	353	87.395	119	13	145
NC_056190.1	k141_5537	353	87.395	119	13	145
NC_056190.1	k141_118	652	85.600	125	16	142
NC_056190.1	k141_118	652	85.600	125	16	142
NC_056190.1	k141_41990	28806	97.531	81	2	138
NC_056190.1	k141_2798	1458	73.444	241	57	135
NC_056190.1	k141_2798	1458	73.444	241	57	135
NC_056190.1	k141_41997	3064	84.426	122	15	134
NC_056190.1	k141_41997	3064	80.000	70	14	64.4
NC_056190.1	k141_14639	18712	95.181	83	4	132
NC_056190.1	k141_24830	8640	83.465	127	12	130
NC_056190.1	k141_24830	8640	71.503	193	51	96.0
NC_056190.1	k141_24830	8640	71.503	193	51	96.0
NC_056190.1	k141_37293	3014	93.590	78	5	119
NC_056190.1	k141_37293	3014	77.193	57	13	45.5
NC_056190.1	k141_8882	655	87.368	95	12	118
NC_056190.1	k141_31828	7869	92.500	80	6	118
NC_056190.1	k141_31828	7869	73.554	121	32	75.2
NC_056190.1	k141_44006	958	98.438	64	1	112
NC_056190.1	k141_44006	958	98.438	64	1	112
NC_056190.1	k141_28189	529	95.312	64	3	103
NC_056190.1	k141_28189	529	95.312	64	3	103
NC_056190.1	k141_8947	475	89.855	69	7	94.2
NC_056190.1	k141_33180	9306	77.391	115	23	85.1
NC_056190.1	k141_33180	9306	77.391	115	23	85.1
NC_056190.1	k141_28889	365	91.379	58	5	83.3
NC_056190.1	k141_23393	611	91.228	57	5	81.5
NC_056190.1	k141_23393	611	91.228	57	5	81.5
NC_056190.1	k141_6391	8489	97.674	43	1	74.3
NC_056190.1	k141_44935	403	95.122	41	2	66.2
NC_056190.1	k141_44935	403	95.122	41	2	66.2
NC_056190.1	k141_7723	512	95.122	41	2	66.2
NC_056190.1	k141_7723	512	95.122	41	2	66.2
NC_056190.1	k141_27749	318	94.737	38	2	60.8
NC_056190.1	k141_9648	6767	87.234	47	6	59.0
NC_056190.1	k141_33313	7417	77.941	68	15	56.3
NC_056190.1	k141_7540	19365	78.723	47	10	41.0
NC_056190.1	k141_415	594	80.952	42	8	41.0
NC_056190.1	k141_415	594	80.952	42	8	41.0
NC_056190.1	k141_20230	394	77.551	49	11	40.1
MN564931.1	k141_12490	82742	86.251	12888	1403	15217
MN564931.1	k141_12490	82742	80.710	13349	1665	12501
MN564931.1	k141_12490	82742	89.826	5809	455	7827
MN564931.1	k141_12490	82742	85.091	4541	448	5164
MN564931.1	k141_12490	82742	91.948	2670	197	3836
MN564931.1	k141_12490	82742	80.574	4144	641	3776
MN564931.1	k141_12490	82742	84.131	3239	367	3508
MN564931.1	k141_12490	82742	75.558	3449	499	2383
MN564931.1	k141_12490	82742	83.100	2290	246	2346
MN564931.1	k141_12490	82742	87.056	1885	208	2287
MN564931.1	k141_12490	82742	82.628	2199	297	2240
MN564931.1	k141_12490	82742	78.977	1622	225	1407
MN564931.1	k141_12490	82742	86.811	1107	90	1344
MN564931.1	k141_12490	82742	78.118	1435	200	1127
MN564931.1	k141_12490	82742	81.106	995	118	939
MN564931.1	k141_12490	82742	77.157	1252	172	923
MN564931.1	k141_12490	82742	86.685	721	77	863
MN564931.1	k141_12490	82742	75.887	1099	168	754
MN564931.1	k141_12490	82742	74.071	1076	158	680
MN564931.1	k141_12490	82742	71.747	1076	175	561
MN564931.1	k141_12490	82742	74.032	878	114	533
MN564931.1	k141_12490	82742	71.678	858	135	455
MN564931.1	k141_12490	82742	72.114	771	118	410
MN564931.1	k141_12490	82742	72.277	707	106	388
MN564931.1	k141_12490	82742	91.339	254	15	357
MN564931.1	k141_12490	82742	70.289	727	101	356
MN564931.1	k141_12490	82742	78.555	443	60	353
MN564931.1	k141_12490	82742	72.150	614	103	340
MN564931.1	k141_12490	82742	75.705	461	73	317
MN564931.1	k141_12490	82742	74.897	486	70	315
MN564931.1	k141_12490	82742	92.021	188	15	272
MN564931.1	k141_12490	82742	85.876	177	24	204
MN564931.1	k141_12490	82742	68.719	601	107	202
MN564931.1	k141_12490	82742	90.000	150	14	200
MN564931.1	k141_12490	82742	90.769	130	9	179
MN564931.1	k141_12490	82742	90.769	130	9	179
MN564931.1	k141_12490	82742	100.000	81	0	147
MN564931.1	k141_12490	82742	71.805	266	41	141
MN564931.1	k141_12490	82742	88.235	102	11	127
MN564931.1	k141_12490	82742	65.901	566	181	126
MN564931.1	k141_12490	82742	64.717	547	175	97.8
MN564931.1	k141_12490	82742	73.643	129	34	80.6
MN564931.1	k141_12490	82742	80.460	87	16	77.9
MN564931.1	k141_12490	82742	92.857	42	3	63.5
MN564931.1	k141_12490	82742	94.872	39	2	62.6
MN564931.1	k141_12490	82742	94.872	39	2	62.6
MN564931.1	k141_9579	25182	94.312	9124	281	14118
MN564931.1	k141_9579	25182	94.312	9124	281	14118
MN564931.1	k141_9579	25182	91.569	6334	260	9092
MN564931.1	k141_9579	25182	91.569	6334	260	9092
MN564931.1	k141_9579	25182	87.514	3652	264	4587
MN564931.1	k141_9579	25182	87.514	3652	264	4587
MN564931.1	k141_9579	25182	92.816	1030	26	1532
MN564931.1	k141_9579	25182	92.816	1030	26	1532
MN564931.1	k141_9579	25182	86.589	1208	93	1489
MN564931.1	k141_9579	25182	86.589	1208	93	1489
MN564931.1	k141_9579	25182	87.591	822	41	1047
MN564931.1	k141_9579	25182	87.591	822	41	1047
MN564931.1	k141_9579	25182	86.742	709	44	865
MN564931.1	k141_9579	25182	86.742	709	44	865
MN564931.1	k141_9579	25182	95.218	481	20	763
MN564931.1	k141_9579	25182	95.218	481	20	763
MN564931.1	k141_9579	25182	88.797	482	39	631
MN564931.1	k141_9579	25182	88.797	482	39	631
MN564931.1	k141_9579	25182	89.552	335	35	447
MN564931.1	k141_9579	25182	89.552	335	35	447
MN564931.1	k141_9579	25182	73.708	445	81	290
MN564931.1	k141_9579	25182	73.708	445	81	290
MN564931.1	k141_9579	25182	82.883	111	19	115
MN564931.1	k141_9579	25182	82.883	111	19	115
MN564931.1	k141_9579	25182	97.619	42	1	72.5
MN564931.1	k141_9579	25182	90.385	52	4	68.9
MN564931.1	k141_9579	25182	90.385	52	4	68.9
MN564931.1	k141_9579	25182	93.333	45	3	68.9
MN564931.1	k141_9579	25182	93.333	45	3	68.9
MN564931.1	k141_9579	25182	90.476	42	4	59.0
MN564931.1	k141_26020	17347	80.480	4795	725	4352
MN564931.1	k141_26020	17347	83.193	2725	382	2833
MN564931.1	k141_26020	17347	80.946	2346	376	2195
MN564931.1	k141_26020	17347	83.821	1366	164	1479
MN564931.1	k141_26020	17347	78.328	586	110	478
MN564931.1	k141_26020	17347	78.328	586	110	478
MN564931.1	k141_26020	17347	84.188	234	35	249
MN564931.1	k141_26020	17347	70.472	508	99	242
MN564931.1	k141_26020	17347	70.472	508	99	242
MN564931.1	k141_26020	17347	71.781	365	74	189
MN564931.1	k141_26020	17347	71.781	365	74	189
MN564931.1	k141_26020	17347	76.923	221	51	169
MN564931.1	k141_26020	17347	76.923	221	51	169
MN564931.1	k141_26020	17347	65.605	628	155	165
MN564931.1	k141_26020	17347	65.605	628	155	165
MN564931.1	k141_26020	17347	70.758	277	62	139
MN564931.1	k141_26020	17347	70.758	277	62	139
MN564931.1	k141_26020	17347	76.101	159	38	116
MN564931.1	k141_26020	17347	76.101	159	38	116
MN564931.1	k141_26020	17347	90.909	44	4	62.6
MN564931.1	k141_26020	17347	90.476	42	4	59.0
MN564931.1	k141_26020	17347	90.476	42	4	59.0
MN564931.1	k141_32571	3315	94.690	339	13	531
MN564931.1	k141_26634	25601	72.976	877	206	470
MN564931.1	k141_26634	25601	72.976	877	206	470
MN564931.1	k141_26634	25601	77.936	281	60	221
MN564931.1	k141_26634	25601	77.936	281	60	221
MN564931.1	k141_26634	25601	86.885	61	8	75.2
MN564931.1	k141_26634	25601	86.885	61	8	75.2
MN564931.1	k141_41357	27293	74.060	532	127	330
MN564931.1	k141_41357	27293	74.060	532	127	330
MN564931.1	k141_41357	27293	75.161	467	94	286
MN564931.1	k141_41357	27293	75.161	467	94	286
MN564931.1	k141_41785	1843	69.896	578	89	272
MN564931.1	k141_41785	1843	82.796	93	16	96.9
MN564931.1	k141_24652	5711	97.351	151	4	255
MN564931.1	k141_24652	5711	97.351	151	4	255
MN564931.1	k141_9829	7036	100.000	140	0	253
MN564931.1	k141_9829	7036	100.000	140	0	253
MN564931.1	k141_47151	19623	69.171	639	185	249
MN564931.1	k141_47151	19623	77.143	70	16	55.4
MN564931.1	k141_11434	8706	86.076	158	8	195
MN564931.1	k141_8873	438	92.063	126	5	183
MN564931.1	k141_8873	438	92.063	126	5	183
MN564931.1	k141_431	984	90.698	129	6	180
MN564931.1	k141_431	984	90.698	129	6	180
MN564931.1	k141_118	652	88.800	125	12	160
MN564931.1	k141_118	652	88.800	125	12	160
MN564931.1	k141_5537	353	89.076	119	11	154
MN564931.1	k141_5537	353	89.076	119	11	154
MN564931.1	k141_41997	3064	90.654	107	7	147
MN564931.1	k141_41990	28806	97.500	80	2	136
MN564931.1	k141_2798	1458	73.444	241	57	135
MN564931.1	k141_2798	1458	73.444	241	57	135
MN564931.1	k141_14639	18712	95.181	83	4	132
MN564931.1	k141_24830	8640	91.209	91	8	129
MN564931.1	k141_24830	8640	73.057	193	48	109
MN564931.1	k141_24830	8640	73.057	193	48	109
MN564931.1	k141_31828	7869	95.000	80	4	127
MN564931.1	k141_31828	7869	70.968	155	39	69.8
MN564931.1	k141_8882	655	86.538	104	14	125
MN564931.1	k141_37293	3014	94.521	73	4	114
MN564931.1	k141_37293	3014	77.193	57	13	45.5
MN564931.1	k141_15356	877	81.667	120	21	114
MN564931.1	k141_44006	958	98.438	64	1	112
MN564931.1	k141_44006	958	98.438	64	1	112
MN564931.1	k141_8947	475	94.286	70	4	109
MN564931.1	k141_32477	891	88.764	89	5	107
MN564931.1	k141_28189	529	96.875	64	1	104
MN564931.1	k141_28189	529	96.875	64	1	104
MN564931.1	k141_33180	9306	77.391	115	23	85.1
MN564931.1	k141_33180	9306	77.391	115	23	85.1
MN564931.1	k141_28889	365	89.655	58	6	78.8
MN564931.1	k141_44935	403	95.122	41	2	66.2
MN564931.1	k141_44935	403	95.122	41	2	66.2
MN564931.1	k141_18032	697	97.368	38	1	65.3
MN564931.1	k141_7723	512	92.683	41	3	61.7
MN564931.1	k141_7723	512	92.683	41	3	61.7
MN564931.1	k141_23393	611	82.143	56	10	57.2
MN564931.1	k141_23393	611	82.143	56	10	57.2
MN564931.1	k141_6391	8489	90.244	41	4	57.2
MN564931.1	k141_33313	7417	77.143	70	16	55.4
MN564931.1	k141_415	594	80.952	42	8	41.0
MN564931.1	k141_415	594	80.952	42	8	41.0
NC_031651.1	k141_12490	82742	84.273	13480	1634	14704
NC_031651.1	k141_12490	82742	87.267	8262	790	10123
NC_031651.1	k141_12490	82742	82.957	8062	932	8315
NC_031651.1	k141_12490	82742	82.401	7540	911	7625
NC_031651.1	k141_12490	82742	75.137	6761	976	4461
NC_031651.1	k141_12490	82742	86.438	3613	317	4301
NC_031651.1	k141_12490	82742	80.074	4040	605	3608
NC_031651.1	k141_12490	82742	85.866	2922	344	3380
NC_031651.1	k141_12490	82742	77.997	3904	561	3036
NC_031651.1	k141_12490	82742	83.603	2098	250	2232
NC_031651.1	k141_12490	82742	82.288	2072	303	2091
NC_031651.1	k141_12490	82742	87.323	1057	92	1309
NC_031651.1	k141_12490	82742	82.047	1153	142	1147
NC_031651.1	k141_12490	82742	78.769	1300	189	1058
NC_031651.1	k141_12490	82742	75.000	1248	185	842
NC_031651.1	k141_12490	82742	76.951	1102	133	835
NC_031651.1	k141_12490	82742	73.145	1415	206	820
NC_031651.1	k141_12490	82742	82.218	523	80	523
NC_031651.1	k141_12490	82742	80.000	575	54	516
NC_031651.1	k141_12490	82742	84.040	401	38	423
NC_031651.1	k141_12490	82742	76.096	502	76	355
NC_031651.1	k141_12490	82742	80.259	309	35	279
NC_031651.1	k141_12490	82742	82.979	235	15	262
NC_031651.1	k141_12490	82742	67.362	671	110	245
NC_031651.1	k141_12490	82742	77.532	316	39	234
NC_031651.1	k141_12490	82742	75.984	254	35	171
NC_031651.1	k141_12490	82742	95.699	93	4	150
NC_031651.1	k141_12490	82742	93.269	104	4	150
NC_031651.1	k141_12490	82742	95.699	93	4	150
NC_031651.1	k141_12490	82742	95.699	93	4	150
NC_031651.1	k141_12490	82742	76.498	217	37	143
NC_031651.1	k141_12490	82742	89.320	103	8	131
NC_031651.1	k141_12490	82742	77.778	153	29	119
NC_031651.1	k141_12490	82742	74.847	163	41	110
NC_031651.1	k141_12490	82742	98.182	55	1	96.0
NC_031651.1	k141_12490	82742	76.190	126	30	93.3
NC_031651.1	k141_12490	82742	94.872	39	2	62.6
NC_031651.1	k141_12490	82742	94.872	39	2	62.6
NC_031651.1	k141_9579	25182	94.909	9035	247	14268
NC_031651.1	k141_9579	25182	94.909	9035	247	14268
NC_031651.1	k141_9579	25182	92.818	5528	284	8210
NC_031651.1	k141_9579	25182	92.818	5528	284	8210
NC_031651.1	k141_9579	25182	94.020	4866	162	7486
NC_031651.1	k141_9579	25182	94.020	4866	162	7486
NC_031651.1	k141_9579	25182	93.429	2298	125	3470
NC_031651.1	k141_9579	25182	93.429	2298	125	3470
NC_031651.1	k141_9579	25182	81.399	1473	205	1439
NC_031651.1	k141_9579	25182	89.057	795	43	1028
NC_031651.1	k141_9579	25182	89.057	795	43	1028
NC_031651.1	k141_9579	25182	97.267	439	12	738
NC_031651.1	k141_9579	25182	97.267	439	12	738
NC_031651.1	k141_9579	25182	90.928	485	25	681
NC_031651.1	k141_9579	25182	90.928	485	25	681
NC_031651.1	k141_9579	25182	91.379	58	5	83.3
NC_031651.1	k141_9579	25182	95.238	42	2	68.0
NC_031651.1	k141_9579	25182	83.019	53	6	45.5
NC_031651.1	k141_9579	25182	83.019	53	6	45.5
NC_031651.1	k141_26020	17347	82.089	3361	485	3291
NC_031651.1	k141_26020	17347	77.725	4000	640	3162
NC_031651.1	k141_26020	17347	80.912	2237	390	2094
NC_031651.1	k141_26020	17347	82.765	1584	216	1615
NC_031651.1	k141_26020	17347	67.792	3229	700	1158
NC_031651.1	k141_26020	17347	77.284	1237	214	944
NC_031651.1	k141_26020	17347	82.160	213	36	206
NC_031651.1	k141_26020	17347	90.476	42	4	59.0
NC_031651.1	k141_26020	17347	90.476	42	4	59.0
NC_031651.1	k141_32571	3315	93.805	339	16	517
NC_031651.1	k141_26634	25601	73.182	880	199	476
NC_031651.1	k141_26634	25601	73.182	880	199	476
NC_031651.1	k141_26634	25601	77.936	281	60	221
NC_031651.1	k141_26634	25601	77.936	281	60	221
NC_031651.1	k141_26634	25601	86.885	61	8	75.2
NC_031651.1	k141_26634	25601	86.885	61	8	75.2
NC_031651.1	k141_41357	27293	74.436	532	125	339
NC_031651.1	k141_41357	27293	74.436	532	125	339
NC_031651.1	k141_41357	27293	74.304	467	98	286
NC_031651.1	k141_41357	27293	74.304	467	98	286
NC_031651.1	k141_41785	1843	72.899	476	55	277
NC_031651.1	k141_41785	1843	86.517	89	12	107
NC_031651.1	k141_24652	5711	97.546	163	4	277
NC_031651.1	k141_24652	5711	97.546	163	4	277
NC_031651.1	k141_9829	7036	97.857	140	3	240
NC_031651.1	k141_9829	7036	97.857	140	3	240
NC_031651.1	k141_47151	19623	67.588	651	199	207
NC_031651.1	k141_47151	19623	71.250	80	23	41.9
NC_031651.1	k141_11434	8706	84.848	165	21	185
NC_031651.1	k141_431	984	92.683	123	9	182
NC_031651.1	k141_431	984	92.683	123	9	182
NC_031651.1	k141_41997	3064	83.750	160	14	174
NC_031651.1	k141_41997	3064	68.915	341	60	139
NC_031651.1	k141_41997	3064	70.787	178	25	89.7
NC_031651.1	k141_8873	438	89.313	131	9	169
NC_031651.1	k141_8873	438	89.313	131	9	169
NC_031651.1	k141_5537	353	88.235	119	12	150
NC_031651.1	k141_5537	353	88.235	119	12	150
NC_031651.1	k141_118	652	86.777	121	14	144
NC_031651.1	k141_118	652	86.777	121	14	144
NC_031651.1	k141_2798	1458	73.444	241	57	131
NC_031651.1	k141_2798	1458	73.444	241	57	131
NC_031651.1	k141_11855	449	87.255	102	4	130
NC_031651.1	k141_11855	449	87.255	102	4	130
NC_031651.1	k141_24830	8640	98.630	73	1	128
NC_031651.1	k141_24830	8640	73.575	193	47	113
NC_031651.1	k141_24830	8640	73.575	193	47	113
NC_031651.1	k141_32477	891	91.954	87	7	126
NC_031651.1	k141_8882	655	87.368	95	12	118
NC_031651.1	k141_14639	18712	90.361	83	8	114
NC_031651.1	k141_31828	7869	91.250	80	7	113
NC_031651.1	k141_31828	7869	68.263	167	47	55.4
NC_031651.1	k141_44006	958	98.438	64	1	112
NC_031651.1	k141_44006	958	98.438	64	1	112
NC_031651.1	k141_37293	3014	90.909	77	7	108
NC_031651.1	k141_37293	3014	77.193	57	13	45.5
NC_031651.1	k141_8947	475	92.857	70	5	104
NC_031651.1	k141_41990	28806	100.000	55	0	100
NC_031651.1	k141_28189	529	93.846	65	3	96.9
NC_031651.1	k141_28189	529	93.846	65	3	96.9
NC_031651.1	k141_15356	877	82.955	88	15	92.4
NC_031651.1	k141_28889	365	93.103	58	4	87.8
NC_031651.1	k141_33180	9306	77.391	115	23	85.1
NC_031651.1	k141_33180	9306	77.391	115	23	85.1
NC_031651.1	k141_23393	611	91.228	57	5	81.5
NC_031651.1	k141_23393	611	91.228	57	5	81.5
NC_031651.1	k141_10044	419	87.719	57	7	72.5
NC_031651.1	k141_6391	8489	95.349	43	2	69.8
NC_031651.1	k141_7723	512	97.368	38	1	65.3
NC_031651.1	k141_44935	403	92.683	41	3	61.7
NC_031651.1	k141_44935	403	92.683	41	3	61.7
NC_031651.1	k141_27749	318	92.105	38	3	56.3
NC_031651.1	k141_9648	6767	84.615	39	6	44.6
NC_031651.1	k141_33313	7417	71.250	80	23	41.9
NC_031651.1	k141_7540	19365	78.723	47	10	41.0
NC_031651.1	k141_415	594	80.952	42	8	41.0
NC_031651.1	k141_415	594	80.952	42	8	41.0
MW366789.1	k141_12490	82742	80.519	8408	1430	7682
MW366789.1	k141_12490	82742	89.325	5199	506	6860
MW366789.1	k141_12490	82742	89.325	5199	506	6860
MW366789.1	k141_12490	82742	79.758	5701	797	5022
MW366789.1	k141_12490	82742	90.218	2566	235	3489
MW366789.1	k141_12490	82742	80.661	3087	461	2855
MW366789.1	k141_12490	82742	77.291	3558	594	2688
MW366789.1	k141_12490	82742	76.287	3302	624	2334
MW366789.1	k141_12490	82742	76.608	3001	526	2222
MW366789.1	k141_12490	82742	87.980	1639	178	2054
MW366789.1	k141_12490	82742	81.739	1714	267	1686
MW366789.1	k141_12490	82742	78.332	1943	378	1582
MW366789.1	k141_12490	82742	70.936	3131	647	1466
MW366789.1	k141_12490	82742	78.621	1726	267	1388
MW366789.1	k141_12490	82742	83.566	1004	124	1059
MW366789.1	k141_12490	82742	83.038	678	105	700
MW366789.1	k141_12490	82742	72.405	1127	244	619
MW366789.1	k141_12490	82742	70.563	1189	225	554
MW366789.1	k141_12490	82742	73.082	769	145	470
MW366789.1	k141_12490	82742	73.770	671	125	409
MW366789.1	k141_12490	82742	81.754	422	62	406
MW366789.1	k141_12490	82742	73.985	665	143	393
MW366789.1	k141_12490	82742	72.054	662	136	355
MW366789.1	k141_12490	82742	75.966	466	112	336
MW366789.1	k141_12490	82742	71.388	699	143	334
MW366789.1	k141_12490	82742	71.695	643	116	327
MW366789.1	k141_12490	82742	87.755	245	28	300
MW366789.1	k141_12490	82742	75.000	428	62	299
MW366789.1	k141_12490	82742	75.000	428	62	299
MW366789.1	k141_12490	82742	87.554	233	27	288
MW366789.1	k141_12490	82742	72.471	603	121	286
MW366789.1	k141_12490	82742	75.182	411	77	264
MW366789.1	k141_12490	82742	75.718	383	61	256
MW366789.1	k141_12490	82742	76.000	375	66	248
MW366789.1	k141_12490	82742	75.562	356	85	243
MW366789.1	k141_12490	82742	85.000	220	18	235
MW366789.1	k141_12490	82742	80.247	243	19	231
MW366789.1	k141_12490	82742	84.545	220	19	231
MW366789.1	k141_12490	82742	84.865	185	21	205
MW366789.1	k141_12490	82742	75.667	300	61	196
MW366789.1	k141_12490	82742	83.505	194	29	196
MW366789.1	k141_12490	82742	91.176	136	11	188
MW366789.1	k141_12490	82742	81.481	189	25	179
MW366789.1	k141_12490	82742	76.735	245	47	177
MW366789.1	k141_12490	82742	71.709	357	60	172
MW366789.1	k141_12490	82742	75.918	245	49	168
MW366789.1	k141_12490	82742	95.699	93	4	150
MW366789.1	k141_12490	82742	81.595	163	27	149
MW366789.1	k141_12490	82742	76.682	223	39	149
MW366789.1	k141_12490	82742	91.262	103	8	142
MW366789.1	k141_12490	82742	93.407	91	6	138
MW366789.1	k141_12490	82742	98.718	78	1	137
MW366789.1	k141_12490	82742	85.345	116	17	133
MW366789.1	k141_12490	82742	65.232	604	191	129
MW366789.1	k141_12490	82742	65.232	604	191	129
MW366789.1	k141_12490	82742	89.888	89	6	119
MW366789.1	k141_12490	82742	87.629	97	11	118
MW366789.1	k141_12490	82742	92.405	79	6	116
MW366789.1	k141_12490	82742	88.298	94	8	114
MW366789.1	k141_12490	82742	94.444	72	4	113
MW366789.1	k141_12490	82742	87.356	87	11	108
MW366789.1	k141_12490	82742	94.203	69	4	107
MW366789.1	k141_12490	82742	92.105	76	5	107
MW366789.1	k141_12490	82742	68.440	282	77	105
MW366789.1	k141_12490	82742	68.440	282	77	105
MW366789.1	k141_12490	82742	77.519	129	29	103
MW366789.1	k141_12490	82742	78.226	124	27	103
MW366789.1	k141_12490	82742	78.226	124	27	103
MW366789.1	k141_12490	82742	79.231	130	20	97.8
MW366789.1	k141_12490	82742	83.951	81	13	88.7
MW366789.1	k141_12490	82742	83.784	74	12	80.6
MW366789.1	k141_12490	82742	83.784	74	12	80.6
MW366789.1	k141_12490	82742	72.093	129	36	71.6
MW366789.1	k141_12490	82742	72.093	129	36	71.6
MW366789.1	k141_12490	82742	74.286	105	20	66.2
MW366789.1	k141_12490	82742	77.612	67	15	54.5
MW366789.1	k141_12490	82742	77.612	67	15	54.5
MW366789.1	k141_9579	25182	90.779	5314	296	7320
MW366789.1	k141_9579	25182	90.779	5314	296	7320
MW366789.1	k141_9579	25182	89.084	4489	345	5901
MW366789.1	k141_9579	25182	89.084	4489	345	5901
MW366789.1	k141_9579	25182	91.597	1797	101	2561
MW366789.1	k141_9579	25182	91.597	1797	101	2561
MW366789.1	k141_9579	25182	88.170	634	49	807
MW366789.1	k141_9579	25182	88.170	634	49	807
MW366789.1	k141_9579	25182	83.254	633	61	669
MW366789.1	k141_9579	25182	83.254	633	61	669
MW366789.1	k141_9579	25182	90.618	437	38	602
MW366789.1	k141_9579	25182	91.101	427	38	600
MW366789.1	k141_9579	25182	86.897	435	29	522
MW366789.1	k141_9579	25182	86.897	435	29	522
MW366789.1	k141_9579	25182	86.897	435	29	522
MW366789.1	k141_9579	25182	82.680	306	31	311
MW366789.1	k141_9579	25182	82.680	306	31	311
MW366789.1	k141_9579	25182	96.350	137	5	225
MW366789.1	k141_9579	25182	96.350	137	5	225
MW366789.1	k141_9579	25182	82.857	210	22	212
MW366789.1	k141_9579	25182	87.209	172	17	212
MW366789.1	k141_9579	25182	87.209	172	17	212
MW366789.1	k141_9579	25182	89.474	152	16	203
MW366789.1	k141_9579	25182	89.474	152	16	203
MW366789.1	k141_9579	25182	83.889	180	24	190
MW366789.1	k141_9579	25182	83.889	180	24	190
MW366789.1	k141_9579	25182	84.173	139	13	156
MW366789.1	k141_9579	25182	84.173	139	13	156
MW366789.1	k141_9579	25182	90.217	92	9	126
MW366789.1	k141_9579	25182	90.217	92	9	126
MW366789.1	k141_9579	25182	86.170	94	7	114
MW366789.1	k141_9579	25182	86.170	94	7	113
MW366789.1	k141_9579	25182	85.714	84	7	98.7
MW366789.1	k141_9579	25182	85.714	84	7	98.7
MW366789.1	k141_9579	25182	90.385	52	5	72.5
MW366789.1	k141_9579	25182	90.385	52	5	72.5
MW366789.1	k141_9579	25182	90.385	52	5	72.5
MW366789.1	k141_9579	25182	97.368	38	1	65.3
MW366789.1	k141_9579	25182	90.000	40	4	55.4
MW366789.1	k141_9579	25182	90.000	40	4	55.4
MW366789.1	k141_26020	17347	80.278	4462	691	4048
MW366789.1	k141_26020	17347	80.278	4462	691	4048
MW366789.1	k141_26020	17347	80.869	1887	344	1755
MW366789.1	k141_26020	17347	75.660	2235	497	1567
MW366789.1	k141_26020	17347	74.365	1182	242	763
MW366789.1	k141_26020	17347	82.432	592	101	593
MW366789.1	k141_26020	17347	82.432	592	101	593
MW366789.1	k141_26020	17347	79.375	320	66	280
MW366789.1	k141_26020	17347	88.095	42	5	54.5
MW366789.1	k141_26020	17347	88.095	42	5	54.5
MW366789.1	k141_32571	3315	92.035	339	22	490
MW366789.1	k141_26634	25601	72.291	895	195	445
MW366789.1	k141_26634	25601	72.291	895	195	445
MW366789.1	k141_26634	25601	90.164	61	6	84.2
MW366789.1	k141_26634	25601	90.164	61	6	84.2
MW366789.1	k141_26634	25601	88.525	61	7	79.7
MW366789.1	k141_26634	25601	88.525	61	7	79.7
MW366789.1	k141_41357	27293	74.060	532	127	330
MW366789.1	k141_41357	27293	74.060	532	127	330
MW366789.1	k141_41357	27293	75.589	467	94	297
MW366789.1	k141_41357	27293	75.589	467	94	297
MW366789.1	k141_47151	19623	71.750	400	107	209
MW366789.1	k141_47151	19623	75.000	80	20	55.4
MW366789.1	k141_24652	5711	87.730	163	14	201
MW366789.1	k141_24652	5711	87.730	163	14	201
MW366789.1	k141_9829	7036	87.821	156	18	193
MW366789.1	k141_9829	7036	87.821	156	18	193
MW366789.1	k141_41785	1843	66.838	582	106	178
MW366789.1	k141_41785	1843	84.615	91	14	102
MW366789.1	k141_41785	1843	84.615	91	14	102
MW366789.1	k141_41997	3064	91.525	118	9	165
MW366789.1	k141_41997	3064	92.683	41	3	61.7
MW366789.1	k141_2798	1458	74.486	243	53	145
MW366789.1	k141_2798	1458	74.486	243	53	145
MW366789.1	k141_11434	8706	87.805	123	12	144
MW366789.1	k141_5537	353	86.555	119	14	141
MW366789.1	k141_5537	353	86.555	119	14	141
MW366789.1	k141_41990	28806	97.561	82	2	140
MW366789.1	k141_41990	28806	97.561	82	2	140
MW366789.1	k141_14639	18712	91.566	83	7	119
MW366789.1	k141_431	984	94.667	75	4	118
MW366789.1	k141_431	984	94.667	75	4	118
MW366789.1	k141_118	652	94.667	75	4	118
MW366789.1	k141_118	652	94.667	75	4	118
MW366789.1	k141_31828	7869	90.361	83	6	112
MW366789.1	k141_31828	7869	76.923	91	21	70.7
MW366789.1	k141_24830	8640	92.308	78	5	111
MW366789.1	k141_24830	8640	92.308	78	5	111
MW366789.1	k141_24830	8640	71.204	191	55	97.8
MW366789.1	k141_24830	8640	71.204	191	55	97.8
MW366789.1	k141_37293	3014	91.026	78	6	106
MW366789.1	k141_37293	3014	75.758	66	16	48.2
MW366789.1	k141_8882	655	81.731	104	19	103
MW366789.1	k141_8947	475	91.429	70	6	100
MW366789.1	k141_28189	529	92.308	65	4	92.4
MW366789.1	k141_28189	529	92.308	65	4	92.4
MW366789.1	k141_33180	9306	76.522	115	24	80.6
MW366789.1	k141_33180	9306	76.522	115	24	80.6
MW366789.1	k141_33180	9306	81.250	64	12	62.6
MW366789.1	k141_33180	9306	81.250	64	12	62.6
MW366789.1	k141_28889	365	89.474	57	6	77.0
MW366789.1	k141_44006	958	95.349	43	2	69.8
MW366789.1	k141_44006	958	95.349	43	2	69.8
MW366789.1	k141_44006	958	95.349	43	2	69.8
MW366789.1	k141_44006	958	95.349	43	2	69.8
MW366789.1	k141_6391	8489	93.023	43	3	65.3
MW366789.1	k141_28999	22801	71.034	145	36	65.3
MW366789.1	k141_43270	5436	85.455	55	8	64.4
MW366789.1	k141_7540	19365	86.957	46	6	57.2
MW366789.1	k141_7540	19365	86.957	46	6	57.2
MW366789.1	k141_33313	7417	75.000	80	20	55.4
MW366789.1	k141_9648	6767	82.051	39	7	40.1
KT899950.1	k141_9579	25182	93.564	10644	427	16079
KT899950.1	k141_9579	25182	94.567	10179	339	15836
KT899950.1	k141_9579	25182	92.643	6416	314	9477
KT899950.1	k141_9579	25182	92.643	6416	314	9477
KT899950.1	k141_9579	25182	93.468	4868	176	7379
KT899950.1	k141_9579	25182	93.468	4868	176	7379
KT899950.1	k141_9579	25182	92.468	2310	118	3410
KT899950.1	k141_9579	25182	92.468	2310	118	3410
KT899950.1	k141_9579	25182	88.794	821	37	1076
KT899950.1	k141_9579	25182	88.794	821	37	1076
KT899950.1	k141_9579	25182	93.013	458	26	679
KT899950.1	k141_9579	25182	93.013	458	26	679
KT899950.1	k141_9579	25182	92.308	39	3	58.1
KT899950.1	k141_12490	82742	84.621	13447	1638	14887
KT899950.1	k141_12490	82742	79.953	10296	1255	9271
KT899950.1	k141_12490	82742	90.172	5769	494	7828
KT899950.1	k141_12490	82742	82.874	5775	671	5941
KT899950.1	k141_12490	82742	83.940	3792	498	4054
KT899950.1	k141_12490	82742	88.182	3080	267	3920
KT899950.1	k141_12490	82742	80.133	3896	493	3516
KT899950.1	k141_12490	82742	84.957	2566	280	2893
KT899950.1	k141_12490	82742	81.368	2281	301	2188
KT899950.1	k141_12490	82742	82.833	2132	307	2181
KT899950.1	k141_12490	82742	75.774	2584	391	1856
KT899950.1	k141_12490	82742	86.157	1517	155	1781
KT899950.1	k141_12490	82742	77.270	1949	367	1470
KT899950.1	k141_12490	82742	83.425	1279	180	1358
KT899950.1	k141_12490	82742	88.162	1039	90	1314
KT899950.1	k141_12490	82742	75.425	1587	242	1062
KT899950.1	k141_12490	82742	87.791	688	79	863
KT899950.1	k141_12490	82742	74.689	1288	186	831
KT899950.1	k141_12490	82742	78.940	679	83	572
KT899950.1	k141_12490	82742	77.909	679	110	531
KT899950.1	k141_12490	82742	75.282	708	105	475
KT899950.1	k141_12490	82742	84.668	437	55	471
KT899950.1	k141_12490	82742	72.144	779	108	426
KT899950.1	k141_12490	82742	83.763	388	45	419
KT899950.1	k141_12490	82742	81.592	402	49	388
KT899950.1	k141_12490	82742	76.125	511	64	366
KT899950.1	k141_12490	82742	79.118	431	56	358
KT899950.1	k141_12490	82742	70.963	644	81	356
KT899950.1	k141_12490	82742	83.333	318	41	324
KT899950.1	k141_12490	82742	90.625	192	17	262
KT899950.1	k141_12490	82742	87.310	197	25	243
KT899950.1	k141_12490	82742	71.908	477	68	235
KT899950.1	k141_12490	82742	91.195	159	14	224
KT899950.1	k141_12490	82742	82.550	149	13	146
KT899950.1	k141_12490	82742	90.385	104	10	143
KT899950.1	k141_12490	82742	86.607	112	9	132
KT899950.1	k141_12490	82742	86.607	112	9	132
KT899950.1	k141_12490	82742	86.607	112	9	132
KT899950.1	k141_12490	82742	74.208	221	40	131
KT899950.1	k141_12490	82742	74.194	217	31	131
KT899950.1	k141_12490	82742	97.297	74	2	125
KT899950.1	k141_12490	82742	68.085	282	78	105
KT899950.1	k141_12490	82742	78.151	119	26	98.7
KT899950.1	k141_12490	82742	94.872	39	2	62.6
KT899950.1	k141_12490	82742	94.872	39	2	62.6
KT899950.1	k141_26020	17347	82.432	2829	393	2825
KT899950.1	k141_26020	17347	85.261	2049	283	2315
KT899950.1	k141_26020	17347	80.733	2346	393	2184
KT899950.1	k141_26020	17347	82.405	1455	206	1452
KT899950.1	k141_26020	17347	69.619	2890	635	1270
KT899950.1	k141_26020	17347	79.816	1194	178	1057
KT899950.1	k141_26020	17347	80.103	1166	190	1046
KT899950.1	k141_26020	17347	75.615	853	163	579
KT899950.1	k141_26020	17347	82.906	234	38	235
KT899950.1	k141_26020	17347	74.138	232	48	141
KT899950.1	k141_26020	17347	73.288	146	33	85.1
KT899950.1	k141_26020	17347	90.476	42	4	59.0
KT899950.1	k141_26020	17347	90.476	42	4	59.0
KT899950.1	k141_32571	3315	93.215	339	18	508
KT899950.1	k141_26634	25601	73.318	877	203	483
KT899950.1	k141_26634	25601	73.318	877	203	483
KT899950.1	k141_26634	25601	77.936	281	60	221
KT899950.1	k141_26634	25601	77.936	281	60	221
KT899950.1	k141_26634	25601	86.885	61	8	75.2
KT899950.1	k141_26634	25601	86.885	61	8	75.2
KT899950.1	k141_41357	27293	74.436	532	125	339
KT899950.1	k141_41357	27293	74.436	532	125	339
KT899950.1	k141_41357	27293	74.735	471	89	291
KT899950.1	k141_41357	27293	74.735	471	89	291
KT899950.1	k141_41785	1843	70.968	589	70	306
KT899950.1	k141_41785	1843	87.912	91	11	115
KT899950.1	k141_24652	5711	95.092	163	8	259
KT899950.1	k141_24652	5711	95.092	163	8	259
KT899950.1	k141_9829	7036	97.143	140	4	235
KT899950.1	k141_9829	7036	97.143	140	4	235
KT899950.1	k141_41997	3064	68.350	594	89	201
KT899950.1	k141_41997	3064	78.924	223	34	176
KT899950.1	k141_47151	19623	69.977	443	125	189
KT899950.1	k141_47151	19623	76.250	80	19	59.9
KT899950.1	k141_11434	8706	82.065	184	24	183
KT899950.1	k141_8873	438	91.200	125	6	177
KT899950.1	k141_8873	438	91.200	125	6	177
KT899950.1	k141_431	984	86.719	128	12	155
KT899950.1	k141_431	984	86.719	128	12	155
KT899950.1	k141_5537	353	89.076	119	11	154
KT899950.1	k141_5537	353	89.076	119	11	154
KT899950.1	k141_118	652	87.200	125	14	151
KT899950.1	k141_118	652	87.200	125	14	151
KT899950.1	k141_2798	1458	74.274	241	55	144
KT899950.1	k141_2798	1458	74.274	241	55	144
KT899950.1	k141_41990	28806	97.436	78	2	132
KT899950.1	k141_24830	8640	92.045	88	7	128
KT899950.1	k141_24830	8640	72.021	193	50	100
KT899950.1	k141_24830	8640	72.021	193	50	100
KT899950.1	k141_11855	449	86.408	103	4	128
KT899950.1	k141_11855	449	86.408	103	4	128
KT899950.1	k141_31828	7869	93.750	80	5	123
KT899950.1	k141_31828	7869	77.528	89	20	71.6
KT899950.1	k141_8882	655	87.368	95	12	118
KT899950.1	k141_37293	3014	93.506	77	5	117
KT899950.1	k141_37293	3014	77.193	57	13	45.5
KT899950.1	k141_44006	958	98.438	64	1	112
KT899950.1	k141_44006	958	98.438	64	1	112
KT899950.1	k141_14639	18712	89.157	83	9	110
KT899950.1	k141_8947	475	94.286	70	4	109
KT899950.1	k141_28189	529	96.923	65	1	105
KT899950.1	k141_28189	529	96.923	65	1	105
KT899950.1	k141_32477	891	85.227	88	11	94.2
KT899950.1	k141_33982	5217	72.789	147	16	94.2
KT899950.1	k141_28889	365	92.982	57	4	86.0
KT899950.1	k141_33180	9306	77.391	115	23	85.1
KT899950.1	k141_33180	9306	77.391	115	23	85.1
KT899950.1	k141_33180	9306	81.250	64	12	62.6
KT899950.1	k141_33180	9306	81.250	64	12	62.6
KT899950.1	k141_23393	611	89.474	57	6	77.0
KT899950.1	k141_23393	611	89.474	57	6	77.0
KT899950.1	k141_7723	512	97.368	38	1	65.3
KT899950.1	k141_7723	512	97.368	38	1	65.3
KT899950.1	k141_44935	403	92.683	41	3	61.7
KT899950.1	k141_44935	403	92.683	41	3	61.7
KT899950.1	k141_6391	8489	90.698	43	4	60.8
KT899950.1	k141_33313	7417	76.250	80	19	59.9
KT899950.1	k141_27749	318	89.474	38	4	51.8
KT899950.1	k141_9648	6767	87.500	40	5	50.9
GU191334.1	k141_9579	25182	88.698	3734	306	4801
GU191334.1	k141_9579	25182	88.698	3734	306	4801
GU191334.1	k141_9579	25182	86.370	2656	249	3098
GU191334.1	k141_9579	25182	86.370	2656	249	3098
GU191334.1	k141_9579	25182	79.049	1031	162	854
GU191334.1	k141_9579	25182	79.049	1031	162	854
GU191334.1	k141_9579	25182	75.676	666	155	460
GU191334.1	k141_9579	25182	75.792	442	107	315
GU191334.1	k141_9579	25182	72.519	524	144	297
GU191334.1	k141_9579	25182	77.597	308	69	245
GU191334.1	k141_9579	25182	70.787	445	129	214
GU191334.1	k141_9579	25182	94.937	79	4	125
GU191334.1	k141_9579	25182	94.937	79	4	125
GU191334.1	k141_9579	25182	89.286	84	9	112
GU191334.1	k141_9579	25182	68.345	278	86	98.7
GU191334.1	k141_9579	25182	88.158	76	9	97.8
GU191334.1	k141_9579	25182	88.000	75	9	96.0
GU191334.1	k141_9579	25182	88.000	75	9	96.0
GU191334.1	k141_12490	82742	81.694	4523	825	4418
GU191334.1	k141_12490	82742	84.148	2435	380	2653
GU191334.1	k141_12490	82742	84.174	1447	229	1578
GU191334.1	k141_12490	82742	69.959	3685	1023	1560
GU191334.1	k141_12490	82742	81.392	1580	289	1511
GU191334.1	k141_12490	82742	78.809	1713	348	1440
GU191334.1	k141_12490	82742	88.817	1082	119	1404
GU191334.1	k141_12490	82742	74.699	2079	469	1385
GU191334.1	k141_12490	82742	66.831	2843	765	766
GU191334.1	k141_12490	82742	83.593	707	114	746
GU191334.1	k141_12490	82742	77.739	867	191	687
GU191334.1	k141_12490	82742	72.080	1293	328	681
GU191334.1	k141_12490	82742	72.672	1149	296	642
GU191334.1	k141_12490	82742	74.042	913	189	586
GU191334.1	k141_12490	82742	82.162	555	92	544
GU191334.1	k141_12490	82742	76.977	708	156	526
GU191334.1	k141_12490	82742	72.338	817	165	461
GU191334.1	k141_12490	82742	75.241	622	107	416
GU191334.1	k141_12490	82742	73.094	695	183	406
GU191334.1	k141_12490	82742	78.344	471	100	383
GU191334.1	k141_12490	82742	71.373	772	208	372
GU191334.1	k141_12490	82742	78.539	438	90	361
GU191334.1	k141_12490	82742	67.927	820	207	286
GU191334.1	k141_12490	82742	81.641	256	47	251
GU191334.1	k141_12490	82742	72.927	410	109	237
GU191334.1	k141_12490	82742	68.271	665	207	234
GU191334.1	k141_12490	82742	75.658	304	74	215
GU191334.1	k141_12490	82742	71.167	437	111	207
GU191334.1	k141_12490	82742	67.572	663	198	206
GU191334.1	k141_12490	82742	78.469	209	45	175
GU191334.1	k141_12490	82742	77.215	237	51	174
GU191334.1	k141_12490	82742	77.523	218	49	173
GU191334.1	k141_12490	82742	67.640	445	109	172
GU191334.1	k141_12490	82742	79.058	191	40	165
GU191334.1	k141_12490	82742	71.274	369	63	159
GU191334.1	k141_12490	82742	76.596	188	31	140
GU191334.1	k141_12490	82742	68.750	352	108	132
GU191334.1	k141_12490	82742	89.362	94	10	125
GU191334.1	k141_12490	82742	80.147	136	27	124
GU191334.1	k141_12490	82742	93.671	79	5	121
GU191334.1	k141_12490	82742	90.909	88	7	120
GU191334.1	k141_12490	82742	95.890	73	3	119
GU191334.1	k141_12490	82742	94.667	75	4	118
GU191334.1	k141_12490	82742	89.655	87	9	117
GU191334.1	k141_12490	82742	80.645	124	24	116
GU191334.1	k141_12490	82742	78.676	136	29	115
GU191334.1	k141_12490	82742	94.521	73	4	114
GU191334.1	k141_12490	82742	94.444	72	4	113
GU191334.1	k141_12490	82742	87.912	91	9	113
GU191334.1	k141_12490	82742	94.444	72	4	113
GU191334.1	k141_12490	82742	93.243	74	5	112
GU191334.1	k141_12490	82742	89.157	83	9	110
GU191334.1	k141_12490	82742	82.143	112	19	109
GU191334.1	k141_12490	82742	75.694	144	27	101
GU191334.1	k141_12490	82742	75.735	136	30	96.0
GU191334.1	k141_12490	82742	87.838	74	9	94.2
GU191334.1	k141_12490	82742	78.151	119	21	89.7
GU191334.1	k141_12490	82742	72.289	166	35	85.1
GU191334.1	k141_12490	82742	80.233	86	17	79.7
GU191334.1	k141_12490	82742	76.136	88	21	65.3
GU191334.1	k141_12490	82742	97.368	38	1	65.3
GU191334.1	k141_12490	82742	73.267	101	27	61.7
GU191334.1	k141_12490	82742	83.333	48	8	51.8
GU191334.1	k141_26020	17347	76.076	1743	398	1250
GU191334.1	k141_26020	17347	70.998	1824	483	888
GU191334.1	k141_26020	17347	75.045	1102	263	737
GU191334.1	k141_26020	17347	74.196	1182	242	715
GU191334.1	k141_26020	17347	68.655	788	224	279
GU191334.1	k141_26020	17347	74.905	263	60	169
GU191334.1	k141_26020	17347	92.593	81	6	120
GU191334.1	k141_26020	17347	70.707	198	56	89.7
GU191334.1	k141_26020	17347	72.263	137	38	77.0
GU191334.1	k141_26020	17347	77.895	95	20	74.3
GU191334.1	k141_26634	25601	73.206	892	200	486
GU191334.1	k141_26634	25601	73.206	892	200	486
GU191334.1	k141_26634	25601	77.580	281	61	216
GU191334.1	k141_26634	25601	77.580	281	61	216
GU191334.1	k141_26634	25601	88.525	61	7	79.7
GU191334.1	k141_26634	25601	88.525	61	7	79.7
GU191334.1	k141_32571	3315	90.446	314	30	432
GU191334.1	k141_47304	329	97.925	241	5	413
GU191334.1	k141_47304	329	83.232	328	32	352
GU191334.1	k141_47304	329	80.412	291	26	279
GU191334.1	k141_47304	329	79.389	262	30	238
GU191334.1	k141_47304	329	79.736	227	32	197
GU191334.1	k141_47304	329	74.845	322	49	196
GU191334.1	k141_47304	329	74.640	347	62	195
GU191334.1	k141_47304	329	80.258	233	40	192
GU191334.1	k141_47304	329	77.734	256	40	189
GU191334.1	k141_47304	329	71.074	242	46	112
GU191334.1	k141_47304	329	70.182	275	59	107
GU191334.1	k141_47304	329	82.828	99	15	100
GU191334.1	k141_47304	329	98.148	54	1	94.2
GU191334.1	k141_47304	329	81.000	100	14	86.9
GU191334.1	k141_47304	329	65.260	308	59	86.0
GU191334.1	k141_47304	329	80.000	100	16	86.0
GU191334.1	k141_47304	329	82.558	86	13	86.0
GU191334.1	k141_47304	329	78.218	101	14	82.4
GU191334.1	k141_47304	329	82.353	85	13	79.7
GU191334.1	k141_47304	329	82.353	85	13	79.7
GU191334.1	k141_47304	329	66.569	341	64	75.2
GU191334.1	k141_47304	329	75.424	118	25	73.4
GU191334.1	k141_47304	329	76.699	103	21	72.5
GU191334.1	k141_47304	329	78.161	87	13	68.9
GU191334.1	k141_47304	329	84.483	58	9	65.3
GU191334.1	k141_47304	329	84.906	53	8	60.8
GU191334.1	k141_47304	329	85.714	49	7	58.1
GU191334.1	k141_47304	329	71.324	136	24	57.2
GU191334.1	k141_41357	27293	74.388	531	127	335
GU191334.1	k141_41357	27293	74.388	531	127	335
GU191334.1	k141_41357	27293	74.518	467	97	286
GU191334.1	k141_41357	27293	74.518	467	97	286
GU191334.1	k141_47151	19623	67.408	764	206	241
GU191334.1	k141_2798	1458	74.689	241	54	149
GU191334.1	k141_2798	1458	74.689	241	54	149
GU191334.1	k141_24652	5711	79.375	160	24	135
GU191334.1	k141_24652	5711	79.375	160	24	135
GU191334.1	k141_37293	3014	97.297	74	2	125
GU191334.1	k141_24830	8640	95.946	74	3	121
GU191334.1	k141_24830	8640	66.920	263	83	68.9
GU191334.1	k141_41997	3064	93.421	76	5	115
GU191334.1	k141_14639	18712	90.361	83	8	114
GU191334.1	k141_9829	7036	81.513	119	21	113
GU191334.1	k141_9829	7036	81.513	119	21	113
GU191334.1	k141_11434	8706	89.157	83	9	110
GU191334.1	k141_431	984	88.000	75	9	96.0
GU191334.1	k141_431	984	88.000	75	9	96.0
GU191334.1	k141_118	652	88.000	75	9	96.0
GU191334.1	k141_118	652	88.000	75	9	96.0
GU191334.1	k141_44006	958	90.625	64	6	89.7
GU191334.1	k141_44006	958	90.625	64	6	89.7
GU191334.1	k141_31828	7869	71.951	164	46	89.7
GU191334.1	k141_31828	7869	84.146	82	11	87.8
GU191334.1	k141_33180	9306	78.261	115	22	89.7
GU191334.1	k141_33180	9306	78.261	115	22	89.7
GU191334.1	k141_33180	9306	81.250	64	12	62.6
GU191334.1	k141_33180	9306	81.250	64	12	62.6
GU191334.1	k141_41785	1843	80.247	81	16	75.2
GU191334.1	k141_41785	1843	80.769	78	13	67.1
GU191334.1	k141_44935	403	95.000	40	2	64.4
GU191334.1	k141_44935	403	95.000	40	2	64.4
GU191334.1	k141_8947	475	78.481	79	15	64.4
GU191334.1	k141_28889	365	86.000	50	7	59.9
GU191334.1	k141_33313	7417	76.250	80	19	59.9
GU191334.1	k141_415	594	83.333	54	9	58.1
GU191334.1	k141_6391	8489	88.372	43	5	56.3
GU191334.1	k141_32477	891	85.366	41	6	48.2
GU191334.1	k141_8224	598	78.261	46	10	39.2
