MZ962720.1	k141_34477	25446	91.207	7631	434	10707
MZ962720.1	k141_34477	25446	91.207	7631	434	10707
MZ962720.1	k141_34477	25446	90.102	3031	180	4155
MZ962720.1	k141_34477	25446	90.102	3031	180	4155
MZ962720.1	k141_34477	25446	84.370	1785	171	1951
MZ962720.1	k141_34477	25446	84.370	1785	171	1951
MZ962720.1	k141_34477	25446	85.106	705	56	811
MZ962720.1	k141_34477	25446	86.929	635	64	775
MZ962720.1	k141_34477	25446	86.929	635	64	775
MZ962720.1	k141_34477	25446	88.546	454	46	577
MZ962720.1	k141_34477	25446	88.546	454	46	577
MZ962720.1	k141_34477	25446	88.396	293	28	372
MZ962720.1	k141_34477	25446	88.396	293	28	372
MZ962720.1	k141_34477	25446	82.799	343	30	357
MZ962720.1	k141_34477	25446	82.799	343	30	357
MZ962720.1	k141_34477	25446	82.642	265	23	274
MZ962720.1	k141_34477	25446	82.642	265	23	274
MZ962720.1	k141_34477	25446	74.201	407	58	263
MZ962720.1	k141_34477	25446	74.201	407	58	263
MZ962720.1	k141_34477	25446	81.319	273	45	260
MZ962720.1	k141_34477	25446	81.319	273	45	260
MZ962720.1	k141_34477	25446	80.233	258	23	243
MZ962720.1	k141_34477	25446	80.357	168	21	157
MZ962720.1	k141_34477	25446	80.357	168	21	157
MZ962720.1	k141_34477	25446	89.024	82	5	107
MZ962720.1	k141_34477	25446	89.024	82	5	107
MZ962720.1	k141_34477	25446	91.525	59	5	85.1
MZ962720.1	k141_34477	25446	91.525	59	5	85.1
MZ962720.1	k141_34477	25446	94.595	37	2	59.0
MZ962720.1	k141_27581	48574	79.330	8423	1473	7267
MZ962720.1	k141_27581	48574	87.531	5229	595	6461
MZ962720.1	k141_27581	48574	90.156	2621	247	3556
MZ962720.1	k141_27581	48574	82.620	2313	350	2348
MZ962720.1	k141_27581	48574	90.544	1121	104	1537
MZ962720.1	k141_27581	48574	74.920	2193	343	1442
MZ962720.1	k141_27581	48574	87.384	753	95	930
MZ962720.1	k141_27581	48574	79.029	1030	202	884
MZ962720.1	k141_27581	48574	67.772	2442	602	784
MZ962720.1	k141_27581	48574	74.969	811	168	548
MZ962720.1	k141_27581	48574	70.729	1083	247	534
MZ962720.1	k141_27581	48574	70.956	1119	192	480
MZ962720.1	k141_27581	48574	75.527	711	99	476
MZ962720.1	k141_27581	48574	85.564	381	55	440
MZ962720.1	k141_27581	48574	90.415	313	25	430
MZ962720.1	k141_27581	48574	78.495	465	87	373
MZ962720.1	k141_27581	48574	70.039	771	160	306
MZ962720.1	k141_27581	48574	86.992	246	25	293
MZ962720.1	k141_27581	48574	72.849	523	106	282
MZ962720.1	k141_27581	48574	86.784	227	25	275
MZ962720.1	k141_27581	48574	75.890	365	71	260
MZ962720.1	k141_27581	48574	75.062	401	67	253
MZ962720.1	k141_27581	48574	73.953	430	90	242
MZ962720.1	k141_27581	48574	81.938	227	32	229
MZ962720.1	k141_27581	48574	81.938	227	32	229
MZ962720.1	k141_27581	48574	85.000	180	22	204
MZ962720.1	k141_27581	48574	79.757	247	44	204
MZ962720.1	k141_27581	48574	90.845	142	12	195
MZ962720.1	k141_27581	48574	81.188	202	30	192
MZ962720.1	k141_27581	48574	81.188	202	30	192
MZ962720.1	k141_27581	48574	88.235	136	15	170
MZ962720.1	k141_27581	48574	96.907	97	2	159
MZ962720.1	k141_27581	48574	93.684	95	3	143
MZ962720.1	k141_27581	48574	93.684	95	3	143
MZ962720.1	k141_27581	48574	95.455	88	4	141
MZ962720.1	k141_27581	48574	74.884	215	40	140
MZ962720.1	k141_27581	48574	74.884	215	40	140
MZ962720.1	k141_27581	48574	83.459	133	10	134
MZ962720.1	k141_27581	48574	91.667	96	7	134
MZ962720.1	k141_27581	48574	74.194	217	43	133
MZ962720.1	k141_27581	48574	66.430	563	165	132
MZ962720.1	k141_27581	48574	91.209	91	8	129
MZ962720.1	k141_27581	48574	95.000	80	4	127
MZ962720.1	k141_27581	48574	93.902	82	5	126
MZ962720.1	k141_27581	48574	77.848	158	34	124
MZ962720.1	k141_27581	48574	88.660	97	6	117
MZ962720.1	k141_27581	48574	93.333	75	4	110
MZ962720.1	k141_27581	48574	73.939	165	43	104
MZ962720.1	k141_27581	48574	75.839	149	27	102
MZ962720.1	k141_27581	48574	90.411	73	6	97.8
MZ962720.1	k141_27581	48574	87.500	72	9	90.6
MZ962720.1	k141_27581	48574	71.852	135	38	73.4
MZ962720.1	k141_27581	48574	74.528	106	27	70.7
MZ962720.1	k141_28770	29169	78.966	5762	842	4747
MZ962720.1	k141_28770	29169	87.815	1469	179	1843
MZ962720.1	k141_28770	29169	79.104	1943	359	1631
MZ962720.1	k141_28770	29169	75.995	1608	322	1105
MZ962720.1	k141_28770	29169	82.105	1045	133	1046
MZ962720.1	k141_28770	29169	82.912	673	102	694
MZ962720.1	k141_28770	29169	76.868	562	130	428
MZ962720.1	k141_28770	29169	76.868	562	130	428
MZ962720.1	k141_28770	29169	73.817	634	140	374
MZ962720.1	k141_28770	29169	72.886	686	111	368
MZ962720.1	k141_28770	29169	70.204	735	115	334
MZ962720.1	k141_28770	29169	76.984	378	48	307
MZ962720.1	k141_28770	29169	69.504	564	115	276
MZ962720.1	k141_28770	29169	69.253	683	171	271
MZ962720.1	k141_28770	29169	70.642	545	115	258
MZ962720.1	k141_28770	29169	67.835	656	114	239
MZ962720.1	k141_28770	29169	71.262	428	62	219
MZ962720.1	k141_28770	29169	71.262	428	62	219
MZ962720.1	k141_28770	29169	76.573	286	67	214
MZ962720.1	k141_28770	29169	75.676	296	47	205
MZ962720.1	k141_28770	29169	65.599	843	177	176
MZ962720.1	k141_28770	29169	85.430	151	22	174
MZ962720.1	k141_28770	29169	85.333	150	22	172
MZ962720.1	k141_28770	29169	88.060	134	13	168
MZ962720.1	k141_28770	29169	74.877	203	51	137
MZ962720.1	k141_28770	29169	77.586	174	37	136
MZ962720.1	k141_28770	29169	82.609	138	21	135
MZ962720.1	k141_28770	29169	82.609	138	21	135
MZ962720.1	k141_28770	29169	76.543	162	38	122
MZ962720.1	k141_28770	29169	75.723	173	34	122
MZ962720.1	k141_28770	29169	76.978	139	27	107
MZ962720.1	k141_28770	29169	76.978	139	27	107
MZ962720.1	k141_28770	29169	76.978	139	27	107
MZ962720.1	k141_28770	29169	74.820	139	18	100
MZ962720.1	k141_28770	29169	74.820	139	18	100
MZ962720.1	k141_28770	29169	84.444	90	14	100
MZ962720.1	k141_28770	29169	84.444	90	14	100
MZ962720.1	k141_28770	29169	84.444	90	14	100
MZ962720.1	k141_28770	29169	76.984	126	24	97.8
MZ962720.1	k141_28770	29169	81.443	97	11	96.9
MZ962720.1	k141_28770	29169	72.449	98	27	56.3
MZ962720.1	k141_28770	29169	72.449	98	27	56.3
MZ962720.1	k141_49638	17192	79.491	5261	848	4534
MZ962720.1	k141_49638	17192	79.491	5261	848	4534
MZ962720.1	k141_49638	17192	78.678	2012	402	1670
MZ962720.1	k141_49638	17192	76.647	2231	469	1645
MZ962720.1	k141_49638	17192	73.120	971	221	566
MZ962720.1	k141_49638	17192	79.310	319	66	279
MZ962720.1	k141_49638	17192	82.443	131	20	127
MZ962720.1	k141_54662	4979	86.383	1836	234	2186
MZ962720.1	k141_54662	4979	80.091	1542	239	1369
MZ962720.1	k141_54662	4979	72.894	1033	176	546
MZ962720.1	k141_54662	4979	79.000	100	14	88.7
MZ962720.1	k141_54662	4979	72.727	66	18	39.2
MZ962720.1	k141_51247	2475	75.638	1646	313	1146
MZ962720.1	k141_4120	1131	78.414	1135	212	923
MZ962720.1	k141_56122	626	83.617	647	75	691
MZ962720.1	k141_21712	1746	85.050	602	69	668
MZ962720.1	k141_21712	1746	72.889	450	56	281
MZ962720.1	k141_21712	1746	68.605	602	116	233
MZ962720.1	k141_2170	19344	89.066	503	43	657
MZ962720.1	k141_2170	19344	92.096	291	18	422
MZ962720.1	k141_33198	11073	86.604	530	56	641
MZ962720.1	k141_166	3020	88.532	436	27	555
MZ962720.1	k141_166	3020	88.532	436	27	555
MZ962720.1	k141_166	3020	84.821	224	13	266
MZ962720.1	k141_166	3020	84.821	224	13	266
MZ962720.1	k141_166	3020	81.223	229	34	214
MZ962720.1	k141_166	3020	81.223	229	34	214
MZ962720.1	k141_37174	30357	70.859	1153	273	518
MZ962720.1	k141_37174	30357	70.859	1153	273	518
MZ962720.1	k141_37174	30357	64.660	515	154	94.2
MZ962720.1	k141_37174	30357	64.660	515	154	94.2
MZ962720.1	k141_36144	636	86.406	434	59	517
MZ962720.1	k141_36144	636	85.714	56	8	66.2
MZ962720.1	k141_33140	34601	84.565	460	50	511
MZ962720.1	k141_33140	34601	72.593	135	33	72.5
MZ962720.1	k141_53755	20774	71.896	886	207	433
MZ962720.1	k141_53755	20774	71.896	886	207	433
MZ962720.1	k141_53755	20774	97.872	141	2	238
MZ962720.1	k141_53755	20774	97.872	141	2	238
MZ962720.1	k141_53755	20774	88.525	61	7	79.7
MZ962720.1	k141_53755	20774	88.525	61	7	79.7
MZ962720.1	k141_53755	20774	88.525	61	7	79.7
MZ962720.1	k141_5794	4518	87.464	343	30	424
MZ962720.1	k141_5794	4518	84.146	82	6	92.4
MZ962720.1	k141_20011	1232	88.417	259	22	331
MZ962720.1	k141_62974	558	72.444	577	114	302
MZ962720.1	k141_27714	23557	74.777	337	40	216
MZ962720.1	k141_27714	23557	69.930	143	42	61.7
MZ962720.1	k141_10937	9227	85.106	188	27	210
MZ962720.1	k141_10937	9227	85.106	188	27	210
MZ962720.1	k141_44119	9926	68.793	439	135	168
MZ962720.1	k141_44119	9926	88.462	52	6	68.0
MZ962720.1	k141_21643	16831	87.705	122	15	153
MZ962720.1	k141_21720	18522	82.979	141	24	147
MZ962720.1	k141_21720	18522	96.104	77	3	126
MZ962720.1	k141_13913	774	91.753	97	8	140
MZ962720.1	k141_279	3869	94.186	86	5	133
MZ962720.1	k141_279	3869	94.186	86	5	133
MZ962720.1	k141_23614	35464	74.731	186	39	123
MZ962720.1	k141_23614	35464	75.000	188	37	119
MZ962720.1	k141_23614	35464	75.000	188	37	119
MZ962720.1	k141_23614	35464	81.481	54	10	53.6
MZ962720.1	k141_30998	412	77.419	155	30	118
MZ962720.1	k141_7129	18543	92.647	68	5	101
MZ962720.1	k141_7129	18543	92.647	68	5	101
MZ962720.1	k141_8053	10146	71.186	177	51	90.6
MZ962720.1	k141_8053	10146	71.186	177	51	90.6
MZ962720.1	k141_30315	5136	84.211	76	12	84.2
MZ962720.1	k141_30315	5136	84.211	76	12	84.2
MZ962720.1	k141_175	8435	76.522	115	24	80.6
MZ962720.1	k141_175	8435	76.522	115	24	80.6
MZ962720.1	k141_175	8435	82.812	64	11	67.1
MZ962720.1	k141_175	8435	82.812	64	11	67.1
MZ962720.1	k141_44884	381	92.000	50	4	73.4
MZ962720.1	k141_3252	905	91.667	48	4	69.8
MZ962720.1	k141_3252	905	91.667	48	4	69.8
MZ962720.1	k141_48206	376	70.395	152	44	68.9
MZ962720.1	k141_12843	770	97.500	40	1	68.9
MZ962720.1	k141_12018	557	82.812	64	11	67.1
MZ962720.1	k141_12018	557	82.812	64	11	67.1
MZ962720.1	k141_29449	1202	85.455	55	8	64.4
MZ962720.1	k141_29449	1202	92.683	41	3	61.7
MZ962720.1	k141_51325	378	80.488	41	8	39.2
MH569081.1	k141_27581	48574	87.210	5434	607	6611
MH569081.1	k141_27581	48574	82.542	3895	608	3952
MH569081.1	k141_27581	48574	89.273	2629	275	3454
MH569081.1	k141_27581	48574	80.653	3339	563	3108
MH569081.1	k141_27581	48574	83.797	2123	318	2275
MH569081.1	k141_27581	48574	87.056	1491	148	1788
MH569081.1	k141_27581	48574	78.177	2062	289	1628
MH569081.1	k141_27581	48574	74.466	2248	507	1442
MH569081.1	k141_27581	48574	85.554	803	106	912
MH569081.1	k141_27581	48574	69.480	2346	550	905
MH569081.1	k141_27581	48574	81.024	801	143	750
MH569081.1	k141_27581	48574	75.996	1054	182	739
MH569081.1	k141_27581	48574	69.796	1225	215	506
MH569081.1	k141_27581	48574	84.651	430	56	474
MH569081.1	k141_27581	48574	76.818	660	105	472
MH569081.1	k141_27581	48574	71.767	843	117	422
MH569081.1	k141_27581	48574	88.959	317	28	403
MH569081.1	k141_27581	48574	73.088	706	134	396
MH569081.1	k141_27581	48574	89.450	218	23	290
MH569081.1	k141_27581	48574	80.528	303	38	282
MH569081.1	k141_27581	48574	78.769	325	54	267
MH569081.1	k141_27581	48574	85.232	237	21	260
MH569081.1	k141_27581	48574	72.967	418	62	246
MH569081.1	k141_27581	48574	84.694	196	24	220
MH569081.1	k141_27581	48574	91.270	126	11	178
MH569081.1	k141_27581	48574	72.894	273	45	154
MH569081.1	k141_27581	48574	98.824	85	0	146
MH569081.1	k141_27581	48574	98.824	85	0	146
MH569081.1	k141_27581	48574	100.000	76	0	138
MH569081.1	k141_27581	48574	86.441	118	15	138
MH569081.1	k141_27581	48574	67.458	421	123	137
MH569081.1	k141_27581	48574	98.630	73	1	128
MH569081.1	k141_27581	48574	89.247	93	10	123
MH569081.1	k141_27581	48574	76.437	174	30	122
MH569081.1	k141_27581	48574	70.445	247	61	119
MH569081.1	k141_27581	48574	94.595	74	4	116
MH569081.1	k141_27581	48574	91.139	79	7	112
MH569081.1	k141_27581	48574	73.006	163	44	96.9
MH569081.1	k141_27581	48574	76.842	95	22	73.4
MH569081.1	k141_27581	48574	78.947	76	16	66.2
MH569081.1	k141_27581	48574	91.111	45	4	64.4
MH569081.1	k141_27581	48574	91.111	45	4	64.4
MH569081.1	k141_27581	48574	67.308	156	51	52.7
MH569081.1	k141_27581	48574	79.592	49	10	44.6
MH569081.1	k141_34477	25446	90.931	4532	255	6326
MH569081.1	k141_34477	25446	90.931	4532	255	6326
MH569081.1	k141_34477	25446	93.750	3008	140	4544
MH569081.1	k141_34477	25446	93.750	3008	140	4544
MH569081.1	k141_34477	25446	92.446	2833	152	4124
MH569081.1	k141_34477	25446	92.446	2833	152	4124
MH569081.1	k141_34477	25446	88.802	2313	122	3006
MH569081.1	k141_34477	25446	88.802	2313	122	3006
MH569081.1	k141_34477	25446	85.478	1150	122	1290
MH569081.1	k141_34477	25446	85.478	1150	122	1290
MH569081.1	k141_34477	25446	82.167	886	133	873
MH569081.1	k141_34477	25446	82.167	886	133	873
MH569081.1	k141_34477	25446	79.397	796	103	684
MH569081.1	k141_34477	25446	79.397	796	103	684
MH569081.1	k141_34477	25446	77.252	866	82	674
MH569081.1	k141_34477	25446	77.252	866	82	674
MH569081.1	k141_34477	25446	90.345	435	41	592
MH569081.1	k141_34477	25446	90.345	435	41	592
MH569081.1	k141_34477	25446	79.870	462	50	417
MH569081.1	k141_34477	25446	79.870	462	50	417
MH569081.1	k141_34477	25446	76.010	396	36	326
MH569081.1	k141_34477	25446	76.010	396	36	326
MH569081.1	k141_34477	25446	82.727	110	10	113
MH569081.1	k141_34477	25446	82.727	110	10	113
MH569081.1	k141_34477	25446	80.392	102	15	90.6
MH569081.1	k141_34477	25446	94.872	39	2	62.6
MH569081.1	k141_28770	29169	78.023	7467	1186	5965
MH569081.1	k141_28770	29169	87.110	1505	194	1840
MH569081.1	k141_28770	29169	78.695	1962	359	1636
MH569081.1	k141_28770	29169	76.870	1591	302	1185
MH569081.1	k141_28770	29169	85.207	1014	117	1142
MH569081.1	k141_28770	29169	72.901	1096	204	623
MH569081.1	k141_28770	29169	81.690	639	103	620
MH569081.1	k141_28770	29169	73.133	964	168	532
MH569081.1	k141_28770	29169	68.054	1418	327	449
MH569081.1	k141_28770	29169	79.641	334	55	290
MH569081.1	k141_28770	29169	70.699	529	96	237
MH569081.1	k141_28770	29169	75.232	323	67	212
MH569081.1	k141_28770	29169	75.232	323	67	212
MH569081.1	k141_28770	29169	76.512	281	66	210
MH569081.1	k141_28770	29169	75.874	286	69	205
MH569081.1	k141_28770	29169	88.608	158	18	205
MH569081.1	k141_28770	29169	78.151	238	48	195
MH569081.1	k141_28770	29169	84.024	169	27	184
MH569081.1	k141_28770	29169	79.186	221	41	183
MH569081.1	k141_28770	29169	77.333	225	51	177
MH569081.1	k141_28770	29169	72.755	323	79	168
MH569081.1	k141_28770	29169	85.088	114	17	130
MH569081.1	k141_28770	29169	70.492	183	33	84.2
MH569081.1	k141_54662	4979	79.568	2961	465	2586
MH569081.1	k141_54662	4979	81.974	1520	218	1489
MH569081.1	k141_54662	4979	75.714	70	17	50.9
MH569081.1	k141_49638	17192	78.717	2697	459	2259
MH569081.1	k141_49638	17192	81.253	2075	343	1963
MH569081.1	k141_49638	17192	76.831	2266	460	1675
MH569081.1	k141_49638	17192	79.720	1430	240	1254
MH569081.1	k141_49638	17192	74.399	1164	240	732
MH569081.1	k141_49638	17192	79.387	587	113	512
MH569081.1	k141_49638	17192	76.952	538	82	414
MH569081.1	k141_49638	17192	83.511	376	58	389
MH569081.1	k141_49638	17192	72.619	252	45	139
MH569081.1	k141_49638	17192	87.736	106	12	130
MH569081.1	k141_49638	17192	87.736	106	12	130
MH569081.1	k141_49638	17192	100.000	43	0	78.8
MH569081.1	k141_49638	17192	100.000	43	0	78.8
MH569081.1	k141_49638	17192	90.476	42	4	59.0
MH569081.1	k141_51247	2475	75.406	1663	291	1168
MH569081.1	k141_4120	1131	78.063	1053	206	845
MH569081.1	k141_166	3020	79.566	876	82	748
MH569081.1	k141_166	3020	79.566	876	82	748
MH569081.1	k141_166	3020	85.590	229	12	279
MH569081.1	k141_166	3020	85.590	229	12	279
MH569081.1	k141_21712	1746	86.403	581	61	686
MH569081.1	k141_21712	1746	70.785	599	104	275
MH569081.1	k141_56122	626	82.589	649	82	663
MH569081.1	k141_2170	19344	88.270	503	47	635
MH569081.1	k141_2170	19344	90.753	292	22	406
MH569081.1	k141_2170	19344	77.193	171	25	137
MH569081.1	k141_2170	19344	77.193	171	25	137
MH569081.1	k141_33198	11073	86.038	530	59	627
MH569081.1	k141_33140	34601	84.058	483	56	526
MH569081.1	k141_33140	34601	82.927	82	14	86.0
MH569081.1	k141_33140	34601	74.766	107	25	65.3
MH569081.1	k141_36144	636	85.023	434	65	490
MH569081.1	k141_36144	636	87.719	57	7	72.5
MH569081.1	k141_10937	9227	78.510	577	72	475
MH569081.1	k141_10937	9227	78.510	577	72	475
MH569081.1	k141_53755	20774	72.323	878	210	455
MH569081.1	k141_53755	20774	72.323	878	210	455
MH569081.1	k141_53755	20774	96.429	140	4	227
MH569081.1	k141_53755	20774	96.429	140	4	227
MH569081.1	k141_53755	20774	76.654	257	58	187
MH569081.1	k141_53755	20774	76.654	257	58	187
MH569081.1	k141_53755	20774	90.164	61	6	84.2
MH569081.1	k141_53755	20774	90.164	61	6	84.2
MH569081.1	k141_5794	4518	88.630	343	26	442
MH569081.1	k141_5794	4518	82.927	82	7	87.8
MH569081.1	k141_62974	558	74.310	580	103	358
MH569081.1	k141_37174	30357	73.962	530	129	324
MH569081.1	k141_37174	30357	73.962	530	129	324
MH569081.1	k141_37174	30357	75.161	467	95	294
MH569081.1	k141_37174	30357	75.161	467	95	294
MH569081.1	k141_37174	30357	74.641	209	51	132
MH569081.1	k141_37174	30357	74.641	209	51	132
MH569081.1	k141_37174	30357	71.338	157	40	72.5
MH569081.1	k141_37174	30357	71.338	157	40	72.5
MH569081.1	k141_20011	1232	85.932	263	28	303
MH569081.1	k141_27714	23557	74.656	363	51	224
MH569081.1	k141_27714	23557	74.194	93	23	57.2
MH569081.1	k141_44119	9926	70.814	442	121	205
MH569081.1	k141_21720	18522	83.429	175	17	187
MH569081.1	k141_21720	18522	97.260	73	2	123
MH569081.1	k141_21643	16831	90.435	115	11	159
MH569081.1	k141_279	3869	91.818	110	9	159
MH569081.1	k141_279	3869	91.818	110	9	159
MH569081.1	k141_13913	774	92.079	101	8	147
MH569081.1	k141_30998	412	78.916	166	30	138
MH569081.1	k141_7129	18543	94.118	68	4	105
MH569081.1	k141_7129	18543	94.118	68	4	105
MH569081.1	k141_8053	10146	72.626	179	45	97.8
MH569081.1	k141_8053	10146	72.626	179	45	97.8
MH569081.1	k141_2304	2553	90.769	65	5	87.8
MH569081.1	k141_175	8435	77.391	115	23	85.1
MH569081.1	k141_175	8435	77.391	115	23	85.1
MH569081.1	k141_175	8435	82.812	64	11	67.1
MH569081.1	k141_175	8435	82.812	64	11	67.1
MH569081.1	k141_30315	5136	84.211	76	12	84.2
MH569081.1	k141_30315	5136	84.211	76	12	84.2
MH569081.1	k141_44884	381	92.000	50	4	73.4
MH569081.1	k141_3252	905	84.058	69	9	68.9
MH569081.1	k141_3252	905	84.058	69	9	68.9
MH569081.1	k141_12018	557	82.812	64	11	67.1
MH569081.1	k141_12018	557	82.812	64	11	67.1
MH569081.1	k141_48206	376	69.737	152	45	64.4
MH569081.1	k141_12843	770	95.000	40	2	64.4
MH569081.1	k141_29449	1202	89.130	46	5	61.7
MH569081.1	k141_12937	16519	88.889	45	5	59.9
MH569081.1	k141_12937	16519	88.889	45	5	59.9
MH569081.1	k141_12770	454	92.500	40	3	59.9
MH569081.1	k141_38000	8710	80.488	41	8	39.2
MH569081.1	k141_21546	464	83.333	36	6	39.2
NC_033978.1	k141_34477	25446	93.603	13429	481	20465
NC_033978.1	k141_34477	25446	93.603	13429	481	20465
NC_033978.1	k141_34477	25446	94.395	10597	348	16402
NC_033978.1	k141_34477	25446	94.843	10375	308	16269
NC_033978.1	k141_34477	25446	87.451	1028	33	1310
NC_033978.1	k141_34477	25446	87.451	1028	33	1310
NC_033978.1	k141_34477	25446	94.634	615	19	960
NC_033978.1	k141_34477	25446	94.685	508	13	794
NC_033978.1	k141_34477	25446	98.214	56	1	97.8
NC_033978.1	k141_34477	25446	98.214	56	1	97.8
NC_033978.1	k141_34477	25446	94.444	54	3	85.1
NC_033978.1	k141_34477	25446	94.444	54	3	85.1
NC_033978.1	k141_34477	25446	97.436	39	1	67.1
NC_033978.1	k141_34477	25446	90.476	42	4	59.0
NC_033978.1	k141_34477	25446	84.211	38	6	42.8
NC_033978.1	k141_27581	48574	85.849	13596	1501	15789
NC_033978.1	k141_27581	48574	92.010	5807	385	8371
NC_033978.1	k141_27581	48574	88.292	3314	243	4246
NC_033978.1	k141_27581	48574	86.703	2963	259	3595
NC_033978.1	k141_27581	48574	84.602	2286	200	2525
NC_033978.1	k141_27581	48574	78.375	2807	469	2302
NC_033978.1	k141_27581	48574	92.395	1328	76	1931
NC_033978.1	k141_27581	48574	81.665	1129	132	1108
NC_033978.1	k141_27581	48574	77.672	1263	161	985
NC_033978.1	k141_27581	48574	79.290	1014	126	873
NC_033978.1	k141_27581	48574	75.135	1110	173	734
NC_033978.1	k141_27581	48574	73.122	1291	195	726
NC_033978.1	k141_27581	48574	74.162	925	123	592
NC_033978.1	k141_27581	48574	88.641	449	43	579
NC_033978.1	k141_27581	48574	73.950	714	96	468
NC_033978.1	k141_27581	48574	89.688	320	33	429
NC_033978.1	k141_27581	48574	84.824	369	35	406
NC_033978.1	k141_27581	48574	71.939	588	100	308
NC_033978.1	k141_27581	48574	77.919	394	50	303
NC_033978.1	k141_27581	48574	82.085	307	26	288
NC_033978.1	k141_27581	48574	87.500	200	19	241
NC_033978.1	k141_27581	48574	73.497	366	63	214
NC_033978.1	k141_27581	48574	66.317	763	139	198
NC_033978.1	k141_27581	48574	78.988	257	29	198
NC_033978.1	k141_27581	48574	93.846	130	7	196
NC_033978.1	k141_27581	48574	79.474	190	17	178
NC_033978.1	k141_27581	48574	73.154	298	49	174
NC_033978.1	k141_27581	48574	86.260	131	11	153
NC_033978.1	k141_27581	48574	100.000	82	0	149
NC_033978.1	k141_27581	48574	81.746	126	23	124
NC_033978.1	k141_27581	48574	73.939	165	43	104
NC_033978.1	k141_27581	48574	74.046	131	22	77.0
NC_033978.1	k141_27581	48574	94.872	39	2	62.6
NC_033978.1	k141_27581	48574	94.872	39	2	62.6
NC_033978.1	k141_27581	48574	92.500	40	3	59.9
NC_033978.1	k141_28770	29169	80.459	6847	794	6275
NC_033978.1	k141_28770	29169	85.779	4655	520	5336
NC_033978.1	k141_28770	29169	83.271	4776	509	5011
NC_033978.1	k141_28770	29169	83.347	3561	426	3706
NC_033978.1	k141_28770	29169	83.455	3143	316	3274
NC_033978.1	k141_28770	29169	78.163	2537	338	2075
NC_033978.1	k141_28770	29169	86.519	1313	129	1537
NC_033978.1	k141_28770	29169	75.429	1282	184	866
NC_033978.1	k141_28770	29169	84.762	210	17	231
NC_033978.1	k141_28770	29169	86.364	44	6	53.6
NC_033978.1	k141_28770	29169	82.051	39	7	40.1
NC_033978.1	k141_49638	17192	83.385	4556	529	4789
NC_033978.1	k141_49638	17192	84.255	3417	432	3680
NC_033978.1	k141_49638	17192	83.770	2329	320	2472
NC_033978.1	k141_49638	17192	69.742	3447	793	1537
NC_033978.1	k141_49638	17192	79.765	1359	214	1190
NC_033978.1	k141_49638	17192	73.011	993	217	566
NC_033978.1	k141_49638	17192	83.058	242	32	247
NC_033978.1	k141_49638	17192	100.000	42	0	77.0
NC_033978.1	k141_49638	17192	100.000	42	0	77.0
NC_033978.1	k141_49638	17192	92.857	42	3	63.5
NC_033978.1	k141_54662	4979	91.725	1849	132	2646
NC_033978.1	k141_54662	4979	87.476	1565	148	1947
NC_033978.1	k141_54662	4979	81.143	1050	107	994
NC_033978.1	k141_51247	2475	84.428	1644	182	1806
NC_033978.1	k141_4120	1131	88.918	1128	97	1456
NC_033978.1	k141_166	3020	81.406	1366	81	1344
NC_033978.1	k141_166	3020	81.406	1366	81	1344
NC_033978.1	k141_166	3020	96.635	208	7	344
NC_033978.1	k141_166	3020	96.635	208	7	344
NC_033978.1	k141_2170	19344	85.098	1067	76	1233
NC_033978.1	k141_2170	19344	85.098	1067	76	1233
NC_033978.1	k141_2170	19344	90.258	503	37	684
NC_033978.1	k141_2170	19344	92.808	292	16	433
NC_033978.1	k141_10937	9227	92.821	599	22	884
NC_033978.1	k141_10937	9227	92.821	599	22	884
NC_033978.1	k141_56122	626	89.214	649	39	856
NC_033978.1	k141_21712	1746	88.106	639	46	806
NC_033978.1	k141_21712	1746	79.862	581	59	524
NC_033978.1	k141_21712	1746	91.111	45	4	64.4
NC_033978.1	k141_33140	34601	88.339	626	43	796
NC_033978.1	k141_33140	34601	78.750	80	17	68.9
NC_033978.1	k141_33198	11073	90.566	530	35	736
NC_033978.1	k141_36144	636	93.088	434	30	648
NC_033978.1	k141_36144	636	91.071	56	5	79.7
NC_033978.1	k141_62974	558	79.242	607	69	538
NC_033978.1	k141_5794	4518	81.659	458	18	489
NC_033978.1	k141_53755	20774	72.748	877	208	461
NC_033978.1	k141_53755	20774	72.748	877	208	461
NC_033978.1	k141_53755	20774	99.286	140	1	249
NC_033978.1	k141_53755	20774	99.286	140	1	249
NC_033978.1	k141_53755	20774	78.648	281	58	230
NC_033978.1	k141_53755	20774	78.648	281	58	230
NC_033978.1	k141_53755	20774	86.885	61	8	75.2
NC_033978.1	k141_53755	20774	86.885	61	8	75.2
NC_033978.1	k141_57911	309	91.667	312	16	446
NC_033978.1	k141_57911	309	91.667	312	16	446
NC_033978.1	k141_37174	30357	74.765	531	123	346
NC_033978.1	k141_37174	30357	74.765	531	123	346
NC_033978.1	k141_37174	30357	75.161	467	94	290
NC_033978.1	k141_37174	30357	75.161	467	94	290
NC_033978.1	k141_37174	30357	65.703	519	144	111
NC_033978.1	k141_37174	30357	65.703	519	144	111
NC_033978.1	k141_20011	1232	88.506	261	22	334
NC_033978.1	k141_27714	23557	76.790	405	59	294
NC_033978.1	k141_27714	23557	68.657	134	42	53.6
NC_033978.1	k141_18711	1737	96.753	154	5	256
NC_033978.1	k141_18711	1737	96.753	154	5	256
NC_033978.1	k141_44119	9926	71.366	454	122	223
NC_033978.1	k141_44119	9926	90.385	52	5	72.5
NC_033978.1	k141_279	3869	97.638	127	3	216
NC_033978.1	k141_279	3869	97.638	127	3	216
NC_033978.1	k141_21720	18522	86.286	175	12	210
NC_033978.1	k141_21720	18522	79.091	220	27	189
NC_033978.1	k141_23614	35464	82.902	193	33	200
NC_033978.1	k141_23614	35464	87.037	54	7	67.1
NC_033978.1	k141_30998	412	85.542	166	19	187
NC_033978.1	k141_13913	774	95.050	101	5	160
NC_033978.1	k141_44156	472	95.789	95	4	154
NC_033978.1	k141_44156	472	95.789	95	4	154
NC_033978.1	k141_21643	16831	79.006	181	25	154
NC_033978.1	k141_21643	16831	80.645	62	10	56.3
NC_033978.1	k141_7129	18543	94.118	68	4	105
NC_033978.1	k141_7129	18543	94.118	68	4	105
NC_033978.1	k141_8053	10146	71.204	191	55	97.8
NC_033978.1	k141_8053	10146	71.204	191	55	97.8
NC_033978.1	k141_8053	10146	88.235	51	5	62.6
NC_033978.1	k141_2304	2553	91.176	68	5	93.3
NC_033978.1	k141_175	8435	77.391	115	23	85.1
NC_033978.1	k141_175	8435	77.391	115	23	85.1
NC_033978.1	k141_29449	1202	94.340	53	3	83.3
NC_033978.1	k141_35401	1306	87.302	63	8	78.8
NC_033978.1	k141_12937	16519	97.778	45	1	77.9
NC_033978.1	k141_12937	16519	97.778	45	1	77.9
NC_033978.1	k141_44884	381	92.000	50	4	73.4
NC_033978.1	k141_3252	905	91.837	49	4	71.6
NC_033978.1	k141_3252	905	91.837	49	4	71.6
NC_033978.1	k141_12770	454	93.023	43	3	65.3
NC_033978.1	k141_42515	417	88.000	50	6	64.4
NC_033978.1	k141_12843	770	95.000	40	2	64.4
NC_033978.1	k141_48206	376	69.481	154	46	63.5
NC_033978.1	k141_38000	8710	78.261	46	10	39.2
MW006668.1	k141_34477	25446	94.329	8270	265	12804
MW006668.1	k141_34477	25446	94.329	8270	265	12804
MW006668.1	k141_34477	25446	90.417	4967	341	6785
MW006668.1	k141_34477	25446	74.085	3033	436	1963
MW006668.1	k141_34477	25446	86.559	1302	126	1568
MW006668.1	k141_34477	25446	89.765	469	38	630
MW006668.1	k141_34477	25446	89.765	469	38	630
MW006668.1	k141_34477	25446	77.150	814	107	625
MW006668.1	k141_34477	25446	74.958	599	68	447
MW006668.1	k141_34477	25446	89.209	278	22	361
MW006668.1	k141_34477	25446	89.209	278	22	361
MW006668.1	k141_34477	25446	80.631	222	27	195
MW006668.1	k141_34477	25446	82.432	148	17	150
MW006668.1	k141_34477	25446	82.432	148	17	150
MW006668.1	k141_34477	25446	82.353	136	15	137
MW006668.1	k141_34477	25446	66.585	410	98	135
MW006668.1	k141_34477	25446	66.585	410	98	135
MW006668.1	k141_34477	25446	86.538	104	9	125
MW006668.1	k141_34477	25446	65.049	515	129	120
MW006668.1	k141_34477	25446	83.810	105	13	108
MW006668.1	k141_34477	25446	100.000	56	0	102
MW006668.1	k141_34477	25446	65.399	526	138	96.9
MW006668.1	k141_34477	25446	65.399	526	138	96.9
MW006668.1	k141_34477	25446	70.492	183	42	94.2
MW006668.1	k141_34477	25446	70.492	183	42	94.2
MW006668.1	k141_34477	25446	70.492	183	42	94.2
MW006668.1	k141_34477	25446	70.492	183	42	94.2
MW006668.1	k141_34477	25446	65.019	526	140	92.4
MW006668.1	k141_34477	25446	65.019	526	140	92.4
MW006668.1	k141_34477	25446	65.019	526	140	91.5
MW006668.1	k141_34477	25446	65.019	526	140	91.5
MW006668.1	k141_34477	25446	70.270	185	42	89.7
MW006668.1	k141_34477	25446	68.151	292	78	86.0
MW006668.1	k141_34477	25446	68.151	292	78	86.0
MW006668.1	k141_34477	25446	64.829	526	141	83.3
MW006668.1	k141_34477	25446	64.829	526	141	83.3
MW006668.1	k141_34477	25446	64.829	526	141	83.3
MW006668.1	k141_34477	25446	64.829	526	141	83.3
MW006668.1	k141_34477	25446	73.770	122	20	83.3
MW006668.1	k141_34477	25446	73.770	122	20	83.3
MW006668.1	k141_34477	25446	89.831	59	6	80.6
MW006668.1	k141_34477	25446	97.619	42	1	72.5
MW006668.1	k141_34477	25446	97.619	42	1	72.5
MW006668.1	k141_34477	25446	84.211	57	9	63.5
MW006668.1	k141_34477	25446	84.211	57	9	63.5
MW006668.1	k141_34477	25446	86.275	51	7	61.7
MW006668.1	k141_34477	25446	90.476	42	4	59.0
MW006668.1	k141_34477	25446	71.053	152	37	56.3
MW006668.1	k141_34477	25446	71.053	152	37	56.3
MW006668.1	k141_34477	25446	71.053	152	37	56.3
MW006668.1	k141_34477	25446	71.053	152	37	56.3
MW006668.1	k141_34477	25446	86.364	44	6	53.6
MW006668.1	k141_34477	25446	71.429	84	24	44.6
MW006668.1	k141_34477	25446	71.429	84	24	44.6
MW006668.1	k141_34477	25446	84.211	38	6	42.8
MW006668.1	k141_27581	48574	83.606	9339	1254	9906
MW006668.1	k141_27581	48574	90.942	5531	452	7680
MW006668.1	k141_27581	48574	86.425	3639	353	4319
MW006668.1	k141_27581	48574	88.062	3401	374	4287
MW006668.1	k141_27581	48574	81.463	4224	578	4034
MW006668.1	k141_27581	48574	77.452	3202	538	2506
MW006668.1	k141_27581	48574	83.221	2223	265	2290
MW006668.1	k141_27581	48574	93.265	876	54	1315
MW006668.1	k141_27581	48574	93.265	876	54	1315
MW006668.1	k141_27581	48574	77.215	1264	163	959
MW006668.1	k141_27581	48574	77.215	1264	163	959
MW006668.1	k141_27581	48574	76.312	1334	198	948
MW006668.1	k141_27581	48574	74.087	1478	261	856
MW006668.1	k141_27581	48574	79.462	818	96	729
MW006668.1	k141_27581	48574	91.026	390	35	546
MW006668.1	k141_27581	48574	74.168	751	117	455
MW006668.1	k141_27581	48574	73.768	690	88	445
MW006668.1	k141_27581	48574	74.063	667	121	394
MW006668.1	k141_27581	48574	88.814	295	25	382
MW006668.1	k141_27581	48574	68.585	1025	199	369
MW006668.1	k141_27581	48574	74.932	367	56	253
MW006668.1	k141_27581	48574	85.976	164	18	184
MW006668.1	k141_27581	48574	81.095	201	29	173
MW006668.1	k141_27581	48574	76.959	217	32	165
MW006668.1	k141_27581	48574	89.344	122	13	162
MW006668.1	k141_27581	48574	91.346	104	9	148
MW006668.1	k141_27581	48574	86.885	122	12	139
MW006668.1	k141_27581	48574	74.641	209	36	127
MW006668.1	k141_27581	48574	94.937	79	4	125
MW006668.1	k141_27581	48574	94.937	79	4	125
MW006668.1	k141_27581	48574	80.159	126	25	115
MW006668.1	k141_27581	48574	76.101	159	36	113
MW006668.1	k141_27581	48574	79.286	140	24	113
MW006668.1	k141_27581	48574	79.286	140	24	113
MW006668.1	k141_27581	48574	80.556	108	8	95.1
MW006668.1	k141_27581	48574	87.719	57	7	72.5
MW006668.1	k141_27581	48574	89.796	49	5	67.1
MW006668.1	k141_27581	48574	89.796	49	5	67.1
MW006668.1	k141_27581	48574	94.872	39	2	62.6
MW006668.1	k141_27581	48574	68.362	177	54	60.8
MW006668.1	k141_28770	29169	83.297	5975	666	6238
MW006668.1	k141_28770	29169	84.903	2517	284	2801
MW006668.1	k141_28770	29169	85.963	1952	236	2270
MW006668.1	k141_28770	29169	76.622	3067	480	2233
MW006668.1	k141_28770	29169	79.584	1827	299	1622
MW006668.1	k141_28770	29169	89.118	1066	95	1392
MW006668.1	k141_28770	29169	74.915	2057	279	1372
MW006668.1	k141_28770	29169	74.167	1591	259	1068
MW006668.1	k141_28770	29169	79.140	1232	182	1028
MW006668.1	k141_28770	29169	73.185	1391	246	757
MW006668.1	k141_28770	29169	72.527	910	148	489
MW006668.1	k141_28770	29169	72.727	781	121	487
MW006668.1	k141_28770	29169	72.727	781	121	487
MW006668.1	k141_28770	29169	81.818	352	37	353
MW006668.1	k141_28770	29169	81.818	352	37	353
MW006668.1	k141_28770	29169	77.209	215	31	166
MW006668.1	k141_28770	29169	75.417	240	57	165
MW006668.1	k141_28770	29169	73.541	257	41	164
MW006668.1	k141_28770	29169	81.250	112	21	108
MW006668.1	k141_28770	29169	84.416	77	12	86.0
MW006668.1	k141_28770	29169	89.362	47	5	63.5
MW006668.1	k141_28770	29169	86.957	46	6	57.2
MW006668.1	k141_28770	29169	82.051	39	7	40.1
MW006668.1	k141_49638	17192	84.249	4368	540	4743
MW006668.1	k141_49638	17192	84.249	4368	540	4743
MW006668.1	k141_49638	17192	81.615	4841	681	4668
MW006668.1	k141_49638	17192	81.615	4841	681	4668
MW006668.1	k141_49638	17192	79.579	2282	435	1984
MW006668.1	k141_49638	17192	84.211	133	20	142
MW006668.1	k141_49638	17192	100.000	42	0	77.0
MW006668.1	k141_49638	17192	92.857	42	3	63.5
MW006668.1	k141_54662	4979	90.552	1831	162	2524
MW006668.1	k141_54662	4979	88.047	1531	159	1927
MW006668.1	k141_54662	4979	81.234	778	97	727
MW006668.1	k141_54662	4979	81.250	208	34	200
MW006668.1	k141_54662	4979	81.250	112	21	108
MW006668.1	k141_51247	2475	82.585	1648	199	1663
MW006668.1	k141_4120	1131	82.895	1140	158	1166
MW006668.1	k141_166	3020	80.545	1100	82	1040
MW006668.1	k141_166	3020	80.545	1100	82	1040
MW006668.1	k141_166	3020	90.385	208	19	282
MW006668.1	k141_166	3020	93.258	89	6	134
MW006668.1	k141_166	3020	93.258	89	6	134
MW006668.1	k141_21712	1746	87.068	665	52	802
MW006668.1	k141_21712	1746	76.432	611	92	451
MW006668.1	k141_21712	1746	80.916	262	32	246
MW006668.1	k141_21712	1746	80.916	262	32	246
MW006668.1	k141_21712	1746	94.118	51	2	76.1
MW006668.1	k141_56122	626	87.211	649	52	798
MW006668.1	k141_33140	34601	85.828	628	55	727
MW006668.1	k141_33140	34601	72.180	133	35	67.1
MW006668.1	k141_33198	11073	89.057	530	43	700
MW006668.1	k141_36144	636	91.475	434	37	617
MW006668.1	k141_36144	636	75.882	170	41	123
MW006668.1	k141_36144	636	94.737	57	3	90.6
MW006668.1	k141_2170	19344	87.375	499	51	609
MW006668.1	k141_2170	19344	92.440	291	17	426
MW006668.1	k141_2170	19344	72.727	143	39	83.3
MW006668.1	k141_2170	19344	72.727	143	39	83.3
MW006668.1	k141_62974	558	83.363	571	76	592
MW006668.1	k141_5794	4518	90.962	343	18	478
MW006668.1	k141_5794	4518	85.185	81	5	95.1
MW006668.1	k141_10937	9227	88.184	347	31	442
MW006668.1	k141_10937	9227	88.184	347	31	442
MW006668.1	k141_53755	20774	71.850	881	210	438
MW006668.1	k141_53755	20774	71.850	881	210	438
MW006668.1	k141_53755	20774	97.857	140	3	240
MW006668.1	k141_53755	20774	97.857	140	3	240
MW006668.1	k141_53755	20774	77.936	281	60	221
MW006668.1	k141_53755	20774	77.936	281	60	221
MW006668.1	k141_53755	20774	85.246	61	9	70.7
MW006668.1	k141_53755	20774	85.246	61	9	70.7
MW006668.1	k141_20011	1232	89.272	261	20	343
MW006668.1	k141_37174	30357	74.388	531	125	337
MW006668.1	k141_37174	30357	74.388	531	125	337
MW006668.1	k141_37174	30357	74.732	467	102	280
MW006668.1	k141_37174	30357	74.732	467	102	280
MW006668.1	k141_37174	30357	64.740	519	144	88.7
MW006668.1	k141_37174	30357	64.740	519	144	88.7
MW006668.1	k141_27714	23557	75.118	422	55	293
MW006668.1	k141_27714	23557	80.328	61	12	57.2
MW006668.1	k141_21720	18522	90.780	141	13	196
MW006668.1	k141_21720	18522	77.512	209	29	164
MW006668.1	k141_44119	9926	69.841	441	127	193
MW006668.1	k141_44119	9926	86.792	53	7	65.3
MW006668.1	k141_21643	16831	81.818	198	29	184
MW006668.1	k141_30998	412	84.049	163	21	173
MW006668.1	k141_279	3869	90.551	127	11	172
MW006668.1	k141_13913	774	92.079	101	8	147
MW006668.1	k141_2304	2553	95.588	68	2	106
MW006668.1	k141_7129	18543	94.118	68	4	105
MW006668.1	k141_7129	18543	94.118	68	4	105
MW006668.1	k141_8053	10146	70.681	191	56	93.3
MW006668.1	k141_29449	1202	96.154	52	2	86.0
MW006668.1	k141_29449	1202	95.122	41	2	66.2
MW006668.1	k141_175	8435	77.391	115	23	85.1
MW006668.1	k141_175	8435	77.391	115	23	85.1
MW006668.1	k141_35401	1306	86.567	67	9	81.5
MW006668.1	k141_30315	5136	82.895	76	13	79.7
MW006668.1	k141_30315	5136	82.895	76	13	79.7
MW006668.1	k141_12770	454	95.349	43	2	69.8
MW006668.1	k141_33101	384	80.000	75	15	68.9
MW006668.1	k141_33101	384	80.000	75	15	68.9
MW006668.1	k141_12937	16519	93.333	45	3	68.9
MW006668.1	k141_12843	770	97.500	40	1	68.9
MW006668.1	k141_3252	905	87.719	57	6	68.9
MW006668.1	k141_44884	381	88.000	50	6	64.4
MW006668.1	k141_201	548	92.500	40	3	59.9
MW435436.1	k141_34477	25446	96.394	8208	193	13462
MW435436.1	k141_34477	25446	96.394	8208	193	13462
MW435436.1	k141_34477	25446	92.706	8623	385	12809
MW435436.1	k141_34477	25446	92.706	8623	385	12809
MW435436.1	k141_34477	25446	94.361	3192	90	4941
MW435436.1	k141_34477	25446	94.361	3192	90	4941
MW435436.1	k141_34477	25446	88.425	2635	107	3439
MW435436.1	k141_34477	25446	88.425	2635	107	3439
MW435436.1	k141_34477	25446	85.068	2364	180	2702
MW435436.1	k141_34477	25446	85.068	2364	180	2702
MW435436.1	k141_34477	25446	92.727	605	39	893
MW435436.1	k141_34477	25446	92.727	605	39	893
MW435436.1	k141_34477	25446	98.148	54	1	94.2
MW435436.1	k141_34477	25446	98.148	54	1	94.2
MW435436.1	k141_34477	25446	92.857	42	3	63.5
MW435436.1	k141_34477	25446	89.744	39	4	53.6
MW435436.1	k141_27581	48574	86.336	10846	1225	12871
MW435436.1	k141_27581	48574	87.826	9857	868	12274
MW435436.1	k141_27581	48574	81.779	4363	515	4262
MW435436.1	k141_27581	48574	81.464	4030	554	3867
MW435436.1	k141_27581	48574	83.522	2027	237	2148
MW435436.1	k141_27581	48574	82.445	2102	201	2144
MW435436.1	k141_27581	48574	80.867	1223	134	1147
MW435436.1	k141_27581	48574	73.956	1532	264	906
MW435436.1	k141_27581	48574	74.345	1107	168	673
MW435436.1	k141_27581	48574	80.096	623	96	541
MW435436.1	k141_27581	48574	80.273	512	61	469
MW435436.1	k141_27581	48574	87.147	319	37	386
MW435436.1	k141_27581	48574	73.102	606	88	354
MW435436.1	k141_27581	48574	91.463	164	13	230
MW435436.1	k141_27581	48574	83.412	211	24	220
MW435436.1	k141_27581	48574	70.998	431	75	201
MW435436.1	k141_27581	48574	85.333	150	18	171
MW435436.1	k141_27581	48574	88.462	130	15	168
MW435436.1	k141_27581	48574	88.462	130	15	168
MW435436.1	k141_27581	48574	86.364	132	18	158
MW435436.1	k141_27581	48574	94.949	99	5	157
MW435436.1	k141_27581	48574	87.603	121	15	151
MW435436.1	k141_27581	48574	95.506	89	2	141
MW435436.1	k141_27581	48574	97.500	80	2	136
MW435436.1	k141_27581	48574	81.119	143	14	135
MW435436.1	k141_27581	48574	76.984	126	29	97.8
MW435436.1	k141_27581	48574	88.235	68	8	87.8
MW435436.1	k141_27581	48574	94.872	39	2	62.6
MW435436.1	k141_27581	48574	94.872	39	2	62.6
MW435436.1	k141_28770	29169	81.296	8089	984	7748
MW435436.1	k141_28770	29169	83.368	2856	288	3039
MW435436.1	k141_28770	29169	86.868	2018	233	2420
MW435436.1	k141_28770	29169	88.571	1890	202	2407
MW435436.1	k141_28770	29169	76.482	2683	427	1917
MW435436.1	k141_28770	29169	84.030	1578	212	1710
MW435436.1	k141_28770	29169	76.810	2113	352	1528
MW435436.1	k141_28770	29169	74.660	2206	304	1463
MW435436.1	k141_28770	29169	87.231	1206	125	1449
MW435436.1	k141_28770	29169	78.277	1381	186	1106
MW435436.1	k141_28770	29169	77.957	744	104	599
MW435436.1	k141_28770	29169	88.162	321	35	407
MW435436.1	k141_28770	29169	88.162	321	35	407
MW435436.1	k141_28770	29169	75.841	327	35	233
MW435436.1	k141_28770	29169	88.235	170	20	217
MW435436.1	k141_28770	29169	87.013	77	10	95.1
MW435436.1	k141_49638	17192	83.010	4485	544	4661
MW435436.1	k141_49638	17192	81.152	4807	707	4525
MW435436.1	k141_49638	17192	82.288	2281	360	2292
MW435436.1	k141_49638	17192	82.096	1994	313	1986
MW435436.1	k141_49638	17192	67.878	2559	599	917
MW435436.1	k141_49638	17192	70.519	848	186	420
MW435436.1	k141_49638	17192	100.000	42	0	77.0
MW435436.1	k141_49638	17192	100.000	42	0	77.0
MW435436.1	k141_49638	17192	90.476	42	4	59.0
MW435436.1	k141_54662	4979	90.998	1833	154	2563
MW435436.1	k141_54662	4979	87.076	1532	164	1865
MW435436.1	k141_54662	4979	79.671	1033	128	905
MW435436.1	k141_51247	2475	84.175	1643	188	1780
MW435436.1	k141_4120	1131	88.596	1140	100	1457
MW435436.1	k141_2170	19344	85.126	1069	78	1226
MW435436.1	k141_2170	19344	85.126	1069	78	1226
MW435436.1	k141_2170	19344	87.824	501	49	627
MW435436.1	k141_2170	19344	93.836	292	13	446
MW435436.1	k141_166	3020	88.018	868	49	1097
MW435436.1	k141_166	3020	88.018	868	49	1097
MW435436.1	k141_166	3020	95.192	208	10	331
MW435436.1	k141_166	3020	95.192	208	10	331
MW435436.1	k141_166	3020	69.305	417	27	208
MW435436.1	k141_166	3020	69.305	417	27	208
MW435436.1	k141_56122	626	88.752	649	42	843
MW435436.1	k141_10937	9227	88.320	625	25	810
MW435436.1	k141_10937	9227	88.320	625	25	810
MW435436.1	k141_21712	1746	90.674	579	36	795
MW435436.1	k141_21712	1746	76.527	622	84	457
MW435436.1	k141_33140	34601	86.271	641	48	755
MW435436.1	k141_33140	34601	75.000	80	20	55.4
MW435436.1	k141_33140	34601	75.000	80	20	55.4
MW435436.1	k141_33198	11073	89.225	529	42	702
MW435436.1	k141_36144	636	91.142	429	38	603
MW435436.1	k141_36144	636	94.828	58	3	92.4
MW435436.1	k141_62974	558	79.860	571	85	503
MW435436.1	k141_5794	4518	79.913	458	26	453
MW435436.1	k141_53755	20774	72.531	881	203	453
MW435436.1	k141_53755	20774	72.531	881	203	453
MW435436.1	k141_53755	20774	99.286	140	1	249
MW435436.1	k141_53755	20774	99.286	140	1	249
MW435436.1	k141_53755	20774	78.292	281	59	225
MW435436.1	k141_53755	20774	78.292	281	59	225
MW435436.1	k141_53755	20774	86.885	61	8	75.2
MW435436.1	k141_53755	20774	86.885	61	8	75.2
MW435436.1	k141_57911	309	86.984	315	28	382
MW435436.1	k141_57911	309	86.984	315	28	382
MW435436.1	k141_37174	30357	74.765	531	123	346
MW435436.1	k141_37174	30357	74.765	531	123	346
MW435436.1	k141_37174	30357	74.522	471	90	287
MW435436.1	k141_37174	30357	74.522	471	90	287
MW435436.1	k141_37174	30357	65.703	519	144	111
MW435436.1	k141_37174	30357	65.703	519	144	111
MW435436.1	k141_20011	1232	87.547	265	24	324
MW435436.1	k141_18711	1737	95.302	149	7	238
MW435436.1	k141_18711	1737	95.302	149	7	238
MW435436.1	k141_27714	23557	83.636	220	25	223
MW435436.1	k141_27714	23557	92.045	88	7	128
MW435436.1	k141_27714	23557	74.576	59	15	40.1
MW435436.1	k141_279	3869	97.638	127	3	216
MW435436.1	k141_279	3869	97.638	127	3	216
MW435436.1	k141_44119	9926	67.428	657	190	202
MW435436.1	k141_44119	9926	87.302	63	8	78.8
MW435436.1	k141_23614	35464	82.902	193	33	200
MW435436.1	k141_30998	412	82.530	166	24	165
MW435436.1	k141_13913	774	96.040	101	4	165
MW435436.1	k141_21720	18522	80.114	176	20	160
MW435436.1	k141_21720	18522	80.272	147	18	136
MW435436.1	k141_44156	472	95.789	95	4	154
MW435436.1	k141_44156	472	95.789	95	4	154
MW435436.1	k141_21643	16831	77.604	192	22	154
MW435436.1	k141_21643	16831	80.645	62	10	56.3
MW435436.1	k141_201	548	88.235	85	10	109
MW435436.1	k141_201	548	88.235	85	10	109
MW435436.1	k141_7129	18543	94.118	68	4	105
MW435436.1	k141_7129	18543	94.118	68	4	105
MW435436.1	k141_2304	2553	91.176	68	5	93.3
MW435436.1	k141_8053	10146	71.111	180	52	91.5
MW435436.1	k141_8053	10146	71.111	180	52	91.5
MW435436.1	k141_175	8435	77.391	115	23	85.1
MW435436.1	k141_175	8435	77.391	115	23	85.1
MW435436.1	k141_30315	5136	82.895	76	13	79.7
MW435436.1	k141_30315	5136	82.895	76	13	79.7
MW435436.1	k141_29449	1202	94.118	51	3	79.7
MW435436.1	k141_44884	381	92.157	51	4	75.2
MW435436.1	k141_25005	386	93.333	45	3	68.9
MW435436.1	k141_25005	386	93.333	45	3	68.9
MW435436.1	k141_48206	376	69.880	166	47	68.9
MW435436.1	k141_12937	16519	93.333	45	3	68.9
MW435436.1	k141_12937	16519	93.333	45	3	68.9
MW435436.1	k141_12843	770	97.500	40	1	68.9
MW435436.1	k141_35401	1306	77.941	68	9	57.2
MW435436.1	k141_12770	454	87.805	41	5	52.7
NC_037882.1	k141_27581	48574	89.984	20267	1205	27452
NC_037882.1	k141_27581	48574	90.685	11605	596	15997
NC_037882.1	k141_27581	48574	88.902	4253	299	5581
NC_037882.1	k141_27581	48574	88.672	2560	127	3304
NC_037882.1	k141_27581	48574	81.566	2452	225	2378
NC_037882.1	k141_27581	48574	78.367	2732	254	2287
NC_037882.1	k141_27581	48574	87.338	1619	101	1995
NC_037882.1	k141_27581	48574	84.932	1407	128	1559
NC_037882.1	k141_27581	48574	83.423	1490	135	1549
NC_037882.1	k141_27581	48574	76.829	328	30	242
NC_037882.1	k141_27581	48574	99.270	137	0	240
NC_037882.1	k141_27581	48574	99.270	137	0	240
NC_037882.1	k141_27581	48574	80.769	182	15	176
NC_037882.1	k141_27581	48574	98.765	81	1	142
NC_037882.1	k141_27581	48574	78.571	126	27	106
NC_037882.1	k141_27581	48574	77.778	126	28	102
NC_037882.1	k141_27581	48574	95.238	42	2	68.0
NC_037882.1	k141_27581	48574	92.308	39	3	58.1
NC_037882.1	k141_27581	48574	92.308	39	3	58.1
NC_037882.1	k141_34477	25446	97.447	10498	149	17719
NC_037882.1	k141_34477	25446	97.835	10299	119	17554
NC_037882.1	k141_34477	25446	96.661	8895	167	14757
NC_037882.1	k141_34477	25446	96.661	8895	167	14757
NC_037882.1	k141_34477	25446	97.095	4888	46	8181
NC_037882.1	k141_34477	25446	97.095	4888	46	8181
NC_037882.1	k141_34477	25446	88.482	929	17	1225
NC_037882.1	k141_34477	25446	88.482	929	17	1225
NC_037882.1	k141_34477	25446	100.000	42	0	77.0
NC_037882.1	k141_34477	25446	100.000	42	0	77.0
NC_037882.1	k141_34477	25446	95.238	42	2	68.0
NC_037882.1	k141_34477	25446	92.308	39	3	58.1
NC_037882.1	k141_34477	25446	86.842	38	5	47.3
NC_037882.1	k141_34477	25446	84.211	38	6	42.8
NC_037882.1	k141_49638	17192	86.221	14290	1225	16915
NC_037882.1	k141_49638	17192	77.791	3341	529	2724
NC_037882.1	k141_49638	17192	88.793	116	13	151
NC_037882.1	k141_49638	17192	97.619	42	1	72.5
NC_037882.1	k141_49638	17192	97.619	42	1	72.5
NC_037882.1	k141_49638	17192	92.857	42	3	63.5
NC_037882.1	k141_28770	29169	90.452	10484	616	14430
NC_037882.1	k141_28770	29169	86.983	4348	284	5278
NC_037882.1	k141_28770	29169	89.709	3362	202	4521
NC_037882.1	k141_28770	29169	89.742	2905	183	3914
NC_037882.1	k141_28770	29169	87.972	2411	184	2993
NC_037882.1	k141_28770	29169	94.260	1690	95	2608
NC_037882.1	k141_28770	29169	82.217	2075	183	2080
NC_037882.1	k141_28770	29169	89.948	1343	88	1802
NC_037882.1	k141_28770	29169	92.823	418	22	609
NC_037882.1	k141_28770	29169	95.283	106	5	169
NC_037882.1	k141_28770	29169	95.455	44	2	71.6
NC_037882.1	k141_28770	29169	84.615	52	8	59.0
NC_037882.1	k141_28770	29169	82.051	39	7	40.1
NC_037882.1	k141_54662	4979	96.051	1874	61	3045
NC_037882.1	k141_54662	4979	91.602	1667	90	2380
NC_037882.1	k141_54662	4979	82.970	1239	97	1292
NC_037882.1	k141_54662	4979	70.492	183	18	102
NC_037882.1	k141_54662	4979	94.872	39	2	62.6
NC_037882.1	k141_51247	2475	88.943	1655	99	2164
NC_037882.1	k141_4120	1131	93.140	1137	54	1690
NC_037882.1	k141_166	3020	85.288	1339	55	1561
NC_037882.1	k141_166	3020	85.288	1339	55	1561
NC_037882.1	k141_166	3020	98.077	208	4	358
NC_037882.1	k141_166	3020	98.077	208	4	358
NC_037882.1	k141_2170	19344	90.490	1062	30	1475
NC_037882.1	k141_2170	19344	90.490	1062	30	1475
NC_037882.1	k141_2170	19344	92.131	521	28	749
NC_037882.1	k141_2170	19344	94.863	292	10	460
NC_037882.1	k141_10937	9227	95.310	597	9	950
NC_037882.1	k141_10937	9227	95.310	597	9	950
NC_037882.1	k141_21712	1746	91.743	654	31	921
NC_037882.1	k141_21712	1746	88.906	631	45	814
NC_037882.1	k141_21712	1746	96.296	54	2	89.7
NC_037882.1	k141_56122	626	91.371	649	25	920
NC_037882.1	k141_33140	34601	91.601	631	27	901
NC_037882.1	k141_33140	34601	81.250	80	15	77.9
NC_037882.1	k141_33198	11073	93.019	530	22	794
NC_037882.1	k141_62974	558	88.296	581	45	745
NC_037882.1	k141_36144	636	96.544	434	15	716
NC_037882.1	k141_36144	636	96.491	57	2	95.1
NC_037882.1	k141_5794	4518	82.096	458	16	499
NC_037882.1	k141_57911	309	93.891	311	9	476
NC_037882.1	k141_57911	309	93.891	311	9	476
NC_037882.1	k141_53755	20774	72.634	877	209	456
NC_037882.1	k141_53755	20774	72.634	877	209	456
NC_037882.1	k141_53755	20774	100.000	140	0	253
NC_037882.1	k141_53755	20774	100.000	140	0	253
NC_037882.1	k141_53755	20774	78.292	281	59	225
NC_037882.1	k141_53755	20774	78.292	281	59	225
NC_037882.1	k141_53755	20774	86.885	61	8	75.2
NC_037882.1	k141_53755	20774	86.885	61	8	75.2
NC_037882.1	k141_20011	1232	92.337	261	12	379
NC_037882.1	k141_37174	30357	74.576	531	124	342
NC_037882.1	k141_37174	30357	74.576	531	124	342
NC_037882.1	k141_37174	30357	74.522	471	90	287
NC_037882.1	k141_37174	30357	74.522	471	90	287
NC_037882.1	k141_37174	30357	65.703	519	144	111
NC_037882.1	k141_37174	30357	65.703	519	144	111
NC_037882.1	k141_21720	18522	86.885	244	21	297
NC_037882.1	k141_21720	18522	88.571	175	8	228
NC_037882.1	k141_18711	1737	97.403	154	4	260
NC_037882.1	k141_18711	1737	97.403	154	4	260
NC_037882.1	k141_27714	23557	73.536	427	59	260
NC_037882.1	k141_27714	23557	74.576	59	15	40.1
NC_037882.1	k141_279	3869	99.213	127	1	225
NC_037882.1	k141_279	3869	99.213	127	1	225
NC_037882.1	k141_44119	9926	70.199	453	129	205
NC_037882.1	k141_44119	9926	90.625	64	6	89.7
NC_037882.1	k141_30998	412	87.349	166	16	201
NC_037882.1	k141_23614	35464	82.383	193	34	196
NC_037882.1	k141_13913	774	99.010	101	1	178
NC_037882.1	k141_44156	472	95.789	95	4	154
NC_037882.1	k141_44156	472	95.789	95	4	154
NC_037882.1	k141_21643	16831	93.684	95	6	145
NC_037882.1	k141_35401	1306	96.104	77	3	126
NC_037882.1	k141_201	548	89.412	85	9	113
NC_037882.1	k141_201	548	89.412	85	9	113
NC_037882.1	k141_2304	2553	95.588	68	2	106
NC_037882.1	k141_7129	18543	94.118	68	4	105
NC_037882.1	k141_7129	18543	94.118	68	4	105
NC_037882.1	k141_8053	10146	70.681	191	56	93.3
NC_037882.1	k141_8053	10146	70.681	191	56	93.3
NC_037882.1	k141_8053	10146	92.857	56	4	84.2
NC_037882.1	k141_8053	10146	80.000	80	15	69.8
NC_037882.1	k141_8053	10146	80.000	80	15	69.8
NC_037882.1	k141_35123	11366	94.828	58	3	92.4
NC_037882.1	k141_35123	11366	94.828	58	3	92.4
NC_037882.1	k141_29449	1202	96.296	54	2	89.7
NC_037882.1	k141_29449	1202	95.122	41	2	66.2
NC_037882.1	k141_25005	386	96.226	53	2	87.8
NC_037882.1	k141_25005	386	96.226	53	2	87.8
NC_037882.1	k141_23788	636	92.982	57	4	86.0
NC_037882.1	k141_175	8435	77.391	115	23	85.1
NC_037882.1	k141_175	8435	77.391	115	23	85.1
NC_037882.1	k141_12937	16519	96.000	50	2	82.4
NC_037882.1	k141_12937	16519	96.000	50	2	82.4
NC_037882.1	k141_30315	5136	82.895	76	13	79.7
NC_037882.1	k141_30315	5136	82.895	76	13	79.7
NC_037882.1	k141_54195	634	94.118	51	3	79.7
NC_037882.1	k141_12843	770	94.000	50	3	77.9
NC_037882.1	k141_3252	905	86.957	69	7	77.9
NC_037882.1	k141_3252	905	86.957	69	7	77.9
NC_037882.1	k141_44884	381	92.000	50	4	73.4
NC_037882.1	k141_46470	302	93.023	43	3	65.3
NC_037882.1	k141_12770	454	93.023	43	3	65.3
NC_037882.1	k141_42515	417	88.000	50	6	64.4
NC_037882.1	k141_52391	447	92.308	39	3	58.1
NC_037882.1	k141_52281	535	85.714	49	7	58.1
NC_037882.1	k141_24847	316	90.000	40	4	55.4
NC_037882.1	k141_48206	376	69.281	153	44	54.5
NC_056190.1	k141_34477	25446	94.509	9871	308	15371
NC_056190.1	k141_34477	25446	94.509	9871	308	15371
NC_056190.1	k141_34477	25446	92.814	8183	380	12191
NC_056190.1	k141_34477	25446	92.814	8183	380	12191
NC_056190.1	k141_34477	25446	91.486	6037	201	8681
NC_056190.1	k141_34477	25446	91.486	6037	201	8681
NC_056190.1	k141_34477	25446	92.206	603	34	879
NC_056190.1	k141_34477	25446	93.284	536	23	808
NC_056190.1	k141_34477	25446	91.589	107	4	153
NC_056190.1	k141_34477	25446	91.589	107	4	153
NC_056190.1	k141_34477	25446	72.951	244	54	136
NC_056190.1	k141_34477	25446	72.951	244	54	136
NC_056190.1	k141_34477	25446	100.000	41	0	75.2
NC_056190.1	k141_34477	25446	89.744	39	4	53.6
NC_056190.1	k141_34477	25446	86.842	38	5	47.3
NC_056190.1	k141_27581	48574	85.070	12686	1513	14358
NC_056190.1	k141_27581	48574	89.728	5851	505	7808
NC_056190.1	k141_27581	48574	86.816	3618	365	4341
NC_056190.1	k141_27581	48574	86.126	2984	347	3486
NC_056190.1	k141_27581	48574	78.765	4031	647	3388
NC_056190.1	k141_27581	48574	82.501	2103	225	2128
NC_056190.1	k141_27581	48574	90.995	633	56	882
NC_056190.1	k141_27581	48574	77.130	1115	163	805
NC_056190.1	k141_27581	48574	74.161	1281	205	797
NC_056190.1	k141_27581	48574	77.471	870	123	666
NC_056190.1	k141_27581	48574	75.241	727	114	492
NC_056190.1	k141_27581	48574	78.155	618	105	484
NC_056190.1	k141_27581	48574	84.536	388	36	447
NC_056190.1	k141_27581	48574	73.110	688	105	380
NC_056190.1	k141_27581	48574	76.680	506	70	375
NC_056190.1	k141_27581	48574	87.415	294	35	361
NC_056190.1	k141_27581	48574	75.546	458	78	325
NC_056190.1	k141_27581	48574	92.063	189	14	270
NC_056190.1	k141_27581	48574	80.080	251	36	227
NC_056190.1	k141_27581	48574	85.802	162	17	186
NC_056190.1	k141_27581	48574	76.856	229	34	169
NC_056190.1	k141_27581	48574	97.500	80	2	136
NC_056190.1	k141_27581	48574	89.899	99	10	134
NC_056190.1	k141_27581	48574	94.186	86	5	133
NC_056190.1	k141_27581	48574	72.986	211	39	118
NC_056190.1	k141_27581	48574	74.847	163	41	110
NC_056190.1	k141_27581	48574	74.545	165	42	109
NC_056190.1	k141_27581	48574	80.342	117	19	98.7
NC_056190.1	k141_27581	48574	79.710	69	7	59.9
NC_056190.1	k141_27581	48574	90.476	42	4	59.0
NC_056190.1	k141_27581	48574	92.308	39	3	58.1
NC_056190.1	k141_27581	48574	92.308	39	3	58.1
NC_056190.1	k141_28770	29169	81.112	6708	876	6346
NC_056190.1	k141_28770	29169	80.471	4798	646	4421
NC_056190.1	k141_28770	29169	76.173	4243	608	3039
NC_056190.1	k141_28770	29169	85.004	2394	273	2673
NC_056190.1	k141_28770	29169	82.590	2286	305	2314
NC_056190.1	k141_28770	29169	85.519	1243	139	1387
NC_056190.1	k141_28770	29169	84.669	1011	104	1108
NC_056190.1	k141_28770	29169	75.189	1584	264	1103
NC_056190.1	k141_28770	29169	78.843	1210	182	1014
NC_056190.1	k141_28770	29169	76.735	1066	169	768
NC_056190.1	k141_28770	29169	80.085	708	117	641
NC_056190.1	k141_28770	29169	82.775	209	27	210
NC_056190.1	k141_28770	29169	82.051	39	7	40.1
NC_056190.1	k141_49638	17192	82.006	2801	420	2747
NC_056190.1	k141_49638	17192	76.905	1299	246	967
NC_056190.1	k141_49638	17192	81.682	999	140	966
NC_056190.1	k141_49638	17192	83.104	728	94	749
NC_056190.1	k141_49638	17192	83.636	605	95	631
NC_056190.1	k141_49638	17192	64.843	2870	723	579
NC_056190.1	k141_49638	17192	83.662	355	47	380
NC_056190.1	k141_49638	17192	73.481	543	82	324
NC_056190.1	k141_49638	17192	67.840	824	227	299
NC_056190.1	k141_49638	17192	84.977	213	26	233
NC_056190.1	k141_49638	17192	83.333	120	20	127
NC_056190.1	k141_49638	17192	97.619	42	1	72.5
NC_056190.1	k141_49638	17192	97.619	42	1	72.5
NC_056190.1	k141_49638	17192	90.476	42	4	59.0
NC_056190.1	k141_54662	4979	89.877	1877	175	2529
NC_056190.1	k141_54662	4979	79.150	1012	148	855
NC_056190.1	k141_54662	4979	80.649	770	104	709
NC_056190.1	k141_51247	2475	83.881	1644	191	1765
NC_056190.1	k141_4120	1131	88.064	1131	104	1419
NC_056190.1	k141_166	3020	82.531	1288	104	1310
NC_056190.1	k141_166	3020	82.531	1288	104	1310
NC_056190.1	k141_166	3020	95.673	208	9	335
NC_056190.1	k141_166	3020	95.673	208	9	335
NC_056190.1	k141_2170	19344	88.764	712	50	929
NC_056190.1	k141_2170	19344	88.764	712	50	929
NC_056190.1	k141_2170	19344	87.674	503	50	621
NC_056190.1	k141_2170	19344	93.151	292	15	437
NC_056190.1	k141_2170	19344	78.261	46	10	39.2
NC_056190.1	k141_2170	19344	78.261	46	10	39.2
NC_056190.1	k141_10937	9227	91.694	602	27	864
NC_056190.1	k141_10937	9227	91.694	602	27	864
NC_056190.1	k141_56122	626	86.749	649	55	784
NC_056190.1	k141_21712	1746	85.542	664	66	756
NC_056190.1	k141_21712	1746	70.300	633	98	299
NC_056190.1	k141_33198	11073	90.189	530	37	727
NC_056190.1	k141_33140	34601	84.094	635	64	688
NC_056190.1	k141_36144	636	89.862	434	44	585
NC_056190.1	k141_36144	636	98.246	57	1	99.6
NC_056190.1	k141_5794	4518	90.379	343	20	469
NC_056190.1	k141_5794	4518	82.927	82	7	87.8
NC_056190.1	k141_53755	20774	72.748	888	211	467
NC_056190.1	k141_53755	20774	72.748	888	211	467
NC_056190.1	k141_53755	20774	100.000	140	0	253
NC_056190.1	k141_53755	20774	100.000	140	0	253
NC_056190.1	k141_53755	20774	77.936	281	60	221
NC_056190.1	k141_53755	20774	77.936	281	60	221
NC_056190.1	k141_53755	20774	86.885	61	8	75.2
NC_056190.1	k141_53755	20774	86.885	61	8	75.2
NC_056190.1	k141_62974	558	77.158	556	81	423
NC_056190.1	k141_57911	309	87.821	312	19	396
NC_056190.1	k141_57911	309	87.821	312	19	396
NC_056190.1	k141_37174	30357	74.576	531	124	342
NC_056190.1	k141_37174	30357	74.576	531	124	342
NC_056190.1	k141_37174	30357	74.522	471	90	287
NC_056190.1	k141_37174	30357	74.522	471	90	287
NC_056190.1	k141_37174	30357	65.143	525	143	104
NC_056190.1	k141_37174	30357	65.143	525	143	104
NC_056190.1	k141_20011	1232	88.889	261	21	339
NC_056190.1	k141_27714	23557	75.240	416	59	286
NC_056190.1	k141_27714	23557	77.049	61	14	48.2
NC_056190.1	k141_18711	1737	95.455	154	7	247
NC_056190.1	k141_18711	1737	95.455	154	7	247
NC_056190.1	k141_44119	9926	71.619	451	126	230
NC_056190.1	k141_23614	35464	84.541	207	28	220
NC_056190.1	k141_279	3869	97.638	127	3	216
NC_056190.1	k141_279	3869	97.638	127	3	216
NC_056190.1	k141_21720	18522	78.802	217	32	179
NC_056190.1	k141_21720	18522	93.590	78	5	119
NC_056190.1	k141_30998	412	81.928	166	25	160
NC_056190.1	k141_13913	774	91.089	101	9	142
NC_056190.1	k141_21643	16831	83.459	133	18	141
NC_056190.1	k141_44156	472	91.398	93	8	132
NC_056190.1	k141_44156	472	91.398	93	8	132
NC_056190.1	k141_201	548	89.412	85	9	113
NC_056190.1	k141_201	548	89.412	85	9	113
NC_056190.1	k141_7129	18543	94.118	68	4	105
NC_056190.1	k141_7129	18543	94.118	68	4	105
NC_056190.1	k141_2304	2553	91.429	70	5	96.9
NC_056190.1	k141_8053	10146	70.466	193	53	86.9
NC_056190.1	k141_8053	10146	70.466	193	53	86.9
NC_056190.1	k141_175	8435	77.391	115	23	85.1
NC_056190.1	k141_175	8435	77.391	115	23	85.1
NC_056190.1	k141_30315	5136	82.895	76	13	79.7
NC_056190.1	k141_30315	5136	82.895	76	13	79.7
NC_056190.1	k141_12937	16519	94.000	50	3	77.9
NC_056190.1	k141_12937	16519	94.000	50	3	77.9
NC_056190.1	k141_25005	386	93.750	48	3	74.3
NC_056190.1	k141_25005	386	93.750	48	3	74.3
NC_056190.1	k141_44884	381	92.000	50	4	73.4
NC_056190.1	k141_35401	1306	83.077	65	11	68.9
NC_056190.1	k141_29449	1202	91.304	46	4	66.2
NC_056190.1	k141_29449	1202	92.683	41	3	61.7
NC_056190.1	k141_12770	454	93.023	43	3	65.3
NC_056190.1	k141_48206	376	69.178	146	45	61.7
MN564931.1	k141_27581	48574	85.245	12796	1507	14521
MN564931.1	k141_27581	48574	92.019	5388	414	7753
MN564931.1	k141_27581	48574	91.621	2709	196	3859
MN564931.1	k141_27581	48574	80.308	4027	607	3630
MN564931.1	k141_27581	48574	84.359	3005	351	3296
MN564931.1	k141_27581	48574	78.615	2815	366	2310
MN564931.1	k141_27581	48574	77.572	1244	188	915
MN564931.1	k141_27581	48574	87.183	749	72	904
MN564931.1	k141_27581	48574	77.491	853	129	663
MN564931.1	k141_27581	48574	72.184	1154	203	565
MN564931.1	k141_27581	48574	74.183	887	131	539
MN564931.1	k141_27581	48574	90.231	389	38	531
MN564931.1	k141_27581	48574	74.745	784	133	499
MN564931.1	k141_27581	48574	70.098	1020	147	481
MN564931.1	k141_27581	48574	73.519	827	126	471
MN564931.1	k141_27581	48574	74.254	637	85	409
MN564931.1	k141_27581	48574	78.307	378	42	317
MN564931.1	k141_27581	48574	91.489	188	16	268
MN564931.1	k141_27581	48574	68.326	663	133	220
MN564931.1	k141_27581	48574	94.400	125	7	195
MN564931.1	k141_27581	48574	94.400	125	7	195
MN564931.1	k141_27581	48574	72.404	366	62	191
MN564931.1	k141_27581	48574	78.319	226	25	173
MN564931.1	k141_27581	48574	82.036	167	24	159
MN564931.1	k141_27581	48574	94.681	94	5	148
MN564931.1	k141_27581	48574	88.136	118	13	147
MN564931.1	k141_27581	48574	100.000	81	0	147
MN564931.1	k141_27581	48574	65.247	587	184	122
MN564931.1	k141_27581	48574	74.359	156	40	102
MN564931.1	k141_27581	48574	72.868	129	35	76.1
MN564931.1	k141_27581	48574	92.857	42	3	63.5
MN564931.1	k141_27581	48574	94.872	39	2	62.6
MN564931.1	k141_27581	48574	94.872	39	2	62.6
MN564931.1	k141_27581	48574	78.667	75	15	60.8
MN564931.1	k141_27581	48574	82.979	47	8	50.0
MN564931.1	k141_27581	48574	75.000	72	18	50.0
MN564931.1	k141_34477	25446	94.152	9097	297	13994
MN564931.1	k141_34477	25446	94.152	9097	297	13994
MN564931.1	k141_34477	25446	91.995	6109	223	8850
MN564931.1	k141_34477	25446	91.995	6109	223	8850
MN564931.1	k141_34477	25446	87.361	3869	318	4801
MN564931.1	k141_34477	25446	87.361	3869	318	4801
MN564931.1	k141_34477	25446	93.107	1030	30	1539
MN564931.1	k141_34477	25446	93.107	1030	30	1539
MN564931.1	k141_34477	25446	85.585	1214	100	1437
MN564931.1	k141_34477	25446	85.585	1214	100	1437
MN564931.1	k141_34477	25446	80.515	1165	90	1148
MN564931.1	k141_34477	25446	80.515	1165	90	1148
MN564931.1	k141_34477	25446	92.893	605	31	904
MN564931.1	k141_34477	25446	92.893	605	31	904
MN564931.1	k141_34477	25446	86.883	709	43	874
MN564931.1	k141_34477	25446	86.883	709	43	874
MN564931.1	k141_34477	25446	87.759	482	50	608
MN564931.1	k141_34477	25446	87.759	482	50	608
MN564931.1	k141_34477	25446	85.672	335	36	390
MN564931.1	k141_34477	25446	85.672	335	36	390
MN564931.1	k141_34477	25446	86.977	215	28	262
MN564931.1	k141_34477	25446	86.977	215	28	262
MN564931.1	k141_34477	25446	98.214	56	1	97.8
MN564931.1	k141_34477	25446	98.214	56	1	97.8
MN564931.1	k141_34477	25446	97.619	42	1	72.5
MN564931.1	k141_34477	25446	90.476	42	4	59.0
MN564931.1	k141_34477	25446	84.211	38	6	42.8
MN564931.1	k141_28770	29169	80.114	12501	1652	11246
MN564931.1	k141_28770	29169	82.609	2576	307	2623
MN564931.1	k141_28770	29169	84.004	2038	256	2206
MN564931.1	k141_28770	29169	75.043	2897	438	1934
MN564931.1	k141_28770	29169	80.038	1583	245	1445
MN564931.1	k141_28770	29169	87.456	1132	110	1377
MN564931.1	k141_28770	29169	77.599	1308	187	994
MN564931.1	k141_28770	29169	82.759	725	106	726
MN564931.1	k141_28770	29169	74.895	956	153	613
MN564931.1	k141_28770	29169	87.888	322	37	403
MN564931.1	k141_28770	29169	76.562	448	77	315
MN564931.1	k141_28770	29169	89.444	180	19	240
MN564931.1	k141_28770	29169	78.369	282	40	226
MN564931.1	k141_28770	29169	93.846	130	8	199
MN564931.1	k141_28770	29169	82.051	39	7	40.1
MN564931.1	k141_49638	17192	82.313	3347	464	3316
MN564931.1	k141_49638	17192	82.904	2720	377	2803
MN564931.1	k141_49638	17192	81.211	2230	361	2118
MN564931.1	k141_49638	17192	84.172	1371	159	1511
MN564931.1	k141_49638	17192	76.799	1237	233	941
MN564931.1	k141_49638	17192	75.322	543	104	376
MN564931.1	k141_49638	17192	75.322	543	104	376
MN564931.1	k141_49638	17192	73.696	460	97	284
MN564931.1	k141_49638	17192	73.696	460	97	284
MN564931.1	k141_49638	17192	85.470	234	33	266
MN564931.1	k141_49638	17192	100.000	42	0	77.0
MN564931.1	k141_49638	17192	100.000	42	0	77.0
MN564931.1	k141_49638	17192	87.037	54	7	67.1
MN564931.1	k141_49638	17192	92.857	42	3	63.5
MN564931.1	k141_54662	4979	88.793	1856	197	2411
MN564931.1	k141_54662	4979	85.575	1539	183	1756
MN564931.1	k141_54662	4979	75.673	1077	128	765
MN564931.1	k141_51247	2475	84.540	1643	182	1811
MN564931.1	k141_4120	1131	86.608	1135	118	1352
MN564931.1	k141_166	3020	78.031	1361	123	1144
MN564931.1	k141_166	3020	78.031	1361	123	1144
MN564931.1	k141_166	3020	95.714	210	7	336
MN564931.1	k141_166	3020	95.714	210	7	336
MN564931.1	k141_21712	1746	85.607	667	60	767
MN564931.1	k141_21712	1746	74.315	584	86	377
MN564931.1	k141_21712	1746	87.037	54	6	63.5
MN564931.1	k141_56122	626	85.670	649	62	753
MN564931.1	k141_33198	11073	89.434	530	41	709
MN564931.1	k141_33140	34601	82.105	665	59	668
MN564931.1	k141_33140	34601	78.750	80	17	68.9
MN564931.1	k141_2170	19344	86.126	555	41	660
MN564931.1	k141_2170	19344	86.126	555	41	660
MN564931.1	k141_2170	19344	88.072	503	48	635
MN564931.1	k141_2170	19344	93.750	288	13	439
MN564931.1	k141_2170	19344	85.373	335	39	379
MN564931.1	k141_2170	19344	85.373	335	39	379
MN564931.1	k141_2170	19344	83.077	65	6	68.9
MN564931.1	k141_2170	19344	83.077	65	6	68.9
MN564931.1	k141_36144	636	88.018	434	52	549
MN564931.1	k141_36144	636	92.982	57	4	86.0
MN564931.1	k141_62974	558	78.462	585	87	478
MN564931.1	k141_53755	20774	72.862	877	207	465
MN564931.1	k141_53755	20774	72.862	877	207	465
MN564931.1	k141_53755	20774	98.571	140	2	244
MN564931.1	k141_53755	20774	98.571	140	2	244
MN564931.1	k141_53755	20774	77.580	281	61	216
MN564931.1	k141_53755	20774	77.580	281	61	216
MN564931.1	k141_53755	20774	86.885	61	8	75.2
MN564931.1	k141_53755	20774	86.885	61	8	75.2
MN564931.1	k141_10937	9227	91.131	327	23	461
MN564931.1	k141_10937	9227	91.131	327	23	461
MN564931.1	k141_10937	9227	79.775	267	17	241
MN564931.1	k141_10937	9227	79.775	267	17	241
MN564931.1	k141_5794	4518	80.131	458	25	458
MN564931.1	k141_20011	1232	89.272	261	20	343
MN564931.1	k141_37174	30357	74.011	531	127	328
MN564931.1	k141_37174	30357	74.011	531	127	328
MN564931.1	k141_37174	30357	75.161	467	94	286
MN564931.1	k141_37174	30357	75.161	467	94	286
MN564931.1	k141_37174	30357	65.703	519	144	111
MN564931.1	k141_37174	30357	65.703	519	144	111
MN564931.1	k141_57911	309	85.036	274	25	311
MN564931.1	k141_57911	309	85.036	274	25	311
MN564931.1	k141_44119	9926	69.204	565	166	224
MN564931.1	k141_44119	9926	85.294	68	8	76.1
MN564931.1	k141_18711	1737	93.985	133	8	205
MN564931.1	k141_18711	1737	93.985	133	8	205
MN564931.1	k141_279	3869	95.349	129	4	204
MN564931.1	k141_279	3869	95.349	129	4	204
MN564931.1	k141_21720	18522	86.928	153	16	186
MN564931.1	k141_21720	18522	84.967	153	13	168
MN564931.1	k141_23614	35464	79.894	189	38	170
MN564931.1	k141_21643	16831	79.397	199	30	167
MN564931.1	k141_27714	23557	74.144	263	46	166
MN564931.1	k141_27714	23557	98.837	86	1	151
MN564931.1	k141_27714	23557	71.345	171	42	77.0
MN564931.1	k141_30998	412	82.530	166	24	165
MN564931.1	k141_44156	472	95.789	95	4	154
MN564931.1	k141_44156	472	95.789	95	4	154
MN564931.1	k141_13913	774	92.079	101	8	147
MN564931.1	k141_201	548	89.412	85	9	113
MN564931.1	k141_201	548	89.412	85	9	113
MN564931.1	k141_7129	18543	94.118	68	4	105
MN564931.1	k141_7129	18543	94.118	68	4	105
MN564931.1	k141_8053	10146	71.728	191	54	102
MN564931.1	k141_8053	10146	71.728	191	54	102
MN564931.1	k141_2304	2553	89.394	66	6	85.1
MN564931.1	k141_175	8435	77.391	115	23	85.1
MN564931.1	k141_175	8435	77.391	115	23	85.1
MN564931.1	k141_12937	16519	96.000	50	2	82.4
MN564931.1	k141_12937	16519	96.000	50	2	82.4
MN564931.1	k141_30315	5136	82.895	76	13	79.7
MN564931.1	k141_30315	5136	82.895	76	13	79.7
MN564931.1	k141_25005	386	90.566	53	5	74.3
MN564931.1	k141_25005	386	90.566	53	5	74.3
MN564931.1	k141_44884	381	92.000	50	4	73.4
MN564931.1	k141_12770	454	95.349	43	2	69.8
MN564931.1	k141_3252	905	84.058	69	9	68.9
MN564931.1	k141_3252	905	84.058	69	9	68.9
MN564931.1	k141_7793	464	79.221	77	12	67.1
MN564931.1	k141_29449	1202	89.796	49	5	67.1
MN564931.1	k141_12843	770	94.737	38	2	60.8
MN564931.1	k141_48206	376	68.182	154	48	54.5
NC_031651.1	k141_27581	48574	85.159	12674	1577	14344
NC_031651.1	k141_27581	48574	89.152	5946	542	7760
NC_031651.1	k141_27581	48574	86.405	3597	350	4282
NC_031651.1	k141_27581	48574	79.603	4035	619	3516
NC_031651.1	k141_27581	48574	84.983	2990	365	3323
NC_031651.1	k141_27581	48574	81.713	2242	277	2158
NC_031651.1	k141_27581	48574	79.592	1127	136	1009
NC_031651.1	k141_27581	48574	76.651	1242	196	901
NC_031651.1	k141_27581	48574	77.927	1119	137	878
NC_031651.1	k141_27581	48574	79.779	633	94	542
NC_031651.1	k141_27581	48574	77.490	733	113	540
NC_031651.1	k141_27581	48574	72.266	1006	161	506
NC_031651.1	k141_27581	48574	73.043	690	123	378
NC_031651.1	k141_27581	48574	77.754	472	74	366
NC_031651.1	k141_27581	48574	76.531	490	84	362
NC_031651.1	k141_27581	48574	76.660	497	86	352
NC_031651.1	k141_27581	48574	71.654	635	107	319
NC_031651.1	k141_27581	48574	77.778	315	53	242
NC_031651.1	k141_27581	48574	92.000	150	12	217
NC_031651.1	k141_27581	48574	78.440	218	36	174
NC_031651.1	k141_27581	48574	87.218	133	16	160
NC_031651.1	k141_27581	48574	98.810	84	1	148
NC_031651.1	k141_27581	48574	93.000	100	5	147
NC_031651.1	k141_27581	48574	73.092	249	49	137
NC_031651.1	k141_27581	48574	98.684	76	1	133
NC_031651.1	k141_27581	48574	80.159	126	25	115
NC_031651.1	k141_27581	48574	74.545	165	42	109
NC_031651.1	k141_27581	48574	98.182	55	1	96.0
NC_031651.1	k141_27581	48574	94.872	39	2	62.6
NC_031651.1	k141_27581	48574	94.872	39	2	62.6
NC_031651.1	k141_34477	25446	94.431	9014	281	14035
NC_031651.1	k141_34477	25446	94.431	9014	281	14035
NC_031651.1	k141_34477	25446	92.227	7976	472	11628
NC_031651.1	k141_34477	25446	92.227	7976	472	11628
NC_031651.1	k141_34477	25446	90.740	6069	224	8514
NC_031651.1	k141_34477	25446	90.740	6069	224	8514
NC_031651.1	k141_34477	25446	80.070	1425	192	1306
NC_031651.1	k141_34477	25446	88.697	637	40	822
NC_031651.1	k141_34477	25446	96.811	439	14	729
NC_031651.1	k141_34477	25446	77.670	206	11	187
NC_031651.1	k141_34477	25446	77.670	206	11	187
NC_031651.1	k141_34477	25446	91.379	58	5	83.3
NC_031651.1	k141_34477	25446	90.566	53	5	74.3
NC_031651.1	k141_34477	25446	90.566	53	5	74.3
NC_031651.1	k141_34477	25446	95.238	42	2	68.0
NC_031651.1	k141_34477	25446	83.019	53	6	45.5
NC_031651.1	k141_34477	25446	83.019	53	6	45.5
NC_031651.1	k141_28770	29169	81.561	6161	813	5889
NC_031651.1	k141_28770	29169	77.744	7288	1027	5673
NC_031651.1	k141_28770	29169	80.294	4689	694	4241
NC_031651.1	k141_28770	29169	77.349	3779	629	2805
NC_031651.1	k141_28770	29169	82.976	2003	297	2066
NC_031651.1	k141_28770	29169	88.269	1040	87	1331
NC_031651.1	k141_28770	29169	80.017	1181	176	1049
NC_031651.1	k141_28770	29169	72.878	1143	155	669
NC_031651.1	k141_28770	29169	79.843	511	97	459
NC_031651.1	k141_49638	17192	79.651	4816	773	4206
NC_031651.1	k141_49638	17192	81.772	2732	382	2692
NC_031651.1	k141_49638	17192	79.633	2234	404	1957
NC_031651.1	k141_49638	17192	82.258	1550	212	1541
NC_031651.1	k141_49638	17192	65.705	2601	642	652
NC_031651.1	k141_49638	17192	66.748	824	228	234
NC_031651.1	k141_49638	17192	80.083	241	43	214
NC_031651.1	k141_49638	17192	72.906	203	55	119
NC_031651.1	k141_49638	17192	100.000	42	0	77.0
NC_031651.1	k141_49638	17192	100.000	42	0	77.0
NC_031651.1	k141_49638	17192	100.000	39	0	71.6
NC_031651.1	k141_54662	4979	84.628	2947	330	3276
NC_031651.1	k141_54662	4979	84.665	1565	193	1729
NC_031651.1	k141_51247	2475	83.810	1643	194	1757
NC_031651.1	k141_4120	1131	86.667	1140	127	1362
NC_031651.1	k141_166	3020	81.818	1276	104	1272
NC_031651.1	k141_166	3020	81.818	1276	104	1272
NC_031651.1	k141_166	3020	85.232	237	6	292
NC_031651.1	k141_166	3020	85.232	237	6	292
NC_031651.1	k141_2170	19344	76.887	1073	132	850
NC_031651.1	k141_2170	19344	87.873	503	49	626
NC_031651.1	k141_2170	19344	93.493	292	14	442
NC_031651.1	k141_2170	19344	91.379	58	5	83.3
NC_031651.1	k141_21712	1746	85.672	677	54	783
NC_031651.1	k141_21712	1746	76.061	589	82	422
NC_031651.1	k141_21712	1746	89.130	46	5	61.7
NC_031651.1	k141_56122	626	85.824	649	61	757
NC_031651.1	k141_33198	11073	89.434	530	41	709
NC_031651.1	k141_33140	34601	83.465	635	65	673
NC_031651.1	k141_33140	34601	75.200	125	29	79.7
NC_031651.1	k141_33140	34601	83.721	43	7	47.3
NC_031651.1	k141_36144	636	90.783	434	40	603
NC_031651.1	k141_36144	636	92.982	57	4	86.0
NC_031651.1	k141_62974	558	79.181	586	92	499
NC_031651.1	k141_53755	20774	73.182	880	199	476
NC_031651.1	k141_53755	20774	73.182	880	199	476
NC_031651.1	k141_53755	20774	100.000	140	0	253
NC_031651.1	k141_53755	20774	100.000	140	0	253
NC_031651.1	k141_53755	20774	78.292	281	59	225
NC_031651.1	k141_53755	20774	78.292	281	59	225
NC_031651.1	k141_53755	20774	86.885	61	8	75.2
NC_031651.1	k141_53755	20774	86.885	61	8	75.2
NC_031651.1	k141_5794	4518	88.047	343	28	433
NC_031651.1	k141_5794	4518	86.420	81	4	99.6
NC_031651.1	k141_10937	9227	86.391	338	28	406
NC_031651.1	k141_10937	9227	86.391	338	28	406
NC_031651.1	k141_10937	9227	86.034	179	21	205
NC_031651.1	k141_10937	9227	91.379	58	5	83.3
NC_031651.1	k141_57911	309	85.580	319	28	367
NC_031651.1	k141_57911	309	85.580	319	28	367
NC_031651.1	k141_37174	30357	74.388	531	125	337
NC_031651.1	k141_37174	30357	74.388	531	125	337
NC_031651.1	k141_37174	30357	74.304	467	98	286
NC_031651.1	k141_37174	30357	74.304	467	98	286
NC_031651.1	k141_37174	30357	65.511	519	145	111
NC_031651.1	k141_37174	30357	65.511	519	145	111
NC_031651.1	k141_27714	23557	77.644	416	48	336
NC_031651.1	k141_27714	23557	68.235	170	47	52.7
NC_031651.1	k141_20011	1232	86.792	265	26	315
NC_031651.1	k141_18711	1737	93.197	147	10	221
NC_031651.1	k141_18711	1737	93.197	147	10	221
NC_031651.1	k141_44119	9926	67.638	652	197	206
NC_031651.1	k141_21720	18522	84.971	173	14	197
NC_031651.1	k141_21720	18522	97.500	80	2	136
NC_031651.1	k141_21643	16831	84.971	173	19	193
NC_031651.1	k141_279	3869	96.364	110	4	181
NC_031651.1	k141_279	3869	96.364	110	4	181
NC_031651.1	k141_30998	412	83.133	166	23	169
NC_031651.1	k141_23614	35464	78.756	193	41	164
NC_031651.1	k141_13913	774	92.523	107	8	158
NC_031651.1	k141_44156	472	94.737	95	5	150
NC_031651.1	k141_44156	472	94.737	95	5	150
NC_031651.1	k141_8053	10146	72.251	191	53	106
NC_031651.1	k141_8053	10146	72.251	191	53	106
NC_031651.1	k141_7129	18543	94.118	68	4	105
NC_031651.1	k141_7129	18543	94.118	68	4	105
NC_031651.1	k141_201	548	87.059	85	11	104
NC_031651.1	k141_201	548	87.059	85	11	104
NC_031651.1	k141_2304	2553	92.647	68	4	97.8
NC_031651.1	k141_175	8435	77.391	115	23	85.1
NC_031651.1	k141_175	8435	77.391	115	23	85.1
NC_031651.1	k141_30315	5136	82.895	76	13	79.7
NC_031651.1	k141_30315	5136	82.895	76	13	79.7
NC_031651.1	k141_35401	1306	86.154	65	9	77.9
NC_031651.1	k141_12937	16519	94.000	50	3	77.9
NC_031651.1	k141_12937	16519	94.000	50	3	77.9
NC_031651.1	k141_44884	381	92.000	50	4	73.4
NC_031651.1	k141_3252	905	85.507	69	8	73.4
NC_031651.1	k141_3252	905	85.507	69	8	73.4
NC_031651.1	k141_29449	1202	88.462	52	6	68.0
NC_031651.1	k141_48206	376	69.375	160	48	65.3
NC_031651.1	k141_7793	464	77.922	77	13	62.6
NC_031651.1	k141_12843	770	94.737	38	2	60.8
NC_031651.1	k141_42515	417	86.000	50	7	59.9
MW366789.1	k141_27581	48574	80.065	8372	1421	7500
MW366789.1	k141_27581	48574	88.767	5199	525	6734
MW366789.1	k141_27581	48574	88.767	5199	525	6734
MW366789.1	k141_27581	48574	90.015	2624	249	3536
MW366789.1	k141_27581	48574	80.758	2323	377	2157
MW366789.1	k141_27581	48574	86.849	1460	161	1751
MW366789.1	k141_27581	48574	74.102	2116	429	1318
MW366789.1	k141_27581	48574	76.328	1732	290	1226
MW366789.1	k141_27581	48574	87.268	809	99	994
MW366789.1	k141_27581	48574	70.864	1620	412	749
MW366789.1	k141_27581	48574	70.849	1084	255	527
MW366789.1	k141_27581	48574	72.166	1085	204	517
MW366789.1	k141_27581	48574	72.432	769	146	446
MW366789.1	k141_27581	48574	86.351	359	49	427
MW366789.1	k141_27581	48574	90.127	314	30	424
MW366789.1	k141_27581	48574	73.700	673	114	406
MW366789.1	k141_27581	48574	88.259	247	25	306
MW366789.1	k141_27581	48574	77.751	409	79	303
MW366789.1	k141_27581	48574	69.522	712	144	287
MW366789.1	k141_27581	48574	84.646	254	31	272
MW366789.1	k141_27581	48574	81.818	242	42	236
MW366789.1	k141_27581	48574	81.513	238	29	227
MW366789.1	k141_27581	48574	73.469	392	76	219
MW366789.1	k141_27581	48574	85.475	179	20	207
MW366789.1	k141_27581	48574	87.898	157	19	198
MW366789.1	k141_27581	48574	73.262	374	65	188
MW366789.1	k141_27581	48574	72.836	335	53	188
MW366789.1	k141_27581	48574	90.370	135	12	182
MW366789.1	k141_27581	48574	90.152	132	10	178
MW366789.1	k141_27581	48574	94.175	103	2	150
MW366789.1	k141_27581	48574	94.175	103	2	150
MW366789.1	k141_27581	48574	92.857	98	4	144
MW366789.1	k141_27581	48574	91.000	100	9	141
MW366789.1	k141_27581	48574	92.632	95	6	137
MW366789.1	k141_27581	48574	96.296	81	3	133
MW366789.1	k141_27581	48574	89.691	97	10	131
MW366789.1	k141_27581	48574	94.805	77	4	122
MW366789.1	k141_27581	48574	95.833	72	3	117
MW366789.1	k141_27581	48574	76.282	156	37	115
MW366789.1	k141_27581	48574	76.282	156	37	115
MW366789.1	k141_27581	48574	87.879	99	8	115
MW366789.1	k141_27581	48574	91.667	84	5	113
MW366789.1	k141_27581	48574	85.714	98	13	111
MW366789.1	k141_27581	48574	78.912	147	19	105
MW366789.1	k141_27581	48574	77.778	126	28	102
MW366789.1	k141_27581	48574	77.778	126	28	102
MW366789.1	k141_27581	48574	86.301	73	10	87.8
MW366789.1	k141_27581	48574	77.344	128	22	85.1
MW366789.1	k141_27581	48574	81.250	80	15	77.9
MW366789.1	k141_27581	48574	81.250	80	15	77.9
MW366789.1	k141_27581	48574	68.063	191	59	63.5
MW366789.1	k141_27581	48574	68.063	191	59	63.5
MW366789.1	k141_27581	48574	77.612	67	15	54.5
MW366789.1	k141_27581	48574	77.612	67	15	54.5
MW366789.1	k141_34477	25446	90.591	5293	313	7242
MW366789.1	k141_34477	25446	90.591	5293	313	7242
MW366789.1	k141_34477	25446	88.619	4657	358	6034
MW366789.1	k141_34477	25446	88.619	4657	358	6034
MW366789.1	k141_34477	25446	91.597	1797	105	2553
MW366789.1	k141_34477	25446	91.597	1797	105	2553
MW366789.1	k141_34477	25446	87.697	634	52	793
MW366789.1	k141_34477	25446	87.697	634	52	793
MW366789.1	k141_34477	25446	84.044	633	56	687
MW366789.1	k141_34477	25446	84.044	633	56	687
MW366789.1	k141_34477	25446	89.231	455	41	594
MW366789.1	k141_34477	25446	89.207	454	43	590
MW366789.1	k141_34477	25446	82.463	479	43	482
MW366789.1	k141_34477	25446	82.463	479	43	482
MW366789.1	k141_34477	25446	82.463	479	43	482
MW366789.1	k141_34477	25446	81.311	305	34	297
MW366789.1	k141_34477	25446	81.311	305	34	297
MW366789.1	k141_34477	25446	90.116	172	17	234
MW366789.1	k141_34477	25446	90.116	172	17	234
MW366789.1	k141_34477	25446	84.951	206	21	228
MW366789.1	k141_34477	25446	96.350	137	5	225
MW366789.1	k141_34477	25446	96.350	137	5	225
MW366789.1	k141_34477	25446	86.932	176	22	211
MW366789.1	k141_34477	25446	86.932	176	22	211
MW366789.1	k141_34477	25446	88.435	147	17	189
MW366789.1	k141_34477	25446	88.435	147	17	189
MW366789.1	k141_34477	25446	82.836	134	14	142
MW366789.1	k141_34477	25446	82.836	134	14	142
MW366789.1	k141_34477	25446	83.333	132	11	142
MW366789.1	k141_34477	25446	83.333	132	11	141
MW366789.1	k141_34477	25446	90.217	92	9	126
MW366789.1	k141_34477	25446	90.217	92	9	126
MW366789.1	k141_34477	25446	86.076	79	6	94.2
MW366789.1	k141_34477	25446	86.076	79	6	94.2
MW366789.1	k141_34477	25446	91.837	49	4	71.6
MW366789.1	k141_34477	25446	91.837	49	4	71.6
MW366789.1	k141_34477	25446	91.837	49	4	71.6
MW366789.1	k141_34477	25446	97.368	38	1	65.3
MW366789.1	k141_34477	25446	89.744	39	4	53.6
MW366789.1	k141_28770	29169	79.157	5767	861	4838
MW366789.1	k141_28770	29169	84.179	1833	226	1989
MW366789.1	k141_28770	29169	78.761	1921	363	1599
MW366789.1	k141_28770	29169	75.703	1601	313	1135
MW366789.1	k141_28770	29169	83.622	1038	131	1101
MW366789.1	k141_28770	29169	81.696	672	107	645
MW366789.1	k141_28770	29169	71.443	984	165	509
MW366789.1	k141_28770	29169	76.067	539	121	376
MW366789.1	k141_28770	29169	74.732	467	118	311
MW366789.1	k141_28770	29169	76.471	408	55	305
MW366789.1	k141_28770	29169	76.471	408	55	305
MW366789.1	k141_28770	29169	74.857	350	85	233
MW366789.1	k141_28770	29169	69.435	602	123	231
MW366789.1	k141_28770	29169	64.916	1314	309	195
MW366789.1	k141_28770	29169	77.872	235	46	191
MW366789.1	k141_28770	29169	86.709	158	21	191
MW366789.1	k141_28770	29169	67.657	606	179	189
MW366789.1	k141_28770	29169	67.657	606	179	189
MW366789.1	k141_28770	29169	88.435	147	17	189
MW366789.1	k141_28770	29169	76.154	260	48	180
MW366789.1	k141_28770	29169	75.385	260	50	171
MW366789.1	k141_28770	29169	74.048	289	62	168
MW366789.1	k141_28770	29169	83.333	132	21	136
MW366789.1	k141_28770	29169	85.088	114	17	130
MW366789.1	k141_28770	29169	75.591	127	31	90.6
MW366789.1	k141_28770	29169	75.591	127	31	90.6
MW366789.1	k141_28770	29169	85.714	56	8	66.2
MW366789.1	k141_49638	17192	80.498	4338	684	3962
MW366789.1	k141_49638	17192	80.498	4338	684	3962
MW366789.1	k141_49638	17192	78.924	2026	394	1696
MW366789.1	k141_49638	17192	76.005	2238	475	1590
MW366789.1	k141_49638	17192	74.086	1204	239	759
MW366789.1	k141_49638	17192	81.609	609	105	582
MW366789.1	k141_49638	17192	81.609	609	105	582
MW366789.1	k141_49638	17192	78.438	320	69	267
MW366789.1	k141_49638	17192	97.619	42	1	72.5
MW366789.1	k141_49638	17192	97.619	42	1	72.5
MW366789.1	k141_49638	17192	92.683	41	3	61.7
MW366789.1	k141_54662	4979	85.839	1829	248	2132
MW366789.1	k141_54662	4979	80.546	1501	248	1381
MW366789.1	k141_54662	4979	74.658	1022	174	640
MW366789.1	k141_51247	2475	76.039	1661	293	1188
MW366789.1	k141_4120	1131	78.272	1146	217	920
MW366789.1	k141_166	3020	81.124	890	95	797
MW366789.1	k141_166	3020	81.124	890	95	797
MW366789.1	k141_166	3020	79.476	229	17	220
MW366789.1	k141_166	3020	79.476	229	17	220
MW366789.1	k141_21712	1746	85.809	606	64	694
MW366789.1	k141_21712	1746	70.451	599	113	264
MW366789.1	k141_56122	626	83.667	649	75	690
MW366789.1	k141_33198	11073	87.358	530	52	659
MW366789.1	k141_33198	11073	87.358	530	52	659
MW366789.1	k141_2170	19344	87.475	503	51	621
MW366789.1	k141_2170	19344	90.753	292	22	406
MW366789.1	k141_33140	34601	81.876	629	76	606
MW366789.1	k141_33140	34601	71.724	145	35	69.8
MW366789.1	k141_36144	636	85.945	434	61	508
MW366789.1	k141_36144	636	85.965	57	8	68.0
MW366789.1	k141_5794	4518	89.504	343	23	455
MW366789.1	k141_5794	4518	89.504	343	23	455
MW366789.1	k141_5794	4518	84.615	78	5	89.7
MW366789.1	k141_5794	4518	84.615	78	5	89.7
MW366789.1	k141_53755	20774	72.503	891	200	449
MW366789.1	k141_53755	20774	72.503	891	200	449
MW366789.1	k141_53755	20774	98.582	141	1	242
MW366789.1	k141_53755	20774	98.582	141	1	242
MW366789.1	k141_53755	20774	90.164	61	6	84.2
MW366789.1	k141_53755	20774	90.164	61	6	84.2
MW366789.1	k141_53755	20774	88.525	61	7	79.7
MW366789.1	k141_53755	20774	88.525	61	7	79.7
MW366789.1	k141_62974	558	73.997	573	120	348
MW366789.1	k141_20011	1232	88.123	261	23	330
MW366789.1	k141_37174	30357	74.011	531	127	328
MW366789.1	k141_37174	30357	74.011	531	127	328
MW366789.1	k141_37174	30357	75.589	467	94	297
MW366789.1	k141_37174	30357	75.589	467	94	297
MW366789.1	k141_37174	30357	66.535	505	148	123
MW366789.1	k141_37174	30357	66.535	505	148	123
MW366789.1	k141_27714	23557	74.788	353	53	224
MW366789.1	k141_27714	23557	70.588	170	49	78.8
MW366789.1	k141_44119	9926	67.684	557	156	188
MW366789.1	k141_21643	16831	90.984	122	10	168
MW366789.1	k141_279	3869	92.727	110	8	163
MW366789.1	k141_279	3869	92.727	110	8	163
MW366789.1	k141_21720	18522	84.397	141	22	156
MW366789.1	k141_21720	18522	93.506	77	5	117
MW366789.1	k141_13913	774	94.000	100	6	154
MW366789.1	k141_13913	774	94.000	100	6	154
MW366789.1	k141_10937	9227	89.130	92	10	122
MW366789.1	k141_10937	9227	89.130	92	10	122
MW366789.1	k141_23614	35464	73.262	187	48	105
MW366789.1	k141_23614	35464	85.455	55	8	64.4
MW366789.1	k141_7129	18543	94.118	68	4	105
MW366789.1	k141_7129	18543	94.118	68	4	105
MW366789.1	k141_8053	10146	71.728	191	54	102
MW366789.1	k141_8053	10146	71.728	191	54	102
MW366789.1	k141_175	8435	76.522	115	24	80.6
MW366789.1	k141_175	8435	76.522	115	24	80.6
MW366789.1	k141_175	8435	82.812	64	11	67.1
MW366789.1	k141_175	8435	82.812	64	11	67.1
MW366789.1	k141_30315	5136	82.895	76	13	79.7
MW366789.1	k141_30315	5136	82.895	76	13	79.7
MW366789.1	k141_12018	557	82.812	64	11	67.1
MW366789.1	k141_12018	557	82.812	64	11	67.1
MW366789.1	k141_44884	381	89.796	49	5	67.1
MW366789.1	k141_12937	16519	93.182	44	3	67.1
MW366789.1	k141_12937	16519	93.182	44	3	67.1
MW366789.1	k141_12843	770	95.000	40	2	64.4
MW366789.1	k141_12770	454	92.857	42	3	63.5
MW366789.1	k141_38000	8710	84.783	46	7	52.7
MW366789.1	k141_38000	8710	84.783	46	7	52.7
KT899950.1	k141_34477	25446	93.020	10545	420	15700
KT899950.1	k141_34477	25446	93.740	10176	354	15487
KT899950.1	k141_34477	25446	91.318	8604	488	12243
KT899950.1	k141_34477	25446	91.318	8604	488	12243
KT899950.1	k141_34477	25446	91.387	6084	226	8721
KT899950.1	k141_34477	25446	91.387	6084	226	8721
KT899950.1	k141_34477	25446	87.640	623	52	777
KT899950.1	k141_34477	25446	93.172	454	25	672
KT899950.1	k141_34477	25446	96.296	54	2	89.7
KT899950.1	k141_34477	25446	96.296	54	2	89.7
KT899950.1	k141_34477	25446	92.308	39	3	58.1
KT899950.1	k141_34477	25446	84.211	38	6	42.8
KT899950.1	k141_27581	48574	85.247	12696	1542	14408
KT899950.1	k141_27581	48574	86.095	8256	856	9630
KT899950.1	k141_27581	48574	86.769	3507	332	4181
KT899950.1	k141_27581	48574	86.078	2320	283	2715
KT899950.1	k141_27581	48574	89.671	1278	107	1710
KT899950.1	k141_27581	48574	75.206	1944	419	1296
KT899950.1	k141_27581	48574	74.840	1566	226	1065
KT899950.1	k141_27581	48574	75.748	1270	189	847
KT899950.1	k141_27581	48574	80.363	662	84	596
KT899950.1	k141_27581	48574	72.578	1032	179	522
KT899950.1	k141_27581	48574	78.871	620	85	516
KT899950.1	k141_27581	48574	77.982	654	89	513
KT899950.1	k141_27581	48574	87.335	379	48	468
KT899950.1	k141_27581	48574	82.379	454	41	449
KT899950.1	k141_27581	48574	73.077	728	118	433
KT899950.1	k141_27581	48574	76.970	495	77	386
KT899950.1	k141_27581	48574	88.235	306	26	381
KT899950.1	k141_27581	48574	79.080	435	61	352
KT899950.1	k141_27581	48574	75.615	447	62	290
KT899950.1	k141_27581	48574	89.950	199	18	262
KT899950.1	k141_27581	48574	88.618	123	9	150
KT899950.1	k141_27581	48574	85.600	125	18	145
KT899950.1	k141_27581	48574	100.000	78	0	141
KT899950.1	k141_27581	48574	73.622	254	48	138
KT899950.1	k141_27581	48574	93.333	90	6	136
KT899950.1	k141_27581	48574	90.196	102	5	135
KT899950.1	k141_27581	48574	78.205	156	34	129
KT899950.1	k141_27581	48574	97.333	75	2	127
KT899950.1	k141_27581	48574	77.686	121	27	97.8
KT899950.1	k141_27581	48574	76.415	106	22	77.9
KT899950.1	k141_27581	48574	94.872	39	2	62.6
KT899950.1	k141_27581	48574	94.872	39	2	62.6
KT899950.1	k141_27581	48574	82.353	51	9	52.7
KT899950.1	k141_27581	48574	71.250	80	21	39.2
KT899950.1	k141_28770	29169	79.024	10307	1349	8726
KT899950.1	k141_28770	29169	82.248	3870	556	3843
KT899950.1	k141_28770	29169	82.819	2561	313	2615
KT899950.1	k141_28770	29169	83.149	2077	309	2138
KT899950.1	k141_28770	29169	74.011	2478	430	1574
KT899950.1	k141_28770	29169	83.848	1263	183	1360
KT899950.1	k141_28770	29169	88.184	1041	85	1322
KT899950.1	k141_28770	29169	86.384	683	83	809
KT899950.1	k141_28770	29169	75.581	1032	169	697
KT899950.1	k141_28770	29169	79.941	339	51	303
KT899950.1	k141_28770	29169	77.299	348	56	266
KT899950.1	k141_28770	29169	73.101	316	53	189
KT899950.1	k141_28770	29169	88.235	136	16	174
KT899950.1	k141_28770	29169	82.051	39	7	40.1
KT899950.1	k141_49638	17192	82.666	2723	408	2760
KT899950.1	k141_49638	17192	84.906	2067	277	2313
KT899950.1	k141_49638	17192	80.593	2293	397	2105
KT899950.1	k141_49638	17192	81.954	1402	203	1388
KT899950.1	k141_49638	17192	77.638	1270	209	1002
KT899950.1	k141_49638	17192	78.712	1165	186	976
KT899950.1	k141_49638	17192	65.888	3424	873	833
KT899950.1	k141_49638	17192	69.963	819	209	357
KT899950.1	k141_49638	17192	100.000	42	0	77.0
KT899950.1	k141_49638	17192	100.000	42	0	77.0
KT899950.1	k141_49638	17192	92.857	42	3	63.5
KT899950.1	k141_54662	4979	90.661	1831	160	2533
KT899950.1	k141_54662	4979	86.361	1525	191	1797
KT899950.1	k141_54662	4979	77.454	1029	138	787
KT899950.1	k141_51247	2475	82.838	1649	205	1692
KT899950.1	k141_4120	1131	87.368	1140	116	1392
KT899950.1	k141_166	3020	81.523	1326	107	1295
KT899950.1	k141_166	3020	81.523	1326	107	1295
KT899950.1	k141_166	3020	86.900	229	9	293
KT899950.1	k141_166	3020	86.900	229	9	293
KT899950.1	k141_2170	19344	82.703	1058	94	1069
KT899950.1	k141_2170	19344	85.161	930	70	1045
KT899950.1	k141_2170	19344	87.674	503	50	621
KT899950.1	k141_2170	19344	93.151	292	15	437
KT899950.1	k141_10937	9227	91.290	597	28	847
KT899950.1	k141_10937	9227	91.290	597	28	847
KT899950.1	k141_56122	626	86.749	649	55	784
KT899950.1	k141_21712	1746	85.180	668	62	752
KT899950.1	k141_21712	1746	75.639	587	80	404
KT899950.1	k141_21712	1746	87.500	48	6	60.8
KT899950.1	k141_33198	11073	88.679	530	45	691
KT899950.1	k141_33140	34601	82.884	631	75	641
KT899950.1	k141_33140	34601	74.400	125	30	75.2
KT899950.1	k141_36144	636	91.705	434	36	621
KT899950.1	k141_36144	636	91.228	57	5	81.5
KT899950.1	k141_62974	558	79.758	578	92	498
KT899950.1	k141_53755	20774	73.204	877	204	479
KT899950.1	k141_53755	20774	73.204	877	204	479
KT899950.1	k141_53755	20774	100.000	140	0	253
KT899950.1	k141_53755	20774	100.000	140	0	253
KT899950.1	k141_53755	20774	78.292	281	59	225
KT899950.1	k141_53755	20774	78.292	281	59	225
KT899950.1	k141_53755	20774	86.885	61	8	75.2
KT899950.1	k141_53755	20774	86.885	61	8	75.2
KT899950.1	k141_5794	4518	89.736	341	22	456
KT899950.1	k141_5794	4518	84.146	82	6	92.4
KT899950.1	k141_57911	309	88.365	318	21	408
KT899950.1	k141_57911	309	88.365	318	21	408
KT899950.1	k141_20011	1232	89.655	261	19	348
KT899950.1	k141_37174	30357	74.388	531	125	337
KT899950.1	k141_37174	30357	74.388	531	125	337
KT899950.1	k141_37174	30357	74.735	471	89	291
KT899950.1	k141_37174	30357	74.735	471	89	291
KT899950.1	k141_37174	30357	65.637	518	145	108
KT899950.1	k141_37174	30357	65.637	518	145	108
KT899950.1	k141_27714	23557	75.550	409	64	275
KT899950.1	k141_27714	23557	70.000	170	44	66.2
KT899950.1	k141_18711	1737	95.455	154	7	247
KT899950.1	k141_18711	1737	95.455	154	7	247
KT899950.1	k141_44119	9926	69.683	442	126	183
KT899950.1	k141_44119	9926	89.552	67	6	86.9
KT899950.1	k141_21643	16831	77.928	222	35	179
KT899950.1	k141_21643	16831	71.724	145	24	75.2
KT899950.1	k141_23614	35464	80.311	193	38	178
KT899950.1	k141_279	3869	94.545	110	6	172
KT899950.1	k141_279	3869	94.545	110	6	172
KT899950.1	k141_21720	18522	84.868	152	19	170
KT899950.1	k141_21720	18522	91.262	103	9	146
KT899950.1	k141_30998	412	81.928	166	25	160
KT899950.1	k141_13913	774	95.000	100	5	159
KT899950.1	k141_44156	472	93.684	95	6	145
KT899950.1	k141_44156	472	93.684	95	6	145
KT899950.1	k141_7129	18543	94.118	68	4	105
KT899950.1	k141_7129	18543	94.118	68	4	105
KT899950.1	k141_2304	2553	92.647	68	4	97.8
KT899950.1	k141_8053	10146	70.681	191	56	93.3
KT899950.1	k141_8053	10146	70.681	191	56	93.3
KT899950.1	k141_201	548	82.143	84	15	85.1
KT899950.1	k141_201	548	82.143	84	15	85.1
KT899950.1	k141_175	8435	77.391	115	23	85.1
KT899950.1	k141_175	8435	77.391	115	23	85.1
KT899950.1	k141_175	8435	82.812	64	11	67.1
KT899950.1	k141_175	8435	82.812	64	11	67.1
KT899950.1	k141_30315	5136	84.211	76	12	84.2
KT899950.1	k141_30315	5136	84.211	76	12	84.2
KT899950.1	k141_44884	381	92.000	50	4	73.4
KT899950.1	k141_12937	16519	95.556	45	2	73.4
KT899950.1	k141_12937	16519	95.556	45	2	73.4
KT899950.1	k141_3252	905	89.474	57	5	73.4
KT899950.1	k141_3252	905	89.474	57	5	73.4
KT899950.1	k141_35401	1306	85.484	62	9	72.5
KT899950.1	k141_12018	557	82.812	64	11	67.1
KT899950.1	k141_12018	557	82.812	64	11	67.1
KT899950.1	k141_12770	454	92.683	41	3	61.7
KT899950.1	k141_29449	1202	86.957	46	6	57.2
KT899950.1	k141_12843	770	92.105	38	3	56.3
KT899950.1	k141_48206	376	67.763	152	48	50.9
GU191334.1	k141_34477	25446	88.529	3740	322	4773
GU191334.1	k141_34477	25446	88.529	3740	322	4773
GU191334.1	k141_34477	25446	86.408	2656	248	3103
GU191334.1	k141_34477	25446	86.408	2656	248	3103
GU191334.1	k141_34477	25446	78.744	1035	162	851
GU191334.1	k141_34477	25446	78.744	1035	162	851
GU191334.1	k141_34477	25446	75.075	666	159	442
GU191334.1	k141_34477	25446	76.471	442	104	329
GU191334.1	k141_34477	25446	72.328	524	145	292
GU191334.1	k141_34477	25446	77.597	308	69	245
GU191334.1	k141_34477	25446	68.264	605	156	241
GU191334.1	k141_34477	25446	94.937	79	4	125
GU191334.1	k141_34477	25446	94.937	79	4	125
GU191334.1	k141_34477	25446	89.286	84	9	112
GU191334.1	k141_34477	25446	88.158	76	9	97.8
GU191334.1	k141_34477	25446	88.000	75	9	96.0
GU191334.1	k141_34477	25446	88.000	75	9	96.0
GU191334.1	k141_34477	25446	84.783	46	7	52.7
GU191334.1	k141_27581	48574	81.550	4542	834	4404
GU191334.1	k141_27581	48574	84.435	2435	379	2683
GU191334.1	k141_27581	48574	69.612	3689	1024	1493
GU191334.1	k141_27581	48574	89.556	1082	111	1440
GU191334.1	k141_27581	48574	73.798	2080	484	1291
GU191334.1	k141_27581	48574	72.167	1315	333	698
GU191334.1	k141_27581	48574	71.388	1412	376	692
GU191334.1	k141_27581	48574	77.183	710	151	534
GU191334.1	k141_27581	48574	72.767	694	187	393
GU191334.1	k141_27581	48574	74.199	624	113	380
GU191334.1	k141_27581	48574	79.552	357	69	310
GU191334.1	k141_27581	48574	69.023	665	202	257
GU191334.1	k141_27581	48574	81.641	256	47	251
GU191334.1	k141_27581	48574	70.655	443	109	205
GU191334.1	k141_27581	48574	77.778	216	45	168
GU191334.1	k141_27581	48574	70.513	390	74	164
GU191334.1	k141_27581	48574	78.534	191	41	160
GU191334.1	k141_27581	48574	97.333	75	2	127
GU191334.1	k141_27581	48574	89.362	94	10	125
GU191334.1	k141_27581	48574	92.045	88	6	124
GU191334.1	k141_27581	48574	81.746	126	23	124
GU191334.1	k141_27581	48574	67.308	416	98	123
GU191334.1	k141_27581	48574	95.890	73	3	119
GU191334.1	k141_27581	48574	79.259	135	28	118
GU191334.1	k141_27581	48574	94.667	75	4	118
GU191334.1	k141_27581	48574	94.595	74	4	116
GU191334.1	k141_27581	48574	87.097	93	12	114
GU191334.1	k141_27581	48574	87.234	94	10	113
GU191334.1	k141_27581	48574	85.714	98	11	108
GU191334.1	k141_27581	48574	78.295	129	28	107
GU191334.1	k141_27581	48574	90.789	76	7	106
GU191334.1	k141_27581	48574	76.056	142	26	102
GU191334.1	k141_27581	48574	88.462	78	9	101
GU191334.1	k141_27581	48574	79.825	114	19	97.8
GU191334.1	k141_27581	48574	66.516	221	30	92.4
GU191334.1	k141_27581	48574	85.897	78	7	82.4
GU191334.1	k141_27581	48574	79.070	86	18	75.2
GU191334.1	k141_27581	48574	85.000	60	6	67.1
GU191334.1	k141_27581	48574	69.630	135	41	59.9
GU191334.1	k141_27581	48574	88.636	44	5	58.1
GU191334.1	k141_27581	48574	82.692	52	9	54.5
GU191334.1	k141_28770	29169	83.829	1447	234	1555
GU191334.1	k141_28770	29169	81.510	1563	286	1506
GU191334.1	k141_28770	29169	83.876	707	112	755
GU191334.1	k141_28770	29169	77.074	868	195	655
GU191334.1	k141_28770	29169	82.162	555	92	539
GU191334.1	k141_28770	29169	79.924	523	103	468
GU191334.1	k141_28770	29169	69.719	1103	293	462
GU191334.1	k141_28770	29169	72.150	772	202	399
GU191334.1	k141_28770	29169	78.737	475	95	398
GU191334.1	k141_28770	29169	65.702	1589	418	366
GU191334.1	k141_28770	29169	69.559	680	179	288
GU191334.1	k141_28770	29169	72.749	422	115	243
GU191334.1	k141_28770	29169	76.645	304	71	229
GU191334.1	k141_28770	29169	67.334	649	198	201
GU191334.1	k141_28770	29169	78.818	203	43	173
GU191334.1	k141_28770	29169	77.523	218	49	173
GU191334.1	k141_28770	29169	66.962	451	105	159
GU191334.1	k141_28770	29169	66.047	592	136	126
GU191334.1	k141_28770	29169	93.671	79	5	121
GU191334.1	k141_28770	29169	80.469	128	24	115
GU191334.1	k141_28770	29169	66.667	390	128	111
GU191334.1	k141_28770	29169	83.000	100	17	104
GU191334.1	k141_28770	29169	73.387	124	33	76.1
GU191334.1	k141_28770	29169	77.966	59	13	49.1
GU191334.1	k141_54662	4979	77.700	1704	366	1351
GU191334.1	k141_54662	4979	74.013	912	191	591
GU191334.1	k141_54662	4979	75.243	206	47	137
GU191334.1	k141_54662	4979	94.521	73	4	114
GU191334.1	k141_54662	4979	75.630	119	22	82.4
GU191334.1	k141_49638	17192	75.943	1750	397	1240
GU191334.1	k141_49638	17192	70.358	1869	518	838
GU191334.1	k141_49638	17192	75.045	1102	263	737
GU191334.1	k141_49638	17192	74.365	1182	235	719
GU191334.1	k141_49638	17192	68.254	819	219	288
GU191334.1	k141_49638	17192	77.778	234	46	176
GU191334.1	k141_49638	17192	75.393	191	47	133
GU191334.1	k141_49638	17192	92.593	81	6	120
GU191334.1	k141_49638	17192	72.727	132	32	67.1
GU191334.1	k141_21712	1746	81.152	573	90	541
GU191334.1	k141_53755	20774	73.154	894	197	480
GU191334.1	k141_53755	20774	73.154	894	197	480
GU191334.1	k141_53755	20774	95.000	140	7	222
GU191334.1	k141_53755	20774	95.000	140	7	222
GU191334.1	k141_53755	20774	77.936	281	60	221
GU191334.1	k141_53755	20774	77.936	281	60	221
GU191334.1	k141_53755	20774	88.525	61	7	79.7
GU191334.1	k141_53755	20774	88.525	61	7	79.7
GU191334.1	k141_56122	626	75.659	645	126	453
GU191334.1	k141_2170	19344	79.882	507	90	448
GU191334.1	k141_2170	19344	84.932	292	39	329
GU191334.1	k141_4120	1131	69.116	1143	300	442
GU191334.1	k141_33198	11073	76.604	530	109	402
GU191334.1	k141_51247	2475	65.855	1643	478	397
GU191334.1	k141_33140	34601	80.918	414	65	390
GU191334.1	k141_33140	34601	79.012	81	17	70.7
GU191334.1	k141_37174	30357	74.340	530	127	334
GU191334.1	k141_37174	30357	74.340	530	127	334
GU191334.1	k141_37174	30357	74.518	467	97	286
GU191334.1	k141_37174	30357	74.518	467	97	286
GU191334.1	k141_37174	30357	64.706	493	140	91.5
GU191334.1	k141_37174	30357	64.706	493	140	91.5
GU191334.1	k141_5794	4518	80.912	351	54	330
GU191334.1	k141_5794	4518	81.081	74	7	73.4
GU191334.1	k141_36144	636	76.636	428	100	322
GU191334.1	k141_20011	1232	81.226	261	41	249
GU191334.1	k141_44119	9926	67.532	770	229	223
GU191334.1	k141_166	3020	71.171	444	78	220
GU191334.1	k141_166	3020	71.171	444	78	220
GU191334.1	k141_166	3020	93.671	79	5	121
GU191334.1	k141_166	3020	93.671	79	5	121
GU191334.1	k141_21720	18522	93.827	81	5	124
GU191334.1	k141_21720	18522	76.000	125	26	86.0
GU191334.1	k141_13913	774	88.421	95	11	123
GU191334.1	k141_62974	558	75.595	168	37	118
GU191334.1	k141_21643	16831	93.421	76	5	115
GU191334.1	k141_27714	23557	91.358	81	7	115
GU191334.1	k141_27714	23557	87.342	79	10	98.7
GU191334.1	k141_27714	23557	71.257	167	47	82.4
GU191334.1	k141_23614	35464	73.262	187	48	105
GU191334.1	k141_7129	18543	94.118	68	4	105
GU191334.1	k141_7129	18543	94.118	68	4	105
GU191334.1	k141_10937	9227	86.486	74	10	89.7
GU191334.1	k141_10937	9227	86.486	74	10	89.7
GU191334.1	k141_175	8435	78.261	115	22	89.7
GU191334.1	k141_175	8435	78.261	115	22	89.7
GU191334.1	k141_175	8435	82.812	64	11	67.1
GU191334.1	k141_175	8435	82.812	64	11	67.1
GU191334.1	k141_30315	5136	84.211	76	12	84.2
GU191334.1	k141_30315	5136	84.211	76	12	84.2
GU191334.1	k141_30998	412	72.258	155	38	82.4
GU191334.1	k141_44884	381	90.000	50	5	68.9
GU191334.1	k141_12018	557	82.812	64	11	67.1
GU191334.1	k141_12018	557	82.812	64	11	67.1
GU191334.1	k141_8053	10146	66.540	263	84	64.4
GU191334.1	k141_33592	366	85.185	54	8	62.6
GU191334.1	k141_29449	1202	81.667	60	9	57.2
