MZ962720.1	k141_82853	24479	91.623	4918	263	6998
MZ962720.1	k141_82853	24479	91.623	4918	263	6998
MZ962720.1	k141_82853	24479	89.020	3051	213	4017
MZ962720.1	k141_82853	24479	89.020	3051	213	4017
MZ962720.1	k141_82853	24479	89.134	2632	189	3433
MZ962720.1	k141_82853	24479	89.134	2632	189	3433
MZ962720.1	k141_82853	24479	87.478	1733	173	2142
MZ962720.1	k141_82853	24479	87.478	1733	173	2142
MZ962720.1	k141_82853	24479	86.201	1761	175	2057
MZ962720.1	k141_82853	24479	86.201	1761	175	2057
MZ962720.1	k141_82853	24479	81.158	812	80	783
MZ962720.1	k141_82853	24479	85.542	332	36	380
MZ962720.1	k141_82853	24479	85.542	332	36	380
MZ962720.1	k141_82853	24479	80.108	372	48	334
MZ962720.1	k141_82853	24479	80.108	372	48	334
MZ962720.1	k141_82853	24479	84.880	291	40	326
MZ962720.1	k141_82853	24479	84.880	291	40	326
MZ962720.1	k141_82853	24479	84.252	254	28	276
MZ962720.1	k141_82853	24479	84.252	254	28	276
MZ962720.1	k141_82853	24479	75.393	382	52	254
MZ962720.1	k141_82853	24479	75.393	382	52	254
MZ962720.1	k141_82853	24479	81.781	247	28	245
MZ962720.1	k141_82853	24479	88.333	180	21	231
MZ962720.1	k141_82853	24479	88.333	180	21	231
MZ962720.1	k141_82853	24479	79.612	103	10	93.3
MZ962720.1	k141_82853	24479	77.692	130	22	93.3
MZ962720.1	k141_82853	24479	77.692	130	22	93.3
MZ962720.1	k141_82853	24479	97.619	42	1	72.5
MZ962720.1	k141_82853	24479	97.619	42	1	72.5
MZ962720.1	k141_82853	24479	94.595	37	2	59.0
MZ962720.1	k141_7190	82951	78.314	8245	1500	6735
MZ962720.1	k141_7190	82951	87.469	5219	595	6427
MZ962720.1	k141_7190	82951	80.153	4696	647	4128
MZ962720.1	k141_7190	82951	91.296	2493	217	3518
MZ962720.1	k141_7190	82951	80.979	2534	415	2363
MZ962720.1	k141_7190	82951	83.801	1994	305	2121
MZ962720.1	k141_7190	82951	85.258	1628	206	1854
MZ962720.1	k141_7190	82951	79.007	1934	356	1622
MZ962720.1	k141_7190	82951	80.000	1805	300	1611
MZ962720.1	k141_7190	82951	90.198	1112	109	1515
MZ962720.1	k141_7190	82951	74.737	2189	347	1393
MZ962720.1	k141_7190	82951	74.385	2034	438	1269
MZ962720.1	k141_7190	82951	75.723	1590	318	1108
MZ962720.1	k141_7190	82951	82.273	1100	142	1095
MZ962720.1	k141_7190	82951	86.176	774	104	912
MZ962720.1	k141_7190	82951	79.704	1015	142	870
MZ962720.1	k141_7190	82951	67.866	2474	571	810
MZ962720.1	k141_7190	82951	81.175	664	111	629
MZ962720.1	k141_7190	82951	71.893	1199	244	624
MZ962720.1	k141_7190	82951	74.822	985	167	601
MZ962720.1	k141_7190	82951	73.772	835	154	492
MZ962720.1	k141_7190	82951	84.510	439	64	476
MZ962720.1	k141_7190	82951	80.745	483	58	439
MZ962720.1	k141_7190	82951	74.133	692	94	428
MZ962720.1	k141_7190	82951	71.131	911	147	414
MZ962720.1	k141_7190	82951	76.106	565	135	411
MZ962720.1	k141_7190	82951	76.106	565	135	411
MZ962720.1	k141_7190	82951	70.986	903	213	411
MZ962720.1	k141_7190	82951	71.896	733	153	347
MZ962720.1	k141_7190	82951	75.189	528	90	345
MZ962720.1	k141_7190	82951	66.234	1232	237	333
MZ962720.1	k141_7190	82951	71.164	593	129	297
MZ962720.1	k141_7190	82951	75.198	379	55	278
MZ962720.1	k141_7190	82951	84.553	246	33	269
MZ962720.1	k141_7190	82951	74.872	390	87	263
MZ962720.1	k141_7190	82951	76.139	373	58	260
MZ962720.1	k141_7190	82951	64.942	1198	255	254
MZ962720.1	k141_7190	82951	82.520	246	37	247
MZ962720.1	k141_7190	82951	73.775	408	68	240
MZ962720.1	k141_7190	82951	75.211	355	62	236
MZ962720.1	k141_7190	82951	84.286	210	24	234
MZ962720.1	k141_7190	82951	84.286	210	24	234
MZ962720.1	k141_7190	82951	74.095	359	91	222
MZ962720.1	k141_7190	82951	71.101	436	69	221
MZ962720.1	k141_7190	82951	71.101	436	69	221
MZ962720.1	k141_7190	82951	76.923	273	31	206
MZ962720.1	k141_7190	82951	84.066	182	28	195
MZ962720.1	k141_7190	82951	82.292	192	29	189
MZ962720.1	k141_7190	82951	80.296	203	32	185
MZ962720.1	k141_7190	82951	80.296	203	32	185
MZ962720.1	k141_7190	82951	74.662	296	47	181
MZ962720.1	k141_7190	82951	87.586	145	14	176
MZ962720.1	k141_7190	82951	82.759	174	26	174
MZ962720.1	k141_7190	82951	82.759	174	14	171
MZ962720.1	k141_7190	82951	81.714	175	29	170
MZ962720.1	k141_7190	82951	83.871	155	25	168
MZ962720.1	k141_7190	82951	83.871	155	25	168
MZ962720.1	k141_7190	82951	98.864	88	1	155
MZ962720.1	k141_7190	82951	80.380	158	31	146
MZ962720.1	k141_7190	82951	95.455	88	4	141
MZ962720.1	k141_7190	82951	74.661	221	37	141
MZ962720.1	k141_7190	82951	98.750	80	1	141
MZ962720.1	k141_7190	82951	98.750	80	1	141
MZ962720.1	k141_7190	82951	83.459	133	16	138
MZ962720.1	k141_7190	82951	94.318	88	5	137
MZ962720.1	k141_7190	82951	81.046	153	23	133
MZ962720.1	k141_7190	82951	81.046	153	23	133
MZ962720.1	k141_7190	82951	77.848	158	35	128
MZ962720.1	k141_7190	82951	78.947	152	22	126
MZ962720.1	k141_7190	82951	77.160	162	37	126
MZ962720.1	k141_7190	82951	65.986	588	178	125
MZ962720.1	k141_7190	82951	90.000	90	9	123
MZ962720.1	k141_7190	82951	94.667	75	4	118
MZ962720.1	k141_7190	82951	94.805	77	3	118
MZ962720.1	k141_7190	82951	77.483	151	25	114
MZ962720.1	k141_7190	82951	90.361	83	8	114
MZ962720.1	k141_7190	82951	90.909	77	7	108
MZ962720.1	k141_7190	82951	78.462	130	18	104
MZ962720.1	k141_7190	82951	67.913	321	87	103
MZ962720.1	k141_7190	82951	85.882	85	11	96.9
MZ962720.1	k141_7190	82951	79.808	104	15	95.1
MZ962720.1	k141_7190	82951	79.808	104	15	95.1
MZ962720.1	k141_7190	82951	82.828	99	11	95.1
MZ962720.1	k141_7190	82951	82.022	89	16	89.7
MZ962720.1	k141_7190	82951	82.022	89	16	89.7
MZ962720.1	k141_7190	82951	82.022	89	16	89.7
MZ962720.1	k141_7190	82951	76.316	114	25	77.9
MZ962720.1	k141_7190	82951	69.231	169	50	64.4
MZ962720.1	k141_7190	82951	79.412	68	14	60.8
MZ962720.1	k141_7190	82951	79.412	68	14	60.8
MZ962720.1	k141_7190	82951	77.612	67	15	54.5
MZ962720.1	k141_7190	82951	77.612	67	15	54.5
MZ962720.1	k141_7190	82951	82.353	51	9	52.7
MZ962720.1	k141_7190	82951	82.353	51	9	52.7
MZ962720.1	k141_7190	82951	77.273	66	15	52.7
MZ962720.1	k141_55180	18879	80.778	4396	626	4104
MZ962720.1	k141_55180	18879	80.778	4396	626	4104
MZ962720.1	k141_55180	18879	76.585	2272	485	1670
MZ962720.1	k141_55180	18879	78.776	1960	388	1645
MZ962720.1	k141_55180	18879	84.354	588	91	643
MZ962720.1	k141_55180	18879	84.354	588	91	643
MZ962720.1	k141_55180	18879	73.711	970	211	586
MZ962720.1	k141_55180	18879	82.759	319	55	328
MZ962720.1	k141_55180	18879	93.023	86	5	125
MZ962720.1	k141_79773	18723	70.736	1155	274	514
MZ962720.1	k141_79773	18723	70.736	1155	274	514
MZ962720.1	k141_83481	579	76.122	624	90	449
MZ962720.1	k141_83481	579	76.122	624	90	449
MZ962720.1	k141_33338	7060	71.493	884	214	421
MZ962720.1	k141_33338	7060	71.493	884	214	421
MZ962720.1	k141_33338	7060	88.525	61	7	79.7
MZ962720.1	k141_33338	7060	88.525	61	7	79.7
MZ962720.1	k141_33338	7060	88.525	61	7	79.7
MZ962720.1	k141_38040	12365	70.274	730	116	335
MZ962720.1	k141_38040	12365	81.143	175	29	162
MZ962720.1	k141_67707	9314	66.180	822	239	215
MZ962720.1	k141_67707	9314	96.341	82	3	135
MZ962720.1	k141_67707	9314	96.341	82	3	135
MZ962720.1	k141_11315	6667	93.407	91	6	138
MZ962720.1	k141_11315	6667	76.136	176	42	129
MZ962720.1	k141_2971	3354	97.500	80	2	136
MZ962720.1	k141_2971	3354	97.500	80	2	136
MZ962720.1	k141_9198	4084	80.147	136	27	124
MZ962720.1	k141_9198	4084	71.852	135	34	68.0
MZ962720.1	k141_3064	1077	94.737	76	4	120
MZ962720.1	k141_3064	1077	94.737	76	4	120
MZ962720.1	k141_85809	279	91.781	73	6	105
MZ962720.1	k141_85809	279	91.781	73	6	105
MZ962720.1	k141_85809	279	91.781	73	6	105
MZ962720.1	k141_85809	279	91.781	73	6	105
MZ962720.1	k141_85809	279	91.781	73	6	105
MZ962720.1	k141_85809	279	91.781	73	6	105
MZ962720.1	k141_85809	279	91.781	73	6	105
MZ962720.1	k141_85809	279	91.781	73	6	105
MZ962720.1	k141_85809	279	90.000	50	5	68.9
MZ962720.1	k141_85809	279	90.000	50	5	68.9
MZ962720.1	k141_85809	279	92.500	40	3	59.9
MZ962720.1	k141_85809	279	92.500	40	3	59.9
MZ962720.1	k141_85803	9141	76.522	115	24	80.6
MZ962720.1	k141_85803	9141	76.522	115	24	80.6
MZ962720.1	k141_85803	9141	82.812	64	11	67.1
MZ962720.1	k141_85803	9141	82.812	64	11	67.1
MZ962720.1	k141_39727	2141	88.525	61	7	79.7
MZ962720.1	k141_39727	2141	88.525	61	7	79.7
MZ962720.1	k141_39727	2141	88.525	61	7	79.7
MZ962720.1	k141_8423	5903	77.273	66	15	52.7
MZ962720.1	k141_48466	636	84.211	38	6	42.8
MZ962720.1	k141_82640	501	83.784	37	6	41.0
MH569081.1	k141_82853	24479	91.928	5971	313	8550
MH569081.1	k141_82853	24479	91.928	5971	313	8550
MH569081.1	k141_82853	24479	91.602	4501	251	6384
MH569081.1	k141_82853	24479	91.602	4501	251	6384
MH569081.1	k141_82853	24479	89.416	2296	124	3022
MH569081.1	k141_82853	24479	89.416	2296	124	3022
MH569081.1	k141_82853	24479	90.034	2047	180	2749
MH569081.1	k141_82853	24479	90.034	2047	180	2749
MH569081.1	k141_82853	24479	80.926	886	135	827
MH569081.1	k141_82853	24479	80.926	886	135	827
MH569081.1	k141_82853	24479	78.521	852	119	693
MH569081.1	k141_82853	24479	78.521	852	119	693
MH569081.1	k141_82853	24479	79.111	675	87	572
MH569081.1	k141_82853	24479	79.111	675	87	572
MH569081.1	k141_82853	24479	81.489	470	49	445
MH569081.1	k141_82853	24479	81.489	470	49	445
MH569081.1	k141_82853	24479	77.261	387	32	339
MH569081.1	k141_82853	24479	77.261	387	32	339
MH569081.1	k141_82853	24479	84.615	130	15	141
MH569081.1	k141_82853	24479	84.615	130	15	141
MH569081.1	k141_82853	24479	78.431	102	17	81.5
MH569081.1	k141_82853	24479	94.340	53	2	79.7
MH569081.1	k141_82853	24479	94.340	53	2	79.7
MH569081.1	k141_82853	24479	95.238	42	2	68.0
MH569081.1	k141_82853	24479	95.238	42	2	68.0
MH569081.1	k141_82853	24479	92.308	39	3	58.1
MH569081.1	k141_7190	82951	87.259	5439	627	6627
MH569081.1	k141_7190	82951	77.800	7455	1208	5877
MH569081.1	k141_7190	82951	81.172	3702	608	3547
MH569081.1	k141_7190	82951	88.678	2579	289	3324
MH569081.1	k141_7190	82951	79.431	3340	591	2928
MH569081.1	k141_7190	82951	81.791	2345	372	2287
MH569081.1	k141_7190	82951	83.584	1925	296	2034
MH569081.1	k141_7190	82951	87.624	1511	187	1883
MH569081.1	k141_7190	82951	82.883	1741	249	1778
MH569081.1	k141_7190	82951	86.317	1469	162	1711
MH569081.1	k141_7190	82951	81.127	1775	271	1691
MH569081.1	k141_7190	82951	79.259	1943	330	1668
MH569081.1	k141_7190	82951	77.319	2081	302	1563
MH569081.1	k141_7190	82951	73.456	2234	505	1323
MH569081.1	k141_7190	82951	76.899	1593	286	1212
MH569081.1	k141_7190	82951	85.363	1018	114	1151
MH569081.1	k141_7190	82951	70.375	2292	514	1010
MH569081.1	k141_7190	82951	75.517	1258	227	864
MH569081.1	k141_7190	82951	73.285	1385	247	720
MH569081.1	k141_7190	82951	77.235	962	130	716
MH569081.1	k141_7190	82951	79.230	727	130	623
MH569081.1	k141_7190	82951	81.021	627	107	597
MH569081.1	k141_7190	82951	68.916	1393	282	526
MH569081.1	k141_7190	82951	77.341	662	98	502
MH569081.1	k141_7190	82951	75.552	679	120	415
MH569081.1	k141_7190	82951	87.346	324	38	398
MH569081.1	k141_7190	82951	73.620	652	104	386
MH569081.1	k141_7190	82951	88.636	264	27	340
MH569081.1	k141_7190	82951	72.247	663	114	331
MH569081.1	k141_7190	82951	72.774	584	118	315
MH569081.1	k141_7190	82951	84.411	263	37	285
MH569081.1	k141_7190	82951	71.057	653	114	272
MH569081.1	k141_7190	82951	83.582	268	36	270
MH569081.1	k141_7190	82951	76.099	364	60	258
MH569081.1	k141_7190	82951	78.233	317	56	251
MH569081.1	k141_7190	82951	78.233	317	56	251
MH569081.1	k141_7190	82951	77.570	321	54	244
MH569081.1	k141_7190	82951	94.964	139	7	220
MH569081.1	k141_7190	82951	76.868	281	65	214
MH569081.1	k141_7190	82951	83.415	205	33	214
MH569081.1	k141_7190	82951	80.085	236	31	197
MH569081.1	k141_7190	82951	80.788	203	39	191
MH569081.1	k141_7190	82951	77.682	233	52	187
MH569081.1	k141_7190	82951	76.889	225	52	172
MH569081.1	k141_7190	82951	76.518	247	43	167
MH569081.1	k141_7190	82951	85.106	141	18	159
MH569081.1	k141_7190	82951	96.667	90	3	150
MH569081.1	k141_7190	82951	100.000	80	0	145
MH569081.1	k141_7190	82951	100.000	80	0	145
MH569081.1	k141_7190	82951	85.000	120	18	136
MH569081.1	k141_7190	82951	91.209	91	8	129
MH569081.1	k141_7190	82951	76.970	165	38	127
MH569081.1	k141_7190	82951	91.765	85	7	123
MH569081.1	k141_7190	82951	98.551	69	1	121
MH569081.1	k141_7190	82951	73.039	204	55	121
MH569081.1	k141_7190	82951	92.000	75	6	109
MH569081.1	k141_7190	82951	73.563	174	35	104
MH569081.1	k141_7190	82951	77.419	124	28	98.7
MH569081.1	k141_7190	82951	85.897	78	10	88.7
MH569081.1	k141_7190	82951	68.159	201	34	79.7
MH569081.1	k141_7190	82951	89.474	57	6	77.0
MH569081.1	k141_7190	82951	93.333	45	3	68.9
MH569081.1	k141_7190	82951	93.333	45	3	68.9
MH569081.1	k141_7190	82951	80.000	70	14	64.4
MH569081.1	k141_7190	82951	71.654	127	34	60.8
MH569081.1	k141_7190	82951	81.633	49	9	49.1
MH569081.1	k141_7190	82951	68.103	116	37	43.7
MH569081.1	k141_55180	18879	77.851	4384	713	3487
MH569081.1	k141_55180	18879	81.893	1933	320	1900
MH569081.1	k141_55180	18879	76.328	2353	475	1708
MH569081.1	k141_55180	18879	75.629	1153	229	788
MH569081.1	k141_55180	18879	78.885	592	118	489
MH569081.1	k141_55180	18879	77.509	538	82	416
MH569081.1	k141_55180	18879	82.586	379	64	384
MH569081.1	k141_55180	18879	72.464	276	45	143
MH569081.1	k141_55180	18879	69.006	342	85	132
MH569081.1	k141_55180	18879	69.006	342	85	132
MH569081.1	k141_55180	18879	95.745	47	1	73.4
MH569081.1	k141_55180	18879	95.745	47	1	73.4
MH569081.1	k141_55180	18879	90.476	42	4	59.0
MH569081.1	k141_79773	18723	70.982	1151	274	517
MH569081.1	k141_79773	18723	70.982	1151	274	517
MH569081.1	k141_79773	18723	75.120	209	50	136
MH569081.1	k141_79773	18723	75.120	209	50	136
MH569081.1	k141_38040	12365	72.887	911	157	499
MH569081.1	k141_83481	579	76.236	627	89	446
MH569081.1	k141_83481	579	76.236	627	89	446
MH569081.1	k141_33338	7060	72.032	876	216	444
MH569081.1	k141_33338	7060	72.032	876	216	444
MH569081.1	k141_33338	7060	90.164	61	6	84.2
MH569081.1	k141_33338	7060	90.164	61	6	84.2
MH569081.1	k141_67707	9314	73.427	429	106	250
MH569081.1	k141_67707	9314	97.561	82	2	140
MH569081.1	k141_67707	9314	97.561	82	2	140
MH569081.1	k141_67707	9314	75.281	89	22	62.6
MH569081.1	k141_38436	3390	78.623	276	46	231
MH569081.1	k141_9198	4084	84.444	135	21	150
MH569081.1	k141_9198	4084	73.832	107	26	60.8
MH569081.1	k141_2971	3354	95.294	85	4	136
MH569081.1	k141_2971	3354	95.294	85	4	136
MH569081.1	k141_11315	6667	91.398	93	8	132
MH569081.1	k141_11315	6667	75.862	174	42	125
MH569081.1	k141_3064	1077	91.765	85	6	119
MH569081.1	k141_3064	1077	91.765	85	6	119
MH569081.1	k141_8423	5903	93.151	73	5	110
MH569081.1	k141_8423	5903	80.000	70	14	64.4
MH569081.1	k141_85803	9141	77.391	115	23	85.1
MH569081.1	k141_85803	9141	77.391	115	23	85.1
MH569081.1	k141_85803	9141	82.812	64	11	67.1
MH569081.1	k141_85803	9141	82.812	64	11	67.1
MH569081.1	k141_85803	9141	80.702	57	11	54.5
MH569081.1	k141_85803	9141	80.702	57	11	54.5
MH569081.1	k141_39727	2141	90.164	61	6	84.2
MH569081.1	k141_39727	2141	90.164	61	6	84.2
MH569081.1	k141_82640	501	86.486	37	5	45.5
MH569081.1	k141_56083	5111	80.488	41	8	39.2
NC_033978.1	k141_7190	82951	83.836	14118	1778	15203
NC_033978.1	k141_7190	82951	88.051	8377	676	10545
NC_033978.1	k141_7190	82951	80.525	10511	1229	9685
NC_033978.1	k141_7190	82951	80.658	7564	957	7029
NC_033978.1	k141_7190	82951	84.918	4608	449	5223
NC_033978.1	k141_7190	82951	83.301	4647	508	4813
NC_033978.1	k141_7190	82951	85.213	2962	282	3414
NC_033978.1	k141_7190	82951	77.500	3280	444	2628
NC_033978.1	k141_7190	82951	81.843	2616	337	2575
NC_033978.1	k141_7190	82951	77.821	2809	479	2212
NC_033978.1	k141_7190	82951	92.730	1293	75	1908
NC_033978.1	k141_7190	82951	82.360	1661	233	1684
NC_033978.1	k141_7190	82951	90.291	1133	78	1527
NC_033978.1	k141_7190	82951	76.591	1901	268	1361
NC_033978.1	k141_7190	82951	82.121	1141	145	1124
NC_033978.1	k141_7190	82951	82.705	1035	112	1035
NC_033978.1	k141_7190	82951	77.585	1267	170	937
NC_033978.1	k141_7190	82951	81.381	956	94	885
NC_033978.1	k141_7190	82951	76.075	1233	177	884
NC_033978.1	k141_7190	82951	77.555	1096	148	848
NC_033978.1	k141_7190	82951	73.387	868	139	508
NC_033978.1	k141_7190	82951	74.697	660	82	434
NC_033978.1	k141_7190	82951	76.923	351	40	279
NC_033978.1	k141_7190	82951	77.097	310	39	251
NC_033978.1	k141_7190	82951	69.032	620	108	234
NC_033978.1	k141_7190	82951	79.913	229	34	195
NC_033978.1	k141_7190	82951	86.577	149	13	181
NC_033978.1	k141_7190	82951	84.375	160	6	180
NC_033978.1	k141_7190	82951	98.824	85	1	150
NC_033978.1	k141_7190	82951	75.248	202	30	144
NC_033978.1	k141_7190	82951	81.746	126	23	124
NC_033978.1	k141_7190	82951	75.641	156	38	111
NC_033978.1	k141_7190	82951	90.164	61	6	84.2
NC_033978.1	k141_7190	82951	95.652	46	2	75.2
NC_033978.1	k141_7190	82951	95.122	41	2	66.2
NC_033978.1	k141_7190	82951	95.122	41	2	66.2
NC_033978.1	k141_7190	82951	95.000	40	2	64.4
NC_033978.1	k141_7190	82951	75.758	66	16	48.2
NC_033978.1	k141_82853	24479	95.133	5671	154	8963
NC_033978.1	k141_82853	24479	95.133	5671	154	8963
NC_033978.1	k141_82853	24479	92.928	5812	276	8679
NC_033978.1	k141_82853	24479	92.928	5812	276	8679
NC_033978.1	k141_82853	24479	94.032	4792	164	7391
NC_033978.1	k141_82853	24479	94.032	4792	164	7391
NC_033978.1	k141_82853	24479	95.923	3017	94	4850
NC_033978.1	k141_82853	24479	95.923	3017	94	4850
NC_033978.1	k141_82853	24479	92.251	2981	148	4374
NC_033978.1	k141_82853	24479	92.648	2897	143	4296
NC_033978.1	k141_82853	24479	93.326	974	62	1462
NC_033978.1	k141_82853	24479	93.326	974	62	1462
NC_033978.1	k141_82853	24479	87.399	992	60	1235
NC_033978.1	k141_82853	24479	87.399	992	60	1235
NC_033978.1	k141_82853	24479	100.000	39	0	71.6
NC_033978.1	k141_82853	24479	92.857	42	3	63.5
NC_033978.1	k141_55180	18879	82.150	4661	574	4635
NC_033978.1	k141_55180	18879	83.471	3394	439	3558
NC_033978.1	k141_55180	18879	80.856	2617	412	2429
NC_033978.1	k141_55180	18879	78.870	1434	241	1214
NC_033978.1	k141_55180	18879	70.440	1908	368	936
NC_033978.1	k141_55180	18879	76.440	781	125	570
NC_033978.1	k141_55180	18879	83.529	340	40	349
NC_033978.1	k141_55180	18879	83.529	340	40	349
NC_033978.1	k141_55180	18879	74.423	477	106	303
NC_033978.1	k141_55180	18879	83.774	265	33	262
NC_033978.1	k141_55180	18879	89.928	139	14	188
NC_033978.1	k141_55180	18879	89.928	139	14	188
NC_033978.1	k141_55180	18879	67.485	489	103	149
NC_033978.1	k141_55180	18879	100.000	39	0	71.6
NC_033978.1	k141_55180	18879	100.000	39	0	71.6
NC_033978.1	k141_55180	18879	92.857	42	3	63.5
NC_033978.1	k141_38040	12365	74.194	1209	201	717
NC_033978.1	k141_83481	579	78.560	625	73	520
NC_033978.1	k141_83481	579	78.560	625	73	520
NC_033978.1	k141_33338	7060	72.531	881	203	453
NC_033978.1	k141_33338	7060	72.531	881	203	453
NC_033978.1	k141_33338	7060	86.885	61	8	75.2
NC_033978.1	k141_33338	7060	86.885	61	8	75.2
NC_033978.1	k141_38436	3390	88.380	284	33	364
NC_033978.1	k141_38436	3390	78.723	141	20	106
NC_033978.1	k141_79773	18723	74.624	532	124	343
NC_033978.1	k141_79773	18723	74.624	532	124	343
NC_033978.1	k141_79773	18723	74.946	467	95	286
NC_033978.1	k141_79773	18723	74.946	467	95	286
NC_033978.1	k141_67707	9314	67.048	786	214	237
NC_033978.1	k141_67707	9314	97.561	82	2	140
NC_033978.1	k141_11315	6667	85.279	197	29	225
NC_033978.1	k141_11315	6667	86.290	124	16	144
NC_033978.1	k141_56083	5111	78.788	264	54	217
NC_033978.1	k141_56083	5111	78.788	264	54	217
NC_033978.1	k141_56083	5111	78.723	47	10	41.0
NC_033978.1	k141_45245	3835	79.524	210	37	182
NC_033978.1	k141_72908	366	83.333	150	13	160
NC_033978.1	k141_72908	366	83.333	150	13	160
NC_033978.1	k141_9198	4084	85.507	138	20	159
NC_033978.1	k141_9198	4084	78.750	80	17	68.9
NC_033978.1	k141_2971	3354	98.795	83	1	146
NC_033978.1	k141_2971	3354	98.795	83	1	146
NC_033978.1	k141_58876	6559	81.290	155	24	141
NC_033978.1	k141_58876	6559	81.290	155	24	141
NC_033978.1	k141_3064	1077	97.368	76	2	129
NC_033978.1	k141_3064	1077	97.368	76	2	129
NC_033978.1	k141_8423	5903	92.405	79	6	116
NC_033978.1	k141_8423	5903	77.049	61	14	48.2
NC_033978.1	k141_23948	8711	71.429	182	48	89.7
NC_033978.1	k141_23948	8711	71.429	182	48	89.7
NC_033978.1	k141_85803	9141	77.391	115	23	85.1
NC_033978.1	k141_85803	9141	77.391	115	23	85.1
NC_033978.1	k141_85803	9141	80.702	57	11	54.5
NC_033978.1	k141_85803	9141	80.702	57	11	54.5
NC_033978.1	k141_85860	520	85.714	70	10	82.4
NC_033978.1	k141_39727	2141	86.885	61	8	75.2
NC_033978.1	k141_39727	2141	86.885	61	8	75.2
NC_033978.1	k141_71925	1808	87.037	54	7	67.1
NC_033978.1	k141_37572	355	88.000	50	6	64.4
NC_033978.1	k141_82640	501	94.595	37	2	59.0
MW006668.1	k141_7190	82951	83.594	9509	1237	10096
MW006668.1	k141_7190	82951	91.715	5540	399	7895
MW006668.1	k141_7190	82951	82.199	5421	673	5356
MW006668.1	k141_7190	82951	84.872	4647	480	5241
MW006668.1	k141_7190	82951	85.947	4177	380	4880
MW006668.1	k141_7190	82951	84.402	3821	364	4242
MW006668.1	k141_7190	82951	87.021	3236	380	3943
MW006668.1	k141_7190	82951	85.299	3027	349	3436
MW006668.1	k141_7190	82951	79.009	3492	556	2950
MW006668.1	k141_7190	82951	88.028	2013	195	2509
MW006668.1	k141_7190	82951	77.343	3222	451	2483
MW006668.1	k141_7190	82951	85.687	2096	220	2397
MW006668.1	k141_7190	82951	84.417	2169	245	2387
MW006668.1	k141_7190	82951	74.677	3017	411	2000
MW006668.1	k141_7190	82951	83.671	1580	165	1685
MW006668.1	k141_7190	82951	79.342	1854	286	1628
MW006668.1	k141_7190	82951	83.740	1310	123	1367
MW006668.1	k141_7190	82951	83.740	1310	123	1367
MW006668.1	k141_7190	82951	76.071	1797	273	1269
MW006668.1	k141_7190	82951	75.104	1687	223	1156
MW006668.1	k141_7190	82951	74.612	1674	266	1098
MW006668.1	k141_7190	82951	77.599	1308	166	1031
MW006668.1	k141_7190	82951	77.599	1308	166	1031
MW006668.1	k141_7190	82951	76.750	1200	183	948
MW006668.1	k141_7190	82951	86.759	725	75	854
MW006668.1	k141_7190	82951	77.384	734	121	585
MW006668.1	k141_7190	82951	77.384	734	121	585
MW006668.1	k141_7190	82951	78.592	682	95	560
MW006668.1	k141_7190	82951	75.337	815	111	524
MW006668.1	k141_7190	82951	86.630	359	46	425
MW006668.1	k141_7190	82951	85.933	327	38	377
MW006668.1	k141_7190	82951	85.933	327	38	377
MW006668.1	k141_7190	82951	80.576	417	52	364
MW006668.1	k141_7190	82951	74.677	541	77	359
MW006668.1	k141_7190	82951	70.630	698	124	323
MW006668.1	k141_7190	82951	74.271	377	34	273
MW006668.1	k141_7190	82951	72.464	414	61	227
MW006668.1	k141_7190	82951	71.296	432	84	216
MW006668.1	k141_7190	82951	77.985	268	51	207
MW006668.1	k141_7190	82951	75.182	274	65	182
MW006668.1	k141_7190	82951	81.771	192	26	179
MW006668.1	k141_7190	82951	80.402	199	31	178
MW006668.1	k141_7190	82951	81.188	202	26	178
MW006668.1	k141_7190	82951	80.095	211	34	177
MW006668.1	k141_7190	82951	77.169	219	34	162
MW006668.1	k141_7190	82951	84.615	117	15	129
MW006668.1	k141_7190	82951	75.460	163	40	114
MW006668.1	k141_7190	82951	77.778	126	28	102
MW006668.1	k141_7190	82951	86.420	81	11	97.8
MW006668.1	k141_7190	82951	68.720	211	47	83.3
MW006668.1	k141_7190	82951	95.833	48	2	78.8
MW006668.1	k141_7190	82951	91.837	49	4	71.6
MW006668.1	k141_7190	82951	91.837	49	4	71.6
MW006668.1	k141_7190	82951	91.489	47	4	68.0
MW006668.1	k141_7190	82951	95.122	41	2	66.2
MW006668.1	k141_7190	82951	94.872	39	2	62.6
MW006668.1	k141_7190	82951	82.456	57	10	59.0
MW006668.1	k141_7190	82951	82.456	57	10	59.0
MW006668.1	k141_7190	82951	87.805	41	5	52.7
MW006668.1	k141_7190	82951	75.806	62	15	45.5
MW006668.1	k141_82853	24479	94.449	5603	165	8686
MW006668.1	k141_82853	24479	94.449	5603	165	8686
MW006668.1	k141_82853	24479	90.195	5344	381	7283
MW006668.1	k141_82853	24479	96.434	2496	62	4085
MW006668.1	k141_82853	24479	96.434	2496	62	4085
MW006668.1	k141_82853	24479	74.747	1881	259	1270
MW006668.1	k141_82853	24479	78.733	1373	176	1130
MW006668.1	k141_82853	24479	86.724	693	61	850
MW006668.1	k141_82853	24479	89.029	556	58	718
MW006668.1	k141_82853	24479	78.068	766	114	624
MW006668.1	k141_82853	24479	88.462	364	21	478
MW006668.1	k141_82853	24479	88.462	364	21	478
MW006668.1	k141_82853	24479	76.061	589	88	425
MW006668.1	k141_82853	24479	87.410	278	27	343
MW006668.1	k141_82853	24479	87.410	278	27	343
MW006668.1	k141_82853	24479	82.993	147	16	152
MW006668.1	k141_82853	24479	82.993	147	16	152
MW006668.1	k141_82853	24479	83.088	136	14	141
MW006668.1	k141_82853	24479	64.878	410	105	104
MW006668.1	k141_82853	24479	64.878	410	105	104
MW006668.1	k141_82853	24479	100.000	42	0	77.0
MW006668.1	k141_82853	24479	100.000	42	0	77.0
MW006668.1	k141_82853	24479	68.306	183	46	76.1
MW006668.1	k141_82853	24479	68.306	183	46	76.1
MW006668.1	k141_82853	24479	68.306	183	46	76.1
MW006668.1	k141_82853	24479	68.306	183	46	76.1
MW006668.1	k141_82853	24479	86.885	61	8	75.2
MW006668.1	k141_82853	24479	86.885	61	8	75.2
MW006668.1	k141_82853	24479	68.108	185	46	71.6
MW006668.1	k141_82853	24479	92.857	42	3	63.5
MW006668.1	k141_82853	24479	86.275	51	7	61.7
MW006668.1	k141_55180	18879	86.058	4411	459	5161
MW006668.1	k141_55180	18879	86.058	4411	459	5161
MW006668.1	k141_55180	18879	83.559	4793	609	5050
MW006668.1	k141_55180	18879	83.559	4793	609	5050
MW006668.1	k141_55180	18879	80.299	2340	431	2120
MW006668.1	k141_55180	18879	86.087	230	32	271
MW006668.1	k141_55180	18879	86.087	230	32	271
MW006668.1	k141_55180	18879	88.550	131	14	166
MW006668.1	k141_55180	18879	86.885	61	8	75.2
MW006668.1	k141_55180	18879	86.885	61	8	75.2
MW006668.1	k141_55180	18879	86.885	61	8	75.2
MW006668.1	k141_55180	18879	86.885	61	8	75.2
MW006668.1	k141_55180	18879	100.000	39	0	71.6
MW006668.1	k141_55180	18879	83.607	61	10	66.2
MW006668.1	k141_55180	18879	83.607	61	10	66.2
MW006668.1	k141_55180	18879	83.607	61	10	66.2
MW006668.1	k141_55180	18879	83.607	61	10	66.2
MW006668.1	k141_55180	18879	92.857	42	3	63.5
MW006668.1	k141_55180	18879	82.258	62	11	63.5
MW006668.1	k141_55180	18879	81.967	61	11	61.7
MW006668.1	k141_55180	18879	81.967	61	11	61.7
MW006668.1	k141_55180	18879	81.967	61	11	61.7
MW006668.1	k141_55180	18879	81.967	61	11	61.7
MW006668.1	k141_55180	18879	81.967	61	11	61.7
MW006668.1	k141_55180	18879	81.967	61	11	61.7
MW006668.1	k141_55180	18879	81.967	61	11	61.7
MW006668.1	k141_55180	18879	81.967	61	11	61.7
MW006668.1	k141_38040	12365	78.261	989	142	768
MW006668.1	k141_83481	579	78.720	625	72	525
MW006668.1	k141_83481	579	78.720	625	72	525
MW006668.1	k141_33338	7060	71.525	885	206	425
MW006668.1	k141_33338	7060	71.525	885	206	425
MW006668.1	k141_33338	7060	85.246	61	9	70.7
MW006668.1	k141_33338	7060	85.246	61	9	70.7
MW006668.1	k141_79773	18723	74.248	532	126	334
MW006668.1	k141_79773	18723	74.248	532	126	334
MW006668.1	k141_79773	18723	74.518	467	103	276
MW006668.1	k141_79773	18723	74.518	467	103	276
MW006668.1	k141_38436	3390	83.032	277	44	287
MW006668.1	k141_67707	9314	66.448	763	211	218
MW006668.1	k141_67707	9314	94.937	79	4	125
MW006668.1	k141_67707	9314	94.937	79	4	125
MW006668.1	k141_56083	5111	78.788	264	54	217
MW006668.1	k141_56083	5111	78.788	264	54	217
MW006668.1	k141_11315	6667	84.264	197	30	213
MW006668.1	k141_11315	6667	97.701	87	2	149
MW006668.1	k141_9198	4084	83.916	143	23	155
MW006668.1	k141_9198	4084	72.932	133	34	71.6
MW006668.1	k141_45245	3835	75.714	210	45	146
MW006668.1	k141_45245	3835	75.714	210	45	146
MW006668.1	k141_58876	6559	81.290	155	24	141
MW006668.1	k141_58876	6559	81.290	155	24	141
MW006668.1	k141_2971	3354	96.386	83	3	137
MW006668.1	k141_2971	3354	96.386	83	3	137
MW006668.1	k141_3064	1077	94.737	76	4	120
MW006668.1	k141_3064	1077	94.737	76	4	120
MW006668.1	k141_8423	5903	92.405	79	6	116
MW006668.1	k141_8423	5903	77.193	57	13	45.5
MW006668.1	k141_85803	9141	77.391	115	23	85.1
MW006668.1	k141_85803	9141	77.391	115	23	85.1
MW006668.1	k141_85803	9141	80.702	57	11	54.5
MW006668.1	k141_85803	9141	80.702	57	11	54.5
MW006668.1	k141_23948	8711	70.000	180	54	82.4
MW006668.1	k141_85860	520	85.507	69	10	80.6
MW006668.1	k141_39727	2141	85.246	61	9	70.7
MW006668.1	k141_39727	2141	85.246	61	9	70.7
MW006668.1	k141_30356	741	79.167	48	10	42.8
MW006668.1	k141_30356	741	79.167	48	10	42.8
MW006668.1	k141_30356	741	83.784	37	6	41.0
MW006668.1	k141_30356	741	83.784	37	6	41.0
MW006668.1	k141_24127	786	85.714	35	5	41.9
MW435436.1	k141_7190	82951	84.374	10476	1376	11518
MW435436.1	k141_7190	82951	90.960	5686	426	7913
MW435436.1	k141_7190	82951	81.353	7910	1014	7540
MW435436.1	k141_7190	82951	84.867	4738	506	5273
MW435436.1	k141_7190	82951	84.676	3935	418	4369
MW435436.1	k141_7190	82951	80.551	4571	601	4252
MW435436.1	k141_7190	82951	79.421	4145	596	3582
MW435436.1	k141_7190	82951	80.523	3902	545	3580
MW435436.1	k141_7190	82951	85.719	2962	307	3432
MW435436.1	k141_7190	82951	76.025	3462	498	2477
MW435436.1	k141_7190	82951	86.546	1992	230	2351
MW435436.1	k141_7190	82951	83.198	2214	284	2310
MW435436.1	k141_7190	82951	81.067	2118	224	2023
MW435436.1	k141_7190	82951	76.373	2586	423	1836
MW435436.1	k141_7190	82951	75.582	1933	283	1326
MW435436.1	k141_7190	82951	78.376	1318	152	1113
MW435436.1	k141_7190	82951	77.804	1266	183	1011
MW435436.1	k141_7190	82951	73.259	1522	229	900
MW435436.1	k141_7190	82951	76.717	1194	176	839
MW435436.1	k141_7190	82951	74.213	1334	203	811
MW435436.1	k141_7190	82951	79.592	735	99	628
MW435436.1	k141_7190	82951	89.167	480	50	625
MW435436.1	k141_7190	82951	86.305	387	43	451
MW435436.1	k141_7190	82951	75.733	614	89	436
MW435436.1	k141_7190	82951	73.780	717	100	417
MW435436.1	k141_7190	82951	70.882	680	129	315
MW435436.1	k141_7190	82951	89.447	199	15	261
MW435436.1	k141_7190	82951	73.767	446	76	256
MW435436.1	k141_7190	82951	79.268	246	24	221
MW435436.1	k141_7190	82951	86.061	165	22	191
MW435436.1	k141_7190	82951	87.248	149	11	182
MW435436.1	k141_7190	82951	87.248	149	11	182
MW435436.1	k141_7190	82951	84.277	159	24	171
MW435436.1	k141_7190	82951	66.052	651	122	168
MW435436.1	k141_7190	82951	79.394	165	34	145
MW435436.1	k141_7190	82951	97.468	79	2	134
MW435436.1	k141_7190	82951	79.562	137	12	127
MW435436.1	k141_7190	82951	66.173	405	123	108
MW435436.1	k141_7190	82951	86.842	76	10	93.3
MW435436.1	k141_7190	82951	84.416	77	7	86.0
MW435436.1	k141_7190	82951	93.617	47	3	72.5
MW435436.1	k141_7190	82951	95.122	41	2	66.2
MW435436.1	k141_7190	82951	95.122	41	2	66.2
MW435436.1	k141_7190	82951	75.806	62	15	45.5
MW435436.1	k141_82853	24479	95.754	5299	128	8558
MW435436.1	k141_82853	24479	95.754	5299	128	8558
MW435436.1	k141_82853	24479	92.137	5812	316	8468
MW435436.1	k141_82853	24479	92.137	5812	316	8468
MW435436.1	k141_82853	24479	92.506	5698	222	8392
MW435436.1	k141_82853	24479	92.506	5698	222	8392
MW435436.1	k141_82853	24479	92.690	3584	142	5296
MW435436.1	k141_82853	24479	92.690	3584	142	5296
MW435436.1	k141_82853	24479	93.140	2959	147	4432
MW435436.1	k141_82853	24479	93.140	2959	147	4432
MW435436.1	k141_82853	24479	92.685	998	49	1475
MW435436.1	k141_82853	24479	92.685	998	49	1475
MW435436.1	k141_82853	24479	79.088	373	38	322
MW435436.1	k141_82853	24479	79.088	373	38	322
MW435436.1	k141_82853	24479	95.238	42	2	68.0
MW435436.1	k141_82853	24479	92.308	39	3	58.1
MW435436.1	k141_55180	18879	82.145	4559	571	4560
MW435436.1	k141_55180	18879	80.042	4775	738	4270
MW435436.1	k141_55180	18879	81.112	2266	391	2164
MW435436.1	k141_55180	18879	80.929	2003	346	1896
MW435436.1	k141_55180	18879	73.031	927	214	524
MW435436.1	k141_55180	18879	74.967	755	131	499
MW435436.1	k141_55180	18879	84.412	340	37	371
MW435436.1	k141_55180	18879	84.412	340	37	371
MW435436.1	k141_55180	18879	68.616	838	206	328
MW435436.1	k141_55180	18879	69.058	711	145	309
MW435436.1	k141_55180	18879	69.058	711	145	309
MW435436.1	k141_55180	18879	91.367	139	12	197
MW435436.1	k141_55180	18879	91.367	139	12	197
MW435436.1	k141_55180	18879	100.000	39	0	71.6
MW435436.1	k141_55180	18879	100.000	39	0	71.6
MW435436.1	k141_55180	18879	90.476	42	4	59.0
MW435436.1	k141_83481	579	78.880	625	71	529
MW435436.1	k141_83481	579	78.880	625	71	529
MW435436.1	k141_79773	18723	70.934	1156	266	526
MW435436.1	k141_79773	18723	70.934	1156	266	526
MW435436.1	k141_38040	12365	75.600	750	132	489
MW435436.1	k141_38040	12365	87.778	180	16	223
MW435436.1	k141_33338	7060	72.316	885	198	444
MW435436.1	k141_33338	7060	72.316	885	198	444
MW435436.1	k141_33338	7060	86.885	61	8	75.2
MW435436.1	k141_33338	7060	86.885	61	8	75.2
MW435436.1	k141_38436	3390	86.972	284	37	346
MW435436.1	k141_67707	9314	66.836	787	214	227
MW435436.1	k141_67707	9314	95.000	80	4	127
MW435436.1	k141_11315	6667	85.263	190	28	217
MW435436.1	k141_11315	6667	87.200	125	11	145
MW435436.1	k141_56083	5111	78.409	264	55	213
MW435436.1	k141_56083	5111	78.409	264	55	213
MW435436.1	k141_9198	4084	84.615	143	22	159
MW435436.1	k141_9198	4084	75.000	80	20	55.4
MW435436.1	k141_9198	4084	75.000	80	20	55.4
MW435436.1	k141_72908	366	82.000	150	15	151
MW435436.1	k141_72908	366	82.000	150	15	151
MW435436.1	k141_2971	3354	97.590	83	2	141
MW435436.1	k141_2971	3354	97.590	83	2	141
MW435436.1	k141_58876	6559	81.290	155	24	141
MW435436.1	k141_58876	6559	81.290	155	24	141
MW435436.1	k141_3064	1077	96.053	76	3	124
MW435436.1	k141_3064	1077	96.053	76	3	124
MW435436.1	k141_8423	5903	91.139	79	7	112
MW435436.1	k141_8423	5903	77.193	57	13	45.5
MW435436.1	k141_23948	8711	71.978	182	47	94.2
MW435436.1	k141_23948	8711	71.978	182	47	94.2
MW435436.1	k141_85860	520	88.406	69	8	89.7
MW435436.1	k141_85803	9141	77.391	115	23	85.1
MW435436.1	k141_85803	9141	77.391	115	23	85.1
MW435436.1	k141_85803	9141	77.027	74	17	58.1
MW435436.1	k141_85803	9141	77.027	74	17	58.1
MW435436.1	k141_39727	2141	86.885	61	8	75.2
MW435436.1	k141_39727	2141	86.885	61	8	75.2
MW435436.1	k141_37572	355	87.931	58	7	74.3
MW435436.1	k141_57004	426	90.476	42	4	59.0
MW435436.1	k141_82640	501	89.189	37	4	50.0
NC_037882.1	k141_7190	82951	85.149	12713	1534	14369
NC_037882.1	k141_7190	82951	82.924	10629	1137	11056
NC_037882.1	k141_7190	82951	88.762	8231	694	10612
NC_037882.1	k141_7190	82951	83.367	7497	830	7909
NC_037882.1	k141_7190	82951	87.839	3618	328	4521
NC_037882.1	k141_7190	82951	82.946	4175	444	4300
NC_037882.1	k141_7190	82951	80.166	4588	676	4045
NC_037882.1	k141_7190	82951	82.803	3396	394	3483
NC_037882.1	k141_7190	82951	78.320	4202	549	3437
NC_037882.1	k141_7190	82951	79.302	2865	374	2466
NC_037882.1	k141_7190	82951	78.945	1933	263	1628
NC_037882.1	k141_7190	82951	88.377	955	71	1223
NC_037882.1	k141_7190	82951	76.044	1461	222	1002
NC_037882.1	k141_7190	82951	78.997	1157	140	999
NC_037882.1	k141_7190	82951	74.901	1518	189	995
NC_037882.1	k141_7190	82951	77.638	1270	157	972
NC_037882.1	k141_7190	82951	81.871	855	97	815
NC_037882.1	k141_7190	82951	71.773	1077	185	540
NC_037882.1	k141_7190	82951	86.170	376	35	451
NC_037882.1	k141_7190	82951	86.170	376	35	451
NC_037882.1	k141_7190	82951	76.800	625	107	445
NC_037882.1	k141_7190	82951	77.403	385	56	281
NC_037882.1	k141_7190	82951	69.651	659	132	263
NC_037882.1	k141_7190	82951	83.983	231	21	251
NC_037882.1	k141_7190	82951	85.446	213	15	246
NC_037882.1	k141_7190	82951	84.236	203	26	210
NC_037882.1	k141_7190	82951	84.967	153	6	179
NC_037882.1	k141_7190	82951	84.967	153	6	179
NC_037882.1	k141_7190	82951	85.161	155	17	168
NC_037882.1	k141_7190	82951	90.598	117	11	162
NC_037882.1	k141_7190	82951	80.814	172	24	161
NC_037882.1	k141_7190	82951	93.137	102	7	153
NC_037882.1	k141_7190	82951	92.381	105	5	143
NC_037882.1	k141_7190	82951	77.844	167	32	117
NC_037882.1	k141_7190	82951	74.545	165	42	109
NC_037882.1	k141_7190	82951	75.000	156	39	106
NC_037882.1	k141_7190	82951	76.190	126	22	86.9
NC_037882.1	k141_7190	82951	97.619	42	1	72.5
NC_037882.1	k141_7190	82951	92.683	41	3	61.7
NC_037882.1	k141_7190	82951	92.683	41	3	61.7
NC_037882.1	k141_7190	82951	85.714	49	7	58.1
NC_037882.1	k141_7190	82951	75.806	62	15	45.5
NC_037882.1	k141_82853	24479	95.263	5658	146	9002
NC_037882.1	k141_82853	24479	95.263	5658	146	9002
NC_037882.1	k141_82853	24479	92.958	5794	279	8654
NC_037882.1	k141_82853	24479	92.958	5794	279	8654
NC_037882.1	k141_82853	24479	94.842	4847	124	7674
NC_037882.1	k141_82853	24479	94.842	4847	124	7674
NC_037882.1	k141_82853	24479	92.738	4007	129	5980
NC_037882.1	k141_82853	24479	92.738	4007	129	5980
NC_037882.1	k141_82853	24479	91.917	1732	90	2516
NC_037882.1	k141_82853	24479	91.917	1732	90	2516
NC_037882.1	k141_82853	24479	94.286	980	45	1517
NC_037882.1	k141_82853	24479	94.286	980	45	1517
NC_037882.1	k141_82853	24479	94.316	563	15	878
NC_037882.1	k141_82853	24479	94.316	563	15	878
NC_037882.1	k141_82853	24479	97.619	42	1	72.5
NC_037882.1	k141_82853	24479	94.872	39	2	62.6
NC_037882.1	k141_55180	18879	83.846	4488	514	4822
NC_037882.1	k141_55180	18879	81.248	3525	496	3387
NC_037882.1	k141_55180	18879	81.371	2480	404	2384
NC_037882.1	k141_55180	18879	82.422	1115	173	1113
NC_037882.1	k141_55180	18879	75.818	703	144	494
NC_037882.1	k141_55180	18879	71.610	708	167	366
NC_037882.1	k141_55180	18879	82.997	347	35	351
NC_037882.1	k141_55180	18879	82.997	347	35	351
NC_037882.1	k141_55180	18879	73.895	475	106	288
NC_037882.1	k141_55180	18879	88.208	212	24	267
NC_037882.1	k141_55180	18879	64.211	1439	351	260
NC_037882.1	k141_55180	18879	91.367	139	12	197
NC_037882.1	k141_55180	18879	91.367	139	12	197
NC_037882.1	k141_55180	18879	77.869	244	36	187
NC_037882.1	k141_55180	18879	97.436	39	1	67.1
NC_037882.1	k141_55180	18879	97.436	39	1	67.1
NC_037882.1	k141_55180	18879	92.857	42	3	63.5
NC_037882.1	k141_38040	12365	75.608	1234	173	845
NC_037882.1	k141_83481	579	78.880	625	71	529
NC_037882.1	k141_83481	579	78.880	625	71	529
NC_037882.1	k141_33338	7060	72.418	881	204	448
NC_037882.1	k141_33338	7060	72.418	881	204	448
NC_037882.1	k141_33338	7060	86.885	61	8	75.2
NC_037882.1	k141_33338	7060	86.885	61	8	75.2
NC_037882.1	k141_38436	3390	90.845	284	26	396
NC_037882.1	k141_79773	18723	74.436	532	125	339
NC_037882.1	k141_79773	18723	74.436	532	125	339
NC_037882.1	k141_79773	18723	74.310	471	91	282
NC_037882.1	k141_79773	18723	74.310	471	91	282
NC_037882.1	k141_11315	6667	86.911	191	25	233
NC_037882.1	k141_11315	6667	94.737	95	5	150
NC_037882.1	k141_56083	5111	78.409	264	55	213
NC_037882.1	k141_56083	5111	78.409	264	55	213
NC_037882.1	k141_67707	9314	65.983	829	235	208
NC_037882.1	k141_67707	9314	98.750	80	1	141
NC_037882.1	k141_9198	4084	87.417	151	19	187
NC_037882.1	k141_9198	4084	81.250	80	15	77.9
NC_037882.1	k141_45245	3835	78.571	210	39	173
NC_037882.1	k141_72908	366	82.000	150	15	151
NC_037882.1	k141_72908	366	82.000	150	15	151
NC_037882.1	k141_58876	6559	81.290	155	24	141
NC_037882.1	k141_58876	6559	81.290	155	24	141
NC_037882.1	k141_2971	3354	96.386	83	3	137
NC_037882.1	k141_2971	3354	96.386	83	3	137
NC_037882.1	k141_3064	1077	93.976	83	4	124
NC_037882.1	k141_3064	1077	93.976	83	4	124
NC_037882.1	k141_8423	5903	89.873	79	8	107
NC_037882.1	k141_8423	5903	77.193	57	13	45.5
NC_037882.1	k141_37572	355	96.552	58	2	96.9
NC_037882.1	k141_23948	8711	71.978	182	47	94.2
NC_037882.1	k141_23948	8711	71.978	182	47	94.2
NC_037882.1	k141_85803	9141	77.391	115	23	85.1
NC_037882.1	k141_85803	9141	77.391	115	23	85.1
NC_037882.1	k141_85803	9141	80.702	57	11	54.5
NC_037882.1	k141_85803	9141	80.702	57	11	54.5
NC_037882.1	k141_39727	2141	86.885	61	8	75.2
NC_037882.1	k141_39727	2141	86.885	61	8	75.2
NC_037882.1	k141_82640	501	86.486	37	5	45.5
NC_056190.1	k141_7190	82951	84.685	12935	1561	14423
NC_056190.1	k141_7190	82951	89.375	9845	759	13009
NC_056190.1	k141_7190	82951	84.169	5704	621	6222
NC_056190.1	k141_7190	82951	84.298	5203	571	5652
NC_056190.1	k141_7190	82951	84.453	4959	580	5446
NC_056190.1	k141_7190	82951	82.261	5237	608	5217
NC_056190.1	k141_7190	82951	81.035	4018	555	3773
NC_056190.1	k141_7190	82951	77.591	4226	509	3396
NC_056190.1	k141_7190	82951	86.054	2144	236	2481
NC_056190.1	k141_7190	82951	84.305	2109	202	2311
NC_056190.1	k141_7190	82951	83.313	1678	218	1762
NC_056190.1	k141_7190	82951	79.116	1968	301	1679
NC_056190.1	k141_7190	82951	90.062	1127	80	1508
NC_056190.1	k141_7190	82951	78.485	1413	188	1179
NC_056190.1	k141_7190	82951	81.440	1153	134	1111
NC_056190.1	k141_7190	82951	78.297	1327	194	1054
NC_056190.1	k141_7190	82951	78.376	1244	171	1052
NC_056190.1	k141_7190	82951	75.356	1404	203	971
NC_056190.1	k141_7190	82951	76.040	1202	168	866
NC_056190.1	k141_7190	82951	71.388	1419	236	675
NC_056190.1	k141_7190	82951	89.665	358	37	480
NC_056190.1	k141_7190	82951	82.834	367	43	370
NC_056190.1	k141_7190	82951	71.736	697	114	341
NC_056190.1	k141_7190	82951	79.205	327	37	289
NC_056190.1	k141_7190	82951	68.925	679	110	275
NC_056190.1	k141_7190	82951	85.022	227	23	253
NC_056190.1	k141_7190	82951	67.576	623	97	214
NC_056190.1	k141_7190	82951	92.143	140	11	204
NC_056190.1	k141_7190	82951	95.536	112	5	180
NC_056190.1	k141_7190	82951	95.536	112	5	180
NC_056190.1	k141_7190	82951	74.436	266	40	168
NC_056190.1	k141_7190	82951	94.444	90	5	141
NC_056190.1	k141_7190	82951	82.677	127	17	131
NC_056190.1	k141_7190	82951	75.152	165	41	113
NC_056190.1	k141_7190	82951	74.359	156	40	102
NC_056190.1	k141_7190	82951	69.565	230	56	77.0
NC_056190.1	k141_7190	82951	92.857	42	3	63.5
NC_056190.1	k141_7190	82951	92.683	41	3	61.7
NC_056190.1	k141_7190	82951	92.683	41	3	61.7
NC_056190.1	k141_7190	82951	75.806	62	15	45.5
NC_056190.1	k141_82853	24479	92.602	6353	212	9391
NC_056190.1	k141_82853	24479	92.602	6353	212	9391
NC_056190.1	k141_82853	24479	94.283	5667	137	8784
NC_056190.1	k141_82853	24479	94.283	5667	137	8784
NC_056190.1	k141_82853	24479	92.636	5785	278	8542
NC_056190.1	k141_82853	24479	92.636	5785	278	8542
NC_056190.1	k141_82853	24479	97.072	2801	69	4658
NC_056190.1	k141_82853	24479	97.072	2801	69	4658
NC_056190.1	k141_82853	24479	93.549	2961	126	4502
NC_056190.1	k141_82853	24479	93.692	2933	120	4479
NC_056190.1	k141_82853	24479	94.912	963	48	1513
NC_056190.1	k141_82853	24479	94.912	963	48	1513
NC_056190.1	k141_82853	24479	97.561	41	1	70.7
NC_056190.1	k141_82853	24479	92.308	39	3	58.1
NC_056190.1	k141_55180	18879	81.967	3061	399	3021
NC_056190.1	k141_55180	18879	78.067	2421	378	1944
NC_056190.1	k141_55180	18879	81.494	1232	185	1193
NC_056190.1	k141_55180	18879	87.225	681	69	830
NC_056190.1	k141_55180	18879	69.027	1892	411	748
NC_056190.1	k141_55180	18879	73.148	756	171	451
NC_056190.1	k141_55180	18879	70.829	881	181	427
NC_056190.1	k141_55180	18879	70.829	881	181	427
NC_056190.1	k141_55180	18879	81.884	276	29	279
NC_056190.1	k141_55180	18879	86.321	212	24	248
NC_056190.1	k141_55180	18879	93.701	127	8	194
NC_056190.1	k141_55180	18879	93.701	127	8	194
NC_056190.1	k141_55180	18879	89.231	130	14	172
NC_056190.1	k141_55180	18879	77.320	194	28	153
NC_056190.1	k141_55180	18879	72.464	207	46	113
NC_056190.1	k141_55180	18879	76.812	138	32	105
NC_056190.1	k141_55180	18879	97.436	39	1	67.1
NC_056190.1	k141_55180	18879	97.436	39	1	67.1
NC_056190.1	k141_55180	18879	90.476	42	4	59.0
NC_056190.1	k141_38040	12365	77.584	977	149	730
NC_056190.1	k141_83481	579	77.619	630	73	495
NC_056190.1	k141_83481	579	77.619	630	73	495
NC_056190.1	k141_33338	7060	72.534	892	206	459
NC_056190.1	k141_33338	7060	72.534	892	206	459
NC_056190.1	k141_33338	7060	86.885	61	8	75.2
NC_056190.1	k141_33338	7060	86.885	61	8	75.2
NC_056190.1	k141_38436	3390	86.972	284	37	346
NC_056190.1	k141_79773	18723	74.436	532	125	339
NC_056190.1	k141_79773	18723	74.436	532	125	339
NC_056190.1	k141_79773	18723	74.310	471	91	282
NC_056190.1	k141_79773	18723	74.310	471	91	282
NC_056190.1	k141_67707	9314	67.138	919	239	272
NC_056190.1	k141_67707	9314	97.531	81	2	138
NC_056190.1	k141_11315	6667	87.065	201	26	246
NC_056190.1	k141_11315	6667	94.382	89	5	139
NC_056190.1	k141_56083	5111	78.030	264	56	208
NC_056190.1	k141_56083	5111	78.030	264	56	208
NC_056190.1	k141_9198	4084	86.429	140	19	168
NC_056190.1	k141_72908	366	81.333	150	16	147
NC_056190.1	k141_72908	366	81.333	150	16	147
NC_056190.1	k141_58876	6559	81.935	155	23	145
NC_056190.1	k141_58876	6559	81.935	155	23	145
NC_056190.1	k141_2971	3354	95.181	83	4	132
NC_056190.1	k141_2971	3354	95.181	83	4	132
NC_056190.1	k141_3064	1077	93.421	76	5	115
NC_056190.1	k141_3064	1077	93.421	76	5	115
NC_056190.1	k141_8423	5903	92.308	78	6	114
NC_056190.1	k141_8423	5903	77.193	57	13	45.5
NC_056190.1	k141_23948	8711	71.429	182	48	89.7
NC_056190.1	k141_23948	8711	71.429	182	48	89.7
NC_056190.1	k141_85803	9141	77.391	115	23	85.1
NC_056190.1	k141_85803	9141	77.391	115	23	85.1
NC_056190.1	k141_85803	9141	80.702	57	11	54.5
NC_056190.1	k141_85803	9141	80.702	57	11	54.5
NC_056190.1	k141_37572	355	91.071	56	5	79.7
NC_056190.1	k141_85860	520	84.058	69	11	76.1
NC_056190.1	k141_39727	2141	86.885	61	8	75.2
NC_056190.1	k141_39727	2141	86.885	61	8	75.2
NC_056190.1	k141_59610	1290	87.500	48	6	60.8
NC_056190.1	k141_59610	1290	87.500	48	6	60.8
NC_056190.1	k141_82640	501	91.667	36	3	52.7
MN564931.1	k141_7190	82951	84.205	12415	1607	13498
MN564931.1	k141_7190	82951	81.575	10616	1322	10276
MN564931.1	k141_7190	82951	87.431	6731	620	8294
MN564931.1	k141_7190	82951	81.002	7385	953	6939
MN564931.1	k141_7190	82951	80.541	4101	615	3729
MN564931.1	k141_7190	82951	90.981	2661	228	3710
MN564931.1	k141_7190	82951	82.767	3238	388	3311
MN564931.1	k141_7190	82951	74.495	3611	522	2324
MN564931.1	k141_7190	82951	85.923	1847	220	2164
MN564931.1	k141_7190	82951	85.158	1900	231	2148
MN564931.1	k141_7190	82951	80.481	2285	280	2085
MN564931.1	k141_7190	82951	78.153	2014	330	1622
MN564931.1	k141_7190	82951	82.098	1430	165	1408
MN564931.1	k141_7190	82951	78.521	1136	167	929
MN564931.1	k141_7190	82951	87.897	661	65	828
MN564931.1	k141_7190	82951	76.139	1207	177	808
MN564931.1	k141_7190	82951	70.596	1459	200	728
MN564931.1	k141_7190	82951	81.856	722	83	679
MN564931.1	k141_7190	82951	76.720	872	115	661
MN564931.1	k141_7190	82951	73.643	1032	174	589
MN564931.1	k141_7190	82951	88.950	362	35	469
MN564931.1	k141_7190	82951	74.923	646	114	407
MN564931.1	k141_7190	82951	72.587	715	121	393
MN564931.1	k141_7190	82951	67.735	998	177	322
MN564931.1	k141_7190	82951	82.061	262	36	262
MN564931.1	k141_7190	82951	78.502	307	58	255
MN564931.1	k141_7190	82951	87.000	200	19	246
MN564931.1	k141_7190	82951	88.947	190	16	244
MN564931.1	k141_7190	82951	78.970	233	24	200
MN564931.1	k141_7190	82951	67.857	588	103	192
MN564931.1	k141_7190	82951	84.431	167	24	182
MN564931.1	k141_7190	82951	97.872	94	2	161
MN564931.1	k141_7190	82951	91.818	110	9	159
MN564931.1	k141_7190	82951	100.000	79	0	143
MN564931.1	k141_7190	82951	69.149	282	75	119
MN564931.1	k141_7190	82951	75.152	165	41	113
MN564931.1	k141_7190	82951	86.598	97	12	113
MN564931.1	k141_7190	82951	69.686	287	44	111
MN564931.1	k141_7190	82951	95.238	42	2	68.0
MN564931.1	k141_7190	82951	95.122	41	2	66.2
MN564931.1	k141_7190	82951	95.122	41	2	66.2
MN564931.1	k141_7190	82951	69.427	157	46	60.8
MN564931.1	k141_7190	82951	82.979	47	8	50.0
MN564931.1	k141_7190	82951	75.806	62	15	45.5
MN564931.1	k141_82853	24479	91.244	6430	279	9143
MN564931.1	k141_82853	24479	91.244	6430	279	9143
MN564931.1	k141_82853	24479	94.305	5672	195	8740
MN564931.1	k141_82853	24479	94.305	5672	195	8740
MN564931.1	k141_82853	24479	86.283	3966	364	4718
MN564931.1	k141_82853	24479	86.283	3966	364	4718
MN564931.1	k141_82853	24479	95.934	2853	93	4589
MN564931.1	k141_82853	24479	95.934	2853	93	4589
MN564931.1	k141_82853	24479	92.181	2238	113	3245
MN564931.1	k141_82853	24479	92.181	2238	113	3245
MN564931.1	k141_82853	24479	85.238	1199	102	1397
MN564931.1	k141_82853	24479	85.238	1199	102	1397
MN564931.1	k141_82853	24479	87.582	612	38	769
MN564931.1	k141_82853	24479	87.582	612	38	769
MN564931.1	k141_82853	24479	85.891	567	62	665
MN564931.1	k141_82853	24479	85.891	567	62	665
MN564931.1	k141_82853	24479	87.552	482	45	604
MN564931.1	k141_82853	24479	87.552	482	45	604
MN564931.1	k141_82853	24479	92.615	325	24	479
MN564931.1	k141_82853	24479	92.615	325	24	479
MN564931.1	k141_82853	24479	100.000	42	0	77.0
MN564931.1	k141_82853	24479	87.097	62	6	69.8
MN564931.1	k141_82853	24479	87.097	62	6	69.8
MN564931.1	k141_82853	24479	91.111	45	4	64.4
MN564931.1	k141_82853	24479	91.111	45	4	64.4
MN564931.1	k141_82853	24479	92.857	42	3	63.5
MN564931.1	k141_55180	18879	80.076	4738	737	4223
MN564931.1	k141_55180	18879	83.155	2713	371	2798
MN564931.1	k141_55180	18879	80.466	2319	398	2131
MN564931.1	k141_55180	18879	84.218	1356	156	1480
MN564931.1	k141_55180	18879	77.721	588	113	469
MN564931.1	k141_55180	18879	77.721	588	113	469
MN564931.1	k141_55180	18879	85.448	268	29	304
MN564931.1	k141_55180	18879	72.857	490	103	303
MN564931.1	k141_55180	18879	72.857	490	103	303
MN564931.1	k141_55180	18879	85.052	194	29	220
MN564931.1	k141_55180	18879	85.052	194	29	220
MN564931.1	k141_55180	18879	94.488	127	7	198
MN564931.1	k141_55180	18879	94.488	127	7	198
MN564931.1	k141_55180	18879	68.514	451	100	185
MN564931.1	k141_55180	18879	68.514	451	100	185
MN564931.1	k141_55180	18879	64.010	803	189	146
MN564931.1	k141_55180	18879	64.010	803	189	146
MN564931.1	k141_55180	18879	80.488	123	18	115
MN564931.1	k141_55180	18879	80.488	123	18	115
MN564931.1	k141_55180	18879	100.000	39	0	71.6
MN564931.1	k141_55180	18879	100.000	39	0	71.6
MN564931.1	k141_55180	18879	88.679	53	6	69.8
MN564931.1	k141_55180	18879	92.857	42	3	63.5
MN564931.1	k141_83481	579	78.947	627	69	526
MN564931.1	k141_83481	579	78.947	627	69	526
MN564931.1	k141_33338	7060	72.634	877	209	456
MN564931.1	k141_33338	7060	72.634	877	209	456
MN564931.1	k141_33338	7060	86.885	61	8	75.2
MN564931.1	k141_33338	7060	86.885	61	8	75.2
MN564931.1	k141_38040	12365	73.609	701	110	435
MN564931.1	k141_38040	12365	80.769	182	24	172
MN564931.1	k141_79773	18723	73.872	532	128	325
MN564931.1	k141_79773	18723	73.872	532	128	325
MN564931.1	k141_79773	18723	74.946	467	95	281
MN564931.1	k141_79773	18723	74.946	467	95	281
MN564931.1	k141_38436	3390	85.211	284	42	324
MN564931.1	k141_38436	3390	83.582	134	20	141
MN564931.1	k141_67707	9314	67.491	849	231	274
MN564931.1	k141_67707	9314	97.500	80	2	136
MN564931.1	k141_56083	5111	79.167	264	53	222
MN564931.1	k141_56083	5111	79.167	264	53	222
MN564931.1	k141_11315	6667	85.561	187	27	216
MN564931.1	k141_11315	6667	82.065	184	24	174
MN564931.1	k141_72908	366	81.333	150	16	147
MN564931.1	k141_72908	366	81.333	150	16	147
MN564931.1	k141_2971	3354	97.647	85	2	145
MN564931.1	k141_2971	3354	97.647	85	2	145
MN564931.1	k141_9198	4084	82.857	140	24	145
MN564931.1	k141_9198	4084	78.750	80	17	68.9
MN564931.1	k141_58876	6559	81.290	155	24	141
MN564931.1	k141_58876	6559	81.290	155	24	141
MN564931.1	k141_3064	1077	94.118	85	4	128
MN564931.1	k141_3064	1077	94.118	85	4	128
MN564931.1	k141_8423	5903	93.151	73	5	110
MN564931.1	k141_8423	5903	77.193	57	13	45.5
MN564931.1	k141_23948	8711	71.978	182	47	94.2
MN564931.1	k141_23948	8711	71.978	182	47	94.2
MN564931.1	k141_85803	9141	77.391	115	23	85.1
MN564931.1	k141_85803	9141	77.391	115	23	85.1
MN564931.1	k141_85803	9141	80.702	57	11	54.5
MN564931.1	k141_85803	9141	80.702	57	11	54.5
MN564931.1	k141_85860	520	84.058	69	11	76.1
MN564931.1	k141_39727	2141	86.885	61	8	75.2
MN564931.1	k141_39727	2141	86.885	61	8	75.2
MN564931.1	k141_37572	355	90.566	53	5	74.3
MN564931.1	k141_82640	501	89.189	37	4	50.0
NC_031651.1	k141_82853	24479	91.259	9576	448	13572
NC_031651.1	k141_82853	24479	91.259	9576	448	13572
NC_031651.1	k141_82853	24479	94.394	5476	169	8522
NC_031651.1	k141_82853	24479	94.394	5476	169	8522
NC_031651.1	k141_82853	24479	91.382	5790	380	8214
NC_031651.1	k141_82853	24479	91.382	5790	380	8214
NC_031651.1	k141_82853	24479	90.168	2980	196	4087
NC_031651.1	k141_82853	24479	91.726	2828	182	4070
NC_031651.1	k141_82853	24479	88.577	534	58	687
NC_031651.1	k141_82853	24479	84.252	381	41	412
NC_031651.1	k141_82853	24479	84.252	381	41	412
NC_031651.1	k141_82853	24479	82.609	115	10	123
NC_031651.1	k141_82853	24479	82.609	115	10	123
NC_031651.1	k141_82853	24479	87.931	58	7	74.3
NC_031651.1	k141_82853	24479	97.619	42	1	72.5
NC_031651.1	k141_82853	24479	97.619	42	1	72.5
NC_031651.1	k141_82853	24479	97.619	42	1	72.5
NC_031651.1	k141_7190	82951	83.423	12457	1724	13192
NC_031651.1	k141_7190	82951	79.616	11038	1543	9751
NC_031651.1	k141_7190	82951	88.904	5876	532	7635
NC_031651.1	k141_7190	82951	83.452	4490	593	4712
NC_031651.1	k141_7190	82951	85.210	3624	374	4112
NC_031651.1	k141_7190	82951	78.765	4097	605	3413
NC_031651.1	k141_7190	82951	84.724	2985	367	3273
NC_031651.1	k141_7190	82951	81.565	2262	295	2143
NC_031651.1	k141_7190	82951	84.945	1893	217	2137
NC_031651.1	k141_7190	82951	82.284	2049	306	2043
NC_031651.1	k141_7190	82951	79.011	1658	276	1419
NC_031651.1	k141_7190	82951	88.921	1038	78	1361
NC_031651.1	k141_7190	82951	74.116	2206	341	1328
NC_031651.1	k141_7190	82951	85.226	995	118	1109
NC_031651.1	k141_7190	82951	75.629	1551	275	1060
NC_031651.1	k141_7190	82951	74.497	1592	261	1050
NC_031651.1	k141_7190	82951	81.481	999	140	919
NC_031651.1	k141_7190	82951	73.476	1493	235	873
NC_031651.1	k141_7190	82951	85.196	716	97	800
NC_031651.1	k141_7190	82951	75.081	1228	175	796
NC_031651.1	k141_7190	82951	74.979	1199	168	790
NC_031651.1	k141_7190	82951	74.669	1208	176	759
NC_031651.1	k141_7190	82951	80.464	732	86	655
NC_031651.1	k141_7190	82951	75.321	936	172	588
NC_031651.1	k141_7190	82951	87.576	330	41	411
NC_031651.1	k141_7190	82951	73.548	620	95	374
NC_031651.1	k141_7190	82951	87.129	303	36	370
NC_031651.1	k141_7190	82951	76.333	469	76	337
NC_031651.1	k141_7190	82951	68.915	682	118	265
NC_031651.1	k141_7190	82951	81.423	253	34	243
NC_031651.1	k141_7190	82951	88.514	148	17	191
NC_031651.1	k141_7190	82951	93.636	110	7	168
NC_031651.1	k141_7190	82951	75.527	237	34	157
NC_031651.1	k141_7190	82951	95.349	86	4	138
NC_031651.1	k141_7190	82951	66.841	383	115	121
NC_031651.1	k141_7190	82951	75.758	165	40	118
NC_031651.1	k141_7190	82951	89.655	87	9	117
NC_031651.1	k141_7190	82951	93.939	66	4	102
NC_031651.1	k141_7190	82951	72.973	185	40	91.5
NC_031651.1	k141_7190	82951	76.154	130	28	89.7
NC_031651.1	k141_7190	82951	95.122	41	2	66.2
NC_031651.1	k141_7190	82951	95.122	41	2	66.2
NC_031651.1	k141_7190	82951	75.806	62	15	45.5
NC_031651.1	k141_7190	82951	83.333	42	7	45.5
NC_031651.1	k141_55180	18879	79.250	4718	729	4037
NC_031651.1	k141_55180	18879	82.649	2801	352	2860
NC_031651.1	k141_55180	18879	80.234	2226	404	2028
NC_031651.1	k141_55180	18879	86.947	1310	144	1572
NC_031651.1	k141_55180	18879	71.784	684	162	347
NC_031651.1	k141_55180	18879	69.355	744	163	310
NC_031651.1	k141_55180	18879	66.347	1147	282	301
NC_031651.1	k141_55180	18879	73.318	431	108	252
NC_031651.1	k141_55180	18879	76.488	336	53	247
NC_031651.1	k141_55180	18879	82.700	237	36	243
NC_031651.1	k141_55180	18879	88.095	126	15	160
NC_031651.1	k141_55180	18879	100.000	39	0	71.6
NC_031651.1	k141_55180	18879	100.000	39	0	71.6
NC_031651.1	k141_55180	18879	100.000	39	0	71.6
NC_031651.1	k141_38040	12365	72.488	1254	187	673
NC_031651.1	k141_83481	579	78.720	625	72	525
NC_031651.1	k141_83481	579	78.720	625	72	525
NC_031651.1	k141_33338	7060	72.955	880	201	467
NC_031651.1	k141_33338	7060	72.955	880	201	467
NC_031651.1	k141_33338	7060	86.885	61	8	75.2
NC_031651.1	k141_33338	7060	86.885	61	8	75.2
NC_031651.1	k141_79773	18723	74.248	532	126	334
NC_031651.1	k141_79773	18723	74.248	532	126	334
NC_031651.1	k141_79773	18723	74.090	467	99	281
NC_031651.1	k141_79773	18723	74.090	467	99	281
NC_031651.1	k141_38436	3390	84.507	284	44	315
NC_031651.1	k141_67707	9314	66.125	862	245	218
NC_031651.1	k141_67707	9314	100.000	55	0	100
NC_031651.1	k141_56083	5111	78.409	264	55	213
NC_031651.1	k141_56083	5111	78.409	264	55	213
NC_031651.1	k141_11315	6667	83.243	185	31	195
NC_031651.1	k141_11315	6667	94.681	94	5	148
NC_031651.1	k141_11315	6667	90.244	41	4	57.2
NC_031651.1	k141_9198	4084	85.294	136	20	156
NC_031651.1	k141_9198	4084	74.400	125	30	75.2
NC_031651.1	k141_72908	366	81.208	149	16	145
NC_031651.1	k141_72908	366	81.208	149	16	145
NC_031651.1	k141_58876	6559	81.290	155	24	141
NC_031651.1	k141_58876	6559	81.290	155	24	141
NC_031651.1	k141_2971	3354	95.181	83	4	132
NC_031651.1	k141_2971	3354	95.181	83	4	132
NC_031651.1	k141_3064	1077	93.421	76	5	115
NC_031651.1	k141_3064	1077	93.421	76	5	115
NC_031651.1	k141_8423	5903	89.610	77	8	104
NC_031651.1	k141_8423	5903	77.193	57	13	45.5
NC_031651.1	k141_23948	8711	72.527	182	46	98.7
NC_031651.1	k141_23948	8711	72.527	182	46	98.7
NC_031651.1	k141_85803	9141	77.391	115	23	85.1
NC_031651.1	k141_85803	9141	77.391	115	23	85.1
NC_031651.1	k141_85803	9141	80.702	57	11	54.5
NC_031651.1	k141_85803	9141	80.702	57	11	54.5
NC_031651.1	k141_39727	2141	86.885	61	8	75.2
NC_031651.1	k141_39727	2141	86.885	61	8	75.2
NC_031651.1	k141_37572	355	86.792	53	7	65.3
NC_031651.1	k141_82640	501	91.892	37	3	54.5
NC_031651.1	k141_17210	3667	83.721	43	7	47.3
MW366789.1	k141_82853	24479	90.038	5290	345	7112
MW366789.1	k141_82853	24479	90.038	5290	345	7112
MW366789.1	k141_82853	24479	88.578	4579	374	5900
MW366789.1	k141_82853	24479	88.578	4579	374	5900
MW366789.1	k141_82853	24479	91.811	1795	99	2573
MW366789.1	k141_82853	24479	91.811	1795	99	2573
MW366789.1	k141_82853	24479	89.178	1728	145	2271
MW366789.1	k141_82853	24479	89.290	1718	145	2269
MW366789.1	k141_82853	24479	84.152	631	56	687
MW366789.1	k141_82853	24479	84.152	631	56	687
MW366789.1	k141_82853	24479	86.433	457	41	546
MW366789.1	k141_82853	24479	86.433	457	41	546
MW366789.1	k141_82853	24479	86.433	457	41	546
MW366789.1	k141_82853	24479	79.464	336	45	295
MW366789.1	k141_82853	24479	79.464	336	45	295
MW366789.1	k141_82853	24479	77.170	311	46	233
MW366789.1	k141_82853	24479	96.350	137	5	225
MW366789.1	k141_82853	24479	96.350	137	5	225
MW366789.1	k141_82853	24479	88.372	172	20	221
MW366789.1	k141_82853	24479	88.372	172	20	221
MW366789.1	k141_82853	24479	90.278	144	14	197
MW366789.1	k141_82853	24479	90.278	144	14	197
MW366789.1	k141_82853	24479	84.091	176	26	185
MW366789.1	k141_82853	24479	84.091	176	26	185
MW366789.1	k141_82853	24479	81.646	158	15	154
MW366789.1	k141_82853	24479	81.646	158	15	154
MW366789.1	k141_82853	24479	88.793	116	13	153
MW366789.1	k141_82853	24479	88.793	116	13	151
MW366789.1	k141_82853	24479	95.652	92	4	149
MW366789.1	k141_82853	24479	95.652	92	4	149
MW366789.1	k141_82853	24479	84.810	79	7	89.7
MW366789.1	k141_82853	24479	84.810	79	7	89.7
MW366789.1	k141_82853	24479	97.619	42	1	72.5
MW366789.1	k141_82853	24479	97.619	42	1	72.5
MW366789.1	k141_82853	24479	91.837	49	4	71.6
MW366789.1	k141_82853	24479	91.837	49	4	71.6
MW366789.1	k141_82853	24479	91.837	49	4	71.6
MW366789.1	k141_82853	24479	94.737	38	2	60.8
MW366789.1	k141_7190	82951	78.964	8205	1446	6908
MW366789.1	k141_7190	82951	88.714	5219	548	6717
MW366789.1	k141_7190	82951	88.714	5219	548	6717
MW366789.1	k141_7190	82951	79.561	4643	701	4035
MW366789.1	k141_7190	82951	89.786	2614	249	3505
MW366789.1	k141_7190	82951	74.699	4075	760	2594
MW366789.1	k141_7190	82951	79.852	2561	434	2250
MW366789.1	k141_7190	82951	85.086	1864	277	2105
MW366789.1	k141_7190	82951	85.506	1780	229	2024
MW366789.1	k141_7190	82951	81.391	1725	277	1663
MW366789.1	k141_7190	82951	77.937	1949	390	1523
MW366789.1	k141_7190	82951	77.170	1682	274	1240
MW366789.1	k141_7190	82951	76.442	1647	308	1208
MW366789.1	k141_7190	82951	82.983	1093	141	1124
MW366789.1	k141_7190	82951	85.764	857	112	987
MW366789.1	k141_7190	82951	79.092	1057	178	877
MW366789.1	k141_7190	82951	77.159	1042	221	791
MW366789.1	k141_7190	82951	75.820	976	174	640
MW366789.1	k141_7190	82951	76.166	793	159	588
MW366789.1	k141_7190	82951	79.336	663	126	575
MW366789.1	k141_7190	82951	72.680	959	144	525
MW366789.1	k141_7190	82951	69.504	1128	253	467
MW366789.1	k141_7190	82951	84.375	416	57	452
MW366789.1	k141_7190	82951	71.833	884	135	449
MW366789.1	k141_7190	82951	74.884	649	151	416
MW366789.1	k141_7190	82951	71.606	803	174	416
MW366789.1	k141_7190	82951	75.311	644	117	407
MW366789.1	k141_7190	82951	73.422	602	140	347
MW366789.1	k141_7190	82951	76.395	466	110	345
MW366789.1	k141_7190	82951	73.466	554	104	317
MW366789.1	k141_7190	82951	81.761	318	47	305
MW366789.1	k141_7190	82951	75.728	412	71	292
MW366789.1	k141_7190	82951	75.728	412	71	292
MW366789.1	k141_7190	82951	71.956	542	99	273
MW366789.1	k141_7190	82951	69.231	676	134	263
MW366789.1	k141_7190	82951	75.182	411	73	259
MW366789.1	k141_7190	82951	81.181	271	40	247
MW366789.1	k141_7190	82951	83.691	233	36	247
MW366789.1	k141_7190	82951	75.610	369	70	224
MW366789.1	k141_7190	82951	87.356	174	22	215
MW366789.1	k141_7190	82951	65.836	843	201	206
MW366789.1	k141_7190	82951	73.243	370	64	199
MW366789.1	k141_7190	82951	90.000	140	13	187
MW366789.1	k141_7190	82951	82.162	185	32	182
MW366789.1	k141_7190	82951	77.686	242	44	180
MW366789.1	k141_7190	82951	76.860	242	46	171
MW366789.1	k141_7190	82951	84.967	153	16	166
MW366789.1	k141_7190	82951	94.792	96	5	151
MW366789.1	k141_7190	82951	100.000	79	0	143
MW366789.1	k141_7190	82951	100.000	79	0	143
MW366789.1	k141_7190	82951	82.069	145	25	141
MW366789.1	k141_7190	82951	91.753	97	8	140
MW366789.1	k141_7190	82951	78.333	180	21	139
MW366789.1	k141_7190	82951	72.845	232	42	132
MW366789.1	k141_7190	82951	75.758	165	40	118
MW366789.1	k141_7190	82951	75.758	165	40	118
MW366789.1	k141_7190	82951	82.456	114	20	116
MW366789.1	k141_7190	82951	64.666	583	191	114
MW366789.1	k141_7190	82951	64.666	583	191	114
MW366789.1	k141_7190	82951	92.208	77	6	113
MW366789.1	k141_7190	82951	70.259	232	37	110
MW366789.1	k141_7190	82951	84.158	101	13	109
MW366789.1	k141_7190	82951	88.095	84	10	107
MW366789.1	k141_7190	82951	86.170	94	9	106
MW366789.1	k141_7190	82951	90.411	73	6	97.8
MW366789.1	k141_7190	82951	75.735	136	27	94.2
MW366789.1	k141_7190	82951	76.190	126	30	93.3
MW366789.1	k141_7190	82951	76.190	126	30	93.3
MW366789.1	k141_7190	82951	87.671	73	9	92.4
MW366789.1	k141_7190	82951	83.133	83	12	80.6
MW366789.1	k141_7190	82951	73.684	133	29	79.7
MW366789.1	k141_7190	82951	87.273	55	7	68.9
MW366789.1	k141_7190	82951	83.871	62	10	68.0
MW366789.1	k141_7190	82951	83.871	62	10	68.0
MW366789.1	k141_7190	82951	79.104	67	14	59.0
MW366789.1	k141_7190	82951	79.104	67	14	59.0
MW366789.1	k141_7190	82951	75.676	74	17	50.0
MW366789.1	k141_7190	82951	69.608	102	31	45.5
MW366789.1	k141_7190	82951	69.608	102	31	45.5
MW366789.1	k141_55180	18879	80.518	4399	634	4046
MW366789.1	k141_55180	18879	80.518	4399	634	4046
MW366789.1	k141_55180	18879	79.496	1985	373	1731
MW366789.1	k141_55180	18879	76.155	2294	489	1634
MW366789.1	k141_55180	18879	73.249	1185	245	719
MW366789.1	k141_55180	18879	81.557	591	107	572
MW366789.1	k141_55180	18879	81.557	591	107	572
MW366789.1	k141_55180	18879	80.000	320	64	289
MW366789.1	k141_55180	18879	78.261	138	24	111
MW366789.1	k141_55180	18879	97.436	39	1	67.1
MW366789.1	k141_55180	18879	97.436	39	1	67.1
MW366789.1	k141_55180	18879	92.683	41	3	61.7
MW366789.1	k141_83481	579	76.320	625	88	456
MW366789.1	k141_83481	579	76.320	625	88	456
MW366789.1	k141_33338	7060	72.116	893	200	438
MW366789.1	k141_33338	7060	72.116	893	200	438
MW366789.1	k141_33338	7060	90.164	61	6	84.2
MW366789.1	k141_33338	7060	90.164	61	6	84.2
MW366789.1	k141_33338	7060	88.525	61	7	79.7
MW366789.1	k141_33338	7060	88.525	61	7	79.7
MW366789.1	k141_38040	12365	70.748	882	151	412
MW366789.1	k141_79773	18723	73.872	532	128	325
MW366789.1	k141_79773	18723	73.872	532	128	325
MW366789.1	k141_79773	18723	75.375	467	95	293
MW366789.1	k141_79773	18723	75.375	467	95	293
MW366789.1	k141_67707	9314	67.483	735	194	235
MW366789.1	k141_67707	9314	97.561	82	2	140
MW366789.1	k141_67707	9314	97.561	82	2	140
MW366789.1	k141_38436	3390	74.583	240	59	151
MW366789.1	k141_11315	6667	77.273	176	40	138
MW366789.1	k141_11315	6667	96.296	81	3	133
MW366789.1	k141_11315	6667	87.805	41	5	52.7
MW366789.1	k141_9198	4084	77.703	148	33	119
MW366789.1	k141_9198	4084	76.404	89	21	67.1
MW366789.1	k141_2971	3354	94.667	75	4	118
MW366789.1	k141_2971	3354	94.667	75	4	118
MW366789.1	k141_8423	5903	89.744	78	7	102
MW366789.1	k141_8423	5903	75.758	66	16	48.2
MW366789.1	k141_3064	1077	91.549	71	6	102
MW366789.1	k141_3064	1077	91.549	71	6	102
MW366789.1	k141_39727	2141	90.164	61	6	84.2
MW366789.1	k141_39727	2141	90.164	61	6	84.2
MW366789.1	k141_39727	2141	88.525	61	7	79.7
MW366789.1	k141_39727	2141	88.525	61	7	79.7
MW366789.1	k141_85803	9141	76.522	115	24	80.6
MW366789.1	k141_85803	9141	76.522	115	24	80.6
MW366789.1	k141_85803	9141	82.812	64	11	67.1
MW366789.1	k141_85803	9141	82.812	64	11	67.1
MW366789.1	k141_85803	9141	73.626	91	24	57.2
MW366789.1	k141_85803	9141	73.626	91	24	57.2
MW366789.1	k141_71925	1808	85.455	55	8	64.4
MW366789.1	k141_56083	5111	84.783	46	7	52.7
MW366789.1	k141_56083	5111	84.783	46	7	52.7
MW366789.1	k141_82640	501	83.784	37	6	41.0
MW366789.1	k141_82640	501	83.784	37	6	41.0
KT899950.1	k141_82853	24479	91.721	9579	443	13736
KT899950.1	k141_82853	24479	91.721	9579	443	13736
KT899950.1	k141_82853	24479	93.959	5661	190	8674
KT899950.1	k141_82853	24479	93.959	5661	190	8674
KT899950.1	k141_82853	24479	91.104	5789	391	8145
KT899950.1	k141_82853	24479	91.104	5789	391	8145
KT899950.1	k141_82853	24479	89.205	2983	205	3984
KT899950.1	k141_82853	24479	89.990	2867	196	3923
KT899950.1	k141_82853	24479	92.620	962	59	1417
KT899950.1	k141_82853	24479	92.620	962	59	1417
KT899950.1	k141_82853	24479	94.872	39	2	62.6
KT899950.1	k141_7190	82951	83.371	12454	1707	13091
KT899950.1	k141_7190	82951	79.507	10223	1388	8826
KT899950.1	k141_7190	82951	88.848	5918	521	7647
KT899950.1	k141_7190	82951	84.579	4267	518	4707
KT899950.1	k141_7190	82951	85.929	3525	347	4098
KT899950.1	k141_7190	82951	81.406	3856	580	3697
KT899950.1	k141_7190	82951	81.444	3616	476	3433
KT899950.1	k141_7190	82951	80.920	3239	486	3053
KT899950.1	k141_7190	82951	81.589	2178	332	2088
KT899950.1	k141_7190	82951	80.540	2261	288	2074
KT899950.1	k141_7190	82951	84.857	1849	236	2072
KT899950.1	k141_7190	82951	75.907	1984	324	1405
KT899950.1	k141_7190	82951	88.610	1036	78	1333
KT899950.1	k141_7190	82951	82.688	1265	179	1290
KT899950.1	k141_7190	82951	74.062	1600	270	1002
KT899950.1	k141_7190	82951	77.816	1154	159	871
KT899950.1	k141_7190	82951	80.493	974	129	866
KT899950.1	k141_7190	82951	84.605	734	107	811
KT899950.1	k141_7190	82951	74.631	1218	181	784
KT899950.1	k141_7190	82951	83.681	576	66	596
KT899950.1	k141_7190	82951	74.738	764	116	488
KT899950.1	k141_7190	82951	74.235	784	124	484
KT899950.1	k141_7190	82951	75.513	633	94	417
KT899950.1	k141_7190	82951	87.419	310	35	379
KT899950.1	k141_7190	82951	75.085	586	105	360
KT899950.1	k141_7190	82951	75.703	498	77	339
KT899950.1	k141_7190	82951	77.225	382	53	292
KT899950.1	k141_7190	82951	80.756	291	51	273
KT899950.1	k141_7190	82951	81.784	269	38	257
KT899950.1	k141_7190	82951	86.893	206	22	246
KT899950.1	k141_7190	82951	74.006	327	42	196
KT899950.1	k141_7190	82951	77.824	239	37	189
KT899950.1	k141_7190	82951	96.809	94	3	157
KT899950.1	k141_7190	82951	90.385	104	10	143
KT899950.1	k141_7190	82951	98.795	83	0	142
KT899950.1	k141_7190	82951	74.786	234	36	141
KT899950.1	k141_7190	82951	80.405	148	17	139
KT899950.1	k141_7190	82951	77.576	165	37	132
KT899950.1	k141_7190	82951	78.472	144	27	115
KT899950.1	k141_7190	82951	71.707	205	46	111
KT899950.1	k141_7190	82951	89.474	57	6	77.0
KT899950.1	k141_7190	82951	95.122	41	2	66.2
KT899950.1	k141_7190	82951	95.122	41	2	66.2
KT899950.1	k141_7190	82951	70.253	158	32	60.8
KT899950.1	k141_7190	82951	75.806	62	15	45.5
KT899950.1	k141_55180	18879	83.826	2739	372	2876
KT899950.1	k141_55180	18879	84.087	1967	291	2125
KT899950.1	k141_55180	18879	80.000	2345	414	2106
KT899950.1	k141_55180	18879	84.763	1247	163	1390
KT899950.1	k141_55180	18879	80.070	1149	182	1033
KT899950.1	k141_55180	18879	78.840	1172	214	968
KT899950.1	k141_55180	18879	74.245	695	164	438
KT899950.1	k141_55180	18879	68.729	873	200	324
KT899950.1	k141_55180	18879	80.466	343	48	312
KT899950.1	k141_55180	18879	80.466	343	48	312
KT899950.1	k141_55180	18879	68.627	765	169	286
KT899950.1	k141_55180	18879	71.875	448	102	231
KT899950.1	k141_55180	18879	92.969	128	9	191
KT899950.1	k141_55180	18879	92.969	128	9	191
KT899950.1	k141_55180	18879	69.004	271	68	107
KT899950.1	k141_55180	18879	100.000	39	0	71.6
KT899950.1	k141_55180	18879	100.000	39	0	71.6
KT899950.1	k141_55180	18879	92.857	42	3	63.5
KT899950.1	k141_38040	12365	75.521	1152	155	773
KT899950.1	k141_83481	579	78.080	625	77	506
KT899950.1	k141_83481	579	78.080	625	77	506
KT899950.1	k141_33338	7060	72.985	881	199	471
KT899950.1	k141_33338	7060	72.985	881	199	471
KT899950.1	k141_33338	7060	86.885	61	8	75.2
KT899950.1	k141_33338	7060	86.885	61	8	75.2
KT899950.1	k141_79773	18723	74.248	532	126	334
KT899950.1	k141_79773	18723	74.248	532	126	334
KT899950.1	k141_79773	18723	74.522	471	90	287
KT899950.1	k141_79773	18723	74.522	471	90	287
KT899950.1	k141_38436	3390	86.121	281	39	332
KT899950.1	k141_56083	5111	78.409	264	55	213
KT899950.1	k141_56083	5111	78.409	264	55	213
KT899950.1	k141_67707	9314	65.610	852	242	199
KT899950.1	k141_67707	9314	97.436	78	2	132
KT899950.1	k141_45245	3835	80.476	210	35	191
KT899950.1	k141_9198	4084	88.571	140	16	181
KT899950.1	k141_9198	4084	80.000	80	16	73.4
KT899950.1	k141_11315	6667	82.123	179	32	179
KT899950.1	k141_11315	6667	72.941	340	54	170
KT899950.1	k141_11315	6667	80.791	177	20	152
KT899950.1	k141_72908	366	84.000	150	12	165
KT899950.1	k141_72908	366	84.000	150	12	165
KT899950.1	k141_2971	3354	96.471	85	3	141
KT899950.1	k141_2971	3354	96.471	85	3	141
KT899950.1	k141_3064	1077	92.941	85	5	123
KT899950.1	k141_3064	1077	92.941	85	5	123
KT899950.1	k141_8423	5903	92.208	77	6	113
KT899950.1	k141_8423	5903	77.193	57	13	45.5
KT899950.1	k141_23948	8711	71.978	182	47	94.2
KT899950.1	k141_23948	8711	71.978	182	47	94.2
KT899950.1	k141_85803	9141	77.391	115	23	85.1
KT899950.1	k141_85803	9141	77.391	115	23	85.1
KT899950.1	k141_85803	9141	82.812	64	11	67.1
KT899950.1	k141_85803	9141	82.812	64	11	67.1
KT899950.1	k141_85803	9141	80.702	57	11	54.5
KT899950.1	k141_85803	9141	80.702	57	11	54.5
KT899950.1	k141_39727	2141	86.885	61	8	75.2
KT899950.1	k141_39727	2141	86.885	61	8	75.2
KT899950.1	k141_85860	520	82.353	68	12	69.8
KT899950.1	k141_37572	355	84.906	53	8	60.8
KT899950.1	k141_82640	501	86.486	37	5	45.5
KT899950.1	k141_79571	765	80.488	41	8	39.2
GU191334.1	k141_82853	24479	90.504	3391	246	4643
GU191334.1	k141_82853	24479	90.504	3391	246	4643
GU191334.1	k141_82853	24479	86.950	2636	235	3153
GU191334.1	k141_82853	24479	86.950	2636	235	3153
GU191334.1	k141_82853	24479	78.514	996	155	813
GU191334.1	k141_82853	24479	78.514	996	155	813
GU191334.1	k141_82853	24479	76.084	669	152	471
GU191334.1	k141_82853	24479	75.566	442	108	311
GU191334.1	k141_82853	24479	72.519	524	144	297
GU191334.1	k141_82853	24479	71.815	518	142	276
GU191334.1	k141_82853	24479	76.948	308	71	236
GU191334.1	k141_82853	24479	89.103	156	16	202
GU191334.1	k141_82853	24479	89.103	156	16	202
GU191334.1	k141_82853	24479	69.296	355	104	136
GU191334.1	k141_82853	24479	94.937	79	4	125
GU191334.1	k141_82853	24479	94.937	79	4	125
GU191334.1	k141_82853	24479	89.286	84	9	112
GU191334.1	k141_82853	24479	92.000	75	6	109
GU191334.1	k141_82853	24479	92.000	75	6	109
GU191334.1	k141_82853	24479	89.474	76	8	102
GU191334.1	k141_82853	24479	87.500	40	5	50.9
GU191334.1	k141_7190	82951	82.048	4540	813	4507
GU191334.1	k141_7190	82951	83.702	2442	398	2610
GU191334.1	k141_7190	82951	84.017	1439	230	1559
GU191334.1	k141_7190	82951	69.592	3680	1028	1480
GU191334.1	k141_7190	82951	80.468	1582	307	1458
GU191334.1	k141_7190	82951	82.763	1433	181	1427
GU191334.1	k141_7190	82951	77.560	1787	382	1383
GU191334.1	k141_7190	82951	72.805	2335	533	1342
GU191334.1	k141_7190	82951	84.017	707	103	762
GU191334.1	k141_7190	82951	76.742	890	203	658
GU191334.1	k141_7190	82951	75.794	913	186	637
GU191334.1	k141_7190	82951	72.926	1097	285	624
GU191334.1	k141_7190	82951	70.458	1310	356	597
GU191334.1	k141_7190	82951	82.648	559	90	560
GU191334.1	k141_7190	82951	76.868	696	148	519
GU191334.1	k141_7190	82951	80.295	543	105	495
GU191334.1	k141_7190	82951	74.207	694	175	440
GU191334.1	k141_7190	82951	68.389	1161	292	422
GU191334.1	k141_7190	82951	75.447	615	115	412
GU191334.1	k141_7190	82951	79.070	473	95	402
GU191334.1	k141_7190	82951	70.741	769	218	361
GU191334.1	k141_7190	82951	77.346	437	95	337
GU191334.1	k141_7190	82951	78.747	367	78	311
GU191334.1	k141_7190	82951	83.658	257	42	275
GU191334.1	k141_7190	82951	69.219	666	195	251
GU191334.1	k141_7190	82951	66.501	1006	264	249
GU191334.1	k141_7190	82951	72.512	422	116	239
GU191334.1	k141_7190	82951	78.495	279	60	233
GU191334.1	k141_7190	82951	76.080	301	72	219
GU191334.1	k141_7190	82951	67.547	644	207	213
GU191334.1	k141_7190	82951	70.320	438	97	207
GU191334.1	k141_7190	82951	68.694	444	104	188
GU191334.1	k141_7190	82951	78.469	209	45	175
GU191334.1	k141_7190	82951	77.778	216	45	163
GU191334.1	k141_7190	82951	78.010	191	42	156
GU191334.1	k141_7190	82951	75.229	218	54	150
GU191334.1	k141_7190	82951	82.353	136	24	138
GU191334.1	k141_7190	82951	67.824	432	104	135
GU191334.1	k141_7190	82951	80.000	145	16	134
GU191334.1	k141_7190	82951	69.463	298	91	128
GU191334.1	k141_7190	82951	92.222	90	6	128
GU191334.1	k141_7190	82951	82.114	123	22	123
GU191334.1	k141_7190	82951	97.260	73	2	123
GU191334.1	k141_7190	82951	93.671	79	5	121
GU191334.1	k141_7190	82951	90.698	86	8	120
GU191334.1	k141_7190	82951	75.758	165	40	118
GU191334.1	k141_7190	82951	79.545	132	27	117
GU191334.1	k141_7190	82951	88.889	90	8	115
GU191334.1	k141_7190	82951	89.412	85	7	111
GU191334.1	k141_7190	82951	92.105	76	6	111
GU191334.1	k141_7190	82951	88.636	88	9	111
GU191334.1	k141_7190	82951	89.157	83	9	110
GU191334.1	k141_7190	82951	91.892	74	6	107
GU191334.1	k141_7190	82951	67.785	298	94	103
GU191334.1	k141_7190	82951	88.312	77	9	99.6
GU191334.1	k141_7190	82951	76.316	152	22	98.7
GU191334.1	k141_7190	82951	75.352	142	32	97.8
GU191334.1	k141_7190	82951	77.500	120	19	85.1
GU191334.1	k141_7190	82951	75.806	124	27	83.3
GU191334.1	k141_7190	82951	83.784	74	12	80.6
GU191334.1	k141_7190	82951	84.507	71	11	79.7
GU191334.1	k141_7190	82951	78.409	88	19	74.3
GU191334.1	k141_7190	82951	77.108	83	19	65.3
GU191334.1	k141_7190	82951	97.368	38	1	65.3
GU191334.1	k141_7190	82951	85.417	48	6	52.7
GU191334.1	k141_55180	18879	77.051	1743	390	1314
GU191334.1	k141_55180	18879	70.913	1829	487	878
GU191334.1	k141_55180	18879	74.958	1178	231	754
GU191334.1	k141_55180	18879	71.449	1401	380	697
GU191334.1	k141_55180	18879	68.020	813	219	278
GU191334.1	k141_55180	18879	73.574	333	84	204
GU191334.1	k141_55180	18879	91.358	81	7	115
GU191334.1	k141_55180	18879	70.124	241	68	105
GU191334.1	k141_55180	18879	77.570	107	24	86.0
GU191334.1	k141_55180	18879	73.636	110	29	68.9
GU191334.1	k141_33338	7060	73.154	894	197	480
GU191334.1	k141_33338	7060	73.154	894	197	480
GU191334.1	k141_33338	7060	88.525	61	7	79.7
GU191334.1	k141_33338	7060	88.525	61	7	79.7
GU191334.1	k141_83481	579	75.908	606	85	432
GU191334.1	k141_83481	579	75.908	606	85	432
GU191334.1	k141_79773	18723	74.200	531	128	331
GU191334.1	k141_79773	18723	74.200	531	128	331
GU191334.1	k141_79773	18723	74.304	467	98	281
GU191334.1	k141_79773	18723	74.304	467	98	281
GU191334.1	k141_67707	9314	66.974	975	267	285
GU191334.1	k141_67707	9314	87.342	79	10	98.7
GU191334.1	k141_56083	5111	78.030	264	56	208
GU191334.1	k141_56083	5111	78.030	264	56	208
GU191334.1	k141_38436	3390	75.000	232	58	158
GU191334.1	k141_8423	5903	95.946	74	3	121
GU191334.1	k141_11315	6667	93.421	76	5	115
GU191334.1	k141_38040	12365	86.316	95	9	113
GU191334.1	k141_38040	12365	88.608	79	9	103
GU191334.1	k141_38040	12365	74.797	123	26	78.8
GU191334.1	k141_2971	3354	87.838	74	9	94.2
GU191334.1	k141_2971	3354	87.838	74	9	94.2
GU191334.1	k141_85803	9141	78.261	115	22	89.7
GU191334.1	k141_85803	9141	78.261	115	22	89.7
GU191334.1	k141_85803	9141	82.812	64	11	67.1
GU191334.1	k141_85803	9141	82.812	64	11	67.1
GU191334.1	k141_3064	1077	85.135	74	10	81.5
GU191334.1	k141_3064	1077	85.135	74	10	81.5
GU191334.1	k141_39727	2141	88.525	61	7	79.7
GU191334.1	k141_39727	2141	88.525	61	7	79.7
GU191334.1	k141_9198	4084	79.012	81	17	70.7
