MZ962720.1	k141_29416	24425	91.829	4920	260	7027
MZ962720.1	k141_29416	24425	91.829	4920	260	7027
MZ962720.1	k141_29416	24425	87.649	3263	224	4103
MZ962720.1	k141_29416	24425	87.649	3263	224	4103
MZ962720.1	k141_29416	24425	89.130	2631	191	3438
MZ962720.1	k141_29416	24425	89.130	2631	191	3438
MZ962720.1	k141_29416	24425	87.305	1733	176	2129
MZ962720.1	k141_29416	24425	87.305	1733	176	2129
MZ962720.1	k141_29416	24425	86.460	1743	169	2059
MZ962720.1	k141_29416	24425	86.460	1743	169	2059
MZ962720.1	k141_29416	24425	87.065	603	49	745
MZ962720.1	k141_29416	24425	89.818	275	27	367
MZ962720.1	k141_29416	24425	89.818	275	27	367
MZ962720.1	k141_29416	24425	85.223	291	39	331
MZ962720.1	k141_29416	24425	85.223	291	39	331
MZ962720.1	k141_29416	24425	79.733	375	50	331
MZ962720.1	k141_29416	24425	79.733	375	50	331
MZ962720.1	k141_29416	24425	90.355	197	18	267
MZ962720.1	k141_29416	24425	90.355	197	18	267
MZ962720.1	k141_29416	24425	74.029	412	63	256
MZ962720.1	k141_29416	24425	74.029	412	63	256
MZ962720.1	k141_29416	24425	88.947	190	20	245
MZ962720.1	k141_29416	24425	87.222	180	23	222
MZ962720.1	k141_29416	24425	87.222	180	23	222
MZ962720.1	k141_29416	24425	73.148	216	27	125
MZ962720.1	k141_29416	24425	73.148	216	27	125
MZ962720.1	k141_29416	24425	97.619	42	1	72.5
MZ962720.1	k141_29416	24425	97.619	42	1	72.5
MZ962720.1	k141_29416	24425	94.595	37	2	59.0
MZ962720.1	k141_38773	84563	78.183	8246	1502	6708
MZ962720.1	k141_38773	84563	87.639	5202	582	6452
MZ962720.1	k141_38773	84563	80.569	4678	639	4204
MZ962720.1	k141_38773	84563	91.469	2485	212	3526
MZ962720.1	k141_38773	84563	81.189	2541	384	2382
MZ962720.1	k141_38773	84563	82.796	2110	322	2161
MZ962720.1	k141_38773	84563	86.397	1485	202	1768
MZ962720.1	k141_38773	84563	80.209	1819	299	1650
MZ962720.1	k141_38773	84563	78.701	1925	357	1613
MZ962720.1	k141_38773	84563	91.147	1107	98	1555
MZ962720.1	k141_38773	84563	74.463	2189	335	1396
MZ962720.1	k141_38773	84563	75.110	2041	406	1348
MZ962720.1	k141_38773	84563	82.727	1100	139	1111
MZ962720.1	k141_38773	84563	75.280	1610	309	1100
MZ962720.1	k141_38773	84563	86.269	772	104	912
MZ962720.1	k141_38773	84563	80.948	992	144	893
MZ962720.1	k141_38773	84563	68.701	2048	494	774
MZ962720.1	k141_38773	84563	81.081	666	111	625
MZ962720.1	k141_38773	84563	70.782	1215	244	583
MZ962720.1	k141_38773	84563	73.861	1010	170	572
MZ962720.1	k141_38773	84563	84.282	439	64	468
MZ962720.1	k141_38773	84563	72.674	849	153	453
MZ962720.1	k141_38773	84563	80.992	484	56	442
MZ962720.1	k141_38773	84563	77.505	529	115	417
MZ962720.1	k141_38773	84563	77.505	529	115	417
MZ962720.1	k141_38773	84563	71.038	915	154	407
MZ962720.1	k141_38773	84563	73.538	684	97	404
MZ962720.1	k141_38773	84563	68.633	1119	277	399
MZ962720.1	k141_38773	84563	67.776	1232	263	378
MZ962720.1	k141_38773	84563	71.526	734	157	348
MZ962720.1	k141_38773	84563	75.197	508	88	338
MZ962720.1	k141_38773	84563	71.622	592	122	294
MZ962720.1	k141_38773	84563	86.179	246	29	287
MZ962720.1	k141_38773	84563	76.154	390	82	286
MZ962720.1	k141_38773	84563	75.132	378	55	276
MZ962720.1	k141_38773	84563	77.027	370	60	262
MZ962720.1	k141_38773	84563	75.184	407	63	260
MZ962720.1	k141_38773	84563	75.258	388	71	254
MZ962720.1	k141_38773	84563	84.348	230	31	253
MZ962720.1	k141_38773	84563	64.332	1228	286	247
MZ962720.1	k141_38773	84563	72.791	430	67	240
MZ962720.1	k141_38773	84563	72.791	430	67	240
MZ962720.1	k141_38773	84563	82.857	210	27	221
MZ962720.1	k141_38773	84563	82.857	210	27	221
MZ962720.1	k141_38773	84563	73.816	359	92	217
MZ962720.1	k141_38773	84563	77.612	268	20	209
MZ962720.1	k141_38773	84563	84.483	174	23	187
MZ962720.1	k141_38773	84563	88.889	144	12	183
MZ962720.1	k141_38773	84563	80.978	184	28	177
MZ962720.1	k141_38773	84563	80.978	184	28	177
MZ962720.1	k141_38773	84563	83.626	171	26	176
MZ962720.1	k141_38773	84563	80.749	187	30	172
MZ962720.1	k141_38773	84563	85.034	147	22	167
MZ962720.1	k141_38773	84563	85.034	147	22	167
MZ962720.1	k141_38773	84563	88.636	132	12	165
MZ962720.1	k141_38773	84563	78.218	202	41	165
MZ962720.1	k141_38773	84563	83.041	171	14	160
MZ962720.1	k141_38773	84563	71.290	310	47	156
MZ962720.1	k141_38773	84563	98.864	88	1	155
MZ962720.1	k141_38773	84563	75.330	227	37	152
MZ962720.1	k141_38773	84563	74.597	248	45	149
MZ962720.1	k141_38773	84563	78.723	188	33	148
MZ962720.1	k141_38773	84563	78.723	188	33	148
MZ962720.1	k141_38773	84563	96.591	88	3	146
MZ962720.1	k141_38773	84563	79.630	162	33	144
MZ962720.1	k141_38773	84563	95.455	88	4	141
MZ962720.1	k141_38773	84563	98.750	80	1	141
MZ962720.1	k141_38773	84563	98.750	80	1	141
MZ962720.1	k141_38773	84563	77.586	174	37	136
MZ962720.1	k141_38773	84563	78.947	152	22	126
MZ962720.1	k141_38773	84563	89.362	94	10	125
MZ962720.1	k141_38773	84563	94.667	75	4	118
MZ962720.1	k141_38773	84563	65.646	588	180	116
MZ962720.1	k141_38773	84563	80.645	124	24	116
MZ962720.1	k141_38773	84563	90.361	83	8	114
MZ962720.1	k141_38773	84563	93.506	77	4	113
MZ962720.1	k141_38773	84563	92.208	77	6	113
MZ962720.1	k141_38773	84563	66.010	406	122	98.7
MZ962720.1	k141_38773	84563	90.411	73	6	97.8
MZ962720.1	k141_38773	84563	84.706	85	12	92.4
MZ962720.1	k141_38773	84563	79.000	100	14	88.7
MZ962720.1	k141_38773	84563	76.724	116	27	88.7
MZ962720.1	k141_38773	84563	76.724	116	27	88.7
MZ962720.1	k141_38773	84563	79.592	98	14	88.7
MZ962720.1	k141_38773	84563	79.592	98	14	88.7
MZ962720.1	k141_38773	84563	79.775	89	18	80.6
MZ962720.1	k141_38773	84563	79.775	89	18	80.6
MZ962720.1	k141_38773	84563	79.775	89	18	80.6
MZ962720.1	k141_38773	84563	74.561	114	27	68.9
MZ962720.1	k141_38773	84563	69.231	169	50	64.4
MZ962720.1	k141_38773	84563	81.633	49	9	49.1
MZ962720.1	k141_38773	84563	72.857	70	19	41.9
MZ962720.1	k141_44574	18780	81.607	4355	616	4153
MZ962720.1	k141_44574	18780	81.607	4355	616	4153
MZ962720.1	k141_44574	18780	78.937	1975	388	1667
MZ962720.1	k141_44574	18780	76.535	2199	475	1609
MZ962720.1	k141_44574	18780	85.034	588	87	661
MZ962720.1	k141_44574	18780	85.034	588	87	661
MZ962720.1	k141_44574	18780	74.508	965	212	627
MZ962720.1	k141_44574	18780	83.699	319	52	342
MZ962720.1	k141_44574	18780	81.022	137	23	124
MZ962720.1	k141_44574	18780	95.122	41	2	66.2
MZ962720.1	k141_44574	18780	83.019	53	9	56.3
MZ962720.1	k141_44574	18780	86.842	38	5	47.3
MZ962720.1	k141_44574	18780	86.842	38	5	47.3
MZ962720.1	k141_35530	934	91.623	382	31	542
MZ962720.1	k141_23758	9242	71.412	885	214	415
MZ962720.1	k141_23758	9242	71.412	885	214	415
MZ962720.1	k141_23758	9242	82.609	46	8	48.2
MZ962720.1	k141_23758	9242	82.609	46	8	48.2
MZ962720.1	k141_51558	1769	92.373	236	17	342
MZ962720.1	k141_4237	1836	74.200	531	128	331
MZ962720.1	k141_4237	1836	74.200	531	128	331
MZ962720.1	k141_10884	1067	74.522	471	92	285
MZ962720.1	k141_10884	1067	74.522	471	92	285
MZ962720.1	k141_17857	1380	70.588	442	128	205
MZ962720.1	k141_37572	616	71.709	357	46	203
MZ962720.1	k141_11379	342	82.199	191	29	192
MZ962720.1	k141_11379	342	88.372	43	5	56.3
MZ962720.1	k141_11379	342	88.372	43	5	56.3
MZ962720.1	k141_9577	778	77.273	176	40	138
MZ962720.1	k141_5923	413	72.727	275	48	138
MZ962720.1	k141_26319	1788	96.341	82	3	135
MZ962720.1	k141_26319	1788	96.341	82	3	135
MZ962720.1	k141_45294	887	95.775	71	3	115
MZ962720.1	k141_45294	887	95.775	71	3	115
MZ962720.1	k141_46470	411	88.462	78	9	101
MZ962720.1	k141_52074	451	80.233	86	17	79.7
MZ962720.1	k141_51694	906	70.000	140	42	64.4
MZ962720.1	k141_9849	740	77.500	80	15	62.6
MZ962720.1	k141_9849	740	77.500	80	15	62.6
MZ962720.1	k141_34017	697	81.481	54	10	53.6
MH569081.1	k141_29416	24425	92.740	5744	270	8423
MH569081.1	k141_29416	24425	92.740	5744	270	8423
MH569081.1	k141_29416	24425	91.925	4446	234	6382
MH569081.1	k141_29416	24425	91.925	4446	234	6382
MH569081.1	k141_29416	24425	89.690	2289	129	3035
MH569081.1	k141_29416	24425	89.690	2289	129	3035
MH569081.1	k141_29416	24425	89.888	2047	183	2736
MH569081.1	k141_29416	24425	89.888	2047	183	2736
MH569081.1	k141_29416	24425	80.700	886	137	818
MH569081.1	k141_29416	24425	80.700	886	137	818
MH569081.1	k141_29416	24425	78.563	807	88	663
MH569081.1	k141_29416	24425	78.563	807	88	663
MH569081.1	k141_29416	24425	77.632	684	86	546
MH569081.1	k141_29416	24425	77.632	684	86	546
MH569081.1	k141_29416	24425	82.340	470	50	459
MH569081.1	k141_29416	24425	82.340	470	50	459
MH569081.1	k141_29416	24425	77.487	382	30	339
MH569081.1	k141_29416	24425	77.487	382	30	339
MH569081.1	k141_29416	24425	84.496	129	16	142
MH569081.1	k141_29416	24425	84.496	129	16	142
MH569081.1	k141_29416	24425	78.431	102	17	81.5
MH569081.1	k141_29416	24425	94.340	53	2	79.7
MH569081.1	k141_29416	24425	94.340	53	2	79.7
MH569081.1	k141_29416	24425	95.238	42	2	68.0
MH569081.1	k141_29416	24425	95.238	42	2	68.0
MH569081.1	k141_29416	24425	92.308	39	3	58.1
MH569081.1	k141_38773	84563	87.132	5440	635	6606
MH569081.1	k141_38773	84563	77.940	7457	1195	5946
MH569081.1	k141_38773	84563	80.988	3703	613	3510
MH569081.1	k141_38773	84563	88.785	2577	288	3342
MH569081.1	k141_38773	84563	79.407	3341	584	2923
MH569081.1	k141_38773	84563	80.603	2454	398	2269
MH569081.1	k141_38773	84563	84.170	1933	299	2100
MH569081.1	k141_38773	84563	87.259	1507	192	1853
MH569081.1	k141_38773	84563	82.927	1804	263	1843
MH569081.1	k141_38773	84563	86.216	1480	165	1713
MH569081.1	k141_38773	84563	81.179	1764	269	1688
MH569081.1	k141_38773	84563	79.009	1977	342	1653
MH569081.1	k141_38773	84563	77.426	2082	280	1596
MH569081.1	k141_38773	84563	73.905	2261	494	1374
MH569081.1	k141_38773	84563	76.704	1614	273	1196
MH569081.1	k141_38773	84563	84.872	1018	121	1141
MH569081.1	k141_38773	84563	70.674	2271	524	1010
MH569081.1	k141_38773	84563	72.276	1652	319	892
MH569081.1	k141_38773	84563	74.312	1199	223	725
MH569081.1	k141_38773	84563	77.122	966	145	711
MH569081.1	k141_38773	84563	80.861	627	107	593
MH569081.1	k141_38773	84563	78.714	653	86	523
MH569081.1	k141_38773	84563	69.214	1387	317	518
MH569081.1	k141_38773	84563	77.185	675	118	484
MH569081.1	k141_38773	84563	75.146	684	118	416
MH569081.1	k141_38773	84563	73.249	714	110	410
MH569081.1	k141_38773	84563	70.555	883	133	409
MH569081.1	k141_38773	84563	88.608	316	32	407
MH569081.1	k141_38773	84563	87.013	308	35	362
MH569081.1	k141_38773	84563	72.759	580	92	308
MH569081.1	k141_38773	84563	70.845	686	110	305
MH569081.1	k141_38773	84563	72.318	578	125	304
MH569081.1	k141_38773	84563	84.791	263	36	289
MH569081.1	k141_38773	84563	77.285	361	61	279
MH569081.1	k141_38773	84563	84.328	268	32	277
MH569081.1	k141_38773	84563	78.549	317	55	264
MH569081.1	k141_38773	84563	76.972	317	63	234
MH569081.1	k141_38773	84563	76.972	317	63	234
MH569081.1	k141_38773	84563	76.512	281	66	210
MH569081.1	k141_38773	84563	79.825	228	40	201
MH569081.1	k141_38773	84563	80.788	203	39	191
MH569081.1	k141_38773	84563	82.011	189	33	185
MH569081.1	k141_38773	84563	75.314	239	53	167
MH569081.1	k141_38773	84563	81.714	175	30	165
MH569081.1	k141_38773	84563	97.778	90	2	154
MH569081.1	k141_38773	84563	100.000	80	0	145
MH569081.1	k141_38773	84563	100.000	80	0	145
MH569081.1	k141_38773	84563	80.921	152	23	145
MH569081.1	k141_38773	84563	78.182	165	36	136
MH569081.1	k141_38773	84563	92.473	93	6	133
MH569081.1	k141_38773	84563	91.765	85	7	123
MH569081.1	k141_38773	84563	98.551	69	1	121
MH569081.1	k141_38773	84563	75.287	174	32	117
MH569081.1	k141_38773	84563	80.153	131	22	114
MH569081.1	k141_38773	84563	72.059	204	57	112
MH569081.1	k141_38773	84563	75.325	154	38	107
MH569081.1	k141_38773	84563	73.514	185	41	103
MH569081.1	k141_38773	84563	84.615	78	11	84.2
MH569081.1	k141_38773	84563	84.507	71	11	79.7
MH569081.1	k141_38773	84563	87.500	56	7	70.7
MH569081.1	k141_38773	84563	93.333	45	3	68.9
MH569081.1	k141_38773	84563	93.333	45	3	68.9
MH569081.1	k141_38773	84563	83.607	61	10	66.2
MH569081.1	k141_38773	84563	68.153	157	48	51.8
MH569081.1	k141_38773	84563	81.633	49	9	49.1
MH569081.1	k141_38773	84563	74.648	71	18	48.2
MH569081.1	k141_44574	18780	78.412	4345	710	3525
MH569081.1	k141_44574	18780	82.115	1901	319	1893
MH569081.1	k141_44574	18780	76.820	2239	466	1665
MH569081.1	k141_44574	18780	77.013	1118	213	839
MH569081.1	k141_44574	18780	74.872	1174	237	773
MH569081.1	k141_44574	18780	77.509	538	81	416
MH569081.1	k141_44574	18780	69.613	362	86	148
MH569081.1	k141_44574	18780	69.613	362	86	148
MH569081.1	k141_44574	18780	70.221	272	46	122
MH569081.1	k141_44574	18780	93.750	48	2	70.7
MH569081.1	k141_44574	18780	93.750	48	2	70.7
MH569081.1	k141_44574	18780	95.238	42	2	68.0
MH569081.1	k141_44574	18780	80.392	51	10	48.2
MH569081.1	k141_44574	18780	86.842	38	5	47.3
MH569081.1	k141_44574	18780	86.842	38	5	47.3
MH569081.1	k141_44574	18780	80.851	47	9	45.5
MH569081.1	k141_35530	934	92.428	383	28	557
MH569081.1	k141_23758	9242	71.950	877	216	437
MH569081.1	k141_23758	9242	71.950	877	216	437
MH569081.1	k141_23758	9242	75.875	257	60	178
MH569081.1	k141_23758	9242	75.875	257	60	178
MH569081.1	k141_23758	9242	80.488	41	8	39.2
MH569081.1	k141_4237	1836	74.011	531	129	326
MH569081.1	k141_4237	1836	74.011	531	129	326
MH569081.1	k141_51558	1769	90.213	235	22	317
MH569081.1	k141_11379	342	87.266	267	28	316
MH569081.1	k141_11379	342	87.266	267	28	316
MH569081.1	k141_10884	1067	74.946	467	96	289
MH569081.1	k141_10884	1067	74.946	467	96	289
MH569081.1	k141_37572	616	71.944	499	91	251
MH569081.1	k141_17857	1380	73.427	429	106	250
MH569081.1	k141_54682	3575	82.700	237	28	242
MH569081.1	k141_54682	3575	82.700	237	28	242
MH569081.1	k141_51962	713	86.986	146	15	173
MH569081.1	k141_51962	713	86.986	146	15	173
MH569081.1	k141_5923	413	72.426	272	40	158
MH569081.1	k141_20367	2995	82.963	135	23	141
MH569081.1	k141_26319	1788	97.561	82	2	140
MH569081.1	k141_26319	1788	97.561	82	2	140
MH569081.1	k141_49492	7220	75.120	209	50	136
MH569081.1	k141_49492	7220	75.120	209	50	136
MH569081.1	k141_9577	778	77.011	174	40	134
MH569081.1	k141_9577	778	84.685	111	13	123
MH569081.1	k141_9849	740	92.308	78	6	114
MH569081.1	k141_9849	740	92.308	78	6	114
MH569081.1	k141_45294	887	94.366	71	4	111
MH569081.1	k141_45294	887	94.366	71	4	111
MH569081.1	k141_46470	411	91.026	78	7	110
MH569081.1	k141_52074	451	97.778	45	1	77.9
MH569081.1	k141_51694	906	75.281	89	22	62.6
MH569081.1	k141_34017	697	79.630	54	11	49.1
NC_033978.1	k141_29416	24425	92.925	9286	439	13873
NC_033978.1	k141_29416	24425	93.053	9170	430	13753
NC_033978.1	k141_29416	24425	95.797	5662	145	9092
NC_033978.1	k141_29416	24425	95.797	5662	145	9092
NC_033978.1	k141_29416	24425	94.345	4792	151	7448
NC_033978.1	k141_29416	24425	94.345	4792	151	7448
NC_033978.1	k141_29416	24425	96.649	2656	65	4375
NC_033978.1	k141_29416	24425	96.649	2656	65	4375
NC_033978.1	k141_29416	24425	92.051	868	53	1256
NC_033978.1	k141_29416	24425	92.051	868	53	1256
NC_033978.1	k141_29416	24425	88.072	721	37	935
NC_033978.1	k141_29416	24425	88.072	721	37	935
NC_033978.1	k141_29416	24425	92.105	114	8	162
NC_033978.1	k141_29416	24425	92.105	114	8	162
NC_033978.1	k141_29416	24425	90.741	54	5	76.1
NC_033978.1	k141_29416	24425	90.741	54	5	76.1
NC_033978.1	k141_29416	24425	100.000	39	0	71.6
NC_033978.1	k141_29416	24425	92.857	42	3	63.5
NC_033978.1	k141_29416	24425	86.842	38	5	47.3
NC_033978.1	k141_38773	84563	88.776	8375	650	10816
NC_033978.1	k141_38773	84563	83.015	9850	1243	10194
NC_033978.1	k141_38773	84563	81.537	10486	1180	10075
NC_033978.1	k141_38773	84563	81.673	7519	955	7260
NC_033978.1	k141_38773	84563	86.098	4618	437	5452
NC_033978.1	k141_38773	84563	87.771	4195	435	5251
NC_033978.1	k141_38773	84563	83.752	4653	459	4958
NC_033978.1	k141_38773	84563	85.469	2966	276	3470
NC_033978.1	k141_38773	84563	83.526	2598	335	2714
NC_033978.1	k141_38773	84563	79.671	2671	333	2406
NC_033978.1	k141_38773	84563	78.248	2786	469	2259
NC_033978.1	k141_38773	84563	92.995	1299	66	1933
NC_033978.1	k141_38773	84563	80.964	1702	221	1630
NC_033978.1	k141_38773	84563	89.832	1131	77	1516
NC_033978.1	k141_38773	84563	77.541	1879	250	1471
NC_033978.1	k141_38773	84563	83.590	1170	152	1214
NC_033978.1	k141_38773	84563	82.464	1055	116	1037
NC_033978.1	k141_38773	84563	77.752	1299	197	988
NC_033978.1	k141_38773	84563	83.205	911	87	919
NC_033978.1	k141_38773	84563	78.885	1094	138	885
NC_033978.1	k141_38773	84563	79.522	1045	130	884
NC_033978.1	k141_38773	84563	76.769	848	126	607
NC_033978.1	k141_38773	84563	75.486	669	78	473
NC_033978.1	k141_38773	84563	75.061	409	43	300
NC_033978.1	k141_38773	84563	76.250	400	52	288
NC_033978.1	k141_38773	84563	86.207	232	20	277
NC_033978.1	k141_38773	84563	82.723	191	24	191
NC_033978.1	k141_38773	84563	85.906	149	14	177
NC_033978.1	k141_38773	84563	84.868	152	12	172
NC_033978.1	k141_38773	84563	77.551	196	32	162
NC_033978.1	k141_38773	84563	98.795	83	1	146
NC_033978.1	k141_38773	84563	89.320	103	11	137
NC_033978.1	k141_38773	84563	78.313	166	25	130
NC_033978.1	k141_38773	84563	66.832	404	120	120
NC_033978.1	k141_38773	84563	80.159	126	25	115
NC_033978.1	k141_38773	84563	97.826	46	1	79.7
NC_033978.1	k141_38773	84563	95.000	40	2	64.4
NC_033978.1	k141_38773	84563	81.633	49	9	49.1
NC_033978.1	k141_38773	84563	87.179	39	5	49.1
NC_033978.1	k141_38773	84563	74.286	70	18	46.4
NC_033978.1	k141_44574	18780	81.944	4896	650	4812
NC_033978.1	k141_44574	18780	81.840	4631	574	4571
NC_033978.1	k141_44574	18780	81.741	2481	380	2435
NC_033978.1	k141_44574	18780	71.699	1901	410	997
NC_033978.1	k141_44574	18780	86.247	429	47	497
NC_033978.1	k141_44574	18780	86.247	429	47	497
NC_033978.1	k141_44574	18780	70.855	772	135	406
NC_033978.1	k141_44574	18780	73.344	649	146	370
NC_033978.1	k141_44574	18780	75.798	376	59	252
NC_033978.1	k141_44574	18780	91.241	137	12	194
NC_033978.1	k141_44574	18780	91.241	137	12	194
NC_033978.1	k141_44574	18780	74.436	266	52	166
NC_033978.1	k141_44574	18780	68.719	406	92	160
NC_033978.1	k141_44574	18780	72.778	180	31	107
NC_033978.1	k141_44574	18780	97.619	42	1	72.5
NC_033978.1	k141_44574	18780	97.436	39	1	67.1
NC_033978.1	k141_44574	18780	97.436	39	1	67.1
NC_033978.1	k141_44574	18780	84.314	51	8	57.2
NC_033978.1	k141_44574	18780	86.842	38	5	47.3
NC_033978.1	k141_44574	18780	86.842	38	5	47.3
NC_033978.1	k141_35530	934	96.345	383	13	625
NC_033978.1	k141_23758	9242	72.449	882	203	446
NC_033978.1	k141_23758	9242	72.449	882	203	446
NC_033978.1	k141_23758	9242	78.788	264	54	217
NC_033978.1	k141_23758	9242	78.788	264	54	217
NC_033978.1	k141_23758	9242	78.723	47	10	41.0
NC_033978.1	k141_11379	342	90.580	276	14	383
NC_033978.1	k141_11379	342	90.580	276	14	383
NC_033978.1	k141_4237	1836	74.812	532	123	348
NC_033978.1	k141_4237	1836	74.812	532	123	348
NC_033978.1	k141_51558	1769	92.766	235	16	344
NC_033978.1	k141_37572	616	74.286	560	97	332
NC_033978.1	k141_37572	616	94.444	36	2	57.2
NC_033978.1	k141_54682	3575	93.119	218	6	330
NC_033978.1	k141_54682	3575	93.119	218	6	330
NC_033978.1	k141_9577	778	83.072	319	42	321
NC_033978.1	k141_9577	778	88.596	114	9	147
NC_033978.1	k141_10884	1067	74.946	467	95	286
NC_033978.1	k141_10884	1067	74.946	467	95	286
NC_033978.1	k141_5923	413	79.795	292	24	266
NC_033978.1	k141_51962	713	96.403	139	5	229
NC_033978.1	k141_51962	713	96.403	139	5	229
NC_033978.1	k141_17857	1380	71.274	463	125	225
NC_033978.1	k141_20994	2004	80.000	210	36	187
NC_033978.1	k141_20367	2995	85.507	138	20	159
NC_033978.1	k141_31688	717	96.667	90	3	150
NC_033978.1	k141_31688	717	96.667	90	3	150
NC_033978.1	k141_26319	1788	97.561	82	2	140
NC_033978.1	k141_42226	498	77.654	179	37	137
NC_033978.1	k141_45294	887	100.000	71	0	129
NC_033978.1	k141_45294	887	100.000	71	0	129
NC_033978.1	k141_46470	411	94.872	78	4	123
NC_033978.1	k141_9849	740	94.872	78	4	123
NC_033978.1	k141_9849	740	94.872	78	4	123
NC_033978.1	k141_52074	451	81.818	99	9	97.8
NC_033978.1	k141_52074	451	81.250	96	16	86.0
NC_033978.1	k141_41634	494	93.333	60	4	91.5
NC_033978.1	k141_41634	494	93.333	60	4	91.5
NC_033978.1	k141_18554	4070	87.037	54	7	67.1
NC_033978.1	k141_37063	859	95.122	41	2	66.2
NC_033978.1	k141_51694	906	77.922	77	17	63.5
NC_033978.1	k141_34017	697	81.481	54	10	53.6
MW006668.1	k141_38773	84563	84.183	9332	1166	10171
MW006668.1	k141_38773	84563	91.918	5568	386	7976
MW006668.1	k141_38773	84563	86.090	4644	483	5443
MW006668.1	k141_38773	84563	81.848	5465	684	5319
MW006668.1	k141_38773	84563	86.195	4194	364	4954
MW006668.1	k141_38773	84563	87.241	3237	371	3969
MW006668.1	k141_38773	84563	87.727	2640	226	3263
MW006668.1	k141_38773	84563	78.847	3503	552	2963
MW006668.1	k141_38773	84563	78.555	3432	466	2836
MW006668.1	k141_38773	84563	88.823	2013	171	2607
MW006668.1	k141_38773	84563	84.403	2321	242	2550
MW006668.1	k141_38773	84563	77.255	3271	459	2527
MW006668.1	k141_38773	84563	88.519	1951	215	2495
MW006668.1	k141_38773	84563	85.810	2093	244	2425
MW006668.1	k141_38773	84563	75.241	3005	421	2073
MW006668.1	k141_38773	84563	80.605	1851	302	1704
MW006668.1	k141_38773	84563	76.498	1919	254	1398
MW006668.1	k141_38773	84563	83.084	1336	108	1380
MW006668.1	k141_38773	84563	83.084	1336	108	1380
MW006668.1	k141_38773	84563	77.903	1593	220	1342
MW006668.1	k141_38773	84563	84.766	1175	121	1297
MW006668.1	k141_38773	84563	80.046	1318	187	1193
MW006668.1	k141_38773	84563	75.295	1696	208	1180
MW006668.1	k141_38773	84563	79.017	1282	145	1090
MW006668.1	k141_38773	84563	79.017	1282	145	1090
MW006668.1	k141_38773	84563	87.671	730	68	882
MW006668.1	k141_38773	84563	79.121	728	113	632
MW006668.1	k141_38773	84563	79.121	728	113	632
MW006668.1	k141_38773	84563	73.064	917	122	572
MW006668.1	k141_38773	84563	77.982	654	79	531
MW006668.1	k141_38773	84563	73.832	749	122	444
MW006668.1	k141_38773	84563	84.756	328	35	362
MW006668.1	k141_38773	84563	84.756	328	35	362
MW006668.1	k141_38773	84563	72.862	608	99	336
MW006668.1	k141_38773	84563	71.753	616	112	297
MW006668.1	k141_38773	84563	75.824	364	38	288
MW006668.1	k141_38773	84563	69.781	503	111	205
MW006668.1	k141_38773	84563	76.173	277	44	200
MW006668.1	k141_38773	84563	81.517	211	31	190
MW006668.1	k141_38773	84563	74.839	310	44	189
MW006668.1	k141_38773	84563	69.178	438	61	186
MW006668.1	k141_38773	84563	76.265	257	46	171
MW006668.1	k141_38773	84563	77.169	219	34	162
MW006668.1	k141_38773	84563	78.713	202	25	160
MW006668.1	k141_38773	84563	77.889	199	30	160
MW006668.1	k141_38773	84563	71.923	260	45	130
MW006668.1	k141_38773	84563	89.691	97	9	127
MW006668.1	k141_38773	84563	76.074	163	39	119
MW006668.1	k141_38773	84563	66.133	437	132	113
MW006668.1	k141_38773	84563	78.417	139	21	111
MW006668.1	k141_38773	84563	78.417	139	21	111
MW006668.1	k141_38773	84563	78.571	126	27	106
MW006668.1	k141_38773	84563	83.951	81	13	88.7
MW006668.1	k141_38773	84563	97.917	48	1	83.3
MW006668.1	k141_38773	84563	91.837	49	4	71.6
MW006668.1	k141_38773	84563	91.837	49	4	71.6
MW006668.1	k141_38773	84563	83.333	60	10	64.4
MW006668.1	k141_38773	84563	94.872	39	2	62.6
MW006668.1	k141_38773	84563	87.805	41	5	52.7
MW006668.1	k141_38773	84563	76.056	71	17	52.7
MW006668.1	k141_38773	84563	87.179	39	5	49.1
MW006668.1	k141_38773	84563	79.592	49	10	44.6
MW006668.1	k141_29416	24425	93.258	6081	205	9105
MW006668.1	k141_29416	24425	93.258	6081	205	9105
MW006668.1	k141_29416	24425	89.064	6264	487	8180
MW006668.1	k141_29416	24425	96.563	2502	59	4109
MW006668.1	k141_29416	24425	96.563	2502	59	4109
MW006668.1	k141_29416	24425	74.894	1884	251	1281
MW006668.1	k141_29416	24425	87.157	693	58	864
MW006668.1	k141_29416	24425	88.215	594	64	748
MW006668.1	k141_29416	24425	79.009	767	111	654
MW006668.1	k141_29416	24425	76.061	589	88	425
MW006668.1	k141_29416	24425	87.770	278	26	347
MW006668.1	k141_29416	24425	87.770	278	26	347
MW006668.1	k141_29416	24425	84.354	147	14	161
MW006668.1	k141_29416	24425	84.354	147	14	161
MW006668.1	k141_29416	24425	88.000	125	13	151
MW006668.1	k141_29416	24425	84.559	136	12	150
MW006668.1	k141_29416	24425	81.905	105	15	104
MW006668.1	k141_29416	24425	67.364	239	61	77.9
MW006668.1	k141_29416	24425	67.364	239	61	77.9
MW006668.1	k141_29416	24425	100.000	42	0	77.0
MW006668.1	k141_29416	24425	100.000	42	0	77.0
MW006668.1	k141_29416	24425	67.686	229	57	73.4
MW006668.1	k141_29416	24425	67.686	229	57	73.4
MW006668.1	k141_29416	24425	68.649	185	46	72.5
MW006668.1	k141_29416	24425	92.857	42	3	63.5
MW006668.1	k141_29416	24425	84.314	51	8	57.2
MW006668.1	k141_29416	24425	76.923	65	15	50.9
MW006668.1	k141_29416	24425	76.923	65	15	50.9
MW006668.1	k141_29416	24425	76.923	65	15	50.9
MW006668.1	k141_29416	24425	76.923	65	15	50.9
MW006668.1	k141_29416	24425	86.842	38	5	47.3
MW006668.1	k141_44574	18780	84.628	4866	628	5350
MW006668.1	k141_44574	18780	84.628	4866	628	5350
MW006668.1	k141_44574	18780	86.130	4434	462	5195
MW006668.1	k141_44574	18780	86.130	4434	462	5195
MW006668.1	k141_44574	18780	80.017	2302	425	2056
MW006668.1	k141_44574	18780	83.645	214	23	235
MW006668.1	k141_44574	18780	83.645	214	23	235
MW006668.1	k141_44574	18780	88.550	131	14	166
MW006668.1	k141_44574	18780	97.619	42	1	72.5
MW006668.1	k141_44574	18780	97.436	39	1	67.1
MW006668.1	k141_44574	18780	82.353	51	9	52.7
MW006668.1	k141_44574	18780	89.474	38	4	51.8
MW006668.1	k141_44574	18780	80.851	47	9	45.5
MW006668.1	k141_35530	934	96.084	383	14	620
MW006668.1	k141_37572	616	77.005	561	88	423
MW006668.1	k141_23758	9242	71.445	886	206	419
MW006668.1	k141_23758	9242	71.445	886	206	419
MW006668.1	k141_23758	9242	78.788	264	54	217
MW006668.1	k141_23758	9242	78.788	264	54	217
MW006668.1	k141_51558	1769	94.043	235	13	358
MW006668.1	k141_4237	1836	74.436	532	125	339
MW006668.1	k141_4237	1836	74.436	532	125	339
MW006668.1	k141_10884	1067	74.518	467	103	276
MW006668.1	k141_10884	1067	74.518	467	103	276
MW006668.1	k141_51962	713	96.575	146	5	242
MW006668.1	k141_51962	713	96.575	146	5	242
MW006668.1	k141_9577	778	82.479	234	36	233
MW006668.1	k141_9577	778	79.808	104	17	93.3
MW006668.1	k141_17857	1380	70.794	428	119	205
MW006668.1	k141_11379	342	98.276	116	2	201
MW006668.1	k141_11379	342	98.276	116	2	201
MW006668.1	k141_11379	342	91.262	103	7	139
MW006668.1	k141_20367	2995	82.517	143	25	146
MW006668.1	k141_20994	2004	75.714	210	45	146
MW006668.1	k141_20994	2004	75.714	210	45	146
MW006668.1	k141_46470	411	97.436	78	2	132
MW006668.1	k141_26319	1788	94.937	79	4	125
MW006668.1	k141_26319	1788	94.937	79	4	125
MW006668.1	k141_45294	887	98.592	71	1	124
MW006668.1	k141_54682	3575	76.282	156	24	113
MW006668.1	k141_52074	451	70.036	277	59	107
MW006668.1	k141_21542	5234	87.059	85	11	104
MW006668.1	k141_51694	906	79.268	82	17	72.5
MW006668.1	k141_37063	859	94.595	37	2	59.0
MW006668.1	k141_34017	697	83.333	54	9	58.1
MW006668.1	k141_23823	876	83.784	37	6	41.0
MW006668.1	k141_23823	876	83.784	37	6	41.0
MW435436.1	k141_29416	24425	92.633	9257	485	13676
MW435436.1	k141_29416	24425	92.633	9257	485	13676
MW435436.1	k141_29416	24425	96.032	5293	122	8606
MW435436.1	k141_29416	24425	96.032	5293	122	8606
MW435436.1	k141_29416	24425	93.203	3590	129	5379
MW435436.1	k141_29416	24425	93.203	3590	129	5379
MW435436.1	k141_29416	24425	97.018	2649	64	4413
MW435436.1	k141_29416	24425	97.018	2649	64	4413
MW435436.1	k141_29416	24425	94.084	1572	58	2421
MW435436.1	k141_29416	24425	94.084	1572	58	2421
MW435436.1	k141_29416	24425	92.978	883	43	1313
MW435436.1	k141_29416	24425	92.978	883	43	1313
MW435436.1	k141_29416	24425	82.442	991	49	1062
MW435436.1	k141_29416	24425	82.442	991	49	1062
MW435436.1	k141_29416	24425	81.600	375	39	357
MW435436.1	k141_29416	24425	81.600	375	39	357
MW435436.1	k141_29416	24425	95.238	42	2	68.0
MW435436.1	k141_29416	24425	92.308	39	3	58.1
MW435436.1	k141_38773	84563	84.127	10483	1351	11451
MW435436.1	k141_38773	84563	91.126	5691	410	7978
MW435436.1	k141_38773	84563	82.469	7638	902	7708
MW435436.1	k141_38773	84563	85.200	4750	478	5352
MW435436.1	k141_38773	84563	85.517	3915	402	4469
MW435436.1	k141_38773	84563	81.392	4584	605	4402
MW435436.1	k141_38773	84563	79.914	4182	589	3711
MW435436.1	k141_38773	84563	81.000	3900	541	3657
MW435436.1	k141_38773	84563	86.125	2955	308	3479
MW435436.1	k141_38773	84563	77.008	3449	487	2601
MW435436.1	k141_38773	84563	76.816	3386	528	2461
MW435436.1	k141_38773	84563	86.915	1987	219	2377
MW435436.1	k141_38773	84563	84.828	2096	232	2352
MW435436.1	k141_38773	84563	79.596	2377	246	2113
MW435436.1	k141_38773	84563	76.483	1922	271	1403
MW435436.1	k141_38773	84563	79.968	1248	145	1151
MW435436.1	k141_38773	84563	78.219	1359	219	1078
MW435436.1	k141_38773	84563	73.368	1532	200	931
MW435436.1	k141_38773	84563	75.923	1192	182	834
MW435436.1	k141_38773	84563	73.802	1336	196	795
MW435436.1	k141_38773	84563	79.558	724	111	609
MW435436.1	k141_38773	84563	80.909	550	88	494
MW435436.1	k141_38773	84563	82.367	414	62	415
MW435436.1	k141_38773	84563	74.673	612	82	395
MW435436.1	k141_38773	84563	80.208	288	35	269
MW435436.1	k141_38773	84563	77.616	344	57	251
MW435436.1	k141_38773	84563	76.235	324	39	245
MW435436.1	k141_38773	84563	80.282	213	20	202
MW435436.1	k141_38773	84563	83.708	178	24	191
MW435436.1	k141_38773	84563	84.906	159	19	179
MW435436.1	k141_38773	84563	86.331	139	14	161
MW435436.1	k141_38773	84563	86.331	139	14	161
MW435436.1	k141_38773	84563	87.313	134	14	159
MW435436.1	k141_38773	84563	78.652	178	20	153
MW435436.1	k141_38773	84563	79.394	165	34	145
MW435436.1	k141_38773	84563	95.349	86	4	138
MW435436.1	k141_38773	84563	97.468	79	2	134
MW435436.1	k141_38773	84563	73.892	203	26	125
MW435436.1	k141_38773	84563	67.241	406	117	125
MW435436.1	k141_38773	84563	66.013	306	44	102
MW435436.1	k141_38773	84563	82.895	76	13	79.7
MW435436.1	k141_38773	84563	95.745	47	2	77.0
MW435436.1	k141_38773	84563	76.712	73	11	48.2
MW435436.1	k141_38773	84563	84.615	39	6	44.6
MW435436.1	k141_38773	84563	72.857	70	19	41.9
MW435436.1	k141_44574	18780	82.810	4462	570	4582
MW435436.1	k141_44574	18780	80.174	4827	763	4363
MW435436.1	k141_44574	18780	81.413	2265	382	2200
MW435436.1	k141_44574	18780	81.169	2002	337	1920
MW435436.1	k141_44574	18780	68.935	1896	438	774
MW435436.1	k141_44574	18780	86.713	429	45	515
MW435436.1	k141_44574	18780	86.713	429	45	515
MW435436.1	k141_44574	18780	74.821	699	137	471
MW435436.1	k141_44574	18780	74.671	683	145	433
MW435436.1	k141_44574	18780	74.671	683	145	433
MW435436.1	k141_44574	18780	92.701	137	10	203
MW435436.1	k141_44574	18780	92.701	137	10	203
MW435436.1	k141_44574	18780	74.603	126	31	80.6
MW435436.1	k141_44574	18780	95.238	42	2	68.0
MW435436.1	k141_44574	18780	97.436	39	1	67.1
MW435436.1	k141_44574	18780	97.436	39	1	67.1
MW435436.1	k141_44574	18780	84.314	51	8	57.2
MW435436.1	k141_44574	18780	84.211	38	6	42.8
MW435436.1	k141_44574	18780	84.211	38	6	42.8
MW435436.1	k141_35530	934	95.812	382	15	614
MW435436.1	k141_23758	9242	72.235	886	198	438
MW435436.1	k141_23758	9242	72.235	886	198	438
MW435436.1	k141_23758	9242	78.409	264	55	213
MW435436.1	k141_23758	9242	78.409	264	55	213
MW435436.1	k141_11379	342	91.882	271	13	385
MW435436.1	k141_11379	342	91.882	271	13	385
MW435436.1	k141_11379	342	77.528	89	6	79.7
MW435436.1	k141_11379	342	77.528	89	6	79.7
MW435436.1	k141_4237	1836	74.812	532	123	348
MW435436.1	k141_4237	1836	74.812	532	123	348
MW435436.1	k141_51558	1769	92.373	236	17	342
MW435436.1	k141_54682	3575	91.743	218	9	316
MW435436.1	k141_54682	3575	91.743	218	9	316
MW435436.1	k141_10884	1067	74.310	471	91	282
MW435436.1	k141_10884	1067	74.310	471	91	282
MW435436.1	k141_5923	413	78.188	298	34	246
MW435436.1	k141_9577	778	78.671	286	53	235
MW435436.1	k141_9577	778	81.579	114	17	111
MW435436.1	k141_37572	616	85.427	199	18	225
MW435436.1	k141_37572	616	77.358	212	36	155
MW435436.1	k141_17857	1380	70.410	463	129	207
MW435436.1	k141_51962	713	90.476	147	9	203
MW435436.1	k141_51962	713	90.476	147	9	203
MW435436.1	k141_20994	2004	76.667	210	43	155
MW435436.1	k141_31688	717	97.778	90	2	154
MW435436.1	k141_31688	717	97.778	90	2	154
MW435436.1	k141_20367	2995	83.217	143	24	150
MW435436.1	k141_42226	498	76.961	204	38	147
MW435436.1	k141_26319	1788	95.000	80	4	127
MW435436.1	k141_45294	887	98.592	71	1	124
MW435436.1	k141_45294	887	98.592	71	1	124
MW435436.1	k141_46470	411	91.139	79	7	112
MW435436.1	k141_41634	494	95.000	60	3	96.0
MW435436.1	k141_41634	494	95.000	60	3	96.0
MW435436.1	k141_52074	451	78.000	100	9	85.1
MW435436.1	k141_37063	859	100.000	37	0	68.0
MW435436.1	k141_34017	697	85.185	54	8	62.6
MW435436.1	k141_51694	906	75.325	77	19	54.5
NC_037882.1	k141_38773	84563	85.435	12674	1476	14498
NC_037882.1	k141_38773	84563	83.650	10636	1101	11407
NC_037882.1	k141_38773	84563	87.778	8673	709	10850
NC_037882.1	k141_38773	84563	83.508	7652	818	8173
NC_037882.1	k141_38773	84563	87.113	3748	322	4570
NC_037882.1	k141_38773	84563	83.290	4213	432	4395
NC_037882.1	k141_38773	84563	81.390	4272	597	4083
NC_037882.1	k141_38773	84563	77.499	4711	615	3681
NC_037882.1	k141_38773	84563	80.168	2849	348	2575
NC_037882.1	k141_38773	84563	87.968	1978	199	2480
NC_037882.1	k141_38773	84563	76.844	2522	320	1942
NC_037882.1	k141_38773	84563	88.389	956	71	1224
NC_037882.1	k141_38773	84563	81.848	1223	175	1189
NC_037882.1	k141_38773	84563	73.227	2002	316	1145
NC_037882.1	k141_38773	84563	73.509	1744	243	1035
NC_037882.1	k141_38773	84563	78.387	1277	172	1027
NC_037882.1	k141_38773	84563	77.220	1295	163	1017
NC_037882.1	k141_38773	84563	76.970	1155	144	859
NC_037882.1	k141_38773	84563	71.142	1095	162	563
NC_037882.1	k141_38773	84563	77.476	626	103	474
NC_037882.1	k141_38773	84563	86.006	343	34	407
NC_037882.1	k141_38773	84563	71.141	745	149	322
NC_037882.1	k141_38773	84563	74.131	518	73	318
NC_037882.1	k141_38773	84563	87.500	232	24	279
NC_037882.1	k141_38773	84563	76.036	338	36	241
NC_037882.1	k141_38773	84563	83.226	155	12	167
NC_037882.1	k141_38773	84563	83.226	155	12	167
NC_037882.1	k141_38773	84563	95.699	93	4	150
NC_037882.1	k141_38773	84563	94.737	95	5	150
NC_037882.1	k141_38773	84563	92.157	102	8	149
NC_037882.1	k141_38773	84563	97.561	82	2	140
NC_037882.1	k141_38773	84563	70.742	229	22	125
NC_037882.1	k141_38773	84563	65.580	552	162	115
NC_037882.1	k141_38773	84563	74.545	165	42	109
NC_037882.1	k141_38773	84563	97.619	42	1	72.5
NC_037882.1	k141_38773	84563	87.755	49	6	62.6
NC_037882.1	k141_38773	84563	89.130	46	5	61.7
NC_037882.1	k141_38773	84563	84.615	52	8	59.0
NC_037882.1	k141_38773	84563	87.179	39	5	49.1
NC_037882.1	k141_38773	84563	77.193	57	13	45.5
NC_037882.1	k141_29416	24425	92.972	7997	374	11959
NC_037882.1	k141_29416	24425	92.972	7997	374	11959
NC_037882.1	k141_29416	24425	95.931	5652	131	9142
NC_037882.1	k141_29416	24425	95.931	5652	131	9142
NC_037882.1	k141_29416	24425	92.623	5951	180	8834
NC_037882.1	k141_29416	24425	92.623	5951	180	8834
NC_037882.1	k141_29416	24425	97.586	2651	49	4484
NC_037882.1	k141_29416	24425	97.586	2651	49	4484
NC_037882.1	k141_29416	24425	93.249	874	35	1315
NC_037882.1	k141_29416	24425	93.249	874	35	1315
NC_037882.1	k141_29416	24425	93.980	598	22	921
NC_037882.1	k141_29416	24425	93.980	598	22	921
NC_037882.1	k141_29416	24425	97.619	42	1	72.5
NC_037882.1	k141_29416	24425	94.872	39	2	62.6
NC_037882.1	k141_29416	24425	89.474	38	4	51.8
NC_037882.1	k141_29416	24425	86.842	38	5	47.3
NC_037882.1	k141_44574	18780	84.673	4430	513	4889
NC_037882.1	k141_44574	18780	82.278	3538	533	3504
NC_037882.1	k141_44574	18780	81.071	2578	418	2414
NC_037882.1	k141_44574	18780	83.145	1151	153	1194
NC_037882.1	k141_44574	18780	65.286	2221	512	561
NC_037882.1	k141_44574	18780	84.529	446	43	481
NC_037882.1	k141_44574	18780	84.529	446	43	481
NC_037882.1	k141_44574	18780	70.222	722	153	358
NC_037882.1	k141_44574	18780	73.045	601	137	336
NC_037882.1	k141_44574	18780	75.294	340	59	226
NC_037882.1	k141_44574	18780	90.210	143	8	196
NC_037882.1	k141_44574	18780	90.210	143	8	196
NC_037882.1	k141_44574	18780	97.619	42	1	72.5
NC_037882.1	k141_44574	18780	94.872	39	2	62.6
NC_037882.1	k141_44574	18780	94.872	39	2	62.6
NC_037882.1	k141_44574	18780	82.353	51	9	52.7
NC_037882.1	k141_35530	934	95.561	383	16	611
NC_037882.1	k141_23758	9242	72.336	882	204	442
NC_037882.1	k141_23758	9242	72.336	882	204	442
NC_037882.1	k141_23758	9242	78.409	264	55	213
NC_037882.1	k141_23758	9242	78.409	264	55	213
NC_037882.1	k141_11379	342	96.255	267	10	437
NC_037882.1	k141_11379	342	96.255	267	10	437
NC_037882.1	k141_11379	342	94.667	75	4	118
NC_037882.1	k141_11379	342	94.667	75	4	118
NC_037882.1	k141_9577	778	86.174	311	40	366
NC_037882.1	k141_9577	778	88.596	114	9	147
NC_037882.1	k141_51558	1769	94.468	235	12	362
NC_037882.1	k141_37572	616	74.444	540	86	350
NC_037882.1	k141_37572	616	97.368	38	1	65.3
NC_037882.1	k141_4237	1836	74.624	532	124	343
NC_037882.1	k141_4237	1836	74.624	532	124	343
NC_037882.1	k141_54682	3575	92.661	218	7	325
NC_037882.1	k141_54682	3575	92.661	218	7	325
NC_037882.1	k141_10884	1067	74.310	471	91	282
NC_037882.1	k141_10884	1067	74.310	471	91	282
NC_037882.1	k141_51962	713	96.599	147	5	243
NC_037882.1	k141_51962	713	96.599	147	5	243
NC_037882.1	k141_5923	413	74.582	299	38	200
NC_037882.1	k141_17857	1380	69.481	462	135	195
NC_037882.1	k141_20367	2995	86.093	151	21	178
NC_037882.1	k141_20994	2004	77.619	210	41	164
NC_037882.1	k141_31688	717	98.889	90	1	159
NC_037882.1	k141_31688	717	98.889	90	1	159
NC_037882.1	k141_26319	1788	98.750	80	1	141
NC_037882.1	k141_45294	887	100.000	71	0	129
NC_037882.1	k141_45294	887	100.000	71	0	129
NC_037882.1	k141_46470	411	96.154	78	3	128
NC_037882.1	k141_9849	740	94.872	78	4	123
NC_037882.1	k141_9849	740	94.872	78	4	123
NC_037882.1	k141_41634	494	95.000	60	3	96.0
NC_037882.1	k141_41634	494	95.000	60	3	96.0
NC_037882.1	k141_43500	2668	80.808	99	18	90.6
NC_037882.1	k141_52074	451	97.826	46	1	79.7
NC_037882.1	k141_15234	363	94.118	51	2	76.1
NC_037882.1	k141_15234	363	94.118	51	2	76.1
NC_037882.1	k141_34017	697	86.792	53	7	65.3
NC_037882.1	k141_51694	906	69.748	119	36	53.6
NC_056190.1	k141_38773	84563	84.907	12907	1514	14525
NC_056190.1	k141_38773	84563	89.820	9853	726	13191
NC_056190.1	k141_38773	84563	84.498	5851	625	6469
NC_056190.1	k141_38773	84563	85.887	5116	538	5912
NC_056190.1	k141_38773	84563	84.105	5014	564	5448
NC_056190.1	k141_38773	84563	82.580	5224	613	5253
NC_056190.1	k141_38773	84563	81.080	4017	545	3805
NC_056190.1	k141_38773	84563	78.409	4210	514	3526
NC_056190.1	k141_38773	84563	83.542	2400	287	2546
NC_056190.1	k141_38773	84563	83.405	2314	215	2442
NC_056190.1	k141_38773	84563	77.367	2461	333	1954
NC_056190.1	k141_38773	84563	81.095	1809	218	1734
NC_056190.1	k141_38773	84563	90.151	1127	81	1510
NC_056190.1	k141_38773	84563	80.377	1274	161	1179
NC_056190.1	k141_38773	84563	80.751	1252	172	1140
NC_056190.1	k141_38773	84563	79.535	1246	172	1110
NC_056190.1	k141_38773	84563	76.104	1427	188	1035
NC_056190.1	k141_38773	84563	80.035	1142	149	1022
NC_056190.1	k141_38773	84563	76.230	1342	184	965
NC_056190.1	k141_38773	84563	79.300	686	70	613
NC_056190.1	k141_38773	84563	77.725	633	90	485
NC_056190.1	k141_38773	84563	72.486	716	108	380
NC_056190.1	k141_38773	84563	79.941	339	43	306
NC_056190.1	k141_38773	84563	78.698	338	28	289
NC_056190.1	k141_38773	84563	82.759	232	23	236
NC_056190.1	k141_38773	84563	68.784	551	86	193
NC_056190.1	k141_38773	84563	89.362	141	12	186
NC_056190.1	k141_38773	84563	80.702	171	28	160
NC_056190.1	k141_38773	84563	76.211	227	35	157
NC_056190.1	k141_38773	84563	76.364	220	37	154
NC_056190.1	k141_38773	84563	86.719	128	14	149
NC_056190.1	k141_38773	84563	92.157	102	7	145
NC_056190.1	k141_38773	84563	73.939	165	43	104
NC_056190.1	k141_38773	84563	74.834	151	38	102
NC_056190.1	k141_38773	84563	93.617	47	3	72.5
NC_056190.1	k141_38773	84563	77.174	92	16	68.0
NC_056190.1	k141_38773	84563	87.179	39	5	49.1
NC_056190.1	k141_38773	84563	74.286	70	18	46.4
NC_056190.1	k141_29416	24425	93.068	9247	418	13848
NC_056190.1	k141_29416	24425	93.111	9189	410	13779
NC_056190.1	k141_29416	24425	94.976	5653	136	8913
NC_056190.1	k141_29416	24425	94.976	5653	136	8913
NC_056190.1	k141_29416	24425	94.393	5297	133	8231
NC_056190.1	k141_29416	24425	94.393	5297	133	8231
NC_056190.1	k141_29416	24425	97.399	2653	54	4461
NC_056190.1	k141_29416	24425	97.399	2653	54	4461
NC_056190.1	k141_29416	24425	93.671	869	41	1319
NC_056190.1	k141_29416	24425	93.671	869	41	1319
NC_056190.1	k141_29416	24425	86.842	836	42	1047
NC_056190.1	k141_29416	24425	86.842	836	42	1047
NC_056190.1	k141_29416	24425	97.561	41	1	70.7
NC_056190.1	k141_29416	24425	95.238	42	2	68.0
NC_056190.1	k141_29416	24425	95.238	42	2	68.0
NC_056190.1	k141_29416	24425	92.308	39	3	58.1
NC_056190.1	k141_29416	24425	89.474	38	4	51.8
NC_056190.1	k141_44574	18780	78.986	3907	621	3282
NC_056190.1	k141_44574	18780	80.097	2271	354	2043
NC_056190.1	k141_44574	18780	80.189	1373	204	1240
NC_056190.1	k141_44574	18780	87.225	681	66	838
NC_056190.1	k141_44574	18780	69.227	1862	448	757
NC_056190.1	k141_44574	18780	71.346	1204	266	620
NC_056190.1	k141_44574	18780	71.346	1204	266	620
NC_056190.1	k141_44574	18780	74.771	547	79	364
NC_056190.1	k141_44574	18780	70.059	511	84	218
NC_056190.1	k141_44574	18780	92.701	137	10	203
NC_056190.1	k141_44574	18780	92.701	137	10	203
NC_056190.1	k141_44574	18780	89.516	124	13	166
NC_056190.1	k141_44574	18780	77.436	195	29	154
NC_056190.1	k141_44574	18780	75.455	220	42	151
NC_056190.1	k141_44574	18780	75.862	116	28	84.2
NC_056190.1	k141_44574	18780	95.238	42	2	68.0
NC_056190.1	k141_44574	18780	94.872	39	2	62.6
NC_056190.1	k141_44574	18780	94.872	39	2	62.6
NC_056190.1	k141_44574	18780	89.474	38	4	51.8
NC_056190.1	k141_44574	18780	89.474	38	4	51.8
NC_056190.1	k141_35530	934	96.345	383	13	625
NC_056190.1	k141_23758	9242	72.452	893	206	453
NC_056190.1	k141_23758	9242	72.452	893	206	453
NC_056190.1	k141_23758	9242	78.030	264	56	208
NC_056190.1	k141_23758	9242	78.030	264	56	208
NC_056190.1	k141_11379	342	96.255	267	10	437
NC_056190.1	k141_11379	342	96.255	267	10	437
NC_056190.1	k141_37572	616	76.850	527	96	370
NC_056190.1	k141_37572	616	92.105	38	3	56.3
NC_056190.1	k141_51558	1769	93.220	236	15	351
NC_056190.1	k141_4237	1836	74.624	532	124	343
NC_056190.1	k141_4237	1836	74.624	532	124	343
NC_056190.1	k141_54682	3575	92.202	218	8	321
NC_056190.1	k141_54682	3575	92.202	218	8	321
NC_056190.1	k141_9577	778	80.745	322	47	297
NC_056190.1	k141_9577	778	84.211	114	14	124
NC_056190.1	k141_10884	1067	74.310	471	91	282
NC_056190.1	k141_10884	1067	74.310	471	91	282
NC_056190.1	k141_17857	1380	70.330	546	148	241
NC_056190.1	k141_51962	713	95.918	147	6	239
NC_056190.1	k141_51962	713	95.918	147	6	239
NC_056190.1	k141_5923	413	73.684	304	34	189
NC_056190.1	k141_42226	498	80.556	180	32	161
NC_056190.1	k141_20367	2995	85.000	140	21	159
NC_056190.1	k141_31688	717	97.778	90	2	154
NC_056190.1	k141_31688	717	97.778	90	2	154
NC_056190.1	k141_26319	1788	97.531	81	2	138
NC_056190.1	k141_45294	887	100.000	71	0	129
NC_056190.1	k141_45294	887	100.000	71	0	129
NC_056190.1	k141_9849	740	96.154	78	3	128
NC_056190.1	k141_9849	740	96.154	78	3	128
NC_056190.1	k141_21542	5234	88.298	94	6	121
NC_056190.1	k141_46470	411	92.308	78	6	114
NC_056190.1	k141_41634	494	93.333	60	4	91.5
NC_056190.1	k141_41634	494	93.333	60	4	91.5
NC_056190.1	k141_52074	451	81.818	88	12	82.4
NC_056190.1	k141_51694	906	74.380	121	31	79.7
NC_056190.1	k141_34017	697	85.185	54	8	62.6
MN564931.1	k141_38773	84563	84.519	12383	1569	13687
MN564931.1	k141_38773	84563	87.992	9502	833	12013
MN564931.1	k141_38773	84563	82.230	10647	1282	10604
MN564931.1	k141_38773	84563	82.437	5728	694	5738
MN564931.1	k141_38773	84563	80.140	4144	602	3715
MN564931.1	k141_38773	84563	83.272	3258	367	3413
MN564931.1	k141_38773	84563	74.965	3595	497	2411
MN564931.1	k141_38773	84563	86.270	1850	218	2188
MN564931.1	k141_38773	84563	84.797	1901	234	2158
MN564931.1	k141_38773	84563	80.300	2335	264	2134
MN564931.1	k141_38773	84563	77.392	2508	390	1947
MN564931.1	k141_38773	84563	80.986	1541	182	1419
MN564931.1	k141_38773	84563	77.219	1611	241	1302
MN564931.1	k141_38773	84563	79.445	1153	163	975
MN564931.1	k141_38773	84563	77.118	1263	191	897
MN564931.1	k141_38773	84563	84.392	756	77	838
MN564931.1	k141_38773	84563	73.205	1198	174	698
MN564931.1	k141_38773	84563	77.460	874	110	677
MN564931.1	k141_38773	84563	81.373	714	87	658
MN564931.1	k141_38773	84563	73.103	1041	175	584
MN564931.1	k141_38773	84563	79.630	486	75	403
MN564931.1	k141_38773	84563	74.944	447	72	293
MN564931.1	k141_38773	84563	80.405	296	41	275
MN564931.1	k141_38773	84563	79.605	304	45	267
MN564931.1	k141_38773	84563	68.373	879	192	266
MN564931.1	k141_38773	84563	78.864	317	46	262
MN564931.1	k141_38773	84563	78.275	313	54	258
MN564931.1	k141_38773	84563	78.838	241	28	204
MN564931.1	k141_38773	84563	87.417	151	19	187
MN564931.1	k141_38773	84563	87.500	144	12	176
MN564931.1	k141_38773	84563	84.713	157	16	174
MN564931.1	k141_38773	84563	90.164	122	12	167
MN564931.1	k141_38773	84563	92.793	111	8	165
MN564931.1	k141_38773	84563	69.173	399	58	161
MN564931.1	k141_38773	84563	85.106	141	13	159
MN564931.1	k141_38773	84563	85.106	141	13	159
MN564931.1	k141_38773	84563	96.809	94	3	157
MN564931.1	k141_38773	84563	100.000	79	0	143
MN564931.1	k141_38773	84563	66.792	530	158	143
MN564931.1	k141_38773	84563	76.000	200	42	137
MN564931.1	k141_38773	84563	75.152	165	41	113
MN564931.1	k141_38773	84563	95.238	42	2	68.0
MN564931.1	k141_38773	84563	73.786	103	25	58.1
MN564931.1	k141_38773	84563	85.714	42	6	50.0
MN564931.1	k141_38773	84563	82.979	47	8	50.0
MN564931.1	k141_38773	84563	87.179	39	5	49.1
MN564931.1	k141_38773	84563	72.857	70	19	41.9
MN564931.1	k141_38773	84563	71.084	83	18	39.2
MN564931.1	k141_29416	24425	95.103	5657	190	8892
MN564931.1	k141_29416	24425	95.103	5657	190	8892
MN564931.1	k141_29416	24425	92.946	5373	195	8039
MN564931.1	k141_29416	24425	92.946	5373	195	8039
MN564931.1	k141_29416	24425	86.731	3964	359	4784
MN564931.1	k141_29416	24425	86.731	3964	359	4784
MN564931.1	k141_29416	24425	96.639	2648	74	4352
MN564931.1	k141_29416	24425	96.639	2648	74	4352
MN564931.1	k141_29416	24425	91.828	2276	121	3267
MN564931.1	k141_29416	24425	91.828	2276	121	3267
MN564931.1	k141_29416	24425	84.987	1199	105	1383
MN564931.1	k141_29416	24425	84.987	1199	105	1383
MN564931.1	k141_29416	24425	87.790	819	50	1040
MN564931.1	k141_29416	24425	87.790	819	50	1040
MN564931.1	k141_29416	24425	86.596	567	58	683
MN564931.1	k141_29416	24425	86.596	567	58	683
MN564931.1	k141_29416	24425	87.033	509	37	625
MN564931.1	k141_29416	24425	87.033	509	37	625
MN564931.1	k141_29416	24425	87.967	482	43	613
MN564931.1	k141_29416	24425	87.967	482	43	613
MN564931.1	k141_29416	24425	92.000	325	22	464
MN564931.1	k141_29416	24425	92.000	325	22	464
MN564931.1	k141_29416	24425	100.000	42	0	77.0
MN564931.1	k141_29416	24425	87.097	62	6	69.8
MN564931.1	k141_29416	24425	87.097	62	6	69.8
MN564931.1	k141_29416	24425	92.857	42	3	63.5
MN564931.1	k141_29416	24425	86.842	38	5	47.3
MN564931.1	k141_44574	18780	82.746	3292	471	3315
MN564931.1	k141_44574	18780	82.756	2714	379	2762
MN564931.1	k141_44574	18780	80.833	2306	380	2150
MN564931.1	k141_44574	18780	83.873	1389	162	1493
MN564931.1	k141_44574	18780	77.225	1427	261	1072
MN564931.1	k141_44574	18780	74.250	567	94	376
MN564931.1	k141_44574	18780	74.250	567	94	376
MN564931.1	k141_44574	18780	86.054	294	41	346
MN564931.1	k141_44574	18780	86.054	294	41	346
MN564931.1	k141_44574	18780	73.592	515	106	339
MN564931.1	k141_44574	18780	73.592	515	106	339
MN564931.1	k141_44574	18780	82.642	265	30	277
MN564931.1	k141_44574	18780	67.773	633	143	219
MN564931.1	k141_44574	18780	67.773	633	143	219
MN564931.1	k141_44574	18780	93.548	124	8	188
MN564931.1	k141_44574	18780	93.548	124	8	188
MN564931.1	k141_44574	18780	78.488	172	37	144
MN564931.1	k141_44574	18780	78.488	172	37	144
MN564931.1	k141_44574	18780	81.295	139	18	123
MN564931.1	k141_44574	18780	81.295	139	18	123
MN564931.1	k141_44574	18780	90.566	53	5	74.3
MN564931.1	k141_44574	18780	97.619	42	1	72.5
MN564931.1	k141_44574	18780	97.436	39	1	67.1
MN564931.1	k141_44574	18780	97.436	39	1	67.1
MN564931.1	k141_44574	18780	86.842	38	5	47.3
MN564931.1	k141_44574	18780	86.842	38	5	47.3
MN564931.1	k141_35530	934	95.039	383	18	602
MN564931.1	k141_23758	9242	72.551	878	209	450
MN564931.1	k141_23758	9242	72.551	878	209	450
MN564931.1	k141_23758	9242	79.167	264	53	222
MN564931.1	k141_23758	9242	79.167	264	53	222
MN564931.1	k141_11379	342	94.007	267	16	410
MN564931.1	k141_11379	342	94.007	267	16	410
MN564931.1	k141_9577	778	85.714	308	44	358
MN564931.1	k141_9577	778	82.456	114	16	115
MN564931.1	k141_51558	1769	90.164	244	21	331
MN564931.1	k141_4237	1836	74.060	532	127	330
MN564931.1	k141_4237	1836	74.060	532	127	330
MN564931.1	k141_54682	3575	91.743	218	9	316
MN564931.1	k141_54682	3575	91.743	218	9	316
MN564931.1	k141_10884	1067	74.946	467	95	281
MN564931.1	k141_10884	1067	74.946	467	95	281
MN564931.1	k141_17857	1380	72.124	452	118	237
MN564931.1	k141_51962	713	93.793	145	9	222
MN564931.1	k141_51962	713	93.793	145	9	222
MN564931.1	k141_5923	413	74.832	298	40	196
MN564931.1	k141_37572	616	80.769	182	24	172
MN564931.1	k141_37572	616	79.570	186	18	169
MN564931.1	k141_37572	616	92.105	38	3	56.3
MN564931.1	k141_26319	1788	97.500	80	2	136
MN564931.1	k141_20367	2995	81.429	140	26	136
MN564931.1	k141_45294	887	100.000	71	0	129
MN564931.1	k141_45294	887	100.000	71	0	129
MN564931.1	k141_9849	740	96.154	78	3	128
MN564931.1	k141_9849	740	96.154	78	3	128
MN564931.1	k141_20994	2004	73.298	191	45	112
MN564931.1	k141_46470	411	91.026	78	7	110
MN564931.1	k141_31688	717	95.522	67	3	108
MN564931.1	k141_31688	717	95.522	67	3	108
MN564931.1	k141_52074	451	88.889	72	5	93.3
MN564931.1	k141_21542	5234	82.418	91	13	86.9
MN564931.1	k141_41634	494	94.545	55	3	86.9
MN564931.1	k141_41634	494	94.545	55	3	86.9
MN564931.1	k141_51694	906	71.613	155	38	74.3
MN564931.1	k141_34017	697	87.037	54	7	67.1
NC_031651.1	k141_38773	84563	85.158	12350	1259	13940
NC_031651.1	k141_38773	84563	78.736	13544	1875	11288
NC_031651.1	k141_38773	84563	83.076	8148	1166	8471
NC_031651.1	k141_38773	84563	84.311	4570	560	4948
NC_031651.1	k141_38773	84563	85.942	4197	512	4903
NC_031651.1	k141_38773	84563	81.165	4258	522	4019
NC_031651.1	k141_38773	84563	77.232	4401	716	3362
NC_031651.1	k141_38773	84563	86.942	1815	188	2195
NC_031651.1	k141_38773	84563	83.417	1990	291	2101
NC_031651.1	k141_38773	84563	77.974	1698	274	1381
NC_031651.1	k141_38773	84563	88.462	1066	86	1366
NC_031651.1	k141_38773	84563	85.914	1001	116	1152
NC_031651.1	k141_38773	84563	76.482	1586	284	1147
NC_031651.1	k141_38773	84563	76.042	1607	243	1142
NC_031651.1	k141_38773	84563	81.158	1019	145	943
NC_031651.1	k141_38773	84563	77.655	1177	177	930
NC_031651.1	k141_38773	84563	74.017	1501	227	898
NC_031651.1	k141_38773	84563	74.398	1246	208	783
NC_031651.1	k141_38773	84563	76.254	1116	151	773
NC_031651.1	k141_38773	84563	80.317	757	102	691
NC_031651.1	k141_38773	84563	75.190	919	155	592
NC_031651.1	k141_38773	84563	81.754	570	83	543
NC_031651.1	k141_38773	84563	73.250	643	100	382
NC_031651.1	k141_38773	84563	77.800	491	83	373
NC_031651.1	k141_38773	84563	78.188	298	45	241
NC_031651.1	k141_38773	84563	83.410	217	25	231
NC_031651.1	k141_38773	84563	78.205	234	43	182
NC_031651.1	k141_38773	84563	92.727	110	8	163
NC_031651.1	k141_38773	84563	95.294	85	4	136
NC_031651.1	k141_38773	84563	90.625	96	9	133
NC_031651.1	k141_38773	84563	66.998	403	121	130
NC_031651.1	k141_38773	84563	75.000	188	36	124
NC_031651.1	k141_38773	84563	81.203	133	21	123
NC_031651.1	k141_38773	84563	90.805	87	8	122
NC_031651.1	k141_38773	84563	74.545	165	42	109
NC_031651.1	k141_38773	84563	96.610	59	2	98.7
NC_031651.1	k141_38773	84563	81.633	49	9	49.1
NC_031651.1	k141_38773	84563	83.333	42	7	45.5
NC_031651.1	k141_29416	24425	91.288	9263	591	13113
NC_031651.1	k141_29416	24425	91.807	9081	570	13067
NC_031651.1	k141_29416	24425	94.613	5476	158	8566
NC_031651.1	k141_29416	24425	94.613	5476	158	8566
NC_031651.1	k141_29416	24425	91.621	5454	228	7852
NC_031651.1	k141_29416	24425	91.621	5454	228	7852
NC_031651.1	k141_29416	24425	96.636	2646	77	4355
NC_031651.1	k141_29416	24425	96.636	2646	77	4355
NC_031651.1	k141_29416	24425	85.404	966	71	1112
NC_031651.1	k141_29416	24425	85.404	966	71	1112
NC_031651.1	k141_29416	24425	86.621	441	47	532
NC_031651.1	k141_29416	24425	84.514	381	36	411
NC_031651.1	k141_29416	24425	84.514	381	36	411
NC_031651.1	k141_29416	24425	91.304	115	10	163
NC_031651.1	k141_29416	24425	91.304	115	10	163
NC_031651.1	k141_29416	24425	89.655	58	6	78.8
NC_031651.1	k141_29416	24425	97.619	42	1	72.5
NC_031651.1	k141_29416	24425	97.619	42	1	72.5
NC_031651.1	k141_29416	24425	97.619	42	1	72.5
NC_031651.1	k141_44574	18780	81.837	3342	500	3257
NC_031651.1	k141_44574	18780	82.007	2840	377	2813
NC_031651.1	k141_44574	18780	80.071	2248	405	2029
NC_031651.1	k141_44574	18780	84.137	1513	182	1627
NC_031651.1	k141_44574	18780	77.786	1274	230	1003
NC_031651.1	k141_44574	18780	65.539	2069	500	480
NC_031651.1	k141_44574	18780	79.365	441	71	381
NC_031651.1	k141_44574	18780	70.333	691	163	293
NC_031651.1	k141_44574	18780	68.659	686	160	273
NC_031651.1	k141_44574	18780	81.223	229	31	222
NC_031651.1	k141_44574	18780	85.811	148	21	173
NC_031651.1	k141_44574	18780	91.837	49	4	71.6
NC_031651.1	k141_44574	18780	97.436	39	1	67.1
NC_031651.1	k141_44574	18780	97.436	39	1	67.1
NC_031651.1	k141_44574	18780	84.000	50	8	55.4
NC_031651.1	k141_44574	18780	89.474	38	4	51.8
NC_031651.1	k141_44574	18780	89.474	38	4	51.8
NC_031651.1	k141_35530	934	94.256	383	21	589
NC_031651.1	k141_23758	9242	72.872	881	201	461
NC_031651.1	k141_23758	9242	72.872	881	201	461
NC_031651.1	k141_23758	9242	78.409	264	55	213
NC_031651.1	k141_23758	9242	78.409	264	55	213
NC_031651.1	k141_11379	342	93.633	267	17	406
NC_031651.1	k141_11379	342	93.633	267	17	406
NC_031651.1	k141_11379	342	92.405	79	6	116
NC_031651.1	k141_11379	342	92.405	79	6	116
NC_031651.1	k141_37572	616	76.908	498	80	362
NC_031651.1	k141_37572	616	97.368	38	1	65.3
NC_031651.1	k141_4237	1836	74.436	532	125	339
NC_031651.1	k141_4237	1836	74.436	532	125	339
NC_031651.1	k141_51558	1769	90.688	247	20	336
NC_031651.1	k141_54682	3575	92.202	218	8	321
NC_031651.1	k141_54682	3575	92.202	218	8	321
NC_031651.1	k141_10884	1067	74.090	467	99	281
NC_031651.1	k141_10884	1067	74.090	467	99	281
NC_031651.1	k141_51962	713	93.878	147	9	225
NC_031651.1	k141_51962	713	93.878	147	9	225
NC_031651.1	k141_9577	778	82.464	211	37	214
NC_031651.1	k141_9577	778	82.143	112	16	112
NC_031651.1	k141_17857	1380	69.216	536	155	205
NC_031651.1	k141_5923	413	74.257	303	43	200
NC_031651.1	k141_31688	717	96.667	90	3	150
NC_031651.1	k141_31688	717	96.667	90	3	150
NC_031651.1	k141_20367	2995	83.824	136	22	147
NC_031651.1	k141_9849	740	96.154	78	3	128
NC_031651.1	k141_9849	740	96.154	78	3	128
NC_031651.1	k141_45294	887	98.592	71	1	124
NC_031651.1	k141_45294	887	98.592	71	1	124
NC_031651.1	k141_46470	411	94.872	78	4	123
NC_031651.1	k141_26319	1788	100.000	55	0	100
NC_031651.1	k141_41634	494	94.444	54	3	85.1
NC_031651.1	k141_41634	494	94.444	54	3	85.1
NC_031651.1	k141_52074	451	97.826	46	1	79.7
NC_031651.1	k141_21542	5234	86.441	59	5	69.8
NC_031651.1	k141_34017	697	95.238	42	2	68.0
NC_031651.1	k141_51694	906	68.862	167	46	59.9
NC_031651.1	k141_15234	363	87.755	49	5	59.0
NC_031651.1	k141_15234	363	87.755	49	5	59.0
NC_031651.1	k141_49792	963	90.244	41	4	57.2
MW366789.1	k141_29416	24425	90.537	5284	325	7199
MW366789.1	k141_29416	24425	90.537	5284	325	7199
MW366789.1	k141_29416	24425	88.768	4585	361	5956
MW366789.1	k141_29416	24425	88.768	4585	361	5956
MW366789.1	k141_29416	24425	91.755	1795	100	2569
MW366789.1	k141_29416	24425	91.755	1795	100	2569
MW366789.1	k141_29416	24425	89.236	1728	144	2276
MW366789.1	k141_29416	24425	89.348	1718	144	2273
MW366789.1	k141_29416	24425	83.994	631	57	682
MW366789.1	k141_29416	24425	83.994	631	57	682
MW366789.1	k141_29416	24425	84.652	417	35	454
MW366789.1	k141_29416	24425	84.652	417	35	454
MW366789.1	k141_29416	24425	84.652	417	35	454
MW366789.1	k141_29416	24425	80.952	336	38	315
MW366789.1	k141_29416	24425	80.952	336	38	315
MW366789.1	k141_29416	24425	96.350	137	5	225
MW366789.1	k141_29416	24425	96.350	137	5	225
MW366789.1	k141_29416	24425	88.372	172	20	221
MW366789.1	k141_29416	24425	88.372	172	20	221
MW366789.1	k141_29416	24425	90.972	144	13	202
MW366789.1	k141_29416	24425	90.972	144	13	202
MW366789.1	k141_29416	24425	84.091	176	27	188
MW366789.1	k141_29416	24425	84.091	176	27	188
MW366789.1	k141_29416	24425	82.278	158	14	159
MW366789.1	k141_29416	24425	82.278	158	14	159
MW366789.1	k141_29416	24425	87.395	119	9	149
MW366789.1	k141_29416	24425	93.478	92	6	140
MW366789.1	k141_29416	24425	93.478	92	6	140
MW366789.1	k141_29416	24425	87.342	79	5	98.7
MW366789.1	k141_29416	24425	87.342	79	5	98.7
MW366789.1	k141_29416	24425	91.045	67	6	96.9
MW366789.1	k141_29416	24425	91.045	67	6	95.1
MW366789.1	k141_29416	24425	97.619	42	1	72.5
MW366789.1	k141_29416	24425	97.619	42	1	72.5
MW366789.1	k141_29416	24425	89.796	49	5	67.1
MW366789.1	k141_29416	24425	89.796	49	5	67.1
MW366789.1	k141_29416	24425	89.796	49	5	67.1
MW366789.1	k141_29416	24425	94.737	38	2	60.8
MW366789.1	k141_29416	24425	92.308	39	3	58.1
MW366789.1	k141_38773	84563	78.467	8243	1466	6822
MW366789.1	k141_38773	84563	88.983	5219	535	6780
MW366789.1	k141_38773	84563	88.983	5219	535	6780
MW366789.1	k141_38773	84563	80.298	4629	697	4156
MW366789.1	k141_38773	84563	89.316	2705	258	3563
MW366789.1	k141_38773	84563	74.646	4094	785	2612
MW366789.1	k141_38773	84563	80.094	2542	411	2281
MW366789.1	k141_38773	84563	84.982	1931	286	2170
MW366789.1	k141_38773	84563	85.177	1781	234	2000
MW366789.1	k141_38773	84563	82.377	1725	278	1733
MW366789.1	k141_38773	84563	78.639	1910	372	1553
MW366789.1	k141_38773	84563	74.469	2072	451	1319
MW366789.1	k141_38773	84563	77.151	1685	252	1266
MW366789.1	k141_38773	84563	75.949	1659	298	1181
MW366789.1	k141_38773	84563	82.803	1099	146	1124
MW366789.1	k141_38773	84563	85.618	890	112	1030
MW366789.1	k141_38773	84563	79.390	1082	165	904
MW366789.1	k141_38773	84563	73.926	1001	184	581
MW366789.1	k141_38773	84563	79.460	667	125	579
MW366789.1	k141_38773	84563	69.452	1113	251	461
MW366789.1	k141_38773	84563	72.469	879	145	461
MW366789.1	k141_38773	84563	84.783	414	58	454
MW366789.1	k141_38773	84563	71.856	803	173	433
MW366789.1	k141_38773	84563	74.412	680	113	421
MW366789.1	k141_38773	84563	75.504	645	112	416
MW366789.1	k141_38773	84563	73.222	661	155	383
MW366789.1	k141_38773	84563	73.322	596	145	340
MW366789.1	k141_38773	84563	76.960	421	65	324
MW366789.1	k141_38773	84563	76.960	421	65	324
MW366789.1	k141_38773	84563	82.334	317	45	312
MW366789.1	k141_38773	84563	75.110	454	109	309
MW366789.1	k141_38773	84563	70.042	711	148	291
MW366789.1	k141_38773	84563	71.936	563	111	288
MW366789.1	k141_38773	84563	78.068	383	65	285
MW366789.1	k141_38773	84563	72.624	526	92	284
MW366789.1	k141_38773	84563	84.549	233	34	256
MW366789.1	k141_38773	84563	76.694	369	66	242
MW366789.1	k141_38773	84563	67.198	878	213	241
MW366789.1	k141_38773	84563	83.333	234	25	233
MW366789.1	k141_38773	84563	74.438	356	89	225
MW366789.1	k141_38773	84563	79.184	245	39	201
MW366789.1	k141_38773	84563	92.143	140	10	200
MW366789.1	k141_38773	84563	73.262	374	69	198
MW366789.1	k141_38773	84563	82.888	187	28	188
MW366789.1	k141_38773	84563	83.152	184	27	187
MW366789.1	k141_38773	84563	77.686	242	44	180
MW366789.1	k141_38773	84563	88.652	141	11	178
MW366789.1	k141_38773	84563	76.860	242	46	171
MW366789.1	k141_38773	84563	71.906	299	66	150
MW366789.1	k141_38773	84563	93.750	96	6	147
MW366789.1	k141_38773	84563	83.099	142	23	145
MW366789.1	k141_38773	84563	92.857	98	4	144
MW366789.1	k141_38773	84563	92.857	98	4	144
MW366789.1	k141_38773	84563	92.784	97	7	144
MW366789.1	k141_38773	84563	79.191	173	27	141
MW366789.1	k141_38773	84563	73.191	235	42	137
MW366789.1	k141_38773	84563	64.837	583	190	119
MW366789.1	k141_38773	84563	64.837	583	190	119
MW366789.1	k141_38773	84563	75.758	165	40	118
MW366789.1	k141_38773	84563	75.758	165	40	118
MW366789.1	k141_38773	84563	82.456	114	20	116
MW366789.1	k141_38773	84563	85.149	101	12	113
MW366789.1	k141_38773	84563	92.208	77	6	113
MW366789.1	k141_38773	84563	87.234	94	8	111
MW366789.1	k141_38773	84563	70.742	229	41	108
MW366789.1	k141_38773	84563	88.095	84	10	107
MW366789.1	k141_38773	84563	65.509	403	127	103
MW366789.1	k141_38773	84563	65.509	403	127	103
MW366789.1	k141_38773	84563	91.781	73	5	102
MW366789.1	k141_38773	84563	91.304	69	6	98.7
MW366789.1	k141_38773	84563	86.301	73	10	87.8
MW366789.1	k141_38773	84563	73.759	141	26	85.1
MW366789.1	k141_38773	84563	83.133	83	12	80.6
MW366789.1	k141_38773	84563	79.104	67	14	59.0
MW366789.1	k141_38773	84563	79.104	67	14	59.0
MW366789.1	k141_38773	84563	68.966	116	36	48.2
MW366789.1	k141_38773	84563	68.966	116	36	48.2
MW366789.1	k141_38773	84563	79.592	49	10	44.6
MW366789.1	k141_44574	18780	81.230	4358	629	4085
MW366789.1	k141_44574	18780	81.230	4358	629	4085
MW366789.1	k141_44574	18780	80.201	1894	356	1716
MW366789.1	k141_44574	18780	76.090	2225	475	1590
MW366789.1	k141_44574	18780	73.161	1196	245	716
MW366789.1	k141_44574	18780	81.789	615	110	602
MW366789.1	k141_44574	18780	81.789	615	110	602
MW366789.1	k141_44574	18780	78.474	367	73	294
MW366789.1	k141_44574	18780	97.561	41	1	70.7
MW366789.1	k141_44574	18780	83.019	53	9	56.3
MW366789.1	k141_44574	18780	86.842	38	5	47.3
MW366789.1	k141_44574	18780	86.842	38	5	47.3
MW366789.1	k141_35530	934	91.623	382	31	542
MW366789.1	k141_35530	934	91.623	382	31	542
MW366789.1	k141_23758	9242	72.036	894	200	432
MW366789.1	k141_23758	9242	72.036	894	200	432
MW366789.1	k141_23758	9242	84.783	46	7	52.7
MW366789.1	k141_23758	9242	84.783	46	7	52.7
MW366789.1	k141_51558	1769	94.643	224	12	351
MW366789.1	k141_51558	1769	94.643	224	12	351
MW366789.1	k141_4237	1836	74.060	532	127	330
MW366789.1	k141_4237	1836	74.060	532	127	330
MW366789.1	k141_10884	1067	75.375	467	95	293
MW366789.1	k141_10884	1067	75.375	467	95	293
MW366789.1	k141_17857	1380	72.250	400	105	218
MW366789.1	k141_37572	616	73.611	360	51	216
MW366789.1	k141_11379	342	83.523	176	28	184
MW366789.1	k141_11379	342	83.523	176	28	184
MW366789.1	k141_11379	342	88.800	125	13	159
MW366789.1	k141_9577	778	77.083	192	44	149
MW366789.1	k141_26319	1788	97.561	82	2	140
MW366789.1	k141_26319	1788	97.561	82	2	140
MW366789.1	k141_5923	413	71.648	261	50	128
MW366789.1	k141_45294	887	94.366	71	4	111
MW366789.1	k141_45294	887	94.366	71	4	111
MW366789.1	k141_20367	2995	76.351	148	35	110
MW366789.1	k141_46470	411	87.179	78	10	96.9
MW366789.1	k141_52074	451	95.556	45	2	73.4
MW366789.1	k141_51694	906	76.596	94	22	71.6
MW366789.1	k141_18554	4070	85.455	55	8	64.4
MW366789.1	k141_37063	859	92.683	41	3	61.7
MW366789.1	k141_37063	859	92.683	41	3	61.7
MW366789.1	k141_34017	697	83.333	54	9	58.1
MW366789.1	k141_34017	697	83.333	54	9	58.1
MW366789.1	k141_49792	963	87.805	41	5	52.7
KT899950.1	k141_38773	84563	83.478	12462	1641	13203
KT899950.1	k141_38773	84563	80.047	10294	1369	9111
KT899950.1	k141_38773	84563	89.118	5909	519	7694
KT899950.1	k141_38773	84563	85.221	4290	491	4886
KT899950.1	k141_38773	84563	86.589	3542	315	4238
KT899950.1	k141_38773	84563	81.067	3898	564	3675
KT899950.1	k141_38773	84563	83.490	2871	361	3012
KT899950.1	k141_38773	84563	86.754	1827	220	2193
KT899950.1	k141_38773	84563	82.134	2127	243	2125
KT899950.1	k141_38773	84563	81.315	2205	332	2120
KT899950.1	k141_38773	84563	88.889	1332	106	1742
KT899950.1	k141_38773	84563	75.467	2409	438	1656
KT899950.1	k141_38773	84563	76.142	1970	379	1435
KT899950.1	k141_38773	84563	88.803	1036	78	1349
KT899950.1	k141_38773	84563	82.319	1216	174	1221
KT899950.1	k141_38773	84563	74.547	1544	212	1019
KT899950.1	k141_38773	84563	80.359	1003	131	886
KT899950.1	k141_38773	84563	77.003	1161	164	853
KT899950.1	k141_38773	84563	85.014	734	103	821
KT899950.1	k141_38773	84563	74.883	1278	213	820
KT899950.1	k141_38773	84563	80.518	657	79	585
KT899950.1	k141_38773	84563	76.073	769	110	530
KT899950.1	k141_38773	84563	79.392	592	98	499
KT899950.1	k141_38773	84563	74.639	761	123	471
KT899950.1	k141_38773	84563	81.553	412	53	390
KT899950.1	k141_38773	84563	74.371	636	92	387
KT899950.1	k141_38773	84563	75.850	588	104	383
KT899950.1	k141_38773	84563	79.528	381	46	315
KT899950.1	k141_38773	84563	91.089	202	18	284
KT899950.1	k141_38773	84563	80.192	313	48	267
KT899950.1	k141_38773	84563	79.798	297	49	267
KT899950.1	k141_38773	84563	80.714	280	32	255
KT899950.1	k141_38773	84563	79.435	248	28	221
KT899950.1	k141_38773	84563	79.439	214	24	197
KT899950.1	k141_38773	84563	95.745	94	4	152
KT899950.1	k141_38773	84563	75.556	225	40	145
KT899950.1	k141_38773	84563	100.000	78	0	141
KT899950.1	k141_38773	84563	95.455	88	4	141
KT899950.1	k141_38773	84563	89.423	104	11	139
KT899950.1	k141_38773	84563	76.364	165	39	123
KT899950.1	k141_38773	84563	65.922	537	153	122
KT899950.1	k141_38773	84563	78.676	136	25	110
KT899950.1	k141_38773	84563	92.958	71	5	106
KT899950.1	k141_38773	84563	80.180	111	22	102
KT899950.1	k141_38773	84563	72.143	140	34	68.9
KT899950.1	k141_38773	84563	71.242	153	29	65.3
KT899950.1	k141_38773	84563	87.179	39	5	49.1
KT899950.1	k141_38773	84563	74.286	70	18	46.4
KT899950.1	k141_38773	84563	73.438	64	17	40.1
KT899950.1	k141_29416	24425	90.686	9276	611	12917
KT899950.1	k141_29416	24425	91.044	9122	593	12839
KT899950.1	k141_29416	24425	94.399	5660	178	8755
KT899950.1	k141_29416	24425	94.399	5660	178	8755
KT899950.1	k141_29416	24425	91.648	5436	235	7815
KT899950.1	k141_29416	24425	91.648	5436	235	7815
KT899950.1	k141_29416	24425	96.500	2657	69	4363
KT899950.1	k141_29416	24425	96.500	2657	69	4363
KT899950.1	k141_29416	24425	91.003	867	53	1217
KT899950.1	k141_29416	24425	91.003	867	53	1217
KT899950.1	k141_29416	24425	85.859	990	63	1170
KT899950.1	k141_29416	24425	85.859	990	63	1170
KT899950.1	k141_29416	24425	95.238	42	2	68.0
KT899950.1	k141_29416	24425	95.238	42	2	68.0
KT899950.1	k141_29416	24425	94.872	39	2	62.6
KT899950.1	k141_29416	24425	86.842	38	5	47.3
KT899950.1	k141_44574	18780	83.885	2718	357	2874
KT899950.1	k141_44574	18780	83.739	2054	304	2190
KT899950.1	k141_44574	18780	80.206	2334	410	2102
KT899950.1	k141_44574	18780	83.735	1371	178	1445
KT899950.1	k141_44574	18780	81.255	1147	181	1072
KT899950.1	k141_44574	18780	78.337	1251	218	1024
KT899950.1	k141_44574	18780	64.862	2678	607	560
KT899950.1	k141_44574	18780	84.491	432	52	473
KT899950.1	k141_44574	18780	84.491	432	52	473
KT899950.1	k141_44574	18780	70.761	749	158	370
KT899950.1	k141_44574	18780	73.469	539	111	307
KT899950.1	k141_44574	18780	77.852	298	46	245
KT899950.1	k141_44574	18780	91.971	137	11	198
KT899950.1	k141_44574	18780	91.971	137	11	198
KT899950.1	k141_44574	18780	97.619	42	1	72.5
KT899950.1	k141_44574	18780	97.436	39	1	67.1
KT899950.1	k141_44574	18780	97.436	39	1	67.1
KT899950.1	k141_44574	18780	79.104	67	13	55.4
KT899950.1	k141_44574	18780	86.842	38	5	47.3
KT899950.1	k141_44574	18780	86.842	38	5	47.3
KT899950.1	k141_35530	934	93.995	383	22	584
KT899950.1	k141_23758	9242	72.902	882	199	464
KT899950.1	k141_23758	9242	72.902	882	199	464
KT899950.1	k141_23758	9242	78.409	264	55	213
KT899950.1	k141_23758	9242	78.409	264	55	213
KT899950.1	k141_11379	342	92.135	267	21	388
KT899950.1	k141_11379	342	92.135	267	21	388
KT899950.1	k141_51558	1769	93.590	234	14	352
KT899950.1	k141_4237	1836	74.436	532	125	339
KT899950.1	k141_4237	1836	74.436	532	125	339
KT899950.1	k141_54682	3575	90.826	218	11	307
KT899950.1	k141_54682	3575	90.826	218	11	307
KT899950.1	k141_37572	616	72.163	564	92	288
KT899950.1	k141_37572	616	94.737	38	2	60.8
KT899950.1	k141_10884	1067	74.522	471	90	287
KT899950.1	k141_10884	1067	74.522	471	90	287
KT899950.1	k141_5923	413	79.478	268	31	240
KT899950.1	k141_9577	778	77.707	314	54	239
KT899950.1	k141_9577	778	86.486	111	11	132
KT899950.1	k141_51962	713	91.034	145	13	204
KT899950.1	k141_51962	713	91.034	145	13	204
KT899950.1	k141_17857	1380	70.203	443	124	194
KT899950.1	k141_20994	2004	79.524	210	37	182
KT899950.1	k141_20367	2995	87.143	140	18	172
KT899950.1	k141_49792	963	72.303	343	51	159
KT899950.1	k141_31688	717	96.667	90	3	150
KT899950.1	k141_31688	717	96.667	90	3	150
KT899950.1	k141_42226	498	79.006	181	35	150
KT899950.1	k141_26319	1788	97.436	78	2	132
KT899950.1	k141_52074	451	70.323	310	71	132
KT899950.1	k141_43500	2668	86.538	104	11	123
KT899950.1	k141_9849	740	94.872	78	4	123
KT899950.1	k141_9849	740	94.872	78	4	123
KT899950.1	k141_45294	887	97.183	71	2	120
KT899950.1	k141_45294	887	97.183	71	2	120
KT899950.1	k141_46470	411	91.026	78	7	110
KT899950.1	k141_41634	494	98.148	54	1	94.2
KT899950.1	k141_41634	494	98.148	54	1	94.2
KT899950.1	k141_51694	906	70.659	167	43	73.4
KT899950.1	k141_34017	697	85.185	54	8	62.6
GU191334.1	k141_29416	24425	90.534	3391	245	4647
GU191334.1	k141_29416	24425	90.534	3391	245	4647
GU191334.1	k141_29416	24425	86.871	2643	239	3156
GU191334.1	k141_29416	24425	86.871	2643	239	3156
GU191334.1	k141_29416	24425	78.937	997	146	829
GU191334.1	k141_29416	24425	78.937	997	146	829
GU191334.1	k141_29416	24425	75.976	666	153	469
GU191334.1	k141_29416	24425	75.339	442	109	306
GU191334.1	k141_29416	24425	72.710	524	143	301
GU191334.1	k141_29416	24425	69.104	670	177	285
GU191334.1	k141_29416	24425	77.273	308	70	241
GU191334.1	k141_29416	24425	88.485	165	16	206
GU191334.1	k141_29416	24425	88.485	165	16	206
GU191334.1	k141_29416	24425	94.937	79	4	125
GU191334.1	k141_29416	24425	94.937	79	4	125
GU191334.1	k141_29416	24425	89.286	84	9	112
GU191334.1	k141_29416	24425	90.667	75	7	104
GU191334.1	k141_29416	24425	90.667	75	7	104
GU191334.1	k141_29416	24425	89.474	76	8	102
GU191334.1	k141_29416	24425	86.957	46	6	57.2
GU191334.1	k141_38773	84563	82.159	4540	808	4529
GU191334.1	k141_38773	84563	83.504	2443	401	2582
GU191334.1	k141_38773	84563	84.225	1439	227	1572
GU191334.1	k141_38773	84563	69.274	3694	1016	1445
GU191334.1	k141_38773	84563	89.464	1082	112	1435
GU191334.1	k141_38773	84563	80.192	1565	308	1423
GU191334.1	k141_38773	84563	77.641	1789	379	1397
GU191334.1	k141_38773	84563	72.837	2323	542	1335
GU191334.1	k141_38773	84563	85.031	648	97	732
GU191334.1	k141_38773	84563	72.993	1096	286	634
GU191334.1	k141_38773	84563	75.955	890	210	627
GU191334.1	k141_38773	84563	75.027	913	192	616
GU191334.1	k141_38773	84563	70.328	1311	355	583
GU191334.1	k141_38773	84563	82.826	559	89	569
GU191334.1	k141_38773	84563	76.374	728	158	515
GU191334.1	k141_38773	84563	79.926	543	107	486
GU191334.1	k141_38773	84563	73.775	694	178	426
GU191334.1	k141_38773	84563	66.796	1542	413	414
GU191334.1	k141_38773	84563	78.788	495	103	413
GU191334.1	k141_38773	84563	74.798	619	99	398
GU191334.1	k141_38773	84563	77.753	445	94	348
GU191334.1	k141_38773	84563	70.525	743	206	334
GU191334.1	k141_38773	84563	78.747	367	78	311
GU191334.1	k141_38773	84563	82.879	257	44	266
GU191334.1	k141_38773	84563	69.219	666	195	251
GU191334.1	k141_38773	84563	69.069	666	179	239
GU191334.1	k141_38773	84563	78.292	281	61	233
GU191334.1	k141_38773	84563	72.038	422	118	230
GU191334.1	k141_38773	84563	71.076	446	114	219
GU191334.1	k141_38773	84563	75.748	301	73	214
GU191334.1	k141_38773	84563	67.488	649	199	204
GU191334.1	k141_38773	84563	79.426	209	43	184
GU191334.1	k141_38773	84563	68.468	444	105	184
GU191334.1	k141_38773	84563	79.275	193	40	168
GU191334.1	k141_38773	84563	77.293	229	48	165
GU191334.1	k141_38773	84563	69.302	430	101	146
GU191334.1	k141_38773	84563	80.000	145	16	134
GU191334.1	k141_38773	84563	73.394	218	58	132
GU191334.1	k141_38773	84563	80.882	136	26	129
GU191334.1	k141_38773	84563	69.463	298	91	128
GU191334.1	k141_38773	84563	94.937	79	4	125
GU191334.1	k141_38773	84563	92.045	88	6	124
GU191334.1	k141_38773	84563	82.114	123	22	123
GU191334.1	k141_38773	84563	84.685	111	16	121
GU191334.1	k141_38773	84563	79.412	136	28	120
GU191334.1	k141_38773	84563	95.890	73	3	119
GU191334.1	k141_38773	84563	75.758	165	40	118
GU191334.1	k141_38773	84563	93.243	74	5	112
GU191334.1	k141_38773	84563	93.243	74	5	112
GU191334.1	k141_38773	84563	92.105	76	6	111
GU191334.1	k141_38773	84563	67.630	346	72	111
GU191334.1	k141_38773	84563	80.451	133	21	110
GU191334.1	k141_38773	84563	90.909	77	7	108
GU191334.1	k141_38773	84563	76.812	138	23	104
GU191334.1	k141_38773	84563	88.312	77	9	99.6
GU191334.1	k141_38773	84563	75.000	148	22	96.9
GU191334.1	k141_38773	84563	72.941	170	42	86.0
GU191334.1	k141_38773	84563	77.311	119	18	84.2
GU191334.1	k141_38773	84563	76.106	113	27	83.3
GU191334.1	k141_38773	84563	80.000	90	18	82.4
GU191334.1	k141_38773	84563	85.915	71	9	80.6
GU191334.1	k141_38773	84563	65.778	225	31	78.8
GU191334.1	k141_38773	84563	77.320	97	22	77.0
GU191334.1	k141_38773	84563	78.313	83	18	69.8
GU191334.1	k141_38773	84563	97.368	38	1	65.3
GU191334.1	k141_38773	84563	76.712	73	17	56.3
GU191334.1	k141_38773	84563	85.417	48	6	52.7
GU191334.1	k141_38773	84563	65.563	151	42	43.7
GU191334.1	k141_44574	18780	77.210	1742	389	1333
GU191334.1	k141_44574	18780	70.961	1832	492	884
GU191334.1	k141_44574	18780	74.722	1171	243	736
GU191334.1	k141_44574	18780	71.753	1409	372	717
GU191334.1	k141_44574	18780	67.117	815	223	240
GU191334.1	k141_44574	18780	74.277	311	80	201
GU191334.1	k141_44574	18780	92.593	81	6	120
GU191334.1	k141_44574	18780	78.704	108	23	92.4
GU191334.1	k141_44574	18780	74.419	129	31	77.9
GU191334.1	k141_44574	18780	81.395	43	8	42.8
GU191334.1	k141_44574	18780	81.395	43	8	42.8
GU191334.1	k141_23758	9242	73.073	895	197	473
GU191334.1	k141_23758	9242	73.073	895	197	473
GU191334.1	k141_23758	9242	78.030	264	56	208
GU191334.1	k141_23758	9242	78.030	264	56	208
GU191334.1	k141_35530	934	87.363	364	45	446
GU191334.1	k141_4237	1836	74.388	531	127	335
GU191334.1	k141_4237	1836	74.388	531	127	335
GU191334.1	k141_10884	1067	74.304	467	98	281
GU191334.1	k141_10884	1067	74.304	467	98	281
GU191334.1	k141_17857	1380	71.332	443	123	222
GU191334.1	k141_51558	1769	80.851	235	44	218
GU191334.1	k141_11379	342	95.000	80	4	127
GU191334.1	k141_11379	342	95.000	80	4	127
GU191334.1	k141_37572	616	89.157	83	9	110
GU191334.1	k141_37572	616	87.342	79	10	98.7
GU191334.1	k141_26319	1788	87.342	79	10	98.7
GU191334.1	k141_51694	906	72.561	164	45	94.2
GU191334.1	k141_46470	411	86.301	73	10	87.8
GU191334.1	k141_52074	451	95.556	45	2	73.4
GU191334.1	k141_5923	413	90.000	40	4	55.4
GU191334.1	k141_9577	778	76.923	52	12	41.0
GU191334.1	k141_43314	1153	83.333	36	6	39.2
