MZ962720.1	k141_48354	122559	78.301	8415	1559	6855
MZ962720.1	k141_48354	122559	89.868	4856	300	6492
MZ962720.1	k141_48354	122559	89.868	4856	300	6492
MZ962720.1	k141_48354	122559	86.682	5271	617	6323
MZ962720.1	k141_48354	122559	78.633	5822	864	4684
MZ962720.1	k141_48354	122559	85.344	3009	261	3461
MZ962720.1	k141_48354	122559	85.344	3009	261	3461
MZ962720.1	k141_48354	122559	90.755	2477	229	3435
MZ962720.1	k141_48354	122559	85.157	2614	267	2899
MZ962720.1	k141_48354	122559	85.157	2614	267	2899
MZ962720.1	k141_48354	122559	81.932	2308	359	2277
MZ962720.1	k141_48354	122559	81.932	2308	359	2277
MZ962720.1	k141_48354	122559	75.709	3281	572	2261
MZ962720.1	k141_48354	122559	86.011	1830	256	2147
MZ962720.1	k141_48354	122559	74.361	3323	693	2075
MZ962720.1	k141_48354	122559	83.210	1763	217	1845
MZ962720.1	k141_48354	122559	83.210	1763	217	1845
MZ962720.1	k141_48354	122559	86.998	1469	189	1782
MZ962720.1	k141_48354	122559	76.567	2202	475	1615
MZ962720.1	k141_48354	122559	79.898	1771	286	1585
MZ962720.1	k141_48354	122559	77.979	1880	362	1508
MZ962720.1	k141_48354	122559	89.076	1126	117	1478
MZ962720.1	k141_48354	122559	83.181	1201	180	1244
MZ962720.1	k141_48354	122559	83.181	1201	180	1244
MZ962720.1	k141_48354	122559	84.221	976	117	1055
MZ962720.1	k141_48354	122559	72.475	1911	301	1049
MZ962720.1	k141_48354	122559	85.161	775	112	878
MZ962720.1	k141_48354	122559	79.296	995	180	845
MZ962720.1	k141_48354	122559	78.059	989	194	795
MZ962720.1	k141_48354	122559	69.583	1966	495	767
MZ962720.1	k141_48354	122559	81.774	620	56	620
MZ962720.1	k141_48354	122559	82.343	606	103	606
MZ962720.1	k141_48354	122559	82.343	606	103	606
MZ962720.1	k141_48354	122559	75.702	819	155	566
MZ962720.1	k141_48354	122559	88.249	417	29	541
MZ962720.1	k141_48354	122559	88.249	417	29	541
MZ962720.1	k141_48354	122559	70.798	1065	171	474
MZ962720.1	k141_48354	122559	69.390	1114	268	462
MZ962720.1	k141_48354	122559	77.875	574	125	456
MZ962720.1	k141_48354	122559	77.875	574	125	456
MZ962720.1	k141_48354	122559	75.652	575	102	396
MZ962720.1	k141_48354	122559	75.652	575	102	396
MZ962720.1	k141_48354	122559	84.404	327	39	362
MZ962720.1	k141_48354	122559	72.784	643	137	343
MZ962720.1	k141_48354	122559	70.000	710	114	320
MZ962720.1	k141_48354	122559	82.132	319	57	319
MZ962720.1	k141_48354	122559	86.531	245	28	289
MZ962720.1	k141_48354	122559	69.775	579	116	287
MZ962720.1	k141_48354	122559	74.155	414	98	264
MZ962720.1	k141_48354	122559	78.616	318	59	258
MZ962720.1	k141_48354	122559	72.944	377	63	238
MZ962720.1	k141_48354	122559	83.636	220	31	235
MZ962720.1	k141_48354	122559	79.779	272	50	230
MZ962720.1	k141_48354	122559	68.046	604	106	226
MZ962720.1	k141_48354	122559	82.569	218	33	223
MZ962720.1	k141_48354	122559	69.074	540	129	215
MZ962720.1	k141_48354	122559	64.342	1276	286	214
MZ962720.1	k141_48354	122559	78.868	265	31	213
MZ962720.1	k141_48354	122559	72.000	400	74	206
MZ962720.1	k141_48354	122559	83.938	193	30	205
MZ962720.1	k141_48354	122559	83.938	193	30	205
MZ962720.1	k141_48354	122559	83.590	195	30	201
MZ962720.1	k141_48354	122559	83.590	195	30	201
MZ962720.1	k141_48354	122559	78.947	228	29	199
MZ962720.1	k141_48354	122559	78.947	228	29	199
MZ962720.1	k141_48354	122559	80.288	208	32	195
MZ962720.1	k141_48354	122559	80.288	208	32	195
MZ962720.1	k141_48354	122559	83.784	185	21	194
MZ962720.1	k141_48354	122559	69.126	515	114	190
MZ962720.1	k141_48354	122559	69.126	515	114	190
MZ962720.1	k141_48354	122559	84.211	171	22	187
MZ962720.1	k141_48354	122559	75.445	281	59	183
MZ962720.1	k141_48354	122559	80.500	200	30	180
MZ962720.1	k141_48354	122559	80.500	200	30	180
MZ962720.1	k141_48354	122559	81.967	183	32	178
MZ962720.1	k141_48354	122559	67.912	589	165	178
MZ962720.1	k141_48354	122559	87.857	140	12	172
MZ962720.1	k141_48354	122559	79.426	209	36	168
MZ962720.1	k141_48354	122559	82.143	168	28	166
MZ962720.1	k141_48354	122559	82.209	163	29	164
MZ962720.1	k141_48354	122559	71.533	274	27	162
MZ962720.1	k141_48354	122559	92.793	111	7	161
MZ962720.1	k141_48354	122559	92.793	111	7	161
MZ962720.1	k141_48354	122559	80.000	185	29	157
MZ962720.1	k141_48354	122559	80.000	185	29	157
MZ962720.1	k141_48354	122559	79.891	184	33	156
MZ962720.1	k141_48354	122559	81.132	159	13	154
MZ962720.1	k141_48354	122559	92.233	103	8	150
MZ962720.1	k141_48354	122559	92.233	103	8	150
MZ962720.1	k141_48354	122559	97.753	89	1	149
MZ962720.1	k141_48354	122559	80.247	162	32	149
MZ962720.1	k141_48354	122559	80.337	178	23	148
MZ962720.1	k141_48354	122559	85.156	128	19	146
MZ962720.1	k141_48354	122559	75.829	211	41	142
MZ962720.1	k141_48354	122559	75.829	211	41	142
MZ962720.1	k141_48354	122559	94.444	90	5	141
MZ962720.1	k141_48354	122559	92.233	103	4	141
MZ962720.1	k141_48354	122559	70.847	295	36	141
MZ962720.1	k141_48354	122559	96.471	85	3	141
MZ962720.1	k141_48354	122559	96.471	85	3	141
MZ962720.1	k141_48354	122559	97.468	79	2	134
MZ962720.1	k141_48354	122559	97.468	79	2	134
MZ962720.1	k141_48354	122559	89.216	102	10	132
MZ962720.1	k141_48354	122559	95.122	82	3	127
MZ962720.1	k141_48354	122559	92.135	89	6	126
MZ962720.1	k141_48354	122559	95.062	81	3	125
MZ962720.1	k141_48354	122559	71.034	290	72	124
MZ962720.1	k141_48354	122559	81.955	133	20	123
MZ962720.1	k141_48354	122559	84.746	118	14	123
MZ962720.1	k141_48354	122559	67.514	354	51	120
MZ962720.1	k141_48354	122559	67.514	354	51	120
MZ962720.1	k141_48354	122559	90.217	92	6	120
MZ962720.1	k141_48354	122559	74.863	183	44	116
MZ962720.1	k141_48354	122559	88.235	85	10	109
MZ962720.1	k141_48354	122559	81.905	105	15	104
MZ962720.1	k141_48354	122559	76.515	132	25	100
MZ962720.1	k141_48354	122559	88.000	75	9	96.0
MZ962720.1	k141_48354	122559	75.333	150	32	96.0
MZ962720.1	k141_48354	122559	89.041	73	7	93.3
MZ962720.1	k141_48354	122559	77.586	116	26	93.3
MZ962720.1	k141_48354	122559	77.586	116	26	93.3
MZ962720.1	k141_48354	122559	84.810	79	12	89.7
MZ962720.1	k141_48354	122559	85.526	76	7	87.8
MZ962720.1	k141_48354	122559	85.526	76	7	87.8
MZ962720.1	k141_48354	122559	79.787	94	19	85.1
MZ962720.1	k141_48354	122559	87.879	66	8	84.2
MZ962720.1	k141_48354	122559	78.889	90	19	77.9
MZ962720.1	k141_48354	122559	78.889	90	19	77.9
MZ962720.1	k141_48354	122559	78.889	90	19	77.9
MZ962720.1	k141_48354	122559	81.579	76	14	75.2
MZ962720.1	k141_48354	122559	97.619	42	1	72.5
MZ962720.1	k141_48354	122559	97.619	42	1	72.5
MZ962720.1	k141_48354	122559	71.111	135	39	68.9
MZ962720.1	k141_48354	122559	87.037	54	7	67.1
MZ962720.1	k141_48354	122559	96.970	33	1	56.3
MZ962720.1	k141_48354	122559	96.970	33	1	56.3
MZ962720.1	k141_48354	122559	90.000	40	4	55.4
MZ962720.1	k141_48354	122559	90.000	40	4	55.4
MZ962720.1	k141_48354	122559	71.845	103	19	47.3
MZ962720.1	k141_48354	122559	71.845	103	19	47.3
MZ962720.1	k141_48354	122559	74.242	66	17	43.7
MZ962720.1	k141_48354	122559	78.000	50	11	41.9
MZ962720.1	k141_48354	122559	78.000	50	11	41.9
MZ962720.1	k141_3592	2037	71.833	884	211	434
MZ962720.1	k141_3592	2037	71.833	884	211	434
MZ962720.1	k141_3592	2037	88.525	61	7	79.7
MZ962720.1	k141_3592	2037	88.525	61	7	79.7
MZ962720.1	k141_3592	2037	88.525	61	7	79.7
MZ962720.1	k141_24408	19019	69.772	923	210	370
MZ962720.1	k141_24408	19019	69.772	923	210	370
MZ962720.1	k141_48368	378	78.093	388	71	316
MZ962720.1	k141_48368	378	78.093	388	71	316
MZ962720.1	k141_19996	1435	97.857	140	3	240
MZ962720.1	k141_19996	1435	97.857	140	3	240
MZ962720.1	k141_9770	17289	66.175	813	236	222
MZ962720.1	k141_29480	504	77.512	209	43	165
MZ962720.1	k141_29480	504	77.512	209	43	165
MZ962720.1	k141_32041	373	81.707	164	25	152
MZ962720.1	k141_34514	4521	94.681	94	5	148
MZ962720.1	k141_33310	3299	100.000	80	0	145
MZ962720.1	k141_39103	6281	97.500	80	2	136
MZ962720.1	k141_39103	6281	97.500	80	2	136
MZ962720.1	k141_7837	333	71.889	217	61	117
MZ962720.1	k141_6436	1489	92.958	71	5	106
MZ962720.1	k141_6436	1489	84.615	65	10	73.4
MZ962720.1	k141_11978	380	84.884	86	13	97.8
MZ962720.1	k141_2166	4465	72.067	179	46	93.3
MZ962720.1	k141_2166	4465	72.067	179	46	93.3
MZ962720.1	k141_35523	3205	100.000	48	0	87.8
MZ962720.1	k141_35523	3205	100.000	48	0	87.8
MZ962720.1	k141_15910	835	81.250	80	15	77.9
MZ962720.1	k141_35456	4061	71.852	135	34	68.0
MZ962720.1	k141_51399	993	94.872	39	2	62.6
MZ962720.1	k141_51399	993	94.872	39	2	62.6
MZ962720.1	k141_43947	1398	73.913	69	16	41.9
MH569081.1	k141_48354	122559	87.899	5801	435	7231
MH569081.1	k141_48354	122559	87.899	5801	435	7231
MH569081.1	k141_48354	122559	85.675	5466	660	6326
MH569081.1	k141_48354	122559	76.670	7544	1234	5550
MH569081.1	k141_48354	122559	83.949	3844	362	4142
MH569081.1	k141_48354	122559	83.949	3844	362	4142
MH569081.1	k141_48354	122559	81.530	3855	633	3710
MH569081.1	k141_48354	122559	89.582	2486	259	3316
MH569081.1	k141_48354	122559	79.392	3358	593	2931
MH569081.1	k141_48354	122559	89.011	2184	146	2820
MH569081.1	k141_48354	122559	89.011	2184	146	2820
MH569081.1	k141_48354	122559	78.647	3044	498	2512
MH569081.1	k141_48354	122559	85.678	1976	223	2257
MH569081.1	k141_48354	122559	85.678	1976	223	2257
MH569081.1	k141_48354	122559	79.795	2247	371	1995
MH569081.1	k141_48354	122559	80.263	2128	380	1927
MH569081.1	k141_48354	122559	86.385	1491	203	1774
MH569081.1	k141_48354	122559	79.460	2001	350	1762
MH569081.1	k141_48354	122559	80.717	1758	263	1639
MH569081.1	k141_48354	122559	76.613	2232	459	1626
MH569081.1	k141_48354	122559	89.750	1200	110	1604
MH569081.1	k141_48354	122559	77.952	1914	366	1519
MH569081.1	k141_48354	122559	77.890	1782	321	1427
MH569081.1	k141_48354	122559	75.318	2042	315	1329
MH569081.1	k141_48354	122559	72.752	2213	500	1258
MH569081.1	k141_48354	122559	81.391	1193	182	1160
MH569081.1	k141_48354	122559	85.788	964	119	1106
MH569081.1	k141_48354	122559	78.693	995	184	820
MH569081.1	k141_48354	122559	79.909	881	156	774
MH569081.1	k141_48354	122559	79.909	881	156	774
MH569081.1	k141_48354	122559	76.034	1064	203	772
MH569081.1	k141_48354	122559	73.277	1190	235	707
MH569081.1	k141_48354	122559	69.772	1535	430	649
MH569081.1	k141_48354	122559	71.074	1248	222	623
MH569081.1	k141_48354	122559	80.915	634	117	593
MH569081.1	k141_48354	122559	88.489	417	32	542
MH569081.1	k141_48354	122559	88.489	417	32	542
MH569081.1	k141_48354	122559	70.333	991	191	416
MH569081.1	k141_48354	122559	76.568	542	90	389
MH569081.1	k141_48354	122559	82.822	326	46	341
MH569081.1	k141_48354	122559	65.579	1348	296	315
MH569081.1	k141_48354	122559	76.942	412	89	312
MH569081.1	k141_48354	122559	75.065	385	40	299
MH569081.1	k141_48354	122559	75.065	385	40	299
MH569081.1	k141_48354	122559	81.150	313	32	297
MH569081.1	k141_48354	122559	79.268	328	42	278
MH569081.1	k141_48354	122559	67.108	830	135	265
MH569081.1	k141_48354	122559	83.550	231	34	241
MH569081.1	k141_48354	122559	81.890	254	29	240
MH569081.1	k141_48354	122559	68.264	605	121	223
MH569081.1	k141_48354	122559	81.148	244	39	222
MH569081.1	k141_48354	122559	81.116	233	42	215
MH569081.1	k141_48354	122559	80.258	233	46	214
MH569081.1	k141_48354	122559	71.209	455	71	213
MH569081.1	k141_48354	122559	71.209	455	71	213
MH569081.1	k141_48354	122559	72.966	381	78	205
MH569081.1	k141_48354	122559	83.420	193	25	202
MH569081.1	k141_48354	122559	83.420	193	25	202
MH569081.1	k141_48354	122559	71.901	363	102	196
MH569081.1	k141_48354	122559	84.940	166	25	187
MH569081.1	k141_48354	122559	75.269	279	60	187
MH569081.1	k141_48354	122559	75.269	279	60	187
MH569081.1	k141_48354	122559	83.616	177	23	186
MH569081.1	k141_48354	122559	72.468	316	79	172
MH569081.1	k141_48354	122559	85.333	150	22	172
MH569081.1	k141_48354	122559	92.035	113	8	160
MH569081.1	k141_48354	122559	84.615	156	15	159
MH569081.1	k141_48354	122559	75.676	222	54	158
MH569081.1	k141_48354	122559	83.803	142	17	154
MH569081.1	k141_48354	122559	66.723	589	172	151
MH569081.1	k141_48354	122559	85.926	135	13	150
MH569081.1	k141_48354	122559	78.804	184	32	150
MH569081.1	k141_48354	122559	78.804	184	32	150
MH569081.1	k141_48354	122559	84.962	133	11	150
MH569081.1	k141_48354	122559	74.597	248	44	150
MH569081.1	k141_48354	122559	84.028	144	14	147
MH569081.1	k141_48354	122559	84.028	144	14	147
MH569081.1	k141_48354	122559	76.650	197	32	143
MH569081.1	k141_48354	122559	76.650	197	32	143
MH569081.1	k141_48354	122559	80.892	157	28	141
MH569081.1	k141_48354	122559	92.784	97	6	141
MH569081.1	k141_48354	122559	82.946	129	16	135
MH569081.1	k141_48354	122559	66.402	503	156	135
MH569081.1	k141_48354	122559	90.526	95	9	132
MH569081.1	k141_48354	122559	98.667	75	1	132
MH569081.1	k141_48354	122559	82.927	123	21	128
MH569081.1	k141_48354	122559	96.104	77	3	126
MH569081.1	k141_48354	122559	82.258	124	22	125
MH569081.1	k141_48354	122559	79.085	153	30	125
MH569081.1	k141_48354	122559	79.085	153	30	125
MH569081.1	k141_48354	122559	83.333	120	18	124
MH569081.1	k141_48354	122559	83.333	120	18	124
MH569081.1	k141_48354	122559	81.395	129	16	119
MH569081.1	k141_48354	122559	89.873	79	8	107
MH569081.1	k141_48354	122559	90.278	72	7	99.6
MH569081.1	k141_48354	122559	80.357	112	14	97.8
MH569081.1	k141_48354	122559	80.357	112	14	97.8
MH569081.1	k141_48354	122559	82.051	78	14	78.8
MH569081.1	k141_48354	122559	100.000	42	0	77.0
MH569081.1	k141_48354	122559	100.000	42	0	77.0
MH569081.1	k141_48354	122559	84.848	66	10	75.2
MH569081.1	k141_48354	122559	81.333	75	14	73.4
MH569081.1	k141_48354	122559	90.385	52	4	68.9
MH569081.1	k141_48354	122559	90.385	52	4	68.9
MH569081.1	k141_48354	122559	93.333	45	3	68.9
MH569081.1	k141_48354	122559	93.333	45	3	68.9
MH569081.1	k141_48354	122559	82.090	67	12	68.0
MH569081.1	k141_48354	122559	95.122	41	2	66.2
MH569081.1	k141_48354	122559	95.122	41	2	66.2
MH569081.1	k141_48354	122559	72.358	123	28	66.2
MH569081.1	k141_48354	122559	87.755	49	6	62.6
MH569081.1	k141_48354	122559	92.308	39	3	58.1
MH569081.1	k141_48354	122559	68.790	157	47	56.3
MH569081.1	k141_48354	122559	77.143	70	16	55.4
MH569081.1	k141_48354	122559	89.474	38	4	51.8
MH569081.1	k141_48354	122559	79.545	44	9	40.1
MH569081.1	k141_3592	2037	72.520	877	210	456
MH569081.1	k141_3592	2037	72.520	877	210	456
MH569081.1	k141_3592	2037	90.164	61	6	84.2
MH569081.1	k141_3592	2037	90.164	61	6	84.2
MH569081.1	k141_48368	378	83.641	379	61	401
MH569081.1	k141_48368	378	83.641	379	61	401
MH569081.1	k141_24408	19019	70.338	917	211	384
MH569081.1	k141_24408	19019	70.338	917	211	384
MH569081.1	k141_24408	19019	75.000	208	50	134
MH569081.1	k141_24408	19019	75.000	208	50	134
MH569081.1	k141_19996	1435	98.561	139	2	242
MH569081.1	k141_19996	1435	98.561	139	2	242
MH569081.1	k141_9770	17289	72.454	432	117	236
MH569081.1	k141_9770	17289	71.756	131	37	70.7
MH569081.1	k141_33310	3299	95.050	101	2	154
MH569081.1	k141_29480	504	76.329	207	45	152
MH569081.1	k141_29480	504	76.329	207	45	152
MH569081.1	k141_34514	4521	92.308	104	8	152
MH569081.1	k141_32041	373	79.394	165	29	136
MH569081.1	k141_39103	6281	95.238	84	4	134
MH569081.1	k141_39103	6281	95.238	84	4	134
MH569081.1	k141_5848	466	80.916	131	25	124
MH569081.1	k141_11978	380	82.114	123	19	117
MH569081.1	k141_6436	1489	94.286	70	4	109
MH569081.1	k141_6436	1489	80.000	70	14	64.4
MH569081.1	k141_37216	1703	96.721	61	1	98.7
MH569081.1	k141_37216	1703	96.721	61	1	98.7
MH569081.1	k141_7837	333	71.154	208	56	96.0
MH569081.1	k141_2166	4465	72.067	179	46	93.3
MH569081.1	k141_2166	4465	72.067	179	46	93.3
MH569081.1	k141_35523	3205	100.000	48	0	87.8
MH569081.1	k141_35523	3205	100.000	48	0	87.8
MH569081.1	k141_35456	4061	74.766	107	25	65.3
MH569081.1	k141_48832	1031	75.949	79	19	58.1
MH569081.1	k141_48832	1031	75.949	79	19	58.1
MH569081.1	k141_51399	993	92.308	39	3	58.1
MH569081.1	k141_51399	993	92.308	39	3	58.1
MH569081.1	k141_18300	6357	92.105	38	3	56.3
MH569081.1	k141_49244	366	86.842	38	5	47.3
MH569081.1	k141_22865	611	86.111	36	5	43.7
MH569081.1	k141_10992	1193	80.488	41	8	39.2
NC_033978.1	k141_48354	122559	85.189	8102	967	9209
NC_033978.1	k141_48354	122559	88.962	5943	482	7764
NC_033978.1	k141_48354	122559	92.541	5242	218	7649
NC_033978.1	k141_48354	122559	92.541	5242	218	7649
NC_033978.1	k141_48354	122559	83.958	5386	587	5784
NC_033978.1	k141_48354	122559	85.547	5051	506	5736
NC_033978.1	k141_48354	122559	87.546	4376	387	5429
NC_033978.1	k141_48354	122559	88.822	3847	262	4971
NC_033978.1	k141_48354	122559	88.822	3847	262	4971
NC_033978.1	k141_48354	122559	81.638	5032	620	4913
NC_033978.1	k141_48354	122559	82.075	4714	539	4702
NC_033978.1	k141_48354	122559	89.618	3140	238	4169
NC_033978.1	k141_48354	122559	88.557	3111	254	4044
NC_033978.1	k141_48354	122559	88.557	3111	254	4044
NC_033978.1	k141_48354	122559	81.056	4165	585	3958
NC_033978.1	k141_48354	122559	89.842	2717	183	3614
NC_033978.1	k141_48354	122559	89.842	2717	183	3614
NC_033978.1	k141_48354	122559	86.296	2408	238	2853
NC_033978.1	k141_48354	122559	90.163	2084	137	2828
NC_033978.1	k141_48354	122559	90.359	2064	131	2819
NC_033978.1	k141_48354	122559	84.479	2474	222	2819
NC_033978.1	k141_48354	122559	84.479	2474	222	2819
NC_033978.1	k141_48354	122559	89.424	2014	193	2672
NC_033978.1	k141_48354	122559	83.712	2419	333	2574
NC_033978.1	k141_48354	122559	86.508	2053	248	2426
NC_033978.1	k141_48354	122559	82.684	2206	196	2240
NC_033978.1	k141_48354	122559	85.992	1849	213	2146
NC_033978.1	k141_48354	122559	71.356	3348	680	1678
NC_033978.1	k141_48354	122559	83.920	1393	148	1486
NC_033978.1	k141_48354	122559	83.900	1354	206	1462
NC_033978.1	k141_48354	122559	77.843	1715	220	1407
NC_033978.1	k141_48354	122559	76.160	1745	274	1242
NC_033978.1	k141_48354	122559	85.251	1017	123	1151
NC_033978.1	k141_48354	122559	89.330	806	74	1055
NC_033978.1	k141_48354	122559	74.368	1502	254	957
NC_033978.1	k141_48354	122559	78.182	1100	106	884
NC_033978.1	k141_48354	122559	78.180	967	74	831
NC_033978.1	k141_48354	122559	78.180	967	74	831
NC_033978.1	k141_48354	122559	75.098	1277	196	818
NC_033978.1	k141_48354	122559	88.626	633	69	816
NC_033978.1	k141_48354	122559	88.626	633	69	816
NC_033978.1	k141_48354	122559	81.062	697	118	653
NC_033978.1	k141_48354	122559	81.062	697	118	653
NC_033978.1	k141_48354	122559	72.643	1082	159	628
NC_033978.1	k141_48354	122559	72.454	1031	139	584
NC_033978.1	k141_48354	122559	78.891	649	110	542
NC_033978.1	k141_48354	122559	75.429	700	85	508
NC_033978.1	k141_48354	122559	75.429	700	85	508
NC_033978.1	k141_48354	122559	74.728	827	126	489
NC_033978.1	k141_48354	122559	76.490	604	98	440
NC_033978.1	k141_48354	122559	73.444	723	112	439
NC_033978.1	k141_48354	122559	88.252	349	31	436
NC_033978.1	k141_48354	122559	72.792	702	100	407
NC_033978.1	k141_48354	122559	88.158	304	36	387
NC_033978.1	k141_48354	122559	82.121	330	51	333
NC_033978.1	k141_48354	122559	72.772	606	80	332
NC_033978.1	k141_48354	122559	67.797	767	151	312
NC_033978.1	k141_48354	122559	71.358	604	95	295
NC_033978.1	k141_48354	122559	80.782	307	27	286
NC_033978.1	k141_48354	122559	80.782	307	27	286
NC_033978.1	k141_48354	122559	74.785	349	36	258
NC_033978.1	k141_48354	122559	74.785	349	36	258
NC_033978.1	k141_48354	122559	95.541	157	7	252
NC_033978.1	k141_48354	122559	87.560	209	17	246
NC_033978.1	k141_48354	122559	76.571	350	62	244
NC_033978.1	k141_48354	122559	76.385	343	44	242
NC_033978.1	k141_48354	122559	76.385	343	44	242
NC_033978.1	k141_48354	122559	72.383	554	110	232
NC_033978.1	k141_48354	122559	74.293	389	68	222
NC_033978.1	k141_48354	122559	88.690	168	19	218
NC_033978.1	k141_48354	122559	69.482	521	96	213
NC_033978.1	k141_48354	122559	85.027	187	23	212
NC_033978.1	k141_48354	122559	68.182	528	91	197
NC_033978.1	k141_48354	122559	81.159	207	23	195
NC_033978.1	k141_48354	122559	74.820	278	44	187
NC_033978.1	k141_48354	122559	67.402	589	168	174
NC_033978.1	k141_48354	122559	81.215	181	15	164
NC_033978.1	k141_48354	122559	69.479	403	111	152
NC_033978.1	k141_48354	122559	82.099	162	15	152
NC_033978.1	k141_48354	122559	89.381	113	12	150
NC_033978.1	k141_48354	122559	89.565	115	8	144
NC_033978.1	k141_48354	122559	79.747	158	23	141
NC_033978.1	k141_48354	122559	98.734	79	1	139
NC_033978.1	k141_48354	122559	72.874	247	48	121
NC_033978.1	k141_48354	122559	81.667	120	20	111
NC_033978.1	k141_48354	122559	87.179	78	10	96.9
NC_033978.1	k141_48354	122559	79.348	92	8	86.9
NC_033978.1	k141_48354	122559	79.348	92	8	86.9
NC_033978.1	k141_48354	122559	81.319	91	11	85.1
NC_033978.1	k141_48354	122559	97.959	49	1	85.1
NC_033978.1	k141_48354	122559	87.500	64	8	80.6
NC_033978.1	k141_48354	122559	90.909	55	5	77.9
NC_033978.1	k141_48354	122559	90.909	55	5	77.9
NC_033978.1	k141_48354	122559	86.154	65	9	77.9
NC_033978.1	k141_48354	122559	100.000	41	0	75.2
NC_033978.1	k141_48354	122559	100.000	41	0	75.2
NC_033978.1	k141_48354	122559	70.130	154	19	73.4
NC_033978.1	k141_48354	122559	93.617	47	3	72.5
NC_033978.1	k141_48354	122559	100.000	39	0	71.6
NC_033978.1	k141_48354	122559	95.238	42	2	68.0
NC_033978.1	k141_48354	122559	95.238	42	2	68.0
NC_033978.1	k141_48354	122559	89.796	49	5	67.1
NC_033978.1	k141_48354	122559	95.000	40	2	64.4
NC_033978.1	k141_48354	122559	95.000	40	2	64.4
NC_033978.1	k141_48354	122559	95.000	40	2	64.4
NC_033978.1	k141_48354	122559	92.857	42	3	63.5
NC_033978.1	k141_48354	122559	86.842	38	5	47.3
NC_033978.1	k141_48354	122559	77.193	57	13	45.5
NC_033978.1	k141_48354	122559	72.727	66	18	39.2
NC_033978.1	k141_3592	2037	72.881	885	193	467
NC_033978.1	k141_3592	2037	72.881	885	193	467
NC_033978.1	k141_3592	2037	86.885	61	8	75.2
NC_033978.1	k141_3592	2037	86.885	61	8	75.2
NC_033978.1	k141_48368	378	84.697	379	57	419
NC_033978.1	k141_48368	378	84.697	379	57	419
NC_033978.1	k141_37019	1657	89.015	264	15	341
NC_033978.1	k141_37019	1657	89.015	264	15	341
NC_033978.1	k141_24408	19019	75.161	467	94	290
NC_033978.1	k141_24408	19019	75.161	467	94	290
NC_033978.1	k141_33310	3299	79.935	309	33	255
NC_033978.1	k141_19996	1435	98.630	146	2	255
NC_033978.1	k141_19996	1435	98.630	146	2	255
NC_033978.1	k141_9770	17289	66.667	825	236	248
NC_033978.1	k141_5848	466	93.571	140	9	213
NC_033978.1	k141_41861	463	82.439	205	25	205
NC_033978.1	k141_32041	373	89.630	135	14	181
NC_033978.1	k141_29480	504	77.295	207	43	161
NC_033978.1	k141_29480	504	77.295	207	43	161
NC_033978.1	k141_11978	380	81.212	165	27	149
NC_033978.1	k141_39103	6281	98.795	83	1	146
NC_033978.1	k141_39103	6281	98.795	83	1	146
NC_033978.1	k141_34514	4521	97.590	83	1	138
NC_033978.1	k141_34514	4521	72.609	230	44	122
NC_033978.1	k141_34514	4521	70.857	175	36	86.9
NC_033978.1	k141_6436	1489	94.521	73	4	114
NC_033978.1	k141_7837	333	72.115	208	54	104
NC_033978.1	k141_37216	1703	96.721	61	1	98.7
NC_033978.1	k141_37216	1703	96.721	61	1	98.7
NC_033978.1	k141_2166	4465	70.984	193	52	91.5
NC_033978.1	k141_2166	4465	70.984	193	52	91.5
NC_033978.1	k141_35523	3205	97.917	48	1	83.3
NC_033978.1	k141_35523	3205	97.917	48	1	83.3
NC_033978.1	k141_33774	608	91.228	57	5	81.5
NC_033978.1	k141_51399	993	87.500	56	7	70.7
NC_033978.1	k141_51399	993	94.872	39	2	62.6
NC_033978.1	k141_51399	993	94.872	39	2	62.6
NC_033978.1	k141_25307	5310	87.037	54	7	67.1
NC_033978.1	k141_35456	4061	77.500	80	18	64.4
NC_033978.1	k141_48832	1031	75.949	79	19	58.1
NC_033978.1	k141_48832	1031	75.949	79	19	58.1
NC_033978.1	k141_18300	6357	89.474	38	4	51.8
NC_033978.1	k141_10992	1193	78.723	47	10	41.0
MW006668.1	k141_48354	122559	81.196	9317	1432	8818
MW006668.1	k141_48354	122559	90.792	5267	271	7271
MW006668.1	k141_48354	122559	90.792	5267	271	7271
MW006668.1	k141_48354	122559	86.992	5781	562	7058
MW006668.1	k141_48354	122559	83.920	4291	522	4617
MW006668.1	k141_48354	122559	84.971	3846	379	4321
MW006668.1	k141_48354	122559	84.992	3698	367	4148
MW006668.1	k141_48354	122559	86.247	3403	428	4010
MW006668.1	k141_48354	122559	79.922	4129	643	3697
MW006668.1	k141_48354	122559	79.922	4129	643	3697
MW006668.1	k141_48354	122559	79.641	4008	508	3494
MW006668.1	k141_48354	122559	89.323	2557	187	3328
MW006668.1	k141_48354	122559	89.323	2557	187	3328
MW006668.1	k141_48354	122559	78.013	3502	540	2795
MW006668.1	k141_48354	122559	85.327	2140	294	2426
MW006668.1	k141_48354	122559	85.327	2140	294	2426
MW006668.1	k141_48354	122559	88.113	1834	182	2304
MW006668.1	k141_48354	122559	83.643	1938	283	2048
MW006668.1	k141_48354	122559	84.299	1847	224	2025
MW006668.1	k141_48354	122559	79.077	2146	256	1854
MW006668.1	k141_48354	122559	78.313	2264	450	1839
MW006668.1	k141_48354	122559	78.558	2150	304	1774
MW006668.1	k141_48354	122559	78.558	2150	304	1774
MW006668.1	k141_48354	122559	74.483	2708	508	1745
MW006668.1	k141_48354	122559	81.394	1478	207	1402
MW006668.1	k141_48354	122559	79.277	1549	258	1336
MW006668.1	k141_48354	122559	92.474	877	60	1281
MW006668.1	k141_48354	122559	92.474	877	60	1281
MW006668.1	k141_48354	122559	71.765	1824	305	1000
MW006668.1	k141_48354	122559	80.497	1046	139	981
MW006668.1	k141_48354	122559	82.973	693	89	736
MW006668.1	k141_48354	122559	86.842	608	77	735
MW006668.1	k141_48354	122559	86.842	608	77	735
MW006668.1	k141_48354	122559	76.337	1010	149	713
MW006668.1	k141_48354	122559	78.941	831	119	702
MW006668.1	k141_48354	122559	77.591	772	118	609
MW006668.1	k141_48354	122559	89.189	444	47	581
MW006668.1	k141_48354	122559	88.810	420	31	552
MW006668.1	k141_48354	122559	71.587	1084	188	545
MW006668.1	k141_48354	122559	73.671	771	133	494
MW006668.1	k141_48354	122559	76.226	673	103	490
MW006668.1	k141_48354	122559	88.187	364	29	458
MW006668.1	k141_48354	122559	70.509	1041	216	450
MW006668.1	k141_48354	122559	75.227	662	131	449
MW006668.1	k141_48354	122559	80.412	485	84	439
MW006668.1	k141_48354	122559	86.136	339	40	393
MW006668.1	k141_48354	122559	74.102	529	102	337
MW006668.1	k141_48354	122559	74.102	529	102	337
MW006668.1	k141_48354	122559	73.496	532	86	334
MW006668.1	k141_48354	122559	86.496	274	37	328
MW006668.1	k141_48354	122559	71.731	566	80	323
MW006668.1	k141_48354	122559	85.612	278	32	320
MW006668.1	k141_48354	122559	85.612	278	32	320
MW006668.1	k141_48354	122559	73.942	449	62	310
MW006668.1	k141_48354	122559	73.942	449	62	310
MW006668.1	k141_48354	122559	66.667	1056	187	305
MW006668.1	k141_48354	122559	69.984	613	93	296
MW006668.1	k141_48354	122559	76.650	394	58	291
MW006668.1	k141_48354	122559	76.650	394	58	291
MW006668.1	k141_48354	122559	78.834	326	55	277
MW006668.1	k141_48354	122559	79.114	316	42	277
MW006668.1	k141_48354	122559	67.941	680	97	263
MW006668.1	k141_48354	122559	72.811	434	59	246
MW006668.1	k141_48354	122559	84.729	203	28	216
MW006668.1	k141_48354	122559	82.547	212	27	216
MW006668.1	k141_48354	122559	86.047	172	19	203
MW006668.1	k141_48354	122559	82.439	205	30	200
MW006668.1	k141_48354	122559	85.227	176	17	196
MW006668.1	k141_48354	122559	82.584	178	12	186
MW006668.1	k141_48354	122559	72.376	362	61	184
MW006668.1	k141_48354	122559	72.376	362	61	184
MW006668.1	k141_48354	122559	82.716	162	28	167
MW006668.1	k141_48354	122559	69.142	431	117	166
MW006668.1	k141_48354	122559	74.704	253	39	164
MW006668.1	k141_48354	122559	68.579	401	59	162
MW006668.1	k141_48354	122559	75.771	227	53	159
MW006668.1	k141_48354	122559	77.990	209	38	155
MW006668.1	k141_48354	122559	80.588	170	27	150
MW006668.1	k141_48354	122559	97.701	87	2	149
MW006668.1	k141_48354	122559	85.714	126	18	147
MW006668.1	k141_48354	122559	80.117	171	26	145
MW006668.1	k141_48354	122559	84.921	126	19	142
MW006668.1	k141_48354	122559	82.143	140	16	140
MW006668.1	k141_48354	122559	82.143	140	16	140
MW006668.1	k141_48354	122559	86.325	117	14	137
MW006668.1	k141_48354	122559	82.222	135	15	135
MW006668.1	k141_48354	122559	80.851	141	19	132
MW006668.1	k141_48354	122559	94.872	78	4	123
MW006668.1	k141_48354	122559	94.872	78	4	123
MW006668.1	k141_48354	122559	75.000	188	44	122
MW006668.1	k141_48354	122559	75.000	188	44	122
MW006668.1	k141_48354	122559	75.460	163	40	114
MW006668.1	k141_48354	122559	82.857	105	14	108
MW006668.1	k141_48354	122559	91.781	73	6	105
MW006668.1	k141_48354	122559	96.491	57	2	95.1
MW006668.1	k141_48354	122559	96.491	57	2	95.1
MW006668.1	k141_48354	122559	89.855	69	7	94.2
MW006668.1	k141_48354	122559	89.855	69	7	94.2
MW006668.1	k141_48354	122559	83.333	78	13	83.3
MW006668.1	k141_48354	122559	68.333	240	57	81.5
MW006668.1	k141_48354	122559	100.000	42	0	77.0
MW006668.1	k141_48354	122559	100.000	42	0	77.0
MW006668.1	k141_48354	122559	80.952	84	15	77.0
MW006668.1	k141_48354	122559	79.775	89	17	77.0
MW006668.1	k141_48354	122559	78.652	89	19	76.1
MW006668.1	k141_48354	122559	100.000	41	0	75.2
MW006668.1	k141_48354	122559	93.617	47	3	72.5
MW006668.1	k141_48354	122559	80.488	82	12	71.6
MW006668.1	k141_48354	122559	80.488	82	12	71.6
MW006668.1	k141_48354	122559	91.837	49	4	71.6
MW006668.1	k141_48354	122559	91.837	49	4	71.6
MW006668.1	k141_48354	122559	87.273	55	7	68.9
MW006668.1	k141_48354	122559	95.238	42	2	68.0
MW006668.1	k141_48354	122559	75.532	94	23	67.1
MW006668.1	k141_48354	122559	75.532	94	23	67.1
MW006668.1	k141_48354	122559	89.796	49	5	67.1
MW006668.1	k141_48354	122559	95.000	40	2	64.4
MW006668.1	k141_48354	122559	92.857	42	3	63.5
MW006668.1	k141_48354	122559	94.872	39	2	62.6
MW006668.1	k141_48354	122559	70.543	129	38	62.6
MW006668.1	k141_48354	122559	83.051	59	9	59.0
MW006668.1	k141_48354	122559	83.051	59	9	59.0
MW006668.1	k141_48354	122559	73.118	93	25	56.3
MW006668.1	k141_48354	122559	73.118	93	25	56.3
MW006668.1	k141_48354	122559	82.456	57	8	56.3
MW006668.1	k141_48354	122559	82.456	57	8	56.3
MW006668.1	k141_48354	122559	81.818	55	10	55.4
MW006668.1	k141_48354	122559	81.818	55	10	55.4
MW006668.1	k141_48354	122559	83.333	48	8	51.8
MW006668.1	k141_48354	122559	83.333	48	8	51.8
MW006668.1	k141_48354	122559	83.333	48	8	51.8
MW006668.1	k141_48354	122559	83.333	48	8	51.8
MW006668.1	k141_48354	122559	86.842	38	5	47.3
MW006668.1	k141_48354	122559	78.182	55	12	46.4
MW006668.1	k141_48354	122559	78.182	55	12	46.4
MW006668.1	k141_48354	122559	78.182	55	12	46.4
MW006668.1	k141_48354	122559	78.182	55	12	46.4
MW006668.1	k141_48354	122559	78.182	55	12	46.4
MW006668.1	k141_48354	122559	78.182	55	12	46.4
MW006668.1	k141_48354	122559	78.182	55	12	46.4
MW006668.1	k141_48354	122559	78.182	55	12	46.4
MW006668.1	k141_48354	122559	78.182	55	12	46.4
MW006668.1	k141_48354	122559	78.182	55	12	46.4
MW006668.1	k141_48354	122559	83.333	42	7	45.5
MW006668.1	k141_48354	122559	81.818	44	8	44.6
MW006668.1	k141_3592	2037	72.009	886	200	438
MW006668.1	k141_3592	2037	72.009	886	200	438
MW006668.1	k141_3592	2037	85.246	61	9	70.7
MW006668.1	k141_3592	2037	85.246	61	9	70.7
MW006668.1	k141_48368	378	83.508	382	57	402
MW006668.1	k141_48368	378	83.508	382	57	402
MW006668.1	k141_24408	19019	70.076	919	216	368
MW006668.1	k141_24408	19019	70.076	919	216	368
MW006668.1	k141_19996	1435	99.281	139	1	247
MW006668.1	k141_19996	1435	99.281	139	1	247
MW006668.1	k141_9770	17289	66.316	760	217	221
MW006668.1	k141_33310	3299	77.917	240	27	191
MW006668.1	k141_32041	373	90.511	137	13	189
MW006668.1	k141_34514	4521	74.172	302	51	182
MW006668.1	k141_34514	4521	69.758	248	44	97.8
MW006668.1	k141_29480	504	77.295	207	43	161
MW006668.1	k141_29480	504	77.295	207	43	161
MW006668.1	k141_5848	466	83.969	131	21	142
MW006668.1	k141_39103	6281	96.386	83	3	137
MW006668.1	k141_39103	6281	96.386	83	3	137
MW006668.1	k141_6436	1489	94.521	73	4	114
MW006668.1	k141_11978	380	85.417	96	13	107
MW006668.1	k141_7837	333	70.874	206	60	102
MW006668.1	k141_15910	835	73.964	169	37	100
MW006668.1	k141_37216	1703	96.721	61	1	98.7
MW006668.1	k141_37216	1703	96.721	61	1	98.7
MW006668.1	k141_51007	382	80.208	96	8	89.7
MW006668.1	k141_2166	4465	70.157	191	57	88.7
MW006668.1	k141_35523	3205	100.000	48	0	87.8
MW006668.1	k141_35523	3205	100.000	48	0	87.8
MW006668.1	k141_33774	608	85.965	57	8	68.0
MW006668.1	k141_51399	993	94.872	39	2	62.6
MW006668.1	k141_51399	993	94.872	39	2	62.6
MW006668.1	k141_35456	4061	71.429	133	36	62.6
MW006668.1	k141_43947	1398	79.710	69	12	59.9
MW006668.1	k141_43947	1398	79.710	69	12	59.9
MW006668.1	k141_48832	1031	75.949	79	19	58.1
MW006668.1	k141_48832	1031	75.949	79	19	58.1
MW006668.1	k141_18300	6357	84.211	38	6	42.8
MW435436.1	k141_48354	122559	84.610	10715	1344	11876
MW435436.1	k141_48354	122559	83.430	7622	879	7983
MW435436.1	k141_48354	122559	92.709	5198	226	7624
MW435436.1	k141_48354	122559	92.709	5198	226	7624
MW435436.1	k141_48354	122559	89.617	5480	445	7349
MW435436.1	k141_48354	122559	83.943	4671	512	5032
MW435436.1	k141_48354	122559	85.857	3698	347	4245
MW435436.1	k141_48354	122559	89.209	3086	202	4084
MW435436.1	k141_48354	122559	89.209	3086	202	4084
MW435436.1	k141_48354	122559	89.227	2729	168	3575
MW435436.1	k141_48354	122559	89.227	2729	168	3575
MW435436.1	k141_48354	122559	81.829	3346	452	3308
MW435436.1	k141_48354	122559	81.140	3351	486	3168
MW435436.1	k141_48354	122559	91.033	1974	128	2753
MW435436.1	k141_48354	122559	91.033	1974	128	2753
MW435436.1	k141_48354	122559	83.509	2468	251	2717
MW435436.1	k141_48354	122559	83.509	2468	251	2717
MW435436.1	k141_48354	122559	85.031	2405	314	2693
MW435436.1	k141_48354	122559	87.420	2019	230	2496
MW435436.1	k141_48354	122559	89.329	1818	176	2407
MW435436.1	k141_48354	122559	89.329	1818	176	2407
MW435436.1	k141_48354	122559	81.842	2258	368	2231
MW435436.1	k141_48354	122559	84.777	1997	254	2223
MW435436.1	k141_48354	122559	84.949	1774	195	2012
MW435436.1	k141_48354	122559	80.746	2119	240	1972
MW435436.1	k141_48354	122559	81.869	1980	317	1959
MW435436.1	k141_48354	122559	82.408	1910	264	1932
MW435436.1	k141_48354	122559	89.268	1230	115	1617
MW435436.1	k141_48354	122559	89.268	1230	115	1617
MW435436.1	k141_48354	122559	86.450	1321	146	1552
MW435436.1	k141_48354	122559	82.519	1310	205	1307
MW435436.1	k141_48354	122559	84.100	1195	135	1277
MW435436.1	k141_48354	122559	74.842	1737	269	1188
MW435436.1	k141_48354	122559	85.218	1008	118	1143
MW435436.1	k141_48354	122559	76.854	1456	242	1103
MW435436.1	k141_48354	122559	73.000	1700	294	1011
MW435436.1	k141_48354	122559	68.629	2531	563	910
MW435436.1	k141_48354	122559	73.541	1508	212	905
MW435436.1	k141_48354	122559	73.541	1508	212	905
MW435436.1	k141_48354	122559	87.950	639	68	801
MW435436.1	k141_48354	122559	87.950	639	68	801
MW435436.1	k141_48354	122559	74.718	1064	131	732
MW435436.1	k141_48354	122559	78.866	776	135	637
MW435436.1	k141_48354	122559	78.866	776	135	637
MW435436.1	k141_48354	122559	92.326	417	21	609
MW435436.1	k141_48354	122559	92.326	417	21	609
MW435436.1	k141_48354	122559	71.922	1186	177	608
MW435436.1	k141_48354	122559	87.629	485	60	605
MW435436.1	k141_48354	122559	74.000	950	177	569
MW435436.1	k141_48354	122559	76.636	749	123	524
MW435436.1	k141_48354	122559	89.086	394	29	512
MW435436.1	k141_48354	122559	89.086	394	29	512
MW435436.1	k141_48354	122559	68.761	1146	185	465
MW435436.1	k141_48354	122559	81.667	480	86	462
MW435436.1	k141_48354	122559	77.513	587	96	461
MW435436.1	k141_48354	122559	81.551	477	83	460
MW435436.1	k141_48354	122559	78.007	582	92	452
MW435436.1	k141_48354	122559	75.167	600	67	431
MW435436.1	k141_48354	122559	75.167	600	67	431
MW435436.1	k141_48354	122559	77.679	560	91	428
MW435436.1	k141_48354	122559	78.615	491	64	409
MW435436.1	k141_48354	122559	86.269	335	40	394
MW435436.1	k141_48354	122559	75.458	546	123	378
MW435436.1	k141_48354	122559	75.458	546	123	378
MW435436.1	k141_48354	122559	73.869	597	79	367
MW435436.1	k141_48354	122559	87.713	293	36	367
MW435436.1	k141_48354	122559	87.713	293	36	367
MW435436.1	k141_48354	122559	70.755	742	167	343
MW435436.1	k141_48354	122559	75.568	528	81	334
MW435436.1	k141_48354	122559	70.380	763	131	331
MW435436.1	k141_48354	122559	69.797	788	157	318
MW435436.1	k141_48354	122559	80.317	315	47	289
MW435436.1	k141_48354	122559	78.485	330	56	258
MW435436.1	k141_48354	122559	77.811	338	51	231
MW435436.1	k141_48354	122559	73.016	378	48	217
MW435436.1	k141_48354	122559	73.016	378	48	217
MW435436.1	k141_48354	122559	74.622	331	47	212
MW435436.1	k141_48354	122559	75.618	283	23	210
MW435436.1	k141_48354	122559	81.818	209	26	204
MW435436.1	k141_48354	122559	87.050	139	18	170
MW435436.1	k141_48354	122559	85.430	151	13	168
MW435436.1	k141_48354	122559	73.702	289	43	164
MW435436.1	k141_48354	122559	86.822	129	17	157
MW435436.1	k141_48354	122559	68.966	406	108	150
MW435436.1	k141_48354	122559	84.173	139	11	149
MW435436.1	k141_48354	122559	78.191	188	30	142
MW435436.1	k141_48354	122559	66.606	545	158	140
MW435436.1	k141_48354	122559	96.104	77	3	126
MW435436.1	k141_48354	122559	88.158	76	9	97.8
MW435436.1	k141_48354	122559	88.158	76	9	97.8
MW435436.1	k141_48354	122559	87.013	77	10	95.1
MW435436.1	k141_48354	122559	79.348	92	8	86.9
MW435436.1	k141_48354	122559	79.348	92	8	86.9
MW435436.1	k141_48354	122559	94.118	51	3	79.7
MW435436.1	k141_48354	122559	65.957	235	47	76.1
MW435436.1	k141_48354	122559	88.136	59	7	76.1
MW435436.1	k141_48354	122559	100.000	41	0	75.2
MW435436.1	k141_48354	122559	100.000	41	0	75.2
MW435436.1	k141_48354	122559	76.289	97	12	68.9
MW435436.1	k141_48354	122559	95.238	42	2	68.0
MW435436.1	k141_48354	122559	95.238	42	2	68.0
MW435436.1	k141_48354	122559	95.238	42	2	68.0
MW435436.1	k141_48354	122559	93.182	44	3	67.1
MW435436.1	k141_48354	122559	85.714	56	8	66.2
MW435436.1	k141_48354	122559	85.714	56	8	66.2
MW435436.1	k141_48354	122559	95.000	40	2	64.4
MW435436.1	k141_48354	122559	95.000	40	2	64.4
MW435436.1	k141_48354	122559	87.755	49	6	62.6
MW435436.1	k141_48354	122559	100.000	33	0	60.8
MW435436.1	k141_48354	122559	100.000	33	0	60.8
MW435436.1	k141_48354	122559	92.308	39	3	58.1
MW435436.1	k141_48354	122559	77.193	57	13	45.5
MW435436.1	k141_48354	122559	84.211	38	6	42.8
MW435436.1	k141_48354	122559	79.545	44	9	40.1
MW435436.1	k141_3592	2037	72.748	888	189	460
MW435436.1	k141_3592	2037	72.748	888	189	460
MW435436.1	k141_3592	2037	86.885	61	8	75.2
MW435436.1	k141_3592	2037	86.885	61	8	75.2
MW435436.1	k141_48368	378	84.169	379	59	410
MW435436.1	k141_48368	378	84.169	379	59	410
MW435436.1	k141_24408	19019	70.261	918	210	383
MW435436.1	k141_24408	19019	70.261	918	210	383
MW435436.1	k141_37019	1657	85.171	263	25	294
MW435436.1	k141_37019	1657	85.171	263	25	294
MW435436.1	k141_19996	1435	97.945	146	3	251
MW435436.1	k141_19996	1435	97.945	146	3	251
MW435436.1	k141_9770	17289	67.219	784	216	243
MW435436.1	k141_5848	466	93.571	140	9	213
MW435436.1	k141_41861	463	81.443	194	34	181
MW435436.1	k141_41861	463	81.443	194	34	181
MW435436.1	k141_32041	373	87.500	136	17	169
MW435436.1	k141_29480	504	77.778	207	42	166
MW435436.1	k141_29480	504	77.778	207	42	166
MW435436.1	k141_33310	3299	74.783	230	31	151
MW435436.1	k141_39103	6281	97.590	83	2	141
MW435436.1	k141_39103	6281	97.590	83	2	141
MW435436.1	k141_34514	4521	97.561	82	2	140
MW435436.1	k141_34514	4521	85.542	83	7	92.4
MW435436.1	k141_11978	380	82.353	136	23	134
MW435436.1	k141_6436	1489	93.151	73	5	110
MW435436.1	k141_15910	835	79.661	118	23	102
MW435436.1	k141_7837	333	71.498	207	57	101
MW435436.1	k141_2166	4465	72.527	182	46	98.7
MW435436.1	k141_2166	4465	72.527	182	46	98.7
MW435436.1	k141_37216	1703	96.721	61	1	98.7
MW435436.1	k141_37216	1703	96.721	61	1	98.7
MW435436.1	k141_35523	3205	100.000	48	0	87.8
MW435436.1	k141_35523	3205	100.000	48	0	87.8
MW435436.1	k141_33774	608	85.965	57	8	68.0
MW435436.1	k141_48832	1031	77.215	79	18	62.6
MW435436.1	k141_48832	1031	77.215	79	18	62.6
MW435436.1	k141_51399	993	94.872	39	2	62.6
MW435436.1	k141_51399	993	94.872	39	2	62.6
MW435436.1	k141_51399	993	83.929	56	9	61.7
MW435436.1	k141_51399	993	83.929	56	9	61.7
MW435436.1	k141_18300	6357	89.474	38	4	51.8
MW435436.1	k141_35456	4061	73.750	80	21	50.9
MW435436.1	k141_35456	4061	73.750	80	21	50.9
NC_037882.1	k141_48354	122559	84.863	12605	1595	14020
NC_037882.1	k141_48354	122559	82.746	7552	832	7733
NC_037882.1	k141_48354	122559	92.315	5244	210	7634
NC_037882.1	k141_48354	122559	92.315	5244	210	7634
NC_037882.1	k141_48354	122559	86.837	6131	565	7443
NC_037882.1	k141_48354	122559	86.424	4346	418	5149
NC_037882.1	k141_48354	122559	87.209	3862	256	4786
NC_037882.1	k141_48354	122559	87.209	3862	256	4786
NC_037882.1	k141_48354	122559	87.331	3615	309	4409
NC_037882.1	k141_48354	122559	79.886	4907	747	4360
NC_037882.1	k141_48354	122559	89.277	2723	186	3569
NC_037882.1	k141_48354	122559	89.277	2723	186	3569
NC_037882.1	k141_48354	122559	86.788	2142	264	2582
NC_037882.1	k141_48354	122559	87.895	2024	225	2537
NC_037882.1	k141_48354	122559	89.816	1797	165	2419
NC_037882.1	k141_48354	122559	89.816	1797	165	2419
NC_037882.1	k141_48354	122559	82.990	2281	343	2338
NC_037882.1	k141_48354	122559	86.845	1832	178	2257
NC_037882.1	k141_48354	122559	86.845	1832	178	2257
NC_037882.1	k141_48354	122559	85.407	1953	240	2224
NC_037882.1	k141_48354	122559	84.969	1763	218	1983
NC_037882.1	k141_48354	122559	85.587	1679	149	1904
NC_037882.1	k141_48354	122559	81.828	1860	208	1800
NC_037882.1	k141_48354	122559	76.841	2159	322	1647
NC_037882.1	k141_48354	122559	75.445	2358	460	1633
NC_037882.1	k141_48354	122559	87.040	1250	135	1531
NC_037882.1	k141_48354	122559	87.040	1250	135	1531
NC_037882.1	k141_48354	122559	83.467	1367	198	1436
NC_037882.1	k141_48354	122559	77.037	1694	242	1304
NC_037882.1	k141_48354	122559	91.268	836	62	1167
NC_037882.1	k141_48354	122559	91.268	836	62	1167
NC_037882.1	k141_48354	122559	84.334	1066	103	1151
NC_037882.1	k141_48354	122559	81.330	1173	152	1108
NC_037882.1	k141_48354	122559	82.071	1043	142	1030
NC_037882.1	k141_48354	122559	74.463	1629	268	1025
NC_037882.1	k141_48354	122559	66.946	3343	776	1015
NC_037882.1	k141_48354	122559	72.552	1501	231	820
NC_037882.1	k141_48354	122559	87.480	639	77	791
NC_037882.1	k141_48354	122559	87.480	639	77	791
NC_037882.1	k141_48354	122559	74.238	1083	135	695
NC_037882.1	k141_48354	122559	87.156	545	37	684
NC_037882.1	k141_48354	122559	87.156	545	37	684
NC_037882.1	k141_48354	122559	70.882	1384	232	658
NC_037882.1	k141_48354	122559	71.218	1223	139	654
NC_037882.1	k141_48354	122559	71.218	1223	139	654
NC_037882.1	k141_48354	122559	85.766	555	64	650
NC_037882.1	k141_48354	122559	85.766	555	64	650
NC_037882.1	k141_48354	122559	73.007	1204	226	643
NC_037882.1	k141_48354	122559	78.784	773	140	627
NC_037882.1	k141_48354	122559	78.784	773	140	627
NC_037882.1	k141_48354	122559	74.571	991	164	627
NC_037882.1	k141_48354	122559	92.806	417	19	623
NC_037882.1	k141_48354	122559	92.806	417	19	623
NC_037882.1	k141_48354	122559	77.745	674	119	527
NC_037882.1	k141_48354	122559	71.896	886	168	459
NC_037882.1	k141_48354	122559	73.208	795	129	455
NC_037882.1	k141_48354	122559	75.987	608	74	445
NC_037882.1	k141_48354	122559	75.987	608	74	445
NC_037882.1	k141_48354	122559	89.527	296	31	395
NC_037882.1	k141_48354	122559	89.527	296	31	395
NC_037882.1	k141_48354	122559	79.065	449	67	370
NC_037882.1	k141_48354	122559	88.104	269	31	338
NC_037882.1	k141_48354	122559	75.779	417	61	302
NC_037882.1	k141_48354	122559	79.037	353	64	290
NC_037882.1	k141_48354	122559	69.942	519	100	248
NC_037882.1	k141_48354	122559	72.082	437	59	237
NC_037882.1	k141_48354	122559	86.364	176	19	210
NC_037882.1	k141_48354	122559	89.474	152	16	203
NC_037882.1	k141_48354	122559	82.778	180	19	187
NC_037882.1	k141_48354	122559	90.000	140	13	187
NC_037882.1	k141_48354	122559	68.504	508	136	181
NC_037882.1	k141_48354	122559	83.436	163	27	173
NC_037882.1	k141_48354	122559	82.099	162	18	163
NC_037882.1	k141_48354	122559	85.401	137	9	159
NC_037882.1	k141_48354	122559	71.299	331	57	159
NC_037882.1	k141_48354	122559	90.598	117	6	158
NC_037882.1	k141_48354	122559	86.029	136	14	156
NC_037882.1	k141_48354	122559	80.606	165	32	154
NC_037882.1	k141_48354	122559	86.508	126	17	151
NC_037882.1	k141_48354	122559	94.565	92	5	144
NC_037882.1	k141_48354	122559	72.653	245	40	133
NC_037882.1	k141_48354	122559	92.391	92	6	132
NC_037882.1	k141_48354	122559	80.451	133	19	125
NC_037882.1	k141_48354	122559	89.000	100	8	125
NC_037882.1	k141_48354	122559	75.000	136	18	85.1
NC_037882.1	k141_48354	122559	87.879	66	8	84.2
NC_037882.1	k141_48354	122559	96.078	51	2	84.2
NC_037882.1	k141_48354	122559	82.895	76	13	79.7
NC_037882.1	k141_48354	122559	90.909	55	5	77.9
NC_037882.1	k141_48354	122559	77.174	92	10	77.9
NC_037882.1	k141_48354	122559	77.174	92	10	77.9
NC_037882.1	k141_48354	122559	93.878	49	3	76.1
NC_037882.1	k141_48354	122559	97.619	42	1	72.5
NC_037882.1	k141_48354	122559	97.619	42	1	72.5
NC_037882.1	k141_48354	122559	97.561	41	1	70.7
NC_037882.1	k141_48354	122559	97.561	41	1	70.7
NC_037882.1	k141_48354	122559	90.000	50	5	68.9
NC_037882.1	k141_48354	122559	90.000	50	5	68.9
NC_037882.1	k141_48354	122559	89.796	49	5	67.1
NC_037882.1	k141_48354	122559	72.034	118	33	65.3
NC_037882.1	k141_48354	122559	92.857	42	3	63.5
NC_037882.1	k141_48354	122559	92.857	42	3	63.5
NC_037882.1	k141_48354	122559	94.872	39	2	62.6
NC_037882.1	k141_48354	122559	66.981	212	41	62.6
NC_037882.1	k141_48354	122559	100.000	33	0	60.8
NC_037882.1	k141_48354	122559	100.000	33	0	60.8
NC_037882.1	k141_48354	122559	88.372	43	5	56.3
NC_037882.1	k141_48354	122559	88.372	43	5	56.3
NC_037882.1	k141_48354	122559	89.474	38	4	51.8
NC_037882.1	k141_48354	122559	78.947	57	12	50.0
NC_037882.1	k141_48354	122559	86.842	38	5	47.3
NC_037882.1	k141_3592	2037	72.768	885	194	462
NC_037882.1	k141_3592	2037	72.768	885	194	462
NC_037882.1	k141_3592	2037	86.885	61	8	75.2
NC_037882.1	k141_3592	2037	86.885	61	8	75.2
NC_037882.1	k141_48368	378	84.697	379	57	419
NC_037882.1	k141_48368	378	84.697	379	57	419
NC_037882.1	k141_24408	19019	70.153	918	211	379
NC_037882.1	k141_24408	19019	70.153	918	211	379
NC_037882.1	k141_37019	1657	84.791	263	26	289
NC_037882.1	k141_37019	1657	84.791	263	26	289
NC_037882.1	k141_19996	1435	97.945	146	3	251
NC_037882.1	k141_19996	1435	97.945	146	3	251
NC_037882.1	k141_9770	17289	68.098	652	194	215
NC_037882.1	k141_9770	17289	70.588	119	35	58.1
NC_037882.1	k141_5848	466	89.286	140	15	186
NC_037882.1	k141_32041	373	88.321	137	16	176
NC_037882.1	k141_33310	3299	75.686	255	34	175
NC_037882.1	k141_29480	504	77.295	207	43	161
NC_037882.1	k141_29480	504	77.295	207	43	161
NC_037882.1	k141_41861	463	79.365	189	31	155
NC_037882.1	k141_34514	4521	86.441	118	7	141
NC_037882.1	k141_34514	4521	68.908	238	40	96.0
NC_037882.1	k141_39103	6281	96.386	83	3	137
NC_037882.1	k141_39103	6281	96.386	83	3	137
NC_037882.1	k141_11978	380	79.832	119	24	107
NC_037882.1	k141_6436	1489	91.781	73	6	105
NC_037882.1	k141_7837	333	70.370	216	64	102
NC_037882.1	k141_2166	4465	72.021	193	50	100
NC_037882.1	k141_2166	4465	72.021	193	50	100
NC_037882.1	k141_37216	1703	96.721	61	1	98.7
NC_037882.1	k141_37216	1703	96.721	61	1	98.7
NC_037882.1	k141_15910	835	87.342	79	10	98.7
NC_037882.1	k141_51007	382	82.353	102	10	97.8
NC_037882.1	k141_35523	3205	100.000	48	0	87.8
NC_037882.1	k141_35523	3205	100.000	48	0	87.8
NC_037882.1	k141_35456	4061	80.000	80	16	73.4
NC_037882.1	k141_33774	608	87.719	57	7	72.5
NC_037882.1	k141_51399	993	94.872	39	2	62.6
NC_037882.1	k141_51399	993	94.872	39	2	62.6
NC_037882.1	k141_43947	1398	79.710	69	12	59.9
NC_037882.1	k141_48832	1031	75.949	79	19	58.1
NC_037882.1	k141_48832	1031	75.949	79	19	58.1
NC_037882.1	k141_18300	6357	82.456	57	9	55.4
NC_037882.1	k141_1107	581	90.625	32	3	45.5
NC_037882.1	k141_3915	854	83.784	37	6	41.0
NC_056190.1	k141_48354	122559	82.776	12593	1779	12927
NC_056190.1	k141_48354	122559	92.393	5206	242	7544
NC_056190.1	k141_48354	122559	92.393	5206	242	7544
NC_056190.1	k141_48354	122559	88.552	5503	521	7102
NC_056190.1	k141_48354	122559	84.140	4357	516	4725
NC_056190.1	k141_48354	122559	87.342	3800	272	4671
NC_056190.1	k141_48354	122559	87.342	3800	272	4671
NC_056190.1	k141_48354	122559	85.100	3698	392	4126
NC_056190.1	k141_48354	122559	79.144	4464	631	3827
NC_056190.1	k141_48354	122559	89.146	2727	186	3557
NC_056190.1	k141_48354	122559	89.146	2727	186	3557
NC_056190.1	k141_48354	122559	83.549	2936	346	3106
NC_056190.1	k141_48354	122559	80.184	3260	444	2911
NC_056190.1	k141_48354	122559	91.038	1975	135	2744
NC_056190.1	k141_48354	122559	91.038	1975	135	2744
NC_056190.1	k141_48354	122559	83.449	2453	247	2679
NC_056190.1	k141_48354	122559	83.449	2453	247	2679
NC_056190.1	k141_48354	122559	88.035	1822	188	2308
NC_056190.1	k141_48354	122559	88.035	1822	188	2308
NC_056190.1	k141_48354	122559	81.421	2379	360	2278
NC_056190.1	k141_48354	122559	84.162	1951	274	2090
NC_056190.1	k141_48354	122559	91.172	1212	87	1709
NC_056190.1	k141_48354	122559	73.983	2779	508	1708
NC_056190.1	k141_48354	122559	77.353	2146	261	1698
NC_056190.1	k141_48354	122559	86.327	1236	131	1466
NC_056190.1	k141_48354	122559	86.327	1236	131	1466
NC_056190.1	k141_48354	122559	71.812	2682	563	1360
NC_056190.1	k141_48354	122559	85.536	1203	138	1346
NC_056190.1	k141_48354	122559	80.386	1346	237	1235
NC_056190.1	k141_48354	122559	77.989	1263	195	1010
NC_056190.1	k141_48354	122559	72.918	1717	290	992
NC_056190.1	k141_48354	122559	78.992	1071	138	947
NC_056190.1	k141_48354	122559	79.130	1011	149	879
NC_056190.1	k141_48354	122559	89.776	626	64	841
NC_056190.1	k141_48354	122559	85.915	639	87	746
NC_056190.1	k141_48354	122559	85.915	639	87	746
NC_056190.1	k141_48354	122559	71.027	1529	328	707
NC_056190.1	k141_48354	122559	71.027	1529	328	707
NC_056190.1	k141_48354	122559	83.088	680	90	700
NC_056190.1	k141_48354	122559	82.810	605	100	613
NC_056190.1	k141_48354	122559	73.016	1071	180	610
NC_056190.1	k141_48354	122559	91.367	417	25	596
NC_056190.1	k141_48354	122559	91.367	417	25	596
NC_056190.1	k141_48354	122559	72.700	1011	190	540
NC_056190.1	k141_48354	122559	76.900	658	93	492
NC_056190.1	k141_48354	122559	65.609	1986	509	471
NC_056190.1	k141_48354	122559	84.108	409	65	445
NC_056190.1	k141_48354	122559	86.804	341	36	407
NC_056190.1	k141_48354	122559	84.722	360	45	407
NC_056190.1	k141_48354	122559	79.130	460	72	397
NC_056190.1	k141_48354	122559	73.440	625	85	394
NC_056190.1	k141_48354	122559	73.440	625	85	394
NC_056190.1	k141_48354	122559	74.561	570	98	377
NC_056190.1	k141_48354	122559	84.661	339	41	374
NC_056190.1	k141_48354	122559	85.315	286	40	320
NC_056190.1	k141_48354	122559	72.161	546	67	318
NC_056190.1	k141_48354	122559	72.161	546	67	318
NC_056190.1	k141_48354	122559	71.970	528	58	308
NC_056190.1	k141_48354	122559	71.970	528	58	308
NC_056190.1	k141_48354	122559	73.321	521	99	291
NC_056190.1	k141_48354	122559	80.212	283	47	258
NC_056190.1	k141_48354	122559	86.538	208	28	250
NC_056190.1	k141_48354	122559	80.242	248	29	232
NC_056190.1	k141_48354	122559	67.044	707	167	231
NC_056190.1	k141_48354	122559	71.749	446	86	224
NC_056190.1	k141_48354	122559	80.172	232	32	215
NC_056190.1	k141_48354	122559	86.932	176	18	214
NC_056190.1	k141_48354	122559	68.958	451	65	205
NC_056190.1	k141_48354	122559	82.927	205	29	205
NC_056190.1	k141_48354	122559	88.028	142	9	178
NC_056190.1	k141_48354	122559	67.797	590	164	178
NC_056190.1	k141_48354	122559	77.974	227	31	170
NC_056190.1	k141_48354	122559	82.456	171	29	170
NC_056190.1	k141_48354	122559	76.250	240	37	168
NC_056190.1	k141_48354	122559	72.078	308	83	167
NC_056190.1	k141_48354	122559	91.304	115	5	159
NC_056190.1	k141_48354	122559	86.719	128	16	151
NC_056190.1	k141_48354	122559	88.288	111	13	142
NC_056190.1	k141_48354	122559	74.890	227	39	142
NC_056190.1	k141_48354	122559	91.667	96	4	137
NC_056190.1	k141_48354	122559	92.473	93	7	137
NC_056190.1	k141_48354	122559	79.470	151	31	133
NC_056190.1	k141_48354	122559	96.296	81	3	133
NC_056190.1	k141_48354	122559	77.439	164	19	132
NC_056190.1	k141_48354	122559	77.439	164	19	132
NC_056190.1	k141_48354	122559	96.203	79	3	130
NC_056190.1	k141_48354	122559	96.296	81	2	130
NC_056190.1	k141_48354	122559	78.049	123	25	98.7
NC_056190.1	k141_48354	122559	92.424	66	5	97.8
NC_056190.1	k141_48354	122559	70.044	227	34	89.7
NC_056190.1	k141_48354	122559	96.296	54	2	89.7
NC_056190.1	k141_48354	122559	79.762	84	6	81.5
NC_056190.1	k141_48354	122559	79.762	84	6	81.5
NC_056190.1	k141_48354	122559	79.121	91	19	79.7
NC_056190.1	k141_48354	122559	89.091	55	6	73.4
NC_056190.1	k141_48354	122559	89.091	55	6	73.4
NC_056190.1	k141_48354	122559	97.561	41	1	70.7
NC_056190.1	k141_48354	122559	97.561	41	1	70.7
NC_056190.1	k141_48354	122559	97.561	41	1	70.7
NC_056190.1	k141_48354	122559	78.750	80	17	68.9
NC_056190.1	k141_48354	122559	95.238	42	2	68.0
NC_056190.1	k141_48354	122559	95.238	42	2	68.0
NC_056190.1	k141_48354	122559	92.857	42	3	63.5
NC_056190.1	k141_48354	122559	92.857	42	3	63.5
NC_056190.1	k141_48354	122559	92.857	42	3	63.5
NC_056190.1	k141_48354	122559	94.872	39	2	62.6
NC_056190.1	k141_48354	122559	87.755	49	6	62.6
NC_056190.1	k141_48354	122559	100.000	33	0	60.8
NC_056190.1	k141_48354	122559	100.000	33	0	60.8
NC_056190.1	k141_48354	122559	92.308	39	3	58.1
NC_056190.1	k141_48354	122559	89.474	38	4	51.8
NC_056190.1	k141_48354	122559	77.193	57	13	45.5
NC_056190.1	k141_3592	2037	72.879	896	196	473
NC_056190.1	k141_3592	2037	72.879	896	196	473
NC_056190.1	k141_3592	2037	86.885	61	8	75.2
NC_056190.1	k141_3592	2037	86.885	61	8	75.2
NC_056190.1	k141_48368	378	84.697	379	57	419
NC_056190.1	k141_48368	378	84.697	379	57	419
NC_056190.1	k141_24408	19019	70.261	918	210	383
NC_056190.1	k141_24408	19019	70.261	918	210	383
NC_056190.1	k141_37019	1657	85.433	254	15	294
NC_056190.1	k141_37019	1657	85.433	254	15	294
NC_056190.1	k141_9770	17289	67.489	932	240	291
NC_056190.1	k141_19996	1435	96.599	147	4	240
NC_056190.1	k141_19996	1435	96.599	147	4	240
NC_056190.1	k141_5848	466	89.209	139	15	184
NC_056190.1	k141_32041	373	87.407	135	17	168
NC_056190.1	k141_29480	504	77.295	207	43	161
NC_056190.1	k141_29480	504	77.295	207	43	161
NC_056190.1	k141_33310	3299	77.178	241	31	159
NC_056190.1	k141_39103	6281	95.181	83	4	132
NC_056190.1	k141_39103	6281	95.181	83	4	132
NC_056190.1	k141_34514	4521	95.122	82	4	131
NC_056190.1	k141_11978	380	79.739	153	25	129
NC_056190.1	k141_6436	1489	94.444	72	4	113
NC_056190.1	k141_7837	333	71.981	207	56	105
NC_056190.1	k141_15910	835	74.522	157	25	104
NC_056190.1	k141_37216	1703	96.721	61	1	98.7
NC_056190.1	k141_37216	1703	96.721	61	1	98.7
NC_056190.1	k141_2166	4465	71.503	193	51	96.0
NC_056190.1	k141_2166	4465	71.503	193	51	96.0
NC_056190.1	k141_51007	382	80.769	104	14	95.1
NC_056190.1	k141_35523	3205	100.000	48	0	87.8
NC_056190.1	k141_35523	3205	100.000	48	0	87.8
NC_056190.1	k141_51399	993	94.872	39	2	62.6
NC_056190.1	k141_51399	993	94.872	39	2	62.6
NC_056190.1	k141_33774	608	82.456	57	10	59.0
NC_056190.1	k141_48832	1031	74.684	79	20	53.6
NC_056190.1	k141_48832	1031	74.684	79	20	53.6
NC_056190.1	k141_18300	6357	89.474	38	4	51.8
NC_056190.1	k141_1107	581	90.625	32	3	45.5
MN564931.1	k141_48354	122559	83.416	12536	1769	13181
MN564931.1	k141_48354	122559	92.262	5195	246	7495
MN564931.1	k141_48354	122559	92.262	5195	246	7495
MN564931.1	k141_48354	122559	87.807	5692	518	7156
MN564931.1	k141_48354	122559	80.967	7550	1002	6993
MN564931.1	k141_48354	122559	87.723	3820	279	4771
MN564931.1	k141_48354	122559	87.723	3820	279	4771
MN564931.1	k141_48354	122559	85.415	3538	376	4041
MN564931.1	k141_48354	122559	88.787	2720	199	3496
MN564931.1	k141_48354	122559	88.787	2720	199	3496
MN564931.1	k141_48354	122559	81.847	2567	368	2527
MN564931.1	k141_48354	122559	87.946	1991	144	2515
MN564931.1	k141_48354	122559	87.946	1991	144	2515
MN564931.1	k141_48354	122559	88.232	1912	220	2434
MN564931.1	k141_48354	122559	86.088	2027	259	2370
MN564931.1	k141_48354	122559	84.432	2139	310	2355
MN564931.1	k141_48354	122559	80.848	2407	275	2350
MN564931.1	k141_48354	122559	80.848	2407	275	2350
MN564931.1	k141_48354	122559	83.456	2170	258	2256
MN564931.1	k141_48354	122559	81.086	2210	380	2077
MN564931.1	k141_48354	122559	83.759	1878	263	2014
MN564931.1	k141_48354	122559	84.011	1770	230	1920
MN564931.1	k141_48354	122559	74.748	2780	482	1804
MN564931.1	k141_48354	122559	90.640	1250	94	1730
MN564931.1	k141_48354	122559	77.090	2213	290	1690
MN564931.1	k141_48354	122559	71.979	2673	569	1444
MN564931.1	k141_48354	122559	82.894	1327	174	1351
MN564931.1	k141_48354	122559	81.585	1325	159	1277
MN564931.1	k141_48354	122559	82.450	1208	143	1263
MN564931.1	k141_48354	122559	82.450	1208	143	1263
MN564931.1	k141_48354	122559	77.852	1350	218	1097
MN564931.1	k141_48354	122559	80.970	1093	163	1048
MN564931.1	k141_48354	122559	80.970	1093	163	1048
MN564931.1	k141_48354	122559	76.597	1440	267	1011
MN564931.1	k141_48354	122559	72.479	1428	217	810
MN564931.1	k141_48354	122559	72.479	1428	217	810
MN564931.1	k141_48354	122559	77.357	1029	168	792
MN564931.1	k141_48354	122559	83.840	724	100	767
MN564931.1	k141_48354	122559	69.851	1539	268	676
MN564931.1	k141_48354	122559	84.934	604	87	665
MN564931.1	k141_48354	122559	92.566	417	20	618
MN564931.1	k141_48354	122559	92.566	417	20	618
MN564931.1	k141_48354	122559	69.623	1195	157	543
MN564931.1	k141_48354	122559	69.623	1195	157	543
MN564931.1	k141_48354	122559	72.144	1059	147	538
MN564931.1	k141_48354	122559	77.232	672	120	503
MN564931.1	k141_48354	122559	75.305	737	119	494
MN564931.1	k141_48354	122559	79.600	500	78	451
MN564931.1	k141_48354	122559	79.600	500	78	451
MN564931.1	k141_48354	122559	70.756	913	216	431
MN564931.1	k141_48354	122559	70.756	913	216	431
MN564931.1	k141_48354	122559	74.057	663	98	416
MN564931.1	k141_48354	122559	77.083	528	80	390
MN564931.1	k141_48354	122559	89.189	296	32	390
MN564931.1	k141_48354	122559	69.783	877	148	385
MN564931.1	k141_48354	122559	83.090	343	44	352
MN564931.1	k141_48354	122559	81.250	368	60	348
MN564931.1	k141_48354	122559	81.250	368	60	348
MN564931.1	k141_48354	122559	71.852	540	100	314
MN564931.1	k141_48354	122559	71.852	540	100	314
MN564931.1	k141_48354	122559	76.570	414	76	311
MN564931.1	k141_48354	122559	88.066	243	27	301
MN564931.1	k141_48354	122559	83.333	252	35	263
MN564931.1	k141_48354	122559	93.865	163	10	250
MN564931.1	k141_48354	122559	93.865	163	10	250
MN564931.1	k141_48354	122559	69.886	528	115	240
MN564931.1	k141_48354	122559	69.886	528	115	240
MN564931.1	k141_48354	122559	81.116	233	31	225
MN564931.1	k141_48354	122559	83.824	204	33	220
MN564931.1	k141_48354	122559	83.902	205	27	218
MN564931.1	k141_48354	122559	71.175	451	83	216
MN564931.1	k141_48354	122559	85.227	176	21	201
MN564931.1	k141_48354	122559	83.590	195	25	201
MN564931.1	k141_48354	122559	91.729	133	9	184
MN564931.1	k141_48354	122559	77.068	266	32	178
MN564931.1	k141_48354	122559	72.727	308	81	176
MN564931.1	k141_48354	122559	83.523	176	18	175
MN564931.1	k141_48354	122559	85.443	158	21	175
MN564931.1	k141_48354	122559	91.736	121	10	174
MN564931.1	k141_48354	122559	67.288	590	167	173
MN564931.1	k141_48354	122559	68.421	532	146	173
MN564931.1	k141_48354	122559	85.616	146	15	170
MN564931.1	k141_48354	122559	89.062	128	14	168
MN564931.1	k141_48354	122559	76.522	230	46	166
MN564931.1	k141_48354	122559	84.211	152	14	158
MN564931.1	k141_48354	122559	95.745	94	2	150
MN564931.1	k141_48354	122559	85.156	128	18	142
MN564931.1	k141_48354	122559	94.681	94	3	141
MN564931.1	k141_48354	122559	81.879	149	19	137
MN564931.1	k141_48354	122559	98.701	77	1	135
MN564931.1	k141_48354	122559	88.000	100	11	123
MN564931.1	k141_48354	122559	84.158	101	15	107
MN564931.1	k141_48354	122559	84.158	101	15	107
MN564931.1	k141_48354	122559	88.462	78	9	101
MN564931.1	k141_48354	122559	80.435	92	7	91.5
MN564931.1	k141_48354	122559	80.435	92	7	91.5
MN564931.1	k141_48354	122559	93.333	60	3	87.8
MN564931.1	k141_48354	122559	87.879	66	8	84.2
MN564931.1	k141_48354	122559	100.000	42	0	77.0
MN564931.1	k141_48354	122559	82.432	74	13	76.1
MN564931.1	k141_48354	122559	100.000	41	0	75.2
MN564931.1	k141_48354	122559	100.000	41	0	75.2
MN564931.1	k141_48354	122559	89.091	55	6	73.4
MN564931.1	k141_48354	122559	89.091	55	6	73.4
MN564931.1	k141_48354	122559	75.490	102	25	72.5
MN564931.1	k141_48354	122559	72.656	128	24	70.7
MN564931.1	k141_48354	122559	91.489	47	4	68.0
MN564931.1	k141_48354	122559	95.238	42	2	68.0
MN564931.1	k141_48354	122559	95.238	42	2	68.0
MN564931.1	k141_48354	122559	95.238	42	2	68.0
MN564931.1	k141_48354	122559	89.796	49	5	67.1
MN564931.1	k141_48354	122559	85.714	56	8	66.2
MN564931.1	k141_48354	122559	85.714	56	8	66.2
MN564931.1	k141_48354	122559	95.000	40	2	64.4
MN564931.1	k141_48354	122559	95.000	40	2	64.4
MN564931.1	k141_48354	122559	92.857	42	3	63.5
MN564931.1	k141_48354	122559	100.000	33	0	60.8
MN564931.1	k141_48354	122559	100.000	33	0	60.8
MN564931.1	k141_48354	122559	94.595	37	2	59.0
MN564931.1	k141_48354	122559	87.037	54	3	57.2
MN564931.1	k141_48354	122559	86.364	44	6	53.6
MN564931.1	k141_48354	122559	83.333	48	8	51.8
MN564931.1	k141_48354	122559	86.842	38	5	47.3
MN564931.1	k141_48354	122559	77.193	57	13	45.5
MN564931.1	k141_3592	2037	72.985	881	199	471
MN564931.1	k141_3592	2037	72.985	881	199	471
MN564931.1	k141_3592	2037	86.885	61	8	75.2
MN564931.1	k141_3592	2037	86.885	61	8	75.2
MN564931.1	k141_48368	378	84.433	379	58	415
MN564931.1	k141_48368	378	84.433	379	58	415
MN564931.1	k141_24408	19019	75.161	467	94	286
MN564931.1	k141_24408	19019	75.161	467	94	286
MN564931.1	k141_9770	17289	67.160	810	233	265
MN564931.1	k141_19996	1435	97.260	146	4	246
MN564931.1	k141_19996	1435	97.260	146	4	246
MN564931.1	k141_5848	466	91.367	139	12	197
MN564931.1	k141_33310	3299	78.112	233	27	190
MN564931.1	k141_32041	373	86.667	135	18	163
MN564931.1	k141_41861	463	79.255	188	37	157
MN564931.1	k141_29480	504	76.812	207	44	157
MN564931.1	k141_29480	504	76.812	207	44	157
MN564931.1	k141_34514	4521	89.908	109	8	146
MN564931.1	k141_37019	1657	80.000	165	19	144
MN564931.1	k141_37019	1657	80.000	165	19	144
MN564931.1	k141_39103	6281	97.619	84	2	143
MN564931.1	k141_39103	6281	97.619	84	2	143
MN564931.1	k141_6436	1489	94.366	71	4	111
MN564931.1	k141_11978	380	85.227	88	13	101
MN564931.1	k141_7837	333	71.635	208	55	100
MN564931.1	k141_2166	4465	72.021	193	50	100
MN564931.1	k141_2166	4465	72.021	193	50	100
MN564931.1	k141_37216	1703	95.082	61	2	94.2
MN564931.1	k141_37216	1703	95.082	61	2	94.2
MN564931.1	k141_51007	382	81.250	96	13	93.3
MN564931.1	k141_35523	3205	100.000	48	0	87.8
MN564931.1	k141_35523	3205	100.000	48	0	87.8
MN564931.1	k141_33774	608	87.719	57	7	72.5
MN564931.1	k141_35456	4061	81.538	65	12	64.4
MN564931.1	k141_51399	993	94.872	39	2	62.6
MN564931.1	k141_51399	993	94.872	39	2	62.6
MN564931.1	k141_51399	993	94.444	36	2	57.2
MN564931.1	k141_48832	1031	75.949	79	19	58.1
MN564931.1	k141_48832	1031	75.949	79	19	58.1
NC_031651.1	k141_48354	122559	83.181	10595	1495	11066
NC_031651.1	k141_48354	122559	92.045	5217	240	7511
NC_031651.1	k141_48354	122559	92.045	5217	240	7511
NC_031651.1	k141_48354	122559	81.320	7548	1051	7129
NC_031651.1	k141_48354	122559	88.539	5497	521	7095
NC_031651.1	k141_48354	122559	82.600	4523	557	4618
NC_031651.1	k141_48354	122559	86.433	3855	288	4595
NC_031651.1	k141_48354	122559	86.433	3855	288	4595
NC_031651.1	k141_48354	122559	85.791	3540	382	4095
NC_031651.1	k141_48354	122559	85.837	3135	330	3697
NC_031651.1	k141_48354	122559	85.837	3135	330	3697
NC_031651.1	k141_48354	122559	88.726	2723	194	3485
NC_031651.1	k141_48354	122559	88.726	2723	194	3485
NC_031651.1	k141_48354	122559	76.538	4079	698	2965
NC_031651.1	k141_48354	122559	79.913	3216	487	2833
NC_031651.1	k141_48354	122559	89.787	1968	149	2641
NC_031651.1	k141_48354	122559	89.787	1968	149	2641
NC_031651.1	k141_48354	122559	82.584	2601	376	2601
NC_031651.1	k141_48354	122559	82.233	2454	280	2543
NC_031651.1	k141_48354	122559	82.233	2454	280	2543
NC_031651.1	k141_48354	122559	83.789	2159	313	2323
NC_031651.1	k141_48354	122559	84.980	1751	223	1946
NC_031651.1	k141_48354	122559	84.629	1750	211	1938
NC_031651.1	k141_48354	122559	79.301	2203	430	1905
NC_031651.1	k141_48354	122559	81.780	1899	307	1856
NC_031651.1	k141_48354	122559	78.549	2191	302	1773
NC_031651.1	k141_48354	122559	83.409	1326	195	1378
NC_031651.1	k141_48354	122559	80.386	1346	231	1223
NC_031651.1	k141_48354	122559	86.521	1009	116	1194
NC_031651.1	k141_48354	122559	73.172	1737	270	1033
NC_031651.1	k141_48354	122559	81.657	1014	161	973
NC_031651.1	k141_48354	122559	77.787	1193	167	951
NC_031651.1	k141_48354	122559	77.120	1250	225	935
NC_031651.1	k141_48354	122559	71.208	1622	322	780
NC_031651.1	k141_48354	122559	69.757	1564	294	665
NC_031651.1	k141_48354	122559	82.595	632	102	638
NC_031651.1	k141_48354	122559	82.595	632	102	638
NC_031651.1	k141_48354	122559	83.062	614	97	632
NC_031651.1	k141_48354	122559	92.086	417	22	609
NC_031651.1	k141_48354	122559	92.086	417	22	609
NC_031651.1	k141_48354	122559	77.474	768	109	578
NC_031651.1	k141_48354	122559	71.812	1192	240	573
NC_031651.1	k141_48354	122559	76.097	661	104	466
NC_031651.1	k141_48354	122559	78.411	579	115	463
NC_031651.1	k141_48354	122559	68.421	1254	298	453
NC_031651.1	k141_48354	122559	80.672	476	86	445
NC_031651.1	k141_48354	122559	70.379	871	98	413
NC_031651.1	k141_48354	122559	70.379	871	98	413
NC_031651.1	k141_48354	122559	69.635	932	169	391
NC_031651.1	k141_48354	122559	73.510	604	89	365
NC_031651.1	k141_48354	122559	73.510	604	89	365
NC_031651.1	k141_48354	122559	84.058	345	41	365
NC_031651.1	k141_48354	122559	83.578	341	41	354
NC_031651.1	k141_48354	122559	84.983	293	44	331
NC_031651.1	k141_48354	122559	76.923	403	70	306
NC_031651.1	k141_48354	122559	79.494	356	49	304
NC_031651.1	k141_48354	122559	79.494	356	49	304
NC_031651.1	k141_48354	122559	81.040	327	53	301
NC_031651.1	k141_48354	122559	69.132	703	181	264
NC_031651.1	k141_48354	122559	72.606	449	117	252
NC_031651.1	k141_48354	122559	72.511	462	71	235
NC_031651.1	k141_48354	122559	84.762	210	26	227
NC_031651.1	k141_48354	122559	86.550	171	18	205
NC_031651.1	k141_48354	122559	81.900	221	30	201
NC_031651.1	k141_48354	122559	74.074	324	68	194
NC_031651.1	k141_48354	122559	83.721	172	24	184
NC_031651.1	k141_48354	122559	80.978	184	24	167
NC_031651.1	k141_48354	122559	84.247	146	17	161
NC_031651.1	k141_48354	122559	85.714	133	8	156
NC_031651.1	k141_48354	122559	80.606	165	32	154
NC_031651.1	k141_48354	122559	79.775	178	19	152
NC_031651.1	k141_48354	122559	78.010	191	37	151
NC_031651.1	k141_48354	122559	70.927	313	88	149
NC_031651.1	k141_48354	122559	79.167	168	33	143
NC_031651.1	k141_48354	122559	73.840	237	39	142
NC_031651.1	k141_48354	122559	94.565	92	4	141
NC_031651.1	k141_48354	122559	96.296	81	3	133
NC_031651.1	k141_48354	122559	76.571	175	30	132
NC_031651.1	k141_48354	122559	88.889	108	9	131
NC_031651.1	k141_48354	122559	82.540	126	18	128
NC_031651.1	k141_48354	122559	78.986	138	19	110
NC_031651.1	k141_48354	122559	78.986	138	19	110
NC_031651.1	k141_48354	122559	96.610	59	2	98.7
NC_031651.1	k141_48354	122559	87.179	78	10	96.9
NC_031651.1	k141_48354	122559	100.000	41	0	75.2
NC_031651.1	k141_48354	122559	100.000	41	0	75.2
NC_031651.1	k141_48354	122559	74.576	118	25	74.3
NC_031651.1	k141_48354	122559	76.087	92	11	73.4
NC_031651.1	k141_48354	122559	76.087	92	11	73.4
NC_031651.1	k141_48354	122559	97.619	42	1	72.5
NC_031651.1	k141_48354	122559	97.619	42	1	72.5
NC_031651.1	k141_48354	122559	97.619	42	1	72.5
NC_031651.1	k141_48354	122559	100.000	39	0	71.6
NC_031651.1	k141_48354	122559	86.441	59	8	71.6
NC_031651.1	k141_48354	122559	95.238	42	2	68.0
NC_031651.1	k141_48354	122559	95.238	42	2	68.0
NC_031651.1	k141_48354	122559	69.466	131	19	67.1
NC_031651.1	k141_48354	122559	95.000	40	2	64.4
NC_031651.1	k141_48354	122559	95.000	40	2	64.4
NC_031651.1	k141_48354	122559	78.873	71	15	61.7
NC_031651.1	k141_48354	122559	100.000	33	0	60.8
NC_031651.1	k141_48354	122559	100.000	33	0	60.8
NC_031651.1	k141_48354	122559	78.947	57	12	50.0
NC_031651.1	k141_3592	2037	73.303	884	191	481
NC_031651.1	k141_3592	2037	73.303	884	191	481
NC_031651.1	k141_3592	2037	86.885	61	8	75.2
NC_031651.1	k141_3592	2037	86.885	61	8	75.2
NC_031651.1	k141_48368	378	84.169	379	59	410
NC_031651.1	k141_48368	378	84.169	379	59	410
NC_031651.1	k141_24408	19019	69.880	913	222	374
NC_031651.1	k141_24408	19019	69.880	913	222	374
NC_031651.1	k141_37019	1657	81.679	262	31	250
NC_031651.1	k141_37019	1657	81.679	262	31	250
NC_031651.1	k141_19996	1435	99.281	139	1	247
NC_031651.1	k141_19996	1435	99.281	139	1	247
NC_031651.1	k141_9770	17289	68.413	649	197	227
NC_031651.1	k141_9770	17289	70.229	131	39	61.7
NC_031651.1	k141_5848	466	90.714	140	13	195
NC_031651.1	k141_34514	4521	86.486	148	13	175
NC_031651.1	k141_34514	4521	69.463	298	64	112
NC_031651.1	k141_29480	504	77.295	207	43	161
NC_031651.1	k141_29480	504	77.295	207	43	161
NC_031651.1	k141_33310	3299	90.566	106	9	143
NC_031651.1	k141_39103	6281	95.181	83	4	132
NC_031651.1	k141_39103	6281	95.181	83	4	132
NC_031651.1	k141_32041	373	79.710	138	28	123
NC_031651.1	k141_41861	463	74.747	198	41	123
NC_031651.1	k141_11978	380	75.691	181	35	119
NC_031651.1	k141_2166	4465	72.539	193	49	104
NC_031651.1	k141_2166	4465	72.539	193	49	104
NC_031651.1	k141_6436	1489	91.549	71	6	102
NC_031651.1	k141_37216	1703	95.082	61	2	94.2
NC_031651.1	k141_37216	1703	95.082	61	2	94.2
NC_031651.1	k141_7837	333	71.823	181	47	87.8
NC_031651.1	k141_35523	3205	100.000	48	0	87.8
NC_031651.1	k141_35523	3205	100.000	48	0	87.8
NC_031651.1	k141_15910	835	85.135	74	11	85.1
NC_031651.1	k141_51007	382	80.899	89	10	82.4
NC_031651.1	k141_35456	4061	75.200	125	29	79.7
NC_031651.1	k141_33774	608	87.719	57	7	72.5
NC_031651.1	k141_51399	993	94.872	39	2	62.6
NC_031651.1	k141_51399	993	94.872	39	2	62.6
NC_031651.1	k141_48832	1031	75.949	79	19	58.1
NC_031651.1	k141_48832	1031	75.949	79	19	58.1
NC_031651.1	k141_18300	6357	80.702	57	6	54.5
NC_031651.1	k141_18300	6357	81.395	43	8	42.8
NC_031651.1	k141_1434	2194	82.500	40	7	41.9
NC_031651.1	k141_1434	2194	82.500	40	7	41.9
NC_031651.1	k141_51039	316	83.333	36	6	39.2
MW366789.1	k141_48354	122559	78.827	8421	1500	7106
MW366789.1	k141_48354	122559	88.949	5149	362	6633
MW366789.1	k141_48354	122559	88.949	5149	362	6633
MW366789.1	k141_48354	122559	87.180	5281	584	6461
MW366789.1	k141_48354	122559	87.180	5281	584	6461
MW366789.1	k141_48354	122559	77.887	5784	909	4507
MW366789.1	k141_48354	122559	84.058	3356	352	3653
MW366789.1	k141_48354	122559	84.058	3356	352	3653
MW366789.1	k141_48354	122559	90.770	2492	227	3456
MW366789.1	k141_48354	122559	82.371	2303	359	2307
MW366789.1	k141_48354	122559	82.371	2303	359	2307
MW366789.1	k141_48354	122559	90.999	1611	105	2257
MW366789.1	k141_48354	122559	90.999	1611	105	2257
MW366789.1	k141_48354	122559	85.319	1914	275	2182
MW366789.1	k141_48354	122559	85.341	1760	177	2017
MW366789.1	k141_48354	122559	85.341	1760	177	2017
MW366789.1	k141_48354	122559	84.291	1827	246	1975
MW366789.1	k141_48354	122559	78.584	2232	395	1856
MW366789.1	k141_48354	122559	81.437	1740	280	1663
MW366789.1	k141_48354	122559	78.128	2030	403	1620
MW366789.1	k141_48354	122559	75.598	2217	484	1548
MW366789.1	k141_48354	122559	88.099	1210	118	1539
MW366789.1	k141_48354	122559	76.729	1938	410	1432
MW366789.1	k141_48354	122559	82.465	1209	182	1221
MW366789.1	k141_48354	122559	82.465	1209	182	1221
MW366789.1	k141_48354	122559	75.248	1713	281	1113
MW366789.1	k141_48354	122559	84.836	976	124	1084
MW366789.1	k141_48354	122559	86.022	837	110	976
MW366789.1	k141_48354	122559	68.692	2386	608	845
MW366789.1	k141_48354	122559	79.074	994	180	840
MW366789.1	k141_48354	122559	76.410	1064	222	769
MW366789.1	k141_48354	122559	71.382	1216	248	643
MW366789.1	k141_48354	122559	81.803	610	108	594
MW366789.1	k141_48354	122559	81.803	610	108	594
MW366789.1	k141_48354	122559	89.448	417	33	560
MW366789.1	k141_48354	122559	89.448	417	33	560
MW366789.1	k141_48354	122559	75.094	795	167	547
MW366789.1	k141_48354	122559	81.038	559	68	534
MW366789.1	k141_48354	122559	81.038	559	68	534
MW366789.1	k141_48354	122559	69.657	1137	267	480
MW366789.1	k141_48354	122559	70.065	1069	169	437
MW366789.1	k141_48354	122559	72.607	679	140	397
MW366789.1	k141_48354	122559	70.264	871	167	374
MW366789.1	k141_48354	122559	81.944	360	51	352
MW366789.1	k141_48354	122559	75.153	491	114	330
MW366789.1	k141_48354	122559	71.281	679	137	317
MW366789.1	k141_48354	122559	83.162	291	41	294
MW366789.1	k141_48354	122559	75.300	417	52	285
MW366789.1	k141_48354	122559	75.300	417	52	285
MW366789.1	k141_48354	122559	70.300	633	137	273
MW366789.1	k141_48354	122559	78.378	333	59	270
MW366789.1	k141_48354	122559	77.448	337	76	266
MW366789.1	k141_48354	122559	70.458	589	125	251
MW366789.1	k141_48354	122559	81.853	259	34	250
MW366789.1	k141_48354	122559	83.262	233	37	242
MW366789.1	k141_48354	122559	70.588	476	117	231
MW366789.1	k141_48354	122559	65.512	1270	304	230
MW366789.1	k141_48354	122559	79.231	260	42	224
MW366789.1	k141_48354	122559	79.231	260	42	224
MW366789.1	k141_48354	122559	74.105	363	71	216
MW366789.1	k141_48354	122559	83.495	206	30	214
MW366789.1	k141_48354	122559	83.495	206	30	214
MW366789.1	k141_48354	122559	83.495	206	30	214
MW366789.1	k141_48354	122559	91.608	143	6	205
MW366789.1	k141_48354	122559	91.608	143	6	205
MW366789.1	k141_48354	122559	81.463	205	23	199
MW366789.1	k141_48354	122559	91.971	137	10	195
MW366789.1	k141_48354	122559	67.682	591	160	184
MW366789.1	k141_48354	122559	67.682	591	160	184
MW366789.1	k141_48354	122559	83.041	171	24	178
MW366789.1	k141_48354	122559	81.183	186	35	178
MW366789.1	k141_48354	122559	78.440	218	39	176
MW366789.1	k141_48354	122559	77.523	218	41	167
MW366789.1	k141_48354	122559	84.713	157	17	164
MW366789.1	k141_48354	122559	83.660	153	25	164
MW366789.1	k141_48354	122559	88.095	126	15	160
MW366789.1	k141_48354	122559	88.095	126	15	160
MW366789.1	k141_48354	122559	84.615	143	17	155
MW366789.1	k141_48354	122559	67.946	443	128	154
MW366789.1	k141_48354	122559	67.946	443	128	154
MW366789.1	k141_48354	122559	84.516	155	15	153
MW366789.1	k141_48354	122559	86.923	130	14	152
MW366789.1	k141_48354	122559	93.878	98	6	150
MW366789.1	k141_48354	122559	80.233	172	27	146
MW366789.1	k141_48354	122559	85.366	123	18	141
MW366789.1	k141_48354	122559	89.524	105	11	141
MW366789.1	k141_48354	122559	93.478	92	6	140
MW366789.1	k141_48354	122559	93.478	92	6	140
MW366789.1	k141_48354	122559	95.402	87	4	140
MW366789.1	k141_48354	122559	95.402	87	4	140
MW366789.1	k141_48354	122559	98.734	79	1	139
MW366789.1	k141_48354	122559	98.734	79	1	139
MW366789.1	k141_48354	122559	81.429	140	19	133
MW366789.1	k141_48354	122559	97.403	77	2	131
MW366789.1	k141_48354	122559	82.540	126	22	129
MW366789.1	k141_48354	122559	82.540	126	22	129
MW366789.1	k141_48354	122559	84.677	124	11	128
MW366789.1	k141_48354	122559	96.000	75	3	123
MW366789.1	k141_48354	122559	83.478	115	19	123
MW366789.1	k141_48354	122559	88.298	94	10	117
MW366789.1	k141_48354	122559	79.231	130	27	113
MW366789.1	k141_48354	122559	93.056	72	5	108
MW366789.1	k141_48354	122559	91.781	73	6	105
MW366789.1	k141_48354	122559	86.022	93	8	105
MW366789.1	k141_48354	122559	81.416	113	12	104
MW366789.1	k141_48354	122559	81.416	113	12	104
MW366789.1	k141_48354	122559	88.608	79	9	103
MW366789.1	k141_48354	122559	90.789	76	6	103
MW366789.1	k141_48354	122559	88.158	76	9	97.8
MW366789.1	k141_48354	122559	87.013	77	10	95.1
MW366789.1	k141_48354	122559	87.013	77	10	95.1
MW366789.1	k141_48354	122559	89.394	66	7	88.7
MW366789.1	k141_48354	122559	84.286	70	11	77.9
MW366789.1	k141_48354	122559	86.667	60	8	73.4
MW366789.1	k141_48354	122559	86.667	60	8	73.4
MW366789.1	k141_48354	122559	97.619	42	1	72.5
MW366789.1	k141_48354	122559	97.619	42	1	72.5
MW366789.1	k141_48354	122559	97.561	41	1	70.7
MW366789.1	k141_48354	122559	97.561	41	1	70.7
MW366789.1	k141_48354	122559	83.871	62	10	68.0
MW366789.1	k141_48354	122559	83.871	62	10	68.0
MW366789.1	k141_48354	122559	92.857	42	3	63.5
MW366789.1	k141_48354	122559	92.857	42	3	63.5
MW366789.1	k141_48354	122559	92.683	41	3	61.7
MW366789.1	k141_48354	122559	94.737	38	2	60.8
MW366789.1	k141_48354	122559	92.500	40	3	59.9
MW366789.1	k141_48354	122559	92.500	40	3	59.9
MW366789.1	k141_48354	122559	92.308	39	3	58.1
MW366789.1	k141_48354	122559	69.767	129	39	58.1
MW366789.1	k141_48354	122559	69.767	129	39	58.1
MW366789.1	k141_48354	122559	78.947	57	12	50.0
MW366789.1	k141_48354	122559	72.727	77	20	41.9
MW366789.1	k141_3592	2037	72.676	893	195	452
MW366789.1	k141_3592	2037	72.676	893	195	452
MW366789.1	k141_3592	2037	90.164	61	6	84.2
MW366789.1	k141_3592	2037	90.164	61	6	84.2
MW366789.1	k141_3592	2037	88.525	61	7	79.7
MW366789.1	k141_3592	2037	88.525	61	7	79.7
MW366789.1	k141_24408	19019	70.076	919	214	379
MW366789.1	k141_24408	19019	70.076	919	214	379
MW366789.1	k141_48368	378	79.028	391	69	334
MW366789.1	k141_48368	378	79.028	391	69	334
MW366789.1	k141_19996	1435	98.571	140	1	241
MW366789.1	k141_19996	1435	98.571	140	1	241
MW366789.1	k141_9770	17289	66.667	768	213	225
MW366789.1	k141_34514	4521	94.340	106	6	165
MW366789.1	k141_29480	504	77.295	207	43	161
MW366789.1	k141_29480	504	77.295	207	43	161
MW366789.1	k141_33310	3299	84.828	145	16	150
MW366789.1	k141_32041	373	83.942	137	22	149
MW366789.1	k141_39103	6281	94.667	75	4	118
MW366789.1	k141_39103	6281	94.667	75	4	118
MW366789.1	k141_7837	333	71.889	217	61	117
MW366789.1	k141_5848	466	80.952	126	22	117
MW366789.1	k141_2166	4465	71.728	191	54	102
MW366789.1	k141_2166	4465	71.728	191	54	102
MW366789.1	k141_6436	1489	91.667	72	5	100
MW366789.1	k141_11978	380	83.158	95	15	96.9
MW366789.1	k141_35523	3205	97.917	48	1	83.3
MW366789.1	k141_35523	3205	97.917	48	1	83.3
MW366789.1	k141_37216	1703	92.982	57	3	82.4
MW366789.1	k141_37216	1703	92.982	57	3	82.4
MW366789.1	k141_35456	4061	71.034	145	36	65.3
MW366789.1	k141_25307	5310	85.455	55	8	64.4
MW366789.1	k141_33774	608	86.538	52	7	63.5
MW366789.1	k141_48832	1031	75.581	86	21	61.7
MW366789.1	k141_48832	1031	75.581	86	21	61.7
MW366789.1	k141_51399	993	92.308	39	3	58.1
MW366789.1	k141_51399	993	92.308	39	3	58.1
MW366789.1	k141_10992	1193	84.783	46	7	52.7
MW366789.1	k141_10992	1193	84.783	46	7	52.7
MW366789.1	k141_18300	6357	88.889	36	4	48.2
KT899950.1	k141_48354	122559	82.973	11599	1646	11923
KT899950.1	k141_48354	122559	91.914	5219	269	7477
KT899950.1	k141_48354	122559	91.914	5219	269	7477
KT899950.1	k141_48354	122559	88.393	5488	524	7047
KT899950.1	k141_48354	122559	80.935	5922	786	5471
KT899950.1	k141_48354	122559	83.506	4341	551	4588
KT899950.1	k141_48354	122559	86.040	3861	307	4531
KT899950.1	k141_48354	122559	86.040	3861	307	4531
KT899950.1	k141_48354	122559	86.385	3386	328	4018
KT899950.1	k141_48354	122559	88.552	2734	188	3484
KT899950.1	k141_48354	122559	88.552	2734	188	3484
KT899950.1	k141_48354	122559	82.389	2453	285	2555
KT899950.1	k141_48354	122559	82.389	2453	285	2555
KT899950.1	k141_48354	122559	88.601	1965	169	2526
KT899950.1	k141_48354	122559	88.601	1965	169	2526
KT899950.1	k141_48354	122559	82.257	2322	361	2300
KT899950.1	k141_48354	122559	88.190	1812	193	2296
KT899950.1	k141_48354	122559	88.190	1812	193	2296
KT899950.1	k141_48354	122559	85.042	2019	285	2273
KT899950.1	k141_48354	122559	80.747	2275	383	2102
KT899950.1	k141_48354	122559	82.402	2023	305	2045
KT899950.1	k141_48354	122559	83.361	1809	240	1907
KT899950.1	k141_48354	122559	80.647	2041	336	1868
KT899950.1	k141_48354	122559	76.033	2516	326	1826
KT899950.1	k141_48354	122559	89.627	1205	104	1607
KT899950.1	k141_48354	122559	80.993	1652	258	1565
KT899950.1	k141_48354	122559	86.807	1281	137	1546
KT899950.1	k141_48354	122559	86.807	1281	137	1546
KT899950.1	k141_48354	122559	72.109	2707	597	1396
KT899950.1	k141_48354	122559	84.034	1190	157	1293
KT899950.1	k141_48354	122559	89.605	962	85	1271
KT899950.1	k141_48354	122559	72.723	2251	403	1243
KT899950.1	k141_48354	122559	81.862	1257	205	1224
KT899950.1	k141_48354	122559	86.541	847	108	1006
KT899950.1	k141_48354	122559	81.946	997	157	981
KT899950.1	k141_48354	122559	77.006	1209	201	934
KT899950.1	k141_48354	122559	82.360	805	125	801
KT899950.1	k141_48354	122559	74.477	1195	218	746
KT899950.1	k141_48354	122559	69.294	1586	208	710
KT899950.1	k141_48354	122559	69.294	1586	208	710
KT899950.1	k141_48354	122559	73.352	1077	145	646
KT899950.1	k141_48354	122559	81.327	648	81	633
KT899950.1	k141_48354	122559	81.327	648	81	633
KT899950.1	k141_48354	122559	84.712	556	84	617
KT899950.1	k141_48354	122559	92.105	418	21	608
KT899950.1	k141_48354	122559	92.105	418	21	608
KT899950.1	k141_48354	122559	79.286	700	128	593
KT899950.1	k141_48354	122559	79.286	700	128	593
KT899950.1	k141_48354	122559	70.985	1127	199	562
KT899950.1	k141_48354	122559	77.829	645	93	492
KT899950.1	k141_48354	122559	85.246	427	59	481
KT899950.1	k141_48354	122559	66.725	1728	421	461
KT899950.1	k141_48354	122559	74.290	669	138	413
KT899950.1	k141_48354	122559	67.113	1195	291	381
KT899950.1	k141_48354	122559	77.143	490	85	377
KT899950.1	k141_48354	122559	87.838	296	32	367
KT899950.1	k141_48354	122559	72.831	611	84	365
KT899950.1	k141_48354	122559	72.831	611	84	365
KT899950.1	k141_48354	122559	74.493	592	113	363
KT899950.1	k141_48354	122559	84.384	333	40	351
KT899950.1	k141_48354	122559	84.244	311	49	341
KT899950.1	k141_48354	122559	72.047	601	113	300
KT899950.1	k141_48354	122559	78.116	361	60	299
KT899950.1	k141_48354	122559	80.065	306	56	273
KT899950.1	k141_48354	122559	75.604	414	56	269
KT899950.1	k141_48354	122559	74.286	385	78	250
KT899950.1	k141_48354	122559	85.380	171	20	196
KT899950.1	k141_48354	122559	82.323	198	28	193
KT899950.1	k141_48354	122559	84.615	169	26	188
KT899950.1	k141_48354	122559	85.443	158	20	176
KT899950.1	k141_48354	122559	82.424	165	29	168
KT899950.1	k141_48354	122559	86.861	137	7	168
KT899950.1	k141_48354	122559	87.879	132	16	167
KT899950.1	k141_48354	122559	89.147	129	9	166
KT899950.1	k141_48354	122559	76.305	249	46	164
KT899950.1	k141_48354	122559	66.909	550	157	154
KT899950.1	k141_48354	122559	79.429	175	28	148
KT899950.1	k141_48354	122559	92.857	98	5	139
KT899950.1	k141_48354	122559	73.504	234	39	137
KT899950.1	k141_48354	122559	93.407	91	4	135
KT899950.1	k141_48354	122559	98.684	76	1	133
KT899950.1	k141_48354	122559	95.181	83	4	132
KT899950.1	k141_48354	122559	79.874	159	25	132
KT899950.1	k141_48354	122559	83.471	121	20	129
KT899950.1	k141_48354	122559	90.217	92	9	126
KT899950.1	k141_48354	122559	96.000	75	3	123
KT899950.1	k141_48354	122559	83.051	118	19	120
KT899950.1	k141_48354	122559	85.897	78	11	92.4
KT899950.1	k141_48354	122559	87.879	66	8	84.2
KT899950.1	k141_48354	122559	100.000	41	0	75.2
KT899950.1	k141_48354	122559	100.000	41	0	75.2
KT899950.1	k141_48354	122559	87.273	55	7	68.9
KT899950.1	k141_48354	122559	87.273	55	7	68.9
KT899950.1	k141_48354	122559	95.238	42	2	68.0
KT899950.1	k141_48354	122559	95.238	42	2	68.0
KT899950.1	k141_48354	122559	95.238	42	2	68.0
KT899950.1	k141_48354	122559	95.238	42	2	68.0
KT899950.1	k141_48354	122559	97.436	39	1	67.1
KT899950.1	k141_48354	122559	95.000	40	2	64.4
KT899950.1	k141_48354	122559	95.000	40	2	64.4
KT899950.1	k141_48354	122559	92.857	42	3	63.5
KT899950.1	k141_48354	122559	94.872	39	2	62.6
KT899950.1	k141_48354	122559	72.650	117	18	62.6
KT899950.1	k141_48354	122559	100.000	33	0	60.8
KT899950.1	k141_48354	122559	100.000	33	0	60.8
KT899950.1	k141_48354	122559	86.842	38	5	47.3
KT899950.1	k141_48354	122559	77.193	57	13	45.5
KT899950.1	k141_48354	122559	80.488	41	8	39.2
KT899950.1	k141_3592	2037	73.333	885	189	485
KT899950.1	k141_3592	2037	73.333	885	189	485
KT899950.1	k141_3592	2037	86.885	61	8	75.2
KT899950.1	k141_3592	2037	86.885	61	8	75.2
KT899950.1	k141_48368	378	84.697	379	57	419
KT899950.1	k141_48368	378	84.697	379	57	419
KT899950.1	k141_24408	19019	70.153	918	211	379
KT899950.1	k141_24408	19019	70.153	918	211	379
KT899950.1	k141_37019	1657	81.455	275	25	268
KT899950.1	k141_37019	1657	81.455	275	25	268
KT899950.1	k141_19996	1435	97.945	146	3	251
KT899950.1	k141_19996	1435	97.945	146	3	251
KT899950.1	k141_9770	17289	70.000	440	130	192
KT899950.1	k141_9770	17289	78.652	89	19	76.1
KT899950.1	k141_34514	4521	70.000	440	72	190
KT899950.1	k141_34514	4521	72.810	331	58	167
KT899950.1	k141_5848	466	89.286	140	15	186
KT899950.1	k141_29480	504	77.295	207	43	161
KT899950.1	k141_29480	504	77.295	207	43	161
KT899950.1	k141_32041	373	84.058	138	22	150
KT899950.1	k141_39103	6281	96.429	84	3	139
KT899950.1	k141_39103	6281	96.429	84	3	139
KT899950.1	k141_33310	3299	93.407	91	6	138
KT899950.1	k141_41861	463	84.298	121	19	133
KT899950.1	k141_6436	1489	94.366	71	4	111
KT899950.1	k141_2166	4465	72.539	193	49	104
KT899950.1	k141_2166	4465	72.539	193	49	104
KT899950.1	k141_11978	380	79.675	123	22	104
KT899950.1	k141_37216	1703	96.721	61	1	98.7
KT899950.1	k141_37216	1703	96.721	61	1	98.7
KT899950.1	k141_7837	333	69.903	206	62	93.3
KT899950.1	k141_51007	382	75.168	149	26	90.6
KT899950.1	k141_15910	835	78.704	108	22	88.7
KT899950.1	k141_35523	3205	100.000	48	0	87.8
KT899950.1	k141_35523	3205	100.000	48	0	87.8
KT899950.1	k141_33774	608	90.385	52	5	72.5
KT899950.1	k141_35456	4061	75.455	110	25	70.7
KT899950.1	k141_48832	1031	75.949	79	19	58.1
KT899950.1	k141_48832	1031	75.949	79	19	58.1
KT899950.1	k141_51399	993	92.308	39	3	58.1
KT899950.1	k141_51399	993	92.308	39	3	58.1
KT899950.1	k141_18300	6357	92.105	38	3	56.3
KT899950.1	k141_22865	611	86.111	36	5	43.7
KT899950.1	k141_1107	581	85.000	40	5	42.8
GU191334.1	k141_48354	122559	86.825	3742	327	4514
GU191334.1	k141_48354	122559	86.825	3742	327	4514
GU191334.1	k141_48354	122559	82.044	4511	805	4479
GU191334.1	k141_48354	122559	83.975	2677	274	2813
GU191334.1	k141_48354	122559	83.975	2677	274	2813
GU191334.1	k141_48354	122559	83.774	2459	398	2633
GU191334.1	k141_48354	122559	69.984	3668	1045	1567
GU191334.1	k141_48354	122559	83.414	1447	240	1528
GU191334.1	k141_48354	122559	78.663	1795	371	1490
GU191334.1	k141_48354	122559	80.657	1582	306	1474
GU191334.1	k141_48354	122559	76.260	1984	413	1413
GU191334.1	k141_48354	122559	88.430	1089	124	1394
GU191334.1	k141_48354	122559	76.444	1749	388	1274
GU191334.1	k141_48354	122559	69.739	1877	525	819
GU191334.1	k141_48354	122559	78.579	957	151	761
GU191334.1	k141_48354	122559	78.579	957	151	761
GU191334.1	k141_48354	122559	74.936	1173	227	761
GU191334.1	k141_48354	122559	74.707	1111	273	731
GU191334.1	k141_48354	122559	81.818	715	124	696
GU191334.1	k141_48354	122559	70.982	1406	378	670
GU191334.1	k141_48354	122559	76.523	903	187	655
GU191334.1	k141_48354	122559	76.808	871	192	638
GU191334.1	k141_48354	122559	71.094	1325	341	629
GU191334.1	k141_48354	122559	82.416	563	92	563
GU191334.1	k141_48354	122559	74.416	856	198	549
GU191334.1	k141_48354	122559	77.574	709	150	539
GU191334.1	k141_48354	122559	74.375	800	161	514
GU191334.1	k141_48354	122559	69.569	1114	294	459
GU191334.1	k141_48354	122559	72.269	833	207	438
GU191334.1	k141_48354	122559	73.421	681	173	402
GU191334.1	k141_48354	122559	72.576	722	187	389
GU191334.1	k141_48354	122559	74.715	613	128	387
GU191334.1	k141_48354	122559	78.281	442	92	360
GU191334.1	k141_48354	122559	75.584	471	115	332
GU191334.1	k141_48354	122559	73.166	518	135	303
GU191334.1	k141_48354	122559	72.710	524	143	301
GU191334.1	k141_48354	122559	70.270	740	161	297
GU191334.1	k141_48354	122559	76.839	367	85	279
GU191334.1	k141_48354	122559	68.238	806	212	259
GU191334.1	k141_48354	122559	81.923	260	44	256
GU191334.1	k141_48354	122559	78.947	285	60	244
GU191334.1	k141_48354	122559	76.000	325	78	235
GU191334.1	k141_48354	122559	68.405	671	200	230
GU191334.1	k141_48354	122559	67.424	660	195	195
GU191334.1	k141_48354	122559	73.913	299	78	188
GU191334.1	k141_48354	122559	79.909	219	40	187
GU191334.1	k141_48354	122559	81.675	191	35	187
GU191334.1	k141_48354	122559	72.789	294	80	170
GU191334.1	k141_48354	122559	82.692	156	27	160
GU191334.1	k141_48354	122559	66.970	439	106	160
GU191334.1	k141_48354	122559	95.455	88	4	141
GU191334.1	k141_48354	122559	74.312	218	56	141
GU191334.1	k141_48354	122559	95.122	82	4	131
GU191334.1	k141_48354	122559	95.062	81	4	129
GU191334.1	k141_48354	122559	96.104	77	3	126
GU191334.1	k141_48354	122559	94.937	79	4	125
GU191334.1	k141_48354	122559	94.937	79	4	125
GU191334.1	k141_48354	122559	79.054	148	29	125
GU191334.1	k141_48354	122559	97.260	73	2	123
GU191334.1	k141_48354	122559	92.683	82	6	122
GU191334.1	k141_48354	122559	91.667	84	7	121
GU191334.1	k141_48354	122559	66.983	421	123	121
GU191334.1	k141_48354	122559	65.690	580	183	119
GU191334.1	k141_48354	122559	94.667	75	4	118
GU191334.1	k141_48354	122559	79.412	136	22	116
GU191334.1	k141_48354	122559	94.521	73	4	114
GU191334.1	k141_48354	122559	94.521	73	4	114
GU191334.1	k141_48354	122559	89.286	84	9	112
GU191334.1	k141_48354	122559	94.286	70	4	109
GU191334.1	k141_48354	122559	84.694	98	12	108
GU191334.1	k141_48354	122559	79.832	119	24	107
GU191334.1	k141_48354	122559	85.714	91	13	106
GU191334.1	k141_48354	122559	90.541	74	7	103
GU191334.1	k141_48354	122559	90.541	74	7	103
GU191334.1	k141_48354	122559	89.189	74	8	98.7
GU191334.1	k141_48354	122559	86.842	76	10	93.3
GU191334.1	k141_48354	122559	66.383	470	137	87.8
GU191334.1	k141_48354	122559	74.286	140	32	86.0
GU191334.1	k141_48354	122559	73.653	167	29	86.0
GU191334.1	k141_48354	122559	75.630	119	24	85.1
GU191334.1	k141_48354	122559	81.395	86	16	84.2
GU191334.1	k141_48354	122559	87.500	64	8	80.6
GU191334.1	k141_48354	122559	82.432	74	13	76.1
GU191334.1	k141_48354	122559	64.035	228	31	75.2
GU191334.1	k141_48354	122559	77.108	83	19	65.3
GU191334.1	k141_48354	122559	83.333	60	7	62.6
GU191334.1	k141_48354	122559	87.500	48	6	60.8
GU191334.1	k141_48354	122559	70.732	123	36	60.8
GU191334.1	k141_48354	122559	87.500	48	6	60.8
GU191334.1	k141_48354	122559	86.957	46	6	57.2
GU191334.1	k141_48354	122559	90.244	41	4	57.2
GU191334.1	k141_48354	122559	88.372	43	5	56.3
GU191334.1	k141_48354	122559	76.712	73	17	56.3
GU191334.1	k141_48354	122559	76.119	67	16	50.0
GU191334.1	k141_48354	122559	72.500	80	22	46.4
GU191334.1	k141_48354	122559	77.193	57	13	45.5
GU191334.1	k141_48354	122559	78.846	52	10	41.9
GU191334.1	k141_3592	2037	73.356	897	190	490
GU191334.1	k141_3592	2037	73.356	897	190	490
GU191334.1	k141_3592	2037	88.525	61	7	79.7
GU191334.1	k141_3592	2037	88.525	61	7	79.7
GU191334.1	k141_48368	378	82.586	379	65	383
GU191334.1	k141_48368	378	82.586	379	65	383
GU191334.1	k141_24408	19019	70.175	912	221	379
GU191334.1	k141_24408	19019	70.175	912	221	379
GU191334.1	k141_9770	17289	67.338	943	251	283
GU191334.1	k141_19996	1435	96.403	139	5	229
GU191334.1	k141_19996	1435	96.403	139	5	229
GU191334.1	k141_29480	504	74.104	251	60	156
GU191334.1	k141_29480	504	74.104	251	60	156
GU191334.1	k141_6436	1489	97.183	71	2	120
GU191334.1	k141_33310	3299	90.476	84	8	116
GU191334.1	k141_34514	4521	93.421	76	5	115
GU191334.1	k141_32041	373	76.259	139	27	95.1
GU191334.1	k141_39103	6281	87.838	74	9	94.2
GU191334.1	k141_39103	6281	87.838	74	9	94.2
GU191334.1	k141_7837	333	68.981	216	67	88.7
GU191334.1	k141_35523	3205	97.917	48	1	83.3
GU191334.1	k141_35523	3205	97.917	48	1	83.3
GU191334.1	k141_35456	4061	79.012	81	17	70.7
GU191334.1	k141_2166	4465	66.920	263	83	68.9
GU191334.1	k141_37216	1703	87.500	56	6	67.1
GU191334.1	k141_37216	1703	87.500	56	6	67.1
GU191334.1	k141_51399	993	92.308	39	3	58.1
GU191334.1	k141_51399	993	92.308	39	3	58.1
GU191334.1	k141_18300	6357	91.892	37	3	54.5
GU191334.1	k141_4581	877	81.818	44	8	44.6
GU191334.1	k141_2667	827	81.818	44	8	44.6
GU191334.1	k141_22865	611	86.111	36	5	43.7
GU191334.1	k141_51007	382	70.408	98	19	42.8
GU191334.1	k141_1107	581	85.000	40	5	42.8
GU191334.1	k141_23449	415	83.333	36	6	39.2
