MZ962720.1	k141_31236	27459	91.445	7598	447	10712
MZ962720.1	k141_31236	27459	91.445	7598	447	10712
MZ962720.1	k141_31236	27459	87.648	3295	231	4145
MZ962720.1	k141_31236	27459	87.648	3295	231	4145
MZ962720.1	k141_31236	27459	87.026	1742	173	2117
MZ962720.1	k141_31236	27459	87.026	1742	173	2117
MZ962720.1	k141_31236	27459	89.247	1395	113	1838
MZ962720.1	k141_31236	27459	89.247	1395	113	1838
MZ962720.1	k141_31236	27459	82.857	805	68	826
MZ962720.1	k141_31236	27459	89.347	291	27	385
MZ962720.1	k141_31236	27459	89.347	291	27	385
MZ962720.1	k141_31236	27459	80.994	342	37	323
MZ962720.1	k141_31236	27459	80.994	342	37	323
MZ962720.1	k141_31236	27459	75.058	429	49	299
MZ962720.1	k141_31236	27459	75.058	429	49	299
MZ962720.1	k141_31236	27459	73.697	403	53	257
MZ962720.1	k141_31236	27459	73.697	403	53	257
MZ962720.1	k141_31236	27459	79.468	263	27	233
MZ962720.1	k141_31236	27459	79.468	263	27	233
MZ962720.1	k141_31236	27459	86.631	187	25	225
MZ962720.1	k141_31236	27459	86.631	187	25	225
MZ962720.1	k141_31236	27459	83.770	191	20	206
MZ962720.1	k141_31236	27459	82.394	142	25	144
MZ962720.1	k141_31236	27459	82.394	142	25	144
MZ962720.1	k141_31236	27459	87.805	82	6	103
MZ962720.1	k141_31236	27459	87.805	82	6	103
MZ962720.1	k141_31236	27459	94.286	35	2	55.4
MZ962720.1	k141_31236	27459	85.366	41	6	48.2
MZ962720.1	k141_31236	27459	85.366	41	6	48.2
MZ962720.1	k141_2627	73172	79.121	8463	1486	7207
MZ962720.1	k141_2627	73172	87.153	5192	593	6356
MZ962720.1	k141_2627	73172	78.807	5832	880	4838
MZ962720.1	k141_2627	73172	89.752	2625	257	3515
MZ962720.1	k141_2627	73172	84.203	2013	285	2191
MZ962720.1	k141_2627	73172	84.854	1677	227	1864
MZ962720.1	k141_2627	73172	80.021	1887	292	1673
MZ962720.1	k141_2627	73172	78.049	1927	362	1538
MZ962720.1	k141_2627	73172	75.633	1818	268	1232
MZ962720.1	k141_2627	73172	81.084	1052	131	990
MZ962720.1	k141_2627	73172	86.409	802	99	951
MZ962720.1	k141_2627	73172	77.203	1044	222	798
MZ962720.1	k141_2627	73172	74.525	1052	196	705
MZ962720.1	k141_2627	73172	79.940	668	121	595
MZ962720.1	k141_2627	73172	74.209	1012	163	580
MZ962720.1	k141_2627	73172	73.892	812	182	500
MZ962720.1	k141_2627	73172	70.035	1128	264	488
MZ962720.1	k141_2627	73172	84.404	436	57	463
MZ962720.1	k141_2627	73172	77.265	563	128	439
MZ962720.1	k141_2627	73172	77.265	563	128	439
MZ962720.1	k141_2627	73172	74.236	687	116	411
MZ962720.1	k141_2627	73172	72.199	723	144	373
MZ962720.1	k141_2627	73172	71.126	613	110	310
MZ962720.1	k141_2627	73172	73.563	522	106	308
MZ962720.1	k141_2627	73172	75.989	379	52	291
MZ962720.1	k141_2627	73172	86.722	241	27	287
MZ962720.1	k141_2627	73172	72.495	509	97	286
MZ962720.1	k141_2627	73172	76.049	405	75	282
MZ962720.1	k141_2627	73172	69.912	565	113	278
MZ962720.1	k141_2627	73172	85.000	240	30	268
MZ962720.1	k141_2627	73172	67.660	671	135	261
MZ962720.1	k141_2627	73172	72.479	476	115	260
MZ962720.1	k141_2627	73172	84.874	238	30	260
MZ962720.1	k141_2627	73172	64.804	1253	284	251
MZ962720.1	k141_2627	73172	83.260	227	29	242
MZ962720.1	k141_2627	73172	83.260	227	29	242
MZ962720.1	k141_2627	73172	71.395	423	72	204
MZ962720.1	k141_2627	73172	71.395	423	72	204
MZ962720.1	k141_2627	73172	80.088	226	42	199
MZ962720.1	k141_2627	73172	75.000	300	44	196
MZ962720.1	k141_2627	73172	81.579	190	28	187
MZ962720.1	k141_2627	73172	81.579	190	28	187
MZ962720.1	k141_2627	73172	88.652	141	13	181
MZ962720.1	k141_2627	73172	87.413	143	17	174
MZ962720.1	k141_2627	73172	70.190	369	52	173
MZ962720.1	k141_2627	73172	81.921	177	30	173
MZ962720.1	k141_2627	73172	64.724	652	134	163
MZ962720.1	k141_2627	73172	100.000	88	0	159
MZ962720.1	k141_2627	73172	76.699	206	41	153
MZ962720.1	k141_2627	73172	90.826	109	8	150
MZ962720.1	k141_2627	73172	82.639	144	20	148
MZ962720.1	k141_2627	73172	92.000	100	8	145
MZ962720.1	k141_2627	73172	98.701	77	1	135
MZ962720.1	k141_2627	73172	78.395	162	35	135
MZ962720.1	k141_2627	73172	91.304	92	7	127
MZ962720.1	k141_2627	73172	78.616	159	23	126
MZ962720.1	k141_2627	73172	78.616	159	23	126
MZ962720.1	k141_2627	73172	78.616	159	23	126
MZ962720.1	k141_2627	73172	94.595	74	4	116
MZ962720.1	k141_2627	73172	81.818	121	16	116
MZ962720.1	k141_2627	73172	81.818	121	16	116
MZ962720.1	k141_2627	73172	66.592	446	129	115
MZ962720.1	k141_2627	73172	90.244	82	8	113
MZ962720.1	k141_2627	73172	77.941	136	27	109
MZ962720.1	k141_2627	73172	85.437	103	9	106
MZ962720.1	k141_2627	73172	76.190	147	30	99.6
MZ962720.1	k141_2627	73172	77.612	134	19	99.6
MZ962720.1	k141_2627	73172	82.979	94	14	96.0
MZ962720.1	k141_2627	73172	72.727	165	45	96.0
MZ962720.1	k141_2627	73172	76.800	125	29	96.0
MZ962720.1	k141_2627	73172	79.808	104	15	95.1
MZ962720.1	k141_2627	73172	79.808	104	15	95.1
MZ962720.1	k141_2627	73172	84.524	84	13	94.2
MZ962720.1	k141_2627	73172	82.022	89	16	89.7
MZ962720.1	k141_2627	73172	88.732	71	7	89.7
MZ962720.1	k141_2627	73172	81.111	90	17	86.9
MZ962720.1	k141_2627	73172	81.111	90	17	86.9
MZ962720.1	k141_2627	73172	81.111	90	17	86.9
MZ962720.1	k141_2627	73172	71.852	135	38	73.4
MZ962720.1	k141_2627	73172	77.551	49	11	40.1
MZ962720.1	k141_23065	16503	78.662	4471	707	3778
MZ962720.1	k141_23065	16503	78.662	4471	707	3778
MZ962720.1	k141_23065	16503	77.860	2028	403	1608
MZ962720.1	k141_23065	16503	75.744	2251	485	1586
MZ962720.1	k141_23065	16503	84.127	567	89	614
MZ962720.1	k141_23065	16503	84.127	567	89	614
MZ962720.1	k141_23065	16503	73.780	984	235	610
MZ962720.1	k141_23065	16503	80.130	307	61	279
MZ962720.1	k141_23065	16503	83.721	129	18	128
MZ962720.1	k141_17237	23662	82.444	2193	333	2226
MZ962720.1	k141_17237	23662	82.444	2193	333	2226
MZ962720.1	k141_17237	23662	89.432	1126	116	1484
MZ962720.1	k141_17237	23662	89.432	1126	116	1484
MZ962720.1	k141_17237	23662	67.643	2049	524	674
MZ962720.1	k141_17237	23662	67.643	2049	524	674
MZ962720.1	k141_17237	23662	74.826	576	67	393
MZ962720.1	k141_17237	23662	74.826	576	67	393
MZ962720.1	k141_17237	23662	70.523	899	156	390
MZ962720.1	k141_17237	23662	70.523	899	156	390
MZ962720.1	k141_17237	23662	75.616	406	75	281
MZ962720.1	k141_17237	23662	75.616	406	75	281
MZ962720.1	k141_17237	23662	73.086	431	94	225
MZ962720.1	k141_17237	23662	73.086	431	94	225
MZ962720.1	k141_17237	23662	86.076	158	20	179
MZ962720.1	k141_17237	23662	86.076	158	20	179
MZ962720.1	k141_17237	23662	87.770	139	15	168
MZ962720.1	k141_17237	23662	87.770	139	15	168
MZ962720.1	k141_17237	23662	93.878	98	5	147
MZ962720.1	k141_17237	23662	93.878	98	5	147
MZ962720.1	k141_17237	23662	96.250	80	3	132
MZ962720.1	k141_17237	23662	96.250	80	3	132
MZ962720.1	k141_17237	23662	96.250	80	3	132
MZ962720.1	k141_17237	23662	96.250	80	3	132
MZ962720.1	k141_17237	23662	93.023	86	6	129
MZ962720.1	k141_17237	23662	93.023	86	6	129
MZ962720.1	k141_17237	23662	89.583	96	5	120
MZ962720.1	k141_17237	23662	89.583	96	5	120
MZ962720.1	k141_17237	23662	77.049	61	14	48.2
MZ962720.1	k141_17237	23662	77.049	61	14	48.2
MZ962720.1	k141_10747	4042	87.564	780	63	974
MZ962720.1	k141_34518	1739	83.855	799	99	860
MZ962720.1	k141_2689	2909	89.899	495	19	678
MZ962720.1	k141_2689	2909	89.899	495	19	678
MZ962720.1	k141_2689	2909	95.710	303	13	489
MZ962720.1	k141_15998	23356	84.348	575	52	639
MZ962720.1	k141_15998	23356	96.250	80	3	132
MZ962720.1	k141_15998	23356	96.250	80	3	132
MZ962720.1	k141_15998	23356	84.270	89	14	98.7
MZ962720.1	k141_5590	31179	70.649	1155	275	509
MZ962720.1	k141_5590	31179	70.649	1155	275	509
MZ962720.1	k141_5590	31179	68.940	821	218	334
MZ962720.1	k141_5590	31179	73.118	186	36	110
MZ962720.1	k141_5590	31179	73.514	185	41	107
MZ962720.1	k141_5590	31179	73.514	185	41	107
MZ962720.1	k141_13659	4843	84.513	452	45	505
MZ962720.1	k141_11909	8641	81.250	480	58	458
MZ962720.1	k141_16260	23205	71.896	886	202	433
MZ962720.1	k141_16260	23205	71.896	886	202	433
MZ962720.1	k141_16260	23205	88.108	185	22	235
MZ962720.1	k141_16260	23205	86.667	60	8	73.4
MZ962720.1	k141_16260	23205	86.667	60	8	73.4
MZ962720.1	k141_16260	23205	86.667	60	8	73.4
MZ962720.1	k141_25943	7026	86.647	337	35	401
MZ962720.1	k141_25943	7026	76.233	223	33	164
MZ962720.1	k141_25943	7026	76.233	223	33	164
MZ962720.1	k141_26292	305	85.855	304	43	355
MZ962720.1	k141_34420	11286	88.971	272	28	353
MZ962720.1	k141_31143	12510	87.866	239	24	301
MZ962720.1	k141_31143	12510	71.111	135	35	63.5
MZ962720.1	k141_21005	4156	73.317	416	45	247
MZ962720.1	k141_21005	4156	73.317	416	45	247
MZ962720.1	k141_21005	4156	81.679	131	13	130
MZ962720.1	k141_21005	4156	81.679	131	13	130
MZ962720.1	k141_21005	4156	94.286	35	2	55.4
MZ962720.1	k141_22196	8882	84.862	218	21	238
MZ962720.1	k141_35109	3479	94.286	140	8	217
MZ962720.1	k141_35109	3479	94.286	140	8	217
MZ962720.1	k141_34544	25852	89.474	152	16	203
MZ962720.1	k141_34544	25852	89.474	152	16	203
MZ962720.1	k141_34544	25852	89.474	152	16	203
MZ962720.1	k141_34544	25852	89.474	152	16	203
MZ962720.1	k141_34544	25852	88.742	151	17	196
MZ962720.1	k141_34544	25852	89.474	76	7	98.7
MZ962720.1	k141_14175	24308	92.481	133	10	196
MZ962720.1	k141_14175	24308	92.481	133	10	196
MZ962720.1	k141_36085	7860	92.035	113	3	156
MZ962720.1	k141_36085	7860	84.677	124	19	139
MZ962720.1	k141_36085	7860	80.357	56	8	50.9
MZ962720.1	k141_37680	1732	90.654	107	10	149
MZ962720.1	k141_29326	365	84.091	132	21	144
MZ962720.1	k141_8371	8735	96.386	83	3	137
MZ962720.1	k141_8371	8735	71.556	225	44	104
MZ962720.1	k141_3245	5740	66.592	446	72	135
MZ962720.1	k141_3245	5740	66.592	446	72	135
MZ962720.1	k141_24392	8710	82.836	134	22	135
MZ962720.1	k141_24392	8710	82.927	123	21	128
MZ962720.1	k141_24392	8710	88.732	71	7	89.7
MZ962720.1	k141_27950	4397	73.276	232	49	129
MZ962720.1	k141_30942	14441	96.154	78	3	128
MZ962720.1	k141_30942	14441	96.154	78	3	128
MZ962720.1	k141_31998	902	88.660	97	11	126
MZ962720.1	k141_31998	902	90.244	41	4	57.2
MZ962720.1	k141_26268	8169	82.645	121	15	121
MZ962720.1	k141_26268	8169	82.645	121	15	121
MZ962720.1	k141_8164	25648	92.308	78	6	114
MZ962720.1	k141_8164	25648	77.273	66	15	52.7
MZ962720.1	k141_21679	6127	89.157	83	4	110
MZ962720.1	k141_5273	662	88.312	77	9	99.6
MZ962720.1	k141_3440	395	75.342	146	35	98.7
MZ962720.1	k141_900	348	85.714	84	12	98.7
MZ962720.1	k141_900	348	85.714	84	12	98.7
MZ962720.1	k141_33683	516	85.185	81	12	93.3
MZ962720.1	k141_33683	516	85.185	81	12	93.3
MZ962720.1	k141_30237	3894	80.208	96	15	83.3
MZ962720.1	k141_37530	2171	80.488	82	15	73.4
MZ962720.1	k141_29582	402	79.167	72	15	63.5
MZ962720.1	k141_7197	378	84.211	38	6	42.8
MH569081.1	k141_2627	73172	86.743	5401	619	6524
MH569081.1	k141_2627	73172	77.222	7560	1229	5779
MH569081.1	k141_2627	73172	82.336	3878	608	3903
MH569081.1	k141_2627	73172	88.872	2579	279	3342
MH569081.1	k141_2627	73172	84.599	1935	289	2132
MH569081.1	k141_2627	73172	86.997	1492	194	1817
MH569081.1	k141_2627	73172	83.439	1733	241	1806
MH569081.1	k141_2627	73172	83.526	1554	232	1657
MH569081.1	k141_2627	73172	78.422	1965	361	1595
MH569081.1	k141_2627	73172	79.425	1774	311	1549
MH569081.1	k141_2627	73172	77.636	2039	284	1529
MH569081.1	k141_2627	73172	80.163	1593	296	1440
MH569081.1	k141_2627	73172	73.366	2279	500	1362
MH569081.1	k141_2627	73172	82.655	1032	128	1029
MH569081.1	k141_2627	73172	76.746	1045	186	778
MH569081.1	k141_2627	73172	76.420	1056	171	772
MH569081.1	k141_2627	73172	70.064	1727	337	717
MH569081.1	k141_2627	73172	72.948	987	151	573
MH569081.1	k141_2627	73172	82.394	568	97	572
MH569081.1	k141_2627	73172	67.913	1418	303	472
MH569081.1	k141_2627	73172	89.062	320	34	416
MH569081.1	k141_2627	73172	74.436	665	126	410
MH569081.1	k141_2627	73172	76.458	480	100	355
MH569081.1	k141_2627	73172	81.290	310	45	297
MH569081.1	k141_2627	73172	80.984	305	37	295
MH569081.1	k141_2627	73172	78.698	338	59	279
MH569081.1	k141_2627	73172	78.507	335	58	275
MH569081.1	k141_2627	73172	84.100	239	32	243
MH569081.1	k141_2627	73172	78.231	294	60	237
MH569081.1	k141_2627	73172	77.224	281	64	219
MH569081.1	k141_2627	73172	80.263	228	25	200
MH569081.1	k141_2627	73172	87.742	155	19	195
MH569081.1	k141_2627	73172	85.976	164	15	191
MH569081.1	k141_2627	73172	76.015	271	57	190
MH569081.1	k141_2627	73172	91.473	129	11	184
MH569081.1	k141_2627	73172	76.170	235	38	148
MH569081.1	k141_2627	73172	90.351	114	7	147
MH569081.1	k141_2627	73172	73.391	233	50	143
MH569081.1	k141_2627	73172	67.342	444	131	142
MH569081.1	k141_2627	73172	100.000	75	0	136
MH569081.1	k141_2627	73172	82.143	140	21	135
MH569081.1	k141_2627	73172	89.000	100	11	132
MH569081.1	k141_2627	73172	78.472	144	22	124
MH569081.1	k141_2627	73172	95.946	74	3	121
MH569081.1	k141_2627	73172	90.476	84	8	116
MH569081.1	k141_2627	73172	70.000	260	62	110
MH569081.1	k141_2627	73172	74.432	176	32	109
MH569081.1	k141_2627	73172	72.973	185	27	103
MH569081.1	k141_2627	73172	70.270	185	48	84.2
MH569081.1	k141_2627	73172	84.211	76	11	80.6
MH569081.1	k141_2627	73172	88.889	45	5	59.9
MH569081.1	k141_2627	73172	88.889	45	5	59.9
MH569081.1	k141_2627	73172	68.153	157	48	51.8
MH569081.1	k141_2627	73172	74.194	62	16	41.0
MH569081.1	k141_2627	73172	82.051	39	7	40.1
MH569081.1	k141_31236	27459	93.623	2995	146	4505
MH569081.1	k141_31236	27459	93.623	2995	146	4505
MH569081.1	k141_31236	27459	91.658	2949	170	4188
MH569081.1	k141_31236	27459	91.658	2949	170	4188
MH569081.1	k141_31236	27459	91.598	2666	137	3805
MH569081.1	k141_31236	27459	91.598	2666	137	3805
MH569081.1	k141_31236	27459	90.380	2266	125	3076
MH569081.1	k141_31236	27459	90.380	2266	125	3076
MH569081.1	k141_31236	27459	88.053	2260	206	2818
MH569081.1	k141_31236	27459	88.053	2260	206	2818
MH569081.1	k141_31236	27459	88.300	1641	124	2084
MH569081.1	k141_31236	27459	88.300	1641	124	2084
MH569081.1	k141_31236	27459	81.941	886	135	868
MH569081.1	k141_31236	27459	81.941	886	135	868
MH569081.1	k141_31236	27459	76.549	823	106	617
MH569081.1	k141_31236	27459	76.549	823	106	617
MH569081.1	k141_31236	27459	82.773	476	53	484
MH569081.1	k141_31236	27459	82.773	476	53	484
MH569081.1	k141_31236	27459	82.086	374	32	373
MH569081.1	k141_31236	27459	82.086	374	32	373
MH569081.1	k141_31236	27459	76.178	382	35	316
MH569081.1	k141_31236	27459	76.178	382	35	316
MH569081.1	k141_31236	27459	76.235	324	31	252
MH569081.1	k141_31236	27459	76.235	324	31	252
MH569081.1	k141_31236	27459	76.677	313	62	228
MH569081.1	k141_31236	27459	76.677	313	62	228
MH569081.1	k141_31236	27459	80.833	240	20	223
MH569081.1	k141_31236	27459	80.833	240	20	223
MH569081.1	k141_31236	27459	80.392	102	15	90.6
MH569081.1	k141_31236	27459	92.453	53	3	75.2
MH569081.1	k141_31236	27459	92.453	53	3	75.2
MH569081.1	k141_31236	27459	92.308	39	3	58.1
MH569081.1	k141_17237	23662	81.360	2323	362	2216
MH569081.1	k141_17237	23662	81.360	2323	362	2216
MH569081.1	k141_17237	23662	91.030	1204	104	1671
MH569081.1	k141_17237	23662	91.030	1204	104	1671
MH569081.1	k141_17237	23662	68.834	2092	539	783
MH569081.1	k141_17237	23662	68.881	2092	538	783
MH569081.1	k141_17237	23662	77.969	640	111	497
MH569081.1	k141_17237	23662	77.969	640	111	497
MH569081.1	k141_17237	23662	70.097	826	136	373
MH569081.1	k141_17237	23662	70.097	826	136	373
MH569081.1	k141_17237	23662	72.500	640	136	339
MH569081.1	k141_17237	23662	72.500	640	136	339
MH569081.1	k141_17237	23662	73.670	376	62	234
MH569081.1	k141_17237	23662	73.670	376	62	234
MH569081.1	k141_17237	23662	89.922	129	9	169
MH569081.1	k141_17237	23662	89.922	129	9	169
MH569081.1	k141_17237	23662	84.076	157	24	168
MH569081.1	k141_17237	23662	84.076	157	24	168
MH569081.1	k141_17237	23662	90.566	106	8	140
MH569081.1	k141_17237	23662	90.566	106	8	140
MH569081.1	k141_17237	23662	97.500	80	2	136
MH569081.1	k141_17237	23662	97.500	80	2	136
MH569081.1	k141_17237	23662	97.500	80	2	136
MH569081.1	k141_17237	23662	97.500	80	2	136
MH569081.1	k141_17237	23662	80.000	50	10	46.4
MH569081.1	k141_17237	23662	80.000	50	10	46.4
MH569081.1	k141_23065	16503	76.814	2743	499	2055
MH569081.1	k141_23065	16503	79.802	2020	350	1807
MH569081.1	k141_23065	16503	76.032	2253	486	1601
MH569081.1	k141_23065	16503	78.969	1455	239	1229
MH569081.1	k141_23065	16503	75.701	1177	234	813
MH569081.1	k141_23065	16503	76.000	1075	223	749
MH569081.1	k141_23065	16503	76.838	544	98	385
MH569081.1	k141_23065	16503	67.816	348	79	126
MH569081.1	k141_23065	16503	67.816	348	79	126
MH569081.1	k141_23065	16503	95.349	43	2	69.8
MH569081.1	k141_23065	16503	95.349	43	2	69.8
MH569081.1	k141_10747	4042	83.867	781	92	845
MH569081.1	k141_34518	1739	83.627	794	105	842
MH569081.1	k141_2689	2909	90.264	493	19	682
MH569081.1	k141_2689	2909	90.264	493	19	682
MH569081.1	k141_15998	23356	87.238	525	46	646
MH569081.1	k141_15998	23356	97.500	80	2	136
MH569081.1	k141_15998	23356	97.500	80	2	136
MH569081.1	k141_15998	23356	88.764	89	10	116
MH569081.1	k141_13659	4843	85.398	452	41	523
MH569081.1	k141_5590	31179	71.143	1102	253	509
MH569081.1	k141_5590	31179	71.143	1102	253	509
MH569081.1	k141_5590	31179	68.789	801	203	297
MH569081.1	k141_5590	31179	75.000	208	50	134
MH569081.1	k141_5590	31179	75.000	208	50	134
MH569081.1	k141_16260	23205	72.603	876	206	462
MH569081.1	k141_16260	23205	72.603	876	206	462
MH569081.1	k141_16260	23205	88.649	185	21	240
MH569081.1	k141_16260	23205	88.333	60	7	77.9
MH569081.1	k141_16260	23205	88.333	60	7	77.9
MH569081.1	k141_11909	8641	80.713	477	63	445
MH569081.1	k141_25943	7026	86.072	359	35	418
MH569081.1	k141_34420	11286	90.876	274	23	379
MH569081.1	k141_21005	4156	73.913	621	90	374
MH569081.1	k141_21005	4156	73.913	621	90	374
MH569081.1	k141_26292	305	86.230	305	42	361
MH569081.1	k141_3245	5740	74.427	524	54	351
MH569081.1	k141_3245	5740	74.427	524	54	351
MH569081.1	k141_22196	8882	87.336	229	21	277
MH569081.1	k141_31143	12510	85.654	237	29	275
MH569081.1	k141_34544	25852	83.256	215	20	232
MH569081.1	k141_34544	25852	83.256	215	20	232
MH569081.1	k141_35109	3479	96.429	140	5	231
MH569081.1	k141_35109	3479	96.429	140	5	231
MH569081.1	k141_14175	24308	96.241	133	5	218
MH569081.1	k141_14175	24308	96.241	133	5	218
MH569081.1	k141_20451	1904	72.062	451	73	213
MH569081.1	k141_8371	8735	70.628	446	61	201
MH569081.1	k141_36085	7860	86.842	152	14	177
MH569081.1	k141_36085	7860	91.379	116	10	165
MH569081.1	k141_29326	365	89.394	132	14	176
MH569081.1	k141_21679	6127	75.229	218	22	157
MH569081.1	k141_27950	4397	79.679	187	30	151
MH569081.1	k141_24392	8710	85.124	121	18	138
MH569081.1	k141_30942	14441	95.062	81	4	129
MH569081.1	k141_30942	14441	95.062	81	4	129
MH569081.1	k141_37680	1732	85.047	107	16	122
MH569081.1	k141_31998	902	87.629	97	12	122
MH569081.1	k141_31998	902	87.805	41	5	52.7
MH569081.1	k141_33683	516	92.593	81	6	120
MH569081.1	k141_33683	516	92.593	81	6	120
MH569081.1	k141_8164	25648	94.521	73	4	114
MH569081.1	k141_8164	25648	80.000	70	14	64.4
MH569081.1	k141_900	348	84.848	99	15	112
MH569081.1	k141_900	348	84.848	99	15	112
MH569081.1	k141_5273	662	90.909	77	7	108
MH569081.1	k141_3440	395	73.793	145	37	87.8
MH569081.1	k141_30237	3894	81.250	96	14	87.8
MH569081.1	k141_32367	593	75.362	69	14	47.3
MH569081.1	k141_28686	19673	80.488	41	8	39.2
NC_033978.1	k141_2627	73172	87.405	13092	1297	16205
NC_033978.1	k141_2627	73172	89.259	6657	461	8745
NC_033978.1	k141_2627	73172	81.682	7217	916	6975
NC_033978.1	k141_2627	73172	86.014	5155	465	6047
NC_033978.1	k141_2627	73172	87.729	4702	377	5870
NC_033978.1	k141_2627	73172	90.077	3366	277	4513
NC_033978.1	k141_2627	73172	76.197	4134	525	3109
NC_033978.1	k141_2627	73172	81.637	2712	347	2652
NC_033978.1	k141_2627	73172	87.234	1974	183	2437
NC_033978.1	k141_2627	73172	81.512	2434	212	2396
NC_033978.1	k141_2627	73172	82.672	1841	249	1878
NC_033978.1	k141_2627	73172	77.404	1934	230	1520
NC_033978.1	k141_2627	73172	87.858	1186	98	1469
NC_033978.1	k141_2627	73172	83.667	1249	111	1359
NC_033978.1	k141_2627	73172	83.420	1158	149	1208
NC_033978.1	k141_2627	73172	83.697	1055	106	1106
NC_033978.1	k141_2627	73172	71.893	1690	238	895
NC_033978.1	k141_2627	73172	76.769	1145	159	868
NC_033978.1	k141_2627	73172	73.359	1310	206	779
NC_033978.1	k141_2627	73172	76.534	1027	141	721
NC_033978.1	k141_2627	73172	76.417	653	80	470
NC_033978.1	k141_2627	73172	72.246	699	96	389
NC_033978.1	k141_2627	73172	70.889	742	96	361
NC_033978.1	k141_2627	73172	76.762	383	57	288
NC_033978.1	k141_2627	73172	73.034	445	58	269
NC_033978.1	k141_2627	73172	86.036	222	28	251
NC_033978.1	k141_2627	73172	74.536	377	61	230
NC_033978.1	k141_2627	73172	93.269	104	3	156
NC_033978.1	k141_2627	73172	86.777	121	16	147
NC_033978.1	k141_2627	73172	81.746	126	23	124
NC_033978.1	k141_2627	73172	91.489	47	4	68.0
NC_033978.1	k141_2627	73172	92.308	39	3	58.1
NC_033978.1	k141_2627	73172	92.308	39	3	58.1
NC_033978.1	k141_2627	73172	90.000	40	4	55.4
NC_033978.1	k141_2627	73172	84.615	39	6	44.6
NC_033978.1	k141_2627	73172	72.857	70	19	41.9
NC_033978.1	k141_2627	73172	74.194	62	16	41.0
NC_033978.1	k141_31236	27459	95.269	10103	379	16055
NC_033978.1	k141_31236	27459	95.642	9729	338	15635
NC_033978.1	k141_31236	27459	96.437	8504	175	13955
NC_033978.1	k141_31236	27459	96.437	8504	175	13955
NC_033978.1	k141_31236	27459	93.777	3246	97	4966
NC_033978.1	k141_31236	27459	93.777	3246	97	4966
NC_033978.1	k141_31236	27459	88.854	2557	192	3330
NC_033978.1	k141_31236	27459	90.083	2158	124	2932
NC_033978.1	k141_31236	27459	96.057	1344	47	2177
NC_033978.1	k141_31236	27459	96.057	1344	47	2177
NC_033978.1	k141_31236	27459	83.934	971	42	1093
NC_033978.1	k141_31236	27459	83.934	971	42	1093
NC_033978.1	k141_31236	27459	100.000	39	0	71.6
NC_033978.1	k141_31236	27459	76.667	90	21	68.9
NC_033978.1	k141_31236	27459	92.857	42	3	63.5
NC_033978.1	k141_23065	16503	81.040	9984	1239	9551
NC_033978.1	k141_23065	16503	85.069	2257	293	2555
NC_033978.1	k141_23065	16503	78.220	2663	475	2179
NC_033978.1	k141_23065	16503	79.918	1459	222	1312
NC_033978.1	k141_23065	16503	76.667	90	21	68.9
NC_033978.1	k141_23065	16503	95.238	42	2	68.0
NC_033978.1	k141_23065	16503	95.238	42	2	68.0
NC_033978.1	k141_17237	23662	83.039	4192	516	4346
NC_033978.1	k141_17237	23662	83.039	4192	516	4346
NC_033978.1	k141_17237	23662	81.637	4068	405	4007
NC_033978.1	k141_17237	23662	81.637	4068	405	4007
NC_033978.1	k141_17237	23662	75.239	1672	228	1137
NC_033978.1	k141_17237	23662	75.239	1672	228	1137
NC_033978.1	k141_17237	23662	80.818	954	116	875
NC_033978.1	k141_17237	23662	80.818	954	116	875
NC_033978.1	k141_17237	23662	97.531	81	2	138
NC_033978.1	k141_17237	23662	97.531	81	2	138
NC_033978.1	k141_34518	1739	90.363	799	47	1095
NC_033978.1	k141_10747	4042	87.647	850	65	1060
NC_033978.1	k141_15998	23356	89.217	575	24	765
NC_033978.1	k141_15998	23356	97.531	81	2	138
NC_033978.1	k141_15998	23356	91.011	89	8	125
NC_033978.1	k141_2689	2909	92.089	493	10	722
NC_033978.1	k141_2689	2909	92.089	493	10	722
NC_033978.1	k141_26268	8169	81.101	672	80	633
NC_033978.1	k141_11909	8641	88.842	475	24	618
NC_033978.1	k141_21005	4156	84.916	537	23	616
NC_033978.1	k141_21005	4156	84.916	537	23	616
NC_033978.1	k141_21005	4156	94.286	210	10	323
NC_033978.1	k141_21005	4156	94.286	210	10	323
NC_033978.1	k141_13659	4843	88.053	452	29	577
NC_033978.1	k141_34544	25852	92.703	370	17	551
NC_033978.1	k141_34544	25852	92.703	370	17	551
NC_033978.1	k141_34544	25852	79.310	145	15	127
NC_033978.1	k141_25943	7026	91.270	378	22	526
NC_033978.1	k141_20451	1904	81.569	548	66	516
NC_033978.1	k141_26292	305	94.408	304	17	472
NC_033978.1	k141_16260	23205	72.914	875	205	467
NC_033978.1	k141_16260	23205	72.914	875	205	467
NC_033978.1	k141_16260	23205	93.514	185	12	280
NC_033978.1	k141_16260	23205	79.167	264	53	222
NC_033978.1	k141_16260	23205	79.167	264	53	222
NC_033978.1	k141_16260	23205	85.000	60	9	68.9
NC_033978.1	k141_16260	23205	85.000	60	9	68.9
NC_033978.1	k141_3245	5740	78.026	537	30	453
NC_033978.1	k141_3245	5740	78.026	537	30	453
NC_033978.1	k141_3245	5740	88.136	59	6	72.5
NC_033978.1	k141_30818	17175	95.149	268	7	426
NC_033978.1	k141_30818	17175	95.149	268	7	426
NC_033978.1	k141_34420	11286	92.701	274	18	402
NC_033978.1	k141_24392	8710	80.311	386	54	352
NC_033978.1	k141_24392	8710	94.262	122	7	189
NC_033978.1	k141_5590	31179	69.370	826	210	348
NC_033978.1	k141_5590	31179	76.042	480	105	343
NC_033978.1	k141_5590	31179	76.042	480	105	343
NC_033978.1	k141_5590	31179	74.946	467	95	286
NC_033978.1	k141_5590	31179	74.946	467	95	286
NC_033978.1	k141_5590	31179	82.540	189	27	194
NC_033978.1	k141_27950	4397	84.112	321	40	342
NC_033978.1	k141_31143	12510	90.000	240	19	325
NC_033978.1	k141_22196	8882	92.478	226	13	322
NC_033978.1	k141_8371	8735	75.414	423	73	273
NC_033978.1	k141_8371	8735	84.932	73	11	83.3
NC_033978.1	k141_8371	8735	84.932	73	11	83.3
NC_033978.1	k141_10272	497	80.066	301	46	259
NC_033978.1	k141_10272	497	80.066	301	46	259
NC_033978.1	k141_35109	3479	100.000	140	0	253
NC_033978.1	k141_35109	3479	100.000	140	0	253
NC_033978.1	k141_14175	24308	98.496	133	2	232
NC_033978.1	k141_14175	24308	98.496	133	2	232
NC_033978.1	k141_6857	9077	95.714	140	6	226
NC_033978.1	k141_6857	9077	95.714	140	6	226
NC_033978.1	k141_29326	365	95.455	132	6	212
NC_033978.1	k141_21679	6127	79.487	234	13	206
NC_033978.1	k141_4538	469	77.007	274	44	201
NC_033978.1	k141_4538	469	77.007	274	44	201
NC_033978.1	k141_3789	673	71.745	361	98	191
NC_033978.1	k141_36085	7860	86.486	148	7	180
NC_033978.1	k141_36085	7860	83.333	138	14	145
NC_033978.1	k141_37680	1732	94.340	106	6	165
NC_033978.1	k141_15167	8102	66.414	396	31	162
NC_033978.1	k141_15167	8102	80.412	97	12	92.4
NC_033978.1	k141_31998	902	92.784	97	7	144
NC_033978.1	k141_31998	902	92.683	41	3	61.7
NC_033978.1	k141_33683	516	97.531	81	2	138
NC_033978.1	k141_33683	516	97.531	81	2	138
NC_033978.1	k141_30942	14441	97.531	81	2	138
NC_033978.1	k141_30942	14441	97.531	81	2	138
NC_033978.1	k141_5571	501	82.927	123	14	125
NC_033978.1	k141_181	568	85.321	109	16	125
NC_033978.1	k141_181	568	85.321	109	16	125
NC_033978.1	k141_8164	25648	93.671	79	5	121
NC_033978.1	k141_8164	25648	77.049	61	14	48.2
NC_033978.1	k141_1293	455	75.916	191	37	119
NC_033978.1	k141_1293	455	81.690	71	9	65.3
NC_033978.1	k141_13640	770	72.772	202	41	116
NC_033978.1	k141_5273	662	92.208	77	6	113
NC_033978.1	k141_17460	487	78.676	136	23	112
NC_033978.1	k141_17460	487	78.676	136	23	112
NC_033978.1	k141_900	348	83.838	99	16	107
NC_033978.1	k141_900	348	83.838	99	16	107
NC_033978.1	k141_11739	405	86.667	90	11	105
NC_033978.1	k141_11739	405	86.667	90	11	105
NC_033978.1	k141_3440	395	75.342	146	35	98.7
NC_033978.1	k141_7373	472	74.497	149	30	92.4
NC_033978.1	k141_30237	3894	82.292	96	13	92.4
NC_033978.1	k141_38476	4087	90.909	66	4	90.6
NC_033978.1	k141_1765	16506	71.429	182	48	89.7
NC_033978.1	k141_1765	16506	71.429	182	48	89.7
NC_033978.1	k141_35753	569	75.926	108	9	89.7
NC_033978.1	k141_27908	787	71.676	173	44	87.8
NC_033978.1	k141_37530	2171	81.481	81	14	76.1
NC_033978.1	k141_11374	20671	95.122	41	2	66.2
NC_033978.1	k141_22831	1253	89.091	55	4	66.2
NC_033978.1	k141_22831	1253	89.091	55	4	66.2
NC_033978.1	k141_9663	335	90.244	41	4	57.2
NC_033978.1	k141_3154	1996	87.500	40	5	50.9
NC_033978.1	k141_28686	19673	78.723	47	10	41.0
MW006668.1	k141_31236	27459	94.626	8001	266	12467
MW006668.1	k141_31236	27459	94.626	8001	266	12467
MW006668.1	k141_31236	27459	90.074	3657	269	4940
MW006668.1	k141_31236	27459	89.196	1555	133	2025
MW006668.1	k141_31236	27459	75.212	2009	273	1401
MW006668.1	k141_31236	27459	86.548	788	95	936
MW006668.1	k141_31236	27459	85.551	699	64	821
MW006668.1	k141_31236	27459	74.784	928	112	653
MW006668.1	k141_31236	27459	89.159	452	31	589
MW006668.1	k141_31236	27459	89.159	452	31	589
MW006668.1	k141_31236	27459	76.000	800	126	574
MW006668.1	k141_31236	27459	76.728	593	68	480
MW006668.1	k141_31236	27459	79.770	435	57	367
MW006668.1	k141_31236	27459	88.129	278	25	347
MW006668.1	k141_31236	27459	88.129	278	25	347
MW006668.1	k141_31236	27459	84.047	257	26	270
MW006668.1	k141_31236	27459	84.047	257	26	270
MW006668.1	k141_31236	27459	86.777	121	9	149
MW006668.1	k141_31236	27459	86.777	121	9	149
MW006668.1	k141_31236	27459	85.950	121	10	144
MW006668.1	k141_31236	27459	65.610	410	102	117
MW006668.1	k141_31236	27459	65.610	410	102	117
MW006668.1	k141_31236	27459	83.810	105	13	108
MW006668.1	k141_31236	27459	69.945	183	43	89.7
MW006668.1	k141_31236	27459	69.945	183	43	89.7
MW006668.1	k141_31236	27459	69.945	183	43	89.7
MW006668.1	k141_31236	27459	69.945	183	43	89.7
MW006668.1	k141_31236	27459	74.590	122	19	87.8
MW006668.1	k141_31236	27459	74.590	122	19	87.8
MW006668.1	k141_31236	27459	69.730	185	43	85.1
MW006668.1	k141_31236	27459	62.715	523	137	82.4
MW006668.1	k141_31236	27459	100.000	42	0	77.0
MW006668.1	k141_31236	27459	100.000	42	0	77.0
MW006668.1	k141_31236	27459	64.739	536	134	75.2
MW006668.1	k141_31236	27459	64.739	536	134	75.2
MW006668.1	k141_31236	27459	64.366	536	136	70.7
MW006668.1	k141_31236	27459	64.366	536	136	70.7
MW006668.1	k141_31236	27459	64.366	536	136	69.8
MW006668.1	k141_31236	27459	64.366	536	136	69.8
MW006668.1	k141_31236	27459	85.965	57	8	68.0
MW006668.1	k141_31236	27459	85.965	57	8	68.0
MW006668.1	k141_31236	27459	75.532	94	23	67.1
MW006668.1	k141_31236	27459	75.532	94	23	67.1
MW006668.1	k141_31236	27459	71.852	135	32	65.3
MW006668.1	k141_31236	27459	71.852	135	32	65.3
MW006668.1	k141_31236	27459	71.852	135	32	65.3
MW006668.1	k141_31236	27459	71.852	135	32	65.3
MW006668.1	k141_31236	27459	92.857	42	3	63.5
MW006668.1	k141_31236	27459	66.957	230	57	59.0
MW006668.1	k141_31236	27459	66.957	230	57	59.0
MW006668.1	k141_31236	27459	66.957	230	57	59.0
MW006668.1	k141_31236	27459	66.957	230	57	59.0
MW006668.1	k141_31236	27459	84.314	51	8	57.2
MW006668.1	k141_31236	27459	83.333	42	7	45.5
MW006668.1	k141_2627	73172	83.574	7403	1025	7865
MW006668.1	k141_2627	73172	90.877	5404	420	7517
MW006668.1	k141_2627	73172	86.366	4298	455	5115
MW006668.1	k141_2627	73172	83.476	4218	502	4420
MW006668.1	k141_2627	73172	87.957	3388	384	4252
MW006668.1	k141_2627	73172	82.049	3972	460	3911
MW006668.1	k141_2627	73172	88.967	1849	181	2391
MW006668.1	k141_2627	73172	83.855	2205	273	2370
MW006668.1	k141_2627	73172	85.075	1943	258	2177
MW006668.1	k141_2627	73172	83.800	2000	275	2114
MW006668.1	k141_2627	73172	81.123	2119	255	2028
MW006668.1	k141_2627	73172	79.070	1806	302	1559
MW006668.1	k141_2627	73172	74.692	2110	313	1449
MW006668.1	k141_2627	73172	85.812	1170	126	1344
MW006668.1	k141_2627	73172	71.393	2419	381	1208
MW006668.1	k141_2627	73172	79.142	1328	200	1117
MW006668.1	k141_2627	73172	76.538	1300	208	940
MW006668.1	k141_2627	73172	76.910	1191	159	923
MW006668.1	k141_2627	73172	68.536	1926	286	783
MW006668.1	k141_2627	73172	72.428	1215	219	719
MW006668.1	k141_2627	73172	80.287	766	104	694
MW006668.1	k141_2627	73172	73.746	937	131	577
MW006668.1	k141_2627	73172	75.845	799	132	554
MW006668.1	k141_2627	73172	72.925	735	129	461
MW006668.1	k141_2627	73172	72.925	735	129	461
MW006668.1	k141_2627	73172	85.981	321	45	377
MW006668.1	k141_2627	73172	78.960	404	48	348
MW006668.1	k141_2627	73172	81.180	356	43	331
MW006668.1	k141_2627	73172	81.180	356	43	331
MW006668.1	k141_2627	73172	79.778	361	35	325
MW006668.1	k141_2627	73172	69.501	741	114	306
MW006668.1	k141_2627	73172	83.260	227	31	232
MW006668.1	k141_2627	73172	67.538	650	113	224
MW006668.1	k141_2627	73172	82.589	224	22	217
MW006668.1	k141_2627	73172	79.070	215	28	196
MW006668.1	k141_2627	73172	81.333	225	33	194
MW006668.1	k141_2627	73172	82.857	175	24	173
MW006668.1	k141_2627	73172	87.879	132	16	167
MW006668.1	k141_2627	73172	74.899	247	60	164
MW006668.1	k141_2627	73172	78.392	199	31	163
MW006668.1	k141_2627	73172	78.109	201	30	159
MW006668.1	k141_2627	73172	76.818	220	36	154
MW006668.1	k141_2627	73172	86.777	121	16	147
MW006668.1	k141_2627	73172	92.632	95	6	137
MW006668.1	k141_2627	73172	68.278	331	74	130
MW006668.1	k141_2627	73172	75.882	170	41	123
MW006668.1	k141_2627	73172	80.952	126	24	120
MW006668.1	k141_2627	73172	87.629	97	11	118
MW006668.1	k141_2627	73172	65.271	406	72	110
MW006668.1	k141_2627	73172	93.617	47	3	72.5
MW006668.1	k141_2627	73172	86.792	53	7	65.3
MW006668.1	k141_2627	73172	87.755	49	6	62.6
MW006668.1	k141_2627	73172	87.755	49	6	62.6
MW006668.1	k141_2627	73172	94.737	38	2	60.8
MW006668.1	k141_2627	73172	87.234	47	6	59.0
MW006668.1	k141_2627	73172	92.308	39	3	58.1
MW006668.1	k141_2627	73172	75.806	62	15	45.5
MW006668.1	k141_2627	73172	84.615	39	6	44.6
MW006668.1	k141_2627	73172	84.615	39	6	44.6
MW006668.1	k141_23065	16503	83.266	4440	550	4647
MW006668.1	k141_23065	16503	83.266	4440	550	4647
MW006668.1	k141_23065	16503	83.727	3306	449	3491
MW006668.1	k141_23065	16503	83.727	3306	449	3491
MW006668.1	k141_23065	16503	78.276	2297	462	1868
MW006668.1	k141_23065	16503	80.929	1442	235	1343
MW006668.1	k141_23065	16503	80.929	1442	235	1343
MW006668.1	k141_23065	16503	84.211	133	20	142
MW006668.1	k141_23065	16503	95.238	42	2	68.0
MW006668.1	k141_17237	23662	84.754	2945	346	3304
MW006668.1	k141_17237	23662	84.754	2945	346	3304
MW006668.1	k141_17237	23662	77.557	2669	466	2062
MW006668.1	k141_17237	23662	77.557	2669	466	2062
MW006668.1	k141_17237	23662	90.832	949	56	1330
MW006668.1	k141_17237	23662	90.832	949	56	1330
MW006668.1	k141_17237	23662	90.832	949	56	1330
MW006668.1	k141_17237	23662	90.832	949	56	1330
MW006668.1	k141_17237	23662	73.901	1479	255	884
MW006668.1	k141_17237	23662	73.901	1479	255	884
MW006668.1	k141_17237	23662	80.532	827	122	743
MW006668.1	k141_17237	23662	80.532	827	122	743
MW006668.1	k141_17237	23662	87.123	365	33	451
MW006668.1	k141_17237	23662	87.123	365	33	451
MW006668.1	k141_17237	23662	88.976	127	5	157
MW006668.1	k141_17237	23662	88.976	127	5	157
MW006668.1	k141_17237	23662	86.667	105	11	121
MW006668.1	k141_17237	23662	86.667	105	11	121
MW006668.1	k141_17237	23662	86.667	105	11	121
MW006668.1	k141_17237	23662	86.667	105	11	121
MW006668.1	k141_17237	23662	72.340	235	42	116
MW006668.1	k141_17237	23662	72.340	235	42	116
MW006668.1	k141_34518	1739	88.346	798	68	1016
MW006668.1	k141_10747	4042	85.499	862	77	990
MW006668.1	k141_15998	23356	87.826	575	32	729
MW006668.1	k141_15998	23356	94.937	79	4	125
MW006668.1	k141_15998	23356	94.937	79	4	125
MW006668.1	k141_15998	23356	88.764	89	10	116
MW006668.1	k141_2689	2909	89.066	503	16	673
MW006668.1	k141_2689	2909	89.066	503	16	673
MW006668.1	k141_21005	4156	74.751	903	112	629
MW006668.1	k141_13659	4843	87.611	452	31	568
MW006668.1	k141_13659	4843	87.611	452	31	568
MW006668.1	k141_11909	8641	84.421	475	45	527
MW006668.1	k141_25943	7026	85.530	387	38	444
MW006668.1	k141_16260	23205	71.900	879	208	440
MW006668.1	k141_16260	23205	71.900	879	208	440
MW006668.1	k141_16260	23205	91.351	185	16	262
MW006668.1	k141_16260	23205	79.167	264	53	222
MW006668.1	k141_16260	23205	79.167	264	53	222
MW006668.1	k141_16260	23205	83.333	60	10	64.4
MW006668.1	k141_16260	23205	83.333	60	10	64.4
MW006668.1	k141_26292	305	90.132	304	28	411
MW006668.1	k141_5590	31179	75.625	480	107	334
MW006668.1	k141_5590	31179	75.625	480	107	334
MW006668.1	k141_5590	31179	69.029	762	193	314
MW006668.1	k141_5590	31179	74.304	467	104	271
MW006668.1	k141_5590	31179	74.304	467	104	271
MW006668.1	k141_31143	12510	90.336	238	18	326
MW006668.1	k141_22196	8882	88.839	224	21	282
MW006668.1	k141_3245	5740	72.632	475	58	278
MW006668.1	k141_24392	8710	77.419	372	61	278
MW006668.1	k141_24392	8710	92.623	122	9	180
MW006668.1	k141_8371	8735	73.214	448	62	261
MW006668.1	k141_35109	3479	98.571	140	2	244
MW006668.1	k141_35109	3479	98.571	140	2	244
MW006668.1	k141_27950	4397	80.000	255	37	230
MW006668.1	k141_14175	24308	96.992	133	4	223
MW006668.1	k141_14175	24308	96.992	133	4	223
MW006668.1	k141_34420	11286	95.902	122	5	198
MW006668.1	k141_34420	11286	95.902	122	5	198
MW006668.1	k141_34420	11286	88.079	151	16	189
MW006668.1	k141_21679	6127	78.440	218	13	181
MW006668.1	k141_37680	1732	97.196	107	3	180
MW006668.1	k141_29326	365	90.152	132	13	180
MW006668.1	k141_36085	7860	85.034	147	9	169
MW006668.1	k141_36085	7860	88.618	123	11	158
MW006668.1	k141_20451	1904	93.578	109	7	166
MW006668.1	k141_20451	1904	87.234	47	6	59.0
MW006668.1	k141_34544	25852	77.895	190	22	145
MW006668.1	k141_34544	25852	82.883	111	10	114
MW006668.1	k141_34544	25852	82.883	111	10	114
MW006668.1	k141_34544	25852	77.027	148	18	111
MW006668.1	k141_34544	25852	83.505	97	7	103
MW006668.1	k141_31998	902	92.784	97	7	144
MW006668.1	k141_31998	902	90.000	40	4	55.4
MW006668.1	k141_3789	673	70.139	288	64	134
MW006668.1	k141_3789	673	70.139	288	64	134
MW006668.1	k141_30942	14441	95.062	81	4	129
MW006668.1	k141_30942	14441	95.062	81	4	129
MW006668.1	k141_8164	25648	93.671	79	5	121
MW006668.1	k141_8164	25648	77.193	57	13	45.5
MW006668.1	k141_15167	8102	64.249	386	45	118
MW006668.1	k141_15167	8102	78.947	95	13	84.2
MW006668.1	k141_900	348	85.859	99	14	116
MW006668.1	k141_900	348	85.859	99	14	116
MW006668.1	k141_5273	662	92.105	76	6	111
MW006668.1	k141_11739	405	87.778	90	10	110
MW006668.1	k141_11739	405	87.778	90	10	110
MW006668.1	k141_26813	556	72.989	174	42	98.7
MW006668.1	k141_30237	3894	82.292	96	13	92.4
MW006668.1	k141_30237	3894	82.292	96	13	92.4
MW006668.1	k141_1765	16506	70.556	180	53	86.9
MW006668.1	k141_35753	569	78.431	102	11	86.9
MW006668.1	k141_37530	2171	82.716	81	13	80.6
MW006668.1	k141_3440	395	71.724	145	40	74.3
MW006668.1	k141_20073	2347	91.111	45	4	64.4
MW006668.1	k141_4538	469	68.548	124	27	50.9
MW435436.1	k141_2627	73172	99.885	72887	14	1.310e+05
MW435436.1	k141_2627	73172	100.000	141	0	255
MW435436.1	k141_2627	73172	68.750	400	111	153
MW435436.1	k141_2627	73172	68.750	400	111	153
MW435436.1	k141_2627	73172	95.238	84	2	132
MW435436.1	k141_2627	73172	94.048	84	3	127
MW435436.1	k141_2627	73172	88.000	50	6	64.4
MW435436.1	k141_2627	73172	92.308	39	3	58.1
MW435436.1	k141_2627	73172	92.308	39	3	58.1
MW435436.1	k141_2627	73172	82.927	41	7	43.7
MW435436.1	k141_2627	73172	82.051	39	7	40.1
MW435436.1	k141_2627	73172	82.051	39	7	40.1
MW435436.1	k141_31236	27459	100.000	27459	0	49519
MW435436.1	k141_31236	27459	100.000	27459	0	49519
MW435436.1	k141_31236	27459	95.238	42	2	68.0
MW435436.1	k141_31236	27459	87.500	48	6	60.8
MW435436.1	k141_31236	27459	87.500	48	6	60.8
MW435436.1	k141_31236	27459	92.308	39	3	58.1
MW435436.1	k141_23065	16503	99.884	16370	5	29422
MW435436.1	k141_23065	16503	100.000	2146	0	3871
MW435436.1	k141_23065	16503	100.000	141	0	255
MW435436.1	k141_23065	16503	100.000	141	0	255
MW435436.1	k141_23065	16503	91.667	48	4	69.8
MW435436.1	k141_23065	16503	95.238	42	2	68.0
MW435436.1	k141_23065	16503	95.238	42	2	68.0
MW435436.1	k141_17237	23662	99.812	11723	4	21023
MW435436.1	k141_17237	23662	99.812	11723	4	21023
MW435436.1	k141_17237	23662	100.000	141	0	255
MW435436.1	k141_17237	23662	100.000	141	0	255
MW435436.1	k141_17237	23662	100.000	141	0	255
MW435436.1	k141_17237	23662	100.000	141	0	255
MW435436.1	k141_34518	1739	95.614	798	10	1282
MW435436.1	k141_10747	4042	92.459	862	30	1262
MW435436.1	k141_21005	4156	86.422	928	8	1168
MW435436.1	k141_21005	4156	86.422	928	8	1168
MW435436.1	k141_26268	8169	92.846	671	20	1006
MW435436.1	k141_15998	23356	91.304	575	12	820
MW435436.1	k141_15998	23356	92.135	89	7	130
MW435436.1	k141_15998	23356	95.000	80	4	127
MW435436.1	k141_20451	1904	91.313	518	14	733
MW435436.1	k141_2689	2909	92.292	493	9	727
MW435436.1	k141_2689	2909	92.292	493	9	727
MW435436.1	k141_11909	8641	91.597	476	11	682
MW435436.1	k141_13659	4843	91.814	452	12	654
MW435436.1	k141_25943	7026	94.417	412	5	638
MW435436.1	k141_34544	25852	95.556	360	6	582
MW435436.1	k141_34544	25852	95.556	360	6	582
MW435436.1	k141_34544	25852	80.851	141	12	133
MW435436.1	k141_24392	8710	91.029	379	15	535
MW435436.1	k141_24392	8710	99.194	124	1	220
MW435436.1	k141_26292	305	98.361	305	5	528
MW435436.1	k141_5590	31179	70.996	1155	267	526
MW435436.1	k141_5590	31179	70.996	1155	267	526
MW435436.1	k141_5590	31179	70.191	785	189	334
MW435436.1	k141_5590	31179	82.011	189	28	189
MW435436.1	k141_27950	4397	95.283	318	7	505
MW435436.1	k141_30818	17175	97.426	272	1	461
MW435436.1	k141_30818	17175	97.426	272	1	461
MW435436.1	k141_16260	23205	72.696	879	200	459
MW435436.1	k141_16260	23205	72.696	879	200	459
MW435436.1	k141_16260	23205	85.070	355	13	416
MW435436.1	k141_16260	23205	98.919	185	2	325
MW435436.1	k141_16260	23205	78.788	264	54	217
MW435436.1	k141_16260	23205	78.788	264	54	217
MW435436.1	k141_16260	23205	85.000	60	9	68.9
MW435436.1	k141_16260	23205	85.000	60	9	68.9
MW435436.1	k141_34420	11286	97.426	272	5	457
MW435436.1	k141_22196	8882	96.735	245	7	403
MW435436.1	k141_31143	12510	96.694	242	3	401
MW435436.1	k141_31143	12510	72.500	80	22	46.4
MW435436.1	k141_31143	12510	72.500	80	22	46.4
MW435436.1	k141_3789	673	78.804	368	74	312
MW435436.1	k141_10272	497	81.728	301	41	281
MW435436.1	k141_10272	497	81.728	301	41	281
MW435436.1	k141_6857	9077	100.000	140	0	253
MW435436.1	k141_6857	9077	100.000	140	0	253
MW435436.1	k141_35109	3479	100.000	140	0	253
MW435436.1	k141_35109	3479	100.000	140	0	253
MW435436.1	k141_29326	365	100.000	132	0	239
MW435436.1	k141_14175	24308	99.248	133	1	236
MW435436.1	k141_14175	24308	99.248	133	1	236
MW435436.1	k141_21679	6127	80.165	242	11	227
MW435436.1	k141_4538	469	78.102	274	41	214
MW435436.1	k141_4538	469	78.102	274	41	214
MW435436.1	k141_181	568	100.000	118	0	214
MW435436.1	k141_181	568	100.000	118	0	214
MW435436.1	k141_3245	5740	75.627	279	15	205
MW435436.1	k141_3245	5740	75.627	279	15	205
MW435436.1	k141_3245	5740	91.176	68	4	89.7
MW435436.1	k141_5571	501	97.479	119	2	198
MW435436.1	k141_5571	501	90.909	88	2	120
MW435436.1	k141_7373	472	88.816	152	15	191
MW435436.1	k141_37680	1732	99.065	107	1	189
MW435436.1	k141_36085	7860	89.041	146	11	183
MW435436.1	k141_36085	7860	81.119	143	14	140
MW435436.1	k141_8371	8735	80.296	203	26	181
MW435436.1	k141_8371	8735	93.023	86	6	129
MW435436.1	k141_8371	8735	84.932	73	11	83.3
MW435436.1	k141_8371	8735	84.932	73	11	83.3
MW435436.1	k141_13640	770	79.412	204	36	171
MW435436.1	k141_29468	310	88.281	128	15	164
MW435436.1	k141_15167	8102	66.581	389	29	162
MW435436.1	k141_15167	8102	74.809	131	14	96.9
MW435436.1	k141_31998	902	70.130	231	7	153
MW435436.1	k141_33683	516	98.765	81	1	142
MW435436.1	k141_33683	516	98.765	81	1	142
MW435436.1	k141_5273	662	100.000	77	0	140
MW435436.1	k141_18458	563	74.163	209	33	140
MW435436.1	k141_30942	14441	96.296	81	3	133
MW435436.1	k141_30942	14441	96.296	81	3	133
MW435436.1	k141_27908	787	75.000	192	43	131
MW435436.1	k141_17460	487	86.538	104	12	123
MW435436.1	k141_17460	487	86.538	104	12	123
MW435436.1	k141_35753	569	80.672	119	5	119
MW435436.1	k141_900	348	85.859	99	14	116
MW435436.1	k141_900	348	85.859	99	14	116
MW435436.1	k141_8164	25648	92.405	79	6	116
MW435436.1	k141_8164	25648	77.193	57	13	45.5
MW435436.1	k141_35821	573	82.051	117	14	114
MW435436.1	k141_11739	405	87.778	90	10	110
MW435436.1	k141_11739	405	87.778	90	10	110
MW435436.1	k141_11488	333	72.193	187	22	108
MW435436.1	k141_37530	2171	87.654	81	9	98.7
MW435436.1	k141_38476	4087	91.176	68	2	96.0
MW435436.1	k141_1765	16506	70.879	182	49	85.1
MW435436.1	k141_1765	16506	70.879	182	49	85.1
MW435436.1	k141_6316	461	82.143	84	15	85.1
MW435436.1	k141_4481	1348	85.915	71	10	84.2
MW435436.1	k141_4481	1348	85.915	71	10	84.2
MW435436.1	k141_3440	395	73.188	138	37	83.3
MW435436.1	k141_10935	402	90.000	60	6	82.4
MW435436.1	k141_22513	523	80.208	96	16	82.4
MW435436.1	k141_15962	336	86.957	69	8	81.5
MW435436.1	k141_1205	693	92.593	54	4	80.6
MW435436.1	k141_1205	693	92.593	54	4	80.6
MW435436.1	k141_4765	441	82.857	70	12	73.4
MW435436.1	k141_9096	400	84.375	64	10	71.6
MW435436.1	k141_20073	2347	93.333	45	3	68.9
MW435436.1	k141_20073	2347	93.333	45	3	68.9
MW435436.1	k141_15920	500	66.304	184	21	68.0
MW435436.1	k141_29582	402	77.778	72	16	59.0
MW435436.1	k141_9663	335	90.476	42	4	59.0
MW435436.1	k141_13014	469	84.615	39	6	44.6
MW435436.1	k141_27674	514	83.333	36	6	39.2
NC_037882.1	k141_31236	27459	94.048	9509	221	14723
NC_037882.1	k141_31236	27459	94.048	9509	221	14723
NC_037882.1	k141_31236	27459	94.580	8302	330	12957
NC_037882.1	k141_31236	27459	94.580	8302	330	12957
NC_037882.1	k141_31236	27459	94.805	3176	82	5005
NC_037882.1	k141_31236	27459	94.805	3176	82	5005
NC_037882.1	k141_31236	27459	86.157	2615	245	3082
NC_037882.1	k141_31236	27459	88.187	2184	144	2775
NC_037882.1	k141_31236	27459	95.787	1448	39	2339
NC_037882.1	k141_31236	27459	95.787	1448	39	2339
NC_037882.1	k141_31236	27459	91.719	797	55	1141
NC_037882.1	k141_31236	27459	91.719	797	55	1141
NC_037882.1	k141_31236	27459	97.619	42	1	72.5
NC_037882.1	k141_31236	27459	94.872	39	2	62.6
NC_037882.1	k141_31236	27459	84.211	38	6	42.8
NC_037882.1	k141_2627	73172	86.900	10924	1137	13275
NC_037882.1	k141_2627	73172	82.843	10031	1124	10360
NC_037882.1	k141_2627	73172	83.903	7666	859	8185
NC_037882.1	k141_2627	73172	90.900	5736	403	8004
NC_037882.1	k141_2627	73172	87.195	3772	356	4609
NC_037882.1	k141_2627	73172	75.769	4812	681	3390
NC_037882.1	k141_2627	73172	86.821	1950	201	2355
NC_037882.1	k141_2627	73172	84.767	2127	235	2352
NC_037882.1	k141_2627	73172	85.106	2021	219	2290
NC_037882.1	k141_2627	73172	83.810	1853	182	1970
NC_037882.1	k141_2627	73172	77.216	2098	304	1592
NC_037882.1	k141_2627	73172	76.622	1634	227	1194
NC_037882.1	k141_2627	73172	86.035	981	82	1143
NC_037882.1	k141_2627	73172	87.944	788	71	993
NC_037882.1	k141_2627	73172	78.266	842	120	643
NC_037882.1	k141_2627	73172	78.726	738	92	606
NC_037882.1	k141_2627	73172	71.241	1064	141	558
NC_037882.1	k141_2627	73172	71.663	854	112	486
NC_037882.1	k141_2627	73172	75.498	653	85	466
NC_037882.1	k141_2627	73172	91.797	256	20	364
NC_037882.1	k141_2627	73172	79.167	408	57	343
NC_037882.1	k141_2627	73172	78.788	330	32	283
NC_037882.1	k141_2627	73172	82.353	272	36	272
NC_037882.1	k141_2627	73172	66.492	764	119	253
NC_037882.1	k141_2627	73172	90.854	164	14	225
NC_037882.1	k141_2627	73172	88.028	142	11	177
NC_037882.1	k141_2627	73172	79.082	196	20	170
NC_037882.1	k141_2627	73172	87.121	132	17	162
NC_037882.1	k141_2627	73172	66.606	551	158	143
NC_037882.1	k141_2627	73172	89.623	106	11	142
NC_037882.1	k141_2627	73172	69.966	293	53	123
NC_037882.1	k141_2627	73172	77.778	126	28	102
NC_037882.1	k141_2627	73172	86.957	69	9	85.1
NC_037882.1	k141_2627	73172	92.857	42	3	63.5
NC_037882.1	k141_2627	73172	84.615	52	8	59.0
NC_037882.1	k141_2627	73172	89.744	39	4	53.6
NC_037882.1	k141_2627	73172	89.744	39	4	53.6
NC_037882.1	k141_2627	73172	84.615	39	6	44.6
NC_037882.1	k141_23065	16503	81.006	6086	783	5772
NC_037882.1	k141_23065	16503	85.639	2082	248	2408
NC_037882.1	k141_23065	16503	82.433	2277	362	2302
NC_037882.1	k141_23065	16503	72.262	2657	599	1445
NC_037882.1	k141_23065	16503	78.496	1423	246	1169
NC_037882.1	k141_23065	16503	74.569	928	187	605
NC_037882.1	k141_23065	16503	92.857	42	3	63.5
NC_037882.1	k141_23065	16503	92.857	42	3	63.5
NC_037882.1	k141_17237	23662	81.832	4051	575	3917
NC_037882.1	k141_17237	23662	81.832	4051	575	3917
NC_037882.1	k141_17237	23662	84.162	3441	372	3720
NC_037882.1	k141_17237	23662	84.162	3441	372	3720
NC_037882.1	k141_17237	23662	74.234	1502	213	937
NC_037882.1	k141_17237	23662	74.234	1502	213	937
NC_037882.1	k141_17237	23662	80.926	886	118	788
NC_037882.1	k141_17237	23662	80.926	886	118	788
NC_037882.1	k141_17237	23662	95.181	83	4	132
NC_037882.1	k141_17237	23662	95.181	83	4	132
NC_037882.1	k141_34518	1739	89.474	798	59	1061
NC_037882.1	k141_10747	4042	86.982	868	68	1052
NC_037882.1	k141_21005	4156	85.175	742	38	858
NC_037882.1	k141_21005	4156	85.175	742	38	858
NC_037882.1	k141_21005	4156	87.662	154	12	190
NC_037882.1	k141_21005	4156	87.662	154	12	190
NC_037882.1	k141_15998	23356	88.522	575	28	747
NC_037882.1	k141_15998	23356	98.750	80	1	141
NC_037882.1	k141_15998	23356	89.888	89	9	121
NC_037882.1	k141_2689	2909	92.089	493	10	722
NC_037882.1	k141_2689	2909	92.089	493	10	722
NC_037882.1	k141_11909	8641	87.158	475	32	581
NC_037882.1	k141_13659	4843	87.389	452	32	563
NC_037882.1	k141_25943	7026	89.373	367	28	479
NC_037882.1	k141_3245	5740	78.399	537	28	462
NC_037882.1	k141_3245	5740	78.399	537	28	462
NC_037882.1	k141_16260	23205	72.800	875	206	462
NC_037882.1	k141_16260	23205	72.800	875	206	462
NC_037882.1	k141_16260	23205	92.432	185	14	271
NC_037882.1	k141_16260	23205	78.788	264	54	217
NC_037882.1	k141_16260	23205	78.788	264	54	217
NC_037882.1	k141_16260	23205	73.422	301	49	170
NC_037882.1	k141_16260	23205	85.000	60	9	68.9
NC_037882.1	k141_16260	23205	85.000	60	9	68.9
NC_037882.1	k141_26292	305	93.069	303	21	453
NC_037882.1	k141_20451	1904	80.620	516	54	450
NC_037882.1	k141_34420	11286	92.701	274	18	402
NC_037882.1	k141_30818	17175	91.791	268	16	386
NC_037882.1	k141_30818	17175	91.791	268	16	386
NC_037882.1	k141_5590	31179	75.833	480	106	339
NC_037882.1	k141_5590	31179	75.833	480	106	339
NC_037882.1	k141_5590	31179	68.644	826	216	321
NC_037882.1	k141_5590	31179	74.098	471	92	278
NC_037882.1	k141_5590	31179	74.098	471	92	278
NC_037882.1	k141_5590	31179	82.540	189	27	194
NC_037882.1	k141_31143	12510	90.496	242	18	334
NC_037882.1	k141_31143	12510	78.750	80	17	68.9
NC_037882.1	k141_34544	25852	85.978	271	13	323
NC_037882.1	k141_34544	25852	85.978	271	13	323
NC_037882.1	k141_34544	25852	81.208	149	11	136
NC_037882.1	k141_26268	8169	82.188	320	43	311
NC_037882.1	k141_26268	8169	81.529	157	24	149
NC_037882.1	k141_22196	8882	86.885	244	16	293
NC_037882.1	k141_8371	8735	74.833	449	68	283
NC_037882.1	k141_8371	8735	84.932	73	11	83.3
NC_037882.1	k141_8371	8735	84.932	73	11	83.3
NC_037882.1	k141_35109	3479	100.000	140	0	253
NC_037882.1	k141_35109	3479	100.000	140	0	253
NC_037882.1	k141_27950	4397	81.172	239	26	237
NC_037882.1	k141_14175	24308	98.496	133	2	232
NC_037882.1	k141_14175	24308	98.496	133	2	232
NC_037882.1	k141_24392	8710	73.699	365	62	221
NC_037882.1	k141_24392	8710	90.164	122	12	167
NC_037882.1	k141_29326	365	93.893	131	8	201
NC_037882.1	k141_21679	6127	78.704	216	16	187
NC_037882.1	k141_10272	497	73.649	296	44	178
NC_037882.1	k141_10272	497	73.649	296	44	178
NC_037882.1	k141_4538	469	76.569	239	38	173
NC_037882.1	k141_4538	469	76.569	239	38	173
NC_037882.1	k141_3789	673	70.360	361	103	168
NC_037882.1	k141_3789	673	72.281	285	63	164
NC_037882.1	k141_3789	673	72.281	285	63	164
NC_037882.1	k141_37680	1732	94.393	107	6	167
NC_037882.1	k141_36085	7860	97.895	95	2	163
NC_037882.1	k141_36085	7860	96.341	82	3	135
NC_037882.1	k141_36085	7860	80.882	68	9	64.4
NC_037882.1	k141_6857	9077	83.217	143	9	146
NC_037882.1	k141_6857	9077	83.217	143	9	146
NC_037882.1	k141_31998	902	91.753	97	8	140
NC_037882.1	k141_31998	902	90.000	40	4	55.4
NC_037882.1	k141_33683	516	97.531	81	2	138
NC_037882.1	k141_33683	516	97.531	81	2	138
NC_037882.1	k141_15167	8102	65.241	374	42	137
NC_037882.1	k141_30942	14441	92.308	91	5	131
NC_037882.1	k141_30942	14441	92.308	91	5	131
NC_037882.1	k141_17460	487	87.500	104	11	127
NC_037882.1	k141_17460	487	87.500	104	11	127
NC_037882.1	k141_5571	501	81.395	129	11	123
NC_037882.1	k141_5273	662	93.506	77	5	117
NC_037882.1	k141_900	348	85.859	99	14	116
NC_037882.1	k141_900	348	85.859	99	14	116
NC_037882.1	k141_181	568	83.486	109	15	114
NC_037882.1	k141_181	568	83.486	109	15	114
NC_037882.1	k141_8164	25648	91.139	79	7	112
NC_037882.1	k141_8164	25648	77.193	57	13	45.5
NC_037882.1	k141_11739	405	86.667	90	11	105
NC_037882.1	k141_11739	405	86.667	90	11	105
NC_037882.1	k141_13640	770	73.000	200	33	105
NC_037882.1	k141_3440	395	73.973	146	37	89.7
NC_037882.1	k141_1765	16506	70.879	182	49	85.1
NC_037882.1	k141_1765	16506	70.879	182	49	85.1
NC_037882.1	k141_37530	2171	81.481	81	14	76.1
NC_037882.1	k141_35753	569	73.148	108	12	76.1
NC_037882.1	k141_35821	573	74.419	86	19	55.4
NC_056190.1	k141_31236	27459	93.290	9613	502	14445
NC_056190.1	k141_31236	27459	93.508	9366	465	14166
NC_056190.1	k141_31236	27459	95.923	8216	235	13257
NC_056190.1	k141_31236	27459	95.923	8216	235	13257
NC_056190.1	k141_31236	27459	91.429	3640	137	5181
NC_056190.1	k141_31236	27459	91.429	3640	137	5181
NC_056190.1	k141_31236	27459	87.783	2652	125	3398
NC_056190.1	k141_31236	27459	87.783	2652	125	3398
NC_056190.1	k141_31236	27459	86.916	1712	115	2077
NC_056190.1	k141_31236	27459	86.916	1712	115	2077
NC_056190.1	k141_31236	27459	97.561	41	1	70.7
NC_056190.1	k141_31236	27459	92.308	39	3	58.1
NC_056190.1	k141_31236	27459	84.211	38	6	42.8
NC_056190.1	k141_2627	73172	90.223	5697	452	7736
NC_056190.1	k141_2627	73172	84.424	6356	843	6992
NC_056190.1	k141_2627	73172	78.845	6892	962	5826
NC_056190.1	k141_2627	73172	86.804	4403	490	5332
NC_056190.1	k141_2627	73172	85.689	4563	482	5286
NC_056190.1	k141_2627	73172	83.883	4064	449	4314
NC_056190.1	k141_2627	73172	84.666	3026	326	3364
NC_056190.1	k141_2627	73172	72.950	4366	632	2585
NC_056190.1	k141_2627	73172	85.008	1981	238	2229
NC_056190.1	k141_2627	73172	83.621	2027	267	2137
NC_056190.1	k141_2627	73172	81.818	1738	196	1688
NC_056190.1	k141_2627	73172	81.694	1535	255	1498
NC_056190.1	k141_2627	73172	85.495	1172	132	1324
NC_056190.1	k141_2627	73172	74.259	2024	361	1252
NC_056190.1	k141_2627	73172	77.237	1397	215	1044
NC_056190.1	k141_2627	73172	81.238	1082	140	1012
NC_056190.1	k141_2627	73172	76.266	1264	202	921
NC_056190.1	k141_2627	73172	77.557	1007	141	771
NC_056190.1	k141_2627	73172	80.605	727	93	661
NC_056190.1	k141_2627	73172	74.769	757	118	508
NC_056190.1	k141_2627	73172	78.685	502	71	407
NC_056190.1	k141_2627	73172	79.955	444	70	395
NC_056190.1	k141_2627	73172	83.483	333	50	349
NC_056190.1	k141_2627	73172	87.952	249	26	314
NC_056190.1	k141_2627	73172	82.637	311	29	300
NC_056190.1	k141_2627	73172	72.624	442	66	248
NC_056190.1	k141_2627	73172	90.184	163	16	223
NC_056190.1	k141_2627	73172	84.653	202	25	222
NC_056190.1	k141_2627	73172	80.631	222	25	214
NC_056190.1	k141_2627	73172	74.390	328	57	188
NC_056190.1	k141_2627	73172	85.315	143	15	160
NC_056190.1	k141_2627	73172	87.500	128	14	157
NC_056190.1	k141_2627	73172	82.051	156	18	156
NC_056190.1	k141_2627	73172	85.612	139	10	152
NC_056190.1	k141_2627	73172	85.950	121	17	142
NC_056190.1	k141_2627	73172	91.000	100	9	141
NC_056190.1	k141_2627	73172	66.964	448	126	121
NC_056190.1	k141_2627	73172	69.672	244	36	119
NC_056190.1	k141_2627	73172	82.432	74	13	76.1
NC_056190.1	k141_2627	73172	95.455	44	2	71.6
NC_056190.1	k141_2627	73172	88.095	42	5	54.5
NC_056190.1	k141_2627	73172	89.744	39	4	53.6
NC_056190.1	k141_2627	73172	84.615	39	6	44.6
NC_056190.1	k141_2627	73172	74.194	62	16	41.0
NC_056190.1	k141_2627	73172	77.358	53	9	41.0
NC_056190.1	k141_17237	23662	78.088	4080	646	3250
NC_056190.1	k141_17237	23662	78.088	4080	646	3250
NC_056190.1	k141_17237	23662	83.753	2979	357	3184
NC_056190.1	k141_17237	23662	83.753	2979	357	3184
NC_056190.1	k141_17237	23662	77.892	873	134	682
NC_056190.1	k141_17237	23662	77.892	873	134	682
NC_056190.1	k141_17237	23662	78.173	646	100	522
NC_056190.1	k141_17237	23662	78.173	646	100	522
NC_056190.1	k141_17237	23662	78.431	510	74	421
NC_056190.1	k141_17237	23662	78.431	510	74	421
NC_056190.1	k141_17237	23662	90.598	117	9	155
NC_056190.1	k141_17237	23662	90.598	117	9	155
NC_056190.1	k141_17237	23662	95.000	80	4	127
NC_056190.1	k141_17237	23662	95.000	80	4	127
NC_056190.1	k141_17237	23662	69.189	185	36	83.3
NC_056190.1	k141_17237	23662	69.189	185	36	83.3
NC_056190.1	k141_23065	16503	75.766	4341	816	3011
NC_056190.1	k141_23065	16503	76.847	1516	251	1184
NC_056190.1	k141_23065	16503	70.416	2623	608	1177
NC_056190.1	k141_23065	16503	74.781	1598	338	1043
NC_056190.1	k141_23065	16503	84.670	698	90	770
NC_056190.1	k141_23065	16503	82.516	612	95	615
NC_056190.1	k141_23065	16503	72.321	560	82	315
NC_056190.1	k141_23065	16503	75.676	111	25	77.0
NC_056190.1	k141_23065	16503	92.857	42	3	63.5
NC_056190.1	k141_23065	16503	92.857	42	3	63.5
NC_056190.1	k141_34518	1739	88.889	801	64	1044
NC_056190.1	k141_10747	4042	85.124	847	86	960
NC_056190.1	k141_21005	4156	83.752	677	32	733
NC_056190.1	k141_21005	4156	83.752	677	32	733
NC_056190.1	k141_15998	23356	87.979	574	31	732
NC_056190.1	k141_15998	23356	97.500	80	2	136
NC_056190.1	k141_15998	23356	92.135	89	7	130
NC_056190.1	k141_2689	2909	92.089	493	10	722
NC_056190.1	k141_2689	2909	92.089	493	10	722
NC_056190.1	k141_11909	8641	86.316	475	36	563
NC_056190.1	k141_13659	4843	85.841	452	39	532
NC_056190.1	k141_16260	23205	72.912	886	208	473
NC_056190.1	k141_16260	23205	72.912	886	208	473
NC_056190.1	k141_16260	23205	91.351	185	16	262
NC_056190.1	k141_16260	23205	78.409	264	55	213
NC_056190.1	k141_16260	23205	78.409	264	55	213
NC_056190.1	k141_16260	23205	85.000	60	9	68.9
NC_056190.1	k141_16260	23205	85.000	60	9	68.9
NC_056190.1	k141_3245	5740	79.264	516	30	455
NC_056190.1	k141_3245	5740	79.264	516	30	455
NC_056190.1	k141_25943	7026	85.422	391	35	451
NC_056190.1	k141_20451	1904	78.234	487	57	418
NC_056190.1	k141_34544	25852	87.202	336	26	415
NC_056190.1	k141_34544	25852	87.202	336	26	415
NC_056190.1	k141_26292	305	90.099	303	29	408
NC_056190.1	k141_30818	17175	93.182	264	12	397
NC_056190.1	k141_30818	17175	93.182	264	12	397
NC_056190.1	k141_5590	31179	70.482	830	198	377
NC_056190.1	k141_5590	31179	75.833	480	106	339
NC_056190.1	k141_5590	31179	75.833	480	106	339
NC_056190.1	k141_5590	31179	74.310	471	91	282
NC_056190.1	k141_5590	31179	74.310	471	91	282
NC_056190.1	k141_5590	31179	84.729	203	21	218
NC_056190.1	k141_34420	11286	89.781	274	26	366
NC_056190.1	k141_26268	8169	81.432	377	63	353
NC_056190.1	k141_26268	8169	84.733	131	20	147
NC_056190.1	k141_8371	8735	76.782	435	61	303
NC_056190.1	k141_8371	8735	79.167	72	15	63.5
NC_056190.1	k141_8371	8735	79.167	72	15	63.5
NC_056190.1	k141_31143	12510	87.764	237	24	297
NC_056190.1	k141_22196	8882	87.281	228	20	267
NC_056190.1	k141_35109	3479	99.286	140	1	249
NC_056190.1	k141_35109	3479	99.286	140	1	249
NC_056190.1	k141_14175	24308	98.496	133	2	232
NC_056190.1	k141_14175	24308	98.496	133	2	232
NC_056190.1	k141_24392	8710	73.368	383	65	224
NC_056190.1	k141_24392	8710	91.870	123	10	178
NC_056190.1	k141_27950	4397	78.598	271	39	223
NC_056190.1	k141_10272	497	76.159	302	50	205
NC_056190.1	k141_10272	497	76.159	302	50	205
NC_056190.1	k141_36085	7860	87.248	149	12	181
NC_056190.1	k141_36085	7860	85.593	118	13	136
NC_056190.1	k141_29326	365	90.152	132	13	180
NC_056190.1	k141_21679	6127	76.852	216	20	169
NC_056190.1	k141_37680	1732	92.523	107	8	158
NC_056190.1	k141_4538	469	73.034	267	50	155
NC_056190.1	k141_4538	469	73.034	267	50	155
NC_056190.1	k141_6857	9077	80.882	136	11	133
NC_056190.1	k141_6857	9077	80.882	136	11	133
NC_056190.1	k141_33683	516	96.296	81	3	133
NC_056190.1	k141_33683	516	96.296	81	3	133
NC_056190.1	k141_31998	902	88.660	97	11	126
NC_056190.1	k141_31998	902	97.368	38	1	65.3
NC_056190.1	k141_30942	14441	93.827	81	5	124
NC_056190.1	k141_30942	14441	93.827	81	5	124
NC_056190.1	k141_8164	25648	93.590	78	5	119
NC_056190.1	k141_8164	25648	77.193	57	13	45.5
NC_056190.1	k141_900	348	85.859	99	14	116
NC_056190.1	k141_900	348	85.859	99	14	116
NC_056190.1	k141_5273	662	92.208	77	6	113
NC_056190.1	k141_11739	405	87.778	90	10	110
NC_056190.1	k141_11739	405	87.778	90	10	110
NC_056190.1	k141_17460	487	83.654	104	15	109
NC_056190.1	k141_17460	487	83.654	104	15	109
NC_056190.1	k141_15167	8102	63.582	335	38	104
NC_056190.1	k141_15167	8102	75.789	95	16	70.7
NC_056190.1	k141_30237	3894	82.292	96	13	92.4
NC_056190.1	k141_37530	2171	83.951	81	12	85.1
NC_056190.1	k141_35753	569	74.074	108	11	80.6
NC_056190.1	k141_1205	693	90.385	52	5	72.5
NC_056190.1	k141_1205	693	90.385	52	5	72.5
NC_056190.1	k141_3440	395	70.548	146	42	67.1
NC_056190.1	k141_181	568	78.873	71	15	61.7
NC_056190.1	k141_181	568	78.873	71	15	61.7
NC_056190.1	k141_9096	400	82.609	46	8	48.2
MN564931.1	k141_31236	27459	94.896	8347	267	13123
MN564931.1	k141_31236	27459	94.896	8347	267	13123
MN564931.1	k141_31236	27459	89.633	4736	230	6396
MN564931.1	k141_31236	27459	89.633	4736	230	6396
MN564931.1	k141_31236	27459	87.571	3894	328	4896
MN564931.1	k141_31236	27459	87.571	3894	328	4896
MN564931.1	k141_31236	27459	91.931	2553	128	3670
MN564931.1	k141_31236	27459	92.796	2318	99	3426
MN564931.1	k141_31236	27459	88.104	2648	137	3395
MN564931.1	k141_31236	27459	88.104	2648	137	3395
MN564931.1	k141_31236	27459	83.464	2171	184	2365
MN564931.1	k141_31236	27459	83.464	2171	184	2365
MN564931.1	k141_31236	27459	87.387	777	59	941
MN564931.1	k141_31236	27459	87.387	777	59	941
MN564931.1	k141_31236	27459	88.467	685	44	889
MN564931.1	k141_31236	27459	88.467	685	44	889
MN564931.1	k141_31236	27459	87.967	482	43	613
MN564931.1	k141_31236	27459	87.967	482	43	613
MN564931.1	k141_31236	27459	87.320	347	32	434
MN564931.1	k141_31236	27459	87.320	347	32	434
MN564931.1	k141_31236	27459	74.787	587	112	411
MN564931.1	k141_31236	27459	74.787	587	112	411
MN564931.1	k141_31236	27459	100.000	42	0	77.0
MN564931.1	k141_31236	27459	92.857	42	3	63.5
MN564931.1	k141_2627	73172	85.175	10934	1362	12387
MN564931.1	k141_2627	73172	81.812	8797	1127	8573
MN564931.1	k141_2627	73172	89.678	5687	482	7624
MN564931.1	k141_2627	73172	83.487	5529	666	5772
MN564931.1	k141_2627	73172	85.995	3670	363	4244
MN564931.1	k141_2627	73172	84.666	1963	246	2179
MN564931.1	k141_2627	73172	85.090	1898	230	2146
MN564931.1	k141_2627	73172	84.420	1887	221	2085
MN564931.1	k141_2627	73172	79.760	2169	233	1925
MN564931.1	k141_2627	73172	75.652	2033	311	1430
MN564931.1	k141_2627	73172	79.657	1573	237	1407
MN564931.1	k141_2627	73172	86.185	1122	116	1306
MN564931.1	k141_2627	73172	75.188	1596	260	1095
MN564931.1	k141_2627	73172	81.039	1039	127	1018
MN564931.1	k141_2627	73172	75.674	1410	208	970
MN564931.1	k141_2627	73172	70.699	2017	361	888
MN564931.1	k141_2627	73172	84.973	752	81	840
MN564931.1	k141_2627	73172	71.769	1300	180	737
MN564931.1	k141_2627	73172	73.853	872	163	514
MN564931.1	k141_2627	73172	74.522	785	152	477
MN564931.1	k141_2627	73172	71.888	932	145	462
MN564931.1	k141_2627	73172	82.227	422	63	407
MN564931.1	k141_2627	73172	83.082	331	54	338
MN564931.1	k141_2627	73172	78.319	452	73	329
MN564931.1	k141_2627	73172	82.819	227	17	232
MN564931.1	k141_2627	73172	79.832	238	32	224
MN564931.1	k141_2627	73172	79.263	217	29	190
MN564931.1	k141_2627	73172	67.958	568	166	183
MN564931.1	k141_2627	73172	82.955	176	27	177
MN564931.1	k141_2627	73172	90.323	124	12	170
MN564931.1	k141_2627	73172	90.435	115	7	158
MN564931.1	k141_2627	73172	85.294	136	15	151
MN564931.1	k141_2627	73172	68.113	461	92	142
MN564931.1	k141_2627	73172	89.320	103	10	133
MN564931.1	k141_2627	73172	73.333	165	44	100
MN564931.1	k141_2627	73172	71.176	170	47	79.7
MN564931.1	k141_2627	73172	82.192	73	13	74.3
MN564931.1	k141_2627	73172	78.750	80	17	68.9
MN564931.1	k141_2627	73172	90.476	42	4	59.0
MN564931.1	k141_2627	73172	92.308	39	3	58.1
MN564931.1	k141_2627	73172	92.308	39	3	58.1
MN564931.1	k141_2627	73172	82.979	47	8	50.0
MN564931.1	k141_2627	73172	90.909	33	3	47.3
MN564931.1	k141_2627	73172	83.333	42	7	45.5
MN564931.1	k141_2627	73172	84.615	39	6	44.6
MN564931.1	k141_23065	16503	80.396	4800	761	4315
MN564931.1	k141_23065	16503	81.759	2763	396	2723
MN564931.1	k141_23065	16503	79.742	2251	393	2007
MN564931.1	k141_23065	16503	82.941	1401	177	1461
MN564931.1	k141_23065	16503	67.960	2525	548	921
MN564931.1	k141_23065	16503	67.960	2525	548	921
MN564931.1	k141_23065	16503	69.271	576	130	239
MN564931.1	k141_23065	16503	69.271	576	130	239
MN564931.1	k141_23065	16503	95.238	42	2	68.0
MN564931.1	k141_23065	16503	95.238	42	2	68.0
MN564931.1	k141_17237	23662	77.927	4399	668	3550
MN564931.1	k141_17237	23662	77.927	4399	668	3550
MN564931.1	k141_17237	23662	81.279	3424	430	3282
MN564931.1	k141_17237	23662	81.279	3424	430	3282
MN564931.1	k141_17237	23662	75.568	880	144	606
MN564931.1	k141_17237	23662	75.568	880	144	606
MN564931.1	k141_17237	23662	74.404	629	98	398
MN564931.1	k141_17237	23662	74.404	629	98	398
MN564931.1	k141_17237	23662	75.417	480	51	350
MN564931.1	k141_17237	23662	75.417	480	51	350
MN564931.1	k141_17237	23662	92.157	102	5	147
MN564931.1	k141_17237	23662	92.157	102	5	147
MN564931.1	k141_10747	4042	86.920	841	72	1024
MN564931.1	k141_34518	1739	88.317	796	68	1017
MN564931.1	k141_15998	23356	88.000	575	31	734
MN564931.1	k141_15998	23356	97.500	80	2	136
MN564931.1	k141_15998	23356	88.764	89	10	116
MN564931.1	k141_2689	2909	91.886	493	11	718
MN564931.1	k141_2689	2909	91.886	493	11	718
MN564931.1	k141_21005	4156	82.707	665	43	688
MN564931.1	k141_21005	4156	82.707	665	43	688
MN564931.1	k141_13659	4843	87.389	452	32	563
MN564931.1	k141_11909	8641	84.632	475	44	527
MN564931.1	k141_16260	23205	73.029	875	204	471
MN564931.1	k141_16260	23205	73.029	875	204	471
MN564931.1	k141_16260	23205	89.189	185	20	244
MN564931.1	k141_16260	23205	78.788	264	54	217
MN564931.1	k141_16260	23205	78.788	264	54	217
MN564931.1	k141_16260	23205	85.000	60	9	68.9
MN564931.1	k141_16260	23205	85.000	60	9	68.9
MN564931.1	k141_34544	25852	86.631	374	21	453
MN564931.1	k141_34544	25852	86.631	374	21	453
MN564931.1	k141_34544	25852	80.576	139	12	130
MN564931.1	k141_25943	7026	88.333	360	31	453
MN564931.1	k141_3245	5740	77.737	539	30	450
MN564931.1	k141_3245	5740	77.737	539	30	450
MN564931.1	k141_26268	8169	74.963	683	114	427
MN564931.1	k141_26292	305	90.099	303	24	413
MN564931.1	k141_34420	11286	91.606	274	21	389
MN564931.1	k141_5590	31179	69.185	847	220	352
MN564931.1	k141_5590	31179	75.208	480	109	325
MN564931.1	k141_5590	31179	75.208	480	109	325
MN564931.1	k141_5590	31179	74.946	467	95	281
MN564931.1	k141_5590	31179	74.946	467	95	281
MN564931.1	k141_5590	31179	79.602	201	34	176
MN564931.1	k141_20451	1904	73.466	554	111	306
MN564931.1	k141_31143	12510	87.288	236	25	291
MN564931.1	k141_35109	3479	100.000	140	0	253
MN564931.1	k141_35109	3479	100.000	140	0	253
MN564931.1	k141_30818	17175	82.072	251	39	251
MN564931.1	k141_30818	17175	82.072	251	39	251
MN564931.1	k141_22196	8882	83.898	236	17	251
MN564931.1	k141_24392	8710	74.734	376	72	240
MN564931.1	k141_24392	8710	91.129	124	11	175
MN564931.1	k141_14175	24308	98.496	133	2	232
MN564931.1	k141_14175	24308	98.496	133	2	232
MN564931.1	k141_3789	673	73.407	361	92	218
MN564931.1	k141_29326	365	89.394	132	14	176
MN564931.1	k141_21679	6127	77.376	221	22	172
MN564931.1	k141_27950	4397	79.024	205	25	170
MN564931.1	k141_8371	8735	98.901	91	1	160
MN564931.1	k141_8371	8735	70.909	275	48	133
MN564931.1	k141_36085	7860	82.119	151	14	154
MN564931.1	k141_36085	7860	91.262	103	6	144
MN564931.1	k141_37680	1732	91.589	107	9	153
MN564931.1	k141_33683	516	97.531	81	2	138
MN564931.1	k141_33683	516	97.531	81	2	138
MN564931.1	k141_30942	14441	96.341	82	3	135
MN564931.1	k141_30942	14441	96.341	82	3	135
MN564931.1	k141_6857	9077	84.821	112	5	128
MN564931.1	k141_6857	9077	84.821	112	5	128
MN564931.1	k141_17460	487	86.538	104	12	123
MN564931.1	k141_17460	487	86.538	104	12	123
MN564931.1	k141_31998	902	87.629	97	12	122
MN564931.1	k141_31998	902	92.683	41	3	61.7
MN564931.1	k141_181	568	85.437	103	15	119
MN564931.1	k141_181	568	85.437	103	15	119
MN564931.1	k141_900	348	85.859	99	14	116
MN564931.1	k141_900	348	85.859	99	14	116
MN564931.1	k141_8164	25648	94.521	73	4	114
MN564931.1	k141_8164	25648	77.193	57	13	45.5
MN564931.1	k141_5273	662	92.000	75	6	109
MN564931.1	k141_15167	8102	64.744	312	38	105
MN564931.1	k141_11739	405	86.667	90	11	105
MN564931.1	k141_11739	405	86.667	90	11	105
MN564931.1	k141_4538	469	76.154	130	19	97.8
MN564931.1	k141_4538	469	76.154	130	19	97.8
MN564931.1	k141_1765	16506	71.978	182	47	94.2
MN564931.1	k141_1765	16506	71.978	182	47	94.2
MN564931.1	k141_35753	569	75.701	107	9	87.8
MN564931.1	k141_30237	3894	80.412	97	13	86.9
MN564931.1	k141_3440	395	73.288	146	38	85.1
MN564931.1	k141_37530	2171	81.481	81	14	76.1
MN564931.1	k141_29582	402	80.328	61	12	57.2
MN564931.1	k141_14254	439	78.723	47	10	41.0
NC_031651.1	k141_31236	27459	93.764	9526	324	14533
NC_031651.1	k141_31236	27459	93.764	9526	324	14533
NC_031651.1	k141_31236	27459	92.070	9470	586	13729
NC_031651.1	k141_31236	27459	92.679	9084	537	13405
NC_031651.1	k141_31236	27459	91.016	3818	182	5359
NC_031651.1	k141_31236	27459	91.016	3818	182	5359
NC_031651.1	k141_31236	27459	92.447	1602	87	2339
NC_031651.1	k141_31236	27459	92.447	1602	87	2339
NC_031651.1	k141_31236	27459	81.622	1529	214	1511
NC_031651.1	k141_31236	27459	83.461	653	54	673
NC_031651.1	k141_31236	27459	83.461	653	54	673
NC_031651.1	k141_31236	27459	84.328	134	17	138
NC_031651.1	k141_31236	27459	84.328	134	17	138
NC_031651.1	k141_31236	27459	87.931	58	7	74.3
NC_031651.1	k141_31236	27459	97.619	42	1	72.5
NC_031651.1	k141_2627	73172	84.816	10761	1359	12063
NC_031651.1	k141_2627	73172	81.523	8221	1088	7898
NC_031651.1	k141_2627	73172	89.712	5686	497	7606
NC_031651.1	k141_2627	73172	84.287	4563	526	4984
NC_031651.1	k141_2627	73172	84.854	3737	404	4167
NC_031651.1	k141_2627	73172	83.358	2067	253	2147
NC_031651.1	k141_2627	73172	85.155	1866	235	2114
NC_031651.1	k141_2627	73172	82.940	1993	285	2053
NC_031651.1	k141_2627	73172	79.435	2125	265	1856
NC_031651.1	k141_2627	73172	79.923	1559	278	1392
NC_031651.1	k141_2627	73172	74.953	2120	365	1341
NC_031651.1	k141_2627	73172	76.757	1764	270	1288
NC_031651.1	k141_2627	73172	85.357	1079	110	1228
NC_031651.1	k141_2627	73172	79.837	1230	173	1083
NC_031651.1	k141_2627	73172	72.623	1914	350	1044
NC_031651.1	k141_2627	73172	79.857	1122	151	1010
NC_031651.1	k141_2627	73172	72.004	1936	308	1003
NC_031651.1	k141_2627	73172	78.165	1177	184	931
NC_031651.1	k141_2627	73172	79.203	1029	144	883
NC_031651.1	k141_2627	73172	74.765	852	134	533
NC_031651.1	k141_2627	73172	82.163	527	82	511
NC_031651.1	k141_2627	73172	73.190	746	130	417
NC_031651.1	k141_2627	73172	78.514	498	82	398
NC_031651.1	k141_2627	73172	86.562	320	32	385
NC_031651.1	k141_2627	73172	86.454	251	21	289
NC_031651.1	k141_2627	73172	91.608	143	12	205
NC_031651.1	k141_2627	73172	74.744	293	44	196
NC_031651.1	k141_2627	73172	85.093	161	15	182
NC_031651.1	k141_2627	73172	95.098	102	2	156
NC_031651.1	k141_2627	73172	87.402	127	15	154
NC_031651.1	k141_2627	73172	88.679	106	10	135
NC_031651.1	k141_2627	73172	84.298	121	19	133
NC_031651.1	k141_2627	73172	73.853	218	37	132
NC_031651.1	k141_2627	73172	82.540	126	22	129
NC_031651.1	k141_2627	73172	90.110	91	9	124
NC_031651.1	k141_2627	73172	85.294	68	10	78.8
NC_031651.1	k141_2627	73172	66.920	263	55	71.6
NC_031651.1	k141_2627	73172	92.308	39	3	58.1
NC_031651.1	k141_2627	73172	92.308	39	3	58.1
NC_031651.1	k141_2627	73172	91.892	37	3	54.5
NC_031651.1	k141_2627	73172	77.027	74	11	50.0
NC_031651.1	k141_2627	73172	72.857	70	19	41.9
NC_031651.1	k141_23065	16503	79.626	4810	777	4165
NC_031651.1	k141_23065	16503	75.616	4380	831	2996
NC_031651.1	k141_23065	16503	79.268	2267	420	1961
NC_031651.1	k141_23065	16503	81.889	1535	221	1499
NC_031651.1	k141_23065	16503	71.168	2525	551	1278
NC_031651.1	k141_23065	16503	95.238	42	2	68.0
NC_031651.1	k141_23065	16503	95.238	42	2	68.0
NC_031651.1	k141_23065	16503	94.872	39	2	62.6
NC_031651.1	k141_17237	23662	78.946	4061	660	3379
NC_031651.1	k141_17237	23662	78.946	4061	660	3379
NC_031651.1	k141_17237	23662	84.869	2941	350	3271
NC_031651.1	k141_17237	23662	84.869	2941	350	3271
NC_031651.1	k141_17237	23662	79.433	812	118	693
NC_031651.1	k141_17237	23662	79.433	812	118	693
NC_031651.1	k141_17237	23662	77.437	718	113	542
NC_031651.1	k141_17237	23662	77.437	718	113	542
NC_031651.1	k141_17237	23662	78.514	498	81	395
NC_031651.1	k141_17237	23662	78.514	498	81	395
NC_031651.1	k141_17237	23662	92.174	115	6	161
NC_031651.1	k141_17237	23662	92.174	115	6	161
NC_031651.1	k141_17237	23662	96.364	55	2	91.5
NC_031651.1	k141_17237	23662	96.364	55	2	91.5
NC_031651.1	k141_34518	1739	87.970	798	71	1003
NC_031651.1	k141_10747	4042	85.277	849	84	965
NC_031651.1	k141_21005	4156	82.609	897	72	901
NC_031651.1	k141_21005	4156	82.609	897	72	901
NC_031651.1	k141_2689	2909	92.292	493	9	727
NC_031651.1	k141_2689	2909	92.292	493	9	727
NC_031651.1	k141_15998	23356	86.609	575	39	698
NC_031651.1	k141_15998	23356	89.888	89	9	121
NC_031651.1	k141_15998	23356	100.000	55	0	100
NC_031651.1	k141_13659	4843	86.062	452	38	536
NC_031651.1	k141_11909	8641	84.421	475	45	523
NC_031651.1	k141_16260	23205	73.432	877	197	479
NC_031651.1	k141_16260	23205	73.432	877	197	479
NC_031651.1	k141_16260	23205	90.270	185	18	253
NC_031651.1	k141_16260	23205	78.788	264	54	217
NC_031651.1	k141_16260	23205	78.788	264	54	217
NC_031651.1	k141_16260	23205	74.678	233	34	146
NC_031651.1	k141_16260	23205	85.000	60	9	68.9
NC_031651.1	k141_16260	23205	85.000	60	9	68.9
NC_031651.1	k141_25943	7026	86.098	410	37	474
NC_031651.1	k141_3245	5740	78.947	532	29	471
NC_031651.1	k141_3245	5740	78.947	532	29	471
NC_031651.1	k141_20451	1904	77.558	557	89	425
NC_031651.1	k141_34544	25852	84.444	360	20	412
NC_031651.1	k141_34544	25852	84.444	360	20	412
NC_031651.1	k141_34544	25852	78.571	140	14	114
NC_031651.1	k141_26292	305	90.476	294	28	405
NC_031651.1	k141_26268	8169	74.179	670	122	394
NC_031651.1	k141_34420	11286	90.146	274	25	370
NC_031651.1	k141_30818	17175	88.321	274	20	352
NC_031651.1	k141_30818	17175	88.321	274	20	352
NC_031651.1	k141_5590	31179	75.625	480	107	334
NC_031651.1	k141_5590	31179	75.625	480	107	334
NC_031651.1	k141_5590	31179	68.721	860	224	325
NC_031651.1	k141_5590	31179	73.876	467	100	277
NC_031651.1	k141_5590	31179	73.876	467	100	277
NC_031651.1	k141_5590	31179	77.249	189	37	149
NC_031651.1	k141_31143	12510	90.083	242	19	329
NC_031651.1	k141_8371	8735	77.419	434	65	322
NC_031651.1	k141_8371	8735	82.353	68	12	69.8
NC_031651.1	k141_8371	8735	82.353	68	12	69.8
NC_031651.1	k141_22196	8882	87.558	217	25	263
NC_031651.1	k141_35109	3479	100.000	140	0	253
NC_031651.1	k141_35109	3479	100.000	140	0	253
NC_031651.1	k141_14175	24308	98.496	133	2	232
NC_031651.1	k141_14175	24308	98.496	133	2	232
NC_031651.1	k141_24392	8710	73.560	382	66	225
NC_031651.1	k141_24392	8710	92.683	123	9	182
NC_031651.1	k141_6857	9077	89.933	149	6	205
NC_031651.1	k141_6857	9077	89.933	149	6	205
NC_031651.1	k141_21679	6127	78.279	244	21	204
NC_031651.1	k141_36085	7860	87.821	156	11	195
NC_031651.1	k141_36085	7860	93.269	104	7	157
NC_031651.1	k141_29326	365	90.152	132	13	180
NC_031651.1	k141_3789	673	73.356	289	77	175
NC_031651.1	k141_10272	497	72.727	297	48	174
NC_031651.1	k141_10272	497	72.727	297	48	174
NC_031651.1	k141_27950	4397	81.714	175	22	168
NC_031651.1	k141_4538	469	73.145	283	48	162
NC_031651.1	k141_4538	469	73.145	283	48	162
NC_031651.1	k141_37680	1732	92.523	107	8	158
NC_031651.1	k141_31998	902	90.722	97	9	135
NC_031651.1	k141_31998	902	95.122	41	2	66.2
NC_031651.1	k141_33683	516	96.296	81	3	133
NC_031651.1	k141_33683	516	96.296	81	3	133
NC_031651.1	k141_30942	14441	95.000	80	4	127
NC_031651.1	k141_30942	14441	95.000	80	4	127
NC_031651.1	k141_15167	8102	64.672	351	40	123
NC_031651.1	k141_900	348	85.859	99	14	116
NC_031651.1	k141_900	348	85.859	99	14	116
NC_031651.1	k141_5273	662	92.208	77	6	113
NC_031651.1	k141_181	568	83.654	104	17	112
NC_031651.1	k141_26813	556	72.917	192	47	108
NC_031651.1	k141_8164	25648	90.909	77	7	108
NC_031651.1	k141_8164	25648	77.193	57	13	45.5
NC_031651.1	k141_17460	487	82.692	104	16	104
NC_031651.1	k141_17460	487	82.692	104	16	104
NC_031651.1	k141_11739	405	85.556	90	12	101
NC_031651.1	k141_11739	405	85.556	90	12	101
NC_031651.1	k141_1765	16506	72.527	182	46	98.7
NC_031651.1	k141_1765	16506	72.527	182	46	98.7
NC_031651.1	k141_7373	472	80.392	102	19	91.5
NC_031651.1	k141_37530	2171	85.185	81	11	89.7
NC_031651.1	k141_3440	395	72.603	146	39	80.6
NC_031651.1	k141_35753	569	74.257	101	15	71.6
NC_031651.1	k141_29582	402	76.389	72	17	54.5
NC_031651.1	k141_4259	13456	83.721	43	7	47.3
MW366789.1	k141_2627	73172	79.902	8349	1437	7412
MW366789.1	k141_2627	73172	88.010	5196	547	6568
MW366789.1	k141_2627	73172	88.010	5196	547	6568
MW366789.1	k141_2627	73172	78.787	5902	886	4829
MW366789.1	k141_2627	73172	89.608	2579	253	3434
MW366789.1	k141_2627	73172	85.812	1903	268	2213
MW366789.1	k141_2627	73172	84.392	1858	223	2028
MW366789.1	k141_2627	73172	80.000	1925	325	1728
MW366789.1	k141_2627	73172	77.566	1939	376	1490
MW366789.1	k141_2627	73172	76.932	1643	269	1187
MW366789.1	k141_2627	73172	82.448	1054	134	1055
MW366789.1	k141_2627	73172	85.396	897	121	1023
MW366789.1	k141_2627	73172	76.784	1051	178	806
MW366789.1	k141_2627	73172	76.493	1055	228	767
MW366789.1	k141_2627	73172	74.377	1003	178	591
MW366789.1	k141_2627	73172	75.564	798	162	554
MW366789.1	k141_2627	73172	78.657	670	131	553
MW366789.1	k141_2627	73172	70.251	1116	247	512
MW366789.1	k141_2627	73172	84.870	423	53	462
MW366789.1	k141_2627	73172	72.257	793	153	450
MW366789.1	k141_2627	73172	72.429	671	120	372
MW366789.1	k141_2627	73172	72.443	704	122	361
MW366789.1	k141_2627	73172	76.824	466	108	354
MW366789.1	k141_2627	73172	77.830	424	73	329
MW366789.1	k141_2627	73172	73.038	497	113	307
MW366789.1	k141_2627	73172	87.190	242	29	290
MW366789.1	k141_2627	73172	73.457	486	120	286
MW366789.1	k141_2627	73172	74.588	425	64	270
MW366789.1	k141_2627	73172	74.588	425	64	270
MW366789.1	k141_2627	73172	85.408	233	32	265
MW366789.1	k141_2627	73172	67.130	864	208	234
MW366789.1	k141_2627	73172	77.536	276	62	219
MW366789.1	k141_2627	73172	77.660	282	57	217
MW366789.1	k141_2627	73172	67.940	602	115	205
MW366789.1	k141_2627	73172	81.281	203	30	185
MW366789.1	k141_2627	73172	85.897	156	19	181
MW366789.1	k141_2627	73172	85.714	154	22	179
MW366789.1	k141_2627	73172	90.323	124	9	168
MW366789.1	k141_2627	73172	90.756	119	11	166
MW366789.1	k141_2627	73172	87.234	141	12	161
MW366789.1	k141_2627	73172	87.879	132	9	155
MW366789.1	k141_2627	73172	94.624	93	5	146
MW366789.1	k141_2627	73172	80.380	158	25	142
MW366789.1	k141_2627	73172	98.701	77	1	135
MW366789.1	k141_2627	73172	65.470	585	183	135
MW366789.1	k141_2627	73172	65.470	585	183	135
MW366789.1	k141_2627	73172	78.771	179	28	134
MW366789.1	k141_2627	73172	97.222	72	2	122
MW366789.1	k141_2627	73172	88.776	98	9	121
MW366789.1	k141_2627	73172	90.476	84	8	116
MW366789.1	k141_2627	73172	88.421	95	8	116
MW366789.1	k141_2627	73172	82.456	114	20	116
MW366789.1	k141_2627	73172	91.250	80	6	110
MW366789.1	k141_2627	73172	71.028	214	50	104
MW366789.1	k141_2627	73172	71.028	214	50	104
MW366789.1	k141_2627	73172	89.610	77	8	104
MW366789.1	k141_2627	73172	78.512	121	26	102
MW366789.1	k141_2627	73172	78.512	121	26	102
MW366789.1	k141_2627	73172	86.747	83	10	97.8
MW366789.1	k141_2627	73172	86.765	68	9	83.3
MW366789.1	k141_2627	73172	71.264	174	48	82.4
MW366789.1	k141_2627	73172	70.543	129	38	62.6
MW366789.1	k141_2627	73172	70.543	129	38	62.6
MW366789.1	k141_2627	73172	77.551	49	11	40.1
MW366789.1	k141_31236	27459	91.141	5249	328	7300
MW366789.1	k141_31236	27459	91.141	5249	328	7300
MW366789.1	k141_31236	27459	89.675	2799	198	3755
MW366789.1	k141_31236	27459	89.675	2799	198	3755
MW366789.1	k141_31236	27459	90.929	1797	113	2507
MW366789.1	k141_31236	27459	90.929	1797	113	2507
MW366789.1	k141_31236	27459	89.004	1737	140	2269
MW366789.1	k141_31236	27459	88.991	1735	140	2265
MW366789.1	k141_31236	27459	86.067	1622	163	1910
MW366789.1	k141_31236	27459	86.067	1622	163	1910
MW366789.1	k141_31236	27459	84.494	632	53	703
MW366789.1	k141_31236	27459	84.494	632	53	703
MW366789.1	k141_31236	27459	84.599	461	38	492
MW366789.1	k141_31236	27459	84.599	461	38	492
MW366789.1	k141_31236	27459	84.599	461	38	492
MW366789.1	k141_31236	27459	84.548	343	35	374
MW366789.1	k141_31236	27459	84.548	343	35	374
MW366789.1	k141_31236	27459	90.116	172	17	234
MW366789.1	k141_31236	27459	90.116	172	17	234
MW366789.1	k141_31236	27459	76.898	303	46	226
MW366789.1	k141_31236	27459	96.350	137	5	225
MW366789.1	k141_31236	27459	96.350	137	5	225
MW366789.1	k141_31236	27459	92.361	144	11	211
MW366789.1	k141_31236	27459	92.361	144	11	211
MW366789.1	k141_31236	27459	85.475	179	22	205
MW366789.1	k141_31236	27459	85.475	179	22	205
MW366789.1	k141_31236	27459	82.558	172	16	175
MW366789.1	k141_31236	27459	82.558	172	16	175
MW366789.1	k141_31236	27459	75.207	242	52	160
MW366789.1	k141_31236	27459	73.967	242	55	142
MW366789.1	k141_31236	27459	92.391	92	7	135
MW366789.1	k141_31236	27459	92.391	92	7	135
MW366789.1	k141_31236	27459	82.927	123	11	128
MW366789.1	k141_31236	27459	82.114	123	12	125
MW366789.1	k141_31236	27459	86.076	79	6	94.2
MW366789.1	k141_31236	27459	86.076	79	6	94.2
MW366789.1	k141_31236	27459	91.837	49	4	71.6
MW366789.1	k141_31236	27459	91.837	49	4	71.6
MW366789.1	k141_31236	27459	91.837	49	4	71.6
MW366789.1	k141_31236	27459	94.737	38	2	60.8
MW366789.1	k141_31236	27459	97.059	34	1	58.1
MW366789.1	k141_31236	27459	97.059	34	1	58.1
MW366789.1	k141_31236	27459	87.179	39	5	49.1
MW366789.1	k141_23065	16503	78.442	4467	726	3712
MW366789.1	k141_23065	16503	78.442	4467	726	3712
MW366789.1	k141_23065	16503	78.413	1978	382	1616
MW366789.1	k141_23065	16503	74.778	2252	496	1498
MW366789.1	k141_23065	16503	74.417	1157	234	741
MW366789.1	k141_23065	16503	83.799	537	87	577
MW366789.1	k141_23065	16503	83.799	537	87	577
MW366789.1	k141_23065	16503	75.354	353	84	243
MW366789.1	k141_23065	16503	92.857	42	3	63.5
MW366789.1	k141_23065	16503	92.857	42	3	63.5
MW366789.1	k141_17237	23662	79.321	2326	411	2018
MW366789.1	k141_17237	23662	79.321	2326	411	2018
MW366789.1	k141_17237	23662	89.342	1201	114	1584
MW366789.1	k141_17237	23662	89.342	1201	114	1584
MW366789.1	k141_17237	23662	69.868	1968	479	835
MW366789.1	k141_17237	23662	69.868	1968	479	835
MW366789.1	k141_17237	23662	74.487	682	142	412
MW366789.1	k141_17237	23662	74.487	682	142	412
MW366789.1	k141_17237	23662	71.823	834	153	398
MW366789.1	k141_17237	23662	71.823	834	153	398
MW366789.1	k141_17237	23662	75.000	432	72	276
MW366789.1	k141_17237	23662	75.000	432	72	276
MW366789.1	k141_17237	23662	70.715	601	118	258
MW366789.1	k141_17237	23662	70.715	601	118	258
MW366789.1	k141_17237	23662	76.453	344	63	241
MW366789.1	k141_17237	23662	76.453	344	63	241
MW366789.1	k141_17237	23662	92.381	105	7	150
MW366789.1	k141_17237	23662	92.381	105	7	150
MW366789.1	k141_17237	23662	97.468	79	2	134
MW366789.1	k141_17237	23662	97.468	79	2	134
MW366789.1	k141_17237	23662	97.468	79	2	134
MW366789.1	k141_17237	23662	97.468	79	2	134
MW366789.1	k141_17237	23662	90.411	73	7	101
MW366789.1	k141_17237	23662	90.411	73	7	101
MW366789.1	k141_17237	23662	74.603	126	21	85.1
MW366789.1	k141_17237	23662	74.603	126	21	85.1
MW366789.1	k141_17237	23662	74.603	126	21	85.1
MW366789.1	k141_17237	23662	74.603	126	21	85.1
MW366789.1	k141_17237	23662	78.689	61	13	52.7
MW366789.1	k141_17237	23662	78.689	61	13	52.7
MW366789.1	k141_17237	23662	78.689	61	13	52.7
MW366789.1	k141_17237	23662	78.689	61	13	52.7
MW366789.1	k141_10747	4042	86.521	779	71	936
MW366789.1	k141_34518	1739	83.712	792	104	843
MW366789.1	k141_2689	2909	89.091	495	23	660
MW366789.1	k141_2689	2909	89.091	495	23	660
MW366789.1	k141_2689	2909	96.183	131	5	214
MW366789.1	k141_2689	2909	96.183	131	5	214
MW366789.1	k141_15998	23356	84.696	575	50	648
MW366789.1	k141_15998	23356	84.696	575	50	648
MW366789.1	k141_15998	23356	97.468	79	2	134
MW366789.1	k141_15998	23356	97.468	79	2	134
MW366789.1	k141_15998	23356	87.778	90	11	113
MW366789.1	k141_15998	23356	87.778	90	11	113
MW366789.1	k141_13659	4843	84.956	452	43	514
MW366789.1	k141_16260	23205	72.179	895	191	445
MW366789.1	k141_16260	23205	72.179	895	191	445
MW366789.1	k141_16260	23205	89.189	185	20	244
MW366789.1	k141_16260	23205	88.333	60	7	77.9
MW366789.1	k141_16260	23205	88.333	60	7	77.9
MW366789.1	k141_16260	23205	86.667	60	8	73.4
MW366789.1	k141_16260	23205	86.667	60	8	73.4
MW366789.1	k141_25943	7026	88.822	331	33	430
MW366789.1	k141_25943	7026	81.604	212	27	209
MW366789.1	k141_25943	7026	81.604	212	27	209
MW366789.1	k141_34420	11286	90.876	274	23	379
MW366789.1	k141_11909	8641	80.711	394	47	368
MW366789.1	k141_26292	305	90.000	260	26	352
MW366789.1	k141_5590	31179	69.591	832	210	350
MW366789.1	k141_5590	31179	75.208	480	109	325
MW366789.1	k141_5590	31179	75.208	480	109	325
MW366789.1	k141_5590	31179	75.161	467	96	288
MW366789.1	k141_5590	31179	75.161	467	96	288
MW366789.1	k141_5590	31179	70.588	187	47	84.2
MW366789.1	k141_31143	12510	88.430	242	23	311
MW366789.1	k141_31143	12510	70.345	145	37	60.8
MW366789.1	k141_21005	4156	84.810	237	16	266
MW366789.1	k141_21005	4156	84.810	237	16	266
MW366789.1	k141_21005	4156	84.810	237	16	266
MW366789.1	k141_34544	25852	84.753	223	21	248
MW366789.1	k141_34544	25852	84.753	223	21	248
MW366789.1	k141_34544	25852	84.753	223	21	248
MW366789.1	k141_34544	25852	81.102	127	14	123
MW366789.1	k141_34544	25852	81.102	127	14	122
MW366789.1	k141_34544	25852	85.455	55	8	64.4
MW366789.1	k141_22196	8882	85.321	218	22	241
MW366789.1	k141_35109	3479	94.286	140	8	217
MW366789.1	k141_35109	3479	94.286	140	8	217
MW366789.1	k141_14175	24308	90.977	133	12	187
MW366789.1	k141_14175	24308	90.977	133	12	187
MW366789.1	k141_36085	7860	97.087	103	3	173
MW366789.1	k141_36085	7860	89.744	117	9	156
MW366789.1	k141_36085	7860	83.333	60	9	60.8
MW366789.1	k141_3245	5740	66.352	529	86	163
MW366789.1	k141_3245	5740	66.352	529	86	163
MW366789.1	k141_8371	8735	68.571	385	61	154
MW366789.1	k141_29326	365	85.606	132	19	153
MW366789.1	k141_37680	1732	90.566	106	10	147
MW366789.1	k141_27950	4397	77.838	185	26	141
MW366789.1	k141_31998	902	89.691	97	10	131
MW366789.1	k141_31998	902	85.000	40	6	46.4
MW366789.1	k141_21679	6127	86.667	105	8	123
MW366789.1	k141_30942	14441	94.595	74	4	116
MW366789.1	k141_30942	14441	94.595	74	4	116
MW366789.1	k141_5273	662	92.208	77	6	113
MW366789.1	k141_24392	8710	67.147	347	71	111
MW366789.1	k141_24392	8710	81.132	106	20	102
MW366789.1	k141_24392	8710	86.765	68	9	83.3
MW366789.1	k141_900	348	83.838	99	16	107
MW366789.1	k141_900	348	83.838	99	16	107
MW366789.1	k141_8164	25648	91.026	78	6	106
MW366789.1	k141_8164	25648	75.758	66	16	48.2
MW366789.1	k141_33683	516	87.654	81	10	102
MW366789.1	k141_33683	516	87.654	81	10	102
MW366789.1	k141_3440	395	75.362	138	34	96.9
MW366789.1	k141_30237	3894	80.208	96	15	83.3
MW366789.1	k141_37530	2171	79.268	82	16	68.9
MW366789.1	k141_37530	2171	79.268	82	16	68.9
MW366789.1	k141_20451	1904	88.235	51	6	66.2
MW366789.1	k141_28686	19673	84.783	46	7	52.7
MW366789.1	k141_28686	19673	84.783	46	7	52.7
MW366789.1	k141_18931	7196	80.488	41	8	39.2
KT899950.1	k141_31236	27459	91.207	13693	796	19350
KT899950.1	k141_31236	27459	91.543	13350	747	19055
KT899950.1	k141_31236	27459	93.665	11207	383	16994
KT899950.1	k141_31236	27459	93.665	11207	383	16994
KT899950.1	k141_31236	27459	83.118	2553	276	2671
KT899950.1	k141_31236	27459	86.536	1946	158	2324
KT899950.1	k141_31236	27459	94.872	39	2	62.6
KT899950.1	k141_2627	73172	84.740	10898	1393	12066
KT899950.1	k141_2627	73172	80.390	8934	1211	8160
KT899950.1	k141_2627	73172	88.924	5688	526	7435
KT899950.1	k141_2627	73172	85.512	4300	485	4891
KT899950.1	k141_2627	73172	91.054	2638	225	3690
KT899950.1	k141_2627	73172	73.715	4379	704	2710
KT899950.1	k141_2627	73172	84.861	1942	256	2158
KT899950.1	k141_2627	73172	83.350	2000	284	2078
KT899950.1	k141_2627	73172	82.586	1918	258	1973
KT899950.1	k141_2627	73172	79.351	2126	247	1884
KT899950.1	k141_2627	73172	84.532	1196	185	1324
KT899950.1	k141_2627	73172	74.039	2030	355	1256
KT899950.1	k141_2627	73172	86.398	1044	94	1237
KT899950.1	k141_2627	73172	78.537	1258	179	1031
KT899950.1	k141_2627	73172	77.943	1011	131	811
KT899950.1	k141_2627	73172	84.879	701	100	783
KT899950.1	k141_2627	73172	83.196	607	89	620
KT899950.1	k141_2627	73172	79.098	665	91	558
KT899950.1	k141_2627	73172	80.662	574	84	515
KT899950.1	k141_2627	73172	76.620	710	119	512
KT899950.1	k141_2627	73172	80.995	563	67	502
KT899950.1	k141_2627	73172	78.812	505	78	428
KT899950.1	k141_2627	73172	72.546	703	82	422
KT899950.1	k141_2627	73172	85.801	331	37	377
KT899950.1	k141_2627	73172	72.674	688	123	358
KT899950.1	k141_2627	73172	79.290	338	51	294
KT899950.1	k141_2627	73172	91.411	163	13	228
KT899950.1	k141_2627	73172	78.571	252	27	214
KT899950.1	k141_2627	73172	85.714	147	13	169
KT899950.1	k141_2627	73172	65.954	655	132	168
KT899950.1	k141_2627	73172	78.261	207	41	166
KT899950.1	k141_2627	73172	94.382	89	4	135
KT899950.1	k141_2627	73172	77.576	165	37	132
KT899950.1	k141_2627	73172	86.486	111	14	130
KT899950.1	k141_2627	73172	91.954	87	7	126
KT899950.1	k141_2627	73172	75.141	177	25	125
KT899950.1	k141_2627	73172	81.746	126	23	124
KT899950.1	k141_2627	73172	68.350	297	55	116
KT899950.1	k141_2627	73172	80.000	75	15	68.9
KT899950.1	k141_2627	73172	92.308	39	3	58.1
KT899950.1	k141_2627	73172	92.308	39	3	58.1
KT899950.1	k141_2627	73172	89.744	39	4	53.6
KT899950.1	k141_2627	73172	84.615	39	6	44.6
KT899950.1	k141_2627	73172	74.194	62	16	41.0
KT899950.1	k141_23065	16503	76.449	4416	765	3244
KT899950.1	k141_23065	16503	80.099	3437	589	3093
KT899950.1	k141_23065	16503	80.088	2270	392	2048
KT899950.1	k141_23065	16503	79.843	1528	236	1352
KT899950.1	k141_23065	16503	69.756	2536	584	1114
KT899950.1	k141_23065	16503	80.142	1128	170	1006
KT899950.1	k141_23065	16503	95.238	42	2	68.0
KT899950.1	k141_23065	16503	95.238	42	2	68.0
KT899950.1	k141_17237	23662	85.525	2335	279	2687
KT899950.1	k141_17237	23662	85.525	2335	279	2687
KT899950.1	k141_17237	23662	85.436	1538	143	1770
KT899950.1	k141_17237	23662	85.436	1538	143	1770
KT899950.1	k141_17237	23662	75.566	1944	382	1341
KT899950.1	k141_17237	23662	75.566	1944	382	1341
KT899950.1	k141_17237	23662	80.263	608	82	527
KT899950.1	k141_17237	23662	80.263	608	82	527
KT899950.1	k141_17237	23662	79.255	564	96	464
KT899950.1	k141_17237	23662	79.255	564	96	464
KT899950.1	k141_17237	23662	76.190	630	109	425
KT899950.1	k141_17237	23662	73.134	737	116	425
KT899950.1	k141_17237	23662	73.134	737	116	425
KT899950.1	k141_17237	23662	76.190	630	109	425
KT899950.1	k141_17237	23662	77.169	438	60	326
KT899950.1	k141_17237	23662	77.169	438	60	326
KT899950.1	k141_17237	23662	73.125	480	62	273
KT899950.1	k141_17237	23662	73.125	480	62	273
KT899950.1	k141_17237	23662	72.727	77	19	42.8
KT899950.1	k141_21005	4156	84.773	926	56	1026
KT899950.1	k141_21005	4156	84.773	926	56	1026
KT899950.1	k141_34518	1739	87.940	796	71	999
KT899950.1	k141_10747	4042	87.692	780	62	978
KT899950.1	k141_2689	2909	91.481	493	13	709
KT899950.1	k141_2689	2909	91.481	493	13	709
KT899950.1	k141_15998	23356	86.609	575	39	698
KT899950.1	k141_15998	23356	97.436	78	2	132
KT899950.1	k141_15998	23356	91.011	89	8	125
KT899950.1	k141_13659	4843	86.062	452	38	536
KT899950.1	k141_11909	8641	84.842	475	43	532
KT899950.1	k141_16260	23205	73.371	875	201	485
KT899950.1	k141_16260	23205	73.371	875	201	485
KT899950.1	k141_16260	23205	90.270	185	18	253
KT899950.1	k141_16260	23205	78.788	264	54	217
KT899950.1	k141_16260	23205	78.788	264	54	217
KT899950.1	k141_16260	23205	85.000	60	9	68.9
KT899950.1	k141_16260	23205	85.000	60	9	68.9
KT899950.1	k141_25943	7026	90.652	353	23	484
KT899950.1	k141_3245	5740	78.333	540	31	466
KT899950.1	k141_3245	5740	78.333	540	31	466
KT899950.1	k141_34544	25852	87.166	374	21	465
KT899950.1	k141_34544	25852	87.166	374	21	465
KT899950.1	k141_34544	25852	76.389	144	18	104
KT899950.1	k141_26268	8169	75.776	644	112	426
KT899950.1	k141_26292	305	90.759	303	28	421
KT899950.1	k141_34420	11286	92.336	274	19	398
KT899950.1	k141_20451	1904	76.342	503	73	350
KT899950.1	k141_30818	17175	87.956	274	21	348
KT899950.1	k141_30818	17175	87.956	274	21	348
KT899950.1	k141_5590	31179	75.625	480	107	334
KT899950.1	k141_5590	31179	75.625	480	107	334
KT899950.1	k141_5590	31179	68.192	852	220	294
KT899950.1	k141_5590	31179	74.310	471	91	282
KT899950.1	k141_5590	31179	74.310	471	91	282
KT899950.1	k141_5590	31179	78.836	189	34	162
KT899950.1	k141_31143	12510	91.064	235	16	330
KT899950.1	k141_24392	8710	77.591	357	58	272
KT899950.1	k141_24392	8710	93.496	123	8	187
KT899950.1	k141_8371	8735	74.324	444	58	266
KT899950.1	k141_22196	8882	84.746	236	25	265
KT899950.1	k141_35109	3479	99.286	140	1	249
KT899950.1	k141_35109	3479	99.286	140	1	249
KT899950.1	k141_14175	24308	97.744	133	3	227
KT899950.1	k141_14175	24308	97.744	133	3	227
KT899950.1	k141_6857	9077	95.000	140	7	222
KT899950.1	k141_6857	9077	95.000	140	7	222
KT899950.1	k141_21679	6127	81.944	216	15	214
KT899950.1	k141_29326	365	91.667	132	11	189
KT899950.1	k141_4538	469	75.532	282	50	188
KT899950.1	k141_4538	469	75.532	282	50	188
KT899950.1	k141_27950	4397	76.735	245	45	183
KT899950.1	k141_36085	7860	98.077	104	2	179
KT899950.1	k141_36085	7860	78.037	214	36	162
KT899950.1	k141_36085	7860	75.287	174	28	103
KT899950.1	k141_37680	1732	93.458	107	7	162
KT899950.1	k141_10272	497	72.148	298	48	155
KT899950.1	k141_10272	497	72.148	298	48	155
KT899950.1	k141_33683	516	97.531	81	2	138
KT899950.1	k141_33683	516	97.531	81	2	138
KT899950.1	k141_31998	902	90.722	97	9	135
KT899950.1	k141_31998	902	87.805	41	5	52.7
KT899950.1	k141_30942	14441	95.122	82	4	131
KT899950.1	k141_30942	14441	95.122	82	4	131
KT899950.1	k141_17460	487	86.538	104	12	123
KT899950.1	k141_17460	487	86.538	104	12	123
KT899950.1	k141_5273	662	94.805	77	4	122
KT899950.1	k141_3789	673	67.680	362	111	118
KT899950.1	k141_8164	25648	93.506	77	5	117
KT899950.1	k141_8164	25648	77.193	57	13	45.5
KT899950.1	k141_900	348	84.848	99	15	112
KT899950.1	k141_900	348	84.848	99	15	112
KT899950.1	k141_11739	405	87.778	90	10	110
KT899950.1	k141_11739	405	87.778	90	10	110
KT899950.1	k141_181	568	82.857	105	18	109
KT899950.1	k141_15167	8102	81.053	95	11	93.3
KT899950.1	k141_15167	8102	66.210	219	23	86.0
KT899950.1	k141_3440	395	73.973	146	37	89.7
KT899950.1	k141_30237	3894	81.250	96	14	87.8
KT899950.1	k141_37530	2171	83.951	81	12	85.1
KT899950.1	k141_35753	569	74.747	99	14	68.0
GU191334.1	k141_31236	27459	88.731	3718	312	4764
GU191334.1	k141_31236	27459	88.731	3718	312	4764
GU191334.1	k141_31236	27459	86.280	2653	253	3086
GU191334.1	k141_31236	27459	86.280	2653	253	3086
GU191334.1	k141_31236	27459	78.717	1029	166	840
GU191334.1	k141_31236	27459	78.717	1029	166	840
GU191334.1	k141_31236	27459	75.826	666	154	464
GU191334.1	k141_31236	27459	71.362	859	211	445
GU191334.1	k141_31236	27459	71.910	534	150	288
GU191334.1	k141_31236	27459	76.948	308	71	236
GU191334.1	k141_31236	27459	77.338	278	62	214
GU191334.1	k141_31236	27459	94.937	79	4	125
GU191334.1	k141_31236	27459	94.937	79	4	125
GU191334.1	k141_31236	27459	89.286	84	9	112
GU191334.1	k141_31236	27459	89.333	75	8	100
GU191334.1	k141_31236	27459	89.333	75	8	100
GU191334.1	k141_31236	27459	88.158	76	9	97.8
GU191334.1	k141_31236	27459	82.609	46	8	48.2
GU191334.1	k141_2627	73172	81.612	4541	828	4400
GU191334.1	k141_2627	73172	83.945	2454	390	2645
GU191334.1	k141_2627	73172	84.284	1438	226	1575
GU191334.1	k141_2627	73172	69.635	3672	1046	1509
GU191334.1	k141_2627	73172	80.813	1574	295	1457
GU191334.1	k141_2627	73172	79.049	1704	354	1453
GU191334.1	k141_2627	73172	82.910	708	115	724
GU191334.1	k141_2627	73172	71.793	1294	332	664
GU191334.1	k141_2627	73172	71.603	1229	335	629
GU191334.1	k141_2627	73172	74.670	908	187	595
GU191334.1	k141_2627	73172	75.346	868	210	587
GU191334.1	k141_2627	73172	82.826	559	89	569
GU191334.1	k141_2627	73172	76.836	708	157	531
GU191334.1	k141_2627	73172	79.228	544	98	468
GU191334.1	k141_2627	73172	69.573	1124	294	462
GU191334.1	k141_2627	73172	72.466	730	190	385
GU191334.1	k141_2627	73172	77.754	472	105	379
GU191334.1	k141_2627	73172	73.386	635	115	374
GU191334.1	k141_2627	73172	77.778	441	91	352
GU191334.1	k141_2627	73172	71.552	696	192	346
GU191334.1	k141_2627	73172	76.757	370	86	280
GU191334.1	k141_2627	73172	82.490	257	45	261
GU191334.1	k141_2627	73172	68.668	683	202	238
GU191334.1	k141_2627	73172	68.827	648	190	238
GU191334.1	k141_2627	73172	72.082	437	107	225
GU191334.1	k141_2627	73172	75.503	298	73	209
GU191334.1	k141_2627	73172	74.257	303	78	196
GU191334.1	k141_2627	73172	79.024	205	42	173
GU191334.1	k141_2627	73172	77.626	219	46	168
GU191334.1	k141_2627	73172	78.010	191	42	156
GU191334.1	k141_2627	73172	66.495	582	130	153
GU191334.1	k141_2627	73172	68.844	398	122	152
GU191334.1	k141_2627	73172	75.000	220	53	142
GU191334.1	k141_2627	73172	93.182	88	5	129
GU191334.1	k141_2627	73172	91.954	87	7	126
GU191334.1	k141_2627	73172	70.290	276	80	126
GU191334.1	k141_2627	73172	96.053	76	3	124
GU191334.1	k141_2627	73172	80.147	136	27	124
GU191334.1	k141_2627	73172	80.576	139	24	123
GU191334.1	k141_2627	73172	94.737	76	4	120
GU191334.1	k141_2627	73172	82.500	120	19	120
GU191334.1	k141_2627	73172	95.890	73	3	119
GU191334.1	k141_2627	73172	95.890	73	3	119
GU191334.1	k141_2627	73172	92.405	79	6	116
GU191334.1	k141_2627	73172	93.243	74	5	112
GU191334.1	k141_2627	73172	94.366	71	4	111
GU191334.1	k141_2627	73172	79.675	123	25	110
GU191334.1	k141_2627	73172	64.779	565	179	109
GU191334.1	k141_2627	73172	78.102	137	28	105
GU191334.1	k141_2627	73172	71.121	232	63	103
GU191334.1	k141_2627	73172	83.333	96	16	102
GU191334.1	k141_2627	73172	86.207	87	10	101
GU191334.1	k141_2627	73172	76.984	126	29	97.8
GU191334.1	k141_2627	73172	83.146	89	15	94.2
GU191334.1	k141_2627	73172	78.992	119	18	91.5
GU191334.1	k141_2627	73172	81.928	83	15	83.3
GU191334.1	k141_2627	73172	80.233	86	17	79.7
GU191334.1	k141_2627	73172	73.171	123	33	74.3
GU191334.1	k141_2627	73172	92.308	39	3	58.1
GU191334.1	k141_2627	73172	85.106	47	7	54.5
GU191334.1	k141_2627	73172	79.661	59	12	53.6
GU191334.1	k141_2627	73172	77.419	62	14	50.0
GU191334.1	k141_17237	23662	74.940	2067	469	1379
GU191334.1	k141_17237	23662	74.940	2067	469	1379
GU191334.1	k141_17237	23662	87.580	1095	132	1352
GU191334.1	k141_17237	23662	87.580	1095	132	1352
GU191334.1	k141_17237	23662	80.556	144	15	137
GU191334.1	k141_17237	23662	80.556	144	15	137
GU191334.1	k141_17237	23662	80.000	135	27	123
GU191334.1	k141_17237	23662	80.000	135	27	123
GU191334.1	k141_17237	23662	90.361	83	8	114
GU191334.1	k141_17237	23662	90.361	83	8	114
GU191334.1	k141_17237	23662	90.541	74	7	103
GU191334.1	k141_17237	23662	76.712	146	24	102
GU191334.1	k141_17237	23662	76.712	146	24	102
GU191334.1	k141_17237	23662	85.333	75	11	86.9
GU191334.1	k141_17237	23662	85.333	75	11	86.9
GU191334.1	k141_17237	23662	72.593	135	37	77.9
GU191334.1	k141_17237	23662	95.000	40	2	64.4
GU191334.1	k141_17237	23662	95.000	40	2	64.4
GU191334.1	k141_23065	16503	76.504	1745	394	1264
GU191334.1	k141_23065	16503	70.133	1885	506	832
GU191334.1	k141_23065	16503	74.843	1117	267	725
GU191334.1	k141_23065	16503	73.509	1174	263	682
GU191334.1	k141_23065	16503	68.836	799	233	293
GU191334.1	k141_23065	16503	73.718	312	82	194
GU191334.1	k141_23065	16503	91.358	81	7	115
GU191334.1	k141_23065	16503	66.527	478	149	111
GU191334.1	k141_23065	16503	80.328	61	11	53.6
GU191334.1	k141_10747	4042	78.454	789	136	661
GU191334.1	k141_34518	1739	77.554	793	152	620
GU191334.1	k141_2689	2909	87.375	499	28	617
GU191334.1	k141_2689	2909	87.375	499	28	617
GU191334.1	k141_16260	23205	73.124	893	194	489
GU191334.1	k141_16260	23205	73.124	893	194	489
GU191334.1	k141_16260	23205	78.409	264	55	213
GU191334.1	k141_16260	23205	78.409	264	55	213
GU191334.1	k141_16260	23205	81.081	185	35	177
GU191334.1	k141_16260	23205	86.667	60	8	73.4
GU191334.1	k141_16260	23205	86.667	60	8	73.4
GU191334.1	k141_15998	23356	80.571	525	81	489
GU191334.1	k141_15998	23356	89.744	78	8	105
GU191334.1	k141_13659	4843	80.531	452	63	424
GU191334.1	k141_5590	31179	68.513	975	252	339
GU191334.1	k141_5590	31179	74.200	531	128	331
GU191334.1	k141_5590	31179	74.200	531	128	331
GU191334.1	k141_5590	31179	74.090	467	99	277
GU191334.1	k141_5590	31179	74.090	467	99	277
GU191334.1	k141_5590	31179	71.658	187	45	93.3
GU191334.1	k141_25943	7026	80.403	347	57	312
GU191334.1	k141_34420	11286	83.942	274	42	294
GU191334.1	k141_11909	8641	71.941	474	101	258
GU191334.1	k141_35109	3479	95.714	140	6	226
GU191334.1	k141_35109	3479	95.714	140	6	226
GU191334.1	k141_14175	24308	96.992	133	4	223
GU191334.1	k141_14175	24308	96.992	133	4	223
GU191334.1	k141_26292	305	81.416	226	42	219
GU191334.1	k141_31143	12510	79.913	229	41	206
GU191334.1	k141_20451	1904	72.321	224	57	125
GU191334.1	k141_36085	7860	88.119	101	11	125
GU191334.1	k141_36085	7860	93.333	75	5	113
GU191334.1	k141_8164	25648	97.297	74	2	125
GU191334.1	k141_900	348	84.848	99	15	112
GU191334.1	k141_900	348	84.848	99	15	112
GU191334.1	k141_8371	8735	87.952	83	10	105
GU191334.1	k141_37680	1732	82.692	104	16	100
GU191334.1	k141_30942	14441	87.838	74	9	94.2
GU191334.1	k141_30942	14441	87.838	74	9	94.2
GU191334.1	k141_22196	8882	78.992	119	18	91.5
GU191334.1	k141_31998	902	80.412	97	19	90.6
GU191334.1	k141_29326	365	75.610	123	30	87.8
GU191334.1	k141_5273	662	83.117	77	13	81.5
GU191334.1	k141_972	2446	82.432	74	13	76.1
GU191334.1	k141_3440	395	69.444	144	44	62.6
GU191334.1	k141_3440	395	75.000	68	17	47.3
GU191334.1	k141_33683	516	83.929	56	9	61.7
GU191334.1	k141_562	423	79.592	49	10	44.6
