MZ962720.1	k141_20682	79896	88.102	5253	556	6628
MZ962720.1	k141_20682	79896	80.049	5759	754	5134
MZ962720.1	k141_20682	79896	85.027	3513	401	3929
MZ962720.1	k141_20682	79896	79.980	4026	684	3611
MZ962720.1	k141_20682	79896	78.447	4199	649	3404
MZ962720.1	k141_20682	79896	80.036	3371	569	3040
MZ962720.1	k141_20682	79896	85.737	1893	253	2199
MZ962720.1	k141_20682	79896	86.663	1642	186	1950
MZ962720.1	k141_20682	79896	83.019	1802	254	1850
MZ962720.1	k141_20682	79896	79.029	2122	376	1807
MZ962720.1	k141_20682	79896	91.343	1132	94	1599
MZ962720.1	k141_20682	79896	75.834	2189	315	1517
MZ962720.1	k141_20682	79896	87.454	1076	103	1330
MZ962720.1	k141_20682	79896	77.552	1577	283	1232
MZ962720.1	k141_20682	79896	73.454	2102	444	1221
MZ962720.1	k141_20682	79896	84.525	937	116	1022
MZ962720.1	k141_20682	79896	82.529	933	157	940
MZ962720.1	k141_20682	79896	72.657	1302	241	712
MZ962720.1	k141_20682	79896	76.489	974	167	668
MZ962720.1	k141_20682	79896	82.381	630	103	635
MZ962720.1	k141_20682	79896	72.763	1028	136	609
MZ962720.1	k141_20682	79896	76.943	759	151	575
MZ962720.1	k141_20682	79896	75.942	823	127	562
MZ962720.1	k141_20682	79896	74.503	855	126	530
MZ962720.1	k141_20682	79896	70.179	1120	243	516
MZ962720.1	k141_20682	79896	68.454	1287	223	471
MZ962720.1	k141_20682	79896	72.190	863	155	457
MZ962720.1	k141_20682	79896	68.286	1132	222	394
MZ962720.1	k141_20682	79896	69.631	922	163	376
MZ962720.1	k141_20682	79896	75.182	548	111	367
MZ962720.1	k141_20682	79896	75.560	536	103	352
MZ962720.1	k141_20682	79896	69.973	746	142	302
MZ962720.1	k141_20682	79896	76.566	431	74	297
MZ962720.1	k141_20682	79896	76.389	432	73	297
MZ962720.1	k141_20682	79896	76.253	379	51	296
MZ962720.1	k141_20682	79896	86.000	250	33	291
MZ962720.1	k141_20682	79896	86.235	247	28	280
MZ962720.1	k141_20682	79896	73.397	421	66	265
MZ962720.1	k141_20682	79896	73.397	421	66	265
MZ962720.1	k141_20682	79896	85.238	210	22	243
MZ962720.1	k141_20682	79896	85.238	210	22	243
MZ962720.1	k141_20682	79896	75.641	312	61	221
MZ962720.1	k141_20682	79896	81.938	227	30	213
MZ962720.1	k141_20682	79896	81.938	227	30	213
MZ962720.1	k141_20682	79896	82.234	197	30	198
MZ962720.1	k141_20682	79896	83.429	175	25	185
MZ962720.1	k141_20682	79896	73.529	272	21	181
MZ962720.1	k141_20682	79896	74.643	280	65	173
MZ962720.1	k141_20682	79896	76.444	225	36	160
MZ962720.1	k141_20682	79896	96.809	94	3	157
MZ962720.1	k141_20682	79896	75.641	234	26	153
MZ962720.1	k141_20682	79896	80.982	163	25	151
MZ962720.1	k141_20682	79896	89.474	114	9	150
MZ962720.1	k141_20682	79896	79.012	162	30	139
MZ962720.1	k141_20682	79896	92.632	95	5	138
MZ962720.1	k141_20682	79896	65.928	587	180	135
MZ962720.1	k141_20682	79896	85.271	129	10	133
MZ962720.1	k141_20682	79896	83.740	123	19	129
MZ962720.1	k141_20682	79896	85.577	104	9	122
MZ962720.1	k141_20682	79896	85.577	104	9	122
MZ962720.1	k141_20682	79896	77.632	152	30	121
MZ962720.1	k141_20682	79896	87.097	93	10	107
MZ962720.1	k141_20682	79896	89.024	82	7	101
MZ962720.1	k141_20682	79896	67.372	331	90	100
MZ962720.1	k141_20682	79896	75.000	148	32	96.9
MZ962720.1	k141_20682	79896	81.000	100	18	92.4
MZ962720.1	k141_20682	79896	86.667	75	10	91.5
MZ962720.1	k141_20682	79896	87.838	74	8	90.6
MZ962720.1	k141_20682	79896	79.775	89	18	80.6
MZ962720.1	k141_20682	79896	79.775	89	18	80.6
MZ962720.1	k141_20682	79896	79.775	89	18	80.6
MZ962720.1	k141_20682	79896	74.790	119	30	80.6
MZ962720.1	k141_20682	79896	74.790	119	30	80.6
MZ962720.1	k141_20682	79896	68.534	232	69	76.1
MZ962720.1	k141_20682	79896	90.000	50	5	68.9
MZ962720.1	k141_20682	79896	90.244	41	4	57.2
MZ962720.1	k141_20682	79896	90.244	41	4	57.2
MZ962720.1	k141_20682	79896	77.143	70	16	55.4
MZ962720.1	k141_20682	79896	79.032	62	13	54.5
MZ962720.1	k141_20682	79896	84.783	46	7	52.7
MZ962720.1	k141_20682	79896	81.633	49	9	49.1
MZ962720.1	k141_20682	79896	67.516	157	49	47.3
MZ962720.1	k141_19686	21654	92.221	3008	145	4356
MZ962720.1	k141_19686	21654	92.221	3008	145	4356
MZ962720.1	k141_19686	21654	91.028	3054	189	4305
MZ962720.1	k141_19686	21654	91.028	3054	189	4305
MZ962720.1	k141_19686	21654	89.163	2630	188	3452
MZ962720.1	k141_19686	21654	89.163	2630	188	3452
MZ962720.1	k141_19686	21654	91.787	1875	107	2640
MZ962720.1	k141_19686	21654	91.787	1875	107	2640
MZ962720.1	k141_19686	21654	86.521	2018	195	2402
MZ962720.1	k141_19686	21654	86.521	2018	195	2402
MZ962720.1	k141_19686	21654	86.041	2056	190	2358
MZ962720.1	k141_19686	21654	86.041	2056	190	2358
MZ962720.1	k141_19686	21654	79.927	817	80	747
MZ962720.1	k141_19686	21654	80.800	750	83	705
MZ962720.1	k141_19686	21654	80.800	750	83	705
MZ962720.1	k141_19686	21654	81.069	449	45	414
MZ962720.1	k141_19686	21654	81.069	449	45	414
MZ962720.1	k141_19686	21654	83.246	382	56	390
MZ962720.1	k141_19686	21654	83.246	382	56	390
MZ962720.1	k141_19686	21654	85.762	302	30	350
MZ962720.1	k141_19686	21654	85.762	302	30	350
MZ962720.1	k141_19686	21654	83.824	272	40	283
MZ962720.1	k141_19686	21654	83.824	272	40	283
MZ962720.1	k141_19686	21654	75.881	369	47	267
MZ962720.1	k141_19686	21654	75.881	369	47	267
MZ962720.1	k141_19686	21654	85.340	191	22	220
MZ962720.1	k141_19686	21654	79.681	251	47	214
MZ962720.1	k141_19686	21654	79.681	251	47	214
MZ962720.1	k141_19686	21654	78.037	214	18	169
MZ962720.1	k141_19686	21654	78.037	214	18	169
MZ962720.1	k141_19686	21654	79.167	120	25	104
MZ962720.1	k141_19686	21654	79.167	120	25	104
MZ962720.1	k141_19686	21654	66.805	241	39	94.2
MZ962720.1	k141_19686	21654	66.805	241	39	94.2
MZ962720.1	k141_19686	21654	88.679	53	5	66.2
MZ962720.1	k141_19686	21654	88.679	53	5	66.2
MZ962720.1	k141_19686	21654	86.538	52	7	63.5
MZ962720.1	k141_19686	21654	86.538	52	7	63.5
MZ962720.1	k141_19686	21654	88.636	44	5	58.1
MZ962720.1	k141_13881	12869	82.433	3945	524	3994
MZ962720.1	k141_13881	12869	82.433	3945	524	3994
MZ962720.1	k141_13881	12869	81.189	2036	343	1923
MZ962720.1	k141_13881	12869	77.905	2272	457	1808
MZ962720.1	k141_13881	12869	76.136	1056	220	762
MZ962720.1	k141_13881	12869	83.671	692	100	724
MZ962720.1	k141_13881	12869	83.671	692	100	724
MZ962720.1	k141_13881	12869	81.250	320	60	307
MZ962720.1	k141_13881	12869	95.745	141	6	228
MZ962720.1	k141_13881	12869	95.745	141	6	228
MZ962720.1	k141_13881	12869	88.660	97	10	123
MZ962720.1	k141_37724	17888	77.739	1442	204	1174
MZ962720.1	k141_37724	17888	86.885	122	15	145
MZ962720.1	k141_57100	913	77.639	881	135	676
MZ962720.1	k141_904	20195	80.435	598	81	548
MZ962720.1	k141_904	20195	80.435	598	81	548
MZ962720.1	k141_60077	5681	70.848	1156	272	517
MZ962720.1	k141_60077	5681	70.848	1156	272	517
MZ962720.1	k141_60077	5681	65.298	487	143	104
MZ962720.1	k141_60077	5681	65.298	487	143	104
MZ962720.1	k141_60077	5681	82.828	99	13	97.8
MZ962720.1	k141_60077	5681	82.828	99	13	97.8
MZ962720.1	k141_59747	19545	76.421	598	114	432
MZ962720.1	k141_37747	7905	71.606	884	213	425
MZ962720.1	k141_37747	7905	71.606	884	213	425
MZ962720.1	k141_37747	7905	88.333	60	7	77.9
MZ962720.1	k141_37747	7905	88.333	60	7	77.9
MZ962720.1	k141_37747	7905	88.333	60	7	77.9
MZ962720.1	k141_62912	4988	89.333	300	32	398
MZ962720.1	k141_62912	4988	69.424	278	43	125
MZ962720.1	k141_62912	4988	77.358	53	8	41.9
MZ962720.1	k141_35798	1563	86.544	327	44	392
MZ962720.1	k141_34545	12757	73.861	505	89	319
MZ962720.1	k141_33645	7505	76.633	398	72	296
MZ962720.1	k141_24424	14397	72.316	531	89	294
MZ962720.1	k141_24424	14397	96.078	102	3	163
MZ962720.1	k141_47947	35915	71.543	499	69	268
MZ962720.1	k141_39890	2231	85.507	207	23	241
MZ962720.1	k141_39890	2231	88.333	60	7	77.9
MZ962720.1	k141_39890	2231	66.879	157	50	42.8
MZ962720.1	k141_59438	11395	66.788	822	234	238
MZ962720.1	k141_65111	366	91.608	143	10	197
MZ962720.1	k141_65111	366	91.608	143	10	197
MZ962720.1	k141_65111	366	98.765	81	1	142
MZ962720.1	k141_65111	366	98.765	81	1	142
MZ962720.1	k141_65111	366	89.000	100	9	124
MZ962720.1	k141_65111	366	89.000	100	9	124
MZ962720.1	k141_65111	366	85.897	78	9	85.1
MZ962720.1	k141_65111	366	85.897	78	9	85.1
MZ962720.1	k141_65111	366	85.897	78	9	85.1
MZ962720.1	k141_65111	366	85.897	78	9	85.1
MZ962720.1	k141_65111	366	97.500	40	1	68.9
MZ962720.1	k141_65111	366	97.500	40	1	68.9
MZ962720.1	k141_43671	549	80.882	204	24	193
MZ962720.1	k141_43671	549	80.882	204	24	193
MZ962720.1	k141_60451	10719	80.808	198	26	179
MZ962720.1	k141_60451	10719	80.808	198	26	179
MZ962720.1	k141_60451	10719	82.840	169	25	169
MZ962720.1	k141_60451	10719	82.840	169	25	169
MZ962720.1	k141_60451	10719	68.282	227	33	98.7
MZ962720.1	k141_60451	10719	68.282	227	33	98.7
MZ962720.1	k141_60451	10719	78.226	124	23	97.8
MZ962720.1	k141_60451	10719	78.226	124	23	97.8
MZ962720.1	k141_60451	10719	86.538	52	7	63.5
MZ962720.1	k141_60451	10719	86.538	52	7	63.5
MZ962720.1	k141_10326	395	96.970	99	2	162
MZ962720.1	k141_10326	395	96.970	99	2	162
MZ962720.1	k141_2011	16238	89.256	121	11	158
MZ962720.1	k141_15563	16027	69.565	299	43	141
MZ962720.1	k141_40212	448	91.304	69	6	98.7
MZ962720.1	k141_3681	2668	71.186	177	51	90.6
MZ962720.1	k141_3681	2668	71.186	177	51	90.6
MZ962720.1	k141_52589	9683	77.119	118	26	88.7
MZ962720.1	k141_8570	10899	72.932	133	36	78.8
MZ962720.1	k141_31296	4057	97.727	44	1	76.1
MZ962720.1	k141_31296	4057	97.727	44	1	76.1
MZ962720.1	k141_37742	524	93.023	43	3	65.3
MZ962720.1	k141_37742	524	93.023	43	3	65.3
MZ962720.1	k141_37742	524	84.483	58	5	64.4
MZ962720.1	k141_37742	524	84.483	58	5	64.4
MZ962720.1	k141_41099	706	78.205	78	12	65.3
MZ962720.1	k141_41099	706	78.205	78	12	65.3
MZ962720.1	k141_24113	11322	84.091	44	7	49.1
MH569081.1	k141_20682	79896	94.274	16119	543	24931
MH569081.1	k141_20682	79896	94.265	15449	504	23877
MH569081.1	k141_20682	79896	94.291	15344	496	23727
MH569081.1	k141_20682	79896	95.078	6055	202	9537
MH569081.1	k141_20682	79896	92.286	6339	277	9225
MH569081.1	k141_20682	79896	95.863	5560	167	8975
MH569081.1	k141_20682	79896	92.204	5785	211	8436
MH569081.1	k141_20682	79896	92.798	2902	122	4307
MH569081.1	k141_20682	79896	93.296	2327	105	3499
MH569081.1	k141_20682	79896	87.151	1720	75	2157
MH569081.1	k141_20682	79896	88.499	1539	68	1995
MH569081.1	k141_20682	79896	93.662	142	8	213
MH569081.1	k141_20682	79896	93.662	142	8	213
MH569081.1	k141_20682	79896	93.662	142	8	213
MH569081.1	k141_20682	79896	73.529	204	39	125
MH569081.1	k141_20682	79896	68.012	322	89	112
MH569081.1	k141_20682	79896	71.066	197	39	106
MH569081.1	k141_20682	79896	72.393	163	45	92.4
MH569081.1	k141_20682	79896	70.199	151	30	75.2
MH569081.1	k141_20682	79896	95.556	45	2	73.4
MH569081.1	k141_20682	79896	84.058	69	10	72.5
MH569081.1	k141_20682	79896	97.500	40	1	68.9
MH569081.1	k141_20682	79896	97.500	40	1	68.9
MH569081.1	k141_20682	79896	93.333	45	3	68.9
MH569081.1	k141_20682	79896	78.873	71	15	61.7
MH569081.1	k141_20682	79896	87.500	48	6	60.8
MH569081.1	k141_20682	79896	88.889	45	5	59.9
MH569081.1	k141_20682	79896	88.889	45	5	59.9
MH569081.1	k141_20682	79896	94.595	37	2	59.0
MH569081.1	k141_20682	79896	67.516	157	49	47.3
MH569081.1	k141_20682	79896	66.879	157	50	42.8
MH569081.1	k141_20682	79896	77.551	49	11	40.1
MH569081.1	k141_20682	79896	82.051	39	7	40.1
MH569081.1	k141_20682	79896	82.051	39	7	40.1
MH569081.1	k141_19686	21654	98.468	10573	100	18308
MH569081.1	k141_19686	21654	98.470	10526	99	18227
MH569081.1	k141_19686	21654	97.342	5530	78	9332
MH569081.1	k141_19686	21654	97.342	5530	78	9332
MH569081.1	k141_19686	21654	98.883	4923	36	8621
MH569081.1	k141_19686	21654	98.883	4923	36	8621
MH569081.1	k141_19686	21654	97.191	356	9	594
MH569081.1	k141_19686	21654	97.191	356	9	594
MH569081.1	k141_19686	21654	80.392	102	15	90.6
MH569081.1	k141_19686	21654	97.917	48	1	83.3
MH569081.1	k141_19686	21654	76.923	104	14	67.1
MH569081.1	k141_19686	21654	76.923	104	14	67.1
MH569081.1	k141_19686	21654	88.889	45	5	59.9
MH569081.1	k141_13881	12869	93.900	5279	206	8083
MH569081.1	k141_13881	12869	94.400	3893	158	6034
MH569081.1	k141_13881	12869	89.179	3595	206	4809
MH569081.1	k141_13881	12869	98.582	141	2	246
MH569081.1	k141_13881	12869	98.936	94	1	166
MH569081.1	k141_13881	12869	77.551	49	11	40.1
MH569081.1	k141_37724	17888	84.853	2106	157	2358
MH569081.1	k141_57100	913	89.252	949	44	1264
MH569081.1	k141_59747	19545	87.574	676	45	845
MH569081.1	k141_24424	14397	81.043	844	119	775
MH569081.1	k141_24424	14397	94.737	38	2	60.8
MH569081.1	k141_904	20195	84.909	603	53	676
MH569081.1	k141_904	20195	81.633	49	9	49.1
MH569081.1	k141_25859	743	92.029	414	6	605
MH569081.1	k141_25859	743	92.029	414	6	605
MH569081.1	k141_34545	12757	79.581	573	64	523
MH569081.1	k141_60077	5681	71.156	1151	273	520
MH569081.1	k141_60077	5681	71.156	1151	273	520
MH569081.1	k141_60077	5681	74.641	209	51	132
MH569081.1	k141_60077	5681	74.641	209	51	132
MH569081.1	k141_60077	5681	82.653	98	16	97.8
MH569081.1	k141_60077	5681	82.653	98	16	97.8
MH569081.1	k141_60077	5681	71.338	157	40	72.5
MH569081.1	k141_60077	5681	71.338	157	40	72.5
MH569081.1	k141_60451	10719	91.576	368	19	517
MH569081.1	k141_60451	10719	91.576	368	19	517
MH569081.1	k141_35798	1563	94.512	328	18	511
MH569081.1	k141_62912	4988	95.724	304	13	490
MH569081.1	k141_62912	4988	72.687	227	32	135
MH569081.1	k141_62912	4988	81.818	55	6	54.5
MH569081.1	k141_37747	7905	72.374	876	213	457
MH569081.1	k141_37747	7905	72.374	876	213	457
MH569081.1	k141_37747	7905	75.875	257	60	178
MH569081.1	k141_37747	7905	75.875	257	60	178
MH569081.1	k141_37747	7905	90.000	60	6	82.4
MH569081.1	k141_37747	7905	90.000	60	6	82.4
MH569081.1	k141_54104	692	86.921	367	35	440
MH569081.1	k141_47947	35915	73.854	589	72	352
MH569081.1	k141_43671	549	94.712	208	6	322
MH569081.1	k141_43671	549	94.712	208	6	322
MH569081.1	k141_39890	2231	92.754	207	8	308
MH569081.1	k141_39890	2231	90.000	60	6	82.4
MH569081.1	k141_39890	2231	67.516	157	49	47.3
MH569081.1	k141_33645	7505	77.895	380	61	306
MH569081.1	k141_33645	7505	98.990	99	1	175
MH569081.1	k141_15563	16027	73.867	375	32	259
MH569081.1	k141_59438	11395	67.543	761	196	242
MH569081.1	k141_20299	363	94.958	119	6	188
MH569081.1	k141_20299	363	94.958	119	6	188
MH569081.1	k141_10326	395	100.000	98	0	178
MH569081.1	k141_10326	395	100.000	98	0	178
MH569081.1	k141_2011	16238	67.765	425	53	167
MH569081.1	k141_25012	2607	95.833	96	2	149
MH569081.1	k141_41099	706	100.000	78	0	141
MH569081.1	k141_41099	706	100.000	78	0	141
MH569081.1	k141_50323	754	100.000	78	0	141
MH569081.1	k141_50323	754	100.000	78	0	141
MH569081.1	k141_52589	9683	85.000	120	17	132
MH569081.1	k141_40212	448	97.101	69	2	116
MH569081.1	k141_65111	366	89.873	79	8	107
MH569081.1	k141_65111	366	89.873	79	8	107
MH569081.1	k141_65111	366	84.615	52	8	59.0
MH569081.1	k141_65111	366	84.615	52	8	59.0
MH569081.1	k141_16004	572	100.000	59	0	107
MH569081.1	k141_16004	572	100.000	59	0	107
MH569081.1	k141_42549	313	77.206	136	30	103
MH569081.1	k141_37742	524	98.214	56	1	97.8
MH569081.1	k141_37742	524	98.214	56	1	97.8
MH569081.1	k141_25734	741	81.915	94	7	94.2
MH569081.1	k141_3681	2668	72.067	179	46	93.3
MH569081.1	k141_3681	2668	72.067	179	46	93.3
MH569081.1	k141_24113	11322	93.103	58	4	87.8
MH569081.1	k141_62536	17181	95.652	46	2	75.2
MH569081.1	k141_8570	10899	72.180	133	37	74.3
MH569081.1	k141_31296	4057	95.455	44	2	71.6
MH569081.1	k141_31296	4057	95.455	44	2	71.6
MH569081.1	k141_8268	373	84.848	66	9	71.6
MH569081.1	k141_4254	453	84.848	66	9	71.6
MH569081.1	k141_5786	693	81.818	66	11	62.6
MH569081.1	k141_51513	347	83.333	54	9	58.1
MH569081.1	k141_33066	27277	91.892	37	3	54.5
MH569081.1	k141_6497	669	80.488	41	8	39.2
MH569081.1	k141_51477	417	80.488	41	8	39.2
MH569081.1	k141_47963	861	80.488	41	8	39.2
MH569081.1	k141_2140	5702	80.488	41	8	39.2
MH569081.1	k141_14834	217	80.488	41	8	39.2
MH569081.1	k141_46808	446	80.488	41	8	39.2
MH569081.1	k141_10335	448	80.488	41	8	39.2
NC_033978.1	k141_20682	79896	87.394	5442	609	6697
NC_033978.1	k141_20682	79896	78.722	4991	718	4140
NC_033978.1	k141_20682	79896	83.152	3870	568	4039
NC_033978.1	k141_20682	79896	90.302	2547	245	3473
NC_033978.1	k141_20682	79896	80.828	3359	551	3162
NC_033978.1	k141_20682	79896	74.639	4779	867	3159
NC_033978.1	k141_20682	79896	82.239	2314	359	2300
NC_033978.1	k141_20682	79896	85.692	1887	262	2185
NC_033978.1	k141_20682	79896	87.315	1490	189	1836
NC_033978.1	k141_20682	79896	81.675	1839	270	1791
NC_033978.1	k141_20682	79896	81.630	1791	263	1735
NC_033978.1	k141_20682	79896	78.646	2098	293	1679
NC_033978.1	k141_20682	79896	78.282	2026	386	1638
NC_033978.1	k141_20682	79896	89.883	1196	111	1599
NC_033978.1	k141_20682	79896	75.550	2229	455	1559
NC_033978.1	k141_20682	79896	85.896	1021	118	1185
NC_033978.1	k141_20682	79896	69.709	2717	634	1131
NC_033978.1	k141_20682	79896	73.062	1329	224	746
NC_033978.1	k141_20682	79896	75.231	1082	150	719
NC_033978.1	k141_20682	79896	83.180	654	106	683
NC_033978.1	k141_20682	79896	83.680	625	90	670
NC_033978.1	k141_20682	79896	73.583	1041	186	588
NC_033978.1	k141_20682	79896	70.221	1313	265	553
NC_033978.1	k141_20682	79896	75.766	685	100	471
NC_033978.1	k141_20682	79896	68.360	1299	219	465
NC_033978.1	k141_20682	79896	87.382	317	39	389
NC_033978.1	k141_20682	79896	73.185	675	112	352
NC_033978.1	k141_20682	79896	84.365	307	27	339
NC_033978.1	k141_20682	79896	85.425	247	28	278
NC_033978.1	k141_20682	79896	85.417	240	32	274
NC_033978.1	k141_20682	79896	70.000	600	107	274
NC_033978.1	k141_20682	79896	78.313	332	50	268
NC_033978.1	k141_20682	79896	81.655	278	29	265
NC_033978.1	k141_20682	79896	74.451	364	65	232
NC_033978.1	k141_20682	79896	77.936	281	62	228
NC_033978.1	k141_20682	79896	79.151	259	39	220
NC_033978.1	k141_20682	79896	95.556	135	6	217
NC_033978.1	k141_20682	79896	77.500	280	48	208
NC_033978.1	k141_20682	79896	85.207	169	19	194
NC_033978.1	k141_20682	79896	88.000	150	18	190
NC_033978.1	k141_20682	79896	83.240	179	23	190
NC_033978.1	k141_20682	79896	79.091	220	46	190
NC_033978.1	k141_20682	79896	81.726	197	28	183
NC_033978.1	k141_20682	79896	71.812	298	75	159
NC_033978.1	k141_20682	79896	95.745	94	3	149
NC_033978.1	k141_20682	79896	82.119	151	12	142
NC_033978.1	k141_20682	79896	81.379	145	13	140
NC_033978.1	k141_20682	79896	67.117	444	132	138
NC_033978.1	k141_20682	79896	100.000	75	0	136
NC_033978.1	k141_20682	79896	79.518	166	22	131
NC_033978.1	k141_20682	79896	93.023	86	6	129
NC_033978.1	k141_20682	79896	88.660	97	11	126
NC_033978.1	k141_20682	79896	86.869	99	13	121
NC_033978.1	k141_20682	79896	66.256	406	119	109
NC_033978.1	k141_20682	79896	76.667	150	23	106
NC_033978.1	k141_20682	79896	85.185	81	11	89.7
NC_033978.1	k141_20682	79896	89.286	56	6	75.2
NC_033978.1	k141_20682	79896	80.519	77	15	72.5
NC_033978.1	k141_20682	79896	75.238	105	20	69.8
NC_033978.1	k141_20682	79896	75.238	105	20	69.8
NC_033978.1	k141_20682	79896	69.427	157	46	60.8
NC_033978.1	k141_20682	79896	78.571	70	15	59.9
NC_033978.1	k141_20682	79896	92.308	39	3	58.1
NC_033978.1	k141_20682	79896	92.308	39	3	58.1
NC_033978.1	k141_20682	79896	90.000	40	4	55.4
NC_033978.1	k141_20682	79896	82.051	39	7	40.1
NC_033978.1	k141_19686	21654	90.482	4833	288	6626
NC_033978.1	k141_19686	21654	90.482	4833	288	6626
NC_033978.1	k141_19686	21654	93.373	3018	142	4508
NC_033978.1	k141_19686	21654	93.373	3018	142	4508
NC_033978.1	k141_19686	21654	91.226	3100	188	4328
NC_033978.1	k141_19686	21654	91.226	3100	188	4328
NC_033978.1	k141_19686	21654	89.289	2306	126	3015
NC_033978.1	k141_19686	21654	89.289	2306	126	3015
NC_033978.1	k141_19686	21654	87.291	2274	211	2770
NC_033978.1	k141_19686	21654	87.291	2274	211	2770
NC_033978.1	k141_19686	21654	82.280	886	133	881
NC_033978.1	k141_19686	21654	82.280	886	133	881
NC_033978.1	k141_19686	21654	77.661	855	87	712
NC_033978.1	k141_19686	21654	77.661	855	87	712
NC_033978.1	k141_19686	21654	79.264	815	100	694
NC_033978.1	k141_19686	21654	79.264	815	100	694
NC_033978.1	k141_19686	21654	79.010	586	99	498
NC_033978.1	k141_19686	21654	87.113	388	35	480
NC_033978.1	k141_19686	21654	87.113	388	35	480
NC_033978.1	k141_19686	21654	77.885	312	60	247
NC_033978.1	k141_19686	21654	88.281	128	9	160
NC_033978.1	k141_19686	21654	88.281	128	9	160
NC_033978.1	k141_19686	21654	100.000	81	0	147
NC_033978.1	k141_19686	21654	68.889	360	73	131
NC_033978.1	k141_19686	21654	94.340	53	3	83.3
NC_033978.1	k141_19686	21654	94.340	53	3	83.3
NC_033978.1	k141_19686	21654	89.655	58	5	75.2
NC_033978.1	k141_19686	21654	100.000	40	0	73.4
NC_033978.1	k141_19686	21654	100.000	40	0	73.4
NC_033978.1	k141_19686	21654	91.111	45	4	64.4
NC_033978.1	k141_19686	21654	84.211	38	6	42.8
NC_033978.1	k141_13881	12869	81.421	1970	319	1896
NC_033978.1	k141_13881	12869	83.433	1678	273	1764
NC_033978.1	k141_13881	12869	76.382	2388	470	1732
NC_033978.1	k141_13881	12869	81.716	1247	200	1215
NC_033978.1	k141_13881	12869	77.440	1117	217	834
NC_033978.1	k141_13881	12869	75.454	1157	226	805
NC_033978.1	k141_13881	12869	89.362	141	15	187
NC_033978.1	k141_13881	12869	81.633	49	9	49.1
NC_033978.1	k141_37724	17888	80.892	785	121	721
NC_033978.1	k141_37724	17888	83.592	451	61	483
NC_033978.1	k141_37724	17888	83.916	143	17	156
NC_033978.1	k141_57100	913	74.658	951	171	634
NC_033978.1	k141_24424	14397	75.029	853	126	567
NC_033978.1	k141_59747	19545	77.811	676	108	536
NC_033978.1	k141_37747	7905	72.862	877	207	465
NC_033978.1	k141_37747	7905	72.862	877	207	465
NC_033978.1	k141_37747	7905	77.936	281	60	221
NC_033978.1	k141_37747	7905	77.936	281	60	221
NC_033978.1	k141_37747	7905	86.667	60	8	73.4
NC_033978.1	k141_37747	7905	86.667	60	8	73.4
NC_033978.1	k141_35798	1563	88.816	304	34	396
NC_033978.1	k141_62912	4988	87.742	310	35	387
NC_033978.1	k141_62912	4988	70.504	278	48	141
NC_033978.1	k141_62912	4988	94.118	34	2	53.6
NC_033978.1	k141_60077	5681	74.436	532	125	339
NC_033978.1	k141_60077	5681	74.436	532	125	339
NC_033978.1	k141_60077	5681	75.641	468	91	297
NC_033978.1	k141_60077	5681	75.641	468	91	297
NC_033978.1	k141_60077	5681	65.044	801	205	133
NC_033978.1	k141_60077	5681	65.044	801	205	133
NC_033978.1	k141_47947	35915	76.974	456	60	336
NC_033978.1	k141_33645	7505	79.198	399	59	336
NC_033978.1	k141_34545	12757	72.792	566	101	330
NC_033978.1	k141_34545	12757	86.047	129	17	149
NC_033978.1	k141_34545	12757	86.047	129	17	149
NC_033978.1	k141_904	20195	78.036	387	60	329
NC_033978.1	k141_904	20195	81.633	49	9	49.1
NC_033978.1	k141_59438	11395	67.976	840	218	281
NC_033978.1	k141_39890	2231	82.126	207	30	209
NC_033978.1	k141_39890	2231	85.000	60	9	68.9
NC_033978.1	k141_39890	2231	70.064	157	45	65.3
NC_033978.1	k141_60451	10719	81.250	224	35	208
NC_033978.1	k141_43671	549	76.856	229	28	175
NC_033978.1	k141_43671	549	76.856	229	28	175
NC_033978.1	k141_10326	395	96.970	99	2	162
NC_033978.1	k141_10326	395	96.970	99	2	162
NC_033978.1	k141_2011	16238	85.593	118	16	133
NC_033978.1	k141_15563	16027	66.484	364	56	131
NC_033978.1	k141_52589	9683	83.333	120	19	123
NC_033978.1	k141_37742	524	96.364	55	2	91.5
NC_033978.1	k141_37742	524	96.364	55	2	91.5
NC_033978.1	k141_40212	448	86.957	69	9	85.1
NC_033978.1	k141_3681	2668	69.634	191	58	84.2
NC_033978.1	k141_3681	2668	69.634	191	58	84.2
NC_033978.1	k141_16004	572	90.741	54	5	76.1
NC_033978.1	k141_16004	572	90.741	54	5	76.1
NC_033978.1	k141_31296	4057	97.727	44	1	76.1
NC_033978.1	k141_31296	4057	97.727	44	1	76.1
NC_033978.1	k141_50323	754	82.609	69	12	71.6
NC_033978.1	k141_50323	754	82.609	69	12	71.6
NC_033978.1	k141_59968	4858	89.796	49	5	67.1
NC_033978.1	k141_8570	10899	77.500	80	18	64.4
NC_033978.1	k141_42549	313	69.853	136	40	58.1
NC_033978.1	k141_2140	5702	78.723	47	10	41.0
MW006668.1	k141_19686	21654	89.700	5359	309	7134
MW006668.1	k141_19686	21654	89.700	5359	309	7134
MW006668.1	k141_19686	21654	87.990	4996	418	6271
MW006668.1	k141_19686	21654	91.922	2575	146	3677
MW006668.1	k141_19686	21654	91.922	2575	146	3677
MW006668.1	k141_19686	21654	82.997	694	85	728
MW006668.1	k141_19686	21654	69.347	1455	220	624
MW006668.1	k141_19686	21654	85.169	445	64	499
MW006668.1	k141_19686	21654	77.187	583	97	449
MW006668.1	k141_19686	21654	77.187	583	97	449
MW006668.1	k141_19686	21654	80.206	485	63	436
MW006668.1	k141_19686	21654	80.206	485	63	436
MW006668.1	k141_19686	21654	70.638	831	155	403
MW006668.1	k141_19686	21654	85.663	279	31	314
MW006668.1	k141_19686	21654	85.663	279	31	314
MW006668.1	k141_19686	21654	74.693	407	69	279
MW006668.1	k141_19686	21654	79.087	263	48	220
MW006668.1	k141_19686	21654	82.081	173	27	172
MW006668.1	k141_19686	21654	77.011	174	40	134
MW006668.1	k141_19686	21654	94.937	79	4	125
MW006668.1	k141_19686	21654	94.937	79	4	125
MW006668.1	k141_19686	21654	81.905	105	15	99.6
MW006668.1	k141_19686	21654	100.000	43	0	78.8
MW006668.1	k141_19686	21654	100.000	43	0	78.8
MW006668.1	k141_19686	21654	100.000	42	0	77.0
MW006668.1	k141_19686	21654	91.111	45	4	64.4
MW006668.1	k141_19686	21654	86.275	51	7	61.7
MW006668.1	k141_19686	21654	76.562	64	15	49.1
MW006668.1	k141_19686	21654	76.562	64	15	49.1
MW006668.1	k141_19686	21654	76.562	64	15	49.1
MW006668.1	k141_19686	21654	76.562	64	15	49.1
MW006668.1	k141_19686	21654	76.190	63	15	47.3
MW006668.1	k141_19686	21654	76.190	63	15	47.3
MW006668.1	k141_19686	21654	75.000	64	16	44.6
MW006668.1	k141_19686	21654	75.000	64	16	44.6
MW006668.1	k141_19686	21654	75.000	64	16	44.6
MW006668.1	k141_19686	21654	84.211	38	6	42.8
MW006668.1	k141_20682	79896	86.421	5457	647	6460
MW006668.1	k141_20682	79896	78.534	5730	853	4718
MW006668.1	k141_20682	79896	82.521	3404	517	3424
MW006668.1	k141_20682	79896	89.068	2479	271	3250
MW006668.1	k141_20682	79896	78.958	3379	588	2901
MW006668.1	k141_20682	79896	80.854	2528	424	2328
MW006668.1	k141_20682	79896	84.341	1903	295	2087
MW006668.1	k141_20682	79896	82.312	1877	295	1859
MW006668.1	k141_20682	79896	85.476	1501	218	1725
MW006668.1	k141_20682	79896	78.451	1963	380	1618
MW006668.1	k141_20682	79896	77.724	2065	328	1558
MW006668.1	k141_20682	79896	79.422	1764	295	1544
MW006668.1	k141_20682	79896	73.310	2278	512	1355
MW006668.1	k141_20682	79896	69.974	3084	582	1274
MW006668.1	k141_20682	79896	85.674	1061	136	1212
MW006668.1	k141_20682	79896	91.768	826	68	1184
MW006668.1	k141_20682	79896	91.768	826	68	1184
MW006668.1	k141_20682	79896	69.753	2268	540	967
MW006668.1	k141_20682	79896	73.079	1523	322	902
MW006668.1	k141_20682	79896	79.420	758	113	649
MW006668.1	k141_20682	79896	81.734	646	105	627
MW006668.1	k141_20682	79896	71.706	1131	222	582
MW006668.1	k141_20682	79896	81.661	578	89	563
MW006668.1	k141_20682	79896	69.886	1315	269	553
MW006668.1	k141_20682	79896	70.945	1122	252	526
MW006668.1	k141_20682	79896	78.691	596	81	499
MW006668.1	k141_20682	79896	71.281	1062	196	495
MW006668.1	k141_20682	79896	76.387	631	99	467
MW006668.1	k141_20682	79896	72.071	845	126	438
MW006668.1	k141_20682	79896	87.829	304	34	380
MW006668.1	k141_20682	79896	89.310	290	28	378
MW006668.1	k141_20682	79896	89.310	290	28	378
MW006668.1	k141_20682	79896	74.214	636	110	367
MW006668.1	k141_20682	79896	73.167	682	131	362
MW006668.1	k141_20682	79896	71.447	767	117	358
MW006668.1	k141_20682	79896	82.831	332	35	340
MW006668.1	k141_20682	79896	69.546	683	139	276
MW006668.1	k141_20682	79896	69.546	683	139	276
MW006668.1	k141_20682	79896	77.095	358	61	269
MW006668.1	k141_20682	79896	70.163	553	115	263
MW006668.1	k141_20682	79896	70.163	553	115	263
MW006668.1	k141_20682	79896	82.500	240	36	241
MW006668.1	k141_20682	79896	74.590	366	62	233
MW006668.1	k141_20682	79896	80.579	242	38	215
MW006668.1	k141_20682	79896	84.211	152	23	163
MW006668.1	k141_20682	79896	79.487	195	25	154
MW006668.1	k141_20682	79896	78.212	179	19	148
MW006668.1	k141_20682	79896	72.015	268	69	142
MW006668.1	k141_20682	79896	82.014	139	18	141
MW006668.1	k141_20682	79896	100.000	75	0	136
MW006668.1	k141_20682	79896	90.000	100	7	134
MW006668.1	k141_20682	79896	66.441	444	135	124
MW006668.1	k141_20682	79896	78.231	147	28	121
MW006668.1	k141_20682	79896	90.698	86	8	120
MW006668.1	k141_20682	79896	68.827	324	79	113
MW006668.1	k141_20682	79896	87.640	89	9	109
MW006668.1	k141_20682	79896	72.043	186	45	95.1
MW006668.1	k141_20682	79896	88.732	71	8	93.3
MW006668.1	k141_20682	79896	87.324	71	9	88.7
MW006668.1	k141_20682	79896	87.324	71	9	88.7
MW006668.1	k141_20682	79896	79.167	96	19	80.6
MW006668.1	k141_20682	79896	75.652	115	19	77.0
MW006668.1	k141_20682	79896	74.167	120	28	76.1
MW006668.1	k141_20682	79896	74.167	120	28	76.1
MW006668.1	k141_20682	79896	84.286	70	10	74.3
MW006668.1	k141_20682	79896	80.282	71	14	66.2
MW006668.1	k141_20682	79896	87.755	49	6	62.6
MW006668.1	k141_20682	79896	87.755	49	6	62.6
MW006668.1	k141_20682	79896	69.427	157	46	60.8
MW006668.1	k141_20682	79896	92.308	39	3	58.1
MW006668.1	k141_20682	79896	92.308	39	3	58.1
MW006668.1	k141_20682	79896	89.474	38	4	51.8
MW006668.1	k141_20682	79896	71.698	106	27	50.9
MW006668.1	k141_20682	79896	82.979	47	8	50.0
MW006668.1	k141_13881	12869	80.247	2263	382	2044
MW006668.1	k141_13881	12869	80.247	2263	382	2044
MW006668.1	k141_13881	12869	82.283	1936	309	1940
MW006668.1	k141_13881	12869	82.283	1936	309	1940
MW006668.1	k141_13881	12869	75.224	2236	511	1498
MW006668.1	k141_13881	12869	79.130	1471	249	1245
MW006668.1	k141_13881	12869	79.130	1471	249	1245
MW006668.1	k141_13881	12869	75.886	1157	228	803
MW006668.1	k141_13881	12869	75.886	1157	228	803
MW006668.1	k141_13881	12869	76.642	1096	220	801
MW006668.1	k141_13881	12869	76.642	1096	220	801
MW006668.1	k141_13881	12869	90.780	141	13	196
MW006668.1	k141_13881	12869	90.780	141	13	196
MW006668.1	k141_13881	12869	85.217	115	12	123
MW006668.1	k141_13881	12869	85.217	115	12	123
MW006668.1	k141_13881	12869	77.551	49	11	40.1
MW006668.1	k141_37724	17888	77.419	1395	223	1112
MW006668.1	k141_37724	17888	80.851	141	20	135
MW006668.1	k141_57100	913	75.426	940	163	648
MW006668.1	k141_37747	7905	71.850	881	210	438
MW006668.1	k141_37747	7905	71.850	881	210	438
MW006668.1	k141_37747	7905	77.936	281	60	221
MW006668.1	k141_37747	7905	77.936	281	60	221
MW006668.1	k141_37747	7905	85.000	60	9	68.9
MW006668.1	k141_37747	7905	85.000	60	9	68.9
MW006668.1	k141_59747	19545	74.340	682	124	434
MW006668.1	k141_24424	14397	70.409	855	154	388
MW006668.1	k141_35798	1563	86.513	304	41	364
MW006668.1	k141_62912	4988	85.161	310	43	351
MW006668.1	k141_62912	4988	71.852	270	51	136
MW006668.1	k141_62912	4988	94.118	34	2	53.6
MW006668.1	k141_60077	5681	74.248	532	126	334
MW006668.1	k141_60077	5681	74.248	532	126	334
MW006668.1	k141_60077	5681	75.000	468	100	283
MW006668.1	k141_60077	5681	75.000	468	100	283
MW006668.1	k141_60077	5681	64.419	801	205	115
MW006668.1	k141_60077	5681	64.419	801	205	115
MW006668.1	k141_904	20195	77.922	385	60	325
MW006668.1	k141_904	20195	77.922	385	60	325
MW006668.1	k141_904	20195	81.633	49	9	49.1
MW006668.1	k141_47947	35915	75.604	455	65	308
MW006668.1	k141_33645	7505	74.359	429	55	288
MW006668.1	k141_34545	12757	70.833	504	106	252
MW006668.1	k141_34545	12757	82.171	129	22	126
MW006668.1	k141_39890	2231	85.990	207	22	245
MW006668.1	k141_39890	2231	88.333	60	7	77.9
MW006668.1	k141_39890	2231	70.064	157	45	65.3
MW006668.1	k141_59438	11395	67.237	760	210	239
MW006668.1	k141_60451	10719	78.481	237	39	187
MW006668.1	k141_10326	395	95.652	92	4	149
MW006668.1	k141_10326	395	95.652	92	4	149
MW006668.1	k141_15563	16027	67.033	364	54	140
MW006668.1	k141_15563	16027	67.033	364	54	140
MW006668.1	k141_2011	16238	87.379	103	12	124
MW006668.1	k141_52589	9683	81.667	120	21	114
MW006668.1	k141_40212	448	91.304	69	6	98.7
MW006668.1	k141_3681	2668	69.634	191	58	84.2
MW006668.1	k141_31296	4057	97.727	44	1	76.1
MW006668.1	k141_31296	4057	97.727	44	1	76.1
MW006668.1	k141_37742	524	89.091	55	6	73.4
MW006668.1	k141_16004	572	84.746	59	9	67.1
MW006668.1	k141_8570	10899	71.795	117	33	63.5
MW006668.1	k141_62536	17181	85.366	41	6	48.2
MW006668.1	k141_54104	692	70.093	107	29	43.7
MW435436.1	k141_20682	79896	86.502	5423	639	6497
MW435436.1	k141_20682	79896	77.079	7661	1238	5767
MW435436.1	k141_20682	79896	82.115	3886	607	3869
MW435436.1	k141_20682	79896	88.811	2583	280	3337
MW435436.1	k141_20682	79896	81.258	2321	373	2209
MW435436.1	k141_20682	79896	84.933	1938	281	2171
MW435436.1	k141_20682	79896	86.997	1492	194	1817
MW435436.1	k141_20682	79896	83.073	1731	256	1785
MW435436.1	k141_20682	79896	78.683	1989	362	1637
MW435436.1	k141_20682	79896	88.447	1281	131	1632
MW435436.1	k141_20682	79896	83.410	1519	231	1614
MW435436.1	k141_20682	79896	78.959	1825	316	1563
MW435436.1	k141_20682	79896	77.295	2048	291	1507
MW435436.1	k141_20682	79896	80.049	1629	305	1464
MW435436.1	k141_20682	79896	73.299	2307	503	1364
MW435436.1	k141_20682	79896	83.285	1029	125	1056
MW435436.1	k141_20682	79896	68.412	2425	609	814
MW435436.1	k141_20682	79896	76.856	1037	182	778
MW435436.1	k141_20682	79896	70.793	1349	265	625
MW435436.1	k141_20682	79896	79.503	644	120	564
MW435436.1	k141_20682	79896	85.146	478	71	543
MW435436.1	k141_20682	79896	72.105	993	154	541
MW435436.1	k141_20682	79896	76.169	663	104	461
MW435436.1	k141_20682	79896	68.271	1330	272	452
MW435436.1	k141_20682	79896	90.221	317	30	429
MW435436.1	k141_20682	79896	80.931	451	73	411
MW435436.1	k141_20682	79896	74.918	610	111	395
MW435436.1	k141_20682	79896	69.964	839	135	389
MW435436.1	k141_20682	79896	75.735	544	108	368
MW435436.1	k141_20682	79896	71.807	642	133	314
MW435436.1	k141_20682	79896	82.295	305	33	313
MW435436.1	k141_20682	79896	81.290	310	45	297
MW435436.1	k141_20682	79896	77.811	338	62	266
MW435436.1	k141_20682	79896	78.274	336	57	265
MW435436.1	k141_20682	79896	84.937	239	30	252
MW435436.1	k141_20682	79896	78.571	294	59	242
MW435436.1	k141_20682	79896	77.936	281	62	228
MW435436.1	k141_20682	79896	72.679	377	59	220
MW435436.1	k141_20682	79896	88.608	158	18	205
MW435436.1	k141_20682	79896	87.037	162	15	199
MW435436.1	k141_20682	79896	80.734	218	40	197
MW435436.1	k141_20682	79896	86.842	152	12	187
MW435436.1	k141_20682	79896	77.682	233	51	183
MW435436.1	k141_20682	79896	90.551	127	12	176
MW435436.1	k141_20682	79896	86.301	146	20	174
MW435436.1	k141_20682	79896	84.713	157	23	172
MW435436.1	k141_20682	79896	90.517	116	7	150
MW435436.1	k141_20682	79896	87.692	130	11	150
MW435436.1	k141_20682	79896	71.477	298	65	146
MW435436.1	k141_20682	79896	85.156	128	19	146
MW435436.1	k141_20682	79896	67.269	443	131	141
MW435436.1	k141_20682	79896	89.524	105	8	139
MW435436.1	k141_20682	79896	90.722	97	9	135
MW435436.1	k141_20682	79896	88.889	99	11	130
MW435436.1	k141_20682	79896	89.583	96	8	126
MW435436.1	k141_20682	79896	78.472	144	22	124
MW435436.1	k141_20682	79896	74.731	186	24	118
MW435436.1	k141_20682	79896	90.476	84	8	116
MW435436.1	k141_20682	79896	80.672	119	23	112
MW435436.1	k141_20682	79896	91.667	72	6	104
MW435436.1	k141_20682	79896	75.397	126	23	82.4
MW435436.1	k141_20682	79896	81.818	77	14	77.0
MW435436.1	k141_20682	79896	77.895	95	20	74.3
MW435436.1	k141_20682	79896	76.190	105	19	74.3
MW435436.1	k141_20682	79896	76.190	105	19	74.3
MW435436.1	k141_20682	79896	92.683	41	3	61.7
MW435436.1	k141_20682	79896	92.683	41	3	61.7
MW435436.1	k141_20682	79896	92.308	39	3	58.1
MW435436.1	k141_20682	79896	92.308	39	3	58.1
MW435436.1	k141_20682	79896	68.790	157	47	56.3
MW435436.1	k141_20682	79896	77.143	70	16	55.4
MW435436.1	k141_20682	79896	82.051	39	7	40.1
MW435436.1	k141_19686	21654	86.317	4100	282	4910
MW435436.1	k141_19686	21654	86.317	4100	282	4910
MW435436.1	k141_19686	21654	93.525	2996	144	4488
MW435436.1	k141_19686	21654	93.525	2996	144	4488
MW435436.1	k141_19686	21654	90.218	3210	190	4387
MW435436.1	k141_19686	21654	90.218	3210	190	4387
MW435436.1	k141_19686	21654	90.164	2257	121	3048
MW435436.1	k141_19686	21654	90.164	2257	121	3048
MW435436.1	k141_19686	21654	87.809	2264	212	2802
MW435436.1	k141_19686	21654	87.809	2264	212	2802
MW435436.1	k141_19686	21654	88.171	1640	125	2074
MW435436.1	k141_19686	21654	88.171	1640	125	2074
MW435436.1	k141_19686	21654	81.490	886	140	854
MW435436.1	k141_19686	21654	81.490	886	140	854
MW435436.1	k141_19686	21654	76.173	831	105	609
MW435436.1	k141_19686	21654	76.173	831	105	609
MW435436.1	k141_19686	21654	78.098	589	105	462
MW435436.1	k141_19686	21654	85.567	388	41	453
MW435436.1	k141_19686	21654	85.567	388	41	453
MW435436.1	k141_19686	21654	76.752	314	62	230
MW435436.1	k141_19686	21654	76.752	314	62	230
MW435436.1	k141_19686	21654	81.013	237	19	222
MW435436.1	k141_19686	21654	81.013	237	19	222
MW435436.1	k141_19686	21654	68.391	348	77	135
MW435436.1	k141_19686	21654	97.468	79	2	134
MW435436.1	k141_19686	21654	90.566	53	4	70.7
MW435436.1	k141_19686	21654	90.566	53	4	70.7
MW435436.1	k141_19686	21654	95.349	43	2	69.8
MW435436.1	k141_19686	21654	88.889	45	5	59.9
MW435436.1	k141_13881	12869	76.526	3391	647	2508
MW435436.1	k141_13881	12869	83.184	1677	279	1752
MW435436.1	k141_13881	12869	75.821	2254	489	1587
MW435436.1	k141_13881	12869	75.572	2010	434	1387
MW435436.1	k141_13881	12869	73.195	2216	395	1287
MW435436.1	k141_13881	12869	75.878	1111	231	766
MW435436.1	k141_13881	12869	89.362	141	15	187
MW435436.1	k141_13881	12869	78.000	50	11	41.9
MW435436.1	k141_37724	17888	77.560	1328	200	1082
MW435436.1	k141_37724	17888	78.528	163	25	137
MW435436.1	k141_57100	913	79.678	684	112	600
MW435436.1	k141_60077	5681	71.280	1156	263	538
MW435436.1	k141_60077	5681	71.280	1156	263	538
MW435436.1	k141_60077	5681	64.919	801	206	133
MW435436.1	k141_60077	5681	64.919	801	206	133
MW435436.1	k141_24424	14397	74.105	838	144	536
MW435436.1	k141_59747	19545	76.706	674	115	510
MW435436.1	k141_37747	7905	72.645	881	202	457
MW435436.1	k141_37747	7905	72.645	881	202	457
MW435436.1	k141_37747	7905	77.580	281	61	216
MW435436.1	k141_37747	7905	77.580	281	61	216
MW435436.1	k141_37747	7905	86.667	60	8	73.4
MW435436.1	k141_37747	7905	86.667	60	8	73.4
MW435436.1	k141_35798	1563	86.184	304	42	360
MW435436.1	k141_904	20195	73.171	615	120	357
MW435436.1	k141_904	20195	82.000	50	9	50.9
MW435436.1	k141_62912	4988	84.967	306	43	343
MW435436.1	k141_62912	4988	73.160	231	38	141
MW435436.1	k141_62912	4988	90.625	32	3	45.5
MW435436.1	k141_33645	7505	79.404	369	56	324
MW435436.1	k141_34545	12757	71.923	520	100	286
MW435436.1	k141_34545	12757	87.597	129	15	158
MW435436.1	k141_34545	12757	87.597	129	15	158
MW435436.1	k141_59438	11395	68.112	784	209	270
MW435436.1	k141_47947	35915	76.712	292	31	218
MW435436.1	k141_47947	35915	88.182	110	13	141
MW435436.1	k141_39890	2231	81.643	207	31	205
MW435436.1	k141_39890	2231	90.000	60	6	82.4
MW435436.1	k141_39890	2231	68.790	157	47	56.3
MW435436.1	k141_43671	549	80.769	208	21	195
MW435436.1	k141_43671	549	80.769	208	21	195
MW435436.1	k141_60451	10719	79.295	227	38	188
MW435436.1	k141_60451	10719	79.295	227	38	188
MW435436.1	k141_10326	395	96.970	99	2	162
MW435436.1	k141_10326	395	96.970	99	2	162
MW435436.1	k141_2011	16238	69.378	418	73	150
MW435436.1	k141_15563	16027	66.209	364	57	126
MW435436.1	k141_52589	9683	86.957	92	12	113
MW435436.1	k141_40212	448	88.406	69	8	89.7
MW435436.1	k141_3681	2668	70.556	180	53	86.9
MW435436.1	k141_3681	2668	70.556	180	53	86.9
MW435436.1	k141_16004	572	89.831	59	6	80.6
MW435436.1	k141_16004	572	89.831	59	6	80.6
MW435436.1	k141_31296	4057	97.727	44	1	76.1
MW435436.1	k141_31296	4057	97.727	44	1	76.1
MW435436.1	k141_37742	524	93.878	49	3	76.1
MW435436.1	k141_37742	524	93.878	49	3	76.1
MW435436.1	k141_59968	4858	87.273	55	7	68.9
MW435436.1	k141_24113	11322	83.333	66	9	68.0
MW435436.1	k141_42549	313	71.324	136	38	67.1
MW435436.1	k141_41099	706	78.205	78	12	65.3
MW435436.1	k141_41099	706	78.205	78	12	65.3
MW435436.1	k141_65111	366	86.957	46	6	57.2
MW435436.1	k141_65111	366	86.957	46	6	57.2
MW435436.1	k141_8570	10899	76.923	65	15	50.9
MW435436.1	k141_8570	10899	76.923	65	15	50.9
NC_037882.1	k141_20682	79896	76.700	9867	1571	7378
NC_037882.1	k141_20682	79896	87.344	5444	597	6691
NC_037882.1	k141_20682	79896	82.954	3913	582	4037
NC_037882.1	k141_20682	79896	89.677	2635	268	3512
NC_037882.1	k141_20682	79896	81.172	3362	540	3208
NC_037882.1	k141_20682	79896	74.801	4028	751	2548
NC_037882.1	k141_20682	79896	83.017	2320	344	2377
NC_037882.1	k141_20682	79896	86.239	1933	262	2282
NC_037882.1	k141_20682	79896	87.101	1504	194	1838
NC_037882.1	k141_20682	79896	82.668	1829	253	1838
NC_037882.1	k141_20682	79896	80.081	1968	346	1752
NC_037882.1	k141_20682	79896	76.886	2267	353	1619
NC_037882.1	k141_20682	79896	75.529	2268	480	1566
NC_037882.1	k141_20682	79896	88.235	816	68	1042
NC_037882.1	k141_20682	79896	85.109	873	110	976
NC_037882.1	k141_20682	79896	71.652	1792	323	875
NC_037882.1	k141_20682	79896	82.480	742	129	749
NC_037882.1	k141_20682	79896	75.421	1070	178	722
NC_037882.1	k141_20682	79896	82.844	647	92	662
NC_037882.1	k141_20682	79896	75.514	972	136	651
NC_037882.1	k141_20682	79896	70.292	1269	213	553
NC_037882.1	k141_20682	79896	71.654	1016	180	528
NC_037882.1	k141_20682	79896	68.082	1319	263	457
NC_037882.1	k141_20682	79896	74.708	684	106	447
NC_037882.1	k141_20682	79896	70.079	889	127	395
NC_037882.1	k141_20682	79896	90.068	292	27	394
NC_037882.1	k141_20682	79896	72.366	655	117	347
NC_037882.1	k141_20682	79896	82.085	307	34	312
NC_037882.1	k141_20682	79896	81.308	321	47	303
NC_037882.1	k141_20682	79896	76.980	404	67	302
NC_037882.1	k141_20682	79896	82.117	274	36	263
NC_037882.1	k141_20682	79896	77.273	330	55	253
NC_037882.1	k141_20682	79896	75.128	390	63	252
NC_037882.1	k141_20682	79896	78.477	302	64	249
NC_037882.1	k141_20682	79896	91.139	158	14	223
NC_037882.1	k141_20682	79896	84.848	198	23	220
NC_037882.1	k141_20682	79896	76.512	281	66	210
NC_037882.1	k141_20682	79896	87.586	145	18	181
NC_037882.1	k141_20682	79896	78.673	211	45	178
NC_037882.1	k141_20682	79896	74.113	282	62	168
NC_037882.1	k141_20682	79896	88.095	126	15	160
NC_037882.1	k141_20682	79896	92.593	108	7	156
NC_037882.1	k141_20682	79896	74.648	213	24	146
NC_037882.1	k141_20682	79896	100.000	75	0	136
NC_037882.1	k141_20682	79896	66.742	442	133	130
NC_037882.1	k141_20682	79896	83.206	131	11	130
NC_037882.1	k141_20682	79896	90.000	90	9	123
NC_037882.1	k141_20682	79896	94.595	74	4	116
NC_037882.1	k141_20682	79896	88.764	89	10	116
NC_037882.1	k141_20682	79896	81.818	110	20	109
NC_037882.1	k141_20682	79896	90.667	75	7	104
NC_037882.1	k141_20682	79896	83.158	95	15	96.9
NC_037882.1	k141_20682	79896	72.393	163	45	92.4
NC_037882.1	k141_20682	79896	88.679	53	5	66.2
NC_037882.1	k141_20682	79896	95.122	41	2	66.2
NC_037882.1	k141_20682	79896	95.122	41	2	66.2
NC_037882.1	k141_20682	79896	92.857	42	3	63.5
NC_037882.1	k141_20682	79896	81.250	64	12	62.6
NC_037882.1	k141_20682	79896	94.872	39	2	62.6
NC_037882.1	k141_20682	79896	94.872	39	2	62.6
NC_037882.1	k141_20682	79896	67.949	156	50	57.2
NC_037882.1	k141_20682	79896	75.714	70	17	50.9
NC_037882.1	k141_20682	79896	80.851	47	9	45.5
NC_037882.1	k141_20682	79896	78.846	52	11	45.5
NC_037882.1	k141_19686	21654	90.800	4902	267	6811
NC_037882.1	k141_19686	21654	90.800	4902	267	6811
NC_037882.1	k141_19686	21654	88.381	4088	281	5199
NC_037882.1	k141_19686	21654	88.381	4088	281	5199
NC_037882.1	k141_19686	21654	93.814	3007	127	4552
NC_037882.1	k141_19686	21654	93.814	3007	127	4552
NC_037882.1	k141_19686	21654	89.105	2313	122	3018
NC_037882.1	k141_19686	21654	89.105	2313	122	3018
NC_037882.1	k141_19686	21654	85.843	1109	126	1271
NC_037882.1	k141_19686	21654	85.843	1109	126	1271
NC_037882.1	k141_19686	21654	82.393	886	132	885
NC_037882.1	k141_19686	21654	82.393	886	132	885
NC_037882.1	k141_19686	21654	79.408	811	102	697
NC_037882.1	k141_19686	21654	79.408	811	102	697
NC_037882.1	k141_19686	21654	91.264	435	37	610
NC_037882.1	k141_19686	21654	91.264	435	37	610
NC_037882.1	k141_19686	21654	85.390	397	40	462
NC_037882.1	k141_19686	21654	85.390	397	40	462
NC_037882.1	k141_19686	21654	76.158	583	94	439
NC_037882.1	k141_19686	21654	75.472	318	67	219
NC_037882.1	k141_19686	21654	75.472	318	67	219
NC_037882.1	k141_19686	21654	70.857	350	67	159
NC_037882.1	k141_19686	21654	98.734	79	1	139
NC_037882.1	k141_19686	21654	100.000	49	0	89.7
NC_037882.1	k141_19686	21654	100.000	49	0	89.7
NC_037882.1	k141_19686	21654	97.674	43	1	74.3
NC_037882.1	k141_19686	21654	91.111	45	4	64.4
NC_037882.1	k141_19686	21654	86.842	38	5	47.3
NC_037882.1	k141_19686	21654	84.211	38	6	42.8
NC_037882.1	k141_13881	12869	79.295	2270	385	1957
NC_037882.1	k141_13881	12869	81.832	1976	331	1935
NC_037882.1	k141_13881	12869	76.496	2272	458	1664
NC_037882.1	k141_13881	12869	79.325	1451	251	1237
NC_037882.1	k141_13881	12869	77.708	1108	222	863
NC_037882.1	k141_13881	12869	73.836	1181	240	755
NC_037882.1	k141_13881	12869	90.071	141	14	192
NC_037882.1	k141_13881	12869	77.551	49	11	40.1
NC_037882.1	k141_37724	17888	76.596	1457	217	1099
NC_037882.1	k141_37724	17888	79.394	165	16	139
NC_037882.1	k141_57100	913	74.867	943	173	618
NC_037882.1	k141_59747	19545	78.254	676	105	554
NC_037882.1	k141_24424	14397	74.844	803	133	528
NC_037882.1	k141_37747	7905	72.748	877	208	461
NC_037882.1	k141_37747	7905	72.748	877	208	461
NC_037882.1	k141_37747	7905	77.580	281	61	216
NC_037882.1	k141_37747	7905	77.580	281	61	216
NC_037882.1	k141_37747	7905	86.667	60	8	73.4
NC_037882.1	k141_37747	7905	86.667	60	8	73.4
NC_037882.1	k141_35798	1563	89.145	304	33	400
NC_037882.1	k141_904	20195	73.790	599	122	373
NC_037882.1	k141_904	20195	81.633	49	9	49.1
NC_037882.1	k141_62912	4988	85.484	310	42	355
NC_037882.1	k141_62912	4988	91.176	34	3	49.1
NC_037882.1	k141_33645	7505	81.337	359	46	343
NC_037882.1	k141_60077	5681	74.436	532	125	339
NC_037882.1	k141_60077	5681	74.436	532	125	339
NC_037882.1	k141_60077	5681	74.788	472	88	289
NC_037882.1	k141_60077	5681	74.788	472	88	289
NC_037882.1	k141_60077	5681	64.919	801	206	138
NC_037882.1	k141_60077	5681	64.919	801	206	138
NC_037882.1	k141_34545	12757	73.077	520	94	317
NC_037882.1	k141_34545	12757	87.597	129	15	158
NC_037882.1	k141_34545	12757	87.597	129	15	158
NC_037882.1	k141_47947	35915	74.138	464	63	289
NC_037882.1	k141_39890	2231	84.058	207	26	227
NC_037882.1	k141_39890	2231	88.333	60	7	77.9
NC_037882.1	k141_39890	2231	67.949	156	50	57.2
NC_037882.1	k141_59438	11395	66.794	783	221	226
NC_037882.1	k141_60451	10719	79.325	237	41	196
NC_037882.1	k141_60451	10719	79.325	237	41	196
NC_037882.1	k141_10326	395	96.970	99	2	162
NC_037882.1	k141_10326	395	96.970	99	2	162
NC_037882.1	k141_15563	16027	68.320	363	49	156
NC_037882.1	k141_2011	16238	88.696	115	12	146
NC_037882.1	k141_43671	549	69.268	205	20	98.7
NC_037882.1	k141_43671	549	69.268	205	20	98.7
NC_037882.1	k141_3681	2668	70.157	191	57	88.7
NC_037882.1	k141_3681	2668	70.157	191	57	88.7
NC_037882.1	k141_16004	572	91.525	59	5	85.1
NC_037882.1	k141_16004	572	91.525	59	5	85.1
NC_037882.1	k141_40212	448	86.957	69	9	85.1
NC_037882.1	k141_50323	754	84.507	71	11	79.7
NC_037882.1	k141_50323	754	84.507	71	11	79.7
NC_037882.1	k141_8570	10899	73.950	119	31	76.1
NC_037882.1	k141_31296	4057	97.727	44	1	76.1
NC_037882.1	k141_31296	4057	97.727	44	1	76.1
NC_037882.1	k141_37742	524	89.091	55	6	73.4
NC_037882.1	k141_37742	524	89.091	55	6	73.4
NC_037882.1	k141_42549	313	72.059	136	37	71.6
NC_037882.1	k141_41099	706	79.487	78	13	68.0
NC_037882.1	k141_41099	706	79.487	78	13	68.0
NC_037882.1	k141_65111	366	76.136	88	14	62.6
NC_037882.1	k141_65111	366	76.136	88	14	62.6
NC_056190.1	k141_19686	21654	90.101	4960	313	6730
NC_056190.1	k141_19686	21654	90.101	4960	313	6730
NC_056190.1	k141_19686	21654	92.377	3017	149	4374
NC_056190.1	k141_19686	21654	92.377	3017	149	4374
NC_056190.1	k141_19686	21654	91.525	2879	172	4072
NC_056190.1	k141_19686	21654	91.525	2879	172	4072
NC_056190.1	k141_19686	21654	90.307	2249	124	3037
NC_056190.1	k141_19686	21654	90.307	2249	124	3037
NC_056190.1	k141_19686	21654	87.865	2225	211	2764
NC_056190.1	k141_19686	21654	87.865	2225	211	2764
NC_056190.1	k141_19686	21654	82.280	886	133	881
NC_056190.1	k141_19686	21654	82.280	886	133	881
NC_056190.1	k141_19686	21654	76.857	821	110	625
NC_056190.1	k141_19686	21654	76.857	821	110	625
NC_056190.1	k141_19686	21654	85.052	388	43	444
NC_056190.1	k141_19686	21654	85.052	388	43	444
NC_056190.1	k141_19686	21654	76.712	584	102	426
NC_056190.1	k141_19686	21654	77.712	507	66	407
NC_056190.1	k141_19686	21654	77.712	507	66	407
NC_056190.1	k141_19686	21654	82.561	367	38	370
NC_056190.1	k141_19686	21654	82.561	367	38	370
NC_056190.1	k141_19686	21654	75.710	317	65	218
NC_056190.1	k141_19686	21654	87.283	173	18	213
NC_056190.1	k141_19686	21654	87.283	173	18	213
NC_056190.1	k141_19686	21654	97.531	81	2	138
NC_056190.1	k141_19686	21654	86.598	97	13	117
NC_056190.1	k141_19686	21654	97.619	42	1	72.5
NC_056190.1	k141_19686	21654	88.679	53	5	66.2
NC_056190.1	k141_19686	21654	88.679	53	5	66.2
NC_056190.1	k141_19686	21654	88.889	45	5	59.9
NC_056190.1	k141_19686	21654	86.842	38	5	47.3
NC_056190.1	k141_20682	79896	86.664	5444	636	6523
NC_056190.1	k141_20682	79896	82.759	3770	563	3862
NC_056190.1	k141_20682	79896	78.697	4605	681	3770
NC_056190.1	k141_20682	79896	89.839	2480	252	3337
NC_056190.1	k141_20682	79896	79.433	3350	595	2935
NC_056190.1	k141_20682	79896	73.970	3980	795	2382
NC_056190.1	k141_20682	79896	80.554	2561	413	2320
NC_056190.1	k141_20682	79896	84.298	1936	283	2113
NC_056190.1	k141_20682	79896	75.227	2753	510	1874
NC_056190.1	k141_20682	79896	87.122	1522	190	1854
NC_056190.1	k141_20682	79896	78.793	1938	356	1602
NC_056190.1	k141_20682	79896	79.712	1735	297	1520
NC_056190.1	k141_20682	79896	75.829	2081	316	1434
NC_056190.1	k141_20682	79896	73.218	2259	495	1347
NC_056190.1	k141_20682	79896	76.541	1590	298	1177
NC_056190.1	k141_20682	79896	84.146	1066	145	1124
NC_056190.1	k141_20682	79896	77.619	1050	170	830
NC_056190.1	k141_20682	79896	69.411	1494	268	625
NC_056190.1	k141_20682	79896	81.053	665	119	620
NC_056190.1	k141_20682	79896	71.130	1195	232	567
NC_056190.1	k141_20682	79896	79.380	645	120	563
NC_056190.1	k141_20682	79896	72.322	1055	187	560
NC_056190.1	k141_20682	79896	72.483	1003	174	522
NC_056190.1	k141_20682	79896	68.814	1273	269	478
NC_056190.1	k141_20682	79896	88.959	317	34	411
NC_056190.1	k141_20682	79896	74.960	623	113	397
NC_056190.1	k141_20682	79896	70.746	858	132	389
NC_056190.1	k141_20682	79896	72.246	699	115	386
NC_056190.1	k141_20682	79896	83.587	329	33	352
NC_056190.1	k141_20682	79896	86.640	247	21	277
NC_056190.1	k141_20682	79896	80.287	279	44	252
NC_056190.1	k141_20682	79896	76.190	315	58	233
NC_056190.1	k141_20682	79896	76.667	270	29	225
NC_056190.1	k141_20682	79896	76.512	281	66	210
NC_056190.1	k141_20682	79896	84.127	189	23	204
NC_056190.1	k141_20682	79896	73.837	344	65	202
NC_056190.1	k141_20682	79896	78.970	233	49	200
NC_056190.1	k141_20682	79896	87.975	158	19	200
NC_056190.1	k141_20682	79896	79.724	217	44	194
NC_056190.1	k141_20682	79896	82.979	188	29	189
NC_056190.1	k141_20682	79896	78.922	204	43	175
NC_056190.1	k141_20682	79896	87.075	147	15	170
NC_056190.1	k141_20682	79896	83.974	156	15	160
NC_056190.1	k141_20682	79896	83.448	145	24	154
NC_056190.1	k141_20682	79896	78.613	173	37	146
NC_056190.1	k141_20682	79896	93.407	91	4	135
NC_056190.1	k141_20682	79896	97.333	75	2	127
NC_056190.1	k141_20682	79896	97.297	74	2	125
NC_056190.1	k141_20682	79896	82.500	120	21	123
NC_056190.1	k141_20682	79896	75.758	165	40	118
NC_056190.1	k141_20682	79896	89.535	86	9	115
NC_056190.1	k141_20682	79896	93.421	76	5	115
NC_056190.1	k141_20682	79896	81.197	117	16	104
NC_056190.1	k141_20682	79896	73.006	163	44	96.9
NC_056190.1	k141_20682	79896	87.324	71	9	88.7
NC_056190.1	k141_20682	79896	84.810	79	11	86.0
NC_056190.1	k141_20682	79896	91.071	56	5	79.7
NC_056190.1	k141_20682	79896	75.490	102	19	68.9
NC_056190.1	k141_20682	79896	65.929	226	50	68.0
NC_056190.1	k141_20682	79896	92.857	42	3	63.5
NC_056190.1	k141_20682	79896	71.552	116	33	61.7
NC_056190.1	k141_20682	79896	78.571	70	15	59.9
NC_056190.1	k141_13881	12869	76.138	2263	414	1644
NC_056190.1	k141_13881	12869	76.011	1138	248	804
NC_056190.1	k141_13881	12869	78.343	905	163	743
NC_056190.1	k141_13881	12869	73.020	1086	224	642
NC_056190.1	k141_13881	12869	77.937	698	121	572
NC_056190.1	k141_13881	12869	77.912	249	35	202
NC_056190.1	k141_13881	12869	87.943	141	17	178
NC_056190.1	k141_13881	12869	73.984	123	32	78.8
NC_056190.1	k141_13881	12869	75.000	100	10	68.9
NC_056190.1	k141_13881	12869	79.592	49	10	44.6
NC_056190.1	k141_37724	17888	72.919	1045	169	636
NC_056190.1	k141_37724	17888	96.203	79	3	130
NC_056190.1	k141_57100	913	74.947	946	160	622
NC_056190.1	k141_59747	19545	77.663	676	109	527
NC_056190.1	k141_37747	7905	72.860	888	210	471
NC_056190.1	k141_37747	7905	72.860	888	210	471
NC_056190.1	k141_37747	7905	77.224	281	62	212
NC_056190.1	k141_37747	7905	77.224	281	62	212
NC_056190.1	k141_37747	7905	86.667	60	8	73.4
NC_056190.1	k141_37747	7905	86.667	60	8	73.4
NC_056190.1	k141_24424	14397	79.054	444	84	377
NC_056190.1	k141_24424	14397	89.630	135	6	184
NC_056190.1	k141_35798	1563	86.842	304	40	369
NC_056190.1	k141_60077	5681	74.436	532	125	339
NC_056190.1	k141_60077	5681	74.436	532	125	339
NC_056190.1	k141_60077	5681	75.212	472	86	298
NC_056190.1	k141_60077	5681	75.212	472	86	298
NC_056190.1	k141_60077	5681	64.596	805	207	125
NC_056190.1	k141_60077	5681	64.596	805	207	125
NC_056190.1	k141_33645	7505	80.654	367	51	338
NC_056190.1	k141_47947	35915	75.589	467	75	324
NC_056190.1	k141_59438	11395	68.295	880	216	306
NC_056190.1	k141_34545	12757	72.597	489	93	288
NC_056190.1	k141_34545	12757	86.047	129	17	149
NC_056190.1	k141_34545	12757	86.047	129	17	149
NC_056190.1	k141_62912	4988	80.323	310	58	283
NC_056190.1	k141_62912	4988	72.566	226	45	126
NC_056190.1	k141_62912	4988	93.750	32	2	50.0
NC_056190.1	k141_39890	2231	83.575	207	27	223
NC_056190.1	k141_39890	2231	86.667	60	8	73.4
NC_056190.1	k141_39890	2231	72.414	116	32	66.2
NC_056190.1	k141_904	20195	71.005	438	88	204
NC_056190.1	k141_904	20195	83.673	49	8	53.6
NC_056190.1	k141_60451	10719	78.667	225	38	181
NC_056190.1	k141_10326	395	96.970	99	2	162
NC_056190.1	k141_10326	395	96.970	99	2	162
NC_056190.1	k141_43671	549	76.190	210	20	154
NC_056190.1	k141_43671	549	76.190	210	20	154
NC_056190.1	k141_2011	16238	86.792	106	12	122
NC_056190.1	k141_16004	572	93.220	59	4	89.7
NC_056190.1	k141_16004	572	93.220	59	4	89.7
NC_056190.1	k141_40212	448	88.406	69	8	89.7
NC_056190.1	k141_3681	2668	69.948	193	54	82.4
NC_056190.1	k141_3681	2668	69.948	193	54	82.4
NC_056190.1	k141_31296	4057	97.727	44	1	76.1
NC_056190.1	k141_31296	4057	97.727	44	1	76.1
NC_056190.1	k141_50323	754	83.099	71	12	75.2
NC_056190.1	k141_50323	754	83.099	71	12	75.2
NC_056190.1	k141_42549	313	77.011	87	20	68.0
NC_056190.1	k141_62536	17181	89.130	46	5	61.7
NC_056190.1	k141_65111	366	80.000	65	9	59.0
NC_056190.1	k141_65111	366	80.000	65	9	59.0
MN564931.1	k141_19686	21654	90.044	5052	324	6811
MN564931.1	k141_19686	21654	90.044	5052	324	6811
MN564931.1	k141_19686	21654	93.411	3005	131	4484
MN564931.1	k141_19686	21654	93.411	3005	131	4484
MN564931.1	k141_19686	21654	91.064	2932	193	4066
MN564931.1	k141_19686	21654	91.064	2932	193	4066
MN564931.1	k141_19686	21654	89.577	2293	135	3039
MN564931.1	k141_19686	21654	89.577	2293	135	3039
MN564931.1	k141_19686	21654	87.909	2109	198	2629
MN564931.1	k141_19686	21654	87.909	2109	198	2629
MN564931.1	k141_19686	21654	77.481	937	91	757
MN564931.1	k141_19686	21654	77.481	937	91	757
MN564931.1	k141_19686	21654	75.452	884	140	636
MN564931.1	k141_19686	21654	75.452	884	140	636
MN564931.1	k141_19686	21654	79.652	575	85	485
MN564931.1	k141_19686	21654	81.838	468	61	447
MN564931.1	k141_19686	21654	81.838	468	61	447
MN564931.1	k141_19686	21654	83.879	397	43	434
MN564931.1	k141_19686	21654	83.879	397	43	434
MN564931.1	k141_19686	21654	76.972	317	62	235
MN564931.1	k141_19686	21654	81.356	236	20	232
MN564931.1	k141_19686	21654	81.356	236	20	232
MN564931.1	k141_19686	21654	73.639	349	63	210
MN564931.1	k141_19686	21654	73.639	349	63	210
MN564931.1	k141_19686	21654	77.885	208	29	170
MN564931.1	k141_19686	21654	77.885	208	29	170
MN564931.1	k141_19686	21654	100.000	79	0	143
MN564931.1	k141_19686	21654	88.235	68	6	80.6
MN564931.1	k141_19686	21654	97.619	42	1	72.5
MN564931.1	k141_19686	21654	97.619	42	1	72.5
MN564931.1	k141_19686	21654	91.111	45	4	64.4
MN564931.1	k141_19686	21654	84.211	38	6	42.8
MN564931.1	k141_20682	79896	86.665	5422	623	6510
MN564931.1	k141_20682	79896	76.372	7779	1321	5605
MN564931.1	k141_20682	79896	82.455	3853	594	3894
MN564931.1	k141_20682	79896	88.153	2566	295	3248
MN564931.1	k141_20682	79896	80.716	3350	562	3106
MN564931.1	k141_20682	79896	80.352	2555	407	2296
MN564931.1	k141_20682	79896	84.514	1905	288	2099
MN564931.1	k141_20682	79896	86.385	1491	202	1771
MN564931.1	k141_20682	79896	85.316	1471	153	1655
MN564931.1	k141_20682	79896	81.118	1753	297	1646
MN564931.1	k141_20682	79896	80.202	1778	291	1603
MN564931.1	k141_20682	79896	78.311	1895	367	1542
MN564931.1	k141_20682	79896	76.589	2093	335	1485
MN564931.1	k141_20682	79896	74.056	2197	487	1373
MN564931.1	k141_20682	79896	75.208	1920	376	1277
MN564931.1	k141_20682	79896	83.333	1050	125	1110
MN564931.1	k141_20682	79896	69.114	2234	546	855
MN564931.1	k141_20682	79896	70.054	1673	360	683
MN564931.1	k141_20682	79896	80.030	666	118	602
MN564931.1	k141_20682	79896	82.740	562	94	575
MN564931.1	k141_20682	79896	72.177	974	152	521
MN564931.1	k141_20682	79896	68.266	1355	279	444
MN564931.1	k141_20682	79896	74.850	668	108	439
MN564931.1	k141_20682	79896	79.959	489	72	433
MN564931.1	k141_20682	79896	89.655	319	29	422
MN564931.1	k141_20682	79896	74.729	554	113	357
MN564931.1	k141_20682	79896	88.172	279	31	348
MN564931.1	k141_20682	79896	68.894	868	139	323
MN564931.1	k141_20682	79896	79.811	317	31	287
MN564931.1	k141_20682	79896	70.312	640	110	280
MN564931.1	k141_20682	79896	84.898	245	33	275
MN564931.1	k141_20682	79896	77.576	330	67	260
MN564931.1	k141_20682	79896	75.192	391	73	250
MN564931.1	k141_20682	79896	74.590	366	66	234
MN564931.1	k141_20682	79896	81.250	240	42	229
MN564931.1	k141_20682	79896	84.158	202	26	222
MN564931.1	k141_20682	79896	82.143	224	23	222
MN564931.1	k141_20682	79896	76.596	282	64	205
MN564931.1	k141_20682	79896	77.692	260	49	198
MN564931.1	k141_20682	79896	85.526	152	22	176
MN564931.1	k141_20682	79896	76.863	255	36	175
MN564931.1	k141_20682	79896	79.592	196	29	170
MN564931.1	k141_20682	79896	81.818	176	22	165
MN564931.1	k141_20682	79896	85.714	133	16	153
MN564931.1	k141_20682	79896	78.212	179	39	148
MN564931.1	k141_20682	79896	81.046	153	23	147
MN564931.1	k141_20682	79896	92.632	95	5	138
MN564931.1	k141_20682	79896	92.308	91	7	133
MN564931.1	k141_20682	79896	65.669	568	177	126
MN564931.1	k141_20682	79896	92.857	84	6	125
MN564931.1	k141_20682	79896	90.217	92	8	123
MN564931.1	k141_20682	79896	92.593	81	6	120
MN564931.1	k141_20682	79896	90.789	76	7	106
MN564931.1	k141_20682	79896	77.778	135	24	96.9
MN564931.1	k141_20682	79896	72.393	163	45	92.4
MN564931.1	k141_20682	79896	87.500	56	7	70.7
MN564931.1	k141_20682	79896	84.127	63	6	64.4
MN564931.1	k141_20682	79896	68.824	170	51	61.7
MN564931.1	k141_20682	79896	73.333	105	22	60.8
MN564931.1	k141_20682	79896	69.863	146	42	59.0
MN564931.1	k141_20682	79896	90.476	42	4	59.0
MN564931.1	k141_20682	79896	92.308	39	3	58.1
MN564931.1	k141_20682	79896	92.308	39	3	58.1
MN564931.1	k141_20682	79896	73.832	107	20	57.2
MN564931.1	k141_20682	79896	82.979	47	8	50.0
MN564931.1	k141_20682	79896	83.333	42	7	45.5
MN564931.1	k141_20682	79896	78.431	51	11	43.7
MN564931.1	k141_13881	12869	81.063	1938	336	1842
MN564931.1	k141_13881	12869	77.763	2280	421	1810
MN564931.1	k141_13881	12869	76.058	2222	462	1569
MN564931.1	k141_13881	12869	78.280	1372	241	1115
MN564931.1	k141_13881	12869	75.270	1112	239	736
MN564931.1	k141_13881	12869	73.439	1201	243	725
MN564931.1	k141_13881	12869	89.362	141	15	187
MN564931.1	k141_13881	12869	77.551	49	11	40.1
MN564931.1	k141_37724	17888	76.286	894	151	645
MN564931.1	k141_37724	17888	84.119	403	64	439
MN564931.1	k141_37724	17888	82.707	133	15	140
MN564931.1	k141_37724	17888	80.851	47	9	45.5
MN564931.1	k141_57100	913	74.736	946	164	620
MN564931.1	k141_59747	19545	76.831	669	113	510
MN564931.1	k141_37747	7905	72.976	877	206	470
MN564931.1	k141_37747	7905	72.976	877	206	470
MN564931.1	k141_37747	7905	77.580	281	61	216
MN564931.1	k141_37747	7905	77.580	281	61	216
MN564931.1	k141_37747	7905	86.667	60	8	73.4
MN564931.1	k141_37747	7905	86.667	60	8	73.4
MN564931.1	k141_35798	1563	89.474	304	32	405
MN564931.1	k141_24424	14397	80.189	424	78	379
MN564931.1	k141_24424	14397	92.366	131	6	182
MN564931.1	k141_62912	4988	84.516	310	45	342
MN564931.1	k141_62912	4988	88.235	34	4	44.6
MN564931.1	k141_904	20195	73.694	555	95	335
MN564931.1	k141_904	20195	81.633	49	9	49.1
MN564931.1	k141_60077	5681	73.872	532	128	325
MN564931.1	k141_60077	5681	73.872	532	128	325
MN564931.1	k141_60077	5681	75.641	468	91	293
MN564931.1	k141_60077	5681	75.641	468	91	293
MN564931.1	k141_60077	5681	64.956	799	211	133
MN564931.1	k141_60077	5681	64.956	799	211	133
MN564931.1	k141_33645	7505	78.320	369	60	306
MN564931.1	k141_34545	12757	71.127	568	111	288
MN564931.1	k141_34545	12757	85.271	129	18	144
MN564931.1	k141_34545	12757	85.271	129	18	144
MN564931.1	k141_59438	11395	68.099	768	212	270
MN564931.1	k141_39890	2231	83.092	207	28	218
MN564931.1	k141_39890	2231	88.333	60	7	77.9
MN564931.1	k141_39890	2231	70.548	146	41	63.5
MN564931.1	k141_60451	10719	80.169	237	37	207
MN564931.1	k141_47947	35915	76.842	285	38	206
MN564931.1	k141_47947	35915	92.308	104	8	152
MN564931.1	k141_43671	549	79.812	213	32	183
MN564931.1	k141_43671	549	79.812	213	32	183
MN564931.1	k141_10326	395	97.980	99	1	167
MN564931.1	k141_10326	395	97.980	99	1	167
MN564931.1	k141_15563	16027	67.308	364	53	144
MN564931.1	k141_52589	9683	82.500	120	20	119
MN564931.1	k141_2011	16238	89.888	89	8	117
MN564931.1	k141_3681	2668	70.157	191	57	88.7
MN564931.1	k141_3681	2668	70.157	191	57	88.7
MN564931.1	k141_40212	448	86.957	69	9	85.1
MN564931.1	k141_16004	572	88.136	59	7	76.1
MN564931.1	k141_16004	572	88.136	59	7	76.1
MN564931.1	k141_31296	4057	97.727	44	1	76.1
MN564931.1	k141_31296	4057	97.727	44	1	76.1
MN564931.1	k141_8570	10899	72.180	133	37	74.3
MN564931.1	k141_59968	4858	85.000	60	8	65.3
MN564931.1	k141_62536	17181	86.957	46	6	57.2
MN564931.1	k141_63970	8211	81.818	55	9	51.8
MN564931.1	k141_63970	8211	81.818	55	9	51.8
MN564931.1	k141_42549	313	70.115	87	26	41.0
NC_031651.1	k141_19686	21654	90.843	5078	300	7044
NC_031651.1	k141_19686	21654	90.843	5078	300	7044
NC_031651.1	k141_19686	21654	89.199	3620	258	4728
NC_031651.1	k141_19686	21654	89.199	3620	258	4728
NC_031651.1	k141_19686	21654	93.946	2990	138	4552
NC_031651.1	k141_19686	21654	93.946	2990	138	4552
NC_031651.1	k141_19686	21654	89.284	2277	128	2999
NC_031651.1	k141_19686	21654	89.284	2277	128	2999
NC_031651.1	k141_19686	21654	90.041	2199	183	2935
NC_031651.1	k141_19686	21654	90.041	2199	183	2935
NC_031651.1	k141_19686	21654	82.619	886	130	899
NC_031651.1	k141_19686	21654	82.619	886	130	899
NC_031651.1	k141_19686	21654	79.139	604	91	508
NC_031651.1	k141_19686	21654	86.598	388	37	471
NC_031651.1	k141_19686	21654	86.598	388	37	471
NC_031651.1	k141_19686	21654	81.342	477	58	447
NC_031651.1	k141_19686	21654	81.342	477	58	447
NC_031651.1	k141_19686	21654	89.790	333	27	445
NC_031651.1	k141_19686	21654	89.790	333	27	445
NC_031651.1	k141_19686	21654	80.984	305	49	284
NC_031651.1	k141_19686	21654	84.685	222	20	242
NC_031651.1	k141_19686	21654	84.685	222	20	242
NC_031651.1	k141_19686	21654	71.429	343	71	170
NC_031651.1	k141_19686	21654	77.889	199	33	158
NC_031651.1	k141_19686	21654	98.182	55	1	96.0
NC_031651.1	k141_19686	21654	100.000	39	0	71.6
NC_031651.1	k141_20682	79896	87.348	5422	608	6666
NC_031651.1	k141_20682	79896	77.954	7516	1202	6035
NC_031651.1	k141_20682	79896	82.921	3876	549	4009
NC_031651.1	k141_20682	79896	90.236	2499	244	3407
NC_031651.1	k141_20682	79896	80.462	3373	557	3096
NC_031651.1	k141_20682	79896	80.402	3036	444	2781
NC_031651.1	k141_20682	79896	75.040	3754	722	2447
NC_031651.1	k141_20682	79896	82.333	2315	368	2319
NC_031651.1	k141_20682	79896	86.796	1492	197	1803
NC_031651.1	k141_20682	79896	82.543	1730	255	1756
NC_031651.1	k141_20682	79896	81.767	1766	270	1718
NC_031651.1	k141_20682	79896	79.041	1961	351	1639
NC_031651.1	k141_20682	79896	77.896	2063	310	1617
NC_031651.1	k141_20682	79896	76.463	2205	447	1608
NC_031651.1	k141_20682	79896	87.578	958	107	1176
NC_031651.1	k141_20682	79896	79.723	1011	162	871
NC_031651.1	k141_20682	79896	76.887	1073	204	799
NC_031651.1	k141_20682	79896	81.447	636	103	616
NC_031651.1	k141_20682	79896	73.439	1073	207	604
NC_031651.1	k141_20682	79896	70.714	1219	207	567
NC_031651.1	k141_20682	79896	71.957	1027	149	540
NC_031651.1	k141_20682	79896	68.265	1418	300	525
NC_031651.1	k141_20682	79896	73.640	827	121	502
NC_031651.1	k141_20682	79896	77.896	656	101	498
NC_031651.1	k141_20682	79896	78.383	532	92	435
NC_031651.1	k141_20682	79896	90.705	312	28	429
NC_031651.1	k141_20682	79896	77.183	504	95	382
NC_031651.1	k141_20682	79896	73.567	628	130	368
NC_031651.1	k141_20682	79896	83.136	338	35	346
NC_031651.1	k141_20682	79896	77.723	404	70	310
NC_031651.1	k141_20682	79896	88.430	242	16	304
NC_031651.1	k141_20682	79896	81.013	316	53	297
NC_031651.1	k141_20682	79896	85.833	240	31	279
NC_031651.1	k141_20682	79896	74.155	414	57	260
NC_031651.1	k141_20682	79896	79.125	297	62	257
NC_031651.1	k141_20682	79896	78.571	280	60	235
NC_031651.1	k141_20682	79896	81.498	227	41	217
NC_031651.1	k141_20682	79896	83.582	201	32	211
NC_031651.1	k141_20682	79896	74.923	323	60	210
NC_031651.1	k141_20682	79896	85.465	172	24	195
NC_031651.1	k141_20682	79896	86.709	158	21	191
NC_031651.1	k141_20682	79896	73.397	312	68	185
NC_031651.1	k141_20682	79896	91.453	117	8	159
NC_031651.1	k141_20682	79896	79.235	183	30	153
NC_031651.1	k141_20682	79896	83.448	145	17	151
NC_031651.1	k141_20682	79896	86.777	121	11	147
NC_031651.1	k141_20682	79896	75.598	209	35	144
NC_031651.1	k141_20682	79896	87.963	108	13	137
NC_031651.1	k141_20682	79896	91.304	92	8	131
NC_031651.1	k141_20682	79896	76.364	165	39	123
NC_031651.1	k141_20682	79896	90.110	91	7	122
NC_031651.1	k141_20682	79896	90.588	85	8	118
NC_031651.1	k141_20682	79896	93.506	77	5	117
NC_031651.1	k141_20682	79896	90.278	72	7	99.6
NC_031651.1	k141_20682	79896	73.006	163	44	96.9
NC_031651.1	k141_20682	79896	87.324	71	9	88.7
NC_031651.1	k141_20682	79896	90.000	50	5	68.9
NC_031651.1	k141_20682	79896	95.122	41	2	66.2
NC_031651.1	k141_20682	79896	95.122	41	2	66.2
NC_031651.1	k141_20682	79896	92.308	39	3	58.1
NC_031651.1	k141_20682	79896	92.308	39	3	58.1
NC_031651.1	k141_20682	79896	75.714	70	17	50.9
NC_031651.1	k141_20682	79896	67.059	170	54	48.2
NC_031651.1	k141_20682	79896	75.000	68	17	47.3
NC_031651.1	k141_20682	79896	75.714	70	11	42.8
NC_031651.1	k141_20682	79896	82.051	39	7	40.1
NC_031651.1	k141_13881	12869	77.922	3379	591	2691
NC_031651.1	k141_13881	12869	80.450	1954	320	1818
NC_031651.1	k141_13881	12869	76.505	2243	470	1640
NC_031651.1	k141_13881	12869	78.994	1452	261	1225
NC_031651.1	k141_13881	12869	76.331	1183	215	854
NC_031651.1	k141_13881	12869	89.362	141	15	187
NC_031651.1	k141_13881	12869	76.875	160	32	118
NC_031651.1	k141_13881	12869	79.592	49	10	44.6
NC_031651.1	k141_37724	17888	77.154	1335	187	1058
NC_031651.1	k141_37724	17888	97.260	73	2	123
NC_031651.1	k141_57100	913	75.681	954	161	663
NC_031651.1	k141_24424	14397	76.634	826	138	593
NC_031651.1	k141_24424	14397	77.885	104	22	81.5
NC_031651.1	k141_59747	19545	77.663	676	109	536
NC_031651.1	k141_37747	7905	73.182	880	199	476
NC_031651.1	k141_37747	7905	73.182	880	199	476
NC_031651.1	k141_37747	7905	77.580	281	61	216
NC_031651.1	k141_37747	7905	77.580	281	61	216
NC_031651.1	k141_37747	7905	86.667	60	8	73.4
NC_031651.1	k141_37747	7905	86.667	60	8	73.4
NC_031651.1	k141_35798	1563	86.280	328	45	389
NC_031651.1	k141_62912	4988	85.993	307	40	359
NC_031651.1	k141_904	20195	74.317	549	96	355
NC_031651.1	k141_904	20195	83.673	49	8	53.6
NC_031651.1	k141_33645	7505	81.132	371	50	354
NC_031651.1	k141_47947	35915	76.008	471	64	335
NC_031651.1	k141_60077	5681	74.248	532	126	334
NC_031651.1	k141_60077	5681	74.248	532	126	334
NC_031651.1	k141_60077	5681	74.359	468	97	284
NC_031651.1	k141_60077	5681	74.359	468	97	284
NC_031651.1	k141_60077	5681	64.794	801	207	129
NC_031651.1	k141_60077	5681	64.794	801	207	129
NC_031651.1	k141_34545	12757	71.303	568	110	297
NC_031651.1	k141_34545	12757	86.822	129	16	153
NC_031651.1	k141_34545	12757	86.822	129	16	153
NC_031651.1	k141_59438	11395	66.822	859	244	243
NC_031651.1	k141_60451	10719	83.556	225	30	233
NC_031651.1	k141_39890	2231	83.575	207	27	223
NC_031651.1	k141_39890	2231	67.647	170	53	52.7
NC_031651.1	k141_43671	549	77.619	210	25	174
NC_031651.1	k141_43671	549	77.619	210	25	174
NC_031651.1	k141_15563	16027	68.956	364	47	171
NC_031651.1	k141_10326	395	96.970	99	2	162
NC_031651.1	k141_10326	395	96.970	99	2	162
NC_031651.1	k141_52589	9683	86.667	120	15	141
NC_031651.1	k141_2011	16238	91.667	84	7	121
NC_031651.1	k141_40212	448	92.754	69	5	103
NC_031651.1	k141_3681	2668	70.681	191	56	93.3
NC_031651.1	k141_3681	2668	70.681	191	56	93.3
NC_031651.1	k141_16004	572	92.593	54	4	80.6
NC_031651.1	k141_16004	572	92.593	54	4	80.6
NC_031651.1	k141_41099	706	82.051	78	9	78.8
NC_031651.1	k141_41099	706	82.051	78	9	78.8
NC_031651.1	k141_8570	10899	75.455	110	27	77.9
NC_031651.1	k141_37742	524	97.778	45	1	77.9
NC_031651.1	k141_37742	524	97.778	45	1	77.9
NC_031651.1	k141_42549	313	79.310	87	18	77.0
NC_031651.1	k141_31296	4057	95.455	44	2	71.6
NC_031651.1	k141_31296	4057	95.455	44	2	71.6
NC_031651.1	k141_59968	4858	79.104	67	10	53.6
NC_031651.1	k141_62536	17181	84.783	46	7	52.7
NC_031651.1	k141_19035	8022	81.395	43	8	42.8
MW366789.1	k141_20682	79896	89.253	5313	510	6955
MW366789.1	k141_20682	79896	89.253	5313	510	6955
MW366789.1	k141_20682	79896	80.024	5867	793	5251
MW366789.1	k141_20682	79896	81.172	3994	612	3786
MW366789.1	k141_20682	79896	89.283	2874	268	3764
MW366789.1	k141_20682	79896	80.690	3361	548	3137
MW366789.1	k141_20682	79896	79.683	3406	565	2944
MW366789.1	k141_20682	79896	78.316	3551	631	2851
MW366789.1	k141_20682	79896	76.743	3285	574	2444
MW366789.1	k141_20682	79896	85.931	1912	260	2235
MW366789.1	k141_20682	79896	80.567	2115	337	1948
MW366789.1	k141_20682	79896	84.910	1723	188	1933
MW366789.1	k141_20682	79896	81.081	1961	322	1850
MW366789.1	k141_20682	79896	71.321	3316	618	1637
MW366789.1	k141_20682	79896	88.136	1062	105	1340
MW366789.1	k141_20682	79896	77.154	1764	275	1314
MW366789.1	k141_20682	79896	79.223	1030	164	848
MW366789.1	k141_20682	79896	76.082	970	140	688
MW366789.1	k141_20682	79896	72.208	1155	251	618
MW366789.1	k141_20682	79896	81.534	639	112	609
MW366789.1	k141_20682	79896	75.765	850	113	572
MW366789.1	k141_20682	79896	73.750	880	153	554
MW366789.1	k141_20682	79896	71.890	1053	157	515
MW366789.1	k141_20682	79896	84.223	412	46	432
MW366789.1	k141_20682	79896	78.339	554	90	432
MW366789.1	k141_20682	79896	73.623	690	113	419
MW366789.1	k141_20682	79896	73.889	720	129	419
MW366789.1	k141_20682	79896	73.382	680	134	399
MW366789.1	k141_20682	79896	73.797	561	112	359
MW366789.1	k141_20682	79896	83.136	338	46	345
MW366789.1	k141_20682	79896	78.922	408	46	344
MW366789.1	k141_20682	79896	78.922	408	46	344
MW366789.1	k141_20682	79896	76.347	427	82	310
MW366789.1	k141_20682	79896	88.261	230	24	292
MW366789.1	k141_20682	79896	89.333	225	21	288
MW366789.1	k141_20682	79896	77.684	354	60	269
MW366789.1	k141_20682	79896	76.149	348	69	240
MW366789.1	k141_20682	79896	78.214	280	58	229
MW366789.1	k141_20682	79896	74.932	367	62	225
MW366789.1	k141_20682	79896	82.857	210	33	211
MW366789.1	k141_20682	79896	79.918	244	36	205
MW366789.1	k141_20682	79896	68.034	585	170	201
MW366789.1	k141_20682	79896	68.034	585	170	201
MW366789.1	k141_20682	79896	74.920	311	51	198
MW366789.1	k141_20682	79896	81.183	186	21	178
MW366789.1	k141_20682	79896	70.423	355	94	164
MW366789.1	k141_20682	79896	94.231	104	6	161
MW366789.1	k141_20682	79896	82.781	151	26	156
MW366789.1	k141_20682	79896	76.818	220	39	147
MW366789.1	k141_20682	79896	97.590	83	2	141
MW366789.1	k141_20682	79896	91.667	96	8	138
MW366789.1	k141_20682	79896	97.436	78	2	132
MW366789.1	k141_20682	79896	73.469	245	47	130
MW366789.1	k141_20682	79896	74.874	199	40	130
MW366789.1	k141_20682	79896	75.000	220	38	129
MW366789.1	k141_20682	79896	88.298	94	11	121
MW366789.1	k141_20682	79896	81.250	128	18	120
MW366789.1	k141_20682	79896	75.148	169	37	112
MW366789.1	k141_20682	79896	67.802	323	88	106
MW366789.1	k141_20682	79896	67.802	323	88	106
MW366789.1	k141_20682	79896	91.892	74	5	104
MW366789.1	k141_20682	79896	91.892	74	5	104
MW366789.1	k141_20682	79896	73.333	165	44	100
MW366789.1	k141_20682	79896	73.333	165	44	100
MW366789.1	k141_20682	79896	88.312	77	9	99.6
MW366789.1	k141_20682	79896	78.125	128	26	98.7
MW366789.1	k141_20682	79896	76.000	125	28	84.2
MW366789.1	k141_20682	79896	73.950	119	31	76.1
MW366789.1	k141_20682	79896	73.950	119	31	76.1
MW366789.1	k141_20682	79896	89.286	56	6	75.2
MW366789.1	k141_20682	79896	86.441	59	7	68.0
MW366789.1	k141_20682	79896	86.441	59	7	68.0
MW366789.1	k141_20682	79896	70.922	141	31	66.2
MW366789.1	k141_20682	79896	66.492	191	62	50.0
MW366789.1	k141_20682	79896	66.492	191	62	50.0
MW366789.1	k141_20682	79896	73.256	86	17	49.1
MW366789.1	k141_20682	79896	67.059	170	54	48.2
MW366789.1	k141_20682	79896	67.059	170	54	48.2
MW366789.1	k141_20682	79896	79.245	53	11	47.3
MW366789.1	k141_20682	79896	79.245	53	11	47.3
MW366789.1	k141_20682	79896	77.551	49	11	40.1
MW366789.1	k141_19686	21654	89.698	4999	401	6675
MW366789.1	k141_19686	21654	89.698	4999	401	6675
MW366789.1	k141_19686	21654	91.961	2998	154	4286
MW366789.1	k141_19686	21654	91.961	2998	154	4286
MW366789.1	k141_19686	21654	88.570	2266	152	2872
MW366789.1	k141_19686	21654	88.570	2266	152	2872
MW366789.1	k141_19686	21654	86.511	2276	231	2713
MW366789.1	k141_19686	21654	86.424	2276	233	2704
MW366789.1	k141_19686	21654	91.290	1814	104	2559
MW366789.1	k141_19686	21654	91.290	1814	104	2559
MW366789.1	k141_19686	21654	80.986	710	64	687
MW366789.1	k141_19686	21654	80.986	710	64	687
MW366789.1	k141_19686	21654	83.805	636	55	682
MW366789.1	k141_19686	21654	83.805	636	55	682
MW366789.1	k141_19686	21654	88.177	406	33	508
MW366789.1	k141_19686	21654	87.500	280	28	350
MW366789.1	k141_19686	21654	87.500	280	28	350
MW366789.1	k141_19686	21654	95.270	148	6	233
MW366789.1	k141_19686	21654	95.270	148	6	233
MW366789.1	k141_19686	21654	86.034	179	21	210
MW366789.1	k141_19686	21654	86.034	179	21	210
MW366789.1	k141_19686	21654	91.034	145	13	204
MW366789.1	k141_19686	21654	91.034	145	13	204
MW366789.1	k141_19686	21654	86.391	169	18	199
MW366789.1	k141_19686	21654	86.391	169	18	197
MW366789.1	k141_19686	21654	85.311	177	24	196
MW366789.1	k141_19686	21654	85.311	177	24	196
MW366789.1	k141_19686	21654	73.463	309	45	190
MW366789.1	k141_19686	21654	83.453	139	14	151
MW366789.1	k141_19686	21654	83.453	139	14	151
MW366789.1	k141_19686	21654	94.253	87	5	135
MW366789.1	k141_19686	21654	94.253	87	5	135
MW366789.1	k141_19686	21654	88.608	79	4	103
MW366789.1	k141_19686	21654	88.608	79	4	103
MW366789.1	k141_19686	21654	75.214	117	11	79.7
MW366789.1	k141_19686	21654	75.214	117	11	79.7
MW366789.1	k141_19686	21654	75.214	117	11	79.7
MW366789.1	k141_19686	21654	91.837	49	4	71.6
MW366789.1	k141_19686	21654	91.837	49	4	71.6
MW366789.1	k141_19686	21654	91.837	49	4	71.6
MW366789.1	k141_19686	21654	90.909	44	4	62.6
MW366789.1	k141_19686	21654	89.744	39	4	53.6
MW366789.1	k141_19686	21654	78.431	51	11	43.7
MW366789.1	k141_19686	21654	78.431	51	11	43.7
MW366789.1	k141_19686	21654	76.471	51	12	39.2
MW366789.1	k141_19686	21654	76.471	51	12	39.2
MW366789.1	k141_19686	21654	76.471	51	12	39.2
MW366789.1	k141_19686	21654	76.471	51	12	39.2
MW366789.1	k141_19686	21654	76.471	51	12	39.2
MW366789.1	k141_13881	12869	82.088	3947	529	3947
MW366789.1	k141_13881	12869	82.088	3947	529	3947
MW366789.1	k141_13881	12869	77.456	2697	509	2077
MW366789.1	k141_13881	12869	76.094	2330	497	1682
MW366789.1	k141_13881	12869	78.910	1119	197	954
MW366789.1	k141_13881	12869	83.485	660	105	685
MW366789.1	k141_13881	12869	83.485	660	105	685
MW366789.1	k141_13881	12869	95.035	141	7	224
MW366789.1	k141_13881	12869	95.035	141	7	224
MW366789.1	k141_13881	12869	77.551	49	11	40.1
MW366789.1	k141_37724	17888	77.966	1475	226	1204
MW366789.1	k141_37724	17888	74.000	300	62	173
MW366789.1	k141_57100	913	78.070	912	146	725
MW366789.1	k141_904	20195	78.275	603	87	506
MW366789.1	k141_904	20195	78.275	603	87	506
MW366789.1	k141_904	20195	81.633	49	9	49.1
MW366789.1	k141_59747	19545	75.492	661	121	450
MW366789.1	k141_37747	7905	72.036	894	199	442
MW366789.1	k141_37747	7905	72.036	894	199	442
MW366789.1	k141_37747	7905	90.000	60	6	82.4
MW366789.1	k141_37747	7905	90.000	60	6	82.4
MW366789.1	k141_37747	7905	88.333	60	7	77.9
MW366789.1	k141_37747	7905	88.333	60	7	77.9
MW366789.1	k141_35798	1563	85.933	327	46	383
MW366789.1	k141_62912	4988	87.622	307	38	383
MW366789.1	k141_62912	4988	72.727	220	38	129
MW366789.1	k141_62912	4988	78.182	55	8	45.5
MW366789.1	k141_60451	10719	80.105	382	42	342
MW366789.1	k141_60451	10719	79.319	382	45	333
MW366789.1	k141_24424	14397	75.435	460	81	336
MW366789.1	k141_24424	14397	84.541	207	26	226
MW366789.1	k141_60077	5681	73.321	536	124	322
MW366789.1	k141_60077	5681	73.321	536	124	322
MW366789.1	k141_60077	5681	75.855	468	92	300
MW366789.1	k141_60077	5681	75.855	468	92	300
MW366789.1	k141_60077	5681	67.296	477	137	134
MW366789.1	k141_60077	5681	67.296	477	137	134
MW366789.1	k141_60077	5681	83.673	98	15	102
MW366789.1	k141_60077	5681	83.673	98	15	102
MW366789.1	k141_34545	12757	71.914	559	104	308
MW366789.1	k141_47947	35915	71.236	518	64	290
MW366789.1	k141_47947	35915	85.455	55	8	64.4
MW366789.1	k141_33645	7505	75.733	375	59	260
MW366789.1	k141_39890	2231	85.990	207	22	245
MW366789.1	k141_39890	2231	85.990	207	22	245
MW366789.1	k141_39890	2231	90.000	60	6	82.4
MW366789.1	k141_39890	2231	90.000	60	6	82.4
MW366789.1	k141_39890	2231	68.235	170	52	57.2
MW366789.1	k141_39890	2231	68.235	170	52	57.2
MW366789.1	k141_59438	11395	67.350	732	200	229
MW366789.1	k141_43671	549	87.143	140	18	172
MW366789.1	k141_43671	549	87.143	140	18	172
MW366789.1	k141_10326	395	96.970	99	2	162
MW366789.1	k141_10326	395	96.970	99	2	162
MW366789.1	k141_2011	16238	89.167	120	13	159
MW366789.1	k141_15563	16027	67.914	374	54	149
MW366789.1	k141_65111	366	91.566	83	7	119
MW366789.1	k141_65111	366	91.566	83	7	119
MW366789.1	k141_16004	572	96.610	59	2	98.7
MW366789.1	k141_16004	572	96.610	59	2	98.7
MW366789.1	k141_3681	2668	71.204	191	55	97.8
MW366789.1	k141_3681	2668	71.204	191	55	97.8
MW366789.1	k141_40212	448	89.855	69	7	94.2
MW366789.1	k141_37742	524	96.296	54	2	89.7
MW366789.1	k141_37742	524	96.296	54	2	89.7
MW366789.1	k141_42549	313	73.881	134	34	81.5
MW366789.1	k141_8570	10899	71.429	140	40	73.4
MW366789.1	k141_31296	4057	100.000	38	0	69.8
MW366789.1	k141_31296	4057	100.000	38	0	69.8
MW366789.1	k141_19677	15609	85.455	55	8	64.4
MW366789.1	k141_2140	5702	84.783	46	7	52.7
MW366789.1	k141_2140	5702	84.783	46	7	52.7
KT899950.1	k141_20682	79896	79.341	9918	1377	8628
KT899950.1	k141_20682	79896	89.314	5437	503	7153
KT899950.1	k141_20682	79896	84.888	4030	501	4521
KT899950.1	k141_20682	79896	84.077	3630	405	3926
KT899950.1	k141_20682	79896	83.120	3353	491	3500
KT899950.1	k141_20682	79896	81.708	3384	461	3279
KT899950.1	k141_20682	79896	78.946	3263	538	2764
KT899950.1	k141_20682	79896	87.688	1925	225	2406
KT899950.1	k141_20682	79896	78.558	2649	375	2179
KT899950.1	k141_20682	79896	81.517	2110	320	2048
KT899950.1	k141_20682	79896	79.076	2251	393	1926
KT899950.1	k141_20682	79896	87.245	1568	193	1920
KT899950.1	k141_20682	79896	78.912	2205	295	1858
KT899950.1	k141_20682	79896	89.252	1070	98	1405
KT899950.1	k141_20682	79896	74.764	1803	307	1141
KT899950.1	k141_20682	79896	88.161	870	91	1103
KT899950.1	k141_20682	79896	79.520	1084	157	932
KT899950.1	k141_20682	79896	73.996	1419	223	884
KT899950.1	k141_20682	79896	85.695	727	103	839
KT899950.1	k141_20682	79896	78.320	1024	147	815
KT899950.1	k141_20682	79896	72.023	1369	229	728
KT899950.1	k141_20682	79896	72.243	1333	234	701
KT899950.1	k141_20682	79896	81.198	718	114	679
KT899950.1	k141_20682	79896	76.827	643	105	461
KT899950.1	k141_20682	79896	76.976	582	90	445
KT899950.1	k141_20682	79896	89.666	329	34	441
KT899950.1	k141_20682	79896	75.307	652	91	437
KT899950.1	k141_20682	79896	72.766	705	88	410
KT899950.1	k141_20682	79896	76.014	592	81	402
KT899950.1	k141_20682	79896	78.935	413	50	351
KT899950.1	k141_20682	79896	83.121	314	44	327
KT899950.1	k141_20682	79896	76.322	435	71	314
KT899950.1	k141_20682	79896	81.090	312	46	291
KT899950.1	k141_20682	79896	75.597	377	58	265
KT899950.1	k141_20682	79896	85.650	223	32	259
KT899950.1	k141_20682	79896	93.464	153	8	229
KT899950.1	k141_20682	79896	74.052	343	62	220
KT899950.1	k141_20682	79896	86.628	172	20	201
KT899950.1	k141_20682	79896	84.277	159	16	165
KT899950.1	k141_20682	79896	94.444	90	5	141
KT899950.1	k141_20682	79896	89.423	104	11	139
KT899950.1	k141_20682	79896	88.235	102	8	130
KT899950.1	k141_20682	79896	68.278	331	87	118
KT899950.1	k141_20682	79896	75.641	156	38	111
KT899950.1	k141_20682	79896	71.364	220	47	105
KT899950.1	k141_20682	79896	91.667	72	6	104
KT899950.1	k141_20682	79896	74.336	113	20	77.9
KT899950.1	k141_20682	79896	97.561	41	1	70.7
KT899950.1	k141_20682	79896	97.561	41	1	70.7
KT899950.1	k141_20682	79896	78.571	70	15	59.9
KT899950.1	k141_20682	79896	92.308	39	3	58.1
KT899950.1	k141_20682	79896	92.308	39	3	58.1
KT899950.1	k141_20682	79896	68.790	157	47	56.3
KT899950.1	k141_20682	79896	93.939	33	2	51.8
KT899950.1	k141_19686	21654	92.472	5061	250	7379
KT899950.1	k141_19686	21654	92.472	5061	250	7379
KT899950.1	k141_19686	21654	89.299	4093	228	5439
KT899950.1	k141_19686	21654	89.299	4093	228	5439
KT899950.1	k141_19686	21654	94.883	2990	107	4681
KT899950.1	k141_19686	21654	94.883	2990	107	4681
KT899950.1	k141_19686	21654	90.773	2276	141	3122
KT899950.1	k141_19686	21654	90.773	2276	141	3122
KT899950.1	k141_19686	21654	89.873	2291	122	3068
KT899950.1	k141_19686	21654	89.873	2291	122	3068
KT899950.1	k141_19686	21654	83.390	879	130	929
KT899950.1	k141_19686	21654	83.390	879	130	929
KT899950.1	k141_19686	21654	82.258	806	88	805
KT899950.1	k141_19686	21654	82.258	806	88	805
KT899950.1	k141_19686	21654	79.027	596	80	530
KT899950.1	k141_19686	21654	87.692	390	33	492
KT899950.1	k141_19686	21654	87.692	390	33	492
KT899950.1	k141_19686	21654	90.991	222	16	310
KT899950.1	k141_19686	21654	90.991	222	16	310
KT899950.1	k141_19686	21654	79.048	315	56	262
KT899950.1	k141_19686	21654	75.068	369	65	249
KT899950.1	k141_19686	21654	94.393	107	6	167
KT899950.1	k141_19686	21654	92.453	53	3	75.2
KT899950.1	k141_19686	21654	92.453	53	3	75.2
KT899950.1	k141_19686	21654	91.111	45	4	64.4
KT899950.1	k141_19686	21654	84.211	38	6	42.8
KT899950.1	k141_13881	12869	81.456	2734	422	2569
KT899950.1	k141_13881	12869	80.875	2285	339	2140
KT899950.1	k141_13881	12869	79.915	2355	410	2104
KT899950.1	k141_13881	12869	82.153	1440	230	1414
KT899950.1	k141_13881	12869	78.132	1253	232	1013
KT899950.1	k141_13881	12869	84.685	555	84	615
KT899950.1	k141_13881	12869	90.780	141	13	196
KT899950.1	k141_37724	17888	77.152	1650	240	1297
KT899950.1	k141_37724	17888	78.341	217	36	177
KT899950.1	k141_24424	14397	81.265	838	97	800
KT899950.1	k141_57100	913	78.701	939	145	783
KT899950.1	k141_59747	19545	79.259	675	98	589
KT899950.1	k141_37747	7905	73.318	877	203	483
KT899950.1	k141_37747	7905	73.318	877	203	483
KT899950.1	k141_37747	7905	77.580	281	61	216
KT899950.1	k141_37747	7905	77.580	281	61	216
KT899950.1	k141_37747	7905	86.667	60	8	73.4
KT899950.1	k141_37747	7905	86.667	60	8	73.4
KT899950.1	k141_904	20195	79.444	540	78	477
KT899950.1	k141_904	20195	79.592	49	10	44.6
KT899950.1	k141_33645	7505	84.332	434	43	468
KT899950.1	k141_47947	35915	77.458	590	74	442
KT899950.1	k141_35798	1563	85.797	345	47	395
KT899950.1	k141_62912	4988	87.622	307	38	383
KT899950.1	k141_62912	4988	80.909	220	29	206
KT899950.1	k141_62912	4988	79.245	53	7	46.4
KT899950.1	k141_34545	12757	73.298	573	99	352
KT899950.1	k141_34545	12757	86.822	129	16	153
KT899950.1	k141_34545	12757	86.822	129	16	153
KT899950.1	k141_60077	5681	74.248	532	126	334
KT899950.1	k141_60077	5681	74.248	532	126	334
KT899950.1	k141_60077	5681	75.000	472	87	294
KT899950.1	k141_60077	5681	75.000	472	87	294
KT899950.1	k141_60077	5681	64.250	800	213	121
KT899950.1	k141_60077	5681	64.250	800	213	121
KT899950.1	k141_60451	10719	83.556	225	30	233
KT899950.1	k141_60451	10719	90.476	63	6	87.8
KT899950.1	k141_39890	2231	84.541	207	25	232
KT899950.1	k141_39890	2231	88.333	60	7	77.9
KT899950.1	k141_39890	2231	70.064	157	45	65.3
KT899950.1	k141_59438	11395	66.667	771	218	223
KT899950.1	k141_52589	9683	92.500	120	8	173
KT899950.1	k141_43671	549	75.556	225	20	168
KT899950.1	k141_43671	549	75.556	225	20	168
KT899950.1	k141_15563	16027	68.681	364	48	167
KT899950.1	k141_10326	395	96.970	99	2	162
KT899950.1	k141_10326	395	96.970	99	2	162
KT899950.1	k141_2011	16238	91.429	105	9	150
KT899950.1	k141_2011	16238	73.810	126	22	85.1
KT899950.1	k141_16004	572	96.610	59	2	98.7
KT899950.1	k141_16004	572	96.610	59	2	98.7
KT899950.1	k141_42549	313	76.471	136	31	98.7
KT899950.1	k141_3681	2668	71.204	191	55	97.8
KT899950.1	k141_3681	2668	71.204	191	55	97.8
KT899950.1	k141_59968	4858	91.176	68	6	96.9
KT899950.1	k141_40212	448	88.406	69	8	89.7
KT899950.1	k141_41099	706	83.333	78	8	83.3
KT899950.1	k141_41099	706	83.333	78	8	83.3
KT899950.1	k141_24113	11322	91.379	58	5	83.3
KT899950.1	k141_8570	10899	74.545	110	28	73.4
KT899950.1	k141_37742	524	92.000	50	4	73.4
KT899950.1	k141_37742	524	92.000	50	4	73.4
KT899950.1	k141_31296	4057	95.455	44	2	71.6
KT899950.1	k141_31296	4057	95.455	44	2	71.6
KT899950.1	k141_65111	366	83.051	59	10	62.6
KT899950.1	k141_65111	366	83.051	59	10	62.6
GU191334.1	k141_20682	79896	79.577	5014	984	4386
GU191334.1	k141_20682	79896	82.897	2444	416	2516
GU191334.1	k141_20682	79896	81.169	1540	288	1463
GU191334.1	k141_20682	79896	82.196	1421	253	1423
GU191334.1	k141_20682	79896	78.437	1702	361	1398
GU191334.1	k141_20682	79896	87.397	1087	135	1341
GU191334.1	k141_20682	79896	68.156	3737	1033	1223
GU191334.1	k141_20682	79896	71.282	2347	558	1159
GU191334.1	k141_20682	79896	81.471	707	128	674
GU191334.1	k141_20682	79896	76.031	897	206	626
GU191334.1	k141_20682	79896	75.959	782	156	547
GU191334.1	k141_20682	79896	73.391	917	215	545
GU191334.1	k141_20682	79896	70.180	1224	326	535
GU191334.1	k141_20682	79896	76.623	693	155	513
GU191334.1	k141_20682	79896	80.645	558	101	508
GU191334.1	k141_20682	79896	70.858	1026	272	496
GU191334.1	k141_20682	79896	74.363	628	112	384
GU191334.1	k141_20682	79896	77.919	471	104	381
GU191334.1	k141_20682	79896	76.082	439	97	308
GU191334.1	k141_20682	79896	69.757	701	202	291
GU191334.1	k141_20682	79896	66.373	1136	327	291
GU191334.1	k141_20682	79896	67.519	939	276	291
GU191334.1	k141_20682	79896	84.146	246	39	269
GU191334.1	k141_20682	79896	69.721	502	146	208
GU191334.1	k141_20682	79896	66.667	669	221	195
GU191334.1	k141_20682	79896	67.398	638	170	185
GU191334.1	k141_20682	79896	77.778	207	38	165
GU191334.1	k141_20682	79896	78.191	188	41	155
GU191334.1	k141_20682	79896	67.035	452	105	152
GU191334.1	k141_20682	79896	81.333	150	28	145
GU191334.1	k141_20682	79896	79.762	168	27	143
GU191334.1	k141_20682	79896	67.681	427	134	134
GU191334.1	k141_20682	79896	69.831	295	89	132
GU191334.1	k141_20682	79896	81.159	138	25	129
GU191334.1	k141_20682	79896	89.691	97	8	128
GU191334.1	k141_20682	79896	96.053	76	3	124
GU191334.1	k141_20682	79896	87.879	99	6	122
GU191334.1	k141_20682	79896	88.776	98	9	121
GU191334.1	k141_20682	79896	98.551	69	1	121
GU191334.1	k141_20682	79896	94.667	75	4	118
GU191334.1	k141_20682	79896	92.405	79	6	116
GU191334.1	k141_20682	79896	91.250	80	7	113
GU191334.1	k141_20682	79896	93.151	73	5	110
GU191334.1	k141_20682	79896	83.333	108	13	110
GU191334.1	k141_20682	79896	78.626	131	21	108
GU191334.1	k141_20682	79896	80.342	117	23	108
GU191334.1	k141_20682	79896	78.146	151	24	105
GU191334.1	k141_20682	79896	77.273	132	30	104
GU191334.1	k141_20682	79896	81.651	109	19	104
GU191334.1	k141_20682	79896	92.754	69	5	103
GU191334.1	k141_20682	79896	67.434	304	99	103
GU191334.1	k141_20682	79896	87.059	85	9	102
GU191334.1	k141_20682	79896	90.411	73	7	101
GU191334.1	k141_20682	79896	65.414	532	162	101
GU191334.1	k141_20682	79896	76.984	126	29	97.8
GU191334.1	k141_20682	79896	80.000	120	18	96.9
GU191334.1	k141_20682	79896	88.406	69	8	89.7
GU191334.1	k141_20682	79896	74.815	135	31	89.7
GU191334.1	k141_20682	79896	81.176	85	16	82.4
GU191334.1	k141_20682	79896	65.297	219	32	75.2
GU191334.1	k141_20682	79896	80.822	73	14	69.8
GU191334.1	k141_20682	79896	85.484	62	8	68.9
GU191334.1	k141_20682	79896	71.774	124	35	67.1
GU191334.1	k141_20682	79896	76.744	86	20	66.2
GU191334.1	k141_20682	79896	77.778	72	16	59.0
GU191334.1	k141_20682	79896	77.778	72	16	59.0
GU191334.1	k141_20682	79896	65.217	230	80	55.4
GU191334.1	k141_20682	79896	73.529	68	18	42.8
GU191334.1	k141_19686	21654	84.935	2675	261	2929
GU191334.1	k141_19686	21654	84.935	2675	261	2929
GU191334.1	k141_19686	21654	88.130	1904	163	2405
GU191334.1	k141_19686	21654	88.130	1904	163	2405
GU191334.1	k141_19686	21654	85.568	1850	194	2091
GU191334.1	k141_19686	21654	85.568	1850	194	2091
GU191334.1	k141_19686	21654	79.745	943	145	819
GU191334.1	k141_19686	21654	79.745	943	145	819
GU191334.1	k141_19686	21654	76.577	666	149	487
GU191334.1	k141_19686	21654	71.947	524	147	283
GU191334.1	k141_19686	21654	73.684	437	112	264
GU191334.1	k141_19686	21654	79.032	310	61	252
GU191334.1	k141_19686	21654	70.385	520	139	244
GU191334.1	k141_19686	21654	80.519	231	45	214
GU191334.1	k141_19686	21654	77.315	216	49	169
GU191334.1	k141_19686	21654	95.946	74	3	121
GU191334.1	k141_19686	21654	95.946	74	3	121
GU191334.1	k141_19686	21654	86.667	90	12	109
GU191334.1	k141_19686	21654	90.667	75	7	104
GU191334.1	k141_19686	21654	90.667	75	7	104
GU191334.1	k141_19686	21654	85.526	76	11	88.7
GU191334.1	k141_19686	21654	86.667	45	6	55.4
GU191334.1	k141_19686	21654	82.609	46	8	48.2
GU191334.1	k141_13881	12869	74.881	1684	404	1098
GU191334.1	k141_13881	12869	71.381	1817	483	917
GU191334.1	k141_13881	12869	74.229	1102	276	706
GU191334.1	k141_13881	12869	74.134	1183	266	696
GU191334.1	k141_13881	12869	68.567	649	164	220
GU191334.1	k141_13881	12869	72.757	301	78	168
GU191334.1	k141_13881	12869	82.270	141	25	142
GU191334.1	k141_13881	12869	92.771	83	6	123
GU191334.1	k141_13881	12869	73.256	86	23	52.7
GU191334.1	k141_37747	7905	73.318	892	199	486
GU191334.1	k141_37747	7905	73.318	892	199	486
GU191334.1	k141_37747	7905	77.224	281	62	212
GU191334.1	k141_37747	7905	77.224	281	62	212
GU191334.1	k141_37747	7905	88.333	60	7	77.9
GU191334.1	k141_37747	7905	88.333	60	7	77.9
GU191334.1	k141_60077	5681	74.011	531	129	326
GU191334.1	k141_60077	5681	74.011	531	129	326
GU191334.1	k141_60077	5681	74.255	470	94	282
GU191334.1	k141_60077	5681	74.255	470	94	282
GU191334.1	k141_60077	5681	64.653	778	199	124
GU191334.1	k141_60077	5681	64.653	778	199	124
GU191334.1	k141_37724	17888	75.854	439	92	309
GU191334.1	k141_37724	17888	76.408	373	80	266
GU191334.1	k141_37724	17888	100.000	69	0	125
GU191334.1	k141_59438	11395	68.344	815	215	292
GU191334.1	k141_35798	1563	77.888	303	67	245
GU191334.1	k141_904	20195	73.037	382	75	233
GU191334.1	k141_57100	913	75.410	305	73	210
GU191334.1	k141_39890	2231	80.676	207	33	196
GU191334.1	k141_39890	2231	73.810	84	22	53.6
GU191334.1	k141_59747	19545	71.726	336	89	170
GU191334.1	k141_62912	4988	72.857	280	67	153
GU191334.1	k141_33645	7505	70.533	319	73	153
GU191334.1	k141_10326	395	96.552	87	3	144
GU191334.1	k141_10326	395	96.552	87	3	144
GU191334.1	k141_24424	14397	88.889	99	10	126
GU191334.1	k141_24424	14397	72.770	213	54	123
GU191334.1	k141_60451	10719	76.437	174	37	124
GU191334.1	k141_47947	35915	84.211	95	11	104
GU191334.1	k141_47947	35915	85.882	85	7	100
GU191334.1	k141_3681	2668	66.794	262	85	74.3
GU191334.1	k141_40212	448	82.812	64	11	67.1
GU191334.1	k141_8570	10899	77.778	81	18	66.2
GU191334.1	k141_15563	16027	76.087	92	21	64.4
