MZ962720.1	k141_19433	79166	88.359	5266	531	6704
MZ962720.1	k141_19433	79166	79.948	5765	763	5125
MZ962720.1	k141_19433	79166	85.411	3434	380	3931
MZ962720.1	k141_19433	79166	80.882	3876	642	3635
MZ962720.1	k141_19433	79166	79.847	3389	510	3004
MZ962720.1	k141_19433	79166	79.739	3366	570	2998
MZ962720.1	k141_19433	79166	85.352	1932	257	2210
MZ962720.1	k141_19433	79166	85.422	1660	201	1909
MZ962720.1	k141_19433	79166	83.046	1799	255	1838
MZ962720.1	k141_19433	79166	78.678	2012	350	1685
MZ962720.1	k141_19433	79166	91.519	1132	92	1608
MZ962720.1	k141_19433	79166	76.162	2173	325	1537
MZ962720.1	k141_19433	79166	87.142	1081	107	1312
MZ962720.1	k141_19433	79166	73.055	2108	462	1215
MZ962720.1	k141_19433	79166	77.230	1581	285	1215
MZ962720.1	k141_19433	79166	83.991	912	114	971
MZ962720.1	k141_19433	79166	82.668	952	154	966
MZ962720.1	k141_19433	79166	71.478	1455	209	777
MZ962720.1	k141_19433	79166	72.652	1331	264	728
MZ962720.1	k141_19433	79166	77.686	968	161	723
MZ962720.1	k141_19433	79166	81.703	634	108	619
MZ962720.1	k141_19433	79166	77.004	761	147	578
MZ962720.1	k141_19433	79166	75.966	828	127	572
MZ962720.1	k141_19433	79166	74.706	850	128	544
MZ962720.1	k141_19433	79166	70.572	1118	242	535
MZ962720.1	k141_19433	79166	72.210	878	160	479
MZ962720.1	k141_19433	79166	68.138	1246	218	462
MZ962720.1	k141_19433	79166	72.027	883	159	451
MZ962720.1	k141_19433	79166	86.753	385	43	450
MZ962720.1	k141_19433	79166	75.906	552	88	374
MZ962720.1	k141_19433	79166	66.835	1188	240	348
MZ962720.1	k141_19433	79166	74.317	549	122	345
MZ962720.1	k141_19433	79166	74.517	518	92	313
MZ962720.1	k141_19433	79166	77.389	429	71	306
MZ962720.1	k141_19433	79166	76.517	379	50	300
MZ962720.1	k141_19433	79166	69.839	746	137	294
MZ962720.1	k141_19433	79166	86.066	244	32	285
MZ962720.1	k141_19433	79166	84.758	269	35	284
MZ962720.1	k141_19433	79166	71.685	558	126	269
MZ962720.1	k141_19433	79166	72.769	437	67	263
MZ962720.1	k141_19433	79166	72.769	437	67	263
MZ962720.1	k141_19433	79166	85.714	210	21	248
MZ962720.1	k141_19433	79166	85.714	210	21	248
MZ962720.1	k141_19433	79166	75.321	312	65	218
MZ962720.1	k141_19433	79166	81.818	231	31	215
MZ962720.1	k141_19433	79166	81.818	231	31	215
MZ962720.1	k141_19433	79166	85.143	175	22	198
MZ962720.1	k141_19433	79166	73.897	272	20	177
MZ962720.1	k141_19433	79166	72.755	323	78	173
MZ962720.1	k141_19433	79166	94.340	106	5	161
MZ962720.1	k141_19433	79166	77.350	234	29	160
MZ962720.1	k141_19433	79166	75.893	224	39	157
MZ962720.1	k141_19433	79166	89.474	114	7	152
MZ962720.1	k141_19433	79166	89.474	114	9	150
MZ962720.1	k141_19433	79166	86.614	127	16	150
MZ962720.1	k141_19433	79166	88.696	115	12	146
MZ962720.1	k141_19433	79166	72.797	261	51	142
MZ962720.1	k141_19433	79166	66.364	550	161	131
MZ962720.1	k141_19433	79166	84.921	126	9	129
MZ962720.1	k141_19433	79166	80.882	136	26	129
MZ962720.1	k141_19433	79166	86.538	104	8	126
MZ962720.1	k141_19433	79166	86.538	104	8	126
MZ962720.1	k141_19433	79166	79.200	125	26	109
MZ962720.1	k141_19433	79166	87.097	93	10	107
MZ962720.1	k141_19433	79166	67.879	330	90	105
MZ962720.1	k141_19433	79166	87.209	86	9	99.6
MZ962720.1	k141_19433	79166	75.000	148	32	96.9
MZ962720.1	k141_19433	79166	81.000	100	18	92.4
MZ962720.1	k141_19433	79166	86.667	75	10	91.5
MZ962720.1	k141_19433	79166	87.838	74	8	90.6
MZ962720.1	k141_19433	79166	74.790	119	30	80.6
MZ962720.1	k141_19433	79166	74.790	119	30	80.6
MZ962720.1	k141_19433	79166	78.022	91	20	75.2
MZ962720.1	k141_19433	79166	78.022	91	20	75.2
MZ962720.1	k141_19433	79166	78.022	91	20	75.2
MZ962720.1	k141_19433	79166	68.103	232	70	71.6
MZ962720.1	k141_19433	79166	85.246	61	9	70.7
MZ962720.1	k141_19433	79166	77.143	70	16	55.4
MZ962720.1	k141_19433	79166	80.702	57	11	54.5
MZ962720.1	k141_19433	79166	84.783	46	7	52.7
MZ962720.1	k141_19433	79166	68.153	157	48	51.8
MZ962720.1	k141_19433	79166	81.633	49	9	49.1
MZ962720.1	k141_19433	79166	86.842	38	5	47.3
MZ962720.1	k141_19317	21235	92.622	3009	134	4415
MZ962720.1	k141_19317	21235	92.622	3009	134	4415
MZ962720.1	k141_19317	21235	93.216	2491	120	3739
MZ962720.1	k141_19317	21235	93.216	2491	120	3739
MZ962720.1	k141_19317	21235	89.432	2621	172	3465
MZ962720.1	k141_19317	21235	89.432	2621	172	3465
MZ962720.1	k141_19317	21235	91.769	1871	114	2640
MZ962720.1	k141_19317	21235	91.769	1871	114	2640
MZ962720.1	k141_19317	21235	86.849	2015	200	2426
MZ962720.1	k141_19317	21235	86.849	2015	200	2426
MZ962720.1	k141_19317	21235	86.319	2054	186	2388
MZ962720.1	k141_19317	21235	86.319	2054	186	2388
MZ962720.1	k141_19317	21235	80.268	821	75	775
MZ962720.1	k141_19317	21235	79.972	704	79	641
MZ962720.1	k141_19317	21235	79.972	704	79	641
MZ962720.1	k141_19317	21235	82.105	475	56	478
MZ962720.1	k141_19317	21235	82.105	475	56	478
MZ962720.1	k141_19317	21235	81.514	449	42	424
MZ962720.1	k141_19317	21235	81.514	449	42	424
MZ962720.1	k141_19317	21235	85.099	302	32	341
MZ962720.1	k141_19317	21235	85.099	302	32	341
MZ962720.1	k141_19317	21235	82.295	305	50	297
MZ962720.1	k141_19317	21235	82.295	305	50	297
MZ962720.1	k141_19317	21235	76.152	369	46	267
MZ962720.1	k141_19317	21235	76.152	369	46	267
MZ962720.1	k141_19317	21235	86.387	191	20	229
MZ962720.1	k141_19317	21235	83.178	214	34	217
MZ962720.1	k141_19317	21235	83.178	214	34	217
MZ962720.1	k141_19317	21235	79.283	251	48	209
MZ962720.1	k141_19317	21235	79.283	251	48	209
MZ962720.1	k141_19317	21235	76.636	214	21	156
MZ962720.1	k141_19317	21235	76.636	214	21	156
MZ962720.1	k141_19317	21235	78.333	120	26	100
MZ962720.1	k141_19317	21235	78.333	120	26	100
MZ962720.1	k141_19317	21235	75.000	136	13	94.2
MZ962720.1	k141_19317	21235	66.390	241	39	86.0
MZ962720.1	k141_19317	21235	66.390	241	39	86.0
MZ962720.1	k141_19317	21235	90.566	53	4	70.7
MZ962720.1	k141_19317	21235	90.566	53	4	70.7
MZ962720.1	k141_19317	21235	84.615	52	8	59.0
MZ962720.1	k141_19317	21235	84.615	52	8	59.0
MZ962720.1	k141_19317	21235	88.636	44	5	58.1
MZ962720.1	k141_32746	12733	83.275	3988	520	4183
MZ962720.1	k141_32746	12733	83.275	3988	520	4183
MZ962720.1	k141_32746	12733	81.493	2010	340	1937
MZ962720.1	k141_32746	12733	78.188	2274	443	1841
MZ962720.1	k141_32746	12733	76.042	1056	221	757
MZ962720.1	k141_32746	12733	85.156	640	92	716
MZ962720.1	k141_32746	12733	85.156	640	92	716
MZ962720.1	k141_32746	12733	81.875	320	58	316
MZ962720.1	k141_32746	12733	96.454	141	5	233
MZ962720.1	k141_32746	12733	96.454	141	5	233
MZ962720.1	k141_32746	12733	88.660	97	10	123
MZ962720.1	k141_62000	3314	81.636	599	84	586
MZ962720.1	k141_62000	3314	81.636	599	84	586
MZ962720.1	k141_28033	1621	87.799	418	24	522
MZ962720.1	k141_28033	1621	87.799	418	24	522
MZ962720.1	k141_58175	7315	70.848	1156	272	517
MZ962720.1	k141_58175	7315	70.848	1156	272	517
MZ962720.1	k141_36845	4054	71.833	884	211	430
MZ962720.1	k141_36845	4054	71.833	884	211	430
MZ962720.1	k141_36845	4054	88.333	60	7	77.9
MZ962720.1	k141_36845	4054	88.333	60	7	77.9
MZ962720.1	k141_36845	4054	88.333	60	7	77.9
MZ962720.1	k141_30520	1956	86.850	327	43	397
MZ962720.1	k141_28353	1491	90.426	282	27	388
MZ962720.1	k141_27623	1531	78.697	399	67	335
MZ962720.1	k141_27623	1531	77.119	118	26	88.7
MZ962720.1	k141_46636	335	80.702	342	41	329
MZ962720.1	k141_26978	1419	73.861	505	89	319
MZ962720.1	k141_37832	831	78.114	297	57	242
MZ962720.1	k141_37832	831	77.273	110	25	86.9
MZ962720.1	k141_59635	1487	66.409	777	224	218
MZ962720.1	k141_17990	2590	90.083	121	10	162
MZ962720.1	k141_9765	1361	96.552	87	3	144
MZ962720.1	k141_9765	1361	96.552	87	3	144
MZ962720.1	k141_7831	848	87.619	105	13	132
MZ962720.1	k141_17912	328	95.062	81	4	129
MZ962720.1	k141_17912	328	95.062	81	4	129
MZ962720.1	k141_1074	531	86.111	108	9	124
MZ962720.1	k141_1074	531	86.111	108	9	124
MZ962720.1	k141_6990	3505	92.045	88	6	124
MZ962720.1	k141_6990	3505	92.045	88	6	124
MZ962720.1	k141_57668	2087	85.577	104	15	121
MZ962720.1	k141_15800	540	81.651	109	10	103
MZ962720.1	k141_14008	2009	88.000	75	9	96.0
MZ962720.1	k141_14008	2009	88.000	75	9	96.0
MZ962720.1	k141_39378	2288	70.093	214	38	95.1
MZ962720.1	k141_22090	852	92.063	63	5	92.4
MZ962720.1	k141_56624	1190	77.143	140	23	90.6
MZ962720.1	k141_52961	1027	92.188	64	4	90.6
MZ962720.1	k141_52961	1027	95.833	48	2	78.8
MZ962720.1	k141_35925	464	81.319	91	17	88.7
MZ962720.1	k141_35925	464	81.319	91	17	88.7
MZ962720.1	k141_26181	531	87.692	65	8	82.4
MZ962720.1	k141_10878	342	89.831	59	6	80.6
MZ962720.1	k141_10878	342	89.831	59	6	80.6
MZ962720.1	k141_2135	6618	72.932	133	36	78.8
MZ962720.1	k141_2871	424	92.157	51	4	75.2
MZ962720.1	k141_33763	2204	87.719	57	5	69.8
MZ962720.1	k141_33763	2204	87.719	57	5	69.8
MZ962720.1	k141_19224	365	84.746	59	4	67.1
MZ962720.1	k141_19224	365	83.333	60	5	64.4
MZ962720.1	k141_46872	508	87.037	54	7	67.1
MZ962720.1	k141_1246	4077	87.500	40	5	50.9
MZ962720.1	k141_1246	4077	87.500	40	5	50.9
MZ962720.1	k141_48073	1033	82.609	46	8	48.2
MZ962720.1	k141_48073	1033	82.609	46	8	48.2
MH569081.1	k141_19433	79166	98.549	40108	269	69691
MH569081.1	k141_19433	79166	98.980	21951	116	38525
MH569081.1	k141_19433	79166	98.785	6172	47	10773
MH569081.1	k141_19433	79166	98.804	6021	39	10519
MH569081.1	k141_19433	79166	95.437	3090	27	4995
MH569081.1	k141_19433	79166	98.849	1390	10	2427
MH569081.1	k141_19433	79166	98.592	142	1	244
MH569081.1	k141_19433	79166	98.592	142	1	244
MH569081.1	k141_19433	79166	98.592	142	1	244
MH569081.1	k141_19433	79166	100.000	90	0	163
MH569081.1	k141_19433	79166	71.845	206	43	111
MH569081.1	k141_19433	79166	83.333	102	13	107
MH569081.1	k141_19433	79166	83.333	102	13	107
MH569081.1	k141_19433	79166	67.869	305	86	102
MH569081.1	k141_19433	79166	67.869	305	86	102
MH569081.1	k141_19433	79166	70.233	215	49	100
MH569081.1	k141_19433	79166	97.917	48	1	83.3
MH569081.1	k141_19433	79166	97.917	48	1	83.3
MH569081.1	k141_19433	79166	82.609	69	11	68.0
MH569081.1	k141_19433	79166	82.609	69	11	68.0
MH569081.1	k141_19433	79166	90.909	44	4	62.6
MH569081.1	k141_19433	79166	78.873	71	15	61.7
MH569081.1	k141_19433	79166	87.500	48	6	60.8
MH569081.1	k141_19433	79166	88.889	45	5	59.9
MH569081.1	k141_19433	79166	88.889	45	5	59.9
MH569081.1	k141_19433	79166	68.790	157	47	56.3
MH569081.1	k141_19433	79166	68.153	157	48	51.8
MH569081.1	k141_19433	79166	86.957	46	4	50.0
MH569081.1	k141_19433	79166	77.551	49	11	40.1
MH569081.1	k141_19433	79166	82.051	39	7	40.1
MH569081.1	k141_19433	79166	82.051	39	7	40.1
MH569081.1	k141_19317	21235	99.854	21238	27	38147
MH569081.1	k141_19317	21235	99.854	21238	27	38147
MH569081.1	k141_19317	21235	79.412	102	16	86.0
MH569081.1	k141_19317	21235	97.917	48	1	83.3
MH569081.1	k141_19317	21235	88.889	45	5	59.9
MH569081.1	k141_32746	12733	98.330	12758	110	22033
MH569081.1	k141_32746	12733	100.000	141	0	255
MH569081.1	k141_32746	12733	100.000	141	0	255
MH569081.1	k141_32746	12733	100.000	38	0	69.8
MH569081.1	k141_32746	12733	95.238	42	2	68.0
MH569081.1	k141_32746	12733	79.592	49	10	44.6
MH569081.1	k141_62000	3314	87.065	603	52	733
MH569081.1	k141_28033	1621	99.024	410	4	722
MH569081.1	k141_28033	1621	99.024	410	4	722
MH569081.1	k141_26978	1419	79.581	573	64	523
MH569081.1	k141_58175	7315	71.156	1151	273	520
MH569081.1	k141_58175	7315	71.156	1151	273	520
MH569081.1	k141_58175	7315	74.641	209	51	132
MH569081.1	k141_58175	7315	74.641	209	51	132
MH569081.1	k141_30520	1956	94.512	328	18	511
MH569081.1	k141_28353	1491	96.980	298	9	498
MH569081.1	k141_36845	4054	72.374	876	213	457
MH569081.1	k141_36845	4054	72.374	876	213	457
MH569081.1	k141_36845	4054	90.000	60	6	82.4
MH569081.1	k141_36845	4054	90.000	60	6	82.4
MH569081.1	k141_46636	335	86.761	355	22	438
MH569081.1	k141_37832	831	87.869	305	29	387
MH569081.1	k141_37832	831	78.182	110	24	91.5
MH569081.1	k141_27623	1531	80.000	380	56	343
MH569081.1	k141_27623	1531	85.000	120	17	132
MH569081.1	k141_57837	330	95.939	197	8	320
MH569081.1	k141_41428	1586	97.183	142	3	235
MH569081.1	k141_59635	1487	67.148	761	199	229
MH569081.1	k141_28287	388	92.254	142	10	204
MH569081.1	k141_7831	848	99.048	105	1	186
MH569081.1	k141_1074	531	95.652	115	5	186
MH569081.1	k141_1074	531	95.652	115	5	186
MH569081.1	k141_15800	540	99.038	104	1	184
MH569081.1	k141_14008	2009	100.000	98	0	178
MH569081.1	k141_14008	2009	100.000	98	0	178
MH569081.1	k141_39378	2288	76.667	240	32	171
MH569081.1	k141_17990	2590	84.416	154	18	167
MH569081.1	k141_17990	2590	69.231	208	34	78.8
MH569081.1	k141_55918	319	97.778	90	2	154
MH569081.1	k141_17912	328	100.000	83	0	150
MH569081.1	k141_9765	1361	95.652	92	4	149
MH569081.1	k141_9765	1361	95.652	92	4	149
MH569081.1	k141_56624	1190	81.333	150	14	144
MH569081.1	k141_57668	2087	90.385	104	10	143
MH569081.1	k141_6990	3505	95.455	88	4	141
MH569081.1	k141_6990	3505	95.455	88	4	141
MH569081.1	k141_26181	531	100.000	67	0	122
MH569081.1	k141_19224	365	90.361	83	3	114
MH569081.1	k141_27032	356	98.462	65	1	113
MH569081.1	k141_55272	431	92.208	77	5	109
MH569081.1	k141_26460	383	100.000	60	0	109
MH569081.1	k141_52961	1027	98.438	64	0	108
MH569081.1	k141_52961	1027	97.917	48	1	83.3
MH569081.1	k141_28530	736	87.952	83	10	105
MH569081.1	k141_28530	736	87.952	83	10	105
MH569081.1	k141_33763	2204	73.611	144	6	100
MH569081.1	k141_33763	2204	73.611	144	6	100
MH569081.1	k141_10878	342	96.610	59	2	98.7
MH569081.1	k141_10878	342	96.610	59	2	98.7
MH569081.1	k141_22090	852	93.548	62	4	95.1
MH569081.1	k141_22090	852	80.328	61	12	57.2
MH569081.1	k141_34443	428	100.000	52	0	95.1
MH569081.1	k141_34443	428	100.000	52	0	95.1
MH569081.1	k141_2871	424	100.000	49	0	89.7
MH569081.1	k141_46872	508	93.220	59	3	86.0
MH569081.1	k141_4958	1241	100.000	45	0	82.4
MH569081.1	k141_35925	464	79.348	92	19	81.5
MH569081.1	k141_35925	464	79.348	92	19	81.5
MH569081.1	k141_1246	4077	79.070	86	6	81.5
MH569081.1	k141_1246	4077	79.070	86	6	81.5
MH569081.1	k141_2135	6618	72.180	133	37	74.3
MH569081.1	k141_3846	2744	88.679	53	5	66.2
MH569081.1	k141_3846	2744	88.679	53	5	66.2
MH569081.1	k141_48073	1033	80.488	41	8	39.2
NC_033978.1	k141_19433	79166	87.431	5442	606	6707
NC_033978.1	k141_19433	79166	78.890	4993	722	4151
NC_033978.1	k141_19433	79166	83.402	3862	568	4078
NC_033978.1	k141_19433	79166	89.950	2587	250	3485
NC_033978.1	k141_19433	79166	80.668	3352	551	3144
NC_033978.1	k141_19433	79166	82.396	2312	350	2319
NC_033978.1	k141_19433	79166	83.349	2090	299	2186
NC_033978.1	k141_19433	79166	76.136	2728	452	2012
NC_033978.1	k141_19433	79166	87.114	1490	192	1822
NC_033978.1	k141_19433	79166	81.912	1841	258	1819
NC_033978.1	k141_19433	79166	81.803	1775	267	1728
NC_033978.1	k141_19433	79166	78.719	2077	274	1689
NC_033978.1	k141_19433	79166	90.266	1202	106	1624
NC_033978.1	k141_19433	79166	78.426	1970	368	1599
NC_033978.1	k141_19433	79166	75.291	2230	459	1531
NC_033978.1	k141_19433	79166	85.404	1014	122	1159
NC_033978.1	k141_19433	79166	76.111	1620	278	1159
NC_033978.1	k141_19433	79166	69.711	2737	624	1109
NC_033978.1	k141_19433	79166	72.354	1436	247	783
NC_033978.1	k141_19433	79166	76.512	992	140	719
NC_033978.1	k141_19433	79166	84.261	629	87	686
NC_033978.1	k141_19433	79166	82.796	651	108	669
NC_033978.1	k141_19433	79166	73.444	1028	186	590
NC_033978.1	k141_19433	79166	69.757	1316	278	526
NC_033978.1	k141_19433	79166	75.988	683	97	477
NC_033978.1	k141_19433	79166	68.250	1263	207	465
NC_033978.1	k141_19433	79166	86.061	330	41	379
NC_033978.1	k141_19433	79166	71.982	671	122	328
NC_033978.1	k141_19433	79166	83.388	307	30	325
NC_033978.1	k141_19433	79166	76.368	402	73	286
NC_033978.1	k141_19433	79166	86.475	244	31	285
NC_033978.1	k141_19433	79166	70.000	600	115	276
NC_033978.1	k141_19433	79166	87.215	219	25	268
NC_033978.1	k141_19433	79166	81.159	276	30	257
NC_033978.1	k141_19433	79166	78.292	281	61	233
NC_033978.1	k141_19433	79166	74.451	364	71	231
NC_033978.1	k141_19433	79166	77.076	301	52	225
NC_033978.1	k141_19433	79166	96.296	135	5	222
NC_033978.1	k141_19433	79166	76.950	282	50	207
NC_033978.1	k141_19433	79166	83.838	198	25	206
NC_033978.1	k141_19433	79166	82.902	193	26	202
NC_033978.1	k141_19433	79166	93.798	129	8	197
NC_033978.1	k141_19433	79166	85.455	165	18	191
NC_033978.1	k141_19433	79166	79.091	220	46	190
NC_033978.1	k141_19433	79166	75.314	239	53	167
NC_033978.1	k141_19433	79166	83.688	141	17	152
NC_033978.1	k141_19433	79166	95.699	93	3	147
NC_033978.1	k141_19433	79166	74.590	244	39	146
NC_033978.1	k141_19433	79166	67.269	443	131	141
NC_033978.1	k141_19433	79166	87.963	108	8	137
NC_033978.1	k141_19433	79166	93.023	86	6	129
NC_033978.1	k141_19433	79166	88.235	102	11	127
NC_033978.1	k141_19433	79166	87.879	99	12	125
NC_033978.1	k141_19433	79166	77.193	171	29	124
NC_033978.1	k141_19433	79166	94.805	77	4	122
NC_033978.1	k141_19433	79166	79.839	124	25	112
NC_033978.1	k141_19433	79166	82.353	102	14	103
NC_033978.1	k141_19433	79166	82.353	102	14	103
NC_033978.1	k141_19433	79166	70.404	223	47	96.0
NC_033978.1	k141_19433	79166	83.750	80	12	83.3
NC_033978.1	k141_19433	79166	89.286	56	6	75.2
NC_033978.1	k141_19433	79166	70.701	157	44	69.8
NC_033978.1	k141_19433	79166	74.286	105	21	65.3
NC_033978.1	k141_19433	79166	78.571	70	15	59.9
NC_033978.1	k141_19433	79166	92.308	39	3	58.1
NC_033978.1	k141_19433	79166	92.308	39	3	58.1
NC_033978.1	k141_19433	79166	90.000	40	4	55.4
NC_033978.1	k141_19433	79166	82.051	39	7	40.1
NC_033978.1	k141_19317	21235	91.778	4269	228	6097
NC_033978.1	k141_19317	21235	91.778	4269	228	6097
NC_033978.1	k141_19317	21235	93.506	3018	141	4533
NC_033978.1	k141_19317	21235	93.506	3018	141	4533
NC_033978.1	k141_19317	21235	91.650	2958	163	4198
NC_033978.1	k141_19317	21235	91.650	2958	163	4198
NC_033978.1	k141_19317	21235	89.453	2304	125	3036
NC_033978.1	k141_19317	21235	89.453	2304	125	3036
NC_033978.1	k141_19317	21235	87.401	2270	208	2772
NC_033978.1	k141_19317	21235	87.401	2270	208	2772
NC_033978.1	k141_19317	21235	82.731	886	129	899
NC_033978.1	k141_19317	21235	82.731	886	129	899
NC_033978.1	k141_19317	21235	79.703	808	99	700
NC_033978.1	k141_19317	21235	79.703	808	99	700
NC_033978.1	k141_19317	21235	77.792	797	120	619
NC_033978.1	k141_19317	21235	77.792	797	120	619
NC_033978.1	k141_19317	21235	80.606	495	51	456
NC_033978.1	k141_19317	21235	80.606	495	51	456
NC_033978.1	k141_19317	21235	78.889	540	89	447
NC_033978.1	k141_19317	21235	77.749	382	29	343
NC_033978.1	k141_19317	21235	77.749	382	29	343
NC_033978.1	k141_19317	21235	77.994	309	59	246
NC_033978.1	k141_19317	21235	87.692	130	10	159
NC_033978.1	k141_19317	21235	87.692	130	10	159
NC_033978.1	k141_19317	21235	100.000	81	0	147
NC_033978.1	k141_19317	21235	87.963	108	12	133
NC_033978.1	k141_19317	21235	96.226	53	2	87.8
NC_033978.1	k141_19317	21235	96.226	53	2	87.8
NC_033978.1	k141_19317	21235	89.655	58	5	75.2
NC_033978.1	k141_19317	21235	91.111	45	4	64.4
NC_033978.1	k141_19317	21235	95.000	40	2	64.4
NC_033978.1	k141_19317	21235	95.000	40	2	64.4
NC_033978.1	k141_32746	12733	81.463	1969	319	1898
NC_033978.1	k141_32746	12733	77.911	2336	414	1884
NC_033978.1	k141_32746	12733	76.419	2379	468	1724
NC_033978.1	k141_32746	12733	81.934	1251	194	1231
NC_033978.1	k141_32746	12733	74.503	1157	237	755
NC_033978.1	k141_32746	12733	79.966	584	115	524
NC_033978.1	k141_32746	12733	82.507	383	64	383
NC_033978.1	k141_32746	12733	90.780	141	13	196
NC_033978.1	k141_32746	12733	79.592	49	10	44.6
NC_033978.1	k141_28033	1621	90.521	422	17	580
NC_033978.1	k141_28033	1621	90.521	422	17	580
NC_033978.1	k141_36845	4054	72.862	877	207	465
NC_033978.1	k141_36845	4054	72.862	877	207	465
NC_033978.1	k141_36845	4054	77.936	281	60	221
NC_033978.1	k141_36845	4054	77.936	281	60	221
NC_033978.1	k141_36845	4054	86.667	60	8	73.4
NC_033978.1	k141_36845	4054	86.667	60	8	73.4
NC_033978.1	k141_30520	1956	86.890	328	43	398
NC_033978.1	k141_27623	1531	78.571	490	74	394
NC_033978.1	k141_27623	1531	83.333	120	19	123
NC_033978.1	k141_62000	3314	74.820	556	107	366
NC_033978.1	k141_28353	1491	88.971	272	30	356
NC_033978.1	k141_58175	7315	74.436	532	125	339
NC_033978.1	k141_58175	7315	74.436	532	125	339
NC_033978.1	k141_58175	7315	75.641	468	91	297
NC_033978.1	k141_58175	7315	75.641	468	91	297
NC_033978.1	k141_58175	7315	65.000	800	206	140
NC_033978.1	k141_58175	7315	65.000	800	206	140
NC_033978.1	k141_26978	1419	72.792	566	101	330
NC_033978.1	k141_37832	831	80.528	303	51	284
NC_033978.1	k141_37832	831	77.273	110	25	86.9
NC_033978.1	k141_59635	1487	68.212	755	201	266
NC_033978.1	k141_46636	335	76.487	353	56	265
NC_033978.1	k141_46636	335	69.903	103	29	40.1
NC_033978.1	k141_57837	330	79.255	188	39	164
NC_033978.1	k141_9765	1361	96.939	98	3	164
NC_033978.1	k141_9765	1361	96.939	98	3	164
NC_033978.1	k141_14008	2009	94.737	95	5	150
NC_033978.1	k141_14008	2009	94.737	95	5	150
NC_033978.1	k141_56624	1190	82.707	133	11	139
NC_033978.1	k141_49491	533	85.366	123	17	138
NC_033978.1	k141_49491	533	85.366	123	17	138
NC_033978.1	k141_17990	2590	90.722	97	8	132
NC_033978.1	k141_6990	3505	93.182	88	5	129
NC_033978.1	k141_6990	3505	93.182	88	5	129
NC_033978.1	k141_17912	328	93.827	81	5	124
NC_033978.1	k141_57668	2087	84.615	104	16	116
NC_033978.1	k141_15800	540	87.952	83	10	105
NC_033978.1	k141_22090	852	93.846	65	4	100
NC_033978.1	k141_39378	2288	75.714	140	25	95.1
NC_033978.1	k141_35925	464	79.348	92	19	81.5
NC_033978.1	k141_35925	464	79.348	92	19	81.5
NC_033978.1	k141_52961	1027	89.062	64	6	81.5
NC_033978.1	k141_52961	1027	91.667	48	4	69.8
NC_033978.1	k141_26181	531	82.857	70	12	73.4
NC_033978.1	k141_46872	508	93.617	47	3	72.5
NC_033978.1	k141_10878	342	86.441	59	8	71.6
NC_033978.1	k141_10878	342	86.441	59	8	71.6
NC_033978.1	k141_2871	424	90.196	51	5	70.7
NC_033978.1	k141_2135	6618	77.500	80	18	64.4
NC_033978.1	k141_53584	568	94.595	37	2	59.0
NC_033978.1	k141_19224	365	87.500	40	5	50.9
NC_033978.1	k141_48073	1033	78.723	47	10	41.0
MW006668.1	k141_19317	21235	89.918	5356	305	7198
MW006668.1	k141_19317	21235	89.918	5356	305	7198
MW006668.1	k141_19317	21235	88.762	4458	358	5757
MW006668.1	k141_19317	21235	92.009	2578	140	3695
MW006668.1	k141_19317	21235	92.009	2578	140	3695
MW006668.1	k141_19317	21235	83.141	694	84	732
MW006668.1	k141_19317	21235	85.843	445	61	512
MW006668.1	k141_19317	21235	81.474	475	65	454
MW006668.1	k141_19317	21235	81.474	475	65	454
MW006668.1	k141_19317	21235	80.421	475	53	429
MW006668.1	k141_19317	21235	70.758	831	154	407
MW006668.1	k141_19317	21235	75.791	537	93	376
MW006668.1	k141_19317	21235	75.791	537	93	376
MW006668.1	k141_19317	21235	71.464	799	146	352
MW006668.1	k141_19317	21235	86.022	279	30	318
MW006668.1	k141_19317	21235	86.022	279	30	318
MW006668.1	k141_19317	21235	74.474	380	47	231
MW006668.1	k141_19317	21235	79.389	262	48	226
MW006668.1	k141_19317	21235	82.081	173	27	172
MW006668.1	k141_19317	21235	74.892	231	40	159
MW006668.1	k141_19317	21235	94.937	79	4	125
MW006668.1	k141_19317	21235	94.937	79	4	125
MW006668.1	k141_19317	21235	78.146	151	33	124
MW006668.1	k141_19317	21235	74.497	149	22	95.1
MW006668.1	k141_19317	21235	74.497	149	22	95.1
MW006668.1	k141_19317	21235	74.074	135	19	83.3
MW006668.1	k141_19317	21235	100.000	43	0	78.8
MW006668.1	k141_19317	21235	100.000	43	0	78.8
MW006668.1	k141_19317	21235	95.238	42	2	68.0
MW006668.1	k141_19317	21235	91.111	45	4	64.4
MW006668.1	k141_19317	21235	84.314	51	8	57.2
MW006668.1	k141_19433	79166	86.485	5453	650	6460
MW006668.1	k141_19433	79166	78.293	5777	901	4678
MW006668.1	k141_19433	79166	82.244	3396	536	3377
MW006668.1	k141_19433	79166	89.049	2493	273	3266
MW006668.1	k141_19433	79166	78.819	3371	589	2883
MW006668.1	k141_19433	79166	80.047	2536	422	2265
MW006668.1	k141_19433	79166	84.413	1899	293	2089
MW006668.1	k141_19433	79166	82.016	1885	293	1850
MW006668.1	k141_19433	79166	85.695	1482	212	1718
MW006668.1	k141_19433	79166	78.268	1951	366	1588
MW006668.1	k141_19433	79166	77.826	2061	322	1581
MW006668.1	k141_19433	79166	79.875	1759	289	1563
MW006668.1	k141_19433	79166	70.019	3172	713	1387
MW006668.1	k141_19433	79166	73.336	2269	509	1361
MW006668.1	k141_19433	79166	91.259	858	74	1206
MW006668.1	k141_19433	79166	91.259	858	74	1206
MW006668.1	k141_19433	79166	85.090	1053	141	1175
MW006668.1	k141_19433	79166	72.736	2054	336	1175
MW006668.1	k141_19433	79166	73.311	1510	309	920
MW006668.1	k141_19433	79166	81.654	665	110	643
MW006668.1	k141_19433	79166	79.128	757	114	635
MW006668.1	k141_19433	79166	71.094	1280	232	617
MW006668.1	k141_19433	79166	72.021	1133	213	605
MW006668.1	k141_19433	79166	81.850	573	92	563
MW006668.1	k141_19433	79166	71.215	1136	257	548
MW006668.1	k141_19433	79166	77.147	652	99	500
MW006668.1	k141_19433	79166	75.336	669	124	433
MW006668.1	k141_19433	79166	71.902	815	125	424
MW006668.1	k141_19433	79166	74.854	684	131	406
MW006668.1	k141_19433	79166	87.055	309	36	377
MW006668.1	k141_19433	79166	74.295	638	115	375
MW006668.1	k141_19433	79166	71.673	759	116	363
MW006668.1	k141_19433	79166	87.931	290	32	360
MW006668.1	k141_19433	79166	87.931	290	32	360
MW006668.1	k141_19433	79166	81.627	332	39	322
MW006668.1	k141_19433	79166	69.359	780	160	306
MW006668.1	k141_19433	79166	69.359	780	160	306
MW006668.1	k141_19433	79166	76.965	369	66	278
MW006668.1	k141_19433	79166	67.651	779	173	269
MW006668.1	k141_19433	79166	67.651	779	173	269
MW006668.1	k141_19433	79166	75.137	366	66	242
MW006668.1	k141_19433	79166	82.500	240	36	241
MW006668.1	k141_19433	79166	78.571	266	41	211
MW006668.1	k141_19433	79166	78.972	214	28	186
MW006668.1	k141_19433	79166	83.951	162	25	172
MW006668.1	k141_19433	79166	68.371	528	121	165
MW006668.1	k141_19433	79166	72.401	279	71	158
MW006668.1	k141_19433	79166	81.034	174	23	152
MW006668.1	k141_19433	79166	72.125	287	59	150
MW006668.1	k141_19433	79166	77.654	179	20	143
MW006668.1	k141_19433	79166	82.014	139	18	141
MW006668.1	k141_19433	79166	100.000	75	0	136
MW006668.1	k141_19433	79166	67.376	423	124	136
MW006668.1	k141_19433	79166	91.209	91	8	129
MW006668.1	k141_19433	79166	83.478	115	19	123
MW006668.1	k141_19433	79166	90.698	86	8	120
MW006668.1	k141_19433	79166	72.523	222	51	113
MW006668.1	k141_19433	79166	74.737	190	33	109
MW006668.1	k141_19433	79166	69.048	294	69	109
MW006668.1	k141_19433	79166	91.892	74	6	107
MW006668.1	k141_19433	79166	88.732	71	8	93.3
MW006668.1	k141_19433	79166	87.324	71	9	88.7
MW006668.1	k141_19433	79166	87.324	71	9	88.7
MW006668.1	k141_19433	79166	77.273	110	19	83.3
MW006668.1	k141_19433	79166	79.167	96	19	80.6
MW006668.1	k141_19433	79166	84.286	70	10	74.3
MW006668.1	k141_19433	79166	70.701	157	44	69.8
MW006668.1	k141_19433	79166	85.965	57	8	68.0
MW006668.1	k141_19433	79166	80.282	71	14	66.2
MW006668.1	k141_19433	79166	87.755	49	6	62.6
MW006668.1	k141_19433	79166	87.755	49	6	62.6
MW006668.1	k141_19433	79166	92.308	39	3	58.1
MW006668.1	k141_19433	79166	76.923	65	15	50.9
MW006668.1	k141_32746	12733	78.720	3985	670	3322
MW006668.1	k141_32746	12733	78.720	3985	670	3322
MW006668.1	k141_32746	12733	82.130	1953	304	1940
MW006668.1	k141_32746	12733	82.130	1953	304	1940
MW006668.1	k141_32746	12733	75.089	2236	502	1495
MW006668.1	k141_32746	12733	76.395	1093	223	777
MW006668.1	k141_32746	12733	76.395	1093	223	777
MW006668.1	k141_32746	12733	75.173	1156	238	773
MW006668.1	k141_32746	12733	75.173	1156	238	773
MW006668.1	k141_32746	12733	90.780	141	13	196
MW006668.1	k141_32746	12733	90.780	141	13	196
MW006668.1	k141_32746	12733	79.592	49	10	44.6
MW006668.1	k141_28033	1621	91.106	416	24	573
MW006668.1	k141_28033	1621	91.106	416	24	573
MW006668.1	k141_36845	4054	71.850	881	210	438
MW006668.1	k141_36845	4054	71.850	881	210	438
MW006668.1	k141_36845	4054	77.936	281	60	221
MW006668.1	k141_36845	4054	77.936	281	60	221
MW006668.1	k141_36845	4054	85.000	60	9	68.9
MW006668.1	k141_36845	4054	85.000	60	9	68.9
MW006668.1	k141_28353	1491	90.071	282	28	383
MW006668.1	k141_30520	1956	84.451	328	51	362
MW006668.1	k141_27623	1531	75.051	493	60	347
MW006668.1	k141_27623	1531	81.667	120	21	114
MW006668.1	k141_62000	3314	72.476	614	110	345
MW006668.1	k141_62000	3314	72.476	614	110	345
MW006668.1	k141_58175	7315	74.248	532	126	334
MW006668.1	k141_58175	7315	74.248	532	126	334
MW006668.1	k141_58175	7315	75.000	468	100	283
MW006668.1	k141_58175	7315	75.000	468	100	283
MW006668.1	k141_58175	7315	78.519	135	27	111
MW006668.1	k141_58175	7315	78.519	135	27	111
MW006668.1	k141_46636	335	78.693	352	50	306
MW006668.1	k141_46636	335	69.903	103	29	40.1
MW006668.1	k141_37832	831	80.858	303	50	288
MW006668.1	k141_37832	831	77.273	110	25	86.9
MW006668.1	k141_26978	1419	70.833	504	106	252
MW006668.1	k141_59635	1487	66.974	760	212	230
MW006668.1	k141_9765	1361	95.960	99	4	161
MW006668.1	k141_9765	1361	95.960	99	4	161
MW006668.1	k141_56624	1190	85.075	134	17	150
MW006668.1	k141_57837	330	77.665	197	33	150
MW006668.1	k141_14008	2009	90.526	95	9	132
MW006668.1	k141_14008	2009	90.526	95	9	132
MW006668.1	k141_14008	2009	88.421	95	11	123
MW006668.1	k141_6990	3505	93.182	88	5	129
MW006668.1	k141_6990	3505	93.182	88	5	129
MW006668.1	k141_17990	2590	87.129	101	12	121
MW006668.1	k141_49491	533	84.545	110	16	119
MW006668.1	k141_7831	848	84.615	104	16	116
MW006668.1	k141_17912	328	91.358	81	7	115
MW006668.1	k141_17912	328	91.358	81	7	115
MW006668.1	k141_15800	540	84.466	103	16	114
MW006668.1	k141_39378	2288	79.389	131	17	106
MW006668.1	k141_57668	2087	82.524	103	18	105
MW006668.1	k141_22090	852	93.846	65	4	100
MW006668.1	k141_52961	1027	95.312	64	2	99.6
MW006668.1	k141_52961	1027	95.833	48	2	78.8
MW006668.1	k141_35925	464	79.348	92	19	81.5
MW006668.1	k141_35925	464	79.348	92	19	81.5
MW006668.1	k141_26181	531	82.090	67	12	68.0
MW006668.1	k141_46872	508	91.489	47	4	68.0
MW006668.1	k141_2871	424	88.235	51	6	66.2
MW006668.1	k141_2871	424	88.235	51	6	66.2
MW006668.1	k141_2135	6618	71.795	117	33	63.5
MW006668.1	k141_53584	568	91.892	37	3	54.5
MW006668.1	k141_19224	365	87.805	41	5	52.7
MW006668.1	k141_48130	1051	87.500	40	5	50.9
MW006668.1	k141_48130	1051	87.500	40	5	50.9
MW006668.1	k141_48130	1051	85.000	40	6	46.4
MW006668.1	k141_48130	1051	85.000	40	6	46.4
MW006668.1	k141_37648	696	85.000	40	6	46.4
MW006668.1	k141_37648	696	85.000	40	6	46.4
MW006668.1	k141_4841	502	78.000	50	11	41.9
MW006668.1	k141_4841	502	78.000	50	11	41.9
MW435436.1	k141_19433	79166	86.704	5400	622	6516
MW435436.1	k141_19433	79166	77.207	7555	1233	5780
MW435436.1	k141_19433	79166	82.285	3878	610	3894
MW435436.1	k141_19433	79166	89.027	2579	275	3360
MW435436.1	k141_19433	79166	79.714	3362	569	2978
MW435436.1	k141_19433	79166	81.398	2317	366	2214
MW435436.1	k141_19433	79166	84.651	1935	289	2140
MW435436.1	k141_19433	79166	83.710	1725	248	1820
MW435436.1	k141_19433	79166	86.863	1492	196	1808
MW435436.1	k141_19433	79166	91.030	1204	104	1671
MW435436.1	k141_19433	79166	78.422	1965	362	1590
MW435436.1	k141_19433	79166	77.522	2042	280	1545
MW435436.1	k141_19433	79166	79.299	1768	310	1531
MW435436.1	k141_19433	79166	73.585	2279	495	1385
MW435436.1	k141_19433	79166	82.946	1032	125	1042
MW435436.1	k141_19433	79166	68.683	2430	608	856
MW435436.1	k141_19433	79166	76.588	1055	171	782
MW435436.1	k141_19433	79166	76.679	1042	186	773
MW435436.1	k141_19433	79166	70.075	1741	345	725
MW435436.1	k141_19433	79166	73.050	987	150	573
MW435436.1	k141_19433	79166	82.218	568	98	568
MW435436.1	k141_19433	79166	77.743	647	114	496
MW435436.1	k141_19433	79166	68.188	1402	318	462
MW435436.1	k141_19433	79166	74.962	663	124	423
MW435436.1	k141_19433	79166	89.097	321	33	419
MW435436.1	k141_19433	79166	70.012	827	136	371
MW435436.1	k141_19433	79166	76.250	480	101	351
MW435436.1	k141_19433	79166	72.188	640	138	330
MW435436.1	k141_19433	79166	81.311	305	36	299
MW435436.1	k141_19433	79166	81.290	310	45	297
MW435436.1	k141_19433	79166	78.507	335	58	275
MW435436.1	k141_19433	79166	78.107	338	61	270
MW435436.1	k141_19433	79166	84.583	240	31	250
MW435436.1	k141_19433	79166	73.475	377	62	233
MW435436.1	k141_19433	79166	77.580	281	63	224
MW435436.1	k141_19433	79166	77.211	294	63	224
MW435436.1	k141_19433	79166	80.263	228	25	200
MW435436.1	k141_19433	79166	86.585	164	14	196
MW435436.1	k141_19433	79166	87.342	158	20	196
MW435436.1	k141_19433	79166	87.742	155	19	195
MW435436.1	k141_19433	79166	78.112	233	50	187
MW435436.1	k141_19433	79166	91.473	129	11	184
MW435436.1	k141_19433	79166	84.076	157	24	168
MW435436.1	k141_19433	79166	76.170	235	38	148
MW435436.1	k141_19433	79166	90.351	114	7	147
MW435436.1	k141_19433	79166	67.568	444	130	147
MW435436.1	k141_19433	79166	92.000	100	7	141
MW435436.1	k141_19433	79166	72.961	233	51	139
MW435436.1	k141_19433	79166	100.000	75	0	136
MW435436.1	k141_19433	79166	82.143	140	21	135
MW435436.1	k141_19433	79166	89.000	100	11	132
MW435436.1	k141_19433	79166	78.378	148	23	127
MW435436.1	k141_19433	79166	95.946	74	3	121
MW435436.1	k141_19433	79166	76.023	171	33	118
MW435436.1	k141_19433	79166	90.476	84	8	116
MW435436.1	k141_19433	79166	83.333	102	13	107
MW435436.1	k141_19433	79166	83.333	102	13	107
MW435436.1	k141_19433	79166	69.615	260	63	105
MW435436.1	k141_19433	79166	72.973	185	27	103
MW435436.1	k141_19433	79166	70.811	185	47	88.7
MW435436.1	k141_19433	79166	84.211	76	11	80.6
MW435436.1	k141_19433	79166	77.895	95	20	74.3
MW435436.1	k141_19433	79166	75.238	105	20	69.8
MW435436.1	k141_19433	79166	75.238	105	20	69.8
MW435436.1	k141_19433	79166	92.308	39	3	58.1
MW435436.1	k141_19433	79166	92.308	39	3	58.1
MW435436.1	k141_19433	79166	73.786	103	25	58.1
MW435436.1	k141_19433	79166	68.790	157	47	56.3
MW435436.1	k141_19433	79166	82.051	39	7	40.1
MW435436.1	k141_19317	21235	93.656	2995	145	4509
MW435436.1	k141_19317	21235	93.656	2995	145	4509
MW435436.1	k141_19317	21235	91.692	2949	169	4193
MW435436.1	k141_19317	21235	91.692	2949	169	4193
MW435436.1	k141_19317	21235	91.598	2666	137	3805
MW435436.1	k141_19317	21235	91.598	2666	137	3805
MW435436.1	k141_19317	21235	90.380	2266	125	3076
MW435436.1	k141_19317	21235	90.380	2266	125	3076
MW435436.1	k141_19317	21235	87.920	2260	209	2804
MW435436.1	k141_19317	21235	87.920	2260	209	2804
MW435436.1	k141_19317	21235	88.239	1641	125	2079
MW435436.1	k141_19317	21235	88.239	1641	125	2079
MW435436.1	k141_19317	21235	81.941	886	136	872
MW435436.1	k141_19317	21235	81.941	886	136	872
MW435436.1	k141_19317	21235	76.549	823	106	617
MW435436.1	k141_19317	21235	76.549	823	106	617
MW435436.1	k141_19317	21235	82.773	476	53	484
MW435436.1	k141_19317	21235	82.773	476	53	484
MW435436.1	k141_19317	21235	76.568	542	104	386
MW435436.1	k141_19317	21235	81.818	374	33	369
MW435436.1	k141_19317	21235	81.818	374	33	369
MW435436.1	k141_19317	21235	76.440	382	34	321
MW435436.1	k141_19317	21235	76.440	382	34	321
MW435436.1	k141_19317	21235	76.235	324	31	252
MW435436.1	k141_19317	21235	76.235	324	31	252
MW435436.1	k141_19317	21235	76.677	313	62	228
MW435436.1	k141_19317	21235	76.677	313	62	228
MW435436.1	k141_19317	21235	80.833	240	20	223
MW435436.1	k141_19317	21235	80.833	240	20	223
MW435436.1	k141_19317	21235	97.468	79	2	134
MW435436.1	k141_19317	21235	68.481	349	75	130
MW435436.1	k141_19317	21235	92.453	53	3	75.2
MW435436.1	k141_19317	21235	92.453	53	3	75.2
MW435436.1	k141_19317	21235	95.349	43	2	69.8
MW435436.1	k141_19317	21235	88.889	45	5	59.9
MW435436.1	k141_32746	12733	76.449	4021	676	2988
MW435436.1	k141_32746	12733	79.703	2020	352	1798
MW435436.1	k141_32746	12733	75.847	2273	491	1596
MW435436.1	k141_32746	12733	75.579	1986	429	1370
MW435436.1	k141_32746	12733	75.255	1176	241	796
MW435436.1	k141_32746	12733	75.651	1113	231	750
MW435436.1	k141_32746	12733	89.209	139	15	184
MW435436.1	k141_32746	12733	80.000	50	10	46.4
MW435436.1	k141_28033	1621	90.024	421	23	561
MW435436.1	k141_28033	1621	90.024	421	23	561
MW435436.1	k141_58175	7315	71.280	1156	263	538
MW435436.1	k141_58175	7315	71.280	1156	263	538
MW435436.1	k141_58175	7315	65.000	800	206	140
MW435436.1	k141_58175	7315	65.000	800	206	140
MW435436.1	k141_36845	4054	72.645	881	202	457
MW435436.1	k141_36845	4054	72.645	881	202	457
MW435436.1	k141_36845	4054	77.580	281	61	216
MW435436.1	k141_36845	4054	77.580	281	61	216
MW435436.1	k141_36845	4054	86.667	60	8	73.4
MW435436.1	k141_36845	4054	86.667	60	8	73.4
MW435436.1	k141_62000	3314	74.351	616	123	386
MW435436.1	k141_27623	1531	81.572	369	51	361
MW435436.1	k141_27623	1531	86.957	92	12	113
MW435436.1	k141_30520	1956	84.404	327	51	361
MW435436.1	k141_28353	1491	88.298	282	33	361
MW435436.1	k141_26978	1419	71.923	520	100	286
MW435436.1	k141_46636	335	76.420	352	58	270
MW435436.1	k141_37832	831	79.538	303	54	270
MW435436.1	k141_37832	831	77.273	110	25	86.9
MW435436.1	k141_59635	1487	67.989	756	201	256
MW435436.1	k141_9765	1361	97.980	99	2	170
MW435436.1	k141_9765	1361	97.980	99	2	170
MW435436.1	k141_49491	533	87.805	123	14	151
MW435436.1	k141_49491	533	87.805	123	14	151
MW435436.1	k141_57837	330	77.128	188	43	146
MW435436.1	k141_14008	2009	93.684	95	6	145
MW435436.1	k141_14008	2009	93.684	95	6	145
MW435436.1	k141_7831	848	89.423	104	11	139
MW435436.1	k141_56624	1190	82.143	140	21	135
MW435436.1	k141_17912	328	95.000	80	4	127
MW435436.1	k141_6990	3505	90.909	88	7	120
MW435436.1	k141_6990	3505	90.909	88	7	120
MW435436.1	k141_15800	540	85.437	103	15	119
MW435436.1	k141_17990	2590	90.476	84	8	116
MW435436.1	k141_57668	2087	83.673	98	16	105
MW435436.1	k141_22090	852	92.308	65	5	96.0
MW435436.1	k141_26181	531	88.571	70	8	91.5
MW435436.1	k141_52961	1027	97.917	48	1	83.3
MW435436.1	k141_35925	464	79.348	92	19	81.5
MW435436.1	k141_35925	464	79.348	92	19	81.5
MW435436.1	k141_10878	342	88.136	59	7	76.1
MW435436.1	k141_10878	342	88.136	59	7	76.1
MW435436.1	k141_46872	508	93.617	47	3	72.5
MW435436.1	k141_33732	559	80.822	73	14	69.8
MW435436.1	k141_2871	424	84.314	51	8	57.2
MW435436.1	k141_53584	568	94.286	35	2	55.4
MW435436.1	k141_53584	568	94.286	35	2	55.4
MW435436.1	k141_2135	6618	76.923	65	15	50.9
MW435436.1	k141_2135	6618	76.923	65	15	50.9
MW435436.1	k141_19224	365	85.000	40	6	46.4
NC_037882.1	k141_19433	79166	87.321	5442	601	6685
NC_037882.1	k141_19433	79166	78.376	7450	1124	6184
NC_037882.1	k141_19433	79166	82.962	3909	592	4038
NC_037882.1	k141_19433	79166	90.441	2584	245	3540
NC_037882.1	k141_19433	79166	81.388	3342	543	3213
NC_037882.1	k141_19433	79166	75.506	3756	722	2476
NC_037882.1	k141_19433	79166	84.234	2201	309	2390
NC_037882.1	k141_19433	79166	85.870	1932	268	2250
NC_037882.1	k141_19433	79166	82.549	1828	253	1851
NC_037882.1	k141_19433	79166	86.379	1505	205	1791
NC_037882.1	k141_19433	79166	79.608	1937	332	1693
NC_037882.1	k141_19433	79166	77.836	2098	292	1609
NC_037882.1	k141_19433	79166	75.565	2255	476	1552
NC_037882.1	k141_19433	79166	75.196	1657	305	1137
NC_037882.1	k141_19433	79166	88.005	817	69	1031
NC_037882.1	k141_19433	79166	86.550	803	98	953
NC_037882.1	k141_19433	79166	71.460	1794	325	893
NC_037882.1	k141_19433	79166	82.210	742	131	740
NC_037882.1	k141_19433	79166	75.514	1070	175	728
NC_037882.1	k141_19433	79166	86.018	565	76	662
NC_037882.1	k141_19433	79166	75.517	968	138	650
NC_037882.1	k141_19433	79166	72.385	1061	176	554
NC_037882.1	k141_19433	79166	69.262	1246	210	524
NC_037882.1	k141_19433	79166	77.573	651	99	491
NC_037882.1	k141_19433	79166	67.708	1313	290	443
NC_037882.1	k141_19433	79166	70.905	873	121	419
NC_037882.1	k141_19433	79166	89.726	292	29	389
NC_037882.1	k141_19433	79166	72.146	797	130	385
NC_037882.1	k141_19433	79166	72.451	657	118	359
NC_037882.1	k141_19433	79166	81.107	307	37	298
NC_037882.1	k141_19433	79166	80.374	321	50	289
NC_037882.1	k141_19433	79166	77.879	330	53	262
NC_037882.1	k141_19433	79166	82.022	267	31	254
NC_037882.1	k141_19433	79166	76.022	367	64	251
NC_037882.1	k141_19433	79166	70.841	535	92	248
NC_037882.1	k141_19433	79166	77.815	302	66	240
NC_037882.1	k141_19433	79166	85.204	196	23	224
NC_037882.1	k141_19433	79166	89.873	158	16	214
NC_037882.1	k141_19433	79166	85.882	170	24	199
NC_037882.1	k141_19433	79166	85.799	169	24	197
NC_037882.1	k141_19433	79166	75.445	281	69	196
NC_037882.1	k141_19433	79166	79.147	211	44	183
NC_037882.1	k141_19433	79166	74.205	283	63	173
NC_037882.1	k141_19433	79166	88.889	126	14	165
NC_037882.1	k141_19433	79166	88.000	125	12	152
NC_037882.1	k141_19433	79166	67.696	421	122	141
NC_037882.1	k141_19433	79166	100.000	75	0	136
NC_037882.1	k141_19433	79166	77.515	169	32	126
NC_037882.1	k141_19433	79166	96.104	77	3	126
NC_037882.1	k141_19433	79166	89.247	93	10	123
NC_037882.1	k141_19433	79166	94.595	74	4	116
NC_037882.1	k141_19433	79166	91.358	81	7	115
NC_037882.1	k141_19433	79166	82.727	110	19	113
NC_037882.1	k141_19433	79166	83.333	102	13	107
NC_037882.1	k141_19433	79166	83.333	102	13	107
NC_037882.1	k141_19433	79166	73.006	163	44	96.9
NC_037882.1	k141_19433	79166	83.908	87	13	91.5
NC_037882.1	k141_19433	79166	78.218	101	15	72.5
NC_037882.1	k141_19433	79166	82.812	64	11	67.1
NC_037882.1	k141_19433	79166	92.857	42	3	63.5
NC_037882.1	k141_19433	79166	89.362	47	5	63.5
NC_037882.1	k141_19433	79166	89.362	47	5	63.5
NC_037882.1	k141_19433	79166	94.872	39	2	62.6
NC_037882.1	k141_19433	79166	94.872	39	2	62.6
NC_037882.1	k141_19433	79166	67.949	156	50	57.2
NC_037882.1	k141_19433	79166	75.714	70	17	50.9
NC_037882.1	k141_19433	79166	80.769	52	10	50.0
NC_037882.1	k141_19433	79166	80.851	47	9	45.5
NC_037882.1	k141_19317	21235	92.175	4358	218	6312
NC_037882.1	k141_19317	21235	92.175	4358	218	6312
NC_037882.1	k141_19317	21235	94.012	3006	126	4582
NC_037882.1	k141_19317	21235	94.012	3006	126	4582
NC_037882.1	k141_19317	21235	92.279	2953	153	4280
NC_037882.1	k141_19317	21235	92.279	2953	153	4280
NC_037882.1	k141_19317	21235	89.187	2312	121	3033
NC_037882.1	k141_19317	21235	89.187	2312	121	3033
NC_037882.1	k141_19317	21235	85.753	1109	127	1262
NC_037882.1	k141_19317	21235	85.753	1109	127	1262
NC_037882.1	k141_19317	21235	82.844	886	128	903
NC_037882.1	k141_19317	21235	82.844	886	128	903
NC_037882.1	k141_19317	21235	79.800	802	105	710
NC_037882.1	k141_19317	21235	79.800	802	105	710
NC_037882.1	k141_19317	21235	75.930	914	85	657
NC_037882.1	k141_19317	21235	75.930	914	85	657
NC_037882.1	k141_19317	21235	91.724	435	35	619
NC_037882.1	k141_19317	21235	91.724	435	35	619
NC_037882.1	k141_19317	21235	78.913	460	40	404
NC_037882.1	k141_19317	21235	78.913	460	40	404
NC_037882.1	k141_19317	21235	75.047	537	88	375
NC_037882.1	k141_19317	21235	76.010	396	36	326
NC_037882.1	k141_19317	21235	76.010	396	36	326
NC_037882.1	k141_19317	21235	76.101	318	64	224
NC_037882.1	k141_19317	21235	76.101	318	64	224
NC_037882.1	k141_19317	21235	69.628	349	73	150
NC_037882.1	k141_19317	21235	98.734	79	1	139
NC_037882.1	k141_19317	21235	95.918	49	2	80.6
NC_037882.1	k141_19317	21235	95.918	49	2	80.6
NC_037882.1	k141_19317	21235	97.674	43	1	74.3
NC_037882.1	k141_19317	21235	91.111	45	4	64.4
NC_037882.1	k141_32746	12733	79.827	2315	392	2048
NC_037882.1	k141_32746	12733	81.061	2054	358	1929
NC_037882.1	k141_32746	12733	76.582	2370	457	1721
NC_037882.1	k141_32746	12733	78.373	1549	281	1256
NC_037882.1	k141_32746	12733	77.647	1105	229	851
NC_037882.1	k141_32746	12733	77.230	953	205	734
NC_037882.1	k141_32746	12733	91.489	141	12	201
NC_037882.1	k141_32746	12733	90.625	96	9	133
NC_037882.1	k141_32746	12733	79.592	49	10	44.6
NC_037882.1	k141_28033	1621	89.688	417	17	555
NC_037882.1	k141_28033	1621	89.688	417	17	555
NC_037882.1	k141_36845	4054	72.748	877	208	461
NC_037882.1	k141_36845	4054	72.748	877	208	461
NC_037882.1	k141_36845	4054	77.580	281	61	216
NC_037882.1	k141_36845	4054	77.580	281	61	216
NC_037882.1	k141_36845	4054	86.667	60	8	73.4
NC_037882.1	k141_36845	4054	86.667	60	8	73.4
NC_037882.1	k141_30520	1956	86.890	328	43	398
NC_037882.1	k141_62000	3314	74.338	604	122	394
NC_037882.1	k141_28353	1491	89.420	293	31	389
NC_037882.1	k141_27623	1531	83.287	359	42	376
NC_037882.1	k141_58175	7315	74.436	532	125	339
NC_037882.1	k141_58175	7315	74.436	532	125	339
NC_037882.1	k141_58175	7315	74.788	472	88	289
NC_037882.1	k141_58175	7315	74.788	472	88	289
NC_037882.1	k141_58175	7315	65.000	800	206	144
NC_037882.1	k141_58175	7315	65.000	800	206	144
NC_037882.1	k141_26978	1419	73.077	520	94	317
NC_037882.1	k141_46636	335	78.409	352	51	302
NC_037882.1	k141_37832	831	80.858	303	50	288
NC_037882.1	k141_37832	831	75.238	105	26	73.4
NC_037882.1	k141_59635	1487	66.755	755	212	216
NC_037882.1	k141_57837	330	79.787	188	38	168
NC_037882.1	k141_9765	1361	95.960	99	4	161
NC_037882.1	k141_9765	1361	95.960	99	4	161
NC_037882.1	k141_49491	533	86.992	123	15	147
NC_037882.1	k141_49491	533	86.992	123	15	147
NC_037882.1	k141_14008	2009	93.684	95	6	145
NC_037882.1	k141_14008	2009	93.684	95	6	145
NC_037882.1	k141_17990	2590	87.826	115	13	141
NC_037882.1	k141_6990	3505	94.318	88	4	133
NC_037882.1	k141_6990	3505	94.318	88	4	133
NC_037882.1	k141_56624	1190	82.540	126	13	128
NC_037882.1	k141_7831	848	86.667	105	14	127
NC_037882.1	k141_17912	328	92.500	80	6	118
NC_037882.1	k141_57668	2087	83.654	104	17	112
NC_037882.1	k141_52961	1027	93.750	64	3	95.1
NC_037882.1	k141_52961	1027	95.833	48	2	78.8
NC_037882.1	k141_22090	852	90.769	65	6	91.5
NC_037882.1	k141_26181	531	85.714	70	10	82.4
NC_037882.1	k141_35925	464	79.348	92	19	81.5
NC_037882.1	k141_35925	464	79.348	92	19	81.5
NC_037882.1	k141_10878	342	89.831	59	6	80.6
NC_037882.1	k141_10878	342	89.831	59	6	80.6
NC_037882.1	k141_2135	6618	73.950	119	31	76.1
NC_037882.1	k141_46872	508	93.617	47	3	72.5
NC_037882.1	k141_2871	424	91.837	49	4	71.6
NC_037882.1	k141_34443	428	88.462	52	6	68.0
NC_037882.1	k141_34443	428	88.462	52	6	68.0
NC_037882.1	k141_53584	568	91.892	37	3	54.5
NC_037882.1	k141_53584	568	91.892	37	3	54.5
NC_037882.1	k141_19224	365	87.500	40	5	50.9
NC_037882.1	k141_11362	1284	88.235	34	4	44.6
NC_056190.1	k141_19433	79166	86.887	5445	621	6559
NC_056190.1	k141_19433	79166	76.624	7482	1216	5512
NC_056190.1	k141_19433	79166	81.446	4010	632	3880
NC_056190.1	k141_19433	79166	88.790	2578	284	3342
NC_056190.1	k141_19433	79166	79.748	3338	588	2962
NC_056190.1	k141_19433	79166	82.084	2361	371	2322
NC_056190.1	k141_19433	79166	84.066	1933	290	2087
NC_056190.1	k141_19433	79166	86.566	1526	198	1817
NC_056190.1	k141_19433	79166	87.011	1432	149	1697
NC_056190.1	k141_19433	79166	78.207	1941	353	1563
NC_056190.1	k141_19433	79166	79.630	1728	298	1507
NC_056190.1	k141_19433	79166	75.673	2080	310	1408
NC_056190.1	k141_19433	79166	73.306	2214	487	1319
NC_056190.1	k141_19433	79166	76.208	1593	302	1149
NC_056190.1	k141_19433	79166	83.648	1058	149	1101
NC_056190.1	k141_19433	79166	78.523	1043	165	853
NC_056190.1	k141_19433	79166	68.402	2266	545	770
NC_056190.1	k141_19433	79166	80.902	665	120	616
NC_056190.1	k141_19433	79166	74.150	971	170	590
NC_056190.1	k141_19433	79166	80.472	635	112	584
NC_056190.1	k141_19433	79166	71.741	1097	204	578
NC_056190.1	k141_19433	79166	71.548	1195	227	576
NC_056190.1	k141_19433	79166	73.006	978	188	548
NC_056190.1	k141_19433	79166	68.122	1283	255	434
NC_056190.1	k141_19433	79166	74.808	651	107	415
NC_056190.1	k141_19433	79166	87.850	321	37	401
NC_056190.1	k141_19433	79166	71.018	835	131	398
NC_056190.1	k141_19433	79166	74.388	613	129	383
NC_056190.1	k141_19433	79166	83.587	329	33	352
NC_056190.1	k141_19433	79166	71.534	678	132	314
NC_056190.1	k141_19433	79166	86.640	247	21	277
NC_056190.1	k141_19433	79166	78.135	311	59	250
NC_056190.1	k141_19433	79166	76.296	270	30	221
NC_056190.1	k141_19433	79166	79.828	233	47	209
NC_056190.1	k141_19433	79166	73.926	349	62	205
NC_056190.1	k141_19433	79166	76.157	281	67	205
NC_056190.1	k141_19433	79166	83.684	190	24	201
NC_056190.1	k141_19433	79166	87.975	158	19	200
NC_056190.1	k141_19433	79166	82.632	190	30	188
NC_056190.1	k141_19433	79166	77.108	249	42	188
NC_056190.1	k141_19433	79166	78.802	217	46	185
NC_056190.1	k141_19433	79166	79.512	205	42	181
NC_056190.1	k141_19433	79166	87.075	147	14	176
NC_056190.1	k141_19433	79166	83.537	164	26	171
NC_056190.1	k141_19433	79166	78.286	175	34	140
NC_056190.1	k141_19433	79166	77.515	169	32	131
NC_056190.1	k141_19433	79166	82.171	129	23	130
NC_056190.1	k141_19433	79166	97.333	75	2	127
NC_056190.1	k141_19433	79166	96.104	77	3	126
NC_056190.1	k141_19433	79166	96.104	77	3	126
NC_056190.1	k141_19433	79166	76.364	165	39	123
NC_056190.1	k141_19433	79166	89.011	91	9	116
NC_056190.1	k141_19433	79166	93.421	76	5	115
NC_056190.1	k141_19433	79166	83.333	102	13	107
NC_056190.1	k141_19433	79166	83.333	102	13	107
NC_056190.1	k141_19433	79166	73.006	163	44	96.9
NC_056190.1	k141_19433	79166	87.324	71	9	88.7
NC_056190.1	k141_19433	79166	86.301	73	9	84.2
NC_056190.1	k141_19433	79166	86.567	67	9	81.5
NC_056190.1	k141_19433	79166	68.586	191	39	76.1
NC_056190.1	k141_19433	79166	76.471	102	18	73.4
NC_056190.1	k141_19433	79166	76.471	102	18	73.4
NC_056190.1	k141_19433	79166	73.276	116	31	70.7
NC_056190.1	k141_19433	79166	92.857	42	3	63.5
NC_056190.1	k141_19433	79166	78.571	70	15	59.9
NC_056190.1	k141_19317	21235	90.925	4441	244	6214
NC_056190.1	k141_19317	21235	90.925	4441	244	6214
NC_056190.1	k141_19317	21235	87.187	3793	310	4606
NC_056190.1	k141_19317	21235	87.187	3793	310	4606
NC_056190.1	k141_19317	21235	92.772	3016	142	4422
NC_056190.1	k141_19317	21235	92.772	3016	142	4422
NC_056190.1	k141_19317	21235	90.723	2242	127	3067
NC_056190.1	k141_19317	21235	90.723	2242	127	3067
NC_056190.1	k141_19317	21235	88.000	2225	208	2773
NC_056190.1	k141_19317	21235	88.000	2225	208	2773
NC_056190.1	k141_19317	21235	82.731	886	129	899
NC_056190.1	k141_19317	21235	82.731	886	129	899
NC_056190.1	k141_19317	21235	77.435	811	113	634
NC_056190.1	k141_19317	21235	77.435	811	113	634
NC_056190.1	k141_19317	21235	81.023	469	49	445
NC_056190.1	k141_19317	21235	81.023	469	49	445
NC_056190.1	k141_19317	21235	75.791	537	97	368
NC_056190.1	k141_19317	21235	75.711	387	38	312
NC_056190.1	k141_19317	21235	75.711	387	38	312
NC_056190.1	k141_19317	21235	76.341	317	62	224
NC_056190.1	k141_19317	21235	87.861	173	17	217
NC_056190.1	k141_19317	21235	87.861	173	17	217
NC_056190.1	k141_19317	21235	97.531	81	2	138
NC_056190.1	k141_19317	21235	86.598	97	13	117
NC_056190.1	k141_19317	21235	97.619	42	1	72.5
NC_056190.1	k141_19317	21235	88.889	45	5	59.9
NC_056190.1	k141_32746	12733	77.081	2295	432	1754
NC_056190.1	k141_32746	12733	76.605	1137	243	832
NC_056190.1	k141_32746	12733	78.453	905	162	752
NC_056190.1	k141_32746	12733	72.298	1101	241	619
NC_056190.1	k141_32746	12733	78.063	702	117	583
NC_056190.1	k141_32746	12733	91.367	139	12	197
NC_056190.1	k141_32746	12733	69.379	467	87	190
NC_056190.1	k141_32746	12733	75.000	124	31	85.1
NC_056190.1	k141_32746	12733	81.633	49	9	49.1
NC_056190.1	k141_28033	1621	89.437	426	22	560
NC_056190.1	k141_28033	1621	89.437	426	22	560
NC_056190.1	k141_36845	4054	72.860	888	210	471
NC_056190.1	k141_36845	4054	72.860	888	210	471
NC_056190.1	k141_36845	4054	77.224	281	62	212
NC_056190.1	k141_36845	4054	77.224	281	62	212
NC_056190.1	k141_36845	4054	86.667	60	8	73.4
NC_056190.1	k141_36845	4054	86.667	60	8	73.4
NC_056190.1	k141_27623	1531	79.443	467	66	392
NC_056190.1	k141_28353	1491	88.652	282	32	365
NC_056190.1	k141_30520	1956	86.513	304	41	364
NC_056190.1	k141_58175	7315	74.436	532	125	339
NC_056190.1	k141_58175	7315	74.436	532	125	339
NC_056190.1	k141_58175	7315	75.212	472	86	298
NC_056190.1	k141_58175	7315	75.212	472	86	298
NC_056190.1	k141_58175	7315	64.677	804	207	132
NC_056190.1	k141_58175	7315	64.677	804	207	132
NC_056190.1	k141_26978	1419	72.597	489	93	288
NC_056190.1	k141_59635	1487	68.516	775	193	281
NC_056190.1	k141_37832	831	79.868	303	53	275
NC_056190.1	k141_37832	831	74.545	110	28	73.4
NC_056190.1	k141_46636	335	75.284	352	62	252
NC_056190.1	k141_62000	3314	70.337	445	83	194
NC_056190.1	k141_57837	330	80.711	197	38	185
NC_056190.1	k141_9765	1361	94.340	106	4	162
NC_056190.1	k141_9765	1361	94.340	106	4	162
NC_056190.1	k141_14008	2009	95.789	95	4	154
NC_056190.1	k141_14008	2009	95.789	95	4	154
NC_056190.1	k141_56624	1190	82.353	136	12	140
NC_056190.1	k141_49491	533	85.366	123	17	138
NC_056190.1	k141_49491	533	85.366	123	17	138
NC_056190.1	k141_6990	3505	93.258	89	5	131
NC_056190.1	k141_6990	3505	93.258	89	5	131
NC_056190.1	k141_17990	2590	86.792	106	12	122
NC_056190.1	k141_7831	848	85.577	104	15	121
NC_056190.1	k141_22090	852	93.750	64	4	98.7
NC_056190.1	k141_57668	2087	84.810	79	12	89.7
NC_056190.1	k141_35925	464	79.348	92	19	81.5
NC_056190.1	k141_35925	464	79.348	92	19	81.5
NC_056190.1	k141_10878	342	89.831	59	6	80.6
NC_056190.1	k141_10878	342	89.831	59	6	80.6
NC_056190.1	k141_52961	1027	87.500	64	7	77.0
NC_056190.1	k141_52961	1027	93.750	48	3	74.3
NC_056190.1	k141_46872	508	95.652	46	2	75.2
NC_056190.1	k141_2871	424	89.796	49	5	67.1
NC_056190.1	k141_34443	428	86.538	52	7	63.5
NC_056190.1	k141_34443	428	86.538	52	7	63.5
NC_056190.1	k141_19224	365	88.372	43	5	56.3
MN564931.1	k141_19433	79166	86.759	5430	616	6523
MN564931.1	k141_19433	79166	76.826	7776	1312	5724
MN564931.1	k141_19433	79166	82.432	3848	599	3885
MN564931.1	k141_19433	79166	88.233	2575	294	3268
MN564931.1	k141_19433	79166	80.761	3337	566	3103
MN564931.1	k141_19433	79166	74.102	4120	797	2512
MN564931.1	k141_19433	79166	80.719	2448	396	2270
MN564931.1	k141_19433	79166	84.446	1903	293	2096
MN564931.1	k141_19433	79166	86.318	1491	203	1766
MN564931.1	k141_19433	79166	80.664	1867	310	1709
MN564931.1	k141_19433	79166	80.170	1765	308	1576
MN564931.1	k141_19433	79166	77.056	2079	339	1498
MN564931.1	k141_19433	79166	76.900	1961	362	1473
MN564931.1	k141_19433	79166	73.988	2199	485	1362
MN564931.1	k141_19433	79166	77.212	1571	288	1166
MN564931.1	k141_19433	79166	83.046	1044	125	1087
MN564931.1	k141_19433	79166	71.116	1326	261	640
MN564931.1	k141_19433	79166	80.030	666	118	602
MN564931.1	k141_19433	79166	83.808	562	88	602
MN564931.1	k141_19433	79166	72.962	969	148	548
MN564931.1	k141_19433	79166	75.959	678	106	472
MN564931.1	k141_19433	79166	78.996	538	65	446
MN564931.1	k141_19433	79166	88.820	322	33	417
MN564931.1	k141_19433	79166	88.571	280	30	354
MN564931.1	k141_19433	79166	76.458	480	107	353
MN564931.1	k141_19433	79166	74.007	554	125	332
MN564931.1	k141_19433	79166	69.361	829	131	326
MN564931.1	k141_19433	79166	70.607	626	109	287
MN564931.1	k141_19433	79166	76.738	374	80	280
MN564931.1	k141_19433	79166	79.180	317	33	278
MN564931.1	k141_19433	79166	84.490	245	34	270
MN564931.1	k141_19433	79166	75.897	390	71	260
MN564931.1	k141_19433	79166	74.928	347	61	235
MN564931.1	k141_19433	79166	80.833	240	43	224
MN564931.1	k141_19433	79166	84.184	196	25	215
MN564931.1	k141_19433	79166	80.804	224	26	213
MN564931.1	k141_19433	79166	75.532	282	67	191
MN564931.1	k141_19433	79166	85.802	162	23	189
MN564931.1	k141_19433	79166	79.343	213	44	187
MN564931.1	k141_19433	79166	94.545	110	6	172
MN564931.1	k141_19433	79166	78.261	207	45	171
MN564931.1	k141_19433	79166	83.537	164	22	166
MN564931.1	k141_19433	79166	89.683	126	11	162
MN564931.1	k141_19433	79166	87.121	132	15	159
MN564931.1	k141_19433	79166	82.237	152	21	154
MN564931.1	k141_19433	79166	75.111	225	56	154
MN564931.1	k141_19433	79166	78.771	179	38	152
MN564931.1	k141_19433	79166	66.316	570	170	142
MN564931.1	k141_19433	79166	93.407	91	6	138
MN564931.1	k141_19433	79166	100.000	75	0	136
MN564931.1	k141_19433	79166	89.691	97	10	131
MN564931.1	k141_19433	79166	92.593	81	6	120
MN564931.1	k141_19433	79166	89.130	92	9	118
MN564931.1	k141_19433	79166	65.863	498	93	112
MN564931.1	k141_19433	79166	90.000	80	8	109
MN564931.1	k141_19433	79166	83.333	102	13	107
MN564931.1	k141_19433	79166	83.333	102	13	107
MN564931.1	k141_19433	79166	78.519	135	23	101
MN564931.1	k141_19433	79166	75.000	124	31	85.1
MN564931.1	k141_19433	79166	87.500	56	7	70.7
MN564931.1	k141_19433	79166	71.233	146	40	68.0
MN564931.1	k141_19433	79166	74.286	105	21	65.3
MN564931.1	k141_19433	79166	69.006	171	49	60.8
MN564931.1	k141_19433	79166	74.038	104	25	59.9
MN564931.1	k141_19433	79166	90.476	42	4	59.0
MN564931.1	k141_19433	79166	92.308	39	3	58.1
MN564931.1	k141_19433	79166	92.308	39	3	58.1
MN564931.1	k141_19433	79166	82.979	47	8	50.0
MN564931.1	k141_19433	79166	83.333	42	7	45.5
MN564931.1	k141_19433	79166	79.167	48	10	42.8
MN564931.1	k141_19317	21235	91.070	4513	247	6296
MN564931.1	k141_19317	21235	91.070	4513	247	6296
MN564931.1	k141_19317	21235	87.837	3823	299	4718
MN564931.1	k141_19317	21235	87.837	3823	299	4718
MN564931.1	k141_19317	21235	93.542	3004	132	4505
MN564931.1	k141_19317	21235	93.542	3004	132	4505
MN564931.1	k141_19317	21235	89.742	2291	134	3069
MN564931.1	k141_19317	21235	89.742	2291	134	3069
MN564931.1	k141_19317	21235	87.996	2091	195	2618
MN564931.1	k141_19317	21235	87.996	2091	195	2618
MN564931.1	k141_19317	21235	75.679	884	138	645
MN564931.1	k141_19317	21235	75.679	884	138	645
MN564931.1	k141_19317	21235	82.143	476	60	467
MN564931.1	k141_19317	21235	82.143	476	60	467
MN564931.1	k141_19317	21235	83.188	458	63	465
MN564931.1	k141_19317	21235	83.188	458	63	465
MN564931.1	k141_19317	21235	78.828	529	79	425
MN564931.1	k141_19317	21235	74.495	396	39	297
MN564931.1	k141_19317	21235	74.495	396	39	297
MN564931.1	k141_19317	21235	78.165	316	59	251
MN564931.1	k141_19317	21235	81.513	238	20	235
MN564931.1	k141_19317	21235	81.513	238	20	235
MN564931.1	k141_19317	21235	73.066	349	65	205
MN564931.1	k141_19317	21235	73.066	349	65	205
MN564931.1	k141_19317	21235	77.619	210	30	169
MN564931.1	k141_19317	21235	77.619	210	30	169
MN564931.1	k141_19317	21235	100.000	79	0	143
MN564931.1	k141_19317	21235	88.235	68	6	80.6
MN564931.1	k141_19317	21235	91.111	45	4	64.4
MN564931.1	k141_32746	12733	78.925	2325	410	1953
MN564931.1	k141_32746	12733	81.308	1942	332	1867
MN564931.1	k141_32746	12733	76.264	2216	466	1594
MN564931.1	k141_32746	12733	78.216	1446	260	1161
MN564931.1	k141_32746	12733	73.605	1201	241	738
MN564931.1	k141_32746	12733	75.229	1090	236	717
MN564931.1	k141_32746	12733	90.647	139	13	193
MN564931.1	k141_32746	12733	79.592	49	10	44.6
MN564931.1	k141_28033	1621	91.367	417	18	584
MN564931.1	k141_28033	1621	91.367	417	18	584
MN564931.1	k141_36845	4054	72.976	877	206	470
MN564931.1	k141_36845	4054	72.976	877	206	470
MN564931.1	k141_36845	4054	77.580	281	61	216
MN564931.1	k141_36845	4054	77.580	281	61	216
MN564931.1	k141_36845	4054	86.667	60	8	73.4
MN564931.1	k141_36845	4054	86.667	60	8	73.4
MN564931.1	k141_30520	1956	87.195	328	42	403
MN564931.1	k141_28353	1491	88.966	290	32	379
MN564931.1	k141_62000	3314	74.595	555	102	361
MN564931.1	k141_27623	1531	80.488	369	55	343
MN564931.1	k141_27623	1531	82.500	120	20	119
MN564931.1	k141_58175	7315	73.872	532	128	325
MN564931.1	k141_58175	7315	73.872	532	128	325
MN564931.1	k141_58175	7315	75.641	468	91	293
MN564931.1	k141_58175	7315	75.641	468	91	293
MN564931.1	k141_58175	7315	65.038	798	211	140
MN564931.1	k141_58175	7315	65.038	798	211	140
MN564931.1	k141_37832	831	82.178	303	46	306
MN564931.1	k141_37832	831	74.545	110	28	73.4
MN564931.1	k141_26978	1419	71.127	568	111	288
MN564931.1	k141_46636	335	76.989	352	56	279
MN564931.1	k141_59635	1487	67.905	754	209	259
MN564931.1	k141_9765	1361	96.939	98	3	164
MN564931.1	k141_9765	1361	96.939	98	3	164
MN564931.1	k141_57837	330	78.392	199	39	156
MN564931.1	k141_14008	2009	95.789	95	4	154
MN564931.1	k141_14008	2009	95.789	95	4	154
MN564931.1	k141_56624	1190	85.185	135	15	145
MN564931.1	k141_49491	533	85.366	123	17	138
MN564931.1	k141_49491	533	85.366	123	17	138
MN564931.1	k141_6990	3505	94.318	88	4	133
MN564931.1	k141_6990	3505	94.318	88	4	133
MN564931.1	k141_7831	848	85.714	105	15	123
MN564931.1	k141_17990	2590	88.764	89	9	113
MN564931.1	k141_57668	2087	82.692	104	18	107
MN564931.1	k141_17912	328	88.608	79	9	103
MN564931.1	k141_15800	540	81.553	103	19	101
MN564931.1	k141_22090	852	93.651	63	4	96.9
MN564931.1	k141_35925	464	79.348	92	19	81.5
MN564931.1	k141_35925	464	79.348	92	19	81.5
MN564931.1	k141_52961	1027	95.833	48	2	78.8
MN564931.1	k141_52961	1027	87.500	64	7	77.0
MN564931.1	k141_26181	531	84.286	70	11	77.9
MN564931.1	k141_46872	508	95.745	47	2	77.0
MN564931.1	k141_2871	424	93.878	49	3	76.1
MN564931.1	k141_2135	6618	72.180	133	37	74.3
MN564931.1	k141_34443	428	86.538	52	7	63.5
MN564931.1	k141_34443	428	86.538	52	7	63.5
MN564931.1	k141_33763	2204	86.667	45	6	55.4
MN564931.1	k141_33763	2204	86.667	45	6	55.4
MN564931.1	k141_19224	365	87.805	41	5	52.7
NC_031651.1	k141_19433	79166	87.468	5402	590	6679
NC_031651.1	k141_19433	79166	78.370	7499	1204	6124
NC_031651.1	k141_19433	79166	83.170	3868	549	4048
NC_031651.1	k141_19433	79166	90.596	2499	235	3448
NC_031651.1	k141_19433	79166	80.738	3359	555	3134
NC_031651.1	k141_19433	79166	80.324	3029	454	2787
NC_031651.1	k141_19433	79166	75.140	3757	737	2481
NC_031651.1	k141_19433	79166	83.892	2117	329	2278
NC_031651.1	k141_19433	79166	86.379	1505	205	1791
NC_031651.1	k141_19433	79166	82.667	1725	254	1759
NC_031651.1	k141_19433	79166	81.456	1758	283	1695
NC_031651.1	k141_19433	79166	78.246	2064	290	1639
NC_031651.1	k141_19433	79166	76.016	2264	464	1617
NC_031651.1	k141_19433	79166	78.436	1957	361	1592
NC_031651.1	k141_19433	79166	87.395	952	108	1165
NC_031651.1	k141_19433	79166	79.803	1015	167	878
NC_031651.1	k141_19433	79166	77.281	1074	196	813
NC_031651.1	k141_19433	79166	70.556	1474	250	661
NC_031651.1	k141_19433	79166	82.938	633	99	655
NC_031651.1	k141_19433	79166	70.516	1221	206	547
NC_031651.1	k141_19433	79166	79.160	643	102	526
NC_031651.1	k141_19433	79166	73.966	822	122	507
NC_031651.1	k141_19433	79166	77.080	685	119	504
NC_031651.1	k141_19433	79166	80.705	482	78	446
NC_031651.1	k141_19433	79166	88.889	324	34	420
NC_031651.1	k141_19433	79166	74.026	693	145	412
NC_031651.1	k141_19433	79166	78.373	504	91	403
NC_031651.1	k141_19433	79166	72.917	720	125	398
NC_031651.1	k141_19433	79166	74.010	631	131	384
NC_031651.1	k141_19433	79166	83.136	338	35	346
NC_031651.1	k141_19433	79166	81.962	316	50	311
NC_031651.1	k141_19433	79166	88.430	242	18	297
NC_031651.1	k141_19433	79166	85.833	240	31	279
NC_031651.1	k141_19433	79166	74.638	414	61	260
NC_031651.1	k141_19433	79166	78.929	280	59	240
NC_031651.1	k141_19433	79166	71.540	513	103	239
NC_031651.1	k141_19433	79166	77.104	297	68	230
NC_031651.1	k141_19433	79166	75.526	380	63	226
NC_031651.1	k141_19433	79166	74.534	322	63	211
NC_031651.1	k141_19433	79166	83.085	201	33	206
NC_031651.1	k141_19433	79166	75.168	298	62	206
NC_031651.1	k141_19433	79166	79.646	226	46	201
NC_031651.1	k141_19433	79166	87.975	158	19	200
NC_031651.1	k141_19433	79166	91.453	117	8	159
NC_031651.1	k141_19433	79166	79.781	183	29	158
NC_031651.1	k141_19433	79166	87.302	126	10	157
NC_031651.1	k141_19433	79166	76.119	201	34	150
NC_031651.1	k141_19433	79166	92.391	92	7	135
NC_031651.1	k141_19433	79166	97.468	79	2	134
NC_031651.1	k141_19433	79166	76.970	165	38	127
NC_031651.1	k141_19433	79166	91.765	85	7	123
NC_031651.1	k141_19433	79166	87.879	99	11	122
NC_031651.1	k141_19433	79166	91.765	85	5	120
NC_031651.1	k141_19433	79166	74.556	169	37	104
NC_031651.1	k141_19433	79166	72.393	163	45	92.4
NC_031651.1	k141_19433	79166	87.324	71	9	88.7
NC_031651.1	k141_19433	79166	90.000	50	5	68.9
NC_031651.1	k141_19433	79166	89.583	48	5	65.3
NC_031651.1	k141_19433	79166	89.583	48	5	65.3
NC_031651.1	k141_19433	79166	92.308	39	3	58.1
NC_031651.1	k141_19433	79166	92.308	39	3	58.1
NC_031651.1	k141_19433	79166	65.801	231	77	54.5
NC_031651.1	k141_19433	79166	73.469	98	24	53.6
NC_031651.1	k141_19433	79166	75.714	70	11	42.8
NC_031651.1	k141_19433	79166	82.051	39	7	40.1
NC_031651.1	k141_19317	21235	91.593	4544	245	6448
NC_031651.1	k141_19317	21235	91.593	4544	245	6448
NC_031651.1	k141_19317	21235	94.145	2989	137	4582
NC_031651.1	k141_19317	21235	94.145	2989	137	4582
NC_031651.1	k141_19317	21235	91.865	2938	164	4195
NC_031651.1	k141_19317	21235	91.865	2938	164	4195
NC_031651.1	k141_19317	21235	89.784	2271	127	3037
NC_031651.1	k141_19317	21235	89.784	2271	127	3037
NC_031651.1	k141_19317	21235	89.006	2283	197	2940
NC_031651.1	k141_19317	21235	89.995	2199	184	2935
NC_031651.1	k141_19317	21235	83.070	886	126	917
NC_031651.1	k141_19317	21235	83.070	886	126	917
NC_031651.1	k141_19317	21235	78.256	814	110	627
NC_031651.1	k141_19317	21235	78.256	814	110	627
NC_031651.1	k141_19317	21235	82.979	470	49	489
NC_031651.1	k141_19317	21235	82.979	470	49	489
NC_031651.1	k141_19317	21235	78.815	557	84	459
NC_031651.1	k141_19317	21235	81.450	469	62	445
NC_031651.1	k141_19317	21235	81.450	469	62	445
NC_031651.1	k141_19317	21235	77.003	387	33	334
NC_031651.1	k141_19317	21235	77.003	387	33	334
NC_031651.1	k141_19317	21235	80.997	321	51	296
NC_031651.1	k141_19317	21235	84.375	224	21	242
NC_031651.1	k141_19317	21235	84.375	224	21	242
NC_031651.1	k141_19317	21235	71.651	321	64	162
NC_031651.1	k141_19317	21235	78.173	197	32	159
NC_031651.1	k141_19317	21235	98.182	55	1	96.0
NC_031651.1	k141_19317	21235	100.000	39	0	71.6
NC_031651.1	k141_19317	21235	90.566	53	4	70.7
NC_031651.1	k141_19317	21235	90.566	53	4	70.7
NC_031651.1	k141_32746	12733	82.587	1987	296	2011
NC_031651.1	k141_32746	12733	78.122	2322	391	1900
NC_031651.1	k141_32746	12733	76.585	2272	467	1641
NC_031651.1	k141_32746	12733	79.500	1439	244	1244
NC_031651.1	k141_32746	12733	76.445	1142	201	828
NC_031651.1	k141_32746	12733	73.791	1179	246	728
NC_031651.1	k141_32746	12733	92.199	141	11	205
NC_031651.1	k141_32746	12733	72.470	247	40	138
NC_031651.1	k141_32746	12733	81.633	49	9	49.1
NC_031651.1	k141_28033	1621	92.233	412	19	593
NC_031651.1	k141_28033	1621	92.233	412	19	593
NC_031651.1	k141_36845	4054	73.182	880	199	476
NC_031651.1	k141_36845	4054	73.182	880	199	476
NC_031651.1	k141_36845	4054	77.580	281	61	216
NC_031651.1	k141_36845	4054	77.580	281	61	216
NC_031651.1	k141_36845	4054	86.667	60	8	73.4
NC_031651.1	k141_36845	4054	86.667	60	8	73.4
NC_031651.1	k141_27623	1531	83.288	371	45	392
NC_031651.1	k141_27623	1531	86.667	120	15	141
NC_031651.1	k141_30520	1956	85.976	328	46	385
NC_031651.1	k141_62000	3314	74.686	557	92	378
NC_031651.1	k141_28353	1491	89.007	282	31	370
NC_031651.1	k141_58175	7315	74.248	532	126	334
NC_031651.1	k141_58175	7315	74.248	532	126	334
NC_031651.1	k141_58175	7315	74.359	468	97	284
NC_031651.1	k141_58175	7315	74.359	468	97	284
NC_031651.1	k141_58175	7315	64.875	800	207	135
NC_031651.1	k141_58175	7315	64.875	800	207	135
NC_031651.1	k141_46636	335	78.125	352	52	297
NC_031651.1	k141_26978	1419	71.303	568	110	297
NC_031651.1	k141_37832	831	80.858	303	50	288
NC_031651.1	k141_37832	831	76.364	110	26	82.4
NC_031651.1	k141_59635	1487	67.038	807	226	239
NC_031651.1	k141_57837	330	80.851	188	36	178
NC_031651.1	k141_9765	1361	95.876	97	4	158
NC_031651.1	k141_9765	1361	95.876	97	4	158
NC_031651.1	k141_14008	2009	94.737	95	5	150
NC_031651.1	k141_14008	2009	94.737	95	5	150
NC_031651.1	k141_49491	533	86.179	123	16	142
NC_031651.1	k141_49491	533	86.179	123	16	142
NC_031651.1	k141_7831	848	88.462	104	12	134
NC_031651.1	k141_6990	3505	94.318	88	4	133
NC_031651.1	k141_6990	3505	94.318	88	4	133
NC_031651.1	k141_56624	1190	83.200	125	18	130
NC_031651.1	k141_17990	2590	91.667	84	7	121
NC_031651.1	k141_57668	2087	82.692	104	18	107
NC_031651.1	k141_15800	540	82.692	104	17	104
NC_031651.1	k141_26181	531	88.235	68	8	87.8
NC_031651.1	k141_22090	852	90.476	63	6	87.8
NC_031651.1	k141_35925	464	80.435	92	18	86.0
NC_031651.1	k141_35925	464	80.435	92	18	86.0
NC_031651.1	k141_52961	1027	90.625	64	5	86.0
NC_031651.1	k141_52961	1027	91.667	48	4	69.8
NC_031651.1	k141_2135	6618	75.455	110	27	77.9
NC_031651.1	k141_2871	424	93.878	49	3	76.1
NC_031651.1	k141_10878	342	88.136	59	7	76.1
NC_031651.1	k141_10878	342	88.136	59	7	76.1
NC_031651.1	k141_46872	508	91.489	47	4	68.0
NC_031651.1	k141_53584	568	94.595	37	2	59.0
NC_031651.1	k141_19224	365	87.500	40	5	50.9
MW366789.1	k141_19433	79166	89.298	5326	500	7013
MW366789.1	k141_19433	79166	89.298	5326	500	7013
MW366789.1	k141_19433	79166	80.352	5853	801	5289
MW366789.1	k141_19433	79166	81.095	3983	635	3778
MW366789.1	k141_19433	79166	89.760	2832	263	3766
MW366789.1	k141_19433	79166	80.483	3356	546	3094
MW366789.1	k141_19433	79166	79.665	3398	561	2955
MW366789.1	k141_19433	79166	78.479	3550	621	2880
MW366789.1	k141_19433	79166	85.581	1935	265	2232
MW366789.1	k141_19433	79166	79.934	2133	328	1904
MW366789.1	k141_19433	79166	87.315	1553	180	1902
MW366789.1	k141_19433	79166	80.362	1935	324	1760
MW366789.1	k141_19433	79166	80.122	1806	288	1595
MW366789.1	k141_19433	79166	77.514	1770	279	1357
MW366789.1	k141_19433	79166	78.934	1576	267	1319
MW366789.1	k141_19433	79166	86.893	1091	119	1309
MW366789.1	k141_19433	79166	79.268	1066	206	927
MW366789.1	k141_19433	79166	81.607	946	140	899
MW366789.1	k141_19433	79166	78.247	947	136	739
MW366789.1	k141_19433	79166	72.121	1155	252	623
MW366789.1	k141_19433	79166	81.191	638	115	601
MW366789.1	k141_19433	79166	75.383	849	119	563
MW366789.1	k141_19433	79166	73.137	1020	162	553
MW366789.1	k141_19433	79166	75.918	735	126	529
MW366789.1	k141_19433	79166	79.310	551	91	447
MW366789.1	k141_19433	79166	86.150	361	41	416
MW366789.1	k141_19433	79166	72.754	690	116	399
MW366789.1	k141_19433	79166	72.614	723	127	390
MW366789.1	k141_19433	79166	66.488	1304	243	386
MW366789.1	k141_19433	79166	73.521	676	152	379
MW366789.1	k141_19433	79166	78.876	445	61	369
MW366789.1	k141_19433	79166	78.876	445	61	369
MW366789.1	k141_19433	79166	83.432	338	45	350
MW366789.1	k141_19433	79166	67.627	1041	182	341
MW366789.1	k141_19433	79166	73.175	589	125	335
MW366789.1	k141_19433	79166	73.321	551	106	333
MW366789.1	k141_19433	79166	87.554	233	26	288
MW366789.1	k141_19433	79166	77.394	376	64	279
MW366789.1	k141_19433	79166	88.000	225	25	278
MW366789.1	k141_19433	79166	75.272	368	58	230
MW366789.1	k141_19433	79166	83.962	212	32	227
MW366789.1	k141_19433	79166	77.936	281	60	221
MW366789.1	k141_19433	79166	75.155	322	51	220
MW366789.1	k141_19433	79166	79.424	243	37	198
MW366789.1	k141_19433	79166	96.154	104	4	170
MW366789.1	k141_19433	79166	68.777	458	117	169
MW366789.1	k141_19433	79166	67.446	556	162	168
MW366789.1	k141_19433	79166	67.446	556	162	168
MW366789.1	k141_19433	79166	84.106	151	24	165
MW366789.1	k141_19433	79166	86.957	138	10	158
MW366789.1	k141_19433	79166	90.265	113	11	155
MW366789.1	k141_19433	79166	78.075	187	35	136
MW366789.1	k141_19433	79166	92.308	91	7	133
MW366789.1	k141_19433	79166	97.436	78	2	132
MW366789.1	k141_19433	79166	77.987	159	24	122
MW366789.1	k141_19433	79166	70.428	257	40	118
MW366789.1	k141_19433	79166	78.000	150	28	118
MW366789.1	k141_19433	79166	87.234	94	12	116
MW366789.1	k141_19433	79166	74.556	169	36	109
MW366789.1	k141_19433	79166	73.939	165	43	104
MW366789.1	k141_19433	79166	73.939	165	43	104
MW366789.1	k141_19433	79166	89.610	77	8	104
MW366789.1	k141_19433	79166	91.892	74	5	104
MW366789.1	k141_19433	79166	91.892	74	5	104
MW366789.1	k141_19433	79166	78.125	128	26	98.7
MW366789.1	k141_19433	79166	81.373	102	15	98.7
MW366789.1	k141_19433	79166	81.373	102	15	98.7
MW366789.1	k141_19433	79166	68.657	268	68	97.8
MW366789.1	k141_19433	79166	68.657	268	68	97.8
MW366789.1	k141_19433	79166	76.000	125	28	84.2
MW366789.1	k141_19433	79166	73.950	119	31	76.1
MW366789.1	k141_19433	79166	73.950	119	31	76.1
MW366789.1	k141_19433	79166	89.286	56	6	75.2
MW366789.1	k141_19433	79166	87.931	58	6	70.7
MW366789.1	k141_19433	79166	87.931	58	6	70.7
MW366789.1	k141_19433	79166	66.379	232	74	53.6
MW366789.1	k141_19433	79166	66.379	232	74	53.6
MW366789.1	k141_19433	79166	67.647	170	53	52.7
MW366789.1	k141_19433	79166	67.647	170	53	52.7
MW366789.1	k141_19433	79166	73.256	86	17	49.1
MW366789.1	k141_19433	79166	79.245	53	11	47.3
MW366789.1	k141_19433	79166	79.245	53	11	47.3
MW366789.1	k141_19433	79166	77.551	49	11	40.1
MW366789.1	k141_19317	21235	89.885	4884	381	6561
MW366789.1	k141_19317	21235	89.885	4884	381	6561
MW366789.1	k141_19317	21235	92.156	2996	155	4322
MW366789.1	k141_19317	21235	92.156	2996	155	4322
MW366789.1	k141_19317	21235	88.845	2259	158	2892
MW366789.1	k141_19317	21235	88.845	2259	158	2892
MW366789.1	k141_19317	21235	86.582	2288	213	2742
MW366789.1	k141_19317	21235	86.538	2288	214	2737
MW366789.1	k141_19317	21235	91.405	1815	101	2571
MW366789.1	k141_19317	21235	91.405	1815	101	2571
MW366789.1	k141_19317	21235	83.881	639	52	690
MW366789.1	k141_19317	21235	83.881	639	52	690
MW366789.1	k141_19317	21235	84.916	537	50	614
MW366789.1	k141_19317	21235	84.916	537	50	614
MW366789.1	k141_19317	21235	88.722	399	32	511
MW366789.1	k141_19317	21235	87.143	280	28	342
MW366789.1	k141_19317	21235	87.143	280	28	342
MW366789.1	k141_19317	21235	97.826	138	3	236
MW366789.1	k141_19317	21235	97.826	138	3	236
MW366789.1	k141_19317	21235	83.673	196	23	209
MW366789.1	k141_19317	21235	83.673	196	23	209
MW366789.1	k141_19317	21235	91.724	145	12	208
MW366789.1	k141_19317	21235	91.724	145	12	208
MW366789.1	k141_19317	21235	86.441	177	22	205
MW366789.1	k141_19317	21235	86.441	177	22	205
MW366789.1	k141_19317	21235	87.037	162	18	198
MW366789.1	k141_19317	21235	74.194	310	43	196
MW366789.1	k141_19317	21235	87.037	162	18	196
MW366789.1	k141_19317	21235	84.173	139	13	156
MW366789.1	k141_19317	21235	84.173	139	13	156
MW366789.1	k141_19317	21235	94.253	87	5	135
MW366789.1	k141_19317	21235	94.253	87	5	135
MW366789.1	k141_19317	21235	87.342	79	5	98.7
MW366789.1	k141_19317	21235	87.342	79	5	98.7
MW366789.1	k141_19317	21235	93.878	49	3	76.1
MW366789.1	k141_19317	21235	93.878	49	3	76.1
MW366789.1	k141_19317	21235	93.878	49	3	76.1
MW366789.1	k141_19317	21235	90.909	44	4	62.6
MW366789.1	k141_32746	12733	82.712	3997	521	4085
MW366789.1	k141_32746	12733	82.712	3997	521	4085
MW366789.1	k141_32746	12733	80.739	2030	340	1895
MW366789.1	k141_32746	12733	76.837	2327	480	1757
MW366789.1	k141_32746	12733	78.731	1119	199	945
MW366789.1	k141_32746	12733	83.180	654	105	666
MW366789.1	k141_32746	12733	83.180	654	105	666
MW366789.1	k141_32746	12733	80.685	321	62	300
MW366789.1	k141_32746	12733	94.326	141	8	219
MW366789.1	k141_32746	12733	94.326	141	8	219
MW366789.1	k141_32746	12733	80.469	128	21	109
MW366789.1	k141_32746	12733	79.592	49	10	44.6
MW366789.1	k141_28033	1621	90.709	409	26	564
MW366789.1	k141_28033	1621	90.709	409	26	564
MW366789.1	k141_62000	3314	79.835	605	86	543
MW366789.1	k141_62000	3314	79.835	605	86	543
MW366789.1	k141_36845	4054	72.116	893	200	443
MW366789.1	k141_36845	4054	72.116	893	200	443
MW366789.1	k141_36845	4054	90.000	60	6	82.4
MW366789.1	k141_36845	4054	90.000	60	6	82.4
MW366789.1	k141_36845	4054	88.333	60	7	77.9
MW366789.1	k141_36845	4054	88.333	60	7	77.9
MW366789.1	k141_28353	1491	90.747	281	26	390
MW366789.1	k141_28353	1491	90.747	281	26	390
MW366789.1	k141_30520	1956	85.933	327	46	383
MW366789.1	k141_46636	335	81.250	352	41	347
MW366789.1	k141_46636	335	81.250	352	41	347
MW366789.1	k141_46636	335	69.903	103	29	40.1
MW366789.1	k141_46636	335	69.903	103	29	40.1
MW366789.1	k141_58175	7315	73.321	536	124	322
MW366789.1	k141_58175	7315	73.321	536	124	322
MW366789.1	k141_58175	7315	75.855	468	92	300
MW366789.1	k141_58175	7315	75.855	468	92	300
MW366789.1	k141_58175	7315	84.536	97	15	108
MW366789.1	k141_58175	7315	84.536	97	15	108
MW366789.1	k141_26978	1419	71.914	559	104	308
MW366789.1	k141_27623	1531	77.867	375	54	297
MW366789.1	k141_37832	831	80.795	302	50	287
MW366789.1	k141_37832	831	80.795	302	50	287
MW366789.1	k141_37832	831	75.455	110	27	77.9
MW366789.1	k141_37832	831	75.455	110	27	77.9
MW366789.1	k141_59635	1487	66.940	732	203	215
MW366789.1	k141_17990	2590	91.818	110	9	159
MW366789.1	k141_7831	848	88.571	105	12	136
MW366789.1	k141_14008	2009	90.526	95	9	132
MW366789.1	k141_14008	2009	90.526	95	9	132
MW366789.1	k141_57668	2087	87.379	103	13	128
MW366789.1	k141_9765	1361	95.946	74	3	121
MW366789.1	k141_9765	1361	95.946	74	3	121
MW366789.1	k141_17912	328	92.593	81	6	120
MW366789.1	k141_17912	328	92.593	81	6	120
MW366789.1	k141_6990	3505	90.909	88	7	120
MW366789.1	k141_6990	3505	90.909	88	7	120
MW366789.1	k141_39378	2288	68.398	231	22	116
MW366789.1	k141_56624	1190	76.259	139	26	96.0
MW366789.1	k141_52961	1027	92.188	64	4	90.6
MW366789.1	k141_52961	1027	92.188	64	4	90.6
MW366789.1	k141_52961	1027	97.917	48	1	83.3
MW366789.1	k141_52961	1027	97.917	48	1	83.3
MW366789.1	k141_22090	852	90.625	64	5	86.0
MW366789.1	k141_10878	342	91.525	59	5	85.1
MW366789.1	k141_10878	342	91.525	59	5	85.1
MW366789.1	k141_26181	531	87.692	65	8	82.4
MW366789.1	k141_35925	464	82.432	74	13	76.1
MW366789.1	k141_35925	464	82.432	74	13	76.1
MW366789.1	k141_2871	424	92.157	51	4	75.2
MW366789.1	k141_2135	6618	71.429	140	40	73.4
MW366789.1	k141_46872	508	85.938	64	8	72.5
MW366789.1	k141_46872	508	85.938	64	8	72.5
MW366789.1	k141_33763	2204	87.719	57	5	69.8
MW366789.1	k141_33763	2204	87.719	57	5	69.8
MW366789.1	k141_19224	365	79.221	77	11	68.0
MW366789.1	k141_19224	365	79.221	77	11	68.0
MW366789.1	k141_43539	523	85.455	55	8	64.4
MW366789.1	k141_57921	2548	85.455	55	8	64.4
MW366789.1	k141_1246	4077	90.000	40	4	55.4
MW366789.1	k141_1246	4077	90.000	40	4	55.4
MW366789.1	k141_48073	1033	84.783	46	7	52.7
MW366789.1	k141_48073	1033	84.783	46	7	52.7
KT899950.1	k141_19433	79166	89.589	5427	500	7204
KT899950.1	k141_19433	79166	80.872	7565	977	7084
KT899950.1	k141_19433	79166	84.993	4018	510	4535
KT899950.1	k141_19433	79166	84.703	3602	381	3985
KT899950.1	k141_19433	79166	82.965	3346	491	3482
KT899950.1	k141_19433	79166	81.629	3364	475	3257
KT899950.1	k141_19433	79166	79.633	3270	515	2856
KT899950.1	k141_19433	79166	78.001	3332	565	2663
KT899950.1	k141_19433	79166	87.253	1922	236	2361
KT899950.1	k141_19433	79166	80.173	2315	313	2089
KT899950.1	k141_19433	79166	81.648	1978	298	1940
KT899950.1	k141_19433	79166	80.187	2140	272	1914
KT899950.1	k141_19433	79166	86.456	1580	205	1880
KT899950.1	k141_19433	79166	80.360	1609	252	1445
KT899950.1	k141_19433	79166	86.760	1148	121	1369
KT899950.1	k141_19433	79166	88.018	868	90	1096
KT899950.1	k141_19433	79166	76.310	1431	209	1035
KT899950.1	k141_19433	79166	79.686	1083	155	944
KT899950.1	k141_19433	79166	75.036	1402	209	925
KT899950.1	k141_19433	79166	78.648	1021	144	836
KT899950.1	k141_19433	79166	71.902	1388	228	716
KT899950.1	k141_19433	79166	81.450	717	112	691
KT899950.1	k141_19433	79166	70.441	1360	213	645
KT899950.1	k141_19433	79166	77.055	584	94	450
KT899950.1	k141_19433	79166	83.486	436	53	448
KT899950.1	k141_19433	79166	76.507	647	96	447
KT899950.1	k141_19433	79166	75.076	658	93	440
KT899950.1	k141_19433	79166	72.996	711	97	417
KT899950.1	k141_19433	79166	75.639	587	87	389
KT899950.1	k141_19433	79166	75.000	488	66	345
KT899950.1	k141_19433	79166	80.769	364	34	343
KT899950.1	k141_19433	79166	76.018	442	76	311
KT899950.1	k141_19433	79166	81.090	312	46	291
KT899950.1	k141_19433	79166	85.202	223	33	254
KT899950.1	k141_19433	79166	79.181	293	46	250
KT899950.1	k141_19433	79166	96.454	141	5	233
KT899950.1	k141_19433	79166	73.761	343	66	217
KT899950.1	k141_19433	79166	80.531	226	44	210
KT899950.1	k141_19433	79166	87.209	172	20	209
KT899950.1	k141_19433	79166	77.698	278	38	204
KT899950.1	k141_19433	79166	76.889	225	52	172
KT899950.1	k141_19433	79166	76.444	225	30	161
KT899950.1	k141_19433	79166	81.928	166	18	158
KT899950.1	k141_19433	79166	85.938	128	18	150
KT899950.1	k141_19433	79166	94.444	90	5	141
KT899950.1	k141_19433	79166	87.255	102	9	125
KT899950.1	k141_19433	79166	65.232	581	176	116
KT899950.1	k141_19433	79166	74.863	183	35	115
KT899950.1	k141_19433	79166	83.333	102	13	107
KT899950.1	k141_19433	79166	83.333	102	13	107
KT899950.1	k141_19433	79166	91.667	72	6	104
KT899950.1	k141_19433	79166	77.419	124	28	98.7
KT899950.1	k141_19433	79166	79.245	106	20	90.6
KT899950.1	k141_19433	79166	91.667	48	4	69.8
KT899950.1	k141_19433	79166	91.667	48	4	69.8
KT899950.1	k141_19433	79166	70.064	157	45	65.3
KT899950.1	k141_19433	79166	78.571	70	15	59.9
KT899950.1	k141_19433	79166	92.308	39	3	58.1
KT899950.1	k141_19433	79166	92.308	39	3	58.1
KT899950.1	k141_19317	21235	93.511	4515	202	6778
KT899950.1	k141_19317	21235	93.511	4515	202	6778
KT899950.1	k141_19317	21235	95.214	2988	104	4726
KT899950.1	k141_19317	21235	95.214	2988	104	4726
KT899950.1	k141_19317	21235	93.173	2959	119	4411
KT899950.1	k141_19317	21235	93.173	2959	119	4411
KT899950.1	k141_19317	21235	90.576	2292	147	3132
KT899950.1	k141_19317	21235	90.576	2292	147	3132
KT899950.1	k141_19317	21235	90.320	2283	126	3099
KT899950.1	k141_19317	21235	90.320	2283	126	3099
KT899950.1	k141_19317	21235	83.845	879	126	947
KT899950.1	k141_19317	21235	83.845	879	126	947
KT899950.1	k141_19317	21235	83.102	793	95	821
KT899950.1	k141_19317	21235	83.102	793	95	821
KT899950.1	k141_19317	21235	79.587	872	106	764
KT899950.1	k141_19317	21235	79.587	872	106	764
KT899950.1	k141_19317	21235	83.061	490	33	519
KT899950.1	k141_19317	21235	83.061	490	33	519
KT899950.1	k141_19317	21235	80.037	541	80	483
KT899950.1	k141_19317	21235	78.149	389	29	356
KT899950.1	k141_19317	21235	78.149	389	29	356
KT899950.1	k141_19317	21235	90.625	224	17	309
KT899950.1	k141_19317	21235	90.625	224	17	309
KT899950.1	k141_19317	21235	79.299	314	56	269
KT899950.1	k141_19317	21235	74.803	381	69	252
KT899950.1	k141_19317	21235	92.593	108	8	159
KT899950.1	k141_19317	21235	94.340	53	2	79.7
KT899950.1	k141_19317	21235	94.340	53	2	79.7
KT899950.1	k141_19317	21235	91.111	45	4	64.4
KT899950.1	k141_32746	12733	83.729	2108	305	2236
KT899950.1	k141_32746	12733	81.258	2337	354	2217
KT899950.1	k141_32746	12733	79.958	2355	407	2097
KT899950.1	k141_32746	12733	82.464	1477	219	1470
KT899950.1	k141_32746	12733	77.574	1253	239	977
KT899950.1	k141_32746	12733	83.818	550	88	588
KT899950.1	k141_32746	12733	84.211	399	60	434
KT899950.1	k141_32746	12733	93.525	139	9	211
KT899950.1	k141_32746	12733	73.616	307	52	188
KT899950.1	k141_32746	12733	77.551	49	11	40.1
KT899950.1	k141_28033	1621	93.204	412	15	616
KT899950.1	k141_28033	1621	93.204	412	15	616
KT899950.1	k141_27623	1531	84.100	478	40	517
KT899950.1	k141_27623	1531	92.500	120	8	173
KT899950.1	k141_62000	3314	80.663	543	78	508
KT899950.1	k141_36845	4054	73.318	877	203	483
KT899950.1	k141_36845	4054	73.318	877	203	483
KT899950.1	k141_36845	4054	77.580	281	61	216
KT899950.1	k141_36845	4054	77.580	281	61	216
KT899950.1	k141_36845	4054	86.667	60	8	73.4
KT899950.1	k141_36845	4054	86.667	60	8	73.4
KT899950.1	k141_30520	1956	86.890	328	43	398
KT899950.1	k141_28353	1491	90.426	282	27	388
KT899950.1	k141_26978	1419	73.345	574	99	354
KT899950.1	k141_58175	7315	74.248	532	126	334
KT899950.1	k141_58175	7315	74.248	532	126	334
KT899950.1	k141_58175	7315	75.000	472	87	294
KT899950.1	k141_58175	7315	75.000	472	87	294
KT899950.1	k141_58175	7315	85.567	97	14	113
KT899950.1	k141_58175	7315	85.567	97	14	113
KT899950.1	k141_46636	335	80.398	352	44	334
KT899950.1	k141_37832	831	80.198	303	52	279
KT899950.1	k141_37832	831	77.273	110	25	86.9
KT899950.1	k141_59635	1487	66.314	757	216	206
KT899950.1	k141_57837	330	84.239	184	29	202
KT899950.1	k141_56624	1190	87.943	141	9	177
KT899950.1	k141_9765	1361	93.137	102	7	153
KT899950.1	k141_9765	1361	93.137	102	7	153
KT899950.1	k141_14008	2009	94.737	95	5	150
KT899950.1	k141_14008	2009	94.737	95	5	150
KT899950.1	k141_7831	848	90.476	105	10	145
KT899950.1	k141_49491	533	86.179	123	16	142
KT899950.1	k141_49491	533	86.179	123	16	142
KT899950.1	k141_17990	2590	89.524	105	11	141
KT899950.1	k141_17990	2590	75.833	120	15	90.6
KT899950.1	k141_17990	2590	83.051	59	10	62.6
KT899950.1	k141_6990	3505	94.318	88	4	133
KT899950.1	k141_6990	3505	94.318	88	4	133
KT899950.1	k141_15800	540	88.350	103	12	132
KT899950.1	k141_57668	2087	87.500	104	13	130
KT899950.1	k141_17912	328	88.750	80	9	104
KT899950.1	k141_18656	2432	89.041	73	3	96.9
KT899950.1	k141_22090	852	93.651	63	4	96.9
KT899950.1	k141_52961	1027	92.188	64	4	90.6
KT899950.1	k141_52961	1027	95.833	48	2	78.8
KT899950.1	k141_10878	342	93.220	59	4	89.7
KT899950.1	k141_10878	342	93.220	59	4	89.7
KT899950.1	k141_26181	531	84.000	75	12	82.4
KT899950.1	k141_35925	464	82.667	75	13	77.9
KT899950.1	k141_35925	464	82.667	75	13	77.9
KT899950.1	k141_46872	508	90.741	54	5	76.1
KT899950.1	k141_2871	424	92.157	51	4	75.2
KT899950.1	k141_2135	6618	74.545	110	28	73.4
KT899950.1	k141_19224	365	85.965	57	8	68.0
GU191334.1	k141_19433	79166	81.509	4532	836	4388
GU191334.1	k141_19433	79166	82.710	2458	422	2507
GU191334.1	k141_19433	79166	80.974	1540	291	1450
GU191334.1	k141_19433	79166	82.055	1421	255	1414
GU191334.1	k141_19433	79166	78.320	1702	363	1389
GU191334.1	k141_19433	79166	87.672	1087	132	1354
GU191334.1	k141_19433	79166	68.083	3719	1029	1214
GU191334.1	k141_19433	79166	71.058	2353	560	1152
GU191334.1	k141_19433	79166	81.754	707	126	683
GU191334.1	k141_19433	79166	75.585	897	210	608
GU191334.1	k141_19433	79166	70.588	1224	321	557
GU191334.1	k141_19433	79166	73.312	918	214	539
GU191334.1	k141_19433	79166	75.607	783	158	536
GU191334.1	k141_19433	79166	76.869	709	158	527
GU191334.1	k141_19433	79166	81.183	558	98	522
GU191334.1	k141_19433	79166	70.144	1112	305	502
GU191334.1	k141_19433	79166	74.519	624	118	397
GU191334.1	k141_19433	79166	77.282	471	107	368
GU191334.1	k141_19433	79166	67.047	1138	316	334
GU191334.1	k141_19433	79166	75.314	478	110	320
GU191334.1	k141_19433	79166	67.694	941	266	303
GU191334.1	k141_19433	79166	69.757	701	202	291
GU191334.1	k141_19433	79166	82.490	257	41	260
GU191334.1	k141_19433	79166	73.041	434	106	248
GU191334.1	k141_19433	79166	72.222	414	111	224
GU191334.1	k141_19433	79166	67.164	670	216	203
GU191334.1	k141_19433	79166	78.261	207	37	169
GU191334.1	k141_19433	79166	77.660	188	42	150
GU191334.1	k141_19433	79166	66.814	452	106	148
GU191334.1	k141_19433	79166	71.479	284	81	148
GU191334.1	k141_19433	79166	68.298	429	128	141
GU191334.1	k141_19433	79166	71.473	319	64	141
GU191334.1	k141_19433	79166	80.667	150	29	141
GU191334.1	k141_19433	79166	81.507	146	18	137
GU191334.1	k141_19433	79166	82.308	130	23	132
GU191334.1	k141_19433	79166	96.053	76	3	124
GU191334.1	k141_19433	79166	92.771	83	6	123
GU191334.1	k141_19433	79166	98.551	69	1	121
GU191334.1	k141_19433	79166	90.909	88	7	120
GU191334.1	k141_19433	79166	94.667	75	4	118
GU191334.1	k141_19433	79166	92.405	79	6	116
GU191334.1	k141_19433	79166	83.333	108	13	110
GU191334.1	k141_19433	79166	78.626	131	21	108
GU191334.1	k141_19433	79166	88.235	85	8	106
GU191334.1	k141_19433	79166	91.781	73	6	105
GU191334.1	k141_19433	79166	77.273	132	30	104
GU191334.1	k141_19433	79166	81.651	109	19	104
GU191334.1	k141_19433	79166	79.487	117	24	104
GU191334.1	k141_19433	79166	92.754	69	5	103
GU191334.1	k141_19433	79166	77.778	126	28	102
GU191334.1	k141_19433	79166	90.411	73	7	101
GU191334.1	k141_19433	79166	71.491	228	40	96.9
GU191334.1	k141_19433	79166	75.325	154	23	94.2
GU191334.1	k141_19433	79166	66.776	304	101	94.2
GU191334.1	k141_19433	79166	64.783	531	167	93.3
GU191334.1	k141_19433	79166	88.406	69	8	89.7
GU191334.1	k141_19433	79166	74.815	135	31	89.7
GU191334.1	k141_19433	79166	81.176	85	16	82.4
GU191334.1	k141_19433	79166	65.297	219	32	75.2
GU191334.1	k141_19433	79166	80.822	73	14	69.8
GU191334.1	k141_19433	79166	85.484	62	8	68.9
GU191334.1	k141_19433	79166	71.774	124	35	67.1
GU191334.1	k141_19433	79166	76.744	86	20	66.2
GU191334.1	k141_19433	79166	66.204	216	73	61.7
GU191334.1	k141_19433	79166	77.778	72	16	59.0
GU191334.1	k141_19433	79166	88.636	44	5	58.1
GU191334.1	k141_19433	79166	76.389	72	17	54.5
GU191334.1	k141_19433	79166	79.661	59	12	53.6
GU191334.1	k141_19317	21235	84.845	2679	264	2927
GU191334.1	k141_19317	21235	84.845	2679	264	2927
GU191334.1	k141_19317	21235	87.788	1908	166	2388
GU191334.1	k141_19317	21235	87.788	1908	166	2388
GU191334.1	k141_19317	21235	85.668	1849	193	2097
GU191334.1	k141_19317	21235	85.668	1849	193	2097
GU191334.1	k141_19317	21235	79.512	942	148	816
GU191334.1	k141_19317	21235	79.512	942	148	816
GU191334.1	k141_19317	21235	76.126	666	152	473
GU191334.1	k141_19317	21235	71.756	524	148	279
GU191334.1	k141_19317	21235	73.913	437	111	269
GU191334.1	k141_19317	21235	70.881	522	139	255
GU191334.1	k141_19317	21235	79.032	310	61	252
GU191334.1	k141_19317	21235	77.315	216	49	169
GU191334.1	k141_19317	21235	79.670	182	37	162
GU191334.1	k141_19317	21235	70.112	358	96	133
GU191334.1	k141_19317	21235	95.946	74	3	121
GU191334.1	k141_19317	21235	95.946	74	3	121
GU191334.1	k141_19317	21235	89.286	84	9	112
GU191334.1	k141_19317	21235	90.667	75	7	104
GU191334.1	k141_19317	21235	90.667	75	7	104
GU191334.1	k141_19317	21235	85.526	76	11	88.7
GU191334.1	k141_19317	21235	78.947	95	19	78.8
GU191334.1	k141_19317	21235	86.667	45	6	55.4
GU191334.1	k141_32746	12733	75.419	1729	408	1177
GU191334.1	k141_32746	12733	71.210	1827	489	908
GU191334.1	k141_32746	12733	75.045	1102	267	746
GU191334.1	k141_32746	12733	74.428	1181	270	712
GU191334.1	k141_32746	12733	77.333	300	58	217
GU191334.1	k141_32746	12733	72.757	301	78	168
GU191334.1	k141_32746	12733	82.609	138	24	141
GU191334.1	k141_32746	12733	92.771	83	6	123
GU191334.1	k141_32746	12733	72.436	156	43	88.7
GU191334.1	k141_32746	12733	76.364	110	26	82.4
GU191334.1	k141_32746	12733	82.500	40	7	41.9
GU191334.1	k141_36845	4054	73.206	892	200	486
GU191334.1	k141_36845	4054	73.206	892	200	486
GU191334.1	k141_36845	4054	77.224	281	62	212
GU191334.1	k141_36845	4054	77.224	281	62	212
GU191334.1	k141_36845	4054	88.333	60	7	77.9
GU191334.1	k141_36845	4054	88.333	60	7	77.9
GU191334.1	k141_58175	7315	74.011	531	129	326
GU191334.1	k141_58175	7315	74.011	531	129	326
GU191334.1	k141_58175	7315	74.255	470	94	282
GU191334.1	k141_58175	7315	74.255	470	94	282
GU191334.1	k141_58175	7315	79.104	134	26	113
GU191334.1	k141_58175	7315	79.104	134	26	113
GU191334.1	k141_59635	1487	68.675	747	191	278
GU191334.1	k141_28353	1491	81.139	281	53	269
GU191334.1	k141_62000	3314	73.560	382	81	243
GU191334.1	k141_30520	1956	77.558	303	68	241
GU191334.1	k141_46636	335	73.392	342	66	216
GU191334.1	k141_46636	335	68.750	128	35	42.8
GU191334.1	k141_27623	1531	73.101	316	73	189
GU191334.1	k141_28033	1621	78.744	207	38	163
GU191334.1	k141_28033	1621	78.744	207	38	163
GU191334.1	k141_28033	1621	95.122	41	2	66.2
GU191334.1	k141_28033	1621	95.122	41	2	66.2
GU191334.1	k141_37832	831	69.531	256	70	113
GU191334.1	k141_37832	831	73.494	83	22	51.8
GU191334.1	k141_6990	3505	87.356	87	11	108
GU191334.1	k141_6990	3505	87.356	87	11	108
GU191334.1	k141_22090	852	96.825	63	2	105
GU191334.1	k141_9765	1361	89.333	75	8	100
GU191334.1	k141_9765	1361	89.333	75	8	100
GU191334.1	k141_57668	2087	82.051	78	14	78.8
GU191334.1	k141_52961	1027	85.938	64	8	72.5
GU191334.1	k141_2135	6618	77.778	81	18	66.2
GU191334.1	k141_46872	508	89.130	46	5	61.7
GU191334.1	k141_2871	424	85.714	49	7	58.1
GU191334.1	k141_19224	365	87.805	41	5	52.7
