MZ962720.1	k141_8712	127897	78.234	8481	1561	6864
MZ962720.1	k141_8712	127897	89.748	4848	331	6450
MZ962720.1	k141_8712	127897	89.748	4848	331	6450
MZ962720.1	k141_8712	127897	87.149	5237	614	6369
MZ962720.1	k141_8712	127897	78.448	5605	890	4476
MZ962720.1	k141_8712	127897	89.171	2484	201	3284
MZ962720.1	k141_8712	127897	89.171	2484	201	3284
MZ962720.1	k141_8712	127897	86.770	2517	215	3023
MZ962720.1	k141_8712	127897	86.770	2517	215	3023
MZ962720.1	k141_8712	127897	90.651	1829	171	2528
MZ962720.1	k141_8712	127897	78.428	2990	457	2452
MZ962720.1	k141_8712	127897	82.061	2319	352	2311
MZ962720.1	k141_8712	127897	82.061	2319	352	2311
MZ962720.1	k141_8712	127897	81.169	2326	372	2186
MZ962720.1	k141_8712	127897	82.761	1775	275	1796
MZ962720.1	k141_8712	127897	82.831	1660	186	1736
MZ962720.1	k141_8712	127897	82.831	1660	186	1736
MZ962720.1	k141_8712	127897	76.287	2214	474	1587
MZ962720.1	k141_8712	127897	77.574	2020	401	1581
MZ962720.1	k141_8712	127897	79.255	1798	290	1555
MZ962720.1	k141_8712	127897	77.599	1924	366	1518
MZ962720.1	k141_8712	127897	89.096	1128	114	1475
MZ962720.1	k141_8712	127897	74.807	2068	373	1343
MZ962720.1	k141_8712	127897	74.807	2068	373	1343
MZ962720.1	k141_8712	127897	90.597	787	74	1086
MZ962720.1	k141_8712	127897	83.283	987	118	1034
MZ962720.1	k141_8712	127897	71.370	1942	336	983
MZ962720.1	k141_8712	127897	84.040	802	124	865
MZ962720.1	k141_8712	127897	78.745	988	186	826
MZ962720.1	k141_8712	127897	78.392	995	188	810
MZ962720.1	k141_8712	127897	81.064	771	85	725
MZ962720.1	k141_8712	127897	70.085	1638	417	708
MZ962720.1	k141_8712	127897	80.147	680	76	590
MZ962720.1	k141_8712	127897	80.147	680	76	590
MZ962720.1	k141_8712	127897	81.188	606	112	577
MZ962720.1	k141_8712	127897	81.188	606	112	577
MZ962720.1	k141_8712	127897	72.904	978	224	571
MZ962720.1	k141_8712	127897	74.969	819	159	545
MZ962720.1	k141_8712	127897	78.223	574	123	465
MZ962720.1	k141_8712	127897	78.223	574	123	465
MZ962720.1	k141_8712	127897	69.722	971	219	435
MZ962720.1	k141_8712	127897	75.521	576	102	398
MZ962720.1	k141_8712	127897	75.521	576	102	398
MZ962720.1	k141_8712	127897	79.642	447	61	383
MZ962720.1	k141_8712	127897	70.297	909	175	364
MZ962720.1	k141_8712	127897	77.679	448	85	344
MZ962720.1	k141_8712	127897	70.413	703	103	335
MZ962720.1	k141_8712	127897	77.419	434	77	324
MZ962720.1	k141_8712	127897	80.896	335	62	314
MZ962720.1	k141_8712	127897	73.055	527	100	295
MZ962720.1	k141_8712	127897	81.073	317	44	294
MZ962720.1	k141_8712	127897	81.073	317	44	294
MZ962720.1	k141_8712	127897	69.948	579	115	291
MZ962720.1	k141_8712	127897	85.484	248	31	281
MZ962720.1	k141_8712	127897	82.117	274	43	266
MZ962720.1	k141_8712	127897	82.117	274	43	266
MZ962720.1	k141_8712	127897	89.005	191	20	247
MZ962720.1	k141_8712	127897	89.005	191	20	247
MZ962720.1	k141_8712	127897	73.333	405	99	243
MZ962720.1	k141_8712	127897	70.435	460	68	242
MZ962720.1	k141_8712	127897	82.759	232	35	239
MZ962720.1	k141_8712	127897	83.043	230	34	235
MZ962720.1	k141_8712	127897	87.047	193	24	233
MZ962720.1	k141_8712	127897	75.131	382	60	230
MZ962720.1	k141_8712	127897	72.506	411	87	224
MZ962720.1	k141_8712	127897	67.682	591	102	223
MZ962720.1	k141_8712	127897	84.058	207	32	222
MZ962720.1	k141_8712	127897	89.697	165	12	208
MZ962720.1	k141_8712	127897	79.386	228	28	204
MZ962720.1	k141_8712	127897	79.386	228	28	204
MZ962720.1	k141_8712	127897	72.676	355	91	200
MZ962720.1	k141_8712	127897	77.912	249	30	197
MZ962720.1	k141_8712	127897	77.912	249	30	197
MZ962720.1	k141_8712	127897	82.723	191	33	196
MZ962720.1	k141_8712	127897	82.723	191	33	196
MZ962720.1	k141_8712	127897	76.190	273	47	194
MZ962720.1	k141_8712	127897	76.190	273	47	194
MZ962720.1	k141_8712	127897	64.411	1138	267	194
MZ962720.1	k141_8712	127897	67.986	556	163	192
MZ962720.1	k141_8712	127897	85.714	168	19	191
MZ962720.1	k141_8712	127897	75.714	280	60	184
MZ962720.1	k141_8712	127897	78.846	208	35	181
MZ962720.1	k141_8712	127897	78.846	208	35	181
MZ962720.1	k141_8712	127897	82.065	184	27	180
MZ962720.1	k141_8712	127897	82.065	184	27	180
MZ962720.1	k141_8712	127897	67.912	589	165	178
MZ962720.1	k141_8712	127897	80.488	205	32	175
MZ962720.1	k141_8712	127897	81.871	171	31	169
MZ962720.1	k141_8712	127897	77.523	218	38	169
MZ962720.1	k141_8712	127897	77.523	218	38	169
MZ962720.1	k141_8712	127897	88.148	135	15	168
MZ962720.1	k141_8712	127897	82.036	167	28	164
MZ962720.1	k141_8712	127897	71.429	273	24	159
MZ962720.1	k141_8712	127897	84.058	138	16	151
MZ962720.1	k141_8712	127897	86.047	129	15	150
MZ962720.1	k141_8712	127897	97.753	89	1	149
MZ962720.1	k141_8712	127897	90.741	108	9	147
MZ962720.1	k141_8712	127897	79.630	162	33	144
MZ962720.1	k141_8712	127897	83.582	134	22	143
MZ962720.1	k141_8712	127897	83.217	143	18	142
MZ962720.1	k141_8712	127897	92.632	95	7	141
MZ962720.1	k141_8712	127897	96.429	84	3	139
MZ962720.1	k141_8712	127897	82.090	134	24	134
MZ962720.1	k141_8712	127897	82.090	134	24	134
MZ962720.1	k141_8712	127897	97.468	79	2	134
MZ962720.1	k141_8712	127897	97.468	79	2	134
MZ962720.1	k141_8712	127897	95.122	82	4	131
MZ962720.1	k141_8712	127897	95.122	82	4	131
MZ962720.1	k141_8712	127897	95.181	83	3	129
MZ962720.1	k141_8712	127897	69.611	283	36	128
MZ962720.1	k141_8712	127897	92.857	84	6	125
MZ962720.1	k141_8712	127897	97.333	75	1	123
MZ962720.1	k141_8712	127897	81.955	133	20	123
MZ962720.1	k141_8712	127897	66.117	546	171	119
MZ962720.1	k141_8712	127897	89.157	83	9	110
MZ962720.1	k141_8712	127897	89.157	83	9	110
MZ962720.1	k141_8712	127897	82.569	109	16	105
MZ962720.1	k141_8712	127897	76.429	140	33	104
MZ962720.1	k141_8712	127897	76.429	140	33	104
MZ962720.1	k141_8712	127897	76.190	147	30	99.6
MZ962720.1	k141_8712	127897	82.000	100	14	99.6
MZ962720.1	k141_8712	127897	87.342	79	10	98.7
MZ962720.1	k141_8712	127897	74.497	149	25	96.9
MZ962720.1	k141_8712	127897	77.236	123	28	96.9
MZ962720.1	k141_8712	127897	86.842	76	9	89.7
MZ962720.1	k141_8712	127897	81.111	90	13	86.0
MZ962720.1	k141_8712	127897	81.111	90	13	86.0
MZ962720.1	k141_8712	127897	90.164	61	6	84.2
MZ962720.1	k141_8712	127897	90.164	61	6	84.2
MZ962720.1	k141_8712	127897	90.164	61	6	84.2
MZ962720.1	k141_8712	127897	83.333	78	13	83.3
MZ962720.1	k141_8712	127897	80.000	90	18	82.4
MZ962720.1	k141_8712	127897	80.000	90	18	82.4
MZ962720.1	k141_8712	127897	80.000	90	18	82.4
MZ962720.1	k141_8712	127897	90.196	51	5	70.7
MZ962720.1	k141_8712	127897	90.196	51	5	70.7
MZ962720.1	k141_8712	127897	95.238	42	2	68.0
MZ962720.1	k141_8712	127897	95.238	42	2	68.0
MZ962720.1	k141_8712	127897	95.000	40	2	64.4
MZ962720.1	k141_8712	127897	95.000	40	2	64.4
MZ962720.1	k141_8712	127897	74.194	93	24	60.8
MZ962720.1	k141_8712	127897	69.630	135	41	59.9
MZ962720.1	k141_8712	127897	88.889	45	5	59.9
MZ962720.1	k141_8712	127897	80.000	50	10	46.4
MZ962720.1	k141_8712	127897	80.000	50	10	46.4
MZ962720.1	k141_8712	127897	74.627	67	17	45.5
MZ962720.1	k141_16531	14218	71.159	1113	258	518
MZ962720.1	k141_16531	14218	71.159	1113	258	518
MZ962720.1	k141_16531	14218	65.116	516	149	103
MZ962720.1	k141_16531	14218	65.116	516	149	103
MZ962720.1	k141_16531	14218	82.474	97	16	96.0
MZ962720.1	k141_16531	14218	82.474	97	16	96.0
MZ962720.1	k141_16531	14218	78.082	73	13	50.0
MZ962720.1	k141_15849	20341	71.719	884	212	430
MZ962720.1	k141_15849	20341	71.719	884	212	430
MZ962720.1	k141_15849	20341	100.000	80	0	145
MZ962720.1	k141_15849	20341	88.525	61	7	79.7
MZ962720.1	k141_15849	20341	88.525	61	7	79.7
MZ962720.1	k141_15849	20341	88.525	61	7	79.7
MZ962720.1	k141_5836	22865	66.537	774	214	220
MZ962720.1	k141_5836	22865	71.508	179	47	88.7
MZ962720.1	k141_5836	22865	71.508	179	47	88.7
MZ962720.1	k141_16485	400	90.789	152	14	212
MZ962720.1	k141_3222	1099	92.029	138	11	200
MZ962720.1	k141_19506	829	91.241	137	12	194
MZ962720.1	k141_11306	12667	79.775	178	7	172
MZ962720.1	k141_11306	12667	79.775	178	7	172
MZ962720.1	k141_21608	5950	94.624	93	5	146
MZ962720.1	k141_18790	4304	93.548	93	5	138
MZ962720.1	k141_18790	4304	93.548	93	5	138
MZ962720.1	k141_7757	11331	96.341	82	3	135
MZ962720.1	k141_7757	11331	96.341	82	3	135
MZ962720.1	k141_6311	654	80.556	144	22	131
MZ962720.1	k141_6311	654	80.556	144	22	131
MZ962720.1	k141_21701	3150	93.151	73	5	110
MZ962720.1	k141_21701	3150	77.273	66	15	52.7
MZ962720.1	k141_24461	298	74.809	131	10	86.9
MZ962720.1	k141_24461	298	94.340	53	3	83.3
MZ962720.1	k141_24461	298	94.118	51	3	79.7
MZ962720.1	k141_24461	298	94.118	51	3	79.7
MZ962720.1	k141_21372	10452	76.522	115	24	80.6
MZ962720.1	k141_21372	10452	76.522	115	24	80.6
MZ962720.1	k141_21372	10452	82.812	64	11	67.1
MZ962720.1	k141_21372	10452	82.812	64	11	67.1
MZ962720.1	k141_18144	302	87.719	57	7	72.5
MZ962720.1	k141_18144	302	87.719	57	7	72.5
MZ962720.1	k141_8950	6706	72.593	135	33	72.5
MZ962720.1	k141_11390	313	80.000	65	13	59.9
MZ962720.1	k141_23669	342	79.365	63	11	49.1
MZ962720.1	k141_23669	342	79.365	63	11	49.1
MZ962720.1	k141_21051	11910	82.609	46	8	48.2
MZ962720.1	k141_21051	11910	82.609	46	8	48.2
MZ962720.1	k141_8435	21572	76.190	63	14	43.7
MH569081.1	k141_8712	127897	86.463	5400	656	6434
MH569081.1	k141_8712	127897	77.325	7343	1256	5591
MH569081.1	k141_8712	127897	88.321	3305	282	4179
MH569081.1	k141_8712	127897	88.321	3305	282	4179
MH569081.1	k141_8712	127897	88.651	3040	206	3900
MH569081.1	k141_8712	127897	88.651	3040	206	3900
MH569081.1	k141_8712	127897	80.739	3868	663	3615
MH569081.1	k141_8712	127897	88.211	2867	208	3602
MH569081.1	k141_8712	127897	88.211	2867	208	3602
MH569081.1	k141_8712	127897	79.267	3357	594	2914
MH569081.1	k141_8712	127897	88.909	2245	151	2884
MH569081.1	k141_8712	127897	88.909	2245	151	2884
MH569081.1	k141_8712	127897	77.800	3054	482	2457
MH569081.1	k141_8712	127897	89.479	1844	194	2452
MH569081.1	k141_8712	127897	82.408	2126	343	2145
MH569081.1	k141_8712	127897	81.053	2127	364	2005
MH569081.1	k141_8712	127897	85.896	1652	158	1934
MH569081.1	k141_8712	127897	85.896	1652	158	1934
MH569081.1	k141_8712	127897	86.711	1490	198	1795
MH569081.1	k141_8712	127897	79.474	1939	345	1715
MH569081.1	k141_8712	127897	76.220	2233	464	1595
MH569081.1	k141_8712	127897	89.675	1201	110	1593
MH569081.1	k141_8712	127897	77.940	1922	367	1530
MH569081.1	k141_8712	127897	74.039	2107	316	1304
MH569081.1	k141_8712	127897	72.489	2101	489	1187
MH569081.1	k141_8712	127897	83.031	1102	164	1143
MH569081.1	k141_8712	127897	81.208	1192	192	1138
MH569081.1	k141_8712	127897	84.821	975	120	1090
MH569081.1	k141_8712	127897	88.720	789	89	1022
MH569081.1	k141_8712	127897	82.189	859	132	852
MH569081.1	k141_8712	127897	67.930	2348	613	773
MH569081.1	k141_8712	127897	77.533	997	191	765
MH569081.1	k141_8712	127897	79.138	882	150	752
MH569081.1	k141_8712	127897	79.138	882	150	752
MH569081.1	k141_8712	127897	73.596	1193	234	719
MH569081.1	k141_8712	127897	80.458	742	142	674
MH569081.1	k141_8712	127897	82.810	669	63	659
MH569081.1	k141_8712	127897	82.810	669	63	659
MH569081.1	k141_8712	127897	74.071	1049	199	624
MH569081.1	k141_8712	127897	86.392	485	66	578
MH569081.1	k141_8712	127897	70.122	1225	240	561
MH569081.1	k141_8712	127897	77.978	554	122	450
MH569081.1	k141_8712	127897	71.340	963	181	444
MH569081.1	k141_8712	127897	83.178	428	58	434
MH569081.1	k141_8712	127897	83.178	428	58	434
MH569081.1	k141_8712	127897	78.189	541	82	432
MH569081.1	k141_8712	127897	73.668	657	104	400
MH569081.1	k141_8712	127897	82.426	404	67	399
MH569081.1	k141_8712	127897	83.929	336	41	361
MH569081.1	k141_8712	127897	72.741	664	105	352
MH569081.1	k141_8712	127897	66.641	1310	306	335
MH569081.1	k141_8712	127897	83.713	307	28	326
MH569081.1	k141_8712	127897	69.149	846	145	324
MH569081.1	k141_8712	127897	79.396	364	62	308
MH569081.1	k141_8712	127897	79.396	364	62	308
MH569081.1	k141_8712	127897	76.399	411	91	301
MH569081.1	k141_8712	127897	81.288	326	41	300
MH569081.1	k141_8712	127897	81.288	326	41	300
MH569081.1	k141_8712	127897	69.915	708	136	297
MH569081.1	k141_8712	127897	69.915	708	136	297
MH569081.1	k141_8712	127897	74.468	376	49	275
MH569081.1	k141_8712	127897	74.468	376	49	275
MH569081.1	k141_8712	127897	84.146	246	32	257
MH569081.1	k141_8712	127897	83.886	211	29	224
MH569081.1	k141_8712	127897	74.618	327	64	215
MH569081.1	k141_8712	127897	77.113	284	55	211
MH569081.1	k141_8712	127897	79.574	235	46	205
MH569081.1	k141_8712	127897	72.222	378	61	204
MH569081.1	k141_8712	127897	86.047	172	23	199
MH569081.1	k141_8712	127897	79.149	235	46	193
MH569081.1	k141_8712	127897	85.185	162	24	185
MH569081.1	k141_8712	127897	76.030	267	47	178
MH569081.1	k141_8712	127897	83.529	170	25	175
MH569081.1	k141_8712	127897	72.240	317	75	169
MH569081.1	k141_8712	127897	72.240	317	75	169
MH569081.1	k141_8712	127897	66.727	553	175	163
MH569081.1	k141_8712	127897	70.055	364	107	159
MH569081.1	k141_8712	127897	82.353	153	17	150
MH569081.1	k141_8712	127897	72.835	254	55	147
MH569081.1	k141_8712	127897	95.652	92	3	145
MH569081.1	k141_8712	127897	79.394	165	34	145
MH569081.1	k141_8712	127897	89.720	107	7	143
MH569081.1	k141_8712	127897	75.566	221	45	141
MH569081.1	k141_8712	127897	89.423	104	11	139
MH569081.1	k141_8712	127897	98.734	79	1	139
MH569081.1	k141_8712	127897	98.734	79	1	139
MH569081.1	k141_8712	127897	75.661	189	32	138
MH569081.1	k141_8712	127897	75.661	189	32	138
MH569081.1	k141_8712	127897	72.689	238	40	128
MH569081.1	k141_8712	127897	72.689	238	40	128
MH569081.1	k141_8712	127897	81.159	138	18	126
MH569081.1	k141_8712	127897	85.088	114	16	126
MH569081.1	k141_8712	127897	85.088	114	16	126
MH569081.1	k141_8712	127897	81.452	124	23	121
MH569081.1	k141_8712	127897	92.683	82	5	118
MH569081.1	k141_8712	127897	68.103	348	84	116
MH569081.1	k141_8712	127897	68.103	348	84	116
MH569081.1	k141_8712	127897	93.333	75	5	113
MH569081.1	k141_8712	127897	91.139	79	7	112
MH569081.1	k141_8712	127897	89.041	73	8	96.9
MH569081.1	k141_8712	127897	81.818	88	12	86.9
MH569081.1	k141_8712	127897	81.818	88	12	86.9
MH569081.1	k141_8712	127897	86.111	72	9	82.4
MH569081.1	k141_8712	127897	100.000	43	0	78.8
MH569081.1	k141_8712	127897	100.000	43	0	78.8
MH569081.1	k141_8712	127897	100.000	41	0	75.2
MH569081.1	k141_8712	127897	100.000	41	0	75.2
MH569081.1	k141_8712	127897	68.394	193	61	74.3
MH569081.1	k141_8712	127897	87.273	55	7	68.9
MH569081.1	k141_8712	127897	87.273	55	7	68.9
MH569081.1	k141_8712	127897	93.182	44	3	67.1
MH569081.1	k141_8712	127897	93.182	44	3	67.1
MH569081.1	k141_8712	127897	83.607	61	10	66.2
MH569081.1	k141_8712	127897	87.755	49	6	62.6
MH569081.1	k141_8712	127897	87.755	49	6	62.6
MH569081.1	k141_8712	127897	87.500	48	6	60.8
MH569081.1	k141_8712	127897	92.308	39	3	58.1
MH569081.1	k141_8712	127897	77.465	71	16	57.2
MH569081.1	k141_8712	127897	67.647	170	53	52.7
MH569081.1	k141_16531	14218	71.261	1110	254	519
MH569081.1	k141_16531	14218	71.261	1110	254	519
MH569081.1	k141_16531	14218	75.000	208	50	134
MH569081.1	k141_16531	14218	75.000	208	50	134
MH569081.1	k141_16531	14218	80.412	97	19	90.6
MH569081.1	k141_16531	14218	80.412	97	19	90.6
MH569081.1	k141_16531	14218	71.338	157	40	72.5
MH569081.1	k141_16531	14218	71.338	157	40	72.5
MH569081.1	k141_15849	20341	72.406	877	211	452
MH569081.1	k141_15849	20341	72.406	877	211	452
MH569081.1	k141_15849	20341	95.050	101	2	154
MH569081.1	k141_15849	20341	90.164	61	6	84.2
MH569081.1	k141_15849	20341	90.164	61	6	84.2
MH569081.1	k141_15849	20341	80.000	45	9	41.9
MH569081.1	k141_5836	22865	72.685	432	116	241
MH569081.1	k141_5836	22865	72.626	179	45	97.8
MH569081.1	k141_5836	22865	72.626	179	45	97.8
MH569081.1	k141_5836	22865	77.528	89	20	71.6
MH569081.1	k141_16485	400	92.053	151	12	219
MH569081.1	k141_11306	12667	86.826	167	4	210
MH569081.1	k141_11306	12667	86.826	167	4	210
MH569081.1	k141_11306	12667	85.000	60	2	70.7
MH569081.1	k141_11306	12667	85.000	60	2	70.7
MH569081.1	k141_3222	1099	90.210	143	12	193
MH569081.1	k141_19506	829	90.511	137	13	189
MH569081.1	k141_21608	5950	92.308	104	8	152
MH569081.1	k141_7757	11331	97.561	82	2	140
MH569081.1	k141_7757	11331	97.561	82	2	140
MH569081.1	k141_18790	4304	95.238	84	4	134
MH569081.1	k141_18790	4304	95.238	84	4	134
MH569081.1	k141_21701	3150	94.595	74	4	116
MH569081.1	k141_21701	3150	80.000	70	14	64.4
MH569081.1	k141_6311	654	77.181	149	23	113
MH569081.1	k141_6311	654	77.181	149	23	113
MH569081.1	k141_13567	637	75.301	166	40	112
MH569081.1	k141_13567	637	75.301	166	40	112
MH569081.1	k141_21372	10452	77.391	115	23	85.1
MH569081.1	k141_21372	10452	77.391	115	23	85.1
MH569081.1	k141_21372	10452	82.812	64	11	67.1
MH569081.1	k141_21372	10452	82.812	64	11	67.1
MH569081.1	k141_18144	302	89.474	57	6	77.0
MH569081.1	k141_18144	302	89.474	57	6	77.0
MH569081.1	k141_8950	6706	74.766	107	25	65.3
MH569081.1	k141_11390	313	80.000	65	13	59.9
MH569081.1	k141_23669	342	80.952	63	10	53.6
MH569081.1	k141_6894	449	79.661	59	11	50.0
MH569081.1	k141_6894	449	79.661	59	11	50.0
MH569081.1	k141_21051	11910	80.488	41	8	39.2
NC_033978.1	k141_8712	127897	83.998	13673	1692	14745
NC_033978.1	k141_8712	127897	90.676	5802	454	7991
NC_033978.1	k141_8712	127897	90.531	5555	296	7625
NC_033978.1	k141_8712	127897	90.531	5555	296	7625
NC_033978.1	k141_8712	127897	84.848	4950	504	5448
NC_033978.1	k141_8712	127897	87.003	4324	413	5246
NC_033978.1	k141_8712	127897	81.390	5035	665	4831
NC_033978.1	k141_8712	127897	82.520	4754	544	4825
NC_033978.1	k141_8712	127897	91.366	3324	214	4654
NC_033978.1	k141_8712	127897	91.366	3324	214	4654
NC_033978.1	k141_8712	127897	91.750	2994	178	4254
NC_033978.1	k141_8712	127897	91.750	2994	178	4254
NC_033978.1	k141_8712	127897	80.992	4172	576	3924
NC_033978.1	k141_8712	127897	85.863	2978	306	3469
NC_033978.1	k141_8712	127897	81.680	3297	335	3349
NC_033978.1	k141_8712	127897	81.680	3297	335	3349
NC_033978.1	k141_8712	127897	89.588	2305	199	3049
NC_033978.1	k141_8712	127897	85.821	2412	247	2813
NC_033978.1	k141_8712	127897	84.311	2403	313	2598
NC_033978.1	k141_8712	127897	83.627	2327	289	2468
NC_033978.1	k141_8712	127897	91.114	1733	96	2421
NC_033978.1	k141_8712	127897	91.409	1711	93	2414
NC_033978.1	k141_8712	127897	86.914	1834	186	2230
NC_033978.1	k141_8712	127897	86.914	1834	186	2230
NC_033978.1	k141_8712	127897	81.855	2232	200	2186
NC_033978.1	k141_8712	127897	85.570	1885	203	2146
NC_033978.1	k141_8712	127897	80.944	1611	254	1520
NC_033978.1	k141_8712	127897	85.583	1304	146	1484
NC_033978.1	k141_8712	127897	84.815	1271	130	1412
NC_033978.1	k141_8712	127897	75.393	1780	268	1254
NC_033978.1	k141_8712	127897	75.540	1713	285	1182
NC_033978.1	k141_8712	127897	85.349	1017	121	1152
NC_033978.1	k141_8712	127897	89.324	740	66	977
NC_033978.1	k141_8712	127897	79.737	1066	103	925
NC_033978.1	k141_8712	127897	72.611	1570	249	840
NC_033978.1	k141_8712	127897	76.592	1162	182	811
NC_033978.1	k141_8712	127897	80.377	795	92	739
NC_033978.1	k141_8712	127897	80.377	795	92	739
NC_033978.1	k141_8712	127897	72.302	1260	260	685
NC_033978.1	k141_8712	127897	73.666	1143	175	670
NC_033978.1	k141_8712	127897	72.089	1168	229	617
NC_033978.1	k141_8712	127897	72.579	1105	195	617
NC_033978.1	k141_8712	127897	72.761	1083	180	610
NC_033978.1	k141_8712	127897	96.216	370	11	599
NC_033978.1	k141_8712	127897	96.216	370	11	599
NC_033978.1	k141_8712	127897	89.640	444	37	589
NC_033978.1	k141_8712	127897	89.640	444	37	589
NC_033978.1	k141_8712	127897	71.242	1224	206	586
NC_033978.1	k141_8712	127897	72.097	1068	169	569
NC_033978.1	k141_8712	127897	75.672	818	155	560
NC_033978.1	k141_8712	127897	75.672	818	155	560
NC_033978.1	k141_8712	127897	85.586	444	55	517
NC_033978.1	k141_8712	127897	85.586	444	55	517
NC_033978.1	k141_8712	127897	79.232	573	88	471
NC_033978.1	k141_8712	127897	85.897	390	54	453
NC_033978.1	k141_8712	127897	85.897	390	54	453
NC_033978.1	k141_8712	127897	70.151	928	205	450
NC_033978.1	k141_8712	127897	74.691	648	105	438
NC_033978.1	k141_8712	127897	85.946	370	28	419
NC_033978.1	k141_8712	127897	84.091	352	32	387
NC_033978.1	k141_8712	127897	84.091	352	32	387
NC_033978.1	k141_8712	127897	78.208	413	64	336
NC_033978.1	k141_8712	127897	85.666	293	34	334
NC_033978.1	k141_8712	127897	85.666	293	34	334
NC_033978.1	k141_8712	127897	84.746	295	43	327
NC_033978.1	k141_8712	127897	79.301	372	65	322
NC_033978.1	k141_8712	127897	82.450	302	39	288
NC_033978.1	k141_8712	127897	70.540	611	148	284
NC_033978.1	k141_8712	127897	70.270	555	149	254
NC_033978.1	k141_8712	127897	85.714	210	19	250
NC_033978.1	k141_8712	127897	90.230	174	17	238
NC_033978.1	k141_8712	127897	68.831	616	109	235
NC_033978.1	k141_8712	127897	86.667	195	18	224
NC_033978.1	k141_8712	127897	92.000	150	12	217
NC_033978.1	k141_8712	127897	92.000	150	12	217
NC_033978.1	k141_8712	127897	82.323	198	23	197
NC_033978.1	k141_8712	127897	67.663	569	104	193
NC_033978.1	k141_8712	127897	69.052	517	93	191
NC_033978.1	k141_8712	127897	82.738	168	25	172
NC_033978.1	k141_8712	127897	67.121	587	173	171
NC_033978.1	k141_8712	127897	80.541	185	14	165
NC_033978.1	k141_8712	127897	80.541	185	14	165
NC_033978.1	k141_8712	127897	94.898	98	5	155
NC_033978.1	k141_8712	127897	86.822	129	16	153
NC_033978.1	k141_8712	127897	82.278	158	18	150
NC_033978.1	k141_8712	127897	68.905	402	115	144
NC_033978.1	k141_8712	127897	97.674	86	1	143
NC_033978.1	k141_8712	127897	87.500	112	13	136
NC_033978.1	k141_8712	127897	74.872	195	39	132
NC_033978.1	k141_8712	127897	93.023	86	6	129
NC_033978.1	k141_8712	127897	93.023	86	6	129
NC_033978.1	k141_8712	127897	70.833	264	49	119
NC_033978.1	k141_8712	127897	74.627	201	30	116
NC_033978.1	k141_8712	127897	76.974	152	24	113
NC_033978.1	k141_8712	127897	76.974	152	24	113
NC_033978.1	k141_8712	127897	91.250	80	6	110
NC_033978.1	k141_8712	127897	82.979	94	11	98.7
NC_033978.1	k141_8712	127897	82.979	94	11	98.7
NC_033978.1	k141_8712	127897	85.366	82	12	95.1
NC_033978.1	k141_8712	127897	85.366	82	12	95.1
NC_033978.1	k141_8712	127897	92.188	64	5	94.2
NC_033978.1	k141_8712	127897	94.545	55	3	86.9
NC_033978.1	k141_8712	127897	94.545	55	3	86.9
NC_033978.1	k141_8712	127897	89.062	64	7	85.1
NC_033978.1	k141_8712	127897	97.959	49	1	85.1
NC_033978.1	k141_8712	127897	100.000	42	0	77.0
NC_033978.1	k141_8712	127897	100.000	42	0	77.0
NC_033978.1	k141_8712	127897	95.556	45	2	73.4
NC_033978.1	k141_8712	127897	95.556	45	2	73.4
NC_033978.1	k141_8712	127897	100.000	40	0	73.4
NC_033978.1	k141_8712	127897	100.000	40	0	73.4
NC_033978.1	k141_8712	127897	100.000	39	0	71.6
NC_033978.1	k141_8712	127897	69.286	140	19	68.0
NC_033978.1	k141_8712	127897	91.489	47	4	68.0
NC_033978.1	k141_8712	127897	97.436	39	1	67.1
NC_033978.1	k141_8712	127897	89.796	49	5	67.1
NC_033978.1	k141_8712	127897	89.583	48	5	65.3
NC_033978.1	k141_8712	127897	95.000	40	2	64.4
NC_033978.1	k141_8712	127897	95.000	40	2	64.4
NC_033978.1	k141_8712	127897	92.857	42	3	63.5
NC_033978.1	k141_8712	127897	86.000	50	7	59.9
NC_033978.1	k141_8712	127897	90.476	42	4	59.0
NC_033978.1	k141_8712	127897	90.476	42	4	59.0
NC_033978.1	k141_8712	127897	72.727	66	18	39.2
NC_033978.1	k141_15849	20341	72.768	885	194	462
NC_033978.1	k141_15849	20341	72.768	885	194	462
NC_033978.1	k141_15849	20341	80.323	310	32	261
NC_033978.1	k141_15849	20341	78.292	281	59	225
NC_033978.1	k141_15849	20341	78.292	281	59	225
NC_033978.1	k141_15849	20341	86.885	61	8	75.2
NC_033978.1	k141_15849	20341	86.885	61	8	75.2
NC_033978.1	k141_15849	20341	80.435	46	9	43.7
NC_033978.1	k141_16531	14218	75.820	488	108	344
NC_033978.1	k141_16531	14218	75.820	488	108	344
NC_033978.1	k141_16531	14218	75.161	467	94	290
NC_033978.1	k141_16531	14218	75.161	467	94	290
NC_033978.1	k141_16531	14218	65.830	518	144	117
NC_033978.1	k141_16531	14218	65.830	518	144	117
NC_033978.1	k141_17832	7354	89.474	209	12	283
NC_033978.1	k141_17832	7354	89.474	209	12	283
NC_033978.1	k141_5836	22865	67.048	786	214	246
NC_033978.1	k141_5836	22865	72.021	193	50	100
NC_033978.1	k141_5836	22865	72.021	193	50	100
NC_033978.1	k141_16485	400	94.040	151	9	233
NC_033978.1	k141_3222	1099	96.429	140	5	231
NC_033978.1	k141_11306	12667	88.485	165	3	223
NC_033978.1	k141_11306	12667	88.485	165	3	223
NC_033978.1	k141_11306	12667	85.000	60	2	70.7
NC_033978.1	k141_11306	12667	85.000	60	2	70.7
NC_033978.1	k141_19506	829	93.617	141	9	214
NC_033978.1	k141_6311	654	92.857	140	8	205
NC_033978.1	k141_6311	654	92.857	140	8	205
NC_033978.1	k141_18790	4304	98.795	83	1	146
NC_033978.1	k141_18790	4304	98.795	83	1	146
NC_033978.1	k141_21608	5950	87.395	119	9	144
NC_033978.1	k141_21608	5950	69.498	259	48	104
NC_033978.1	k141_21608	5950	70.857	175	36	86.9
NC_033978.1	k141_7757	11331	97.561	82	2	140
NC_033978.1	k141_21701	3150	94.667	75	4	118
NC_033978.1	k141_21701	3150	77.049	61	14	48.2
NC_033978.1	k141_18144	302	92.982	57	4	86.0
NC_033978.1	k141_18144	302	92.982	57	4	86.0
NC_033978.1	k141_21372	10452	77.391	115	23	85.1
NC_033978.1	k141_21372	10452	77.391	115	23	85.1
NC_033978.1	k141_11390	313	85.294	68	10	78.8
NC_033978.1	k141_8950	6706	78.750	80	17	68.9
NC_033978.1	k141_6894	449	88.372	43	5	56.3
NC_033978.1	k141_6894	449	88.372	43	5	56.3
NC_033978.1	k141_23669	342	84.211	57	7	56.3
NC_033978.1	k141_21051	11910	78.723	47	10	41.0
MW006668.1	k141_8712	127897	80.540	9404	1499	8615
MW006668.1	k141_8712	127897	87.922	5986	406	7506
MW006668.1	k141_8712	127897	87.922	5986	406	7506
MW006668.1	k141_8712	127897	89.257	5520	518	7250
MW006668.1	k141_8712	127897	83.403	4284	533	4524
MW006668.1	k141_8712	127897	80.378	4816	752	4369
MW006668.1	k141_8712	127897	80.378	4816	752	4369
MW006668.1	k141_8712	127897	87.855	3310	329	4093
MW006668.1	k141_8712	127897	85.955	3382	441	3939
MW006668.1	k141_8712	127897	91.478	2476	150	3493
MW006668.1	k141_8712	127897	91.478	2476	150	3493
MW006668.1	k141_8712	127897	79.067	3946	524	3350
MW006668.1	k141_8712	127897	82.737	2937	413	2975
MW006668.1	k141_8712	127897	85.998	2414	281	2787
MW006668.1	k141_8712	127897	85.481	2142	290	2453
MW006668.1	k141_8712	127897	85.481	2142	290	2453
MW006668.1	k141_8712	127897	90.920	1608	144	2235
MW006668.1	k141_8712	127897	83.368	1930	287	2024
MW006668.1	k141_8712	127897	84.020	1846	213	2011
MW006668.1	k141_8712	127897	78.710	2170	275	1842
MW006668.1	k141_8712	127897	78.785	2206	440	1831
MW006668.1	k141_8712	127897	79.633	2126	318	1824
MW006668.1	k141_8712	127897	79.633	2126	318	1824
MW006668.1	k141_8712	127897	80.180	1776	211	1608
MW006668.1	k141_8712	127897	75.231	2382	480	1600
MW006668.1	k141_8712	127897	80.875	1485	210	1379
MW006668.1	k141_8712	127897	93.088	868	57	1289
MW006668.1	k141_8712	127897	93.088	868	57	1289
MW006668.1	k141_8712	127897	77.778	1575	270	1263
MW006668.1	k141_8712	127897	79.561	1047	150	928
MW006668.1	k141_8712	127897	71.194	1826	311	922
MW006668.1	k141_8712	127897	75.124	1009	171	666
MW006668.1	k141_8712	127897	82.770	621	59	636
MW006668.1	k141_8712	127897	81.611	658	83	636
MW006668.1	k141_8712	127897	78.375	763	100	628
MW006668.1	k141_8712	127897	87.776	499	52	616
MW006668.1	k141_8712	127897	74.064	1068	179	613
MW006668.1	k141_8712	127897	73.011	1056	184	603
MW006668.1	k141_8712	127897	68.843	1348	224	575
MW006668.1	k141_8712	127897	73.311	903	147	515
MW006668.1	k141_8712	127897	82.258	496	55	510
MW006668.1	k141_8712	127897	79.810	525	81	456
MW006668.1	k141_8712	127897	87.671	365	30	452
MW006668.1	k141_8712	127897	72.117	789	147	448
MW006668.1	k141_8712	127897	74.765	638	121	425
MW006668.1	k141_8712	127897	90.228	307	28	412
MW006668.1	k141_8712	127897	71.049	753	137	363
MW006668.1	k141_8712	127897	73.765	587	82	358
MW006668.1	k141_8712	127897	78.251	446	80	352
MW006668.1	k141_8712	127897	83.801	321	39	343
MW006668.1	k141_8712	127897	87.970	266	32	336
MW006668.1	k141_8712	127897	73.626	546	106	334
MW006668.1	k141_8712	127897	73.626	546	106	334
MW006668.1	k141_8712	127897	78.446	399	55	311
MW006668.1	k141_8712	127897	83.221	298	38	310
MW006668.1	k141_8712	127897	83.221	298	38	310
MW006668.1	k141_8712	127897	79.883	343	63	296
MW006668.1	k141_8712	127897	80.263	304	51	269
MW006668.1	k141_8712	127897	80.263	304	51	269
MW006668.1	k141_8712	127897	68.664	801	142	268
MW006668.1	k141_8712	127897	83.730	252	35	267
MW006668.1	k141_8712	127897	76.816	358	54	267
MW006668.1	k141_8712	127897	76.816	358	54	267
MW006668.1	k141_8712	127897	77.545	334	55	260
MW006668.1	k141_8712	127897	86.449	214	27	249
MW006668.1	k141_8712	127897	70.328	519	138	239
MW006668.1	k141_8712	127897	78.648	281	42	226
MW006668.1	k141_8712	127897	87.640	178	22	223
MW006668.1	k141_8712	127897	80.247	243	25	212
MW006668.1	k141_8712	127897	78.906	256	45	209
MW006668.1	k141_8712	127897	80.882	204	28	189
MW006668.1	k141_8712	127897	73.163	313	57	188
MW006668.1	k141_8712	127897	84.024	169	23	178
MW006668.1	k141_8712	127897	77.533	227	49	178
MW006668.1	k141_8712	127897	83.636	165	16	178
MW006668.1	k141_8712	127897	85.315	143	21	164
MW006668.1	k141_8712	127897	98.901	91	1	160
MW006668.1	k141_8712	127897	77.465	213	36	152
MW006668.1	k141_8712	127897	68.445	431	120	152
MW006668.1	k141_8712	127897	78.531	177	33	149
MW006668.1	k141_8712	127897	74.590	244	52	148
MW006668.1	k141_8712	127897	76.442	208	42	148
MW006668.1	k141_8712	127897	76.667	210	40	144
MW006668.1	k141_8712	127897	98.765	81	1	142
MW006668.1	k141_8712	127897	84.921	126	19	142
MW006668.1	k141_8712	127897	81.081	148	19	141
MW006668.1	k141_8712	127897	81.081	148	19	141
MW006668.1	k141_8712	127897	88.679	106	12	138
MW006668.1	k141_8712	127897	70.062	324	64	137
MW006668.1	k141_8712	127897	80.392	153	20	137
MW006668.1	k141_8712	127897	83.471	121	13	131
MW006668.1	k141_8712	127897	82.308	130	22	128
MW006668.1	k141_8712	127897	93.590	78	5	119
MW006668.1	k141_8712	127897	93.590	78	5	119
MW006668.1	k141_8712	127897	73.182	220	41	116
MW006668.1	k141_8712	127897	92.208	77	6	113
MW006668.1	k141_8712	127897	87.952	83	10	105
MW006668.1	k141_8712	127897	81.905	105	15	104
MW006668.1	k141_8712	127897	98.246	57	1	99.6
MW006668.1	k141_8712	127897	98.246	57	1	99.6
MW006668.1	k141_8712	127897	89.189	74	8	98.7
MW006668.1	k141_8712	127897	89.189	74	8	98.7
MW006668.1	k141_8712	127897	68.826	247	57	90.6
MW006668.1	k141_8712	127897	70.000	170	34	84.2
MW006668.1	k141_8712	127897	70.000	170	34	84.2
MW006668.1	k141_8712	127897	90.909	55	5	77.9
MW006668.1	k141_8712	127897	100.000	42	0	77.0
MW006668.1	k141_8712	127897	100.000	42	0	77.0
MW006668.1	k141_8712	127897	100.000	42	0	77.0
MW006668.1	k141_8712	127897	85.714	63	9	74.3
MW006668.1	k141_8712	127897	95.556	45	2	73.4
MW006668.1	k141_8712	127897	95.556	45	2	73.4
MW006668.1	k141_8712	127897	71.429	147	26	73.4
MW006668.1	k141_8712	127897	71.429	147	26	73.4
MW006668.1	k141_8712	127897	100.000	40	0	73.4
MW006668.1	k141_8712	127897	95.238	42	2	68.0
MW006668.1	k141_8712	127897	91.489	47	4	68.0
MW006668.1	k141_8712	127897	89.796	49	5	67.1
MW006668.1	k141_8712	127897	89.583	48	5	65.3
MW006668.1	k141_8712	127897	92.857	42	3	63.5
MW006668.1	k141_8712	127897	68.984	187	50	61.7
MW006668.1	k141_8712	127897	68.984	187	50	61.7
MW006668.1	k141_8712	127897	83.636	55	9	59.9
MW006668.1	k141_8712	127897	83.636	55	9	59.9
MW006668.1	k141_8712	127897	90.476	42	4	59.0
MW006668.1	k141_8712	127897	83.051	59	9	59.0
MW006668.1	k141_8712	127897	83.051	59	9	59.0
MW006668.1	k141_8712	127897	85.417	48	7	56.3
MW006668.1	k141_8712	127897	68.254	189	48	55.4
MW006668.1	k141_8712	127897	68.254	189	48	55.4
MW006668.1	k141_8712	127897	68.254	189	48	55.4
MW006668.1	k141_8712	127897	68.254	189	48	55.4
MW006668.1	k141_8712	127897	68.254	189	48	55.4
MW006668.1	k141_8712	127897	68.254	189	48	55.4
MW006668.1	k141_8712	127897	68.254	189	48	55.4
MW006668.1	k141_8712	127897	68.254	189	48	55.4
MW006668.1	k141_8712	127897	68.254	189	48	55.4
MW006668.1	k141_8712	127897	68.254	189	48	55.4
MW006668.1	k141_8712	127897	81.818	55	10	55.4
MW006668.1	k141_8712	127897	81.818	55	10	55.4
MW006668.1	k141_8712	127897	84.000	50	8	55.4
MW006668.1	k141_8712	127897	80.000	60	11	51.8
MW006668.1	k141_8712	127897	80.000	60	11	51.8
MW006668.1	k141_8712	127897	83.333	48	8	51.8
MW006668.1	k141_8712	127897	83.333	48	8	51.8
MW006668.1	k141_8712	127897	83.333	48	8	51.8
MW006668.1	k141_8712	127897	83.333	48	8	51.8
MW006668.1	k141_8712	127897	83.333	42	7	45.5
MW006668.1	k141_16531	14218	71.274	1107	265	512
MW006668.1	k141_16531	14218	71.274	1107	265	512
MW006668.1	k141_16531	14218	64.865	518	144	95.1
MW006668.1	k141_16531	14218	64.865	518	144	95.1
MW006668.1	k141_16531	14218	75.556	135	31	93.3
MW006668.1	k141_16531	14218	75.556	135	31	93.3
MW006668.1	k141_16531	14218	74.627	67	17	45.5
MW006668.1	k141_16531	14218	74.627	67	17	45.5
MW006668.1	k141_16531	14218	75.000	60	15	41.9
MW006668.1	k141_15849	20341	71.896	886	201	434
MW006668.1	k141_15849	20341	71.896	886	201	434
MW006668.1	k141_15849	20341	78.292	281	59	225
MW006668.1	k141_15849	20341	78.292	281	59	225
MW006668.1	k141_15849	20341	78.750	240	25	200
MW006668.1	k141_15849	20341	85.246	61	9	70.7
MW006668.1	k141_15849	20341	85.246	61	9	70.7
MW006668.1	k141_5836	22865	66.710	763	209	232
MW006668.1	k141_5836	22865	71.204	191	55	97.8
MW006668.1	k141_16485	400	92.568	148	11	218
MW006668.1	k141_11306	12667	87.879	165	4	218
MW006668.1	k141_11306	12667	87.879	165	4	218
MW006668.1	k141_11306	12667	85.000	60	2	70.7
MW006668.1	k141_11306	12667	85.000	60	2	70.7
MW006668.1	k141_3222	1099	92.086	139	11	202
MW006668.1	k141_19506	829	91.912	136	11	196
MW006668.1	k141_21608	5950	73.597	303	49	174
MW006668.1	k141_21608	5950	81.818	88	11	83.3
MW006668.1	k141_18790	4304	96.386	83	3	137
MW006668.1	k141_18790	4304	96.386	83	3	137
MW006668.1	k141_7757	11331	94.937	79	4	125
MW006668.1	k141_7757	11331	94.937	79	4	125
MW006668.1	k141_21701	3150	94.667	75	4	118
MW006668.1	k141_21701	3150	77.193	57	13	45.5
MW006668.1	k141_21372	10452	77.391	115	23	85.1
MW006668.1	k141_21372	10452	77.391	115	23	85.1
MW006668.1	k141_11390	313	85.075	67	10	77.0
MW006668.1	k141_18144	302	85.714	63	7	71.6
MW006668.1	k141_8950	6706	72.180	133	35	67.1
MW006668.1	k141_23669	342	82.540	63	9	58.1
MW006668.1	k141_23669	342	82.540	63	9	58.1
MW006668.1	k141_8435	21572	75.000	68	16	43.7
MW006668.1	k141_8435	21572	75.000	68	16	43.7
MW006668.1	k141_8435	21572	75.000	68	16	43.7
MW435436.1	k141_8712	127897	84.172	10873	1413	11821
MW435436.1	k141_8712	127897	82.805	7502	878	7652
MW435436.1	k141_8712	127897	91.299	5379	434	7572
MW435436.1	k141_8712	127897	91.944	5263	261	7533
MW435436.1	k141_8712	127897	91.944	5263	261	7533
MW435436.1	k141_8712	127897	84.230	4331	480	4780
MW435436.1	k141_8712	127897	90.694	3170	206	4346
MW435436.1	k141_8712	127897	90.694	3170	206	4346
MW435436.1	k141_8712	127897	79.416	4450	609	3817
MW435436.1	k141_8712	127897	91.262	2655	179	3723
MW435436.1	k141_8712	127897	91.262	2655	179	3723
MW435436.1	k141_8712	127897	81.902	3343	481	3287
MW435436.1	k141_8712	127897	80.649	3297	363	3201
MW435436.1	k141_8712	127897	80.649	3297	363	3201
MW435436.1	k141_8712	127897	87.995	2324	229	2907
MW435436.1	k141_8712	127897	85.046	2394	307	2696
MW435436.1	k141_8712	127897	89.671	1733	98	2333
MW435436.1	k141_8712	127897	89.671	1733	98	2333
MW435436.1	k141_8712	127897	82.514	2259	351	2297
MW435436.1	k141_8712	127897	85.931	1912	234	2227
MW435436.1	k141_8712	127897	86.681	1802	195	2177
MW435436.1	k141_8712	127897	86.681	1802	195	2177
MW435436.1	k141_8712	127897	82.722	1991	300	2044
MW435436.1	k141_8712	127897	84.346	1827	202	2014
MW435436.1	k141_8712	127897	80.656	2135	249	1984
MW435436.1	k141_8712	127897	82.582	1952	277	1977
MW435436.1	k141_8712	127897	79.155	2130	283	1828
MW435436.1	k141_8712	127897	93.075	1213	71	1803
MW435436.1	k141_8712	127897	76.431	2376	437	1723
MW435436.1	k141_8712	127897	79.865	1773	222	1562
MW435436.1	k141_8712	127897	78.444	1517	141	1295
MW435436.1	k141_8712	127897	78.444	1517	141	1295
MW435436.1	k141_8712	127897	78.143	1583	276	1291
MW435436.1	k141_8712	127897	86.140	1075	117	1242
MW435436.1	k141_8712	127897	78.011	1428	256	1131
MW435436.1	k141_8712	127897	73.283	1718	282	1036
MW435436.1	k141_8712	127897	85.546	851	90	957
MW435436.1	k141_8712	127897	72.967	1672	297	956
MW435436.1	k141_8712	127897	79.465	1047	151	932
MW435436.1	k141_8712	127897	78.600	1014	112	842
MW435436.1	k141_8712	127897	90.991	444	31	616
MW435436.1	k141_8712	127897	90.991	444	31	616
MW435436.1	k141_8712	127897	73.977	1026	167	593
MW435436.1	k141_8712	127897	75.121	828	150	557
MW435436.1	k141_8712	127897	75.121	828	150	557
MW435436.1	k141_8712	127897	72.771	1043	180	551
MW435436.1	k141_8712	127897	73.696	901	137	539
MW435436.1	k141_8712	127897	86.261	444	52	530
MW435436.1	k141_8712	127897	86.261	444	52	530
MW435436.1	k141_8712	127897	71.182	1100	176	529
MW435436.1	k141_8712	127897	88.861	395	29	510
MW435436.1	k141_8712	127897	88.861	395	29	510
MW435436.1	k141_8712	127897	71.004	1076	234	506
MW435436.1	k141_8712	127897	75.928	727	113	489
MW435436.1	k141_8712	127897	80.036	551	79	472
MW435436.1	k141_8712	127897	79.842	506	87	444
MW435436.1	k141_8712	127897	89.362	329	25	432
MW435436.1	k141_8712	127897	89.362	329	25	432
MW435436.1	k141_8712	127897	82.025	395	60	380
MW435436.1	k141_8712	127897	82.025	395	60	380
MW435436.1	k141_8712	127897	75.893	560	100	379
MW435436.1	k141_8712	127897	78.556	471	72	353
MW435436.1	k141_8712	127897	86.395	294	38	348
MW435436.1	k141_8712	127897	86.395	294	38	348
MW435436.1	k141_8712	127897	84.983	293	36	324
MW435436.1	k141_8712	127897	84.983	293	36	324
MW435436.1	k141_8712	127897	68.533	750	181	280
MW435436.1	k141_8712	127897	71.875	480	109	263
MW435436.1	k141_8712	127897	71.875	480	109	263
MW435436.1	k141_8712	127897	78.019	323	53	261
MW435436.1	k141_8712	127897	69.870	614	151	255
MW435436.1	k141_8712	127897	86.634	202	27	243
MW435436.1	k141_8712	127897	74.667	375	65	235
MW435436.1	k141_8712	127897	77.739	283	47	228
MW435436.1	k141_8712	127897	88.824	170	15	221
MW435436.1	k141_8712	127897	88.824	170	15	221
MW435436.1	k141_8712	127897	80.000	230	16	217
MW435436.1	k141_8712	127897	68.214	560	154	212
MW435436.1	k141_8712	127897	74.328	335	65	200
MW435436.1	k141_8712	127897	80.556	216	34	190
MW435436.1	k141_8712	127897	74.737	285	43	189
MW435436.1	k141_8712	127897	74.737	285	43	189
MW435436.1	k141_8712	127897	87.179	156	16	187
MW435436.1	k141_8712	127897	86.577	149	14	176
MW435436.1	k141_8712	127897	73.826	298	64	172
MW435436.1	k141_8712	127897	79.891	184	26	158
MW435436.1	k141_8712	127897	84.028	144	15	155
MW435436.1	k141_8712	127897	84.783	138	21	155
MW435436.1	k141_8712	127897	84.173	139	14	150
MW435436.1	k141_8712	127897	88.696	115	13	150
MW435436.1	k141_8712	127897	88.496	113	12	142
MW435436.1	k141_8712	127897	84.127	126	20	138
MW435436.1	k141_8712	127897	94.186	86	5	133
MW435436.1	k141_8712	127897	94.186	86	5	133
MW435436.1	k141_8712	127897	83.471	121	20	129
MW435436.1	k141_8712	127897	96.104	77	3	126
MW435436.1	k141_8712	127897	73.656	186	17	122
MW435436.1	k141_8712	127897	73.656	186	17	122
MW435436.1	k141_8712	127897	85.577	104	11	120
MW435436.1	k141_8712	127897	78.400	125	8	108
MW435436.1	k141_8712	127897	78.400	125	8	108
MW435436.1	k141_8712	127897	83.019	106	16	108
MW435436.1	k141_8712	127897	83.019	106	16	108
MW435436.1	k141_8712	127897	82.979	94	11	98.7
MW435436.1	k141_8712	127897	82.979	94	11	98.7
MW435436.1	k141_8712	127897	80.769	104	19	95.1
MW435436.1	k141_8712	127897	81.250	112	13	93.3
MW435436.1	k141_8712	127897	84.146	82	13	90.6
MW435436.1	k141_8712	127897	84.146	82	13	90.6
MW435436.1	k141_8712	127897	90.476	63	6	87.8
MW435436.1	k141_8712	127897	89.062	64	7	85.1
MW435436.1	k141_8712	127897	94.231	52	3	81.5
MW435436.1	k141_8712	127897	91.228	57	3	78.8
MW435436.1	k141_8712	127897	91.228	57	3	78.8
MW435436.1	k141_8712	127897	100.000	42	0	77.0
MW435436.1	k141_8712	127897	100.000	42	0	77.0
MW435436.1	k141_8712	127897	95.556	45	2	73.4
MW435436.1	k141_8712	127897	95.556	45	2	73.4
MW435436.1	k141_8712	127897	100.000	40	0	73.4
MW435436.1	k141_8712	127897	100.000	40	0	73.4
MW435436.1	k141_8712	127897	95.238	42	2	68.0
MW435436.1	k141_8712	127897	84.483	58	9	65.3
MW435436.1	k141_8712	127897	87.755	49	6	62.6
MW435436.1	k141_8712	127897	87.500	48	6	60.8
MW435436.1	k141_8712	127897	90.476	42	4	59.0
MW435436.1	k141_8712	127897	90.476	42	4	59.0
MW435436.1	k141_8712	127897	92.308	39	3	58.1
MW435436.1	k141_8712	127897	84.000	50	8	55.4
MW435436.1	k141_16531	14218	71.377	1111	251	532
MW435436.1	k141_16531	14218	71.377	1111	251	532
MW435436.1	k141_16531	14218	65.830	518	144	117
MW435436.1	k141_16531	14218	65.830	518	144	117
MW435436.1	k141_16531	14218	75.556	135	31	93.3
MW435436.1	k141_16531	14218	75.556	135	31	93.3
MW435436.1	k141_16531	14218	73.239	71	19	43.7
MW435436.1	k141_15849	20341	72.635	888	190	455
MW435436.1	k141_15849	20341	72.635	888	190	455
MW435436.1	k141_15849	20341	77.936	281	60	221
MW435436.1	k141_15849	20341	77.936	281	60	221
MW435436.1	k141_15849	20341	75.652	230	29	160
MW435436.1	k141_15849	20341	86.885	61	8	75.2
MW435436.1	k141_15849	20341	86.885	61	8	75.2
MW435436.1	k141_15849	20341	78.261	46	10	39.2
MW435436.1	k141_17832	7354	89.474	209	12	283
MW435436.1	k141_17832	7354	89.474	209	12	283
MW435436.1	k141_5836	22865	67.344	787	210	245
MW435436.1	k141_5836	22865	73.626	182	44	107
MW435436.1	k141_5836	22865	73.626	182	44	107
MW435436.1	k141_16485	400	94.040	151	9	233
MW435436.1	k141_3222	1099	95.683	139	6	224
MW435436.1	k141_19506	829	94.286	140	8	217
MW435436.1	k141_11306	12667	87.273	165	5	214
MW435436.1	k141_11306	12667	87.273	165	5	214
MW435436.1	k141_11306	12667	85.000	60	2	70.7
MW435436.1	k141_11306	12667	85.000	60	2	70.7
MW435436.1	k141_6311	654	93.571	140	7	210
MW435436.1	k141_6311	654	93.571	140	7	210
MW435436.1	k141_21608	5950	95.506	89	4	143
MW435436.1	k141_21608	5950	84.337	83	8	87.8
MW435436.1	k141_18790	4304	97.590	83	2	141
MW435436.1	k141_18790	4304	97.590	83	2	141
MW435436.1	k141_7757	11331	95.000	80	4	127
MW435436.1	k141_21701	3150	93.333	75	5	113
MW435436.1	k141_21701	3150	77.193	57	13	45.5
MW435436.1	k141_21372	10452	77.391	115	23	85.1
MW435436.1	k141_21372	10452	77.391	115	23	85.1
MW435436.1	k141_11390	313	87.692	65	8	82.4
MW435436.1	k141_18144	302	89.474	57	6	77.0
MW435436.1	k141_18144	302	89.474	57	6	77.0
MW435436.1	k141_23669	342	82.540	63	9	58.1
MW435436.1	k141_8950	6706	75.000	80	20	55.4
MW435436.1	k141_8950	6706	75.000	80	20	55.4
MW435436.1	k141_9716	774	81.579	38	7	38.3
MW435436.1	k141_9716	774	81.579	38	7	38.3
NC_037882.1	k141_8712	127897	84.283	12725	1665	13873
NC_037882.1	k141_8712	127897	89.934	5732	481	7728
NC_037882.1	k141_8712	127897	90.480	5536	288	7589
NC_037882.1	k141_8712	127897	90.480	5536	288	7589
NC_037882.1	k141_8712	127897	82.247	7407	843	7355
NC_037882.1	k141_8712	127897	85.572	4318	456	4985
NC_037882.1	k141_8712	127897	92.196	3293	202	4745
NC_037882.1	k141_8712	127897	92.196	3293	202	4745
NC_037882.1	k141_8712	127897	87.772	3492	249	4403
NC_037882.1	k141_8712	127897	87.772	3492	249	4403
NC_037882.1	k141_8712	127897	79.402	4913	770	4255
NC_037882.1	k141_8712	127897	84.986	2944	340	3287
NC_037882.1	k141_8712	127897	81.348	3265	360	3246
NC_037882.1	k141_8712	127897	81.348	3265	360	3246
NC_037882.1	k141_8712	127897	91.914	1991	141	2856
NC_037882.1	k141_8712	127897	86.985	2136	260	2602
NC_037882.1	k141_8712	127897	83.031	2263	348	2329
NC_037882.1	k141_8712	127897	85.261	1954	241	2205
NC_037882.1	k141_8712	127897	86.778	1800	193	2183
NC_037882.1	k141_8712	127897	86.778	1800	193	2183
NC_037882.1	k141_8712	127897	85.047	1799	211	2030
NC_037882.1	k141_8712	127897	93.132	1223	69	1805
NC_037882.1	k141_8712	127897	83.114	1747	194	1768
NC_037882.1	k141_8712	127897	78.696	2117	313	1761
NC_037882.1	k141_8712	127897	80.996	1868	222	1736
NC_037882.1	k141_8712	127897	75.647	2394	469	1644
NC_037882.1	k141_8712	127897	80.291	1583	238	1452
NC_037882.1	k141_8712	127897	87.487	927	71	1154
NC_037882.1	k141_8712	127897	75.207	1694	272	1138
NC_037882.1	k141_8712	127897	82.765	1027	137	1041
NC_037882.1	k141_8712	127897	74.658	1610	264	1014
NC_037882.1	k141_8712	127897	78.189	1270	183	1005
NC_037882.1	k141_8712	127897	76.673	1046	141	776
NC_037882.1	k141_8712	127897	93.788	499	28	755
NC_037882.1	k141_8712	127897	93.788	499	28	755
NC_037882.1	k141_8712	127897	94.118	476	21	735
NC_037882.1	k141_8712	127897	94.118	476	21	735
NC_037882.1	k141_8712	127897	90.275	545	31	733
NC_037882.1	k141_8712	127897	90.275	545	31	733
NC_037882.1	k141_8712	127897	74.040	1198	204	698
NC_037882.1	k141_8712	127897	73.061	1225	201	685
NC_037882.1	k141_8712	127897	74.929	1053	178	647
NC_037882.1	k141_8712	127897	90.359	446	32	603
NC_037882.1	k141_8712	127897	90.359	446	32	603
NC_037882.1	k141_8712	127897	76.684	772	150	568
NC_037882.1	k141_8712	127897	76.684	772	150	568
NC_037882.1	k141_8712	127897	70.512	1153	227	509
NC_037882.1	k141_8712	127897	74.527	793	125	495
NC_037882.1	k141_8712	127897	84.459	444	60	494
NC_037882.1	k141_8712	127897	84.459	444	60	494
NC_037882.1	k141_8712	127897	77.052	658	115	476
NC_037882.1	k141_8712	127897	72.112	961	172	459
NC_037882.1	k141_8712	127897	78.586	495	86	393
NC_037882.1	k141_8712	127897	82.443	393	66	392
NC_037882.1	k141_8712	127897	82.443	393	66	392
NC_037882.1	k141_8712	127897	79.157	451	63	382
NC_037882.1	k141_8712	127897	79.157	451	63	382
NC_037882.1	k141_8712	127897	67.632	1140	267	381
NC_037882.1	k141_8712	127897	87.713	293	31	358
NC_037882.1	k141_8712	127897	73.393	560	82	354
NC_037882.1	k141_8712	127897	84.810	316	46	352
NC_037882.1	k141_8712	127897	84.810	316	46	352
NC_037882.1	k141_8712	127897	79.564	367	33	335
NC_037882.1	k141_8712	127897	79.564	367	33	335
NC_037882.1	k141_8712	127897	82.594	293	43	293
NC_037882.1	k141_8712	127897	82.594	293	43	293
NC_037882.1	k141_8712	127897	77.608	393	67	291
NC_037882.1	k141_8712	127897	78.393	361	55	285
NC_037882.1	k141_8712	127897	77.624	362	58	278
NC_037882.1	k141_8712	127897	69.697	561	144	247
NC_037882.1	k141_8712	127897	74.722	360	91	240
NC_037882.1	k141_8712	127897	85.787	197	28	230
NC_037882.1	k141_8712	127897	88.757	169	15	219
NC_037882.1	k141_8712	127897	88.757	169	15	219
NC_037882.1	k141_8712	127897	65.472	921	233	214
NC_037882.1	k141_8712	127897	74.843	318	80	214
NC_037882.1	k141_8712	127897	79.842	253	29	211
NC_037882.1	k141_8712	127897	77.778	252	48	196
NC_037882.1	k141_8712	127897	85.294	170	18	192
NC_037882.1	k141_8712	127897	78.539	219	39	187
NC_037882.1	k141_8712	127897	84.091	176	15	186
NC_037882.1	k141_8712	127897	84.177	158	15	168
NC_037882.1	k141_8712	127897	88.148	135	12	167
NC_037882.1	k141_8712	127897	91.071	112	7	156
NC_037882.1	k141_8712	127897	92.381	105	8	154
NC_037882.1	k141_8712	127897	69.470	321	52	152
NC_037882.1	k141_8712	127897	79.394	165	34	145
NC_037882.1	k141_8712	127897	82.609	138	16	140
NC_037882.1	k141_8712	127897	90.909	99	9	139
NC_037882.1	k141_8712	127897	84.127	126	20	138
NC_037882.1	k141_8712	127897	96.341	82	2	132
NC_037882.1	k141_8712	127897	72.314	242	43	130
NC_037882.1	k141_8712	127897	93.023	86	6	129
NC_037882.1	k141_8712	127897	93.023	86	6	129
NC_037882.1	k141_8712	127897	85.321	109	9	118
NC_037882.1	k141_8712	127897	87.000	100	10	116
NC_037882.1	k141_8712	127897	74.317	183	30	103
NC_037882.1	k141_8712	127897	68.992	258	50	87.8
NC_037882.1	k141_8712	127897	87.500	72	8	86.9
NC_037882.1	k141_8712	127897	96.154	52	2	86.0
NC_037882.1	k141_8712	127897	89.062	64	7	85.1
NC_037882.1	k141_8712	127897	88.889	63	7	83.3
NC_037882.1	k141_8712	127897	95.918	49	2	80.6
NC_037882.1	k141_8712	127897	95.918	49	2	80.6
NC_037882.1	k141_8712	127897	90.909	55	5	77.9
NC_037882.1	k141_8712	127897	90.909	55	5	77.9
NC_037882.1	k141_8712	127897	95.556	45	2	73.4
NC_037882.1	k141_8712	127897	95.556	45	2	73.4
NC_037882.1	k141_8712	127897	97.619	42	1	72.5
NC_037882.1	k141_8712	127897	97.619	42	1	72.5
NC_037882.1	k141_8712	127897	97.619	42	1	72.5
NC_037882.1	k141_8712	127897	97.500	40	1	68.9
NC_037882.1	k141_8712	127897	97.500	40	1	68.9
NC_037882.1	k141_8712	127897	89.796	49	5	67.1
NC_037882.1	k141_8712	127897	89.583	48	5	65.3
NC_037882.1	k141_8712	127897	92.857	42	3	63.5
NC_037882.1	k141_8712	127897	94.872	39	2	62.6
NC_037882.1	k141_8712	127897	94.444	36	2	57.2
NC_037882.1	k141_8712	127897	84.000	50	8	55.4
NC_037882.1	k141_8712	127897	88.095	42	5	54.5
NC_037882.1	k141_8712	127897	88.095	42	5	54.5
NC_037882.1	k141_16531	14218	71.287	1111	252	523
NC_037882.1	k141_16531	14218	71.287	1111	252	523
NC_037882.1	k141_16531	14218	65.830	518	144	117
NC_037882.1	k141_16531	14218	65.830	518	144	117
NC_037882.1	k141_16531	14218	75.352	142	33	96.9
NC_037882.1	k141_16531	14218	75.352	142	33	96.9
NC_037882.1	k141_15849	20341	72.655	885	195	458
NC_037882.1	k141_15849	20341	72.655	885	195	458
NC_037882.1	k141_15849	20341	77.936	281	60	221
NC_037882.1	k141_15849	20341	77.936	281	60	221
NC_037882.1	k141_15849	20341	83.799	179	18	171
NC_037882.1	k141_15849	20341	86.885	61	8	75.2
NC_037882.1	k141_15849	20341	86.885	61	8	75.2
NC_037882.1	k141_17832	7354	89.952	209	11	288
NC_037882.1	k141_17832	7354	89.952	209	11	288
NC_037882.1	k141_16485	400	94.040	151	9	233
NC_037882.1	k141_3222	1099	95.000	140	7	222
NC_037882.1	k141_19506	829	94.326	141	8	219
NC_037882.1	k141_5836	22865	66.104	829	234	217
NC_037882.1	k141_5836	22865	73.057	193	48	109
NC_037882.1	k141_5836	22865	73.057	193	48	109
NC_037882.1	k141_11306	12667	87.195	164	5	212
NC_037882.1	k141_11306	12667	87.195	164	5	212
NC_037882.1	k141_11306	12667	85.000	60	2	70.7
NC_037882.1	k141_11306	12667	85.000	60	2	70.7
NC_037882.1	k141_6311	654	91.549	142	8	197
NC_037882.1	k141_6311	654	91.549	142	8	197
NC_037882.1	k141_21608	5950	87.719	114	9	143
NC_037882.1	k141_7757	11331	98.750	80	1	141
NC_037882.1	k141_18790	4304	96.386	83	3	137
NC_037882.1	k141_18790	4304	96.386	83	3	137
NC_037882.1	k141_21701	3150	92.000	75	6	109
NC_037882.1	k141_21701	3150	77.193	57	13	45.5
NC_037882.1	k141_21372	10452	77.391	115	23	85.1
NC_037882.1	k141_21372	10452	77.391	115	23	85.1
NC_037882.1	k141_18144	302	91.228	57	5	81.5
NC_037882.1	k141_18144	302	91.228	57	5	81.5
NC_037882.1	k141_11390	313	86.567	67	9	81.5
NC_037882.1	k141_8950	6706	81.250	80	15	77.9
NC_037882.1	k141_23669	342	77.778	63	12	44.6
NC_056190.1	k141_8712	127897	82.136	12713	1841	12693
NC_056190.1	k141_8712	127897	90.135	5494	341	7416
NC_056190.1	k141_8712	127897	90.135	5494	341	7416
NC_056190.1	k141_8712	127897	90.048	5416	514	7315
NC_056190.1	k141_8712	127897	80.122	7400	977	6686
NC_056190.1	k141_8712	127897	84.028	4364	504	4717
NC_056190.1	k141_8712	127897	90.354	3276	227	4497
NC_056190.1	k141_8712	127897	90.354	3276	227	4497
NC_056190.1	k141_8712	127897	92.319	2773	165	3999
NC_056190.1	k141_8712	127897	92.319	2773	165	3999
NC_056190.1	k141_8712	127897	83.418	2937	384	3064
NC_056190.1	k141_8712	127897	80.055	3244	368	3046
NC_056190.1	k141_8712	127897	80.055	3244	368	3046
NC_056190.1	k141_8712	127897	87.151	2257	228	2738
NC_056190.1	k141_8712	127897	90.493	1704	104	2342
NC_056190.1	k141_8712	127897	90.493	1704	104	2342
NC_056190.1	k141_8712	127897	82.963	2207	333	2266
NC_056190.1	k141_8712	127897	85.564	1801	206	2089
NC_056190.1	k141_8712	127897	85.564	1801	206	2089
NC_056190.1	k141_8712	127897	84.562	1885	264	2063
NC_056190.1	k141_8712	127897	75.542	2539	344	1768
NC_056190.1	k141_8712	127897	91.625	1206	80	1717
NC_056190.1	k141_8712	127897	75.449	2338	394	1647
NC_056190.1	k141_8712	127897	79.635	1753	256	1531
NC_056190.1	k141_8712	127897	84.198	1272	161	1348
NC_056190.1	k141_8712	127897	77.435	1684	181	1337
NC_056190.1	k141_8712	127897	77.435	1684	181	1337
NC_056190.1	k141_8712	127897	73.033	2351	505	1305
NC_056190.1	k141_8712	127897	77.630	1578	291	1248
NC_056190.1	k141_8712	127897	78.209	1262	200	1019
NC_056190.1	k141_8712	127897	78.743	1082	130	933
NC_056190.1	k141_8712	127897	80.490	1020	161	932
NC_056190.1	k141_8712	127897	71.018	1739	284	905
NC_056190.1	k141_8712	127897	88.960	625	69	817
NC_056190.1	k141_8712	127897	72.715	1455	290	810
NC_056190.1	k141_8712	127897	84.853	680	90	756
NC_056190.1	k141_8712	127897	76.308	1013	136	713
NC_056190.1	k141_8712	127897	89.414	444	37	585
NC_056190.1	k141_8712	127897	89.414	444	37	585
NC_056190.1	k141_8712	127897	73.442	1043	168	582
NC_056190.1	k141_8712	127897	75.685	876	138	557
NC_056190.1	k141_8712	127897	76.104	770	147	548
NC_056190.1	k141_8712	127897	76.104	770	147	548
NC_056190.1	k141_8712	127897	71.988	1021	205	508
NC_056190.1	k141_8712	127897	75.789	665	97	482
NC_056190.1	k141_8712	127897	74.699	747	124	469
NC_056190.1	k141_8712	127897	84.988	413	52	466
NC_056190.1	k141_8712	127897	83.066	437	65	459
NC_056190.1	k141_8712	127897	83.066	437	65	459
NC_056190.1	k141_8712	127897	78.733	442	40	378
NC_056190.1	k141_8712	127897	78.733	442	40	378
NC_056190.1	k141_8712	127897	76.805	457	81	347
NC_056190.1	k141_8712	127897	78.465	404	63	341
NC_056190.1	k141_8712	127897	78.465	404	63	341
NC_056190.1	k141_8712	127897	74.902	510	94	324
NC_056190.1	k141_8712	127897	83.276	293	41	302
NC_056190.1	k141_8712	127897	83.276	293	41	302
NC_056190.1	k141_8712	127897	81.967	305	53	296
NC_056190.1	k141_8712	127897	75.545	413	62	285
NC_056190.1	k141_8712	127897	87.097	217	28	266
NC_056190.1	k141_8712	127897	79.381	291	48	252
NC_056190.1	k141_8712	127897	65.916	1021	261	252
NC_056190.1	k141_8712	127897	89.888	178	18	241
NC_056190.1	k141_8712	127897	78.523	298	45	235
NC_056190.1	k141_8712	127897	78.623	276	38	233
NC_056190.1	k141_8712	127897	77.524	307	56	233
NC_056190.1	k141_8712	127897	73.697	403	81	232
NC_056190.1	k141_8712	127897	80.591	237	42	215
NC_056190.1	k141_8712	127897	88.166	169	16	214
NC_056190.1	k141_8712	127897	88.166	169	16	214
NC_056190.1	k141_8712	127897	74.164	329	85	211
NC_056190.1	k141_8712	127897	67.372	567	159	190
NC_056190.1	k141_8712	127897	79.556	225	33	188
NC_056190.1	k141_8712	127897	83.146	178	24	187
NC_056190.1	k141_8712	127897	66.045	751	180	178
NC_056190.1	k141_8712	127897	77.928	222	31	178
NC_056190.1	k141_8712	127897	77.928	222	31	178
NC_056190.1	k141_8712	127897	83.117	154	25	158
NC_056190.1	k141_8712	127897	66.837	588	173	157
NC_056190.1	k141_8712	127897	83.333	156	17	155
NC_056190.1	k141_8712	127897	93.617	94	6	143
NC_056190.1	k141_8712	127897	97.619	84	2	143
NC_056190.1	k141_8712	127897	88.182	110	10	139
NC_056190.1	k141_8712	127897	94.624	93	3	139
NC_056190.1	k141_8712	127897	95.181	83	4	132
NC_056190.1	k141_8712	127897	95.181	83	4	132
NC_056190.1	k141_8712	127897	97.436	78	2	132
NC_056190.1	k141_8712	127897	77.576	165	37	132
NC_056190.1	k141_8712	127897	96.203	79	3	130
NC_056190.1	k141_8712	127897	78.205	156	31	123
NC_056190.1	k141_8712	127897	92.593	81	6	120
NC_056190.1	k141_8712	127897	79.070	129	16	113
NC_056190.1	k141_8712	127897	78.333	120	24	97.8
NC_056190.1	k141_8712	127897	75.912	137	26	92.4
NC_056190.1	k141_8712	127897	96.226	53	2	87.8
NC_056190.1	k141_8712	127897	92.727	55	4	82.4
NC_056190.1	k141_8712	127897	92.727	55	4	82.4
NC_056190.1	k141_8712	127897	85.714	63	9	74.3
NC_056190.1	k141_8712	127897	97.619	42	1	72.5
NC_056190.1	k141_8712	127897	97.619	42	1	72.5
NC_056190.1	k141_8712	127897	86.441	59	8	71.6
NC_056190.1	k141_8712	127897	82.192	73	11	71.6
NC_056190.1	k141_8712	127897	68.750	176	30	70.7
NC_056190.1	k141_8712	127897	97.561	41	1	70.7
NC_056190.1	k141_8712	127897	100.000	38	0	69.8
NC_056190.1	k141_8712	127897	100.000	38	0	69.8
NC_056190.1	k141_8712	127897	91.304	46	4	66.2
NC_056190.1	k141_8712	127897	91.304	46	4	66.2
NC_056190.1	k141_8712	127897	87.755	49	6	62.6
NC_056190.1	k141_8712	127897	87.500	48	6	60.8
NC_056190.1	k141_8712	127897	92.308	39	3	58.1
NC_056190.1	k141_8712	127897	88.095	42	5	54.5
NC_056190.1	k141_8712	127897	88.095	42	5	54.5
NC_056190.1	k141_8712	127897	80.000	50	10	46.4
NC_056190.1	k141_8712	127897	72.059	68	19	38.3
NC_056190.1	k141_16531	14218	71.377	1111	251	527
NC_056190.1	k141_16531	14218	71.377	1111	251	527
NC_056190.1	k141_16531	14218	65.267	524	143	111
NC_056190.1	k141_16531	14218	65.267	524	143	111
NC_056190.1	k141_16531	14218	80.412	97	19	90.6
NC_056190.1	k141_16531	14218	80.412	97	19	90.6
NC_056190.1	k141_15849	20341	72.768	896	197	469
NC_056190.1	k141_15849	20341	72.768	896	197	469
NC_056190.1	k141_15849	20341	77.580	281	61	216
NC_056190.1	k141_15849	20341	77.580	281	61	216
NC_056190.1	k141_15849	20341	77.049	244	26	166
NC_056190.1	k141_15849	20341	86.885	61	8	75.2
NC_056190.1	k141_15849	20341	86.885	61	8	75.2
NC_056190.1	k141_15849	20341	74.576	59	15	40.1
NC_056190.1	k141_5836	22865	67.570	922	230	292
NC_056190.1	k141_5836	22865	72.539	193	49	104
NC_056190.1	k141_5836	22865	72.539	193	49	104
NC_056190.1	k141_17832	7354	88.835	206	13	273
NC_056190.1	k141_17832	7354	88.835	206	13	273
NC_056190.1	k141_3222	1099	95.000	140	7	222
NC_056190.1	k141_11306	12667	87.805	164	4	216
NC_056190.1	k141_11306	12667	87.805	164	4	216
NC_056190.1	k141_11306	12667	85.000	60	2	70.7
NC_056190.1	k141_11306	12667	85.000	60	2	70.7
NC_056190.1	k141_19506	829	93.617	141	9	214
NC_056190.1	k141_16485	400	89.542	153	16	205
NC_056190.1	k141_6311	654	90.714	140	10	193
NC_056190.1	k141_6311	654	90.714	140	10	193
NC_056190.1	k141_7757	11331	97.531	81	2	138
NC_056190.1	k141_21608	5950	94.186	86	5	133
NC_056190.1	k141_18790	4304	95.181	83	4	132
NC_056190.1	k141_18790	4304	95.181	83	4	132
NC_056190.1	k141_21701	3150	94.595	74	4	116
NC_056190.1	k141_21701	3150	77.193	57	13	45.5
NC_056190.1	k141_21372	10452	77.391	115	23	85.1
NC_056190.1	k141_21372	10452	77.391	115	23	85.1
NC_056190.1	k141_18144	302	91.228	57	5	81.5
NC_056190.1	k141_18144	302	91.228	57	5	81.5
NC_056190.1	k141_11390	313	83.824	68	11	74.3
MN564931.1	k141_8712	127897	83.148	12568	1778	13045
MN564931.1	k141_8712	127897	89.389	5551	337	7335
MN564931.1	k141_8712	127897	89.389	5551	337	7335
MN564931.1	k141_8712	127897	88.828	5621	548	7302
MN564931.1	k141_8712	127897	80.578	7399	1001	6731
MN564931.1	k141_8712	127897	91.329	3287	211	4620
MN564931.1	k141_8712	127897	91.329	3287	211	4620
MN564931.1	k141_8712	127897	82.576	4356	536	4478
MN564931.1	k141_8712	127897	91.323	2835	174	3970
MN564931.1	k141_8712	127897	91.323	2835	174	3970
MN564931.1	k141_8712	127897	80.493	3327	535	3033
MN564931.1	k141_8712	127897	80.861	3229	454	2996
MN564931.1	k141_8712	127897	90.145	1928	174	2608
MN564931.1	k141_8712	127897	76.604	3210	427	2529
MN564931.1	k141_8712	127897	76.604	3210	427	2529
MN564931.1	k141_8712	127897	84.346	2140	313	2351
MN564931.1	k141_8712	127897	88.211	1705	112	2195
MN564931.1	k141_8712	127897	88.211	1705	112	2195
MN564931.1	k141_8712	127897	81.172	2252	370	2122
MN564931.1	k141_8712	127897	83.643	1883	261	2005
MN564931.1	k141_8712	127897	84.125	1789	232	1944
MN564931.1	k141_8712	127897	91.967	1220	77	1751
MN564931.1	k141_8712	127897	77.534	2190	270	1702
MN564931.1	k141_8712	127897	72.817	2645	541	1500
MN564931.1	k141_8712	127897	83.384	1306	184	1376
MN564931.1	k141_8712	127897	80.240	1503	160	1361
MN564931.1	k141_8712	127897	80.240	1503	160	1361
MN564931.1	k141_8712	127897	87.248	1043	100	1271
MN564931.1	k141_8712	127897	81.856	1207	153	1218
MN564931.1	k141_8712	127897	81.856	1207	153	1218
MN564931.1	k141_8712	127897	90.391	843	81	1156
MN564931.1	k141_8712	127897	77.902	1249	230	987
MN564931.1	k141_8712	127897	81.388	994	162	948
MN564931.1	k141_8712	127897	84.316	797	119	875
MN564931.1	k141_8712	127897	72.384	1615	304	859
MN564931.1	k141_8712	127897	83.524	698	99	737
MN564931.1	k141_8712	127897	76.260	1032	174	731
MN564931.1	k141_8712	127897	74.779	1019	143	643
MN564931.1	k141_8712	127897	74.675	845	127	526
MN564931.1	k141_8712	127897	72.818	905	170	498
MN564931.1	k141_8712	127897	83.589	457	36	481
MN564931.1	k141_8712	127897	83.589	457	36	481
MN564931.1	k141_8712	127897	74.829	731	139	462
MN564931.1	k141_8712	127897	71.948	852	145	436
MN564931.1	k141_8712	127897	75.597	586	91	419
MN564931.1	k141_8712	127897	75.597	586	91	419
MN564931.1	k141_8712	127897	77.866	506	82	417
MN564931.1	k141_8712	127897	77.866	506	82	417
MN564931.1	k141_8712	127897	80.525	457	53	416
MN564931.1	k141_8712	127897	80.525	457	53	416
MN564931.1	k141_8712	127897	74.135	665	115	404
MN564931.1	k141_8712	127897	68.313	1174	245	398
MN564931.1	k141_8712	127897	85.928	334	35	389
MN564931.1	k141_8712	127897	86.164	318	33	377
MN564931.1	k141_8712	127897	80.952	399	62	368
MN564931.1	k141_8712	127897	80.952	399	62	368
MN564931.1	k141_8712	127897	86.102	295	39	345
MN564931.1	k141_8712	127897	79.845	387	75	341
MN564931.1	k141_8712	127897	79.845	387	75	341
MN564931.1	k141_8712	127897	78.780	410	70	336
MN564931.1	k141_8712	127897	71.567	619	148	313
MN564931.1	k141_8712	127897	83.276	293	41	302
MN564931.1	k141_8712	127897	83.276	293	41	302
MN564931.1	k141_8712	127897	77.437	359	66	288
MN564931.1	k141_8712	127897	77.437	359	66	288
MN564931.1	k141_8712	127897	86.056	251	30	287
MN564931.1	k141_8712	127897	79.023	348	58	286
MN564931.1	k141_8712	127897	75.597	377	43	265
MN564931.1	k141_8712	127897	77.008	361	62	256
MN564931.1	k141_8712	127897	78.431	306	56	246
MN564931.1	k141_8712	127897	75.510	343	75	240
MN564931.1	k141_8712	127897	75.510	343	75	240
MN564931.1	k141_8712	127897	82.203	236	38	227
MN564931.1	k141_8712	127897	88.202	178	21	227
MN564931.1	k141_8712	127897	72.360	445	85	224
MN564931.1	k141_8712	127897	87.363	182	17	222
MN564931.1	k141_8712	127897	87.363	182	17	222
MN564931.1	k141_8712	127897	80.882	204	28	194
MN564931.1	k141_8712	127897	71.468	361	73	192
MN564931.1	k141_8712	127897	71.468	361	73	192
MN564931.1	k141_8712	127897	81.383	188	23	184
MN564931.1	k141_8712	127897	74.324	296	38	172
MN564931.1	k141_8712	127897	83.041	171	27	171
MN564931.1	k141_8712	127897	89.474	133	9	168
MN564931.1	k141_8712	127897	85.714	147	14	164
MN564931.1	k141_8712	127897	72.603	292	42	160
MN564931.1	k141_8712	127897	67.608	531	152	156
MN564931.1	k141_8712	127897	66.610	590	171	155
MN564931.1	k141_8712	127897	91.150	113	5	155
MN564931.1	k141_8712	127897	81.595	163	20	150
MN564931.1	k141_8712	127897	72.692	260	44	147
MN564931.1	k141_8712	127897	72.692	260	44	147
MN564931.1	k141_8712	127897	86.777	121	14	144
MN564931.1	k141_8712	127897	98.701	77	1	135
MN564931.1	k141_8712	127897	85.455	110	13	125
MN564931.1	k141_8712	127897	88.043	92	10	113
MN564931.1	k141_8712	127897	84.043	94	10	103
MN564931.1	k141_8712	127897	84.043	94	10	103
MN564931.1	k141_8712	127897	68.939	264	68	102
MN564931.1	k141_8712	127897	68.939	264	68	102
MN564931.1	k141_8712	127897	84.884	86	8	97.8
MN564931.1	k141_8712	127897	84.884	86	8	97.8
MN564931.1	k141_8712	127897	65.012	403	78	90.6
MN564931.1	k141_8712	127897	72.436	156	32	89.7
MN564931.1	k141_8712	127897	93.443	61	3	89.7
MN564931.1	k141_8712	127897	92.727	55	4	82.4
MN564931.1	k141_8712	127897	92.727	55	4	82.4
MN564931.1	k141_8712	127897	100.000	42	0	77.0
MN564931.1	k141_8712	127897	89.474	57	6	77.0
MN564931.1	k141_8712	127897	89.474	57	6	77.0
MN564931.1	k141_8712	127897	100.000	42	0	77.0
MN564931.1	k141_8712	127897	100.000	42	0	77.0
MN564931.1	k141_8712	127897	84.615	65	10	73.4
MN564931.1	k141_8712	127897	100.000	40	0	73.4
MN564931.1	k141_8712	127897	100.000	40	0	73.4
MN564931.1	k141_8712	127897	89.796	49	5	67.1
MN564931.1	k141_8712	127897	89.583	48	5	65.3
MN564931.1	k141_8712	127897	73.529	102	27	63.5
MN564931.1	k141_8712	127897	92.857	42	3	63.5
MN564931.1	k141_8712	127897	92.857	42	3	63.5
MN564931.1	k141_8712	127897	92.857	42	3	63.5
MN564931.1	k141_8712	127897	86.538	52	7	63.5
MN564931.1	k141_8712	127897	78.947	76	15	62.6
MN564931.1	k141_8712	127897	78.947	76	15	62.6
MN564931.1	k141_8712	127897	86.275	51	2	61.7
MN564931.1	k141_8712	127897	86.275	51	2	61.7
MN564931.1	k141_8712	127897	86.000	50	7	59.9
MN564931.1	k141_8712	127897	90.476	42	4	59.0
MN564931.1	k141_8712	127897	90.476	42	4	59.0
MN564931.1	k141_8712	127897	83.333	48	8	51.8
MN564931.1	k141_15849	20341	72.872	881	200	466
MN564931.1	k141_15849	20341	72.872	881	200	466
MN564931.1	k141_15849	20341	77.936	281	60	221
MN564931.1	k141_15849	20341	77.936	281	60	221
MN564931.1	k141_15849	20341	78.112	233	27	190
MN564931.1	k141_15849	20341	86.885	61	8	75.2
MN564931.1	k141_15849	20341	86.885	61	8	75.2
MN564931.1	k141_16531	14218	75.000	488	112	326
MN564931.1	k141_16531	14218	75.000	488	112	326
MN564931.1	k141_16531	14218	75.161	467	94	286
MN564931.1	k141_16531	14218	75.161	467	94	286
MN564931.1	k141_16531	14218	65.830	518	144	117
MN564931.1	k141_16531	14218	65.830	518	144	117
MN564931.1	k141_16531	14218	75.556	135	31	93.3
MN564931.1	k141_16531	14218	75.556	135	31	93.3
MN564931.1	k141_5836	22865	67.407	810	231	274
MN564931.1	k141_5836	22865	73.057	193	48	109
MN564931.1	k141_5836	22865	73.057	193	48	109
MN564931.1	k141_11306	12667	88.485	165	3	223
MN564931.1	k141_11306	12667	88.485	165	3	223
MN564931.1	k141_11306	12667	83.333	60	3	66.2
MN564931.1	k141_11306	12667	83.333	60	3	66.2
MN564931.1	k141_16485	400	90.728	151	14	210
MN564931.1	k141_19506	829	92.143	140	11	204
MN564931.1	k141_3222	1099	92.143	140	11	204
MN564931.1	k141_17832	7354	80.392	204	30	193
MN564931.1	k141_17832	7354	80.392	204	30	193
MN564931.1	k141_21608	5950	83.803	142	15	151
MN564931.1	k141_6311	654	84.328	134	10	144
MN564931.1	k141_6311	654	84.328	134	10	144
MN564931.1	k141_18790	4304	97.619	84	2	143
MN564931.1	k141_18790	4304	97.619	84	2	143
MN564931.1	k141_7757	11331	97.500	80	2	136
MN564931.1	k141_21701	3150	94.521	73	4	114
MN564931.1	k141_21701	3150	77.193	57	13	45.5
MN564931.1	k141_21372	10452	77.391	115	23	85.1
MN564931.1	k141_21372	10452	77.391	115	23	85.1
MN564931.1	k141_18144	302	89.474	57	6	77.0
MN564931.1	k141_18144	302	89.474	57	6	77.0
MN564931.1	k141_11390	313	85.075	67	10	77.0
MN564931.1	k141_8950	6706	83.077	65	11	68.9
MN564931.1	k141_24105	306	83.929	56	8	58.1
MN564931.1	k141_23669	342	81.250	64	10	55.4
NC_031651.1	k141_8712	127897	82.771	10633	1555	10909
NC_031651.1	k141_8712	127897	91.290	5270	282	7419
NC_031651.1	k141_8712	127897	91.290	5270	282	7419
NC_031651.1	k141_8712	127897	90.153	5413	502	7315
NC_031651.1	k141_8712	127897	80.965	7444	1019	6859
NC_031651.1	k141_8712	127897	81.249	5381	705	5119
NC_031651.1	k141_8712	127897	80.738	5150	627	4978
NC_031651.1	k141_8712	127897	80.738	5150	627	4978
NC_031651.1	k141_8712	127897	85.139	3997	331	4538
NC_031651.1	k141_8712	127897	85.139	3997	331	4538
NC_031651.1	k141_8712	127897	90.507	3297	226	4533
NC_031651.1	k141_8712	127897	90.507	3297	226	4533
NC_031651.1	k141_8712	127897	80.201	3389	540	3061
NC_031651.1	k141_8712	127897	82.405	2927	415	2935
NC_031651.1	k141_8712	127897	90.361	1940	177	2647
NC_031651.1	k141_8712	127897	84.452	2161	296	2397
NC_031651.1	k141_8712	127897	88.916	1651	107	2177
NC_031651.1	k141_8712	127897	88.916	1651	107	2177
NC_031651.1	k141_8712	127897	85.017	1742	216	1957
NC_031651.1	k141_8712	127897	84.861	1757	225	1948
NC_031651.1	k141_8712	127897	79.202	2231	429	1923
NC_031651.1	k141_8712	127897	82.086	1898	302	1884
NC_031651.1	k141_8712	127897	91.928	1214	83	1744
NC_031651.1	k141_8712	127897	77.196	2197	309	1710
NC_031651.1	k141_8712	127897	80.816	1741	222	1609
NC_031651.1	k141_8712	127897	84.456	1306	181	1429
NC_031651.1	k141_8712	127897	71.207	2709	556	1319
NC_031651.1	k141_8712	127897	76.652	1589	288	1187
NC_031651.1	k141_8712	127897	85.280	1019	120	1167
NC_031651.1	k141_8712	127897	80.807	1016	165	940
NC_031651.1	k141_8712	127897	76.935	1266	228	939
NC_031651.1	k141_8712	127897	71.822	1707	295	902
NC_031651.1	k141_8712	127897	83.897	739	107	772
NC_031651.1	k141_8712	127897	71.494	1526	286	764
NC_031651.1	k141_8712	127897	82.609	690	64	705
NC_031651.1	k141_8712	127897	82.609	690	64	705
NC_031651.1	k141_8712	127897	88.939	443	40	573
NC_031651.1	k141_8712	127897	88.939	443	40	573
NC_031651.1	k141_8712	127897	75.390	833	140	565
NC_031651.1	k141_8712	127897	73.142	1009	174	551
NC_031651.1	k141_8712	127897	81.532	444	73	435
NC_031651.1	k141_8712	127897	81.532	444	73	435
NC_031651.1	k141_8712	127897	74.665	671	105	435
NC_031651.1	k141_8712	127897	74.752	606	120	402
NC_031651.1	k141_8712	127897	77.732	485	89	392
NC_031651.1	k141_8712	127897	81.888	392	52	378
NC_031651.1	k141_8712	127897	70.494	871	171	378
NC_031651.1	k141_8712	127897	66.748	1224	248	372
NC_031651.1	k141_8712	127897	86.581	313	29	370
NC_031651.1	k141_8712	127897	86.581	313	29	370
NC_031651.1	k141_8712	127897	79.753	405	67	357
NC_031651.1	k141_8712	127897	79.753	405	67	357
NC_031651.1	k141_8712	127897	74.016	508	86	300
NC_031651.1	k141_8712	127897	75.943	424	74	299
NC_031651.1	k141_8712	127897	81.356	295	53	282
NC_031651.1	k141_8712	127897	66.274	1103	247	281
NC_031651.1	k141_8712	127897	81.419	296	47	280
NC_031651.1	k141_8712	127897	81.419	296	47	280
NC_031651.1	k141_8712	127897	76.658	407	57	269
NC_031651.1	k141_8712	127897	75.844	385	61	260
NC_031651.1	k141_8712	127897	86.765	204	27	247
NC_031651.1	k141_8712	127897	78.595	299	41	236
NC_031651.1	k141_8712	127897	75.287	348	63	216
NC_031651.1	k141_8712	127897	74.702	336	82	213
NC_031651.1	k141_8712	127897	84.153	183	23	201
NC_031651.1	k141_8712	127897	77.510	249	40	194
NC_031651.1	k141_8712	127897	88.435	147	17	189
NC_031651.1	k141_8712	127897	88.435	147	17	189
NC_031651.1	k141_8712	127897	80.882	204	27	186
NC_031651.1	k141_8712	127897	72.080	351	91	176
NC_031651.1	k141_8712	127897	82.184	174	29	172
NC_031651.1	k141_8712	127897	85.235	149	15	168
NC_031651.1	k141_8712	127897	71.471	340	92	168
NC_031651.1	k141_8712	127897	80.214	187	23	161
NC_031651.1	k141_8712	127897	80.460	174	28	149
NC_031651.1	k141_8712	127897	79.394	165	34	145
NC_031651.1	k141_8712	127897	78.788	165	35	141
NC_031651.1	k141_8712	127897	95.402	87	4	140
NC_031651.1	k141_8712	127897	93.478	92	5	136
NC_031651.1	k141_8712	127897	88.679	106	11	134
NC_031651.1	k141_8712	127897	83.333	132	20	132
NC_031651.1	k141_8712	127897	75.122	205	45	132
NC_031651.1	k141_8712	127897	73.500	200	34	126
NC_031651.1	k141_8712	127897	90.217	92	9	126
NC_031651.1	k141_8712	127897	90.805	87	8	122
NC_031651.1	k141_8712	127897	90.805	87	8	122
NC_031651.1	k141_8712	127897	92.500	80	6	118
NC_031651.1	k141_8712	127897	81.731	104	18	99.6
NC_031651.1	k141_8712	127897	81.731	104	18	99.6
NC_031651.1	k141_8712	127897	96.429	56	2	93.3
NC_031651.1	k141_8712	127897	91.525	59	5	85.1
NC_031651.1	k141_8712	127897	79.787	94	14	85.1
NC_031651.1	k141_8712	127897	79.787	94	14	85.1
NC_031651.1	k141_8712	127897	100.000	42	0	77.0
NC_031651.1	k141_8712	127897	100.000	42	0	77.0
NC_031651.1	k141_8712	127897	88.136	59	3	75.2
NC_031651.1	k141_8712	127897	88.136	59	3	75.2
NC_031651.1	k141_8712	127897	95.556	45	2	73.4
NC_031651.1	k141_8712	127897	95.556	45	2	73.4
NC_031651.1	k141_8712	127897	100.000	40	0	73.4
NC_031651.1	k141_8712	127897	100.000	40	0	73.4
NC_031651.1	k141_8712	127897	97.619	42	1	72.5
NC_031651.1	k141_8712	127897	88.136	59	6	72.5
NC_031651.1	k141_8712	127897	88.136	59	6	72.5
NC_031651.1	k141_8712	127897	100.000	39	0	71.6
NC_031651.1	k141_8712	127897	86.207	58	8	69.8
NC_031651.1	k141_8712	127897	100.000	38	0	69.8
NC_031651.1	k141_8712	127897	69.173	133	20	66.2
NC_031651.1	k141_8712	127897	94.737	38	2	60.8
NC_031651.1	k141_8712	127897	90.476	42	4	59.0
NC_031651.1	k141_8712	127897	90.476	42	4	59.0
NC_031651.1	k141_8712	127897	85.714	49	7	58.1
NC_031651.1	k141_16531	14218	71.067	1106	263	518
NC_031651.1	k141_16531	14218	71.067	1106	263	518
NC_031651.1	k141_16531	14218	65.637	518	145	117
NC_031651.1	k141_16531	14218	65.637	518	145	117
NC_031651.1	k141_16531	14218	75.373	134	31	91.5
NC_031651.1	k141_16531	14218	75.373	134	31	91.5
NC_031651.1	k141_16531	14218	74.026	77	20	50.0
NC_031651.1	k141_15849	20341	73.190	884	192	477
NC_031651.1	k141_15849	20341	73.190	884	192	477
NC_031651.1	k141_15849	20341	77.936	281	60	221
NC_031651.1	k141_15849	20341	77.936	281	60	221
NC_031651.1	k141_15849	20341	90.566	106	9	143
NC_031651.1	k141_15849	20341	86.885	61	8	75.2
NC_031651.1	k141_15849	20341	86.885	61	8	75.2
NC_031651.1	k141_17832	7354	86.603	209	18	256
NC_031651.1	k141_17832	7354	86.603	209	18	256
NC_031651.1	k141_5836	22865	66.465	826	236	233
NC_031651.1	k141_5836	22865	73.575	193	47	113
NC_031651.1	k141_5836	22865	73.575	193	47	113
NC_031651.1	k141_11306	12667	89.091	165	2	227
NC_031651.1	k141_11306	12667	89.091	165	2	227
NC_031651.1	k141_11306	12667	83.333	60	3	66.2
NC_031651.1	k141_11306	12667	83.333	60	3	66.2
NC_031651.1	k141_16485	400	93.289	149	10	224
NC_031651.1	k141_19506	829	93.617	141	9	214
NC_031651.1	k141_3222	1099	94.203	138	8	214
NC_031651.1	k141_6311	654	88.571	140	14	178
NC_031651.1	k141_6311	654	88.571	140	14	178
NC_031651.1	k141_21608	5950	92.308	117	8	168
NC_031651.1	k141_21608	5950	67.493	363	74	118
NC_031651.1	k141_18790	4304	95.181	83	4	132
NC_031651.1	k141_18790	4304	95.181	83	4	132
NC_031651.1	k141_21701	3150	91.781	73	6	105
NC_031651.1	k141_21701	3150	77.193	57	13	45.5
NC_031651.1	k141_7757	11331	100.000	55	0	100
NC_031651.1	k141_21372	10452	77.391	115	23	85.1
NC_031651.1	k141_21372	10452	77.391	115	23	85.1
NC_031651.1	k141_8950	6706	75.200	125	29	79.7
NC_031651.1	k141_18144	302	89.474	57	6	77.0
NC_031651.1	k141_18144	302	89.474	57	6	77.0
NC_031651.1	k141_11390	313	85.075	67	10	77.0
NC_031651.1	k141_23669	342	80.645	62	12	59.0
MW366789.1	k141_8712	127897	87.255	5861	480	7132
MW366789.1	k141_8712	127897	87.255	5861	480	7132
MW366789.1	k141_8712	127897	78.700	8432	1543	7031
MW366789.1	k141_8712	127897	87.828	5225	582	6528
MW366789.1	k141_8712	127897	87.828	5225	582	6528
MW366789.1	k141_8712	127897	78.111	5601	859	4427
MW366789.1	k141_8712	127897	85.261	3338	367	3798
MW366789.1	k141_8712	127897	85.261	3338	367	3798
MW366789.1	k141_8712	127897	90.141	1846	179	2507
MW366789.1	k141_8712	127897	78.217	3062	485	2499
MW366789.1	k141_8712	127897	89.380	1789	116	2370
MW366789.1	k141_8712	127897	89.380	1789	116	2370
MW366789.1	k141_8712	127897	84.465	2150	321	2357
MW366789.1	k141_8712	127897	84.465	2150	321	2357
MW366789.1	k141_8712	127897	84.725	1820	239	2002
MW366789.1	k141_8712	127897	79.466	2323	401	1986
MW366789.1	k141_8712	127897	84.760	1647	152	1870
MW366789.1	k141_8712	127897	84.760	1647	152	1870
MW366789.1	k141_8712	127897	80.887	1758	282	1646
MW366789.1	k141_8712	127897	78.583	1863	361	1569
MW366789.1	k141_8712	127897	75.627	2232	491	1549
MW366789.1	k141_8712	127897	87.944	1211	119	1533
MW366789.1	k141_8712	127897	77.056	1909	386	1448
MW366789.1	k141_8712	127897	74.615	2080	365	1324
MW366789.1	k141_8712	127897	74.615	2080	365	1324
MW366789.1	k141_8712	127897	90.494	789	75	1086
MW366789.1	k141_8712	127897	83.570	986	132	1049
MW366789.1	k141_8712	127897	74.743	1651	279	1042
MW366789.1	k141_8712	127897	82.835	903	130	930
MW366789.1	k141_8712	127897	68.735	2434	607	859
MW366789.1	k141_8712	127897	78.024	992	193	789
MW366789.1	k141_8712	127897	76.648	1062	222	776
MW366789.1	k141_8712	127897	81.778	686	81	655
MW366789.1	k141_8712	127897	81.778	686	81	655
MW366789.1	k141_8712	127897	71.920	1193	233	648
MW366789.1	k141_8712	127897	80.656	610	115	563
MW366789.1	k141_8712	127897	80.656	610	115	563
MW366789.1	k141_8712	127897	75.472	795	162	558
MW366789.1	k141_8712	127897	69.783	1059	258	461
MW366789.1	k141_8712	127897	71.639	952	173	434
MW366789.1	k141_8712	127897	72.598	843	155	426
MW366789.1	k141_8712	127897	72.687	681	143	393
MW366789.1	k141_8712	127897	83.284	335	44	354
MW366789.1	k141_8712	127897	75.152	495	76	332
MW366789.1	k141_8712	127897	75.152	495	76	332
MW366789.1	k141_8712	127897	75.152	495	76	332
MW366789.1	k141_8712	127897	74.743	487	123	324
MW366789.1	k141_8712	127897	86.747	249	31	294
MW366789.1	k141_8712	127897	78.042	337	74	275
MW366789.1	k141_8712	127897	84.921	252	33	266
MW366789.1	k141_8712	127897	69.219	679	121	263
MW366789.1	k141_8712	127897	79.085	306	43	260
MW366789.1	k141_8712	127897	79.085	306	43	260
MW366789.1	k141_8712	127897	84.979	233	33	260
MW366789.1	k141_8712	127897	70.962	582	125	256
MW366789.1	k141_8712	127897	85.845	219	16	256
MW366789.1	k141_8712	127897	85.845	219	16	256
MW366789.1	k141_8712	127897	69.206	630	142	251
MW366789.1	k141_8712	127897	69.866	521	122	242
MW366789.1	k141_8712	127897	75.278	360	69	231
MW366789.1	k141_8712	127897	97.080	137	4	230
MW366789.1	k141_8712	127897	97.080	137	4	230
MW366789.1	k141_8712	127897	83.568	213	35	227
MW366789.1	k141_8712	127897	92.593	135	9	196
MW366789.1	k141_8712	127897	82.888	187	31	190
MW366789.1	k141_8712	127897	67.742	589	163	190
MW366789.1	k141_8712	127897	67.742	589	163	190
MW366789.1	k141_8712	127897	81.959	194	27	187
MW366789.1	k141_8712	127897	74.038	312	52	179
MW366789.1	k141_8712	127897	71.968	371	69	178
MW366789.1	k141_8712	127897	90.476	126	12	174
MW366789.1	k141_8712	127897	90.476	126	12	174
MW366789.1	k141_8712	127897	77.333	225	36	172
MW366789.1	k141_8712	127897	77.333	225	36	172
MW366789.1	k141_8712	127897	94.393	107	4	164
MW366789.1	k141_8712	127897	88.800	125	10	158
MW366789.1	k141_8712	127897	81.818	165	21	158
MW366789.1	k141_8712	127897	67.720	443	129	150
MW366789.1	k141_8712	127897	67.720	443	129	150
MW366789.1	k141_8712	127897	81.875	160	22	147
MW366789.1	k141_8712	127897	70.807	322	89	144
MW366789.1	k141_8712	127897	93.069	101	5	144
MW366789.1	k141_8712	127897	92.784	97	4	142
MW366789.1	k141_8712	127897	93.548	93	6	141
MW366789.1	k141_8712	127897	91.000	100	9	141
MW366789.1	k141_8712	127897	91.000	100	9	141
MW366789.1	k141_8712	127897	81.633	147	17	140
MW366789.1	k141_8712	127897	81.633	147	17	140
MW366789.1	k141_8712	127897	98.734	79	1	139
MW366789.1	k141_8712	127897	98.734	79	1	139
MW366789.1	k141_8712	127897	90.385	104	7	137
MW366789.1	k141_8712	127897	72.689	238	57	131
MW366789.1	k141_8712	127897	81.746	126	14	128
MW366789.1	k141_8712	127897	81.746	126	14	128
MW366789.1	k141_8712	127897	95.000	80	4	127
MW366789.1	k141_8712	127897	95.000	80	4	127
MW366789.1	k141_8712	127897	96.104	77	3	126
MW366789.1	k141_8712	127897	81.746	126	23	124
MW366789.1	k141_8712	127897	81.746	126	23	124
MW366789.1	k141_8712	127897	71.849	238	59	122
MW366789.1	k141_8712	127897	83.333	114	19	121
MW366789.1	k141_8712	127897	79.433	141	21	118
MW366789.1	k141_8712	127897	79.839	124	25	112
MW366789.1	k141_8712	127897	88.095	84	10	107
MW366789.1	k141_8712	127897	85.263	95	13	105
MW366789.1	k141_8712	127897	89.474	76	8	102
MW366789.1	k141_8712	127897	90.411	73	6	97.8
MW366789.1	k141_8712	127897	90.411	73	6	97.8
MW366789.1	k141_8712	127897	88.889	72	8	95.1
MW366789.1	k141_8712	127897	86.076	79	6	94.2
MW366789.1	k141_8712	127897	86.076	79	6	94.2
MW366789.1	k141_8712	127897	69.672	244	45	93.3
MW366789.1	k141_8712	127897	73.718	156	33	91.5
MW366789.1	k141_8712	127897	70.323	155	22	81.5
MW366789.1	k141_8712	127897	87.500	64	8	80.6
MW366789.1	k141_8712	127897	87.500	64	8	80.6
MW366789.1	k141_8712	127897	86.885	61	8	75.2
MW366789.1	k141_8712	127897	86.885	61	8	75.2
MW366789.1	k141_8712	127897	86.885	61	8	75.2
MW366789.1	k141_8712	127897	86.885	61	8	75.2
MW366789.1	k141_8712	127897	82.857	70	12	73.4
MW366789.1	k141_8712	127897	97.619	42	1	72.5
MW366789.1	k141_8712	127897	97.619	42	1	72.5
MW366789.1	k141_8712	127897	97.500	40	1	68.9
MW366789.1	k141_8712	127897	97.500	40	1	68.9
MW366789.1	k141_8712	127897	88.235	51	6	66.2
MW366789.1	k141_8712	127897	88.235	51	6	66.2
MW366789.1	k141_8712	127897	87.755	49	6	62.6
MW366789.1	k141_8712	127897	87.755	49	6	62.6
MW366789.1	k141_8712	127897	87.755	49	6	62.6
MW366789.1	k141_8712	127897	83.051	59	10	62.6
MW366789.1	k141_8712	127897	92.683	41	3	61.7
MW366789.1	k141_8712	127897	92.683	41	3	61.7
MW366789.1	k141_8712	127897	94.737	38	2	60.8
MW366789.1	k141_8712	127897	88.889	45	5	59.9
MW366789.1	k141_8712	127897	88.889	45	5	59.9
MW366789.1	k141_8712	127897	69.767	129	39	58.1
MW366789.1	k141_8712	127897	69.767	129	39	58.1
MW366789.1	k141_8712	127897	88.095	42	5	54.5
MW366789.1	k141_8712	127897	88.095	42	5	54.5
MW366789.1	k141_8712	127897	83.673	49	8	53.6
MW366789.1	k141_8712	127897	73.134	67	18	41.0
MW366789.1	k141_16531	14218	71.364	1107	262	523
MW366789.1	k141_16531	14218	71.364	1107	262	523
MW366789.1	k141_16531	14218	67.063	504	146	134
MW366789.1	k141_16531	14218	67.063	504	146	134
MW366789.1	k141_16531	14218	80.412	97	19	90.6
MW366789.1	k141_16531	14218	80.412	97	19	90.6
MW366789.1	k141_15849	20341	72.483	894	195	446
MW366789.1	k141_15849	20341	72.483	894	195	446
MW366789.1	k141_15849	20341	86.822	129	13	147
MW366789.1	k141_15849	20341	90.164	61	6	84.2
MW366789.1	k141_15849	20341	90.164	61	6	84.2
MW366789.1	k141_15849	20341	88.525	61	7	79.7
MW366789.1	k141_15849	20341	88.525	61	7	79.7
MW366789.1	k141_15849	20341	85.455	55	8	64.4
MW366789.1	k141_5836	22865	66.667	768	213	225
MW366789.1	k141_5836	22865	70.681	191	56	93.3
MW366789.1	k141_5836	22865	70.681	191	56	93.3
MW366789.1	k141_3222	1099	94.203	138	8	214
MW366789.1	k141_16485	400	90.132	152	15	207
MW366789.1	k141_11306	12667	82.184	174	6	188
MW366789.1	k141_11306	12667	82.184	174	6	188
MW366789.1	k141_19506	829	89.209	139	15	184
MW366789.1	k141_21608	5950	94.286	105	6	163
MW366789.1	k141_7757	11331	97.561	82	2	140
MW366789.1	k141_7757	11331	97.561	82	2	140
MW366789.1	k141_18790	4304	94.667	75	4	118
MW366789.1	k141_18790	4304	94.667	75	4	118
MW366789.1	k141_21701	3150	91.892	74	5	104
MW366789.1	k141_21701	3150	75.758	66	16	48.2
MW366789.1	k141_21372	10452	76.522	115	24	80.6
MW366789.1	k141_21372	10452	76.522	115	24	80.6
MW366789.1	k141_21372	10452	82.812	64	11	67.1
MW366789.1	k141_21372	10452	82.812	64	11	67.1
MW366789.1	k141_6311	654	87.931	58	7	74.3
MW366789.1	k141_6311	654	87.931	58	7	74.3
MW366789.1	k141_8950	6706	71.034	145	36	65.3
MW366789.1	k141_23669	342	80.952	63	10	53.6
MW366789.1	k141_23669	342	80.952	63	10	53.6
MW366789.1	k141_21051	11910	84.783	46	7	52.7
MW366789.1	k141_21051	11910	84.783	46	7	52.7
MW366789.1	k141_11390	313	75.385	65	16	46.4
MW366789.1	k141_10662	383	80.952	42	8	41.0
KT899950.1	k141_8712	127897	82.039	12694	1864	12565
KT899950.1	k141_8712	127897	90.042	5523	313	7433
KT899950.1	k141_8712	127897	90.042	5523	313	7433
KT899950.1	k141_8712	127897	89.470	5432	527	7204
KT899950.1	k141_8712	127897	81.326	5762	790	5402
KT899950.1	k141_8712	127897	80.772	5440	728	5089
KT899950.1	k141_8712	127897	90.075	3315	233	4483
KT899950.1	k141_8712	127897	90.075	3315	233	4483
KT899950.1	k141_8712	127897	89.129	3192	225	4140
KT899950.1	k141_8712	127897	89.129	3192	225	4140
KT899950.1	k141_8712	127897	79.738	3282	402	3028
KT899950.1	k141_8712	127897	79.738	3282	402	3028
KT899950.1	k141_8712	127897	92.354	1844	141	2691
KT899950.1	k141_8712	127897	84.811	2278	311	2535
KT899950.1	k141_8712	127897	84.091	2156	329	2337
KT899950.1	k141_8712	127897	87.463	1683	125	2104
KT899950.1	k141_8712	127897	87.463	1683	125	2104
KT899950.1	k141_8712	127897	87.397	1698	187	2095
KT899950.1	k141_8712	127897	87.397	1698	187	2095
KT899950.1	k141_8712	127897	80.431	2274	394	2074
KT899950.1	k141_8712	127897	81.814	2029	319	1992
KT899950.1	k141_8712	127897	82.694	1826	246	1865
KT899950.1	k141_8712	127897	81.049	1963	325	1852
KT899950.1	k141_8712	127897	75.870	2528	383	1802
KT899950.1	k141_8712	127897	89.917	1210	100	1630
KT899950.1	k141_8712	127897	81.545	1566	244	1531
KT899950.1	k141_8712	127897	84.128	1216	165	1313
KT899950.1	k141_8712	127897	87.745	971	98	1216
KT899950.1	k141_8712	127897	91.487	787	67	1118
KT899950.1	k141_8712	127897	71.435	2237	441	1085
KT899950.1	k141_8712	127897	74.757	1644	373	1060
KT899950.1	k141_8712	127897	78.324	1241	217	1023
KT899950.1	k141_8712	127897	79.686	1147	195	994
KT899950.1	k141_8712	127897	81.225	996	165	942
KT899950.1	k141_8712	127897	77.227	1190	214	922
KT899950.1	k141_8712	127897	86.248	669	53	778
KT899950.1	k141_8712	127897	86.248	669	53	778
KT899950.1	k141_8712	127897	80.946	803	133	750
KT899950.1	k141_8712	127897	71.458	1461	264	745
KT899950.1	k141_8712	127897	77.821	780	107	628
KT899950.1	k141_8712	127897	77.821	780	107	628
KT899950.1	k141_8712	127897	88.262	443	43	555
KT899950.1	k141_8712	127897	88.262	443	43	555
KT899950.1	k141_8712	127897	72.780	1025	197	553
KT899950.1	k141_8712	127897	74.303	825	158	523
KT899950.1	k141_8712	127897	74.303	825	158	523
KT899950.1	k141_8712	127897	77.294	643	100	480
KT899950.1	k141_8712	127897	70.232	1122	218	479
KT899950.1	k141_8712	127897	75.398	691	108	451
KT899950.1	k141_8712	127897	84.103	390	47	407
KT899950.1	k141_8712	127897	78.431	459	75	395
KT899950.1	k141_8712	127897	78.431	459	75	395
KT899950.1	k141_8712	127897	82.487	394	59	391
KT899950.1	k141_8712	127897	82.487	394	59	391
KT899950.1	k141_8712	127897	75.963	545	76	389
KT899950.1	k141_8712	127897	79.379	451	72	369
KT899950.1	k141_8712	127897	72.646	669	123	346
KT899950.1	k141_8712	127897	81.214	346	35	341
KT899950.1	k141_8712	127897	81.214	346	35	341
KT899950.1	k141_8712	127897	75.456	493	98	334
KT899950.1	k141_8712	127897	73.855	524	98	323
KT899950.1	k141_8712	127897	83.276	293	41	302
KT899950.1	k141_8712	127897	83.276	293	41	302
KT899950.1	k141_8712	127897	72.461	581	114	301
KT899950.1	k141_8712	127897	67.620	874	212	288
KT899950.1	k141_8712	127897	82.374	278	49	281
KT899950.1	k141_8712	127897	76.068	351	78	256
KT899950.1	k141_8712	127897	75.325	385	72	242
KT899950.1	k141_8712	127897	77.244	312	58	233
KT899950.1	k141_8712	127897	68.175	641	171	217
KT899950.1	k141_8712	127897	92.806	139	10	206
KT899950.1	k141_8712	127897	89.333	150	16	199
KT899950.1	k141_8712	127897	89.333	150	16	199
KT899950.1	k141_8712	127897	71.247	393	81	197
KT899950.1	k141_8712	127897	84.795	171	20	188
KT899950.1	k141_8712	127897	74.113	282	31	182
KT899950.1	k141_8712	127897	68.371	528	147	182
KT899950.1	k141_8712	127897	70.108	465	89	181
KT899950.1	k141_8712	127897	85.093	161	20	178
KT899950.1	k141_8712	127897	80.829	193	18	177
KT899950.1	k141_8712	127897	86.093	151	14	171
KT899950.1	k141_8712	127897	89.231	130	8	168
KT899950.1	k141_8712	127897	64.595	901	259	165
KT899950.1	k141_8712	127897	70.732	328	84	161
KT899950.1	k141_8712	127897	73.646	277	49	161
KT899950.1	k141_8712	127897	73.646	277	49	161
KT899950.1	k141_8712	127897	77.665	197	28	154
KT899950.1	k141_8712	127897	78.212	179	21	146
KT899950.1	k141_8712	127897	78.212	179	21	146
KT899950.1	k141_8712	127897	98.810	84	0	144
KT899950.1	k141_8712	127897	66.135	564	144	141
KT899950.1	k141_8712	127897	96.341	82	3	135
KT899950.1	k141_8712	127897	97.333	75	2	127
KT899950.1	k141_8712	127897	94.937	79	4	125
KT899950.1	k141_8712	127897	82.645	121	21	124
KT899950.1	k141_8712	127897	90.909	88	8	123
KT899950.1	k141_8712	127897	96.000	75	3	123
KT899950.1	k141_8712	127897	90.698	86	8	120
KT899950.1	k141_8712	127897	90.698	86	8	120
KT899950.1	k141_8712	127897	88.506	87	10	113
KT899950.1	k141_8712	127897	85.000	100	14	110
KT899950.1	k141_8712	127897	82.692	104	17	104
KT899950.1	k141_8712	127897	82.692	104	17	104
KT899950.1	k141_8712	127897	91.525	59	5	85.1
KT899950.1	k141_8712	127897	81.395	86	11	84.2
KT899950.1	k141_8712	127897	81.395	86	11	84.2
KT899950.1	k141_8712	127897	90.909	55	5	77.9
KT899950.1	k141_8712	127897	90.909	55	5	77.9
KT899950.1	k141_8712	127897	100.000	42	0	77.0
KT899950.1	k141_8712	127897	100.000	42	0	77.0
KT899950.1	k141_8712	127897	95.556	45	2	73.4
KT899950.1	k141_8712	127897	95.556	45	2	73.4
KT899950.1	k141_8712	127897	100.000	40	0	73.4
KT899950.1	k141_8712	127897	100.000	40	0	73.4
KT899950.1	k141_8712	127897	92.857	42	3	63.5
KT899950.1	k141_8712	127897	94.872	39	2	62.6
KT899950.1	k141_8712	127897	92.683	41	3	61.7
KT899950.1	k141_8712	127897	90.476	42	4	59.0
KT899950.1	k141_8712	127897	90.476	42	4	59.0
KT899950.1	k141_16531	14218	71.287	1111	252	523
KT899950.1	k141_16531	14218	71.287	1111	252	523
KT899950.1	k141_16531	14218	65.764	517	145	114
KT899950.1	k141_16531	14218	65.764	517	145	114
KT899950.1	k141_16531	14218	81.443	97	18	95.1
KT899950.1	k141_16531	14218	81.443	97	18	95.1
KT899950.1	k141_15849	20341	73.220	885	190	480
KT899950.1	k141_15849	20341	73.220	885	190	480
KT899950.1	k141_15849	20341	77.936	281	60	221
KT899950.1	k141_15849	20341	77.936	281	60	221
KT899950.1	k141_15849	20341	73.305	236	29	146
KT899950.1	k141_15849	20341	86.885	61	8	75.2
KT899950.1	k141_15849	20341	86.885	61	8	75.2
KT899950.1	k141_17832	7354	84.211	209	23	233
KT899950.1	k141_17832	7354	84.211	209	23	233
KT899950.1	k141_3222	1099	95.652	138	6	223
KT899950.1	k141_11306	12667	88.485	165	3	223
KT899950.1	k141_11306	12667	88.485	165	3	223
KT899950.1	k141_11306	12667	85.000	60	2	70.7
KT899950.1	k141_11306	12667	85.000	60	2	70.7
KT899950.1	k141_16485	400	92.053	151	12	219
KT899950.1	k141_19506	829	92.857	140	10	208
KT899950.1	k141_21608	5950	68.919	518	75	196
KT899950.1	k141_21608	5950	73.214	336	54	184
KT899950.1	k141_5836	22865	65.633	774	221	193
KT899950.1	k141_5836	22865	73.057	193	48	109
KT899950.1	k141_5836	22865	73.057	193	48	109
KT899950.1	k141_6311	654	88.571	140	14	178
KT899950.1	k141_6311	654	88.571	140	14	178
KT899950.1	k141_18790	4304	94.624	93	4	142
KT899950.1	k141_18790	4304	94.624	93	4	142
KT899950.1	k141_7757	11331	97.436	78	2	132
KT899950.1	k141_21701	3150	94.521	73	4	114
KT899950.1	k141_21701	3150	77.193	57	13	45.5
KT899950.1	k141_21372	10452	77.391	115	23	85.1
KT899950.1	k141_21372	10452	77.391	115	23	85.1
KT899950.1	k141_21372	10452	82.812	64	11	67.1
KT899950.1	k141_21372	10452	82.812	64	11	67.1
KT899950.1	k141_11390	313	86.567	67	9	81.5
KT899950.1	k141_18144	302	89.474	57	6	77.0
KT899950.1	k141_18144	302	89.474	57	6	77.0
KT899950.1	k141_8950	6706	75.455	110	25	70.7
KT899950.1	k141_23669	342	82.812	64	9	59.9
KT899950.1	k141_6021	515	86.957	46	4	50.0
KT899950.1	k141_9572	834	87.500	40	4	47.3
KT899950.1	k141_19755	642	87.500	40	4	47.3
GU191334.1	k141_8712	127897	81.947	4581	815	4522
GU191334.1	k141_8712	127897	86.553	3748	341	4468
GU191334.1	k141_8712	127897	86.553	3748	341	4468
GU191334.1	k141_8712	127897	84.950	2618	275	2895
GU191334.1	k141_8712	127897	84.950	2618	275	2895
GU191334.1	k141_8712	127897	84.102	1799	284	1948
GU191334.1	k141_8712	127897	69.992	3619	1003	1512
GU191334.1	k141_8712	127897	80.964	1576	300	1490
GU191334.1	k141_8712	127897	82.792	1447	249	1488
GU191334.1	k141_8712	127897	77.662	1822	381	1430
GU191334.1	k141_8712	127897	88.154	1089	127	1380
GU191334.1	k141_8712	127897	73.974	2071	479	1306
GU191334.1	k141_8712	127897	74.395	2109	481	1292
GU191334.1	k141_8712	127897	82.918	802	136	826
GU191334.1	k141_8712	127897	75.556	1170	231	772
GU191334.1	k141_8712	127897	69.368	1851	526	747
GU191334.1	k141_8712	127897	75.022	1113	266	747
GU191334.1	k141_8712	127897	78.284	921	141	714
GU191334.1	k141_8712	127897	78.284	921	141	714
GU191334.1	k141_8712	127897	81.538	715	126	687
GU191334.1	k141_8712	127897	71.375	1324	339	657
GU191334.1	k141_8712	127897	70.768	1406	381	656
GU191334.1	k141_8712	127897	76.190	903	190	646
GU191334.1	k141_8712	127897	76.808	871	196	639
GU191334.1	k141_8712	127897	82.238	563	93	558
GU191334.1	k141_8712	127897	73.512	857	205	529
GU191334.1	k141_8712	127897	77.066	702	148	526
GU191334.1	k141_8712	127897	80.112	538	105	486
GU191334.1	k141_8712	127897	75.976	666	153	469
GU191334.1	k141_8712	127897	68.472	1126	304	427
GU191334.1	k141_8712	127897	74.047	682	167	415
GU191334.1	k141_8712	127897	73.948	618	126	358
GU191334.1	k141_8712	127897	77.622	429	92	336
GU191334.1	k141_8712	127897	75.368	475	111	326
GU191334.1	k141_8712	127897	70.026	764	210	318
GU191334.1	k141_8712	127897	73.092	524	141	310
GU191334.1	k141_8712	127897	72.973	518	136	298
GU191334.1	k141_8712	127897	75.610	369	86	255
GU191334.1	k141_8712	127897	81.538	260	45	251
GU191334.1	k141_8712	127897	67.410	807	223	243
GU191334.1	k141_8712	127897	72.350	434	105	229
GU191334.1	k141_8712	127897	67.813	727	220	224
GU191334.1	k141_8712	127897	76.174	298	71	218
GU191334.1	k141_8712	127897	81.481	216	37	199
GU191334.1	k141_8712	127897	67.273	660	196	195
GU191334.1	k141_8712	127897	78.112	233	51	191
GU191334.1	k141_8712	127897	77.049	244	56	188
GU191334.1	k141_8712	127897	80.105	191	38	174
GU191334.1	k141_8712	127897	68.796	407	117	153
GU191334.1	k141_8712	127897	81.410	156	29	151
GU191334.1	k141_8712	127897	66.314	567	167	143
GU191334.1	k141_8712	127897	70.169	295	88	136
GU191334.1	k141_8712	127897	95.181	83	4	132
GU191334.1	k141_8712	127897	67.523	428	109	132
GU191334.1	k141_8712	127897	95.062	81	4	129
GU191334.1	k141_8712	127897	69.296	355	102	129
GU191334.1	k141_8712	127897	92.045	88	7	128
GU191334.1	k141_8712	127897	80.303	132	15	127
GU191334.1	k141_8712	127897	69.970	333	82	126
GU191334.1	k141_8712	127897	94.937	79	4	125
GU191334.1	k141_8712	127897	94.937	79	4	125
GU191334.1	k141_8712	127897	94.737	76	4	120
GU191334.1	k141_8712	127897	66.236	542	165	120
GU191334.1	k141_8712	127897	79.412	136	28	120
GU191334.1	k141_8712	127897	81.301	123	23	119
GU191334.1	k141_8712	127897	95.890	73	3	119
GU191334.1	k141_8712	127897	93.421	76	5	115
GU191334.1	k141_8712	127897	94.521	73	4	114
GU191334.1	k141_8712	127897	67.062	337	49	114
GU191334.1	k141_8712	127897	93.333	75	5	113
GU191334.1	k141_8712	127897	93.333	75	5	113
GU191334.1	k141_8712	127897	64.399	441	114	113
GU191334.1	k141_8712	127897	89.286	84	9	112
GU191334.1	k141_8712	127897	93.243	74	5	112
GU191334.1	k141_8712	127897	89.412	85	7	111
GU191334.1	k141_8712	127897	94.366	71	4	111
GU191334.1	k141_8712	127897	77.941	136	30	111
GU191334.1	k141_8712	127897	72.449	196	54	111
GU191334.1	k141_8712	127897	93.151	73	5	110
GU191334.1	k141_8712	127897	83.673	98	13	104
GU191334.1	k141_8712	127897	84.615	91	14	102
GU191334.1	k141_8712	127897	74.522	157	26	94.2
GU191334.1	k141_8712	127897	66.667	216	30	90.6
GU191334.1	k141_8712	127897	85.135	74	11	85.1
GU191334.1	k141_8712	127897	73.810	168	27	85.1
GU191334.1	k141_8712	127897	81.395	86	16	84.2
GU191334.1	k141_8712	127897	79.775	89	18	80.6
GU191334.1	k141_8712	127897	75.630	119	24	80.6
GU191334.1	k141_8712	127897	74.545	110	28	73.4
GU191334.1	k141_8712	127897	74.510	102	26	68.0
GU191334.1	k141_8712	127897	77.108	83	19	65.3
GU191334.1	k141_8712	127897	94.737	38	2	60.8
GU191334.1	k141_8712	127897	80.952	63	12	60.8
GU191334.1	k141_8712	127897	88.095	42	5	54.5
GU191334.1	k141_8712	127897	71.250	80	23	41.9
GU191334.1	k141_16531	14218	70.844	1149	279	518
GU191334.1	k141_16531	14218	70.844	1149	279	518
GU191334.1	k141_16531	14218	64.837	492	140	97.8
GU191334.1	k141_16531	14218	64.837	492	140	97.8
GU191334.1	k141_16531	14218	76.119	134	30	96.0
GU191334.1	k141_16531	14218	76.119	134	30	96.0
GU191334.1	k141_15849	20341	73.244	897	191	486
GU191334.1	k141_15849	20341	73.244	897	191	486
GU191334.1	k141_15849	20341	77.580	281	61	216
GU191334.1	k141_15849	20341	77.580	281	61	216
GU191334.1	k141_15849	20341	90.476	84	8	116
GU191334.1	k141_15849	20341	88.525	61	7	79.7
GU191334.1	k141_15849	20341	88.525	61	7	79.7
GU191334.1	k141_5836	22865	67.479	944	248	291
GU191334.1	k141_5836	22865	66.540	263	84	64.4
GU191334.1	k141_3222	1099	86.111	144	18	168
GU191334.1	k141_16485	400	83.221	149	25	157
GU191334.1	k141_19506	829	82.979	141	24	147
GU191334.1	k141_11306	12667	83.333	126	21	133
GU191334.1	k141_11306	12667	83.333	126	21	133
GU191334.1	k141_21701	3150	97.297	74	2	125
GU191334.1	k141_21608	5950	93.421	76	5	115
GU191334.1	k141_7757	11331	87.342	79	10	98.7
GU191334.1	k141_18790	4304	87.838	74	9	94.2
GU191334.1	k141_18790	4304	87.838	74	9	94.2
GU191334.1	k141_21372	10452	78.261	115	22	89.7
GU191334.1	k141_21372	10452	78.261	115	22	89.7
GU191334.1	k141_21372	10452	82.812	64	11	67.1
GU191334.1	k141_21372	10452	82.812	64	11	67.1
GU191334.1	k141_8950	6706	79.012	81	17	70.7
GU191334.1	k141_11390	313	81.667	60	11	59.9
GU191334.1	k141_23669	342	80.303	66	11	54.5
GU191334.1	k141_6591	510	87.500	40	5	50.9
GU191334.1	k141_23452	350	81.818	44	8	44.6
