MZ962720.1	k141_36913	25197	90.941	7661	465	10664
MZ962720.1	k141_36913	25197	90.941	7661	465	10664
MZ962720.1	k141_36913	25197	87.733	3269	223	4136
MZ962720.1	k141_36913	25197	87.733	3269	223	4136
MZ962720.1	k141_36913	25197	87.746	1730	174	2154
MZ962720.1	k141_36913	25197	87.746	1730	174	2154
MZ962720.1	k141_36913	25197	85.873	1798	184	2067
MZ962720.1	k141_36913	25197	85.873	1798	184	2067
MZ962720.1	k141_36913	25197	81.051	818	81	794
MZ962720.1	k141_36913	25197	86.145	332	34	389
MZ962720.1	k141_36913	25197	86.145	332	34	389
MZ962720.1	k141_36913	25197	80.052	386	55	334
MZ962720.1	k141_36913	25197	80.052	386	55	334
MZ962720.1	k141_36913	25197	85.034	294	40	332
MZ962720.1	k141_36913	25197	85.034	294	40	332
MZ962720.1	k141_36913	25197	85.039	254	26	285
MZ962720.1	k141_36913	25197	85.039	254	26	285
MZ962720.1	k141_36913	25197	75.124	402	60	270
MZ962720.1	k141_36913	25197	75.124	402	60	270
MZ962720.1	k141_36913	25197	82.591	247	26	254
MZ962720.1	k141_36913	25197	87.222	180	23	222
MZ962720.1	k141_36913	25197	87.222	180	23	222
MZ962720.1	k141_36913	25197	73.148	216	27	125
MZ962720.1	k141_36913	25197	73.148	216	27	125
MZ962720.1	k141_36913	25197	97.619	42	1	72.5
MZ962720.1	k141_36913	25197	97.619	42	1	72.5
MZ962720.1	k141_36913	25197	94.595	37	2	59.0
MZ962720.1	k141_42639	65064	87.663	5228	587	6488
MZ962720.1	k141_42639	65064	80.506	4699	631	4223
MZ962720.1	k141_42639	65064	91.549	2485	210	3535
MZ962720.1	k141_42639	65064	81.233	2547	402	2399
MZ962720.1	k141_42639	65064	83.595	2103	309	2216
MZ962720.1	k141_42639	65064	87.042	1474	191	1798
MZ962720.1	k141_42639	65064	79.363	1977	359	1712
MZ962720.1	k141_42639	65064	80.761	1814	287	1687
MZ962720.1	k141_42639	65064	78.955	1972	359	1664
MZ962720.1	k141_42639	65064	75.090	2220	341	1454
MZ962720.1	k141_42639	65064	74.952	2096	433	1366
MZ962720.1	k141_42639	65064	75.940	1596	306	1132
MZ962720.1	k141_42639	65064	83.150	1092	132	1124
MZ962720.1	k141_42639	65064	86.410	780	103	928
MZ962720.1	k141_42639	65064	80.626	1022	144	923
MZ962720.1	k141_42639	65064	80.836	694	116	636
MZ962720.1	k141_42639	65064	71.711	1216	232	622
MZ962720.1	k141_42639	65064	74.899	992	169	613
MZ962720.1	k141_42639	65064	84.966	439	62	485
MZ962720.1	k141_42639	65064	73.113	848	152	480
MZ962720.1	k141_42639	65064	74.507	710	86	470
MZ962720.1	k141_42639	65064	72.620	935	151	456
MZ962720.1	k141_42639	65064	71.368	943	230	448
MZ962720.1	k141_42639	65064	77.634	541	121	431
MZ962720.1	k141_42639	65064	77.634	541	121	431
MZ962720.1	k141_42639	65064	72.899	690	102	393
MZ962720.1	k141_42639	65064	71.879	729	154	361
MZ962720.1	k141_42639	65064	75.292	514	89	344
MZ962720.1	k141_42639	65064	71.550	587	131	294
MZ962720.1	k141_42639	65064	86.179	246	29	287
MZ962720.1	k141_42639	65064	75.726	379	53	287
MZ962720.1	k141_42639	65064	76.154	390	82	286
MZ962720.1	k141_42639	65064	64.662	1214	259	260
MZ962720.1	k141_42639	65064	83.539	243	34	255
MZ962720.1	k141_42639	65064	72.248	436	64	243
MZ962720.1	k141_42639	65064	72.248	436	64	243
MZ962720.1	k141_42639	65064	84.286	210	24	234
MZ962720.1	k141_42639	65064	84.286	210	24	234
MZ962720.1	k141_42639	65064	74.095	359	91	222
MZ962720.1	k141_42639	65064	78.113	265	23	213
MZ962720.1	k141_42639	65064	84.746	177	23	193
MZ962720.1	k141_42639	65064	80.526	190	30	178
MZ962720.1	k141_42639	65064	80.526	190	30	178
MZ962720.1	k141_42639	65064	82.759	174	26	174
MZ962720.1	k141_42639	65064	78.325	203	41	167
MZ962720.1	k141_42639	65064	86.232	138	19	164
MZ962720.1	k141_42639	65064	86.232	138	19	164
MZ962720.1	k141_42639	65064	83.041	171	14	160
MZ962720.1	k141_42639	65064	71.845	309	48	160
MZ962720.1	k141_42639	65064	75.200	250	44	157
MZ962720.1	k141_42639	65064	98.864	88	1	155
MZ962720.1	k141_42639	65064	81.013	158	30	150
MZ962720.1	k141_42639	65064	95.455	88	4	141
MZ962720.1	k141_42639	65064	78.161	174	36	141
MZ962720.1	k141_42639	65064	81.633	147	21	136
MZ962720.1	k141_42639	65064	81.633	147	21	136
MZ962720.1	k141_42639	65064	78.395	162	35	135
MZ962720.1	k141_42639	65064	80.000	150	24	132
MZ962720.1	k141_42639	65064	91.111	90	8	127
MZ962720.1	k141_42639	65064	96.000	75	3	123
MZ962720.1	k141_42639	65064	79.839	124	25	112
MZ962720.1	k141_42639	65064	68.977	303	78	111
MZ962720.1	k141_42639	65064	87.059	85	10	101
MZ962720.1	k141_42639	65064	90.411	73	6	97.8
MZ962720.1	k141_42639	65064	68.151	292	77	96.0
MZ962720.1	k141_42639	65064	79.208	101	14	90.6
MZ962720.1	k141_42639	65064	71.154	156	28	86.0
MZ962720.1	k141_42639	65064	71.154	156	28	86.0
MZ962720.1	k141_42639	65064	82.927	82	14	86.0
MZ962720.1	k141_42639	65064	82.927	82	14	86.0
MZ962720.1	k141_42639	65064	82.927	82	14	86.0
MZ962720.1	k141_42639	65064	83.333	72	12	77.0
MZ962720.1	k141_42639	65064	74.336	113	27	67.1
MZ962720.1	k141_42639	65064	68.639	169	51	59.9
MZ962720.1	k141_42639	65064	83.673	49	8	53.6
MZ962720.1	k141_42639	65064	86.842	38	5	47.3
MZ962720.1	k141_42639	65064	86.842	38	5	47.3
MZ962720.1	k141_42639	65064	72.857	70	19	41.9
MZ962720.1	k141_36880	18811	78.148	6384	1142	5164
MZ962720.1	k141_36880	18811	90.876	1107	101	1542
MZ962720.1	k141_36880	18811	68.406	2472	581	861
MZ962720.1	k141_36880	18811	67.347	1225	261	374
MZ962720.1	k141_36880	18811	75.735	408	60	262
MZ962720.1	k141_36880	18811	76.068	351	58	247
MZ962720.1	k141_36880	18811	74.468	376	66	237
MZ962720.1	k141_36880	18811	84.615	182	27	199
MZ962720.1	k141_36880	18811	86.076	158	21	183
MZ962720.1	k141_36880	18811	96.591	88	3	146
MZ962720.1	k141_36880	18811	96.629	89	1	145
MZ962720.1	k141_36880	18811	96.629	89	1	145
MZ962720.1	k141_36880	18811	74.661	221	37	141
MZ962720.1	k141_36880	18811	80.303	132	22	116
MZ962720.1	k141_36880	18811	90.361	83	8	114
MZ962720.1	k141_36880	18811	92.000	75	5	105
MZ962720.1	k141_23510	18954	80.325	5291	800	4769
MZ962720.1	k141_23510	18954	80.325	5291	800	4769
MZ962720.1	k141_23510	18954	77.147	2236	478	1696
MZ962720.1	k141_23510	18954	79.190	1975	388	1681
MZ962720.1	k141_23510	18954	74.923	969	201	655
MZ962720.1	k141_23510	18954	82.875	327	56	338
MZ962720.1	k141_23510	18954	81.022	137	23	124
MZ962720.1	k141_23510	18954	92.683	41	3	61.7
MZ962720.1	k141_23510	18954	84.906	53	8	60.8
MZ962720.1	k141_23510	18954	86.842	38	5	47.3
MZ962720.1	k141_23510	18954	86.842	38	5	47.3
MZ962720.1	k141_12454	19399	70.761	1156	273	517
MZ962720.1	k141_12454	19399	70.761	1156	273	517
MZ962720.1	k141_12454	19399	71.493	884	214	421
MZ962720.1	k141_12454	19399	71.493	884	214	421
MZ962720.1	k141_12454	19399	88.525	61	7	79.7
MZ962720.1	k141_12454	19399	88.525	61	7	79.7
MZ962720.1	k141_12454	19399	88.525	61	7	79.7
MZ962720.1	k141_12454	19399	82.609	46	8	48.2
MZ962720.1	k141_12454	19399	82.609	46	8	48.2
MZ962720.1	k141_14220	1138	71.134	582	78	293
MZ962720.1	k141_6407	2063	95.570	158	5	251
MZ962720.1	k141_6407	2063	95.570	158	5	251
MZ962720.1	k141_35716	2115	66.407	771	220	209
MZ962720.1	k141_21596	1239	84.076	157	25	171
MZ962720.1	k141_21596	1239	84.076	157	25	171
MZ962720.1	k141_21596	1239	85.294	136	20	156
MZ962720.1	k141_21596	1239	85.294	136	20	156
MZ962720.1	k141_37665	1519	80.000	175	34	155
MZ962720.1	k141_23281	465	91.589	107	8	150
MZ962720.1	k141_9357	2865	78.409	176	38	147
MZ962720.1	k141_32630	1297	97.500	80	2	136
MZ962720.1	k141_32630	1297	97.500	80	2	136
MZ962720.1	k141_7961	1417	96.341	82	3	135
MZ962720.1	k141_7961	1417	96.341	82	3	135
MZ962720.1	k141_22269	593	72.894	273	47	134
MZ962720.1	k141_38555	1906	80.147	136	27	124
MZ962720.1	k141_13576	649	84.071	113	13	123
MZ962720.1	k141_2688	4130	92.308	78	6	114
MZ962720.1	k141_2688	4130	82.432	74	13	76.1
MZ962720.1	k141_21151	1374	97.015	67	2	113
MZ962720.1	k141_21151	1374	97.015	67	2	113
MZ962720.1	k141_763	630	85.542	83	12	96.9
MZ962720.1	k141_42861	4167	70.950	179	48	84.2
MZ962720.1	k141_42861	4167	70.950	179	48	84.2
MZ962720.1	k141_14734	368	85.507	69	10	80.6
MZ962720.1	k141_14734	368	90.741	54	5	76.1
MZ962720.1	k141_20588	1229	80.220	91	17	80.6
MZ962720.1	k141_20588	1229	80.220	91	17	80.6
MZ962720.1	k141_34171	1390	88.525	61	7	79.7
MZ962720.1	k141_34171	1390	88.525	61	7	79.7
MZ962720.1	k141_34171	1390	88.525	61	7	79.7
MZ962720.1	k141_8422	1091	65.193	362	87	76.1
MZ962720.1	k141_34268	1335	71.852	135	34	68.0
MZ962720.1	k141_38145	5594	81.250	64	12	62.6
MZ962720.1	k141_38145	5594	81.250	64	12	62.6
MZ962720.1	k141_41297	322	79.032	62	13	54.5
MZ962720.1	k141_37213	5754	86.486	37	5	45.5
MH569081.1	k141_42639	65064	87.516	5439	615	6702
MH569081.1	k141_42639	65064	78.029	7469	1171	5950
MH569081.1	k141_42639	65064	88.915	2580	283	3353
MH569081.1	k141_42639	65064	81.508	2347	365	2285
MH569081.1	k141_42639	65064	84.540	1934	281	2121
MH569081.1	k141_42639	65064	87.392	1507	190	1862
MH569081.1	k141_42639	65064	83.176	1801	257	1861
MH569081.1	k141_42639	65064	81.473	1765	265	1711
MH569081.1	k141_42639	65064	79.503	1971	344	1693
MH569081.1	k141_42639	65064	77.999	2109	283	1641
MH569081.1	k141_42639	65064	83.024	1561	235	1621
MH569081.1	k141_42639	65064	73.466	2265	503	1365
MH569081.1	k141_42639	65064	77.301	1608	269	1233
MH569081.1	k141_42639	65064	84.074	1080	136	1160
MH569081.1	k141_42639	65064	72.672	1654	304	921
MH569081.1	k141_42639	65064	78.206	959	125	751
MH569081.1	k141_42639	65064	74.799	1119	216	708
MH569081.1	k141_42639	65064	72.532	1398	249	705
MH569081.1	k141_42639	65064	81.021	627	106	598
MH569081.1	k141_42639	65064	69.003	1384	279	540
MH569081.1	k141_42639	65064	78.636	660	90	538
MH569081.1	k141_42639	65064	76.444	675	113	444
MH569081.1	k141_42639	65064	87.963	324	36	407
MH569081.1	k141_42639	65064	71.034	870	127	407
MH569081.1	k141_42639	65064	72.069	580	123	297
MH569081.1	k141_42639	65064	85.171	263	35	294
MH569081.1	k141_42639	65064	83.582	268	33	269
MH569081.1	k141_42639	65064	77.215	316	60	239
MH569081.1	k141_42639	65064	77.215	316	60	239
MH569081.1	k141_42639	65064	76.512	281	66	210
MH569081.1	k141_42639	65064	81.281	203	38	196
MH569081.1	k141_42639	65064	77.917	240	48	186
MH569081.1	k141_42639	65064	81.034	174	31	159
MH569081.1	k141_42639	65064	83.721	129	21	139
MH569081.1	k141_42639	65064	90.099	101	9	134
MH569081.1	k141_42639	65064	90.323	93	9	128
MH569081.1	k141_42639	65064	76.970	165	38	127
MH569081.1	k141_42639	65064	75.862	174	31	122
MH569081.1	k141_42639	65064	94.737	76	4	120
MH569081.1	k141_42639	65064	72.105	190	40	103
MH569081.1	k141_42639	65064	74.675	154	39	103
MH569081.1	k141_42639	65064	85.897	78	10	88.7
MH569081.1	k141_42639	65064	95.556	45	2	73.4
MH569081.1	k141_42639	65064	95.556	45	2	73.4
MH569081.1	k141_42639	65064	87.500	56	7	70.7
MH569081.1	k141_42639	65064	81.967	61	11	61.7
MH569081.1	k141_42639	65064	81.633	49	9	49.1
MH569081.1	k141_42639	65064	68.966	116	36	48.2
MH569081.1	k141_42639	65064	74.648	71	18	48.2
MH569081.1	k141_42639	65064	86.842	38	5	47.3
MH569081.1	k141_42639	65064	86.842	38	5	47.3
MH569081.1	k141_42639	65064	75.000	60	11	41.0
MH569081.1	k141_36913	25197	91.624	4501	250	6397
MH569081.1	k141_36913	25197	91.624	4501	250	6397
MH569081.1	k141_36913	25197	93.719	3009	136	4546
MH569081.1	k141_36913	25197	93.719	3009	136	4546
MH569081.1	k141_36913	25197	91.779	2956	157	4214
MH569081.1	k141_36913	25197	91.779	2956	157	4214
MH569081.1	k141_36913	25197	89.987	2287	125	3065
MH569081.1	k141_36913	25197	89.987	2287	125	3065
MH569081.1	k141_36913	25197	90.058	2052	180	2758
MH569081.1	k141_36913	25197	90.058	2052	180	2758
MH569081.1	k141_36913	25197	81.377	886	131	845
MH569081.1	k141_36913	25197	81.377	886	131	845
MH569081.1	k141_36913	25197	79.575	847	121	714
MH569081.1	k141_36913	25197	79.575	847	121	714
MH569081.1	k141_36913	25197	78.216	684	86	565
MH569081.1	k141_36913	25197	78.216	684	86	565
MH569081.1	k141_36913	25197	82.983	476	48	483
MH569081.1	k141_36913	25197	82.983	476	48	483
MH569081.1	k141_36913	25197	76.667	390	35	331
MH569081.1	k141_36913	25197	76.667	390	35	331
MH569081.1	k141_36913	25197	86.047	129	14	151
MH569081.1	k141_36913	25197	86.047	129	14	151
MH569081.1	k141_36913	25197	78.431	102	17	81.5
MH569081.1	k141_36913	25197	94.340	53	2	79.7
MH569081.1	k141_36913	25197	94.340	53	2	79.7
MH569081.1	k141_36913	25197	95.238	42	2	68.0
MH569081.1	k141_36913	25197	95.238	42	2	68.0
MH569081.1	k141_36913	25197	92.308	39	3	58.1
MH569081.1	k141_36913	25197	84.444	45	7	50.9
MH569081.1	k141_36913	25197	84.444	45	7	50.9
MH569081.1	k141_36880	18811	81.317	3704	599	3568
MH569081.1	k141_36880	18811	86.726	1469	164	1731
MH569081.1	k141_36880	18811	76.091	1924	383	1380
MH569081.1	k141_36880	18811	70.796	2325	529	1056
MH569081.1	k141_36880	18811	71.208	1233	198	599
MH569081.1	k141_36880	18811	73.781	759	125	435
MH569081.1	k141_36880	18811	80.449	312	53	282
MH569081.1	k141_36880	18811	75.272	368	63	257
MH569081.1	k141_36880	18811	76.923	312	63	229
MH569081.1	k141_36880	18811	78.667	225	36	174
MH569081.1	k141_36880	18811	100.000	80	0	145
MH569081.1	k141_36880	18811	100.000	80	0	145
MH569081.1	k141_36880	18811	91.765	85	7	123
MH569081.1	k141_36880	18811	93.333	75	5	113
MH569081.1	k141_23510	18954	79.435	2689	439	2306
MH569081.1	k141_23510	18954	81.883	1954	329	1915
MH569081.1	k141_23510	18954	76.758	2332	470	1737
MH569081.1	k141_23510	18954	80.207	1450	242	1290
MH569081.1	k141_23510	18954	76.518	1120	213	817
MH569081.1	k141_23510	18954	74.642	1187	217	788
MH569081.1	k141_23510	18954	77.509	538	82	416
MH569081.1	k141_23510	18954	70.685	365	77	159
MH569081.1	k141_23510	18954	70.685	365	77	159
MH569081.1	k141_23510	18954	72.222	288	49	151
MH569081.1	k141_23510	18954	85.333	75	8	76.1
MH569081.1	k141_23510	18954	85.333	75	8	76.1
MH569081.1	k141_23510	18954	92.857	42	3	63.5
MH569081.1	k141_23510	18954	75.000	76	18	49.1
MH569081.1	k141_23510	18954	86.842	38	5	47.3
MH569081.1	k141_23510	18954	86.842	38	5	47.3
MH569081.1	k141_23510	18954	80.851	47	9	45.5
MH569081.1	k141_12454	19399	70.895	1151	276	516
MH569081.1	k141_12454	19399	70.895	1151	276	516
MH569081.1	k141_12454	19399	71.918	876	217	444
MH569081.1	k141_12454	19399	71.918	876	217	444
MH569081.1	k141_12454	19399	75.875	257	60	178
MH569081.1	k141_12454	19399	75.875	257	60	178
MH569081.1	k141_12454	19399	75.120	209	50	136
MH569081.1	k141_12454	19399	75.120	209	50	136
MH569081.1	k141_12454	19399	90.164	61	6	84.2
MH569081.1	k141_12454	19399	90.164	61	6	84.2
MH569081.1	k141_12454	19399	80.488	41	8	39.2
MH569081.1	k141_14220	1138	73.574	666	112	380
MH569081.1	k141_6407	2063	96.835	158	3	260
MH569081.1	k141_6407	2063	96.835	158	3	260
MH569081.1	k141_35716	2115	73.193	429	107	245
MH569081.1	k141_35716	2115	75.281	89	22	62.6
MH569081.1	k141_9357	2865	79.310	261	41	226
MH569081.1	k141_9357	2865	78.161	174	38	143
MH569081.1	k141_21596	1239	85.897	156	22	183
MH569081.1	k141_22269	593	72.794	272	39	162
MH569081.1	k141_38555	1906	84.444	135	21	150
MH569081.1	k141_7961	1417	97.561	82	2	140
MH569081.1	k141_7961	1417	97.561	82	2	140
MH569081.1	k141_37665	1519	86.087	115	16	136
MH569081.1	k141_32630	1297	95.294	85	4	136
MH569081.1	k141_32630	1297	95.294	85	4	136
MH569081.1	k141_23281	465	88.679	106	11	134
MH569081.1	k141_13576	649	90.526	95	9	132
MH569081.1	k141_8422	1091	78.378	148	27	119
MH569081.1	k141_21151	1374	97.143	70	2	118
MH569081.1	k141_21151	1374	97.143	70	2	118
MH569081.1	k141_2688	4130	94.521	73	4	114
MH569081.1	k141_2688	4130	80.000	70	14	64.4
MH569081.1	k141_763	630	89.286	84	9	112
MH569081.1	k141_42861	4167	71.508	179	47	88.7
MH569081.1	k141_42861	4167	71.508	179	47	88.7
MH569081.1	k141_14734	368	86.957	69	9	85.1
MH569081.1	k141_34171	1390	90.164	61	6	84.2
MH569081.1	k141_34171	1390	90.164	61	6	84.2
MH569081.1	k141_20588	1229	80.220	91	17	80.6
MH569081.1	k141_20588	1229	80.220	91	17	80.6
MH569081.1	k141_37213	5754	97.297	37	1	63.5
MH569081.1	k141_4292	486	100.000	34	0	62.6
MH569081.1	k141_4292	486	100.000	34	0	62.6
MH569081.1	k141_38145	5594	81.250	64	12	62.6
MH569081.1	k141_38145	5594	81.250	64	12	62.6
MH569081.1	k141_38145	5594	80.702	57	11	54.5
MH569081.1	k141_38145	5594	80.702	57	11	54.5
MH569081.1	k141_41297	322	79.412	68	14	60.8
MH569081.1	k141_34268	1335	73.832	107	26	60.8
NC_033978.1	k141_36913	25197	95.978	8852	235	14302
NC_033978.1	k141_36913	25197	95.978	8852	235	14302
NC_033978.1	k141_36913	25197	92.563	9291	433	13751
NC_033978.1	k141_36913	25197	92.708	9202	428	13677
NC_033978.1	k141_36913	25197	94.679	4792	148	7526
NC_033978.1	k141_36913	25197	94.679	4792	148	7526
NC_033978.1	k141_36913	25197	92.482	971	55	1425
NC_033978.1	k141_36913	25197	92.482	971	55	1425
NC_033978.1	k141_36913	25197	87.500	984	68	1234
NC_033978.1	k141_36913	25197	87.500	984	68	1234
NC_033978.1	k141_36913	25197	90.741	54	5	76.1
NC_033978.1	k141_36913	25197	90.741	54	5	76.1
NC_033978.1	k141_36913	25197	100.000	39	0	71.6
NC_033978.1	k141_36913	25197	92.857	42	3	63.5
NC_033978.1	k141_36913	25197	86.842	38	5	47.3
NC_033978.1	k141_42639	65064	89.273	8409	641	10991
NC_033978.1	k141_42639	65064	81.875	10483	1157	10257
NC_033978.1	k141_42639	65064	82.798	7877	981	8110
NC_033978.1	k141_42639	65064	81.418	7518	921	7252
NC_033978.1	k141_42639	65064	86.360	4670	382	5614
NC_033978.1	k141_42639	65064	85.162	4165	423	4667
NC_033978.1	k141_42639	65064	86.172	2965	260	3562
NC_033978.1	k141_42639	65064	82.326	2880	365	2849
NC_033978.1	k141_42639	65064	82.653	2352	280	2410
NC_033978.1	k141_42639	65064	84.313	1651	217	1803
NC_033978.1	k141_42639	65064	78.824	1837	237	1562
NC_033978.1	k141_42639	65064	90.150	1137	73	1541
NC_033978.1	k141_42639	65064	84.394	1147	142	1232
NC_033978.1	k141_42639	65064	83.768	1035	111	1085
NC_033978.1	k141_42639	65064	80.035	1152	146	1000
NC_033978.1	k141_42639	65064	82.030	946	95	900
NC_033978.1	k141_42639	65064	75.944	715	84	526
NC_033978.1	k141_42639	65064	81.136	493	48	480
NC_033978.1	k141_42639	65064	73.973	657	88	426
NC_033978.1	k141_42639	65064	78.537	205	28	178
NC_033978.1	k141_42639	65064	73.554	242	40	134
NC_033978.1	k141_42639	65064	80.159	126	25	115
NC_033978.1	k141_42639	65064	78.571	126	27	106
NC_033978.1	k141_42639	65064	85.526	76	11	88.7
NC_033978.1	k141_42639	65064	97.826	46	1	79.7
NC_033978.1	k141_42639	65064	97.561	41	1	70.7
NC_033978.1	k141_42639	65064	97.561	41	1	70.7
NC_033978.1	k141_42639	65064	97.500	40	1	68.9
NC_033978.1	k141_42639	65064	94.872	39	2	62.6
NC_033978.1	k141_42639	65064	80.328	61	12	57.2
NC_033978.1	k141_42639	65064	87.179	39	5	49.1
NC_033978.1	k141_42639	65064	86.842	38	5	47.3
NC_033978.1	k141_42639	65064	86.842	38	5	47.3
NC_033978.1	k141_42639	65064	74.286	70	18	46.4
NC_033978.1	k141_36880	18811	86.578	6385	688	7696
NC_033978.1	k141_36880	18811	79.191	2446	398	2091
NC_033978.1	k141_36880	18811	93.503	1293	65	1953
NC_033978.1	k141_36880	18811	77.991	1304	183	1044
NC_033978.1	k141_36880	18811	80.401	1097	137	958
NC_033978.1	k141_36880	18811	74.642	978	134	614
NC_033978.1	k141_36880	18811	74.677	620	89	391
NC_033978.1	k141_36880	18811	78.125	384	40	323
NC_033978.1	k141_36880	18811	71.044	632	89	310
NC_033978.1	k141_36880	18811	83.645	214	28	222
NC_033978.1	k141_36880	18811	74.769	325	61	200
NC_033978.1	k141_36880	18811	83.230	161	7	174
NC_033978.1	k141_36880	18811	95.833	96	2	153
NC_033978.1	k141_36880	18811	76.020	196	28	146
NC_033978.1	k141_23510	18954	81.460	5054	664	4884
NC_033978.1	k141_23510	18954	82.531	4654	548	4719
NC_033978.1	k141_23510	18954	82.617	2514	370	2562
NC_033978.1	k141_23510	18954	71.571	1903	383	1028
NC_033978.1	k141_23510	18954	76.283	721	135	531
NC_033978.1	k141_23510	18954	81.155	329	44	308
NC_033978.1	k141_23510	18954	81.155	329	44	308
NC_033978.1	k141_23510	18954	74.214	477	101	299
NC_033978.1	k141_23510	18954	84.387	269	35	280
NC_033978.1	k141_23510	18954	91.791	134	11	193
NC_033978.1	k141_23510	18954	91.791	134	11	193
NC_033978.1	k141_23510	18954	78.261	138	30	114
NC_033978.1	k141_23510	18954	97.561	41	1	70.7
NC_033978.1	k141_23510	18954	97.561	41	1	70.7
NC_033978.1	k141_23510	18954	95.238	42	2	68.0
NC_033978.1	k141_23510	18954	86.275	51	7	61.7
NC_033978.1	k141_23510	18954	86.842	38	5	47.3
NC_033978.1	k141_23510	18954	86.842	38	5	47.3
NC_033978.1	k141_20988	4325	91.327	565	33	800
NC_033978.1	k141_20988	4325	91.327	565	33	800
NC_033978.1	k141_14220	1138	77.143	665	101	466
NC_033978.1	k141_12454	19399	72.520	877	210	452
NC_033978.1	k141_12454	19399	72.520	877	210	452
NC_033978.1	k141_12454	19399	74.812	532	123	348
NC_033978.1	k141_12454	19399	74.812	532	123	348
NC_033978.1	k141_12454	19399	74.946	467	95	286
NC_033978.1	k141_12454	19399	74.946	467	95	286
NC_033978.1	k141_12454	19399	78.788	264	54	217
NC_033978.1	k141_12454	19399	78.788	264	54	217
NC_033978.1	k141_12454	19399	86.885	61	8	75.2
NC_033978.1	k141_12454	19399	86.885	61	8	75.2
NC_033978.1	k141_12454	19399	78.723	47	10	41.0
NC_033978.1	k141_9357	2865	87.676	284	30	355
NC_033978.1	k141_9357	2865	82.371	329	45	322
NC_033978.1	k141_21596	1239	88.177	203	24	259
NC_033978.1	k141_22269	593	79.310	290	25	258
NC_033978.1	k141_8422	1091	83.404	235	39	249
NC_033978.1	k141_6407	2063	94.904	157	6	245
NC_033978.1	k141_6407	2063	94.904	157	6	245
NC_033978.1	k141_35716	2115	66.921	786	215	233
NC_033978.1	k141_37665	1519	70.792	404	52	212
NC_033978.1	k141_19781	2680	91.429	140	12	199
NC_033978.1	k141_19781	2680	91.429	140	12	199
NC_033978.1	k141_21151	1374	91.367	139	10	190
NC_033978.1	k141_21151	1374	91.367	139	10	190
NC_033978.1	k141_21151	1374	94.118	68	4	105
NC_033978.1	k141_21151	1374	94.118	68	4	105
NC_033978.1	k141_38555	1906	85.507	138	20	159
NC_033978.1	k141_13576	649	90.435	115	6	159
NC_033978.1	k141_14734	368	71.382	304	49	155
NC_033978.1	k141_14734	368	92.754	69	5	103
NC_033978.1	k141_763	630	98.810	84	1	148
NC_033978.1	k141_32630	1297	98.795	83	1	146
NC_033978.1	k141_32630	1297	98.795	83	1	146
NC_033978.1	k141_23281	465	89.720	107	10	141
NC_033978.1	k141_7961	1417	97.561	82	2	140
NC_033978.1	k141_2688	4130	93.671	79	5	121
NC_033978.1	k141_34963	304	81.081	111	15	98.7
NC_033978.1	k141_34963	304	81.081	111	15	98.7
NC_033978.1	k141_42861	4167	71.429	182	48	89.7
NC_033978.1	k141_42861	4167	71.429	182	48	89.7
NC_033978.1	k141_1302	985	88.710	62	7	81.5
NC_033978.1	k141_1302	985	88.710	62	7	81.5
NC_033978.1	k141_20588	1229	80.220	91	17	80.6
NC_033978.1	k141_20588	1229	80.220	91	17	80.6
NC_033978.1	k141_34171	1390	86.885	61	8	75.2
NC_033978.1	k141_34171	1390	86.885	61	8	75.2
NC_033978.1	k141_34268	1335	78.750	80	17	68.9
NC_033978.1	k141_41297	322	83.871	62	10	68.0
NC_033978.1	k141_13120	3839	87.037	54	7	67.1
NC_033978.1	k141_4292	486	100.000	34	0	62.6
NC_033978.1	k141_4292	486	100.000	34	0	62.6
NC_033978.1	k141_37213	5754	94.595	37	2	59.0
NC_033978.1	k141_38145	5594	80.702	57	11	54.5
NC_033978.1	k141_38145	5594	80.702	57	11	54.5
NC_033978.1	k141_4188	569	83.333	42	7	45.5
NC_033978.1	k141_28949	532	85.714	35	5	41.9
NC_033978.1	k141_28949	532	74.242	66	15	41.0
NC_033978.1	k141_38620	826	80.952	42	8	41.0
MW006668.1	k141_36913	25197	94.427	8739	269	13549
MW006668.1	k141_36913	25197	94.427	8739	269	13549
MW006668.1	k141_36913	25197	90.705	5347	365	7396
MW006668.1	k141_36913	25197	74.035	2877	442	1803
MW006668.1	k141_36913	25197	78.540	1384	172	1144
MW006668.1	k141_36913	25197	87.157	693	58	864
MW006668.1	k141_36913	25197	89.369	555	57	728
MW006668.1	k141_36913	25197	76.231	589	87	425
MW006668.1	k141_36913	25197	87.770	278	26	347
MW006668.1	k141_36913	25197	87.770	278	26	347
MW006668.1	k141_36913	25197	84.354	147	14	161
MW006668.1	k141_36913	25197	84.354	147	14	161
MW006668.1	k141_36913	25197	84.559	136	12	150
MW006668.1	k141_36913	25197	81.905	105	15	104
MW006668.1	k141_36913	25197	64.117	549	145	96.0
MW006668.1	k141_36913	25197	64.117	549	145	96.0
MW006668.1	k141_36913	25197	100.000	42	0	77.0
MW006668.1	k141_36913	25197	100.000	42	0	77.0
MW006668.1	k141_36913	25197	69.189	185	45	77.0
MW006668.1	k141_36913	25197	86.885	61	8	75.2
MW006668.1	k141_36913	25197	86.885	61	8	75.2
MW006668.1	k141_36913	25197	67.686	229	57	73.4
MW006668.1	k141_36913	25197	67.686	229	57	73.4
MW006668.1	k141_36913	25197	92.857	42	3	63.5
MW006668.1	k141_36913	25197	86.275	51	7	61.7
MW006668.1	k141_36913	25197	76.923	65	15	50.9
MW006668.1	k141_36913	25197	76.923	65	15	50.9
MW006668.1	k141_36913	25197	76.923	65	15	50.9
MW006668.1	k141_36913	25197	76.923	65	15	50.9
MW006668.1	k141_36913	25197	86.842	38	5	47.3
MW006668.1	k141_42639	65064	92.133	5555	378	8016
MW006668.1	k141_42639	65064	84.838	6391	810	7125
MW006668.1	k141_42639	65064	86.609	4630	441	5581
MW006668.1	k141_42639	65064	82.682	5428	649	5512
MW006668.1	k141_42639	65064	86.694	4186	377	5034
MW006668.1	k141_42639	65064	85.788	3898	343	4520
MW006668.1	k141_42639	65064	79.914	3719	444	3356
MW006668.1	k141_42639	65064	80.832	3245	413	2993
MW006668.1	k141_42639	65064	77.922	3234	424	2627
MW006668.1	k141_42639	65064	88.845	2017	168	2612
MW006668.1	k141_42639	65064	84.770	2331	234	2591
MW006668.1	k141_42639	65064	89.355	1954	194	2568
MW006668.1	k141_42639	65064	75.518	2994	417	2101
MW006668.1	k141_42639	65064	78.445	1865	303	1578
MW006668.1	k141_42639	65064	79.487	1599	230	1440
MW006668.1	k141_42639	65064	77.703	1776	233	1412
MW006668.1	k141_42639	65064	79.596	1436	209	1264
MW006668.1	k141_42639	65064	88.520	723	65	915
MW006668.1	k141_42639	65064	78.709	728	116	623
MW006668.1	k141_42639	65064	78.709	728	116	623
MW006668.1	k141_42639	65064	87.462	327	33	399
MW006668.1	k141_42639	65064	87.462	327	33	399
MW006668.1	k141_42639	65064	72.306	733	124	379
MW006668.1	k141_42639	65064	71.711	608	110	301
MW006668.1	k141_42639	65064	73.227	437	69	255
MW006668.1	k141_42639	65064	69.730	555	117	241
MW006668.1	k141_42639	65064	82.178	202	24	187
MW006668.1	k141_42639	65064	81.407	199	29	187
MW006668.1	k141_42639	65064	81.043	211	32	186
MW006668.1	k141_42639	65064	76.256	219	36	153
MW006668.1	k141_42639	65064	78.528	163	35	137
MW006668.1	k141_42639	65064	89.691	97	9	127
MW006668.1	k141_42639	65064	78.417	139	21	111
MW006668.1	k141_42639	65064	78.417	139	21	111
MW006668.1	k141_42639	65064	78.571	126	27	106
MW006668.1	k141_42639	65064	74.843	159	38	104
MW006668.1	k141_42639	65064	85.185	81	12	93.3
MW006668.1	k141_42639	65064	97.917	48	1	83.3
MW006668.1	k141_42639	65064	93.878	49	3	76.1
MW006668.1	k141_42639	65064	93.878	49	3	76.1
MW006668.1	k141_42639	65064	97.561	41	1	70.7
MW006668.1	k141_42639	65064	89.362	47	5	63.5
MW006668.1	k141_42639	65064	94.872	39	2	62.6
MW006668.1	k141_42639	65064	76.056	71	17	52.7
MW006668.1	k141_42639	65064	89.474	38	4	51.8
MW006668.1	k141_42639	65064	81.633	49	9	49.1
MW006668.1	k141_42639	65064	87.179	39	5	49.1
MW006668.1	k141_23510	18954	84.987	4869	606	5441
MW006668.1	k141_23510	18954	84.987	4869	606	5441
MW006668.1	k141_23510	18954	86.413	4438	455	5239
MW006668.1	k141_23510	18954	86.413	4438	455	5239
MW006668.1	k141_23510	18954	81.172	2321	421	2199
MW006668.1	k141_23510	18954	87.391	230	29	285
MW006668.1	k141_23510	18954	87.391	230	29	285
MW006668.1	k141_23510	18954	87.786	131	15	161
MW006668.1	k141_23510	18954	65.109	321	42	97.8
MW006668.1	k141_23510	18954	65.109	321	42	97.8
MW006668.1	k141_23510	18954	86.885	61	8	75.2
MW006668.1	k141_23510	18954	86.885	61	8	75.2
MW006668.1	k141_23510	18954	86.885	61	8	75.2
MW006668.1	k141_23510	18954	86.885	61	8	75.2
MW006668.1	k141_23510	18954	97.561	41	1	70.7
MW006668.1	k141_23510	18954	95.238	42	2	68.0
MW006668.1	k141_23510	18954	83.607	61	10	66.2
MW006668.1	k141_23510	18954	83.607	61	10	66.2
MW006668.1	k141_23510	18954	83.607	61	10	66.2
MW006668.1	k141_23510	18954	83.607	61	10	66.2
MW006668.1	k141_23510	18954	82.258	62	11	63.5
MW006668.1	k141_23510	18954	81.967	61	11	61.7
MW006668.1	k141_23510	18954	81.967	61	11	61.7
MW006668.1	k141_23510	18954	81.967	61	11	61.7
MW006668.1	k141_23510	18954	81.967	61	11	61.7
MW006668.1	k141_23510	18954	83.636	55	9	59.9
MW006668.1	k141_23510	18954	83.636	55	9	59.9
MW006668.1	k141_23510	18954	84.314	51	8	57.2
MW006668.1	k141_23510	18954	81.818	55	10	55.4
MW006668.1	k141_23510	18954	81.818	55	10	55.4
MW006668.1	k141_23510	18954	81.818	55	10	55.4
MW006668.1	k141_23510	18954	81.818	55	10	55.4
MW006668.1	k141_23510	18954	81.818	55	10	55.4
MW006668.1	k141_23510	18954	81.818	55	10	55.4
MW006668.1	k141_23510	18954	81.818	55	10	55.4
MW006668.1	k141_23510	18954	81.818	55	10	55.4
MW006668.1	k141_23510	18954	81.818	55	10	55.4
MW006668.1	k141_23510	18954	81.818	55	10	55.4
MW006668.1	k141_23510	18954	89.474	38	4	51.8
MW006668.1	k141_23510	18954	80.851	47	9	45.5
MW006668.1	k141_36880	18811	87.933	3207	345	4032
MW006668.1	k141_36880	18811	82.922	3244	419	3389
MW006668.1	k141_36880	18811	80.807	2850	426	2662
MW006668.1	k141_36880	18811	93.443	915	51	1375
MW006668.1	k141_36880	18811	93.443	915	51	1375
MW006668.1	k141_36880	18811	77.216	1681	214	1300
MW006668.1	k141_36880	18811	80.157	1275	141	1148
MW006668.1	k141_36880	18811	80.157	1275	141	1148
MW006668.1	k141_36880	18811	75.158	789	118	520
MW006668.1	k141_36880	18811	74.697	826	118	513
MW006668.1	k141_36880	18811	72.128	592	108	322
MW006668.1	k141_36880	18811	73.589	496	73	312
MW006668.1	k141_36880	18811	74.859	354	68	225
MW006668.1	k141_36880	18811	83.799	179	22	190
MW006668.1	k141_36880	18811	86.861	137	17	163
MW006668.1	k141_36880	18811	94.937	79	4	125
MW006668.1	k141_36880	18811	94.937	79	4	125
MW006668.1	k141_36880	18811	78.095	105	18	86.9
MW006668.1	k141_36880	18811	78.095	105	18	86.9
MW006668.1	k141_36880	18811	75.962	104	22	74.3
MW006668.1	k141_36880	18811	87.805	41	5	52.7
MW006668.1	k141_14220	1138	78.869	672	85	561
MW006668.1	k141_12454	19399	71.510	881	213	425
MW006668.1	k141_12454	19399	71.510	881	213	425
MW006668.1	k141_12454	19399	74.436	532	125	339
MW006668.1	k141_12454	19399	74.436	532	125	339
MW006668.1	k141_12454	19399	74.518	467	103	276
MW006668.1	k141_12454	19399	74.518	467	103	276
MW006668.1	k141_12454	19399	78.788	264	54	217
MW006668.1	k141_12454	19399	78.788	264	54	217
MW006668.1	k141_12454	19399	85.246	61	9	70.7
MW006668.1	k141_12454	19399	85.246	61	9	70.7
MW006668.1	k141_9357	2865	82.310	277	41	278
MW006668.1	k141_9357	2865	82.051	234	38	224
MW006668.1	k141_8422	1091	83.658	257	42	275
MW006668.1	k141_8422	1091	88.462	52	6	68.0
MW006668.1	k141_6407	2063	96.226	159	4	258
MW006668.1	k141_6407	2063	96.226	159	4	258
MW006668.1	k141_37665	1519	76.504	349	45	253
MW006668.1	k141_21596	1239	86.207	203	28	241
MW006668.1	k141_35716	2115	66.186	763	213	214
MW006668.1	k141_23281	465	93.458	107	6	159
MW006668.1	k141_38555	1906	83.916	143	23	155
MW006668.1	k141_763	630	97.619	84	2	143
MW006668.1	k141_14734	368	70.395	304	53	141
MW006668.1	k141_14734	368	87.324	71	9	88.7
MW006668.1	k141_32630	1297	96.386	83	3	137
MW006668.1	k141_32630	1297	96.386	83	3	137
MW006668.1	k141_13576	649	85.965	114	11	134
MW006668.1	k141_7961	1417	94.937	79	4	125
MW006668.1	k141_7961	1417	94.937	79	4	125
MW006668.1	k141_2688	4130	93.671	79	5	121
MW006668.1	k141_21151	1374	97.059	68	2	114
MW006668.1	k141_21151	1374	97.059	68	2	114
MW006668.1	k141_21151	1374	83.607	61	4	67.1
MW006668.1	k141_21151	1374	83.607	61	4	67.1
MW006668.1	k141_13190	1101	80.198	101	10	93.3
MW006668.1	k141_42861	4167	70.000	180	54	82.4
MW006668.1	k141_34268	1335	72.932	133	34	71.6
MW006668.1	k141_20588	1229	78.022	91	19	71.6
MW006668.1	k141_34171	1390	85.246	61	9	70.7
MW006668.1	k141_34171	1390	85.246	61	9	70.7
MW006668.1	k141_41297	322	83.871	62	10	68.0
MW006668.1	k141_4292	486	100.000	34	0	62.6
MW006668.1	k141_4292	486	100.000	34	0	62.6
MW006668.1	k141_38145	5594	80.702	57	11	54.5
MW006668.1	k141_38145	5594	80.702	57	11	54.5
MW435436.1	k141_36913	25197	94.188	11183	326	17300
MW435436.1	k141_36913	25197	94.188	11183	326	17300
MW435436.1	k141_36913	25197	92.265	9269	480	13562
MW435436.1	k141_36913	25197	92.265	9269	480	13562
MW435436.1	k141_36913	25197	93.437	3596	122	5434
MW435436.1	k141_36913	25197	93.437	3596	122	5434
MW435436.1	k141_36913	25197	93.408	986	44	1487
MW435436.1	k141_36913	25197	93.408	986	44	1487
MW435436.1	k141_36913	25197	82.933	375	34	379
MW435436.1	k141_36913	25197	82.933	375	34	379
MW435436.1	k141_36913	25197	95.238	42	2	68.0
MW435436.1	k141_36913	25197	92.308	39	3	58.1
MW435436.1	k141_42639	65064	82.325	8068	977	8075
MW435436.1	k141_42639	65064	91.131	5694	416	7992
MW435436.1	k141_42639	65064	85.735	4753	474	5483
MW435436.1	k141_42639	65064	85.732	3925	397	4539
MW435436.1	k141_42639	65064	83.537	4246	605	4506
MW435436.1	k141_42639	65064	80.951	4583	586	4327
MW435436.1	k141_42639	65064	80.923	4031	571	3752
MW435436.1	k141_42639	65064	86.230	2963	297	3506
MW435436.1	k141_42639	65064	76.874	3455	485	2615
MW435436.1	k141_42639	65064	84.629	2251	267	2468
MW435436.1	k141_42639	65064	86.996	1984	221	2386
MW435436.1	k141_42639	65064	77.014	2880	445	2153
MW435436.1	k141_42639	65064	79.765	2387	251	2134
MW435436.1	k141_42639	65064	75.287	1914	300	1345
MW435436.1	k141_42639	65064	81.711	1192	121	1196
MW435436.1	k141_42639	65064	79.763	1265	204	1098
MW435436.1	k141_42639	65064	78.626	1179	181	942
MW435436.1	k141_42639	65064	73.624	1308	185	755
MW435436.1	k141_42639	65064	80.769	702	97	634
MW435436.1	k141_42639	65064	87.263	369	38	453
MW435436.1	k141_42639	65064	87.263	369	38	453
MW435436.1	k141_42639	65064	74.595	618	79	388
MW435436.1	k141_42639	65064	71.660	741	120	386
MW435436.1	k141_42639	65064	75.346	434	64	290
MW435436.1	k141_42639	65064	88.119	202	18	253
MW435436.1	k141_42639	65064	80.717	223	34	199
MW435436.1	k141_42639	65064	79.394	165	34	145
MW435436.1	k141_42639	65064	87.500	104	13	130
MW435436.1	k141_42639	65064	66.749	406	119	116
MW435436.1	k141_42639	65064	86.842	76	10	93.3
MW435436.1	k141_42639	65064	95.745	47	2	77.0
MW435436.1	k141_42639	65064	97.561	41	1	70.7
MW435436.1	k141_42639	65064	97.561	41	1	70.7
MW435436.1	k141_42639	65064	87.179	39	5	49.1
MW435436.1	k141_42639	65064	84.615	39	6	44.6
MW435436.1	k141_42639	65064	84.211	38	6	42.8
MW435436.1	k141_42639	65064	84.211	38	6	42.8
MW435436.1	k141_42639	65064	72.857	70	19	41.9
MW435436.1	k141_36880	18811	85.303	6362	755	7290
MW435436.1	k141_36880	18811	80.490	3875	538	3556
MW435436.1	k141_36880	18811	76.436	1515	195	1103
MW435436.1	k141_36880	18811	78.467	548	71	463
MW435436.1	k141_36880	18811	69.800	649	106	306
MW435436.1	k141_36880	18811	78.571	266	25	221
MW435436.1	k141_36880	18811	89.157	166	17	215
MW435436.1	k141_36880	18811	75.000	312	61	196
MW435436.1	k141_36880	18811	86.000	150	12	176
MW435436.1	k141_36880	18811	86.000	150	12	176
MW435436.1	k141_36880	18811	76.630	184	20	141
MW435436.1	k141_36880	18811	97.500	80	2	136
MW435436.1	k141_23510	18954	82.949	4463	575	4606
MW435436.1	k141_23510	18954	80.768	4846	732	4511
MW435436.1	k141_23510	18954	82.055	2268	383	2264
MW435436.1	k141_23510	18954	81.696	2005	342	1966
MW435436.1	k141_23510	18954	69.735	1890	424	824
MW435436.1	k141_23510	18954	74.249	699	135	454
MW435436.1	k141_23510	18954	70.522	709	140	350
MW435436.1	k141_23510	18954	70.522	709	140	350
MW435436.1	k141_23510	18954	81.763	329	42	326
MW435436.1	k141_23510	18954	81.763	329	42	326
MW435436.1	k141_23510	18954	93.284	134	9	202
MW435436.1	k141_23510	18954	93.284	134	9	202
MW435436.1	k141_23510	18954	70.779	154	45	76.1
MW435436.1	k141_23510	18954	97.561	41	1	70.7
MW435436.1	k141_23510	18954	97.561	41	1	70.7
MW435436.1	k141_23510	18954	92.857	42	3	63.5
MW435436.1	k141_23510	18954	84.314	51	8	57.2
MW435436.1	k141_23510	18954	84.211	38	6	42.8
MW435436.1	k141_23510	18954	84.211	38	6	42.8
MW435436.1	k141_20988	4325	93.628	565	20	858
MW435436.1	k141_20988	4325	93.628	565	20	858
MW435436.1	k141_12454	19399	71.021	1156	266	529
MW435436.1	k141_12454	19399	71.021	1156	266	529
MW435436.1	k141_12454	19399	72.304	881	205	444
MW435436.1	k141_12454	19399	72.304	881	205	444
MW435436.1	k141_12454	19399	78.409	264	55	213
MW435436.1	k141_12454	19399	78.409	264	55	213
MW435436.1	k141_12454	19399	86.885	61	8	75.2
MW435436.1	k141_12454	19399	86.885	61	8	75.2
MW435436.1	k141_9357	2865	85.915	284	35	333
MW435436.1	k141_9357	2865	79.239	289	51	246
MW435436.1	k141_14220	1138	81.250	320	41	297
MW435436.1	k141_14220	1138	86.111	180	14	209
MW435436.1	k141_6407	2063	95.597	159	5	253
MW435436.1	k141_6407	2063	95.597	159	5	253
MW435436.1	k141_22269	593	78.041	296	34	242
MW435436.1	k141_21596	1239	86.207	203	28	241
MW435436.1	k141_8422	1091	81.982	222	40	221
MW435436.1	k141_35716	2115	66.709	787	215	218
MW435436.1	k141_19781	2680	90.714	140	13	195
MW435436.1	k141_19781	2680	90.714	140	13	195
MW435436.1	k141_21151	1374	81.657	169	9	168
MW435436.1	k141_21151	1374	81.657	169	9	168
MW435436.1	k141_21151	1374	95.588	68	3	110
MW435436.1	k141_21151	1374	95.588	68	3	110
MW435436.1	k141_14734	368	70.701	314	44	159
MW435436.1	k141_14734	368	90.141	71	7	97.8
MW435436.1	k141_38555	1906	84.615	143	22	159
MW435436.1	k141_37665	1519	68.365	373	36	157
MW435436.1	k141_13576	649	89.381	113	7	150
MW435436.1	k141_23281	465	91.589	107	8	150
MW435436.1	k141_763	630	98.795	83	1	146
MW435436.1	k141_32630	1297	97.590	83	2	141
MW435436.1	k141_32630	1297	97.590	83	2	141
MW435436.1	k141_7961	1417	95.000	80	4	127
MW435436.1	k141_2688	4130	92.405	79	6	116
MW435436.1	k141_34963	304	80.180	111	16	103
MW435436.1	k141_34963	304	80.180	111	16	103
MW435436.1	k141_42861	4167	71.978	182	47	94.2
MW435436.1	k141_42861	4167	71.978	182	47	94.2
MW435436.1	k141_1302	985	80.556	108	13	90.6
MW435436.1	k141_1302	985	80.556	108	13	90.6
MW435436.1	k141_20588	1229	80.220	91	17	80.6
MW435436.1	k141_20588	1229	80.220	91	17	80.6
MW435436.1	k141_34171	1390	86.885	61	8	75.2
MW435436.1	k141_34171	1390	86.885	61	8	75.2
MW435436.1	k141_41297	322	83.871	62	10	68.0
MW435436.1	k141_38145	5594	77.027	74	17	58.1
MW435436.1	k141_38145	5594	77.027	74	17	58.1
MW435436.1	k141_34268	1335	75.000	80	20	55.4
MW435436.1	k141_34268	1335	75.000	80	20	55.4
MW435436.1	k141_37213	5754	91.892	37	3	54.5
MW435436.1	k141_16542	686	84.091	44	7	49.1
MW435436.1	k141_33392	1082	80.488	41	8	39.2
MW435436.1	k141_33392	1082	80.488	41	8	39.2
MW435436.1	k141_36712	593	78.261	46	10	39.2
NC_037882.1	k141_36913	25197	94.704	9838	244	15449
NC_037882.1	k141_36913	25197	94.704	9838	244	15449
NC_037882.1	k141_36913	25197	92.459	8036	376	11860
NC_037882.1	k141_36913	25197	92.459	8036	376	11860
NC_037882.1	k141_36913	25197	95.219	4853	109	7763
NC_037882.1	k141_36913	25197	95.219	4853	109	7763
NC_037882.1	k141_36913	25197	93.449	977	38	1480
NC_037882.1	k141_36913	25197	93.449	977	38	1480
NC_037882.1	k141_36913	25197	94.316	563	14	879
NC_037882.1	k141_36913	25197	94.316	563	14	879
NC_037882.1	k141_36913	25197	97.619	42	1	72.5
NC_037882.1	k141_36913	25197	94.872	39	2	62.6
NC_037882.1	k141_36913	25197	89.474	38	4	51.8
NC_037882.1	k141_36913	25197	86.842	38	5	47.3
NC_037882.1	k141_42639	65064	83.628	10628	1082	11402
NC_037882.1	k141_42639	65064	88.440	8495	687	10866
NC_037882.1	k141_42639	65064	85.013	7560	777	8545
NC_037882.1	k141_42639	65064	84.578	6536	787	7226
NC_037882.1	k141_42639	65064	88.632	3633	296	4652
NC_037882.1	k141_42639	65064	83.639	4205	423	4455
NC_037882.1	k141_42639	65064	78.228	4685	606	3796
NC_037882.1	k141_42639	65064	89.353	1963	174	2590
NC_037882.1	k141_42639	65064	82.174	2530	296	2526
NC_037882.1	k141_42639	65064	78.937	2483	328	2116
NC_037882.1	k141_42639	65064	81.143	1347	177	1251
NC_037882.1	k141_42639	65064	74.586	1995	325	1247
NC_037882.1	k141_42639	65064	88.889	954	64	1241
NC_037882.1	k141_42639	65064	77.259	1306	141	1063
NC_037882.1	k141_42639	65064	83.155	843	99	847
NC_037882.1	k141_42639	65064	82.041	490	52	493
NC_037882.1	k141_42639	65064	78.120	617	98	475
NC_037882.1	k141_42639	65064	69.436	975	165	391
NC_037882.1	k141_42639	65064	77.882	425	52	318
NC_037882.1	k141_42639	65064	87.069	232	25	275
NC_037882.1	k141_42639	65064	78.136	279	35	216
NC_037882.1	k141_42639	65064	85.906	149	13	168
NC_037882.1	k141_42639	65064	93.137	102	7	153
NC_037882.1	k141_42639	65064	77.778	126	28	102
NC_037882.1	k141_42639	65064	73.333	165	44	100
NC_037882.1	k141_42639	65064	82.667	75	7	78.8
NC_037882.1	k141_42639	65064	100.000	42	0	77.0
NC_037882.1	k141_42639	65064	95.122	41	2	66.2
NC_037882.1	k141_42639	65064	95.122	41	2	66.2
NC_037882.1	k141_42639	65064	89.130	46	5	61.7
NC_037882.1	k141_42639	65064	84.615	52	8	59.0
NC_037882.1	k141_42639	65064	74.118	85	21	51.8
NC_037882.1	k141_42639	65064	87.179	39	5	49.1
NC_037882.1	k141_36880	18811	86.900	6359	677	7691
NC_037882.1	k141_36880	18811	82.753	3821	509	3880
NC_037882.1	k141_36880	18811	75.172	1740	221	1160
NC_037882.1	k141_36880	18811	79.744	1249	165	1084
NC_037882.1	k141_36880	18811	72.659	1068	156	602
NC_037882.1	k141_36880	18811	72.901	679	102	379
NC_037882.1	k141_36880	18811	77.358	371	34	287
NC_037882.1	k141_36880	18811	83.871	155	7	175
NC_037882.1	k141_36880	18811	83.871	155	7	175
NC_037882.1	k141_36880	18811	90.625	128	11	174
NC_037882.1	k141_36880	18811	77.533	227	41	167
NC_037882.1	k141_36880	18811	74.895	239	26	165
NC_037882.1	k141_36880	18811	98.765	81	1	142
NC_037882.1	k141_36880	18811	90.244	41	4	57.2
NC_037882.1	k141_23510	18954	82.508	5940	738	6007
NC_037882.1	k141_23510	18954	82.964	3569	505	3649
NC_037882.1	k141_23510	18954	82.038	2600	404	2542
NC_037882.1	k141_23510	18954	65.853	2252	487	606
NC_037882.1	k141_23510	18954	74.785	698	162	465
NC_037882.1	k141_23510	18954	80.290	345	40	315
NC_037882.1	k141_23510	18954	80.290	345	40	315
NC_037882.1	k141_23510	18954	74.576	472	102	300
NC_037882.1	k141_23510	18954	90.094	212	20	285
NC_037882.1	k141_23510	18954	93.284	134	9	202
NC_037882.1	k141_23510	18954	93.284	134	9	202
NC_037882.1	k141_23510	18954	78.481	237	41	189
NC_037882.1	k141_23510	18954	74.286	140	35	87.8
NC_037882.1	k141_23510	18954	95.238	42	2	68.0
NC_037882.1	k141_23510	18954	95.122	41	2	66.2
NC_037882.1	k141_23510	18954	95.122	41	2	66.2
NC_037882.1	k141_23510	18954	84.314	51	8	57.2
NC_037882.1	k141_20988	4325	90.248	564	31	774
NC_037882.1	k141_20988	4325	90.248	564	31	774
NC_037882.1	k141_14220	1138	74.893	701	80	468
NC_037882.1	k141_12454	19399	72.406	877	211	447
NC_037882.1	k141_12454	19399	72.406	877	211	447
NC_037882.1	k141_12454	19399	74.624	532	124	343
NC_037882.1	k141_12454	19399	74.624	532	124	343
NC_037882.1	k141_12454	19399	74.310	471	91	282
NC_037882.1	k141_12454	19399	74.310	471	91	282
NC_037882.1	k141_12454	19399	78.409	264	55	213
NC_037882.1	k141_12454	19399	78.409	264	55	213
NC_037882.1	k141_12454	19399	86.885	61	8	75.2
NC_037882.1	k141_12454	19399	86.885	61	8	75.2
NC_037882.1	k141_9357	2865	89.789	284	24	382
NC_037882.1	k141_9357	2865	85.047	321	44	362
NC_037882.1	k141_8422	1091	78.348	351	52	295
NC_037882.1	k141_6407	2063	96.226	159	4	258
NC_037882.1	k141_6407	2063	96.226	159	4	258
NC_037882.1	k141_21596	1239	87.685	203	25	254
NC_037882.1	k141_19781	2680	92.143	140	11	204
NC_037882.1	k141_19781	2680	92.143	140	11	204
NC_037882.1	k141_14734	368	75.415	301	41	204
NC_037882.1	k141_14734	368	87.324	71	9	88.7
NC_037882.1	k141_35716	2115	67.634	655	192	199
NC_037882.1	k141_35716	2115	68.992	129	40	53.6
NC_037882.1	k141_22269	593	74.161	298	39	194
NC_037882.1	k141_38555	1906	87.417	151	19	187
NC_037882.1	k141_13190	1101	71.302	338	52	168
NC_037882.1	k141_21151	1374	83.784	148	15	159
NC_037882.1	k141_21151	1374	83.784	148	15	159
NC_037882.1	k141_21151	1374	97.059	68	2	114
NC_037882.1	k141_21151	1374	97.059	68	2	114
NC_037882.1	k141_13576	649	94.898	98	5	155
NC_037882.1	k141_23281	465	92.523	107	7	154
NC_037882.1	k141_37665	1519	81.290	155	11	148
NC_037882.1	k141_7961	1417	98.750	80	1	141
NC_037882.1	k141_32630	1297	96.386	83	3	137
NC_037882.1	k141_32630	1297	96.386	83	3	137
NC_037882.1	k141_763	630	95.238	84	4	134
NC_037882.1	k141_29393	334	74.302	179	38	114
NC_037882.1	k141_2688	4130	91.139	79	7	112
NC_037882.1	k141_42861	4167	71.978	182	47	94.2
NC_037882.1	k141_42861	4167	71.978	182	47	94.2
NC_037882.1	k141_34963	304	78.814	118	11	91.5
NC_037882.1	k141_34963	304	78.814	118	11	91.5
NC_037882.1	k141_1302	985	88.235	68	7	84.2
NC_037882.1	k141_1302	985	88.235	68	7	84.2
NC_037882.1	k141_20588	1229	80.220	91	17	80.6
NC_037882.1	k141_20588	1229	80.220	91	17	80.6
NC_037882.1	k141_34268	1335	81.250	80	15	77.9
NC_037882.1	k141_34171	1390	86.885	61	8	75.2
NC_037882.1	k141_34171	1390	86.885	61	8	75.2
NC_037882.1	k141_41297	322	87.500	56	7	70.7
NC_037882.1	k141_4292	486	100.000	34	0	62.6
NC_037882.1	k141_4292	486	100.000	34	0	62.6
NC_037882.1	k141_37213	5754	91.892	37	3	54.5
NC_037882.1	k141_38145	5594	80.702	57	11	54.5
NC_037882.1	k141_38145	5594	80.702	57	11	54.5
NC_056190.1	k141_36913	25197	95.669	8636	194	13898
NC_056190.1	k141_36913	25197	95.669	8636	194	13898
NC_056190.1	k141_36913	25197	92.830	9247	410	13762
NC_056190.1	k141_36913	25197	92.874	9220	404	13741
NC_056190.1	k141_36913	25197	93.054	6363	187	9546
NC_056190.1	k141_36913	25197	93.054	6363	187	9546
NC_056190.1	k141_36913	25197	93.361	979	49	1474
NC_056190.1	k141_36913	25197	93.361	979	49	1474
NC_056190.1	k141_36913	25197	97.561	41	1	70.7
NC_056190.1	k141_36913	25197	95.238	42	2	68.0
NC_056190.1	k141_36913	25197	95.238	42	2	68.0
NC_056190.1	k141_36913	25197	92.308	39	3	58.1
NC_056190.1	k141_36913	25197	89.474	38	4	51.8
NC_056190.1	k141_42639	65064	89.978	9858	732	13257
NC_056190.1	k141_42639	65064	83.714	6699	862	7148
NC_056190.1	k141_42639	65064	83.588	6355	678	6745
NC_056190.1	k141_42639	65064	85.637	5173	551	5914
NC_056190.1	k141_42639	65064	84.366	5002	533	5495
NC_056190.1	k141_42639	65064	82.664	5232	587	5338
NC_056190.1	k141_42639	65064	77.435	6067	801	4777
NC_056190.1	k141_42639	65064	83.198	2583	321	2678
NC_056190.1	k141_42639	65064	83.607	2318	211	2458
NC_056190.1	k141_42639	65064	79.173	2444	357	2106
NC_056190.1	k141_42639	65064	83.817	1792	220	1898
NC_056190.1	k141_42639	65064	90.594	1127	75	1534
NC_056190.1	k141_42639	65064	79.267	1418	181	1249
NC_056190.1	k141_42639	65064	81.907	1227	162	1177
NC_056190.1	k141_42639	65064	80.064	1259	173	1147
NC_056190.1	k141_42639	65064	74.058	1168	155	739
NC_056190.1	k141_42639	65064	73.748	659	126	384
NC_056190.1	k141_42639	65064	74.233	326	53	193
NC_056190.1	k141_42639	65064	93.043	115	7	168
NC_056190.1	k141_42639	65064	65.085	590	180	105
NC_056190.1	k141_42639	65064	74.172	151	39	97.8
NC_056190.1	k141_42639	65064	93.617	47	3	72.5
NC_056190.1	k141_42639	65064	95.238	42	2	68.0
NC_056190.1	k141_42639	65064	95.122	41	2	66.2
NC_056190.1	k141_42639	65064	95.122	41	2	66.2
NC_056190.1	k141_42639	65064	81.667	60	11	59.9
NC_056190.1	k141_42639	65064	89.744	39	4	53.6
NC_056190.1	k141_42639	65064	89.474	38	4	51.8
NC_056190.1	k141_42639	65064	89.474	38	4	51.8
NC_056190.1	k141_42639	65064	87.179	39	5	49.1
NC_056190.1	k141_42639	65064	74.286	70	18	46.4
NC_056190.1	k141_36880	18811	86.739	6372	658	7734
NC_056190.1	k141_36880	18811	82.040	3764	503	3712
NC_056190.1	k141_36880	18811	76.929	1413	201	1075
NC_056190.1	k141_36880	18811	77.879	1311	178	1032
NC_056190.1	k141_36880	18811	70.360	1498	233	697
NC_056190.1	k141_36880	18811	70.149	603	105	295
NC_056190.1	k141_36880	18811	86.344	227	20	267
NC_056190.1	k141_36880	18811	87.709	179	20	222
NC_056190.1	k141_36880	18811	90.141	142	13	190
NC_056190.1	k141_36880	18811	73.993	273	45	169
NC_056190.1	k141_36880	18811	93.043	115	7	168
NC_056190.1	k141_36880	18811	87.963	108	5	140
NC_056190.1	k141_36880	18811	82.716	81	13	80.6
NC_056190.1	k141_23510	18954	80.078	3870	601	3441
NC_056190.1	k141_23510	18954	79.604	3285	489	2878
NC_056190.1	k141_23510	18954	77.251	1688	242	1320
NC_056190.1	k141_23510	18954	69.393	1895	434	791
NC_056190.1	k141_23510	18954	71.492	898	183	433
NC_056190.1	k141_23510	18954	71.492	898	183	433
NC_056190.1	k141_23510	18954	76.374	546	71	389
NC_056190.1	k141_23510	18954	73.750	480	86	271
NC_056190.1	k141_23510	18954	92.199	141	11	205
NC_056190.1	k141_23510	18954	92.199	141	11	205
NC_056190.1	k141_23510	18954	78.392	199	20	164
NC_056190.1	k141_23510	18954	77.103	214	36	159
NC_056190.1	k141_23510	18954	75.362	138	34	96.9
NC_056190.1	k141_23510	18954	95.122	41	2	66.2
NC_056190.1	k141_23510	18954	95.122	41	2	66.2
NC_056190.1	k141_23510	18954	92.857	42	3	63.5
NC_056190.1	k141_23510	18954	89.474	38	4	51.8
NC_056190.1	k141_23510	18954	89.474	38	4	51.8
NC_056190.1	k141_20988	4325	89.381	565	38	751
NC_056190.1	k141_20988	4325	89.381	565	38	751
NC_056190.1	k141_14220	1138	79.772	613	80	524
NC_056190.1	k141_12454	19399	72.523	888	213	458
NC_056190.1	k141_12454	19399	72.523	888	213	458
NC_056190.1	k141_12454	19399	74.624	532	124	343
NC_056190.1	k141_12454	19399	74.624	532	124	343
NC_056190.1	k141_12454	19399	74.310	471	91	282
NC_056190.1	k141_12454	19399	74.310	471	91	282
NC_056190.1	k141_12454	19399	78.030	264	56	208
NC_056190.1	k141_12454	19399	78.030	264	56	208
NC_056190.1	k141_12454	19399	86.885	61	8	75.2
NC_056190.1	k141_12454	19399	86.885	61	8	75.2
NC_056190.1	k141_9357	2865	86.268	284	34	337
NC_056190.1	k141_9357	2865	80.117	342	52	307
NC_056190.1	k141_8422	1091	76.857	350	58	274
NC_056190.1	k141_6407	2063	96.855	159	3	262
NC_056190.1	k141_6407	2063	96.855	159	3	262
NC_056190.1	k141_35716	2115	66.812	919	242	259
NC_056190.1	k141_21596	1239	87.192	203	26	250
NC_056190.1	k141_19781	2680	92.143	140	11	204
NC_056190.1	k141_19781	2680	92.143	140	11	204
NC_056190.1	k141_21151	1374	89.116	147	10	195
NC_056190.1	k141_21151	1374	89.116	147	10	195
NC_056190.1	k141_21151	1374	98.529	68	1	119
NC_056190.1	k141_21151	1374	98.529	68	1	119
NC_056190.1	k141_38555	1906	86.429	140	19	168
NC_056190.1	k141_13576	649	91.304	115	5	163
NC_056190.1	k141_23281	465	91.589	107	8	150
NC_056190.1	k141_14734	368	71.096	301	52	147
NC_056190.1	k141_14734	368	88.732	71	8	93.3
NC_056190.1	k141_37665	1519	85.385	130	15	144
NC_056190.1	k141_763	630	96.429	84	3	139
NC_056190.1	k141_7961	1417	97.531	81	2	138
NC_056190.1	k141_32630	1297	95.181	83	4	132
NC_056190.1	k141_32630	1297	95.181	83	4	132
NC_056190.1	k141_2688	4130	93.590	78	5	119
NC_056190.1	k141_34963	304	81.081	111	15	103
NC_056190.1	k141_34963	304	81.081	111	15	103
NC_056190.1	k141_13190	1101	66.467	334	56	90.6
NC_056190.1	k141_1302	985	80.556	108	13	90.6
NC_056190.1	k141_1302	985	80.556	108	13	90.6
NC_056190.1	k141_42861	4167	71.429	182	48	89.7
NC_056190.1	k141_42861	4167	71.429	182	48	89.7
NC_056190.1	k141_20588	1229	80.220	91	17	80.6
NC_056190.1	k141_20588	1229	80.220	91	17	80.6
NC_056190.1	k141_34171	1390	86.885	61	8	75.2
NC_056190.1	k141_34171	1390	86.885	61	8	75.2
NC_056190.1	k141_4292	486	100.000	34	0	62.6
NC_056190.1	k141_4292	486	100.000	34	0	62.6
NC_056190.1	k141_38145	5594	80.702	57	11	54.5
NC_056190.1	k141_38145	5594	80.702	57	11	54.5
NC_056190.1	k141_3281	1584	78.947	57	12	50.0
MN564931.1	k141_36913	25197	94.991	8724	276	13715
MN564931.1	k141_36913	25197	94.991	8724	276	13715
MN564931.1	k141_36913	25197	91.654	6446	245	9306
MN564931.1	k141_36913	25197	91.654	6446	245	9306
MN564931.1	k141_36913	25197	85.264	5327	477	6107
MN564931.1	k141_36913	25197	85.264	5327	477	6107
MN564931.1	k141_36913	25197	92.222	2237	113	3247
MN564931.1	k141_36913	25197	92.222	2237	113	3247
MN564931.1	k141_36913	25197	89.439	606	41	803
MN564931.1	k141_36913	25197	89.439	606	41	803
MN564931.1	k141_36913	25197	85.069	576	59	658
MN564931.1	k141_36913	25197	85.069	576	59	658
MN564931.1	k141_36913	25197	88.174	482	42	618
MN564931.1	k141_36913	25197	88.174	482	42	618
MN564931.1	k141_36913	25197	92.615	325	24	479
MN564931.1	k141_36913	25197	92.615	325	24	479
MN564931.1	k141_36913	25197	100.000	42	0	77.0
MN564931.1	k141_36913	25197	87.097	62	6	69.8
MN564931.1	k141_36913	25197	87.097	62	6	69.8
MN564931.1	k141_36913	25197	91.489	47	4	68.0
MN564931.1	k141_36913	25197	91.489	47	4	68.0
MN564931.1	k141_36913	25197	92.857	42	3	63.5
MN564931.1	k141_36913	25197	86.842	38	5	47.3
MN564931.1	k141_42639	65064	88.215	9512	834	12107
MN564931.1	k141_42639	65064	82.292	10639	1269	10621
MN564931.1	k141_42639	65064	83.749	6178	822	6608
MN564931.1	k141_42639	65064	81.499	6486	805	6251
MN564931.1	k141_42639	65064	83.202	3298	382	3448
MN564931.1	k141_42639	65064	75.383	3591	493	2479
MN564931.1	k141_42639	65064	86.533	1901	221	2266
MN564931.1	k141_42639	65064	82.698	2202	282	2253
MN564931.1	k141_42639	65064	80.541	2364	277	2184
MN564931.1	k141_42639	65064	78.711	2499	380	2088
MN564931.1	k141_42639	65064	80.504	1626	215	1461
MN564931.1	k141_42639	65064	79.847	1568	237	1434
MN564931.1	k141_42639	65064	79.532	1153	170	976
MN564931.1	k141_42639	65064	76.442	1214	171	919
MN564931.1	k141_42639	65064	79.206	856	105	727
MN564931.1	k141_42639	65064	82.182	724	90	692
MN564931.1	k141_42639	65064	73.888	1034	160	612
MN564931.1	k141_42639	65064	76.829	738	114	522
MN564931.1	k141_42639	65064	69.658	936	180	353
MN564931.1	k141_42639	65064	74.713	435	79	281
MN564931.1	k141_42639	65064	79.276	304	47	266
MN564931.1	k141_42639	65064	78.966	290	52	248
MN564931.1	k141_42639	65064	87.958	191	19	236
MN564931.1	k141_42639	65064	78.205	234	26	197
MN564931.1	k141_42639	65064	87.919	149	12	185
MN564931.1	k141_42639	65064	68.788	330	89	126
MN564931.1	k141_42639	65064	73.939	165	43	104
MN564931.1	k141_42639	65064	97.619	42	1	72.5
MN564931.1	k141_42639	65064	97.561	41	1	70.7
MN564931.1	k141_42639	65064	97.561	41	1	70.7
MN564931.1	k141_42639	65064	73.786	103	25	58.1
MN564931.1	k141_42639	65064	88.095	42	5	54.5
MN564931.1	k141_42639	65064	82.979	47	8	50.0
MN564931.1	k141_42639	65064	87.179	39	5	49.1
MN564931.1	k141_42639	65064	86.842	38	5	47.3
MN564931.1	k141_42639	65064	86.842	38	5	47.3
MN564931.1	k141_42639	65064	72.857	70	19	41.9
MN564931.1	k141_42639	65064	71.084	83	18	39.2
MN564931.1	k141_36880	18811	85.439	6387	743	7341
MN564931.1	k141_36880	18811	81.245	3759	550	3574
MN564931.1	k141_36880	18811	77.112	1302	205	936
MN564931.1	k141_36880	18811	71.834	1445	202	799
MN564931.1	k141_36880	18811	71.707	873	172	412
MN564931.1	k141_36880	18811	76.500	400	60	293
MN564931.1	k141_36880	18811	88.517	209	18	261
MN564931.1	k141_36880	18811	72.603	292	52	174
MN564931.1	k141_36880	18811	74.510	255	45	163
MN564931.1	k141_36880	18811	90.909	110	10	154
MN564931.1	k141_36880	18811	100.000	81	0	147
MN564931.1	k141_36880	18811	88.764	89	9	113
MN564931.1	k141_23510	18954	80.601	4825	709	4425
MN564931.1	k141_23510	18954	83.260	2712	371	2816
MN564931.1	k141_23510	18954	81.563	2316	376	2231
MN564931.1	k141_23510	18954	84.169	1396	163	1511
MN564931.1	k141_23510	18954	78.984	571	105	489
MN564931.1	k141_23510	18954	78.984	571	105	489
MN564931.1	k141_23510	18954	75.207	484	90	355
MN564931.1	k141_23510	18954	75.207	484	90	355
MN564931.1	k141_23510	18954	86.260	262	32	310
MN564931.1	k141_23510	18954	85.572	201	29	233
MN564931.1	k141_23510	18954	85.572	201	29	233
MN564931.1	k141_23510	18954	91.791	134	11	193
MN564931.1	k141_23510	18954	91.791	134	11	193
MN564931.1	k141_23510	18954	78.603	229	43	185
MN564931.1	k141_23510	18954	78.603	229	43	185
MN564931.1	k141_23510	18954	65.119	754	176	177
MN564931.1	k141_23510	18954	65.119	754	176	177
MN564931.1	k141_23510	18954	86.842	76	10	93.3
MN564931.1	k141_23510	18954	86.842	76	10	93.3
MN564931.1	k141_23510	18954	69.753	162	36	75.2
MN564931.1	k141_23510	18954	69.753	162	36	75.2
MN564931.1	k141_23510	18954	90.566	53	5	74.3
MN564931.1	k141_23510	18954	97.561	41	1	70.7
MN564931.1	k141_23510	18954	97.561	41	1	70.7
MN564931.1	k141_23510	18954	95.238	42	2	68.0
MN564931.1	k141_23510	18954	87.179	39	5	49.1
MN564931.1	k141_23510	18954	87.179	39	5	49.1
MN564931.1	k141_23510	18954	86.842	38	5	47.3
MN564931.1	k141_23510	18954	86.842	38	5	47.3
MN564931.1	k141_20988	4325	87.748	555	50	702
MN564931.1	k141_20988	4325	87.748	555	50	702
MN564931.1	k141_12454	19399	72.634	877	209	456
MN564931.1	k141_12454	19399	72.634	877	209	456
MN564931.1	k141_12454	19399	74.060	532	127	330
MN564931.1	k141_12454	19399	74.060	532	127	330
MN564931.1	k141_12454	19399	74.946	467	95	281
MN564931.1	k141_12454	19399	74.946	467	95	281
MN564931.1	k141_12454	19399	79.167	264	53	222
MN564931.1	k141_12454	19399	79.167	264	53	222
MN564931.1	k141_12454	19399	86.885	61	8	75.2
MN564931.1	k141_12454	19399	86.885	61	8	75.2
MN564931.1	k141_9357	2865	86.408	309	41	365
MN564931.1	k141_9357	2865	84.507	284	39	315
MN564931.1	k141_14220	1138	77.865	384	51	300
MN564931.1	k141_14220	1138	80.220	182	20	168
MN564931.1	k141_35716	2115	67.282	813	227	267
MN564931.1	k141_6407	2063	96.855	159	3	262
MN564931.1	k141_6407	2063	96.855	159	3	262
MN564931.1	k141_8422	1091	81.739	230	38	225
MN564931.1	k141_21596	1239	84.236	203	32	223
MN564931.1	k141_21151	1374	91.892	148	12	214
MN564931.1	k141_21151	1374	91.892	148	12	214
MN564931.1	k141_21151	1374	95.714	70	3	113
MN564931.1	k141_21151	1374	95.714	70	3	113
MN564931.1	k141_22269	593	75.000	296	39	196
MN564931.1	k141_37665	1519	81.000	200	26	178
MN564931.1	k141_14734	368	71.622	296	63	148
MN564931.1	k141_14734	368	85.915	71	10	84.2
MN564931.1	k141_32630	1297	97.647	85	2	145
MN564931.1	k141_32630	1297	97.647	85	2	145
MN564931.1	k141_38555	1906	82.857	140	24	145
MN564931.1	k141_13576	649	94.505	91	5	142
MN564931.1	k141_23281	465	87.069	116	12	141
MN564931.1	k141_7961	1417	97.500	80	2	136
MN564931.1	k141_763	630	92.857	84	6	125
MN564931.1	k141_2688	4130	94.521	73	4	114
MN564931.1	k141_19781	2680	79.661	118	22	98.7
MN564931.1	k141_19781	2680	79.661	118	22	98.7
MN564931.1	k141_42861	4167	71.978	182	47	94.2
MN564931.1	k141_42861	4167	71.978	182	47	94.2
MN564931.1	k141_34963	304	78.095	105	23	86.9
MN564931.1	k141_34963	304	78.095	105	23	86.9
MN564931.1	k141_20588	1229	80.220	91	17	80.6
MN564931.1	k141_20588	1229	80.220	91	17	80.6
MN564931.1	k141_34171	1390	86.885	61	8	75.2
MN564931.1	k141_34171	1390	86.885	61	8	75.2
MN564931.1	k141_1302	985	85.484	62	9	72.5
MN564931.1	k141_1302	985	85.484	62	9	72.5
MN564931.1	k141_34268	1335	78.750	80	17	68.9
MN564931.1	k141_4292	486	100.000	34	0	62.6
MN564931.1	k141_4292	486	100.000	34	0	62.6
MN564931.1	k141_41297	322	83.929	56	9	61.7
MN564931.1	k141_38145	5594	80.702	57	11	54.5
MN564931.1	k141_38145	5594	80.702	57	11	54.5
NC_031651.1	k141_36913	25197	92.613	15244	579	22556
NC_031651.1	k141_36913	25197	92.613	15244	579	22556
NC_031651.1	k141_36913	25197	90.959	9269	582	13002
NC_031651.1	k141_36913	25197	91.456	9117	569	12984
NC_031651.1	k141_36913	25197	86.207	551	58	655
NC_031651.1	k141_36913	25197	84.777	381	39	421
NC_031651.1	k141_36913	25197	84.777	381	39	421
NC_031651.1	k141_36913	25197	92.174	115	9	168
NC_031651.1	k141_36913	25197	92.174	115	9	168
NC_031651.1	k141_36913	25197	87.931	58	7	74.3
NC_031651.1	k141_36913	25197	97.619	42	1	72.5
NC_031651.1	k141_36913	25197	97.619	42	1	72.5
NC_031651.1	k141_36913	25197	97.619	42	1	72.5
NC_031651.1	k141_42639	65064	85.393	12371	1254	14081
NC_031651.1	k141_42639	65064	78.951	13516	1865	11413
NC_031651.1	k141_42639	65064	83.860	6202	862	6644
NC_031651.1	k141_42639	65064	84.543	4574	527	5039
NC_031651.1	k141_42639	65064	85.441	2981	343	3385
NC_031651.1	k141_42639	65064	86.258	1892	204	2241
NC_031651.1	k141_42639	65064	77.464	2831	457	2172
NC_031651.1	k141_42639	65064	83.196	2065	301	2152
NC_031651.1	k141_42639	65064	80.049	1634	275	1479
NC_031651.1	k141_42639	65064	88.462	1066	85	1367
NC_031651.1	k141_42639	65064	76.101	1590	261	1150
NC_031651.1	k141_42639	65064	81.827	1007	138	956
NC_031651.1	k141_42639	65064	75.810	1203	166	831
NC_031651.1	k141_42639	65064	85.196	716	96	801
NC_031651.1	k141_42639	65064	82.849	723	107	738
NC_031651.1	k141_42639	65064	79.714	838	116	727
NC_031651.1	k141_42639	65064	75.053	946	155	603
NC_031651.1	k141_42639	65064	80.402	597	94	539
NC_031651.1	k141_42639	65064	72.573	649	98	364
NC_031651.1	k141_42639	65064	70.180	721	122	330
NC_031651.1	k141_42639	65064	70.428	514	91	216
NC_031651.1	k141_42639	65064	81.553	206	28	205
NC_031651.1	k141_42639	65064	85.802	162	12	186
NC_031651.1	k141_42639	65064	74.638	276	52	150
NC_031651.1	k141_42639	65064	67.363	383	113	130
NC_031651.1	k141_42639	65064	74.545	165	42	109
NC_031651.1	k141_42639	65064	97.561	41	1	70.7
NC_031651.1	k141_42639	65064	97.561	41	1	70.7
NC_031651.1	k141_42639	65064	97.368	38	1	65.3
NC_031651.1	k141_42639	65064	80.328	61	12	57.2
NC_031651.1	k141_42639	65064	89.474	38	4	51.8
NC_031651.1	k141_42639	65064	89.474	38	4	51.8
NC_031651.1	k141_42639	65064	82.500	40	7	41.9
NC_031651.1	k141_36880	18811	84.119	6385	815	6979
NC_031651.1	k141_36880	18811	79.373	3762	583	3244
NC_031651.1	k141_36880	18811	75.285	1489	229	985
NC_031651.1	k141_36880	18811	76.075	1233	191	866
NC_031651.1	k141_36880	18811	85.397	315	45	358
NC_031651.1	k141_36880	18811	79.538	303	40	260
NC_031651.1	k141_36880	18811	87.204	211	21	251
NC_031651.1	k141_36880	18811	76.210	248	44	173
NC_031651.1	k141_36880	18811	95.349	86	4	138
NC_031651.1	k141_36880	18811	93.421	76	5	115
NC_031651.1	k141_36880	18811	84.946	93	11	99.6
NC_031651.1	k141_36880	18811	73.529	136	31	79.7
NC_031651.1	k141_23510	18954	82.416	3344	488	3331
NC_031651.1	k141_23510	18954	82.531	2845	363	2885
NC_031651.1	k141_23510	18954	80.570	2244	408	2076
NC_031651.1	k141_23510	18954	84.245	1517	177	1620
NC_031651.1	k141_23510	18954	78.258	1297	211	1042
NC_031651.1	k141_23510	18954	65.858	2062	500	526
NC_031651.1	k141_23510	18954	70.158	697	176	299
NC_031651.1	k141_23510	18954	71.908	477	114	252
NC_031651.1	k141_23510	18954	83.843	229	37	247
NC_031651.1	k141_23510	18954	75.000	344	62	237
NC_031651.1	k141_23510	18954	87.234	141	18	174
NC_031651.1	k141_23510	18954	97.561	41	1	70.7
NC_031651.1	k141_23510	18954	97.561	41	1	70.7
NC_031651.1	k141_23510	18954	97.436	39	1	67.1
NC_031651.1	k141_23510	18954	86.000	50	7	59.9
NC_031651.1	k141_23510	18954	89.474	38	4	51.8
NC_031651.1	k141_23510	18954	89.474	38	4	51.8
NC_031651.1	k141_20988	4325	88.298	564	33	723
NC_031651.1	k141_20988	4325	88.298	564	33	723
NC_031651.1	k141_12454	19399	72.955	880	201	467
NC_031651.1	k141_12454	19399	72.955	880	201	467
NC_031651.1	k141_12454	19399	74.436	532	125	339
NC_031651.1	k141_12454	19399	74.436	532	125	339
NC_031651.1	k141_12454	19399	74.090	467	99	281
NC_031651.1	k141_12454	19399	74.090	467	99	281
NC_031651.1	k141_12454	19399	78.409	264	55	213
NC_031651.1	k141_12454	19399	78.409	264	55	213
NC_031651.1	k141_12454	19399	86.885	61	8	75.2
NC_031651.1	k141_12454	19399	86.885	61	8	75.2
NC_031651.1	k141_14220	1138	75.358	698	91	467
NC_031651.1	k141_9357	2865	83.451	284	42	301
NC_031651.1	k141_9357	2865	81.057	227	39	215
NC_031651.1	k141_6407	2063	96.226	159	4	258
NC_031651.1	k141_6407	2063	96.226	159	4	258
NC_031651.1	k141_21596	1239	87.805	205	25	258
NC_031651.1	k141_8422	1091	83.251	203	34	214
NC_031651.1	k141_8422	1091	84.483	58	9	65.3
NC_031651.1	k141_19781	2680	93.571	140	9	213
NC_031651.1	k141_19781	2680	93.571	140	9	213
NC_031651.1	k141_35716	2115	67.791	652	196	206
NC_031651.1	k141_35716	2115	69.466	131	40	57.2
NC_031651.1	k141_22269	593	74.086	301	43	196
NC_031651.1	k141_21151	1374	91.304	115	10	163
NC_031651.1	k141_21151	1374	91.304	115	10	163
NC_031651.1	k141_21151	1374	97.059	68	2	114
NC_031651.1	k141_21151	1374	97.059	68	2	114
NC_031651.1	k141_38555	1906	85.294	136	20	156
NC_031651.1	k141_23281	465	89.076	119	10	150
NC_031651.1	k141_13576	649	88.696	115	8	150
NC_031651.1	k141_37665	1519	93.617	94	6	143
NC_031651.1	k141_37665	1519	87.805	41	5	52.7
NC_031651.1	k141_763	630	95.238	84	4	134
NC_031651.1	k141_32630	1297	95.181	83	4	132
NC_031651.1	k141_32630	1297	95.181	83	4	132
NC_031651.1	k141_14734	368	69.360	297	58	115
NC_031651.1	k141_14734	368	88.732	71	8	93.3
NC_031651.1	k141_2688	4130	90.909	77	7	108
NC_031651.1	k141_7961	1417	100.000	55	0	100
NC_031651.1	k141_42861	4167	72.527	182	46	98.7
NC_031651.1	k141_42861	4167	72.527	182	46	98.7
NC_031651.1	k141_20588	1229	79.121	91	18	76.1
NC_031651.1	k141_20588	1229	79.121	91	18	76.1
NC_031651.1	k141_34268	1335	74.400	125	30	75.2
NC_031651.1	k141_34171	1390	86.885	61	8	75.2
NC_031651.1	k141_34171	1390	86.885	61	8	75.2
NC_031651.1	k141_4292	486	100.000	34	0	62.6
NC_031651.1	k141_4292	486	100.000	34	0	62.6
NC_031651.1	k141_1302	985	80.645	62	12	59.0
NC_031651.1	k141_34963	304	81.356	59	11	58.1
NC_031651.1	k141_38145	5594	80.702	57	11	54.5
NC_031651.1	k141_38145	5594	80.702	57	11	54.5
NC_031651.1	k141_33322	598	76.923	65	15	50.9
MW366789.1	k141_36913	25197	90.510	5290	326	7220
MW366789.1	k141_36913	25197	90.510	5290	326	7220
MW366789.1	k141_36913	25197	88.591	4628	368	5971
MW366789.1	k141_36913	25197	88.591	4628	368	5971
MW366789.1	k141_36913	25197	91.755	1795	100	2569
MW366789.1	k141_36913	25197	91.755	1795	100	2569
MW366789.1	k141_36913	25197	89.178	1728	145	2271
MW366789.1	k141_36913	25197	89.290	1718	145	2269
MW366789.1	k141_36913	25197	84.152	631	56	687
MW366789.1	k141_36913	25197	84.152	631	56	687
MW366789.1	k141_36913	25197	86.710	459	44	542
MW366789.1	k141_36913	25197	86.710	459	44	542
MW366789.1	k141_36913	25197	86.710	459	44	542
MW366789.1	k141_36913	25197	81.845	336	37	331
MW366789.1	k141_36913	25197	81.845	336	37	331
MW366789.1	k141_36913	25197	96.350	137	5	225
MW366789.1	k141_36913	25197	96.350	137	5	225
MW366789.1	k141_36913	25197	88.000	175	21	222
MW366789.1	k141_36913	25197	88.000	175	21	222
MW366789.1	k141_36913	25197	75.000	324	46	220
MW366789.1	k141_36913	25197	91.667	144	12	206
MW366789.1	k141_36913	25197	91.667	144	12	206
MW366789.1	k141_36913	25197	84.659	176	26	193
MW366789.1	k141_36913	25197	84.659	176	26	193
MW366789.1	k141_36913	25197	82.911	158	13	163
MW366789.1	k141_36913	25197	82.911	158	13	163
MW366789.1	k141_36913	25197	88.430	121	14	158
MW366789.1	k141_36913	25197	88.430	121	14	156
MW366789.1	k141_36913	25197	93.478	92	6	140
MW366789.1	k141_36913	25197	93.478	92	6	140
MW366789.1	k141_36913	25197	86.076	79	6	94.2
MW366789.1	k141_36913	25197	86.076	79	6	94.2
MW366789.1	k141_36913	25197	97.619	42	1	72.5
MW366789.1	k141_36913	25197	97.619	42	1	72.5
MW366789.1	k141_36913	25197	91.837	49	4	71.6
MW366789.1	k141_36913	25197	91.837	49	4	71.6
MW366789.1	k141_36913	25197	91.837	49	4	71.6
MW366789.1	k141_36913	25197	94.737	38	2	60.8
MW366789.1	k141_36913	25197	92.308	39	3	58.1
MW366789.1	k141_42639	65064	88.931	5222	537	6772
MW366789.1	k141_42639	65064	88.931	5222	537	6772
MW366789.1	k141_42639	65064	80.284	4646	694	4175
MW366789.1	k141_42639	65064	89.287	2707	266	3556
MW366789.1	k141_42639	65064	80.031	2549	414	2280
MW366789.1	k141_42639	65064	85.033	1951	286	2195
MW366789.1	k141_42639	65064	87.251	1655	202	2020
MW366789.1	k141_42639	65064	80.548	1933	344	1780
MW366789.1	k141_42639	65064	82.657	1724	274	1753
MW366789.1	k141_42639	65064	78.674	1946	380	1594
MW366789.1	k141_42639	65064	74.676	2081	431	1329
MW366789.1	k141_42639	65064	78.121	1682	256	1305
MW366789.1	k141_42639	65064	72.752	2202	422	1224
MW366789.1	k141_42639	65064	83.243	1104	141	1152
MW366789.1	k141_42639	65064	86.348	857	107	1010
MW366789.1	k141_42639	65064	79.508	1098	155	939
MW366789.1	k141_42639	65064	75.945	952	173	636
MW366789.1	k141_42639	65064	79.760	667	123	588
MW366789.1	k141_42639	65064	70.599	1119	190	526
MW366789.1	k141_42639	65064	70.179	1120	246	499
MW366789.1	k141_42639	65064	73.341	859	150	489
MW366789.1	k141_42639	65064	85.337	416	53	470
MW366789.1	k141_42639	65064	75.867	663	114	444
MW366789.1	k141_42639	65064	71.567	823	176	433
MW366789.1	k141_42639	65064	74.057	663	147	398
MW366789.1	k141_42639	65064	75.770	487	118	347
MW366789.1	k141_42639	65064	72.454	599	145	324
MW366789.1	k141_42639	65064	83.019	318	43	323
MW366789.1	k141_42639	65064	77.069	423	66	318
MW366789.1	k141_42639	65064	77.069	423	66	318
MW366789.1	k141_42639	65064	72.123	617	120	308
MW366789.1	k141_42639	65064	84.549	233	34	256
MW366789.1	k141_42639	65064	81.550	271	36	250
MW366789.1	k141_42639	65064	66.938	859	207	231
MW366789.1	k141_42639	65064	83.000	200	24	208
MW366789.1	k141_42639	65064	82.464	211	32	205
MW366789.1	k141_42639	65064	78.099	242	43	185
MW366789.1	k141_42639	65064	77.273	242	45	176
MW366789.1	k141_42639	65064	87.770	139	12	170
MW366789.1	k141_42639	65064	91.346	104	9	148
MW366789.1	k141_42639	65064	83.099	142	23	145
MW366789.1	k141_42639	65064	74.059	239	42	143
MW366789.1	k141_42639	65064	79.191	173	27	141
MW366789.1	k141_42639	65064	71.605	243	42	121
MW366789.1	k141_42639	65064	83.333	114	19	121
MW366789.1	k141_42639	65064	93.506	77	5	117
MW366789.1	k141_42639	65064	67.733	344	102	115
MW366789.1	k141_42639	65064	67.733	344	102	115
MW366789.1	k141_42639	65064	87.234	94	8	111
MW366789.1	k141_42639	65064	74.545	165	42	109
MW366789.1	k141_42639	65064	74.545	165	42	109
MW366789.1	k141_42639	65064	91.781	73	5	102
MW366789.1	k141_42639	65064	90.278	72	7	99.6
MW366789.1	k141_42639	65064	76.190	126	30	93.3
MW366789.1	k141_42639	65064	76.190	126	30	93.3
MW366789.1	k141_42639	65064	84.337	83	11	85.1
MW366789.1	k141_42639	65064	82.432	74	13	76.1
MW366789.1	k141_42639	65064	79.104	67	14	59.0
MW366789.1	k141_42639	65064	79.104	67	14	59.0
MW366789.1	k141_42639	65064	82.000	50	9	50.9
MW366789.1	k141_42639	65064	81.633	49	9	49.1
MW366789.1	k141_42639	65064	68.966	116	36	48.2
MW366789.1	k141_42639	65064	68.966	116	36	48.2
MW366789.1	k141_42639	65064	86.842	38	5	47.3
MW366789.1	k141_42639	65064	86.842	38	5	47.3
MW366789.1	k141_36880	18811	78.080	6396	1121	5166
MW366789.1	k141_36880	18811	75.800	3748	713	2571
MW366789.1	k141_36880	18811	70.438	707	132	304
MW366789.1	k141_36880	18811	73.624	527	87	299
MW366789.1	k141_36880	18811	80.503	318	47	277
MW366789.1	k141_36880	18811	76.862	376	60	248
MW366789.1	k141_36880	18811	79.487	273	49	233
MW366789.1	k141_36880	18811	74.044	366	68	207
MW366789.1	k141_36880	18811	82.439	205	32	203
MW366789.1	k141_36880	18811	93.750	96	6	147
MW366789.1	k141_36880	18811	96.629	89	1	145
MW366789.1	k141_36880	18811	96.629	89	1	145
MW366789.1	k141_36880	18811	85.149	101	12	113
MW366789.1	k141_36880	18811	85.567	97	13	109
MW366789.1	k141_36880	18811	75.735	136	27	94.2
MW366789.1	k141_36880	18811	87.671	73	9	92.4
MW366789.1	k141_36880	18811	73.684	133	29	79.7
MW366789.1	k141_36880	18811	85.484	62	9	72.5
MW366789.1	k141_36880	18811	85.484	62	9	72.5
MW366789.1	k141_23510	18954	81.514	4360	626	4158
MW366789.1	k141_23510	18954	81.514	4360	626	4158
MW366789.1	k141_23510	18954	80.053	1895	364	1700
MW366789.1	k141_23510	18954	76.413	2247	472	1626
MW366789.1	k141_23510	18954	72.118	1223	239	707
MW366789.1	k141_23510	18954	81.463	615	112	593
MW366789.1	k141_23510	18954	81.463	615	112	593
MW366789.1	k141_23510	18954	78.747	367	72	298
MW366789.1	k141_23510	18954	95.122	41	2	66.2
MW366789.1	k141_23510	18954	83.019	53	9	56.3
MW366789.1	k141_23510	18954	86.842	38	5	47.3
MW366789.1	k141_23510	18954	86.842	38	5	47.3
MW366789.1	k141_12454	19399	72.103	889	207	437
MW366789.1	k141_12454	19399	72.103	889	207	437
MW366789.1	k141_12454	19399	74.060	532	127	330
MW366789.1	k141_12454	19399	74.060	532	127	330
MW366789.1	k141_12454	19399	75.375	467	95	293
MW366789.1	k141_12454	19399	75.375	467	95	293
MW366789.1	k141_12454	19399	90.164	61	6	84.2
MW366789.1	k141_12454	19399	90.164	61	6	84.2
MW366789.1	k141_12454	19399	88.525	61	7	79.7
MW366789.1	k141_12454	19399	88.525	61	7	79.7
MW366789.1	k141_12454	19399	84.783	46	7	52.7
MW366789.1	k141_12454	19399	84.783	46	7	52.7
MW366789.1	k141_14220	1138	71.817	589	112	309
MW366789.1	k141_6407	2063	94.304	158	7	242
MW366789.1	k141_6407	2063	94.304	158	7	242
MW366789.1	k141_35716	2115	66.939	735	198	222
MW366789.1	k141_21596	1239	83.929	168	27	182
MW366789.1	k141_21596	1239	83.929	168	27	182
MW366789.1	k141_9357	2865	76.884	199	46	152
MW366789.1	k141_9357	2865	78.977	176	37	151
MW366789.1	k141_23281	465	94.792	96	5	151
MW366789.1	k141_23281	465	94.792	96	5	151
MW366789.1	k141_7961	1417	97.561	82	2	140
MW366789.1	k141_7961	1417	97.561	82	2	140
MW366789.1	k141_37665	1519	84.426	122	18	132
MW366789.1	k141_37665	1519	85.366	41	6	48.2
MW366789.1	k141_22269	593	71.648	261	50	128
MW366789.1	k141_13576	649	84.956	113	12	128
MW366789.1	k141_38555	1906	77.703	148	33	119
MW366789.1	k141_8422	1091	70.886	237	48	118
MW366789.1	k141_32630	1297	94.667	75	4	118
MW366789.1	k141_32630	1297	94.667	75	4	118
MW366789.1	k141_21151	1374	96.923	65	2	109
MW366789.1	k141_21151	1374	96.923	65	2	109
MW366789.1	k141_2688	4130	91.026	78	6	106
MW366789.1	k141_763	630	86.747	83	11	101
MW366789.1	k141_763	630	86.747	83	11	101
MW366789.1	k141_34171	1390	90.164	61	6	84.2
MW366789.1	k141_34171	1390	90.164	61	6	84.2
MW366789.1	k141_34171	1390	88.525	61	7	79.7
MW366789.1	k141_34171	1390	88.525	61	7	79.7
MW366789.1	k141_14734	368	84.507	71	11	79.7
MW366789.1	k141_14734	368	89.091	55	6	73.4
MW366789.1	k141_20588	1229	79.121	91	18	76.1
MW366789.1	k141_20588	1229	79.121	91	18	76.1
MW366789.1	k141_34268	1335	76.404	89	21	67.1
MW366789.1	k141_13120	3839	85.455	55	8	64.4
MW366789.1	k141_38145	5594	81.250	64	12	62.6
MW366789.1	k141_38145	5594	81.250	64	12	62.6
MW366789.1	k141_38145	5594	73.626	91	24	57.2
MW366789.1	k141_38145	5594	73.626	91	24	57.2
MW366789.1	k141_41297	322	84.615	52	8	59.0
MW366789.1	k141_41297	322	84.615	52	8	59.0
MW366789.1	k141_3281	1584	77.193	57	13	45.5
MW366789.1	k141_28402	496	79.592	49	10	44.6
KT899950.1	k141_36913	25197	92.944	15433	581	22966
KT899950.1	k141_36913	25197	92.944	15433	581	22966
KT899950.1	k141_36913	25197	90.419	9279	592	12836
KT899950.1	k141_36913	25197	90.681	9164	582	12773
KT899950.1	k141_36913	25197	91.340	970	57	1378
KT899950.1	k141_36913	25197	91.340	970	57	1378
KT899950.1	k141_36913	25197	95.238	42	2	68.0
KT899950.1	k141_36913	25197	95.238	42	2	68.0
KT899950.1	k141_36913	25197	94.872	39	2	62.6
KT899950.1	k141_36913	25197	86.842	38	5	47.3
KT899950.1	k141_42639	65064	80.451	10282	1351	9291
KT899950.1	k141_42639	65064	89.186	5918	510	7738
KT899950.1	k141_42639	65064	82.350	6255	894	6304
KT899950.1	k141_42639	65064	85.928	4271	482	4988
KT899950.1	k141_42639	65064	91.733	2625	201	3753
KT899950.1	k141_42639	65064	80.377	3975	573	3623
KT899950.1	k141_42639	65064	83.553	2888	352	3030
KT899950.1	k141_42639	65064	86.649	1880	219	2252
KT899950.1	k141_42639	65064	82.934	2127	241	2188
KT899950.1	k141_42639	65064	82.785	2126	304	2159
KT899950.1	k141_42639	65064	76.575	2412	403	1760
KT899950.1	k141_42639	65064	87.603	1097	86	1370
KT899950.1	k141_42639	65064	84.298	1261	168	1369
KT899950.1	k141_42639	65064	74.464	1586	237	1051
KT899950.1	k141_42639	65064	81.598	989	122	937
KT899950.1	k141_42639	65064	78.250	1154	163	899
KT899950.1	k141_42639	65064	85.442	735	98	829
KT899950.1	k141_42639	65064	84.418	584	62	629
KT899950.1	k141_42639	65064	75.995	804	92	563
KT899950.1	k141_42639	65064	80.920	587	90	525
KT899950.1	k141_42639	65064	74.969	795	119	506
KT899950.1	k141_42639	65064	73.479	641	122	348
KT899950.1	k141_42639	65064	89.140	221	23	288
KT899950.1	k141_42639	65064	81.159	276	45	261
KT899950.1	k141_42639	65064	79.216	255	33	217
KT899950.1	k141_42639	65064	73.981	319	48	197
KT899950.1	k141_42639	65064	76.419	229	36	159
KT899950.1	k141_42639	65064	81.757	148	15	148
KT899950.1	k141_42639	65064	76.364	165	39	123
KT899950.1	k141_42639	65064	91.892	74	6	107
KT899950.1	k141_42639	65064	66.404	381	110	104
KT899950.1	k141_42639	65064	97.561	41	1	70.7
KT899950.1	k141_42639	65064	97.561	41	1	70.7
KT899950.1	k141_42639	65064	69.880	166	38	68.0
KT899950.1	k141_42639	65064	87.179	39	5	49.1
KT899950.1	k141_42639	65064	86.842	38	5	47.3
KT899950.1	k141_42639	65064	86.842	38	5	47.3
KT899950.1	k141_42639	65064	74.286	70	18	46.4
KT899950.1	k141_42639	65064	73.438	64	17	40.1
KT899950.1	k141_36880	18811	85.315	6340	780	7224
KT899950.1	k141_36880	18811	80.705	3374	498	3135
KT899950.1	k141_36880	18811	75.868	1268	187	889
KT899950.1	k141_36880	18811	77.984	754	108	588
KT899950.1	k141_36880	18811	83.898	354	48	372
KT899950.1	k141_36880	18811	77.979	386	50	309
KT899950.1	k141_36880	18811	80.192	313	44	279
KT899950.1	k141_36880	18811	90.533	169	16	233
KT899950.1	k141_36880	18811	75.556	315	44	193
KT899950.1	k141_36880	18811	77.682	233	38	177
KT899950.1	k141_36880	18811	100.000	78	0	141
KT899950.1	k141_36880	18811	92.473	93	7	137
KT899950.1	k141_36880	18811	79.231	130	22	109
KT899950.1	k141_23510	18954	84.211	2717	352	2910
KT899950.1	k141_23510	18954	79.029	2904	439	2429
KT899950.1	k141_23510	18954	80.979	2350	404	2217
KT899950.1	k141_23510	18954	84.708	2001	289	2214
KT899950.1	k141_23510	18954	77.717	1279	204	1028
KT899950.1	k141_23510	18954	66.200	2216	522	577
KT899950.1	k141_23510	18954	74.111	703	165	432
KT899950.1	k141_23510	18954	78.507	335	45	291
KT899950.1	k141_23510	18954	78.507	335	45	291
KT899950.1	k141_23510	18954	72.789	441	102	240
KT899950.1	k141_23510	18954	92.537	134	10	197
KT899950.1	k141_23510	18954	92.537	134	10	197
KT899950.1	k141_23510	18954	75.000	116	23	80.6
KT899950.1	k141_23510	18954	97.561	41	1	70.7
KT899950.1	k141_23510	18954	97.561	41	1	70.7
KT899950.1	k141_23510	18954	95.238	42	2	68.0
KT899950.1	k141_23510	18954	86.842	38	5	47.3
KT899950.1	k141_23510	18954	86.842	38	5	47.3
KT899950.1	k141_20988	4325	89.184	564	34	749
KT899950.1	k141_20988	4325	89.184	564	34	749
KT899950.1	k141_12454	19399	72.976	877	206	470
KT899950.1	k141_12454	19399	72.976	877	206	470
KT899950.1	k141_12454	19399	74.436	532	125	339
KT899950.1	k141_12454	19399	74.436	532	125	339
KT899950.1	k141_12454	19399	74.522	471	90	287
KT899950.1	k141_12454	19399	74.522	471	90	287
KT899950.1	k141_12454	19399	78.409	264	55	213
KT899950.1	k141_12454	19399	78.409	264	55	213
KT899950.1	k141_12454	19399	86.885	61	8	75.2
KT899950.1	k141_12454	19399	86.885	61	8	75.2
KT899950.1	k141_14220	1138	76.296	675	89	466
KT899950.1	k141_9357	2865	85.409	281	36	323
KT899950.1	k141_9357	2865	76.825	315	56	233
KT899950.1	k141_8422	1091	78.693	352	50	302
KT899950.1	k141_6407	2063	96.835	158	3	260
KT899950.1	k141_6407	2063	96.835	158	3	260
KT899950.1	k141_22269	593	79.323	266	31	236
KT899950.1	k141_21596	1239	86.598	194	26	233
KT899950.1	k141_35716	2115	69.977	443	125	189
KT899950.1	k141_35716	2115	77.528	89	20	71.6
KT899950.1	k141_19781	2680	90.977	133	12	187
KT899950.1	k141_19781	2680	90.977	133	12	187
KT899950.1	k141_38555	1906	88.571	140	16	181
KT899950.1	k141_37665	1519	73.529	340	57	179
KT899950.1	k141_37665	1519	71.244	386	69	176
KT899950.1	k141_21151	1374	83.784	148	19	155
KT899950.1	k141_21151	1374	83.784	148	19	155
KT899950.1	k141_21151	1374	94.286	70	4	109
KT899950.1	k141_21151	1374	94.286	70	4	109
KT899950.1	k141_13576	649	88.596	114	8	148
KT899950.1	k141_23281	465	90.566	106	9	143
KT899950.1	k141_32630	1297	96.471	85	3	141
KT899950.1	k141_32630	1297	96.471	85	3	141
KT899950.1	k141_763	630	95.238	84	4	134
KT899950.1	k141_7961	1417	97.436	78	2	132
KT899950.1	k141_14734	368	70.569	299	64	124
KT899950.1	k141_14734	368	84.058	69	11	76.1
KT899950.1	k141_14734	368	82.051	39	7	40.1
KT899950.1	k141_2688	4130	93.506	77	5	117
KT899950.1	k141_42861	4167	71.978	182	47	94.2
KT899950.1	k141_42861	4167	71.978	182	47	94.2
KT899950.1	k141_34963	304	77.143	105	12	88.7
KT899950.1	k141_34963	304	77.143	105	12	88.7
KT899950.1	k141_1302	985	88.710	62	7	81.5
KT899950.1	k141_1302	985	88.710	62	7	81.5
KT899950.1	k141_34171	1390	86.885	61	8	75.2
KT899950.1	k141_34171	1390	86.885	61	8	75.2
KT899950.1	k141_34268	1335	80.000	80	16	73.4
KT899950.1	k141_20588	1229	78.022	91	19	71.6
KT899950.1	k141_20588	1229	78.022	91	19	71.6
KT899950.1	k141_29393	334	68.715	179	48	65.3
KT899950.1	k141_41297	322	82.258	62	11	63.5
KT899950.1	k141_4292	486	100.000	34	0	62.6
KT899950.1	k141_4292	486	100.000	34	0	62.6
KT899950.1	k141_38145	5594	81.250	64	12	62.6
KT899950.1	k141_38145	5594	81.250	64	12	62.6
KT899950.1	k141_38145	5594	80.702	57	11	54.5
KT899950.1	k141_38145	5594	80.702	57	11	54.5
KT899950.1	k141_37213	5754	94.595	37	2	59.0
GU191334.1	k141_36913	25197	90.534	3391	245	4647
GU191334.1	k141_36913	25197	90.534	3391	245	4647
GU191334.1	k141_36913	25197	83.027	3812	413	3912
GU191334.1	k141_36913	25197	83.027	3812	413	3912
GU191334.1	k141_36913	25197	75.826	666	154	464
GU191334.1	k141_36913	25197	75.566	442	108	311
GU191334.1	k141_36913	25197	72.328	524	145	292
GU191334.1	k141_36913	25197	71.815	518	142	276
GU191334.1	k141_36913	25197	77.273	308	70	241
GU191334.1	k141_36913	25197	88.485	165	16	206
GU191334.1	k141_36913	25197	88.485	165	16	206
GU191334.1	k141_36913	25197	94.937	79	4	125
GU191334.1	k141_36913	25197	94.937	79	4	125
GU191334.1	k141_36913	25197	89.286	84	9	112
GU191334.1	k141_36913	25197	90.667	75	7	104
GU191334.1	k141_36913	25197	90.667	75	7	104
GU191334.1	k141_36913	25197	89.474	76	8	102
GU191334.1	k141_36913	25197	86.957	46	6	57.2
GU191334.1	k141_42639	65064	81.894	4540	820	4475
GU191334.1	k141_42639	65064	83.659	2460	397	2616
GU191334.1	k141_42639	65064	83.878	1439	232	1550
GU191334.1	k141_42639	65064	80.575	1565	302	1450
GU191334.1	k141_42639	65064	78.676	1707	355	1424
GU191334.1	k141_42639	65064	73.247	2325	530	1369
GU191334.1	k141_42639	65064	82.885	707	111	730
GU191334.1	k141_42639	65064	76.629	890	204	654
GU191334.1	k141_42639	65064	72.744	1119	295	635
GU191334.1	k141_42639	65064	74.918	913	192	617
GU191334.1	k141_42639	65064	82.648	559	90	560
GU191334.1	k141_42639	65064	76.648	728	156	519
GU191334.1	k141_42639	65064	80.295	543	105	495
GU191334.1	k141_42639	65064	73.631	694	179	422
GU191334.1	k141_42639	65064	75.606	619	102	417
GU191334.1	k141_42639	65064	68.080	1156	299	395
GU191334.1	k141_42639	65064	77.980	495	107	395
GU191334.1	k141_42639	65064	65.726	1453	392	372
GU191334.1	k141_42639	65064	70.741	769	218	361
GU191334.1	k141_42639	65064	77.753	445	94	348
GU191334.1	k141_42639	65064	78.747	367	78	311
GU191334.1	k141_42639	65064	82.490	257	45	261
GU191334.1	k141_42639	65064	69.219	666	195	251
GU191334.1	k141_42639	65064	72.512	422	116	239
GU191334.1	k141_42639	65064	70.246	447	100	210
GU191334.1	k141_42639	65064	74.751	301	76	201
GU191334.1	k141_42639	65064	69.311	479	112	188
GU191334.1	k141_42639	65064	79.426	209	43	184
GU191334.1	k141_42639	65064	68.468	444	105	179
GU191334.1	k141_42639	65064	78.241	216	44	168
GU191334.1	k141_42639	65064	79.058	191	40	165
GU191334.1	k141_42639	65064	74.312	218	56	141
GU191334.1	k141_42639	65064	69.082	414	98	139
GU191334.1	k141_42639	65064	80.000	145	16	134
GU191334.1	k141_42639	65064	80.882	136	26	129
GU191334.1	k141_42639	65064	82.927	123	21	128
GU191334.1	k141_42639	65064	92.045	88	6	124
GU191334.1	k141_42639	65064	69.128	298	92	123
GU191334.1	k141_42639	65064	90.000	90	9	123
GU191334.1	k141_42639	65064	93.671	79	5	121
GU191334.1	k141_42639	65064	95.890	73	3	119
GU191334.1	k141_42639	65064	75.758	165	40	118
GU191334.1	k141_42639	65064	89.773	88	8	115
GU191334.1	k141_42639	65064	79.389	131	22	111
GU191334.1	k141_42639	65064	89.157	83	9	110
GU191334.1	k141_42639	65064	75.676	148	21	101
GU191334.1	k141_42639	65064	88.312	77	9	99.6
GU191334.1	k141_42639	65064	75.373	134	30	92.4
GU191334.1	k141_42639	65064	78.151	119	18	87.8
GU191334.1	k141_42639	65064	72.941	170	42	86.0
GU191334.1	k141_42639	65064	66.071	224	31	80.6
GU191334.1	k141_42639	65064	74.336	113	29	74.3
GU191334.1	k141_42639	65064	78.313	83	18	69.8
GU191334.1	k141_42639	65064	85.000	60	6	67.1
GU191334.1	k141_42639	65064	77.143	70	16	55.4
GU191334.1	k141_42639	65064	85.714	42	6	50.0
GU191334.1	k141_36880	18811	69.625	3684	1020	1499
GU191334.1	k141_36880	18811	83.089	1431	188	1449
GU191334.1	k141_36880	18811	70.458	1310	355	589
GU191334.1	k141_36880	18811	79.104	134	28	116
GU191334.1	k141_36880	18811	92.105	76	6	111
GU191334.1	k141_36880	18811	91.892	74	6	107
GU191334.1	k141_36880	18811	90.123	81	7	107
GU191334.1	k141_36880	18811	88.235	85	8	106
GU191334.1	k141_36880	18811	80.000	90	18	82.4
GU191334.1	k141_36880	18811	84.507	71	11	79.7
GU191334.1	k141_36880	18811	79.545	88	18	78.8
GU191334.1	k141_36880	18811	76.238	101	24	75.2
GU191334.1	k141_36880	18811	85.417	48	6	52.7
GU191334.1	k141_23510	18954	76.477	1743	400	1273
GU191334.1	k141_23510	18954	70.858	1829	492	870
GU191334.1	k141_23510	18954	75.085	1172	242	739
GU191334.1	k141_23510	18954	74.035	1140	282	708
GU191334.1	k141_23510	18954	67.611	812	224	251
GU191334.1	k141_23510	18954	74.598	311	79	205
GU191334.1	k141_23510	18954	92.593	81	6	120
GU191334.1	k141_23510	18954	78.704	108	23	92.4
GU191334.1	k141_23510	18954	68.966	232	70	87.8
GU191334.1	k141_23510	18954	73.228	127	32	69.8
GU191334.1	k141_12454	19399	73.043	894	198	475
GU191334.1	k141_12454	19399	73.043	894	198	475
GU191334.1	k141_12454	19399	74.388	531	127	335
GU191334.1	k141_12454	19399	74.388	531	127	335
GU191334.1	k141_12454	19399	74.304	467	98	281
GU191334.1	k141_12454	19399	74.304	467	98	281
GU191334.1	k141_12454	19399	78.030	264	56	208
GU191334.1	k141_12454	19399	78.030	264	56	208
GU191334.1	k141_12454	19399	88.525	61	7	79.7
GU191334.1	k141_12454	19399	88.525	61	7	79.7
GU191334.1	k141_35716	2115	67.730	815	220	269
GU191334.1	k141_6407	2063	93.671	158	7	234
GU191334.1	k141_6407	2063	93.671	158	7	234
GU191334.1	k141_9357	2865	74.569	232	54	153
GU191334.1	k141_2688	4130	97.297	74	2	125
GU191334.1	k141_37665	1519	94.737	76	4	120
GU191334.1	k141_14220	1138	86.957	92	8	112
GU191334.1	k141_14220	1138	88.608	79	9	103
GU191334.1	k141_13576	649	81.905	105	14	104
GU191334.1	k141_7961	1417	87.342	79	10	98.7
GU191334.1	k141_32630	1297	87.838	74	9	94.2
GU191334.1	k141_32630	1297	87.838	74	9	94.2
GU191334.1	k141_21151	1374	90.909	66	6	93.3
GU191334.1	k141_21151	1374	90.909	66	6	93.3
GU191334.1	k141_23281	465	79.412	102	20	86.9
GU191334.1	k141_34171	1390	88.525	61	7	79.7
GU191334.1	k141_34171	1390	88.525	61	7	79.7
GU191334.1	k141_763	630	79.518	83	17	74.3
GU191334.1	k141_34268	1335	79.012	81	17	70.7
GU191334.1	k141_38145	5594	81.250	64	12	62.6
GU191334.1	k141_38145	5594	81.250	64	12	62.6
GU191334.1	k141_14734	368	78.873	71	15	61.7
GU191334.1	k141_4292	486	100.000	32	0	59.0
GU191334.1	k141_4292	486	100.000	32	0	59.0
GU191334.1	k141_14206	317	89.474	38	3	48.2
GU191334.1	k141_37213	5754	84.211	38	6	42.8
GU191334.1	k141_39852	1185	82.927	41	6	40.1
GU191334.1	k141_30383	960	82.927	41	6	40.1
