MZ962720.1	k141_20315	34498	90.941	7661	440	10669
MZ962720.1	k141_20315	34498	90.941	7661	440	10669
MZ962720.1	k141_20315	34498	88.118	3198	217	4098
MZ962720.1	k141_20315	34498	88.118	3198	217	4098
MZ962720.1	k141_20315	34498	80.905	2828	449	2622
MZ962720.1	k141_20315	34498	80.905	2828	449	2622
MZ962720.1	k141_20315	34498	87.759	1740	161	2176
MZ962720.1	k141_20315	34498	87.759	1740	161	2176
MZ962720.1	k141_20315	34498	85.845	1752	176	2026
MZ962720.1	k141_20315	34498	85.845	1752	176	2026
MZ962720.1	k141_20315	34498	82.776	778	68	810
MZ962720.1	k141_20315	34498	89.003	291	28	380
MZ962720.1	k141_20315	34498	89.003	291	28	380
MZ962720.1	k141_20315	34498	85.893	319	39	370
MZ962720.1	k141_20315	34498	85.893	319	39	370
MZ962720.1	k141_20315	34498	86.307	241	27	283
MZ962720.1	k141_20315	34498	86.307	241	27	283
MZ962720.1	k141_20315	34498	83.761	234	27	252
MZ962720.1	k141_20315	34498	73.958	384	48	249
MZ962720.1	k141_20315	34498	73.958	384	48	249
MZ962720.1	k141_20315	34498	80.460	261	30	242
MZ962720.1	k141_20315	34498	80.460	261	30	242
MZ962720.1	k141_20315	34498	84.541	207	32	230
MZ962720.1	k141_20315	34498	84.541	207	32	230
MZ962720.1	k141_20315	34498	84.615	91	9	102
MZ962720.1	k141_20315	34498	85.366	82	8	94.2
MZ962720.1	k141_20315	34498	85.366	82	8	94.2
MZ962720.1	k141_20315	34498	97.959	49	1	85.1
MZ962720.1	k141_20315	34498	97.959	49	1	85.1
MZ962720.1	k141_30947	84587	79.237	8438	1502	7224
MZ962720.1	k141_30947	84587	87.945	5193	568	6519
MZ962720.1	k141_30947	84587	88.934	2711	277	3522
MZ962720.1	k141_30947	84587	80.884	2987	397	2772
MZ962720.1	k141_30947	84587	77.607	3568	591	2714
MZ962720.1	k141_30947	84587	84.531	2004	283	2219
MZ962720.1	k141_30947	84587	77.520	2629	425	1979
MZ962720.1	k141_30947	84587	87.609	1485	184	1849
MZ962720.1	k141_30947	84587	80.208	1829	300	1646
MZ962720.1	k141_30947	84587	78.349	1963	367	1600
MZ962720.1	k141_30947	84587	90.769	1105	100	1526
MZ962720.1	k141_30947	84587	73.279	2208	341	1331
MZ962720.1	k141_30947	84587	74.630	2026	410	1305
MZ962720.1	k141_30947	84587	76.208	1593	321	1113
MZ962720.1	k141_30947	84587	80.431	1252	183	1111
MZ962720.1	k141_30947	84587	85.942	754	105	879
MZ962720.1	k141_30947	84587	68.350	2455	586	831
MZ962720.1	k141_30947	84587	80.738	732	121	672
MZ962720.1	k141_30947	84587	75.075	999	158	618
MZ962720.1	k141_30947	84587	72.793	963	206	571
MZ962720.1	k141_30947	84587	84.579	428	48	460
MZ962720.1	k141_30947	84587	69.106	1230	260	443
MZ962720.1	k141_30947	84587	74.422	692	96	429
MZ962720.1	k141_30947	84587	76.377	563	133	416
MZ962720.1	k141_30947	84587	76.377	563	133	416
MZ962720.1	k141_30947	84587	78.529	503	79	398
MZ962720.1	k141_30947	84587	72.283	736	153	382
MZ962720.1	k141_30947	84587	69.326	965	209	377
MZ962720.1	k141_30947	84587	74.309	615	122	376
MZ962720.1	k141_30947	84587	71.056	691	124	337
MZ962720.1	k141_30947	84587	77.953	381	71	294
MZ962720.1	k141_30947	84587	76.683	416	69	294
MZ962720.1	k141_30947	84587	65.064	1248	283	279
MZ962720.1	k141_30947	84587	72.017	461	61	276
MZ962720.1	k141_30947	84587	69.204	565	117	260
MZ962720.1	k141_30947	84587	85.780	218	26	254
MZ962720.1	k141_30947	84587	68.224	642	128	253
MZ962720.1	k141_30947	84587	82.540	252	34	252
MZ962720.1	k141_30947	84587	75.967	362	62	243
MZ962720.1	k141_30947	84587	85.437	206	21	236
MZ962720.1	k141_30947	84587	85.437	206	21	236
MZ962720.1	k141_30947	84587	74.373	359	84	223
MZ962720.1	k141_30947	84587	72.135	384	64	209
MZ962720.1	k141_30947	84587	91.096	146	11	198
MZ962720.1	k141_30947	84587	69.464	429	63	187
MZ962720.1	k141_30947	84587	69.464	429	63	187
MZ962720.1	k141_30947	84587	77.637	237	46	187
MZ962720.1	k141_30947	84587	82.065	184	26	186
MZ962720.1	k141_30947	84587	82.065	184	26	186
MZ962720.1	k141_30947	84587	84.302	172	26	186
MZ962720.1	k141_30947	84587	83.333	174	25	183
MZ962720.1	k141_30947	84587	90.511	137	8	180
MZ962720.1	k141_30947	84587	72.426	272	22	178
MZ962720.1	k141_30947	84587	78.704	216	35	175
MZ962720.1	k141_30947	84587	77.990	209	45	167
MZ962720.1	k141_30947	84587	78.723	188	27	162
MZ962720.1	k141_30947	84587	80.814	172	12	159
MZ962720.1	k141_30947	84587	81.503	173	27	155
MZ962720.1	k141_30947	84587	81.503	173	27	155
MZ962720.1	k141_30947	84587	98.864	88	1	155
MZ962720.1	k141_30947	84587	76.329	207	41	151
MZ962720.1	k141_30947	84587	76.471	204	41	150
MZ962720.1	k141_30947	84587	78.736	174	35	145
MZ962720.1	k141_30947	84587	98.765	81	1	142
MZ962720.1	k141_30947	84587	98.765	81	1	142
MZ962720.1	k141_30947	84587	78.107	169	25	136
MZ962720.1	k141_30947	84587	80.392	153	23	134
MZ962720.1	k141_30947	84587	80.392	153	23	134
MZ962720.1	k141_30947	84587	80.392	153	23	134
MZ962720.1	k141_30947	84587	92.222	90	7	132
MZ962720.1	k141_30947	84587	66.207	580	168	130
MZ962720.1	k141_30947	84587	91.209	91	8	129
MZ962720.1	k141_30947	84587	96.104	77	3	126
MZ962720.1	k141_30947	84587	80.451	133	26	123
MZ962720.1	k141_30947	84587	78.947	152	26	123
MZ962720.1	k141_30947	84587	81.022	137	20	123
MZ962720.1	k141_30947	84587	75.926	162	39	117
MZ962720.1	k141_30947	84587	93.506	77	5	117
MZ962720.1	k141_30947	84587	87.368	95	8	113
MZ962720.1	k141_30947	84587	79.688	128	19	107
MZ962720.1	k141_30947	84587	67.802	323	88	102
MZ962720.1	k141_30947	84587	85.106	94	10	102
MZ962720.1	k141_30947	84587	85.882	85	12	100
MZ962720.1	k141_30947	84587	89.333	75	8	100
MZ962720.1	k141_30947	84587	72.671	161	28	98.7
MZ962720.1	k141_30947	84587	72.671	161	28	98.7
MZ962720.1	k141_30947	84587	82.979	94	10	90.6
MZ962720.1	k141_30947	84587	81.111	90	17	86.9
MZ962720.1	k141_30947	84587	81.111	90	17	86.9
MZ962720.1	k141_30947	84587	81.111	90	17	86.9
MZ962720.1	k141_30947	84587	78.000	100	15	84.2
MZ962720.1	k141_30947	84587	76.415	106	23	72.5
MZ962720.1	k141_30947	84587	76.415	106	23	72.5
MZ962720.1	k141_30947	84587	69.412	170	50	66.2
MZ962720.1	k141_30947	84587	68.750	176	53	63.5
MZ962720.1	k141_30947	84587	88.889	45	5	59.9
MZ962720.1	k141_30947	84587	64.629	229	63	56.3
MZ962720.1	k141_30947	84587	64.629	229	63	56.3
MZ962720.1	k141_30947	84587	70.000	120	28	53.6
MZ962720.1	k141_30947	84587	70.000	120	28	53.6
MZ962720.1	k141_30947	84587	75.758	66	16	48.2
MZ962720.1	k141_22024	3936	77.963	1502	281	1168
MZ962720.1	k141_22024	3936	73.252	987	231	580
MZ962720.1	k141_22024	3936	82.919	322	54	330
MZ962720.1	k141_22024	3936	82.734	139	20	133
MZ962720.1	k141_10074	14447	73.909	1123	233	696
MZ962720.1	k141_10074	14447	96.341	82	3	135
MZ962720.1	k141_10074	14447	96.341	82	3	135
MZ962720.1	k141_17626	13484	80.870	690	91	642
MZ962720.1	k141_17626	13484	72.122	886	205	437
MZ962720.1	k141_17626	13484	72.122	886	205	437
MZ962720.1	k141_17626	13484	88.525	61	7	79.7
MZ962720.1	k141_17626	13484	88.525	61	7	79.7
MZ962720.1	k141_17626	13484	88.525	61	7	79.7
MZ962720.1	k141_28546	4042	70.502	1156	276	508
MZ962720.1	k141_28546	4042	70.502	1156	276	508
MZ962720.1	k141_11524	10900	77.341	534	56	441
MZ962720.1	k141_27422	9950	96.639	238	6	391
MZ962720.1	k141_27422	9950	96.639	238	6	391
MZ962720.1	k141_27422	9950	97.647	85	2	145
MZ962720.1	k141_2091	388	93.277	238	16	358
MZ962720.1	k141_12895	20745	69.361	767	167	332
MZ962720.1	k141_12895	20745	71.304	345	42	192
MZ962720.1	k141_12895	20745	96.250	80	3	132
MZ962720.1	k141_12895	20745	96.250	80	3	132
MZ962720.1	k141_27313	607	81.369	263	34	254
MZ962720.1	k141_2246	1731	66.748	821	236	248
MZ962720.1	k141_13955	4584	97.857	140	3	240
MZ962720.1	k141_4642	5846	77.397	292	47	229
MZ962720.1	k141_4642	5846	77.397	292	47	229
MZ962720.1	k141_4642	5846	75.850	294	41	220
MZ962720.1	k141_4642	5846	82.317	164	24	157
MZ962720.1	k141_26886	4472	82.432	222	32	227
MZ962720.1	k141_9087	6501	81.373	204	36	195
MZ962720.1	k141_31880	727	90.000	140	14	190
MZ962720.1	k141_31880	727	90.000	140	14	190
MZ962720.1	k141_24199	448	90.000	140	14	190
MZ962720.1	k141_30069	7434	80.435	184	30	167
MZ962720.1	k141_30069	7434	97.727	88	2	150
MZ962720.1	k141_4586	491	79.570	186	27	166
MZ962720.1	k141_5508	301	87.023	131	17	160
MZ962720.1	k141_5508	301	87.023	131	17	160
MZ962720.1	k141_12954	6592	74.611	193	20	132
MZ962720.1	k141_17548	4062	84.685	111	8	123
MZ962720.1	k141_29236	6099	85.714	91	13	106
MZ962720.1	k141_27005	2234	92.857	70	5	104
MZ962720.1	k141_1882	522	81.319	91	17	88.7
MZ962720.1	k141_20984	8827	76.522	115	24	80.6
MZ962720.1	k141_20984	8827	76.522	115	24	80.6
MZ962720.1	k141_20984	8827	82.812	64	11	67.1
MZ962720.1	k141_20984	8827	82.812	64	11	67.1
MZ962720.1	k141_18836	12770	88.136	59	2	76.1
MZ962720.1	k141_18836	12770	88.136	59	2	76.1
MZ962720.1	k141_965	2324	69.832	179	50	75.2
MZ962720.1	k141_965	2324	69.832	179	50	75.2
MZ962720.1	k141_137	1969	90.566	53	5	74.3
MZ962720.1	k141_137	1969	90.566	53	5	74.3
MZ962720.1	k141_21403	8577	72.593	135	33	72.5
MZ962720.1	k141_15362	578	88.000	50	6	64.4
MH569081.1	k141_30947	84587	87.108	5422	610	6586
MH569081.1	k141_30947	84587	77.477	7459	1216	5733
MH569081.1	k141_30947	84587	82.081	4018	616	3986
MH569081.1	k141_30947	84587	88.906	2578	282	3360
MH569081.1	k141_30947	84587	81.182	3332	551	3170
MH569081.1	k141_30947	84587	75.161	4038	761	2600
MH569081.1	k141_30947	84587	82.997	2329	338	2391
MH569081.1	k141_30947	84587	84.344	1929	294	2116
MH569081.1	k141_30947	84587	86.997	1515	193	1844
MH569081.1	k141_30947	84587	83.036	1739	266	1783
MH569081.1	k141_30947	84587	78.802	1953	346	1645
MH569081.1	k141_30947	84587	80.194	1752	270	1620
MH569081.1	k141_30947	84587	71.961	3142	649	1566
MH569081.1	k141_30947	84587	75.962	2080	317	1460
MH569081.1	k141_30947	84587	73.898	2268	493	1425
MH569081.1	k141_30947	84587	84.491	1051	136	1145
MH569081.1	k141_30947	84587	71.586	1450	248	780
MH569081.1	k141_30947	84587	75.561	1158	212	769
MH569081.1	k141_30947	84587	76.008	967	143	675
MH569081.1	k141_30947	84587	74.784	1043	157	661
MH569081.1	k141_30947	84587	82.160	639	101	633
MH569081.1	k141_30947	84587	70.565	1257	196	558
MH569081.1	k141_30947	84587	77.042	649	92	479
MH569081.1	k141_30947	84587	72.771	830	116	465
MH569081.1	k141_30947	84587	75.118	635	117	421
MH569081.1	k141_30947	84587	87.975	316	37	396
MH569081.1	k141_30947	84587	73.867	662	80	368
MH569081.1	k141_30947	84587	72.439	693	113	352
MH569081.1	k141_30947	84587	82.371	329	37	334
MH569081.1	k141_30947	84587	73.866	551	113	328
MH569081.1	k141_30947	84587	80.909	330	50	306
MH569081.1	k141_30947	84587	76.577	333	57	242
MH569081.1	k141_30947	84587	76.218	349	70	236
MH569081.1	k141_30947	84587	76.849	311	62	228
MH569081.1	k141_30947	84587	76.849	311	62	228
MH569081.1	k141_30947	84587	75.972	283	45	203
MH569081.1	k141_30947	84587	77.823	248	52	194
MH569081.1	k141_30947	84587	85.806	155	21	178
MH569081.1	k141_30947	84587	77.333	225	51	177
MH569081.1	k141_30947	84587	78.818	203	43	173
MH569081.1	k141_30947	84587	77.083	240	37	161
MH569081.1	k141_30947	84587	71.028	321	79	155
MH569081.1	k141_30947	84587	100.000	81	0	147
MH569081.1	k141_30947	84587	100.000	81	0	147
MH569081.1	k141_30947	84587	83.453	139	12	140
MH569081.1	k141_30947	84587	82.812	128	22	132
MH569081.1	k141_30947	84587	97.333	75	2	127
MH569081.1	k141_30947	84587	67.136	426	120	124
MH569081.1	k141_30947	84587	93.671	79	5	121
MH569081.1	k141_30947	84587	89.011	91	10	120
MH569081.1	k141_30947	84587	90.588	85	8	118
MH569081.1	k141_30947	84587	74.713	174	33	113
MH569081.1	k141_30947	84587	71.859	199	36	103
MH569081.1	k141_30947	84587	73.006	163	44	96.9
MH569081.1	k141_30947	84587	89.041	73	7	93.3
MH569081.1	k141_30947	84587	89.286	56	6	75.2
MH569081.1	k141_30947	84587	80.769	78	13	71.6
MH569081.1	k141_30947	84587	91.111	45	4	64.4
MH569081.1	k141_30947	84587	91.111	45	4	64.4
MH569081.1	k141_30947	84587	78.571	70	15	59.9
MH569081.1	k141_30947	84587	69.828	116	35	52.7
MH569081.1	k141_30947	84587	81.633	49	9	49.1
MH569081.1	k141_20315	34498	90.649	4502	240	6218
MH569081.1	k141_20315	34498	90.649	4502	240	6218
MH569081.1	k141_20315	34498	87.922	3825	278	4770
MH569081.1	k141_20315	34498	87.922	3825	278	4770
MH569081.1	k141_20315	34498	93.344	3005	150	4482
MH569081.1	k141_20315	34498	93.344	3005	150	4482
MH569081.1	k141_20315	34498	89.832	2262	122	3023
MH569081.1	k141_20315	34498	89.832	2262	122	3023
MH569081.1	k141_20315	34498	88.554	2254	199	2856
MH569081.1	k141_20315	34498	88.554	2254	199	2856
MH569081.1	k141_20315	34498	77.782	2714	474	2144
MH569081.1	k141_20315	34498	82.957	886	126	904
MH569081.1	k141_20315	34498	82.957	886	126	904
MH569081.1	k141_20315	34498	77.764	805	111	635
MH569081.1	k141_20315	34498	77.764	805	111	635
MH569081.1	k141_20315	34498	81.330	466	53	448
MH569081.1	k141_20315	34498	81.330	466	53	448
MH569081.1	k141_20315	34498	76.234	547	97	395
MH569081.1	k141_20315	34498	75.969	387	37	316
MH569081.1	k141_20315	34498	75.969	387	37	316
MH569081.1	k141_20315	34498	83.815	173	15	189
MH569081.1	k141_20315	34498	83.815	173	15	189
MH569081.1	k141_20315	34498	70.201	349	75	160
MH569081.1	k141_20315	34498	70.201	349	75	160
MH569081.1	k141_20315	34498	80.392	102	15	90.6
MH569081.1	k141_20315	34498	95.918	49	2	80.6
MH569081.1	k141_20315	34498	95.918	49	2	80.6
MH569081.1	k141_20315	34498	94.340	53	2	79.7
MH569081.1	k141_20315	34498	94.340	53	2	79.7
MH569081.1	k141_20315	34498	89.744	39	4	53.6
MH569081.1	k141_22024	3936	79.267	1500	267	1280
MH569081.1	k141_22024	3936	75.931	1155	225	820
MH569081.1	k141_22024	3936	83.056	360	58	369
MH569081.1	k141_22024	3936	72.619	84	23	49.1
MH569081.1	k141_10074	14447	74.368	1108	208	706
MH569081.1	k141_10074	14447	97.561	82	2	140
MH569081.1	k141_10074	14447	97.561	82	2	140
MH569081.1	k141_17626	13484	81.259	667	90	636
MH569081.1	k141_17626	13484	72.665	878	207	469
MH569081.1	k141_17626	13484	72.665	878	207	469
MH569081.1	k141_17626	13484	76.265	257	59	182
MH569081.1	k141_17626	13484	76.265	257	59	182
MH569081.1	k141_17626	13484	90.164	61	6	84.2
MH569081.1	k141_17626	13484	90.164	61	6	84.2
MH569081.1	k141_28546	4042	70.721	1151	278	502
MH569081.1	k141_28546	4042	70.721	1151	278	502
MH569081.1	k141_28546	4042	75.120	209	50	136
MH569081.1	k141_28546	4042	75.120	209	50	136
MH569081.1	k141_11524	10900	76.262	535	60	413
MH569081.1	k141_27422	9950	97.059	238	7	398
MH569081.1	k141_27422	9950	97.059	238	7	398
MH569081.1	k141_4642	5846	88.215	297	24	370
MH569081.1	k141_4642	5846	88.215	297	24	370
MH569081.1	k141_4642	5846	86.957	115	12	139
MH569081.1	k141_12895	20745	71.487	733	169	362
MH569081.1	k141_12895	20745	71.154	520	81	239
MH569081.1	k141_12895	20745	94.048	84	5	130
MH569081.1	k141_12895	20745	94.048	84	5	130
MH569081.1	k141_2091	388	91.463	246	21	350
MH569081.1	k141_2246	1731	72.454	432	117	236
MH569081.1	k141_2246	1731	71.429	119	34	62.6
MH569081.1	k141_137	1969	75.817	306	50	236
MH569081.1	k141_137	1969	79.310	203	42	178
MH569081.1	k141_137	1969	80.682	176	28	152
MH569081.1	k141_31880	727	96.429	140	5	231
MH569081.1	k141_31880	727	96.429	140	5	231
MH569081.1	k141_27313	607	82.533	229	30	229
MH569081.1	k141_13955	4584	97.037	135	4	226
MH569081.1	k141_25171	467	88.623	167	19	216
MH569081.1	k141_25171	467	88.623	167	19	216
MH569081.1	k141_30069	7434	84.324	185	23	200
MH569081.1	k141_30069	7434	88.028	142	12	171
MH569081.1	k141_24199	448	90.000	140	14	190
MH569081.1	k141_26886	4472	77.350	234	41	177
MH569081.1	k141_26886	4472	82.927	41	7	43.7
MH569081.1	k141_5508	301	88.550	131	15	169
MH569081.1	k141_5508	301	88.550	131	15	169
MH569081.1	k141_9087	6501	83.562	146	20	155
MH569081.1	k141_4586	491	86.667	120	16	145
MH569081.1	k141_17548	4062	87.156	109	9	134
MH569081.1	k141_12954	6592	74.093	193	21	127
MH569081.1	k141_29236	6099	87.912	91	11	115
MH569081.1	k141_27005	2234	90.000	70	7	96.0
MH569081.1	k141_20984	8827	77.391	115	23	85.1
MH569081.1	k141_20984	8827	77.391	115	23	85.1
MH569081.1	k141_20984	8827	82.812	64	11	67.1
MH569081.1	k141_20984	8827	82.812	64	11	67.1
MH569081.1	k141_1882	522	86.765	68	9	83.3
MH569081.1	k141_18836	12770	89.831	59	1	80.6
MH569081.1	k141_18836	12770	89.831	59	1	80.6
MH569081.1	k141_965	2324	70.391	179	49	79.7
MH569081.1	k141_965	2324	70.391	179	49	79.7
MH569081.1	k141_21403	8577	74.766	107	25	65.3
NC_033978.1	k141_20315	34498	88.280	15008	1310	19112
NC_033978.1	k141_20315	34498	94.442	10453	372	16177
NC_033978.1	k141_20315	34498	94.905	9402	353	14829
NC_033978.1	k141_20315	34498	94.971	9346	347	14770
NC_033978.1	k141_20315	34498	93.120	4811	152	7242
NC_033978.1	k141_20315	34498	93.120	4811	152	7242
NC_033978.1	k141_20315	34498	83.056	2886	392	2962
NC_033978.1	k141_20315	34498	85.514	1001	50	1175
NC_033978.1	k141_20315	34498	85.514	1001	50	1175
NC_033978.1	k141_20315	34498	82.909	275	36	268
NC_033978.1	k141_20315	34498	95.960	99	4	161
NC_033978.1	k141_20315	34498	95.960	99	4	161
NC_033978.1	k141_20315	34498	97.436	39	1	67.1
NC_033978.1	k141_20315	34498	90.476	42	4	59.0
NC_033978.1	k141_20315	34498	86.842	38	5	47.3
NC_033978.1	k141_30947	84587	85.589	14468	1576	16605
NC_033978.1	k141_30947	84587	92.028	5758	369	8293
NC_033978.1	k141_30947	84587	83.604	6776	716	7230
NC_033978.1	k141_30947	84587	83.030	5651	551	5799
NC_033978.1	k141_30947	84587	84.302	4644	572	5046
NC_033978.1	k141_30947	84587	77.627	6280	849	4938
NC_033978.1	k141_30947	84587	89.026	3408	290	4442
NC_033978.1	k141_30947	84587	80.867	4453	559	4121
NC_033978.1	k141_30947	84587	86.741	2964	243	3606
NC_033978.1	k141_30947	84587	81.848	2413	238	2355
NC_033978.1	k141_30947	84587	85.279	2004	231	2288
NC_033978.1	k141_30947	84587	78.595	2677	475	2203
NC_033978.1	k141_30947	84587	78.283	2528	357	2082
NC_033978.1	k141_30947	84587	91.813	1307	73	1874
NC_033978.1	k141_30947	84587	75.680	1875	242	1298
NC_033978.1	k141_30947	84587	83.374	1215	153	1244
NC_033978.1	k141_30947	84587	77.998	1309	169	1031
NC_033978.1	k141_30947	84587	81.166	1046	114	988
NC_033978.1	k141_30947	84587	78.269	1086	147	863
NC_033978.1	k141_30947	84587	78.476	1050	132	847
NC_033978.1	k141_30947	84587	74.063	1014	134	679
NC_033978.1	k141_30947	84587	70.618	1181	149	555
NC_033978.1	k141_30947	84587	74.074	972	146	555
NC_033978.1	k141_30947	84587	87.104	442	49	530
NC_033978.1	k141_30947	84587	77.543	521	61	414
NC_033978.1	k141_30947	84587	71.146	707	94	388
NC_033978.1	k141_30947	84587	82.152	381	46	365
NC_033978.1	k141_30947	84587	72.666	589	96	328
NC_033978.1	k141_30947	84587	74.935	387	39	291
NC_033978.1	k141_30947	84587	86.014	143	10	159
NC_033978.1	k141_30947	84587	87.903	124	10	157
NC_033978.1	k141_30947	84587	74.790	238	23	157
NC_033978.1	k141_30947	84587	98.837	86	1	151
NC_033978.1	k141_30947	84587	75.152	165	41	113
NC_033978.1	k141_30947	84587	79.365	126	26	111
NC_033978.1	k141_30947	84587	71.176	170	47	79.7
NC_033978.1	k141_30947	84587	94.872	39	2	62.6
NC_033978.1	k141_30947	84587	94.872	39	2	62.6
NC_033978.1	k141_30947	84587	92.500	40	3	59.9
NC_033978.1	k141_30947	84587	74.242	66	17	43.7
NC_033978.1	k141_22024	3936	83.530	2034	261	2122
NC_033978.1	k141_22024	3936	81.698	1213	186	1175
NC_033978.1	k141_10074	14447	83.424	1104	127	1150
NC_033978.1	k141_10074	14447	97.561	82	2	140
NC_033978.1	k141_137	1969	82.074	887	108	898
NC_033978.1	k141_137	1969	94.340	53	3	83.3
NC_033978.1	k141_137	1969	94.340	53	3	83.3
NC_033978.1	k141_17626	13484	81.776	856	98	830
NC_033978.1	k141_17626	13484	72.862	877	207	465
NC_033978.1	k141_17626	13484	72.862	877	207	465
NC_033978.1	k141_17626	13484	92.000	225	6	332
NC_033978.1	k141_17626	13484	92.000	225	6	332
NC_033978.1	k141_17626	13484	78.292	281	59	225
NC_033978.1	k141_17626	13484	78.292	281	59	225
NC_033978.1	k141_17626	13484	86.885	61	8	75.2
NC_033978.1	k141_17626	13484	86.885	61	8	75.2
NC_033978.1	k141_12895	20745	81.395	731	117	705
NC_033978.1	k141_12895	20745	75.133	563	83	364
NC_033978.1	k141_12895	20745	96.591	88	1	143
NC_033978.1	k141_12895	20745	96.591	88	1	143
NC_033978.1	k141_12895	20745	75.000	160	19	110
NC_033978.1	k141_12895	20745	75.000	160	19	110
NC_033978.1	k141_11524	10900	80.712	534	38	522
NC_033978.1	k141_4642	5846	94.218	294	14	453
NC_033978.1	k141_4642	5846	94.218	294	14	453
NC_033978.1	k141_4642	5846	82.081	173	19	179
NC_033978.1	k141_27422	9950	98.739	238	3	416
NC_033978.1	k141_27422	9950	98.739	238	3	416
NC_033978.1	k141_2091	388	93.548	248	16	376
NC_033978.1	k141_28546	4042	74.624	532	124	343
NC_033978.1	k141_28546	4042	74.624	532	124	343
NC_033978.1	k141_28546	4042	74.518	467	97	281
NC_033978.1	k141_28546	4042	74.518	467	97	281
NC_033978.1	k141_27313	607	90.000	250	17	342
NC_033978.1	k141_30367	1277	90.455	220	19	300
NC_033978.1	k141_30367	1277	90.455	220	19	300
NC_033978.1	k141_9087	6501	91.220	205	17	286
NC_033978.1	k141_26886	4472	86.726	226	23	275
NC_033978.1	k141_26886	4472	80.851	47	9	45.5
NC_033978.1	k141_2246	1731	67.394	825	230	275
NC_033978.1	k141_30069	7434	92.063	189	9	270
NC_033978.1	k141_30069	7434	92.179	179	10	255
NC_033978.1	k141_30069	7434	66.016	256	29	96.0
NC_033978.1	k141_31880	727	100.000	140	0	253
NC_033978.1	k141_31880	727	100.000	140	0	253
NC_033978.1	k141_13955	4584	98.571	140	2	244
NC_033978.1	k141_25171	467	91.617	167	14	239
NC_033978.1	k141_25171	467	91.617	167	14	239
NC_033978.1	k141_24199	448	97.143	140	4	235
NC_033978.1	k141_5508	301	89.313	131	14	174
NC_033978.1	k141_5508	301	89.313	131	14	174
NC_033978.1	k141_17548	4062	90.400	125	7	172
NC_033978.1	k141_4586	491	80.435	184	25	171
NC_033978.1	k141_12954	6592	79.167	192	11	170
NC_033978.1	k141_27005	2234	97.143	70	2	118
NC_033978.1	k141_1882	522	86.316	95	13	113
NC_033978.1	k141_29236	6099	85.393	89	13	103
NC_033978.1	k141_20984	8827	77.391	115	23	85.1
NC_033978.1	k141_20984	8827	77.391	115	23	85.1
NC_033978.1	k141_31669	4753	92.727	55	4	82.4
NC_033978.1	k141_31669	4753	92.727	55	4	82.4
NC_033978.1	k141_965	2324	69.948	193	54	82.4
NC_033978.1	k141_965	2324	69.948	193	54	82.4
NC_033978.1	k141_18836	12770	84.000	75	3	81.5
NC_033978.1	k141_18836	12770	84.000	75	3	81.5
NC_033978.1	k141_15362	578	97.674	43	1	74.3
NC_033978.1	k141_30178	446	82.857	70	12	73.4
NC_033978.1	k141_30178	446	82.857	70	12	73.4
NC_033978.1	k141_30782	6678	88.679	53	6	69.8
NC_033978.1	k141_21403	8577	78.750	80	17	68.9
MW006668.1	k141_20315	34498	95.228	8257	226	13063
MW006668.1	k141_20315	34498	95.228	8257	226	13063
MW006668.1	k141_20315	34498	89.301	5440	374	7208
MW006668.1	k141_20315	34498	86.693	2758	310	3272
MW006668.1	k141_20315	34498	86.693	2758	310	3272
MW006668.1	k141_20315	34498	74.325	2964	426	1947
MW006668.1	k141_20315	34498	87.590	693	55	877
MW006668.1	k141_20315	34498	80.392	867	109	781
MW006668.1	k141_20315	34498	87.040	571	59	692
MW006668.1	k141_20315	34498	86.071	481	35	577
MW006668.1	k141_20315	34498	86.071	481	35	577
MW006668.1	k141_20315	34498	75.891	589	66	464
MW006668.1	k141_20315	34498	88.849	278	23	361
MW006668.1	k141_20315	34498	88.849	278	23	361
MW006668.1	k141_20315	34498	72.336	441	63	272
MW006668.1	k141_20315	34498	72.336	441	63	272
MW006668.1	k141_20315	34498	75.701	321	49	218
MW006668.1	k141_20315	34498	82.432	148	17	150
MW006668.1	k141_20315	34498	82.432	148	17	150
MW006668.1	k141_20315	34498	82.353	136	15	137
MW006668.1	k141_20315	34498	66.585	410	98	135
MW006668.1	k141_20315	34498	66.585	410	98	135
MW006668.1	k141_20315	34498	64.990	517	126	113
MW006668.1	k141_20315	34498	83.810	105	13	113
MW006668.1	k141_20315	34498	65.784	529	131	98.7
MW006668.1	k141_20315	34498	65.784	529	131	98.7
MW006668.1	k141_20315	34498	71.038	183	41	98.7
MW006668.1	k141_20315	34498	71.038	183	41	98.7
MW006668.1	k141_20315	34498	71.038	183	41	98.7
MW006668.1	k141_20315	34498	71.038	183	41	98.7
MW006668.1	k141_20315	34498	65.406	529	133	94.2
MW006668.1	k141_20315	34498	65.406	529	133	94.2
MW006668.1	k141_20315	34498	70.811	185	41	94.2
MW006668.1	k141_20315	34498	65.406	529	133	93.3
MW006668.1	k141_20315	34498	65.406	529	133	93.3
MW006668.1	k141_20315	34498	75.410	122	18	92.4
MW006668.1	k141_20315	34498	75.410	122	18	92.4
MW006668.1	k141_20315	34498	65.028	529	135	85.1
MW006668.1	k141_20315	34498	65.028	529	135	85.1
MW006668.1	k141_20315	34498	65.028	529	135	85.1
MW006668.1	k141_20315	34498	65.028	529	135	85.1
MW006668.1	k141_20315	34498	70.136	221	56	84.2
MW006668.1	k141_20315	34498	70.136	221	56	84.2
MW006668.1	k141_20315	34498	95.833	48	2	78.8
MW006668.1	k141_20315	34498	97.619	42	1	72.5
MW006668.1	k141_20315	34498	97.619	42	1	72.5
MW006668.1	k141_20315	34498	85.965	57	8	68.0
MW006668.1	k141_20315	34498	85.965	57	8	68.0
MW006668.1	k141_20315	34498	90.476	42	4	59.0
MW006668.1	k141_20315	34498	84.314	51	8	57.2
MW006668.1	k141_20315	34498	88.095	42	5	54.5
MW006668.1	k141_20315	34498	75.000	76	19	52.7
MW006668.1	k141_20315	34498	75.000	76	19	52.7
MW006668.1	k141_20315	34498	75.000	76	19	52.7
MW006668.1	k141_20315	34498	75.000	76	19	52.7
MW006668.1	k141_20315	34498	86.842	38	5	47.3
MW006668.1	k141_20315	34498	71.429	84	24	44.6
MW006668.1	k141_20315	34498	71.429	84	24	44.6
MW006668.1	k141_30947	84587	85.456	9516	1124	10899
MW006668.1	k141_30947	84587	92.248	5457	379	7916
MW006668.1	k141_30947	84587	80.577	7275	928	6579
MW006668.1	k141_30947	84587	85.959	4672	481	5455
MW006668.1	k141_30947	84587	86.258	4548	455	5335
MW006668.1	k141_30947	84587	89.161	3386	349	4437
MW006668.1	k141_30947	84587	84.152	3887	390	4153
MW006668.1	k141_30947	84587	76.980	4483	638	3364
MW006668.1	k141_30947	84587	77.476	3574	534	2813
MW006668.1	k141_30947	84587	88.022	2012	193	2532
MW006668.1	k141_30947	84587	85.403	2206	244	2512
MW006668.1	k141_30947	84587	85.014	2122	199	2393
MW006668.1	k141_30947	84587	86.400	1978	230	2350
MW006668.1	k141_30947	84587	81.557	2017	248	1965
MW006668.1	k141_30947	84587	79.072	2026	247	1736
MW006668.1	k141_30947	84587	80.190	1792	284	1633
MW006668.1	k141_30947	84587	78.888	1601	232	1379
MW006668.1	k141_30947	84587	93.844	861	49	1309
MW006668.1	k141_30947	84587	93.844	861	49	1309
MW006668.1	k141_30947	84587	76.750	1686	253	1255
MW006668.1	k141_30947	84587	75.956	1647	237	1185
MW006668.1	k141_30947	84587	79.288	1236	147	1079
MW006668.1	k141_30947	84587	79.288	1236	147	1079
MW006668.1	k141_30947	84587	76.800	1250	165	934
MW006668.1	k141_30947	84587	83.791	802	83	818
MW006668.1	k141_30947	84587	80.392	714	105	666
MW006668.1	k141_30947	84587	80.392	714	105	666
MW006668.1	k141_30947	84587	81.311	610	57	589
MW006668.1	k141_30947	84587	73.514	959	148	568
MW006668.1	k141_30947	84587	74.820	834	115	540
MW006668.1	k141_30947	84587	74.868	756	117	483
MW006668.1	k141_30947	84587	77.190	548	76	420
MW006668.1	k141_30947	84587	78.515	377	46	311
MW006668.1	k141_30947	84587	78.515	377	46	311
MW006668.1	k141_30947	84587	78.302	318	40	253
MW006668.1	k141_30947	84587	70.226	487	100	207
MW006668.1	k141_30947	84587	81.977	172	26	167
MW006668.1	k141_30947	84587	77.169	219	42	155
MW006668.1	k141_30947	84587	79.762	168	34	150
MW006668.1	k141_30947	84587	75.229	218	29	146
MW006668.1	k141_30947	84587	70.819	281	43	141
MW006668.1	k141_30947	84587	94.937	79	4	125
MW006668.1	k141_30947	84587	94.937	79	4	125
MW006668.1	k141_30947	84587	73.059	219	43	122
MW006668.1	k141_30947	84587	73.939	165	43	104
MW006668.1	k141_30947	84587	70.940	234	42	104
MW006668.1	k141_30947	84587	83.146	89	14	90.6
MW006668.1	k141_30947	84587	77.064	109	21	70.7
MW006668.1	k141_30947	84587	89.796	49	5	67.1
MW006668.1	k141_30947	84587	89.796	49	5	67.1
MW006668.1	k141_30947	84587	77.922	77	12	63.5
MW006668.1	k141_30947	84587	94.872	39	2	62.6
MW006668.1	k141_30947	84587	94.872	39	2	62.6
MW006668.1	k141_30947	84587	76.923	78	12	61.7
MW006668.1	k141_30947	84587	74.194	62	16	41.0
MW006668.1	k141_22024	3936	83.939	2148	253	2294
MW006668.1	k141_22024	3936	83.939	2148	253	2294
MW006668.1	k141_22024	3936	79.541	1657	258	1403
MW006668.1	k141_22024	3936	79.541	1657	258	1403
MW006668.1	k141_10074	14447	83.935	1108	127	1188
MW006668.1	k141_10074	14447	94.937	79	4	125
MW006668.1	k141_10074	14447	94.937	79	4	125
MW006668.1	k141_17626	13484	80.836	861	120	801
MW006668.1	k141_17626	13484	71.623	881	212	429
MW006668.1	k141_17626	13484	71.623	881	212	429
MW006668.1	k141_17626	13484	78.292	281	59	225
MW006668.1	k141_17626	13484	78.292	281	59	225
MW006668.1	k141_17626	13484	85.246	61	9	70.7
MW006668.1	k141_17626	13484	85.246	61	9	70.7
MW006668.1	k141_12895	20745	81.361	735	106	714
MW006668.1	k141_12895	20745	79.545	572	74	480
MW006668.1	k141_12895	20745	76.087	230	38	160
MW006668.1	k141_12895	20745	94.318	88	3	134
MW006668.1	k141_12895	20745	94.318	88	3	134
MW006668.1	k141_137	1969	80.668	569	86	530
MW006668.1	k141_137	1969	94.340	53	3	83.3
MW006668.1	k141_137	1969	94.340	53	3	83.3
MW006668.1	k141_28546	4042	70.573	1152	284	500
MW006668.1	k141_28546	4042	70.573	1152	284	500
MW006668.1	k141_11524	10900	79.775	534	43	499
MW006668.1	k141_27422	9950	97.479	238	6	403
MW006668.1	k141_27422	9950	97.479	238	6	403
MW006668.1	k141_4642	5846	94.215	242	14	374
MW006668.1	k141_4642	5846	94.215	242	14	374
MW006668.1	k141_4642	5846	85.366	164	19	184
MW006668.1	k141_4642	5846	82.353	51	9	52.7
MW006668.1	k141_2091	388	93.145	248	17	371
MW006668.1	k141_9087	6501	92.411	224	17	328
MW006668.1	k141_27313	607	82.879	257	35	265
MW006668.1	k141_2246	1731	73.412	425	113	258
MW006668.1	k141_2246	1731	79.268	82	17	72.5
MW006668.1	k141_30069	7434	89.305	187	16	247
MW006668.1	k141_30069	7434	86.772	189	19	225
MW006668.1	k141_13955	4584	97.857	140	3	240
MW006668.1	k141_26886	4472	78.295	258	16	236
MW006668.1	k141_24199	448	94.286	140	8	217
MW006668.1	k141_31880	727	93.617	141	8	211
MW006668.1	k141_31880	727	93.617	141	8	211
MW006668.1	k141_30367	1277	85.792	183	24	211
MW006668.1	k141_25171	467	86.228	167	23	198
MW006668.1	k141_4586	491	81.053	190	25	187
MW006668.1	k141_12954	6592	78.261	207	11	170
MW006668.1	k141_5508	301	87.786	131	16	165
MW006668.1	k141_5508	301	87.786	131	16	165
MW006668.1	k141_17548	4062	87.931	116	9	147
MW006668.1	k141_29236	6099	93.407	91	6	138
MW006668.1	k141_1882	522	90.526	95	9	132
MW006668.1	k141_27005	2234	95.714	70	3	113
MW006668.1	k141_965	2324	70.157	191	57	88.7
MW006668.1	k141_13591	595	75.630	119	21	87.8
MW006668.1	k141_20984	8827	77.391	115	23	85.1
MW006668.1	k141_20984	8827	77.391	115	23	85.1
MW006668.1	k141_18836	12770	81.928	83	5	78.8
MW006668.1	k141_15362	578	89.286	56	6	75.2
MW006668.1	k141_21403	8577	72.180	133	35	67.1
MW006668.1	k141_16245	1994	80.488	41	8	39.2
MW006668.1	k141_16245	1994	80.488	41	8	39.2
MW435436.1	k141_20315	34498	94.430	9389	391	14595
MW435436.1	k141_20315	34498	94.430	9389	391	14595
MW435436.1	k141_20315	34498	96.326	8219	208	13429
MW435436.1	k141_20315	34498	96.326	8219	208	13429
MW435436.1	k141_20315	34498	92.059	3652	130	5284
MW435436.1	k141_20315	34498	92.059	3652	130	5284
MW435436.1	k141_20315	34498	78.586	4371	671	3654
MW435436.1	k141_20315	34498	88.710	2675	131	3505
MW435436.1	k141_20315	34498	88.710	2675	131	3505
MW435436.1	k141_20315	34498	83.353	2607	291	2735
MW435436.1	k141_20315	34498	83.353	2607	291	2735
MW435436.1	k141_20315	34498	73.083	2556	547	1523
MW435436.1	k141_20315	34498	92.857	42	3	63.5
MW435436.1	k141_20315	34498	85.417	48	7	56.3
MW435436.1	k141_20315	34498	85.417	48	7	56.3
MW435436.1	k141_20315	34498	89.744	39	4	53.6
MW435436.1	k141_30947	84587	86.612	10898	1225	13084
MW435436.1	k141_30947	84587	81.571	10017	1232	9728
MW435436.1	k141_30947	84587	91.271	5671	415	7992
MW435436.1	k141_30947	84587	82.875	6178	675	6307
MW435436.1	k141_30947	84587	84.621	4090	442	4511
MW435436.1	k141_30947	84587	78.892	4477	657	3754
MW435436.1	k141_30947	84587	85.623	2970	304	3434
MW435436.1	k141_30947	84587	74.496	3674	531	2362
MW435436.1	k141_30947	84587	79.775	2576	355	2303
MW435436.1	k141_30947	84587	82.061	2280	292	2239
MW435436.1	k141_30947	84587	85.561	1953	225	2226
MW435436.1	k141_30947	84587	78.477	2337	243	1984
MW435436.1	k141_30947	84587	79.559	1815	279	1608
MW435436.1	k141_30947	84587	76.248	2084	314	1497
MW435436.1	k141_30947	84587	86.468	1175	118	1372
MW435436.1	k141_30947	84587	74.517	1707	217	1170
MW435436.1	k141_30947	84587	77.822	1524	231	1155
MW435436.1	k141_30947	84587	81.323	1119	124	1076
MW435436.1	k141_30947	84587	75.560	1473	211	1006
MW435436.1	k141_30947	84587	79.780	910	148	773
MW435436.1	k141_30947	84587	76.660	934	122	681
MW435436.1	k141_30947	84587	78.729	724	99	581
MW435436.1	k141_30947	84587	82.688	439	61	445
MW435436.1	k141_30947	84587	74.964	691	111	437
MW435436.1	k141_30947	84587	84.169	379	50	409
MW435436.1	k141_30947	84587	84.450	373	52	408
MW435436.1	k141_30947	84587	84.450	373	52	408
MW435436.1	k141_30947	84587	79.006	362	36	311
MW435436.1	k141_30947	84587	68.489	622	82	260
MW435436.1	k141_30947	84587	78.289	304	29	258
MW435436.1	k141_30947	84587	72.406	453	83	224
MW435436.1	k141_30947	84587	83.495	206	13	224
MW435436.1	k141_30947	84587	83.060	183	22	181
MW435436.1	k141_30947	84587	83.616	177	26	178
MW435436.1	k141_30947	84587	84.516	155	12	169
MW435436.1	k141_30947	84587	85.915	142	14	163
MW435436.1	k141_30947	84587	90.678	118	9	157
MW435436.1	k141_30947	84587	85.124	121	18	138
MW435436.1	k141_30947	84587	75.758	165	40	118
MW435436.1	k141_30947	84587	88.312	77	9	99.6
MW435436.1	k141_30947	84587	71.176	170	47	79.7
MW435436.1	k141_30947	84587	94.872	39	2	62.6
MW435436.1	k141_30947	84587	94.872	39	2	62.6
MW435436.1	k141_30947	84587	74.194	62	16	41.0
MW435436.1	k141_22024	3936	81.105	2027	306	1909
MW435436.1	k141_22024	3936	79.209	1289	228	1108
MW435436.1	k141_22024	3936	83.333	84	14	89.7
MW435436.1	k141_10074	14447	82.406	1114	136	1117
MW435436.1	k141_10074	14447	95.000	80	4	127
MW435436.1	k141_17626	13484	82.438	763	83	751
MW435436.1	k141_17626	13484	72.645	881	202	457
MW435436.1	k141_17626	13484	72.645	881	202	457
MW435436.1	k141_17626	13484	90.043	231	5	321
MW435436.1	k141_17626	13484	90.043	231	5	321
MW435436.1	k141_17626	13484	77.936	281	60	221
MW435436.1	k141_17626	13484	77.936	281	60	221
MW435436.1	k141_17626	13484	86.885	61	8	75.2
MW435436.1	k141_17626	13484	86.885	61	8	75.2
MW435436.1	k141_12895	20745	81.717	722	113	702
MW435436.1	k141_12895	20745	83.010	206	21	209
MW435436.1	k141_12895	20745	81.166	223	31	192
MW435436.1	k141_12895	20745	95.455	88	2	139
MW435436.1	k141_12895	20745	95.455	88	2	139
MW435436.1	k141_12895	20745	76.398	161	15	118
MW435436.1	k141_12895	20745	76.398	161	15	118
MW435436.1	k141_137	1969	75.585	897	154	636
MW435436.1	k141_137	1969	92.453	53	4	78.8
MW435436.1	k141_137	1969	92.453	53	4	78.8
MW435436.1	k141_28546	4042	70.848	1156	268	525
MW435436.1	k141_28546	4042	70.848	1156	268	525
MW435436.1	k141_11524	10900	79.775	534	43	499
MW435436.1	k141_27422	9950	97.899	238	5	407
MW435436.1	k141_27422	9950	97.899	238	5	407
MW435436.1	k141_4642	5846	90.476	294	14	404
MW435436.1	k141_4642	5846	90.476	294	14	404
MW435436.1	k141_4642	5846	80.247	162	14	151
MW435436.1	k141_2091	388	94.355	248	14	385
MW435436.1	k141_27313	607	89.105	257	19	337
MW435436.1	k141_30367	1277	87.273	220	17	272
MW435436.1	k141_30367	1277	87.273	220	17	272
MW435436.1	k141_9087	6501	86.900	229	27	272
MW435436.1	k141_26886	4472	85.652	230	26	269
MW435436.1	k141_2246	1731	67.602	784	213	257
MW435436.1	k141_30069	7434	89.947	189	13	252
MW435436.1	k141_30069	7434	86.875	160	9	196
MW435436.1	k141_31880	727	99.286	140	1	249
MW435436.1	k141_31880	727	99.286	140	1	249
MW435436.1	k141_13955	4584	99.286	140	1	249
MW435436.1	k141_24199	448	97.857	140	3	240
MW435436.1	k141_17548	4062	94.355	124	2	193
MW435436.1	k141_5508	301	89.313	131	14	174
MW435436.1	k141_5508	301	89.313	131	14	174
MW435436.1	k141_4586	491	80.108	186	26	170
MW435436.1	k141_12954	6592	76.190	210	16	158
MW435436.1	k141_13591	595	83.871	124	6	133
MW435436.1	k141_13591	595	83.871	124	6	133
MW435436.1	k141_29236	6099	89.011	91	10	120
MW435436.1	k141_27005	2234	95.714	70	3	113
MW435436.1	k141_1882	522	85.263	95	14	109
MW435436.1	k141_31669	4753	96.364	55	2	91.5
MW435436.1	k141_31669	4753	96.364	55	2	91.5
MW435436.1	k141_965	2324	70.879	182	49	85.1
MW435436.1	k141_965	2324	70.879	182	49	85.1
MW435436.1	k141_20984	8827	77.391	115	23	85.1
MW435436.1	k141_20984	8827	77.391	115	23	85.1
MW435436.1	k141_15362	578	100.000	43	0	78.8
MW435436.1	k141_25171	467	94.000	50	3	77.9
MW435436.1	k141_25171	467	94.000	50	3	77.9
MW435436.1	k141_18836	12770	81.333	75	5	72.5
MW435436.1	k141_18836	12770	81.333	75	5	72.5
MW435436.1	k141_30178	446	81.429	70	13	68.9
MW435436.1	k141_30178	446	81.429	70	13	68.9
MW435436.1	k141_21403	8577	75.000	80	20	55.4
MW435436.1	k141_21403	8577	75.000	80	20	55.4
NC_037882.1	k141_20315	34498	88.478	13869	1166	17741
NC_037882.1	k141_20315	34498	94.929	10393	329	16347
NC_037882.1	k141_20315	34498	94.675	8188	270	12870
NC_037882.1	k141_20315	34498	94.675	8188	270	12870
NC_037882.1	k141_20315	34498	94.714	4843	119	7632
NC_037882.1	k141_20315	34498	94.714	4843	119	7632
NC_037882.1	k141_20315	34498	84.109	2794	344	3047
NC_037882.1	k141_20315	34498	85.591	930	41	1090
NC_037882.1	k141_20315	34498	85.591	930	41	1090
NC_037882.1	k141_20315	34498	93.874	555	25	847
NC_037882.1	k141_20315	34498	93.874	555	25	847
NC_037882.1	k141_20315	34498	77.802	910	183	717
NC_037882.1	k141_20315	34498	83.019	265	32	274
NC_037882.1	k141_20315	34498	95.238	42	2	68.0
NC_037882.1	k141_20315	34498	92.308	39	3	58.1
NC_037882.1	k141_20315	34498	89.474	38	4	51.8
NC_037882.1	k141_20315	34498	86.842	38	5	47.3
NC_037882.1	k141_30947	84587	86.371	13523	1402	16017
NC_037882.1	k141_30947	84587	92.168	5682	406	8227
NC_037882.1	k141_30947	84587	83.119	6374	639	6633
NC_037882.1	k141_30947	84587	84.314	5980	607	6530
NC_037882.1	k141_30947	84587	81.704	5176	565	5040
NC_037882.1	k141_30947	84587	83.771	4110	407	4396
NC_037882.1	k141_30947	84587	84.015	3885	468	4196
NC_037882.1	k141_30947	84587	79.709	4529	654	3930
NC_037882.1	k141_30947	84587	78.476	4711	616	3860
NC_037882.1	k141_30947	84587	86.745	1954	212	2363
NC_037882.1	k141_30947	84587	80.958	2442	242	2324
NC_037882.1	k141_30947	84587	84.218	2110	246	2297
NC_037882.1	k141_30947	84587	79.605	2432	335	2106
NC_037882.1	k141_30947	84587	74.360	3202	443	1977
NC_037882.1	k141_30947	84587	84.602	1682	230	1856
NC_037882.1	k141_30947	84587	86.031	1081	96	1260
NC_037882.1	k141_30947	84587	80.086	1391	199	1236
NC_037882.1	k141_30947	84587	77.794	1360	186	1048
NC_037882.1	k141_30947	84587	85.529	850	85	977
NC_037882.1	k141_30947	84587	78.716	1184	170	961
NC_037882.1	k141_30947	84587	75.152	990	146	677
NC_037882.1	k141_30947	84587	68.688	1204	165	483
NC_037882.1	k141_30947	84587	81.628	479	66	461
NC_037882.1	k141_30947	84587	91.003	289	26	405
NC_037882.1	k141_30947	84587	79.936	314	27	293
NC_037882.1	k141_30947	84587	78.082	292	32	227
NC_037882.1	k141_30947	84587	80.078	256	31	224
NC_037882.1	k141_30947	84587	79.911	224	29	185
NC_037882.1	k141_30947	84587	82.036	167	18	168
NC_037882.1	k141_30947	84587	82.877	146	16	150
NC_037882.1	k141_30947	84587	82.877	146	16	150
NC_037882.1	k141_30947	84587	93.814	97	6	149
NC_037882.1	k141_30947	84587	94.505	91	2	141
NC_037882.1	k141_30947	84587	72.864	199	30	115
NC_037882.1	k141_30947	84587	74.233	163	42	105
NC_037882.1	k141_30947	84587	73.939	165	43	104
NC_037882.1	k141_30947	84587	74.603	126	32	84.2
NC_037882.1	k141_30947	84587	95.238	42	2	68.0
NC_037882.1	k141_30947	84587	92.308	39	3	58.1
NC_037882.1	k141_30947	84587	92.308	39	3	58.1
NC_037882.1	k141_30947	84587	74.194	62	16	41.0
NC_037882.1	k141_22024	3936	81.687	2086	268	2026
NC_037882.1	k141_22024	3936	77.753	1371	234	1095
NC_037882.1	k141_10074	14447	83.497	1121	119	1198
NC_037882.1	k141_10074	14447	98.750	80	1	141
NC_037882.1	k141_137	1969	82.732	915	76	958
NC_037882.1	k141_137	1969	96.226	53	2	87.8
NC_037882.1	k141_137	1969	96.226	53	2	87.8
NC_037882.1	k141_12895	20745	81.831	732	116	714
NC_037882.1	k141_12895	20745	74.533	589	74	383
NC_037882.1	k141_12895	20745	94.318	88	3	134
NC_037882.1	k141_12895	20745	94.318	88	3	134
NC_037882.1	k141_12895	20745	75.000	160	19	110
NC_037882.1	k141_12895	20745	75.000	160	19	110
NC_037882.1	k141_17626	13484	85.938	512	42	595
NC_037882.1	k141_17626	13484	72.748	877	208	461
NC_037882.1	k141_17626	13484	72.748	877	208	461
NC_037882.1	k141_17626	13484	90.667	225	9	318
NC_037882.1	k141_17626	13484	90.667	225	9	318
NC_037882.1	k141_17626	13484	77.936	281	60	221
NC_037882.1	k141_17626	13484	77.936	281	60	221
NC_037882.1	k141_17626	13484	91.509	106	9	151
NC_037882.1	k141_17626	13484	86.885	61	8	75.2
NC_037882.1	k141_17626	13484	86.885	61	8	75.2
NC_037882.1	k141_11524	10900	79.588	534	44	495
NC_037882.1	k141_4642	5846	94.845	291	9	459
NC_037882.1	k141_4642	5846	94.845	291	9	459
NC_037882.1	k141_4642	5846	82.278	158	17	160
NC_037882.1	k141_27422	9950	98.739	238	3	416
NC_037882.1	k141_27422	9950	98.739	238	3	416
NC_037882.1	k141_9087	6501	77.535	503	62	390
NC_037882.1	k141_2091	388	93.145	248	17	371
NC_037882.1	k141_27313	607	91.051	257	14	360
NC_037882.1	k141_28546	4042	74.436	532	125	339
NC_037882.1	k141_28546	4042	74.436	532	125	339
NC_037882.1	k141_28546	4042	73.673	471	94	273
NC_037882.1	k141_28546	4042	73.673	471	94	273
NC_037882.1	k141_30367	1277	92.237	219	13	314
NC_037882.1	k141_30367	1277	92.237	219	13	314
NC_037882.1	k141_26886	4472	86.726	226	23	275
NC_037882.1	k141_2246	1731	69.632	652	184	260
NC_037882.1	k141_2246	1731	69.748	119	36	53.6
NC_037882.1	k141_30069	7434	90.000	190	13	254
NC_037882.1	k141_30069	7434	89.773	176	15	226
NC_037882.1	k141_31880	727	100.000	140	0	253
NC_037882.1	k141_31880	727	100.000	140	0	253
NC_037882.1	k141_13955	4584	98.571	140	2	244
NC_037882.1	k141_25171	467	92.216	167	13	243
NC_037882.1	k141_25171	467	92.216	167	13	243
NC_037882.1	k141_24199	448	95.000	140	7	222
NC_037882.1	k141_4586	491	82.258	186	22	188
NC_037882.1	k141_12954	6592	79.397	199	12	178
NC_037882.1	k141_5508	301	89.313	131	14	174
NC_037882.1	k141_5508	301	89.313	131	14	174
NC_037882.1	k141_17548	4062	88.696	115	8	150
NC_037882.1	k141_29236	6099	94.505	91	5	142
NC_037882.1	k141_27005	2234	95.714	70	3	113
NC_037882.1	k141_1882	522	85.000	100	14	110
NC_037882.1	k141_31669	4753	94.545	55	3	86.9
NC_037882.1	k141_31669	4753	94.545	55	3	86.9
NC_037882.1	k141_965	2324	70.466	193	53	86.9
NC_037882.1	k141_965	2324	70.466	193	53	86.9
NC_037882.1	k141_20984	8827	77.391	115	23	85.1
NC_037882.1	k141_20984	8827	77.391	115	23	85.1
NC_037882.1	k141_18836	12770	84.000	75	3	81.5
NC_037882.1	k141_18836	12770	84.000	75	3	81.5
NC_037882.1	k141_21403	8577	81.250	80	15	77.9
NC_037882.1	k141_15362	578	89.286	56	6	75.2
NC_037882.1	k141_30178	446	82.857	70	12	73.4
NC_037882.1	k141_30178	446	82.857	70	12	73.4
NC_056190.1	k141_20315	34498	96.892	25578	381	42673
NC_056190.1	k141_20315	34498	96.906	25563	377	42664
NC_056190.1	k141_20315	34498	83.570	7876	984	8384
NC_056190.1	k141_20315	34498	77.345	821	154	640
NC_056190.1	k141_20315	34498	80.457	481	65	439
NC_056190.1	k141_20315	34498	78.912	147	19	110
NC_056190.1	k141_20315	34498	94.444	54	2	81.5
NC_056190.1	k141_20315	34498	94.444	54	2	81.5
NC_056190.1	k141_20315	34498	95.918	49	2	80.6
NC_056190.1	k141_20315	34498	95.918	49	2	80.6
NC_056190.1	k141_20315	34498	95.122	41	2	66.2
NC_056190.1	k141_20315	34498	94.872	39	2	62.6
NC_056190.1	k141_20315	34498	89.474	38	4	51.8
NC_056190.1	k141_30947	84587	89.955	21106	1358	28507
NC_056190.1	k141_30947	84587	88.373	17580	1284	22480
NC_056190.1	k141_30947	84587	92.626	12449	603	18272
NC_056190.1	k141_30947	84587	89.558	8217	563	10946
NC_056190.1	k141_30947	84587	88.369	3998	364	5102
NC_056190.1	k141_30947	84587	86.970	3116	237	3798
NC_056190.1	k141_30947	84587	87.509	2882	261	3547
NC_056190.1	k141_30947	84587	81.534	2881	273	2774
NC_056190.1	k141_30947	84587	80.203	2071	210	1869
NC_056190.1	k141_30947	84587	84.436	1542	111	1703
NC_056190.1	k141_30947	84587	83.155	1585	149	1631
NC_056190.1	k141_30947	84587	89.389	1178	75	1544
NC_056190.1	k141_30947	84587	85.047	1371	124	1541
NC_056190.1	k141_30947	84587	79.906	1065	132	954
NC_056190.1	k141_30947	84587	78.417	417	52	323
NC_056190.1	k141_30947	84587	88.496	226	13	294
NC_056190.1	k141_30947	84587	75.641	312	54	214
NC_056190.1	k141_30947	84587	87.407	135	9	170
NC_056190.1	k141_30947	84587	89.167	120	5	161
NC_056190.1	k141_30947	84587	89.167	120	5	161
NC_056190.1	k141_30947	84587	89.381	113	9	144
NC_056190.1	k141_30947	84587	73.939	165	43	104
NC_056190.1	k141_30947	84587	73.333	165	44	100
NC_056190.1	k141_30947	84587	97.826	46	1	79.7
NC_056190.1	k141_30947	84587	92.727	55	2	79.7
NC_056190.1	k141_30947	84587	95.238	42	2	68.0
NC_056190.1	k141_30947	84587	71.318	129	37	67.1
NC_056190.1	k141_30947	84587	83.929	56	4	61.7
NC_056190.1	k141_30947	84587	90.476	42	4	59.0
NC_056190.1	k141_30947	84587	92.308	39	3	58.1
NC_056190.1	k141_30947	84587	92.308	39	3	58.1
NC_056190.1	k141_30947	84587	74.194	62	16	41.0
NC_056190.1	k141_22024	3936	84.802	1645	168	1856
NC_056190.1	k141_22024	3936	83.696	1699	173	1801
NC_056190.1	k141_22024	3936	78.400	125	16	92.4
NC_056190.1	k141_22024	3936	86.111	36	5	43.7
NC_056190.1	k141_10074	14447	92.159	1084	65	1568
NC_056190.1	k141_10074	14447	97.531	81	2	138
NC_056190.1	k141_137	1969	92.628	841	56	1239
NC_056190.1	k141_137	1969	98.113	53	1	92.4
NC_056190.1	k141_137	1969	98.113	53	1	92.4
NC_056190.1	k141_12895	20745	85.166	755	78	870
NC_056190.1	k141_12895	20745	77.856	569	86	436
NC_056190.1	k141_12895	20745	93.182	88	4	130
NC_056190.1	k141_12895	20745	93.182	88	4	130
NC_056190.1	k141_17626	13484	83.795	722	76	754
NC_056190.1	k141_17626	13484	72.860	888	210	471
NC_056190.1	k141_17626	13484	72.860	888	210	471
NC_056190.1	k141_17626	13484	90.222	225	10	314
NC_056190.1	k141_17626	13484	90.222	225	10	314
NC_056190.1	k141_17626	13484	77.580	281	61	216
NC_056190.1	k141_17626	13484	77.580	281	61	216
NC_056190.1	k141_17626	13484	86.885	61	8	75.2
NC_056190.1	k141_17626	13484	86.885	61	8	75.2
NC_056190.1	k141_11524	10900	80.524	534	39	517
NC_056190.1	k141_28546	4042	70.675	1156	270	516
NC_056190.1	k141_28546	4042	70.675	1156	270	516
NC_056190.1	k141_27422	9950	99.580	238	1	425
NC_056190.1	k141_27422	9950	99.580	238	1	425
NC_056190.1	k141_4642	5846	91.753	291	18	418
NC_056190.1	k141_4642	5846	91.753	291	18	418
NC_056190.1	k141_4642	5846	85.385	130	12	151
NC_056190.1	k141_2091	388	96.774	248	8	412
NC_056190.1	k141_27313	607	93.774	257	7	391
NC_056190.1	k141_26886	4472	94.714	227	5	358
NC_056190.1	k141_26886	4472	78.723	47	10	41.0
NC_056190.1	k141_30367	1277	94.545	220	10	341
NC_056190.1	k141_30367	1277	94.545	220	10	341
NC_056190.1	k141_9087	6501	92.641	231	8	335
NC_056190.1	k141_2246	1731	68.427	833	212	300
NC_056190.1	k141_25171	467	94.611	167	9	261
NC_056190.1	k141_25171	467	94.611	167	9	261
NC_056190.1	k141_31880	727	100.000	140	0	253
NC_056190.1	k141_31880	727	100.000	140	0	253
NC_056190.1	k141_30069	7434	89.947	189	13	252
NC_056190.1	k141_30069	7434	87.097	186	15	223
NC_056190.1	k141_13955	4584	99.286	140	1	249
NC_056190.1	k141_24199	448	97.143	140	4	235
NC_056190.1	k141_4586	491	83.158	190	21	205
NC_056190.1	k141_13591	595	99.115	113	1	200
NC_056190.1	k141_13591	595	99.115	113	1	200
NC_056190.1	k141_5508	301	89.313	131	14	174
NC_056190.1	k141_5508	301	89.313	131	14	174
NC_056190.1	k141_12954	6592	78.125	192	13	161
NC_056190.1	k141_29236	6099	94.505	91	5	142
NC_056190.1	k141_1882	522	93.407	91	6	138
NC_056190.1	k141_17548	4062	90.816	98	4	137
NC_056190.1	k141_27005	2234	94.286	70	4	109
NC_056190.1	k141_27895	2956	89.474	76	6	99.6
NC_056190.1	k141_31669	4753	96.429	56	2	93.3
NC_056190.1	k141_31669	4753	96.429	56	2	93.3
NC_056190.1	k141_15362	578	94.643	56	3	88.7
NC_056190.1	k141_965	2324	70.466	193	53	86.9
NC_056190.1	k141_965	2324	70.466	193	53	86.9
NC_056190.1	k141_18836	12770	85.333	75	2	86.0
NC_056190.1	k141_18836	12770	85.333	75	2	86.0
NC_056190.1	k141_20984	8827	77.391	115	23	85.1
NC_056190.1	k141_20984	8827	77.391	115	23	85.1
NC_056190.1	k141_30178	446	84.286	70	11	77.9
NC_056190.1	k141_30178	446	84.286	70	11	77.9
NC_056190.1	k141_30782	6678	87.500	40	5	50.9
NC_056190.1	k141_30782	6678	87.500	40	5	50.9
MN564931.1	k141_20315	34498	92.519	15707	588	23089
MN564931.1	k141_20315	34498	92.519	15707	588	23089
MN564931.1	k141_20315	34498	85.714	5327	446	6258
MN564931.1	k141_20315	34498	85.714	5327	446	6258
MN564931.1	k141_20315	34498	93.378	2250	80	3390
MN564931.1	k141_20315	34498	93.378	2250	80	3390
MN564931.1	k141_20315	34498	82.787	2713	399	2768
MN564931.1	k141_20315	34498	87.190	765	68	943
MN564931.1	k141_20315	34498	87.190	765	68	943
MN564931.1	k141_20315	34498	87.573	684	40	860
MN564931.1	k141_20315	34498	87.573	684	40	860
MN564931.1	k141_20315	34498	87.967	482	43	613
MN564931.1	k141_20315	34498	87.967	482	43	613
MN564931.1	k141_20315	34498	70.361	1218	260	562
MN564931.1	k141_20315	34498	70.361	1218	260	562
MN564931.1	k141_20315	34498	69.245	1060	241	434
MN564931.1	k141_20315	34498	69.245	1060	241	434
MN564931.1	k141_20315	34498	83.438	320	32	353
MN564931.1	k141_20315	34498	83.438	320	32	353
MN564931.1	k141_20315	34498	81.481	270	37	265
MN564931.1	k141_20315	34498	65.280	625	161	155
MN564931.1	k141_20315	34498	65.280	625	161	155
MN564931.1	k141_20315	34498	88.710	62	5	74.3
MN564931.1	k141_20315	34498	88.710	62	5	74.3
MN564931.1	k141_20315	34498	97.619	42	1	72.5
MN564931.1	k141_20315	34498	90.476	42	4	59.0
MN564931.1	k141_20315	34498	86.842	38	5	47.3
MN564931.1	k141_30947	84587	86.227	12742	1478	14974
MN564931.1	k141_30947	84587	88.694	9446	814	12188
MN564931.1	k141_30947	84587	81.763	10292	1323	10008
MN564931.1	k141_30947	84587	82.560	5711	679	5735
MN564931.1	k141_30947	84587	80.898	4010	582	3715
MN564931.1	k141_30947	84587	83.150	3270	392	3422
MN564931.1	k141_30947	84587	76.140	3554	510	2535
MN564931.1	k141_30947	84587	84.352	2013	264	2203
MN564931.1	k141_30947	84587	85.540	1888	241	2154
MN564931.1	k141_30947	84587	80.994	2173	231	2050
MN564931.1	k141_30947	84587	77.383	2423	364	1881
MN564931.1	k141_30947	84587	79.603	1613	244	1413
MN564931.1	k141_30947	84587	88.539	1047	79	1331
MN564931.1	k141_30947	84587	77.959	1225	200	943
MN564931.1	k141_30947	84587	77.007	1283	193	923
MN564931.1	k141_30947	84587	83.963	767	85	814
MN564931.1	k141_30947	84587	78.290	889	125	691
MN564931.1	k141_30947	84587	73.773	1121	176	673
MN564931.1	k141_30947	84587	79.570	744	96	636
MN564931.1	k141_30947	84587	72.195	1007	156	549
MN564931.1	k141_30947	84587	78.006	632	63	524
MN564931.1	k141_30947	84587	71.603	817	119	413
MN564931.1	k141_30947	84587	79.177	413	55	377
MN564931.1	k141_30947	84587	78.901	455	68	364
MN564931.1	k141_30947	84587	74.753	507	83	324
MN564931.1	k141_30947	84587	68.099	931	194	298
MN564931.1	k141_30947	84587	82.657	271	28	281
MN564931.1	k141_30947	84587	78.086	324	59	262
MN564931.1	k141_30947	84587	81.910	199	23	200
MN564931.1	k141_30947	84587	90.845	142	13	198
MN564931.1	k141_30947	84587	74.205	283	53	168
MN564931.1	k141_30947	84587	95.146	103	3	161
MN564931.1	k141_30947	84587	91.379	116	8	158
MN564931.1	k141_30947	84587	100.000	79	0	143
MN564931.1	k141_30947	84587	77.966	177	37	137
MN564931.1	k141_30947	84587	65.789	570	175	132
MN564931.1	k141_30947	84587	90.698	86	7	116
MN564931.1	k141_30947	84587	74.545	165	42	109
MN564931.1	k141_30947	84587	72.662	139	27	72.5
MN564931.1	k141_30947	84587	92.857	42	3	63.5
MN564931.1	k141_30947	84587	94.872	39	2	62.6
MN564931.1	k141_30947	84587	94.872	39	2	62.6
MN564931.1	k141_30947	84587	87.234	47	6	59.0
MN564931.1	k141_30947	84587	73.786	103	25	58.1
MN564931.1	k141_30947	84587	82.979	47	8	50.0
MN564931.1	k141_30947	84587	74.194	62	16	41.0
MN564931.1	k141_22024	3936	82.849	2029	268	2055
MN564931.1	k141_22024	3936	80.098	1226	204	1089
MN564931.1	k141_22024	3936	88.506	87	10	113
MN564931.1	k141_10074	14447	83.287	1089	135	1141
MN564931.1	k141_10074	14447	97.500	80	2	136
MN564931.1	k141_137	1969	80.804	896	108	872
MN564931.1	k141_137	1969	96.226	53	2	87.8
MN564931.1	k141_137	1969	96.226	53	2	87.8
MN564931.1	k141_17626	13484	79.976	844	97	754
MN564931.1	k141_17626	13484	72.976	877	206	470
MN564931.1	k141_17626	13484	72.976	877	206	470
MN564931.1	k141_17626	13484	77.936	281	60	221
MN564931.1	k141_17626	13484	77.936	281	60	221
MN564931.1	k141_17626	13484	96.341	82	3	135
MN564931.1	k141_17626	13484	96.341	82	3	135
MN564931.1	k141_17626	13484	86.885	61	8	75.2
MN564931.1	k141_17626	13484	86.885	61	8	75.2
MN564931.1	k141_12895	20745	76.871	735	136	559
MN564931.1	k141_12895	20745	76.898	303	35	223
MN564931.1	k141_12895	20745	73.308	266	41	160
MN564931.1	k141_12895	20745	96.429	84	3	139
MN564931.1	k141_12895	20745	96.429	84	3	139
MN564931.1	k141_12895	20745	74.658	146	24	91.5
MN564931.1	k141_12895	20745	74.658	146	24	91.5
MN564931.1	k141_11524	10900	79.167	528	45	480
MN564931.1	k141_4642	5846	92.096	291	17	418
MN564931.1	k141_4642	5846	92.096	291	17	418
MN564931.1	k141_4642	5846	80.905	199	30	187
MN564931.1	k141_27422	9950	98.739	238	3	416
MN564931.1	k141_27422	9950	98.739	238	3	416
MN564931.1	k141_2091	388	92.742	248	18	367
MN564931.1	k141_28546	4042	73.872	532	128	325
MN564931.1	k141_28546	4042	73.872	532	128	325
MN564931.1	k141_28546	4042	74.518	467	97	277
MN564931.1	k141_28546	4042	74.518	467	97	277
MN564931.1	k141_27313	607	87.843	255	22	320
MN564931.1	k141_2246	1731	67.692	845	236	291
MN564931.1	k141_30367	1277	89.091	220	22	287
MN564931.1	k141_30367	1277	89.091	220	22	287
MN564931.1	k141_26886	4472	85.463	227	26	263
MN564931.1	k141_31880	727	100.000	140	0	253
MN564931.1	k141_31880	727	100.000	140	0	253
MN564931.1	k141_9087	6501	85.398	226	30	249
MN564931.1	k141_13955	4584	98.571	140	2	244
MN564931.1	k141_25171	467	92.216	167	13	243
MN564931.1	k141_25171	467	92.216	167	13	243
MN564931.1	k141_30069	7434	87.895	190	17	236
MN564931.1	k141_30069	7434	88.742	151	17	196
MN564931.1	k141_30069	7434	69.663	178	14	87.8
MN564931.1	k141_24199	448	95.000	140	7	222
MN564931.1	k141_5508	301	89.313	131	14	174
MN564931.1	k141_5508	301	89.313	131	14	174
MN564931.1	k141_12954	6592	78.238	193	13	163
MN564931.1	k141_17548	4062	86.992	123	11	150
MN564931.1	k141_4586	491	77.174	184	31	144
MN564931.1	k141_29236	6099	93.407	91	6	138
MN564931.1	k141_27005	2234	95.714	70	3	113
MN564931.1	k141_1882	522	83.158	95	16	100
MN564931.1	k141_965	2324	70.466	193	53	86.9
MN564931.1	k141_965	2324	70.466	193	53	86.9
MN564931.1	k141_20984	8827	77.391	115	23	85.1
MN564931.1	k141_20984	8827	77.391	115	23	85.1
MN564931.1	k141_18836	12770	89.831	59	1	80.6
MN564931.1	k141_18836	12770	89.831	59	1	80.6
MN564931.1	k141_30178	446	84.375	64	10	71.6
MN564931.1	k141_30178	446	84.375	64	10	71.6
MN564931.1	k141_31669	4753	88.679	53	6	69.8
MN564931.1	k141_31669	4753	88.679	53	6	69.8
MN564931.1	k141_21403	8577	78.750	80	17	68.9
MN564931.1	k141_15362	578	88.235	51	6	66.2
NC_031651.1	k141_30947	84587	85.090	12837	1558	14527
NC_031651.1	k141_30947	84587	89.816	5774	511	7737
NC_031651.1	k141_30947	84587	82.353	6426	835	6413
NC_031651.1	k141_30947	84587	79.908	4977	730	4387
NC_031651.1	k141_30947	84587	85.418	3662	366	4204
NC_031651.1	k141_30947	84587	82.624	4184	529	4158
NC_031651.1	k141_30947	84587	74.458	6276	986	3927
NC_031651.1	k141_30947	84587	82.904	3533	421	3602
NC_031651.1	k141_30947	84587	79.335	4031	638	3443
NC_031651.1	k141_30947	84587	84.733	1893	230	2106
NC_031651.1	k141_30947	84587	82.387	2061	306	2038
NC_031651.1	k141_30947	84587	79.472	2309	258	2015
NC_031651.1	k141_30947	84587	87.902	1058	97	1319
NC_031651.1	k141_30947	84587	76.115	1570	258	1107
NC_031651.1	k141_30947	84587	76.054	1566	236	1102
NC_031651.1	k141_30947	84587	83.626	1026	142	1076
NC_031651.1	k141_30947	84587	76.256	1453	225	989
NC_031651.1	k141_30947	84587	78.632	1170	184	971
NC_031651.1	k141_30947	84587	80.285	984	141	867
NC_031651.1	k141_30947	84587	75.178	1265	214	826
NC_031651.1	k141_30947	84587	75.108	1157	173	753
NC_031651.1	k141_30947	84587	82.306	746	116	743
NC_031651.1	k141_30947	84587	80.172	580	89	525
NC_031651.1	k141_30947	84587	71.475	922	159	468
NC_031651.1	k141_30947	84587	81.995	411	61	402
NC_031651.1	k141_30947	84587	76.134	507	80	339
NC_031651.1	k141_30947	84587	77.714	350	47	277
NC_031651.1	k141_30947	84587	84.118	170	23	180
NC_031651.1	k141_30947	84587	67.692	455	84	157
NC_031651.1	k141_30947	84587	90.351	114	9	154
NC_031651.1	k141_30947	84587	75.349	215	44	140
NC_031651.1	k141_30947	84587	82.946	129	16	135
NC_031651.1	k141_30947	84587	75.758	165	40	118
NC_031651.1	k141_30947	84587	75.152	165	41	113
NC_031651.1	k141_30947	84587	93.846	65	4	100
NC_031651.1	k141_30947	84587	85.714	84	7	94.2
NC_031651.1	k141_30947	84587	94.872	39	2	62.6
NC_031651.1	k141_30947	84587	94.872	39	2	62.6
NC_031651.1	k141_30947	84587	83.333	42	7	45.5
NC_031651.1	k141_30947	84587	74.194	62	16	41.0
NC_031651.1	k141_20315	34498	93.970	9105	316	13966
NC_031651.1	k141_20315	34498	93.970	9105	316	13966
NC_031651.1	k141_20315	34498	92.706	9199	498	13599
NC_031651.1	k141_20315	34498	93.161	9066	482	13585
NC_031651.1	k141_20315	34498	88.597	6630	310	8667
NC_031651.1	k141_20315	34498	88.597	6630	310	8667
NC_031651.1	k141_20315	34498	81.460	2794	405	2698
NC_031651.1	k141_20315	34498	68.843	3845	887	1521
NC_031651.1	k141_20315	34498	79.869	1530	236	1364
NC_031651.1	k141_20315	34498	80.162	247	40	220
NC_031651.1	k141_20315	34498	97.959	49	1	85.1
NC_031651.1	k141_20315	34498	97.959	49	1	85.1
NC_031651.1	k141_20315	34498	91.379	58	5	83.3
NC_031651.1	k141_20315	34498	95.238	42	2	68.0
NC_031651.1	k141_22024	3936	82.039	2060	289	2003
NC_031651.1	k141_22024	3936	77.372	1233	233	945
NC_031651.1	k141_22024	3936	81.579	114	20	108
NC_031651.1	k141_10074	14447	81.588	1108	153	1053
NC_031651.1	k141_10074	14447	100.000	55	0	100
NC_031651.1	k141_17626	13484	80.869	852	110	810
NC_031651.1	k141_17626	13484	73.182	880	199	476
NC_031651.1	k141_17626	13484	73.182	880	199	476
NC_031651.1	k141_17626	13484	77.936	281	60	221
NC_031651.1	k141_17626	13484	77.936	281	60	221
NC_031651.1	k141_17626	13484	80.889	225	26	219
NC_031651.1	k141_17626	13484	80.889	225	26	219
NC_031651.1	k141_17626	13484	86.885	61	8	75.2
NC_031651.1	k141_17626	13484	86.885	61	8	75.2
NC_031651.1	k141_137	1969	77.520	863	134	691
NC_031651.1	k141_137	1969	96.226	53	2	87.8
NC_031651.1	k141_137	1969	96.226	53	2	87.8
NC_031651.1	k141_12895	20745	76.849	730	138	529
NC_031651.1	k141_12895	20745	77.980	495	71	387
NC_031651.1	k141_12895	20745	93.182	88	4	130
NC_031651.1	k141_12895	20745	93.182	88	4	130
NC_031651.1	k141_28546	4042	70.390	1155	275	508
NC_031651.1	k141_28546	4042	70.390	1155	275	508
NC_031651.1	k141_11524	10900	77.528	534	55	445
NC_031651.1	k141_4642	5846	93.471	291	13	441
NC_031651.1	k141_4642	5846	93.471	291	13	441
NC_031651.1	k141_4642	5846	93.617	94	6	143
NC_031651.1	k141_27422	9950	97.899	238	5	407
NC_031651.1	k141_27422	9950	97.899	238	5	407
NC_031651.1	k141_2091	388	93.548	248	16	376
NC_031651.1	k141_27313	607	89.105	257	19	337
NC_031651.1	k141_9087	6501	78.457	376	51	305
NC_031651.1	k141_26886	4472	86.222	225	24	269
NC_031651.1	k141_26886	4472	78.723	47	10	41.0
NC_031651.1	k141_2246	1731	69.337	649	191	254
NC_031651.1	k141_2246	1731	68.862	167	46	59.9
NC_031651.1	k141_31880	727	100.000	140	0	253
NC_031651.1	k141_31880	727	100.000	140	0	253
NC_031651.1	k141_25171	467	93.413	167	11	252
NC_031651.1	k141_25171	467	93.413	167	11	252
NC_031651.1	k141_13955	4584	97.857	140	3	240
NC_031651.1	k141_30069	7434	87.895	190	17	236
NC_031651.1	k141_30069	7434	89.873	158	11	214
NC_031651.1	k141_24199	448	93.571	140	9	213
NC_031651.1	k141_5508	301	89.313	131	14	174
NC_031651.1	k141_5508	301	89.313	131	14	174
NC_031651.1	k141_4586	491	80.108	186	26	170
NC_031651.1	k141_17548	4062	88.000	125	10	159
NC_031651.1	k141_12954	6592	76.190	210	16	158
NC_031651.1	k141_13591	595	85.484	124	5	146
NC_031651.1	k141_13591	595	85.484	124	5	146
NC_031651.1	k141_29236	6099	91.209	91	8	129
NC_031651.1	k141_27005	2234	94.286	70	4	109
NC_031651.1	k141_1882	522	84.211	95	15	104
NC_031651.1	k141_31669	4753	98.182	55	1	96.0
NC_031651.1	k141_31669	4753	98.182	55	1	96.0
NC_031651.1	k141_965	2324	70.984	193	52	91.5
NC_031651.1	k141_965	2324	70.984	193	52	91.5
NC_031651.1	k141_20984	8827	77.391	115	23	85.1
NC_031651.1	k141_20984	8827	77.391	115	23	85.1
NC_031651.1	k141_15362	578	92.857	56	4	84.2
NC_031651.1	k141_21403	8577	75.200	125	29	79.7
NC_031651.1	k141_18836	12770	81.333	75	5	72.5
NC_031651.1	k141_18836	12770	81.333	75	5	72.5
NC_031651.1	k141_30178	446	78.571	70	15	59.9
NC_031651.1	k141_30178	446	78.571	70	15	59.9
NC_031651.1	k141_20628	1170	83.721	43	7	47.3
MW366789.1	k141_30947	84587	79.938	8384	1440	7467
MW366789.1	k141_30947	84587	88.998	5190	517	6754
MW366789.1	k141_30947	84587	88.998	5190	517	6754
MW366789.1	k141_30947	84587	90.115	2610	247	3541
MW366789.1	k141_30947	84587	80.989	2951	399	2777
MW366789.1	k141_30947	84587	77.302	3551	596	2676
MW366789.1	k141_30947	84587	75.200	3746	706	2462
MW366789.1	k141_30947	84587	85.677	1934	272	2231
MW366789.1	k141_30947	84587	87.274	1658	193	2020
MW366789.1	k141_30947	84587	77.251	2721	460	1999
MW366789.1	k141_30947	84587	82.520	1722	277	1730
MW366789.1	k141_30947	84587	78.384	1906	366	1550
MW366789.1	k141_30947	84587	73.836	2083	446	1295
MW366789.1	k141_30947	84587	75.508	1723	233	1168
MW366789.1	k141_30947	84587	83.761	1090	143	1150
MW366789.1	k141_30947	84587	75.815	1625	283	1119
MW366789.1	k141_30947	84587	85.457	832	107	941
MW366789.1	k141_30947	84587	75.657	990	175	642
MW366789.1	k141_30947	84587	80.699	658	116	607
MW366789.1	k141_30947	84587	71.046	1157	249	569
MW366789.1	k141_30947	84587	84.235	425	53	455
MW366789.1	k141_30947	84587	73.810	756	143	453
MW366789.1	k141_30947	84587	75.262	667	117	431
MW366789.1	k141_30947	84587	73.785	679	111	393
MW366789.1	k141_30947	84587	76.923	494	111	371
MW366789.1	k141_30947	84587	71.549	710	137	339
MW366789.1	k141_30947	84587	75.803	467	111	326
MW366789.1	k141_30947	84587	73.077	598	137	325
MW366789.1	k141_30947	84587	74.624	532	95	311
MW366789.1	k141_30947	84587	87.156	218	26	265
MW366789.1	k141_30947	84587	83.794	253	34	265
MW366789.1	k141_30947	84587	75.540	417	77	261
MW366789.1	k141_30947	84587	73.709	426	61	251
MW366789.1	k141_30947	84587	73.709	426	61	251
MW366789.1	k141_30947	84587	76.667	360	66	238
MW366789.1	k141_30947	84587	80.843	261	35	228
MW366789.1	k141_30947	84587	63.849	1325	317	224
MW366789.1	k141_30947	84587	73.816	359	92	217
MW366789.1	k141_30947	84587	83.168	202	24	212
MW366789.1	k141_30947	84587	72.155	413	90	209
MW366789.1	k141_30947	84587	76.000	275	43	193
MW366789.1	k141_30947	84587	86.076	158	22	187
MW366789.1	k141_30947	84587	90.071	141	11	186
MW366789.1	k141_30947	84587	87.755	147	14	184
MW366789.1	k141_30947	84587	79.621	211	30	181
MW366789.1	k141_30947	84587	78.571	224	26	177
MW366789.1	k141_30947	84587	74.074	270	48	169
MW366789.1	k141_30947	84587	94.231	104	6	161
MW366789.1	k141_30947	84587	73.063	271	49	155
MW366789.1	k141_30947	84587	84.397	141	21	152
MW366789.1	k141_30947	84587	93.878	98	6	150
MW366789.1	k141_30947	84587	98.795	83	1	146
MW366789.1	k141_30947	84587	98.795	83	1	146
MW366789.1	k141_30947	84587	90.099	101	7	136
MW366789.1	k141_30947	84587	93.478	92	5	136
MW366789.1	k141_30947	84587	67.220	482	143	135
MW366789.1	k141_30947	84587	67.220	482	143	135
MW366789.1	k141_30947	84587	81.507	146	17	133
MW366789.1	k141_30947	84587	97.368	76	2	129
MW366789.1	k141_30947	84587	92.222	90	6	128
MW366789.1	k141_30947	84587	68.827	324	83	123
MW366789.1	k141_30947	84587	68.827	324	83	123
MW366789.1	k141_30947	84587	83.333	114	19	121
MW366789.1	k141_30947	84587	92.208	77	6	113
MW366789.1	k141_30947	84587	85.567	97	13	109
MW366789.1	k141_30947	84587	87.097	93	9	108
MW366789.1	k141_30947	84587	83.838	99	16	107
MW366789.1	k141_30947	84587	90.789	76	6	103
MW366789.1	k141_30947	84587	77.778	126	28	102
MW366789.1	k141_30947	84587	72.727	165	45	96.0
MW366789.1	k141_30947	84587	72.727	165	45	96.0
MW366789.1	k141_30947	84587	75.912	137	21	92.4
MW366789.1	k141_30947	84587	86.301	73	10	87.8
MW366789.1	k141_30947	84587	83.824	68	11	74.3
MW366789.1	k141_30947	84587	70.064	157	45	65.3
MW366789.1	k141_30947	84587	70.064	157	45	65.3
MW366789.1	k141_30947	84587	83.019	53	9	56.3
MW366789.1	k141_30947	84587	83.019	53	9	56.3
MW366789.1	k141_30947	84587	79.032	62	13	54.5
MW366789.1	k141_30947	84587	79.032	62	13	54.5
MW366789.1	k141_30947	84587	74.324	74	18	45.5
MW366789.1	k141_30947	84587	67.442	129	42	44.6
MW366789.1	k141_30947	84587	67.442	129	42	44.6
MW366789.1	k141_20315	34498	90.494	5260	315	7174
MW366789.1	k141_20315	34498	90.494	5260	315	7174
MW366789.1	k141_20315	34498	87.519	4639	383	5766
MW366789.1	k141_20315	34498	87.519	4639	383	5766
MW366789.1	k141_20315	34498	81.748	2712	433	2612
MW366789.1	k141_20315	34498	81.748	2712	433	2612
MW366789.1	k141_20315	34498	91.616	1801	97	2567
MW366789.1	k141_20315	34498	91.616	1801	97	2567
MW366789.1	k141_20315	34498	89.337	1735	135	2296
MW366789.1	k141_20315	34498	89.455	1726	135	2295
MW366789.1	k141_20315	34498	84.740	616	53	689
MW366789.1	k141_20315	34498	84.740	616	53	689
MW366789.1	k141_20315	34498	84.792	480	43	528
MW366789.1	k141_20315	34498	84.792	480	43	528
MW366789.1	k141_20315	34498	84.792	480	43	528
MW366789.1	k141_20315	34498	81.602	337	40	326
MW366789.1	k141_20315	34498	81.602	337	40	326
MW366789.1	k141_20315	34498	90.698	172	16	239
MW366789.1	k141_20315	34498	90.698	172	16	239
MW366789.1	k141_20315	34498	96.350	137	5	225
MW366789.1	k141_20315	34498	96.350	137	5	225
MW366789.1	k141_20315	34498	83.254	209	25	215
MW366789.1	k141_20315	34498	90.278	144	14	197
MW366789.1	k141_20315	34498	90.278	144	14	197
MW366789.1	k141_20315	34498	84.659	176	26	193
MW366789.1	k141_20315	34498	84.659	176	26	193
MW366789.1	k141_20315	34498	87.500	128	10	162
MW366789.1	k141_20315	34498	87.500	128	10	160
MW366789.1	k141_20315	34498	80.233	172	20	157
MW366789.1	k141_20315	34498	80.233	172	20	157
MW366789.1	k141_20315	34498	93.478	92	6	140
MW366789.1	k141_20315	34498	93.478	92	6	140
MW366789.1	k141_20315	34498	97.959	49	1	85.1
MW366789.1	k141_20315	34498	97.959	49	1	85.1
MW366789.1	k141_20315	34498	85.714	49	7	58.1
MW366789.1	k141_20315	34498	85.714	49	7	58.1
MW366789.1	k141_20315	34498	85.714	49	7	58.1
MW366789.1	k141_20315	34498	92.308	39	3	58.1
MW366789.1	k141_20315	34498	92.105	38	3	56.3
MW366789.1	k141_22024	3936	78.829	1417	264	1177
MW366789.1	k141_22024	3936	74.246	1161	232	748
MW366789.1	k141_22024	3936	76.227	387	83	274
MW366789.1	k141_10074	14447	73.905	1119	233	679
MW366789.1	k141_10074	14447	97.561	82	2	140
MW366789.1	k141_10074	14447	97.561	82	2	140
MW366789.1	k141_17626	13484	81.659	687	88	652
MW366789.1	k141_17626	13484	72.564	893	196	456
MW366789.1	k141_17626	13484	72.564	893	196	456
MW366789.1	k141_17626	13484	90.164	61	6	84.2
MW366789.1	k141_17626	13484	90.164	61	6	84.2
MW366789.1	k141_17626	13484	88.525	61	7	79.7
MW366789.1	k141_17626	13484	88.525	61	7	79.7
MW366789.1	k141_11524	10900	76.030	534	63	409
MW366789.1	k141_27422	9950	95.417	240	9	381
MW366789.1	k141_27422	9950	95.417	240	9	381
MW366789.1	k141_12895	20745	71.081	740	157	363
MW366789.1	k141_12895	20745	73.177	384	62	221
MW366789.1	k141_12895	20745	94.595	74	4	116
MW366789.1	k141_12895	20745	94.595	74	4	116
MW366789.1	k141_2091	388	90.650	246	23	341
MW366789.1	k141_2091	388	90.650	246	23	341
MW366789.1	k141_28546	4042	73.872	532	128	325
MW366789.1	k141_28546	4042	73.872	532	128	325
MW366789.1	k141_28546	4042	74.732	467	98	284
MW366789.1	k141_28546	4042	74.732	467	98	284
MW366789.1	k141_2246	1731	67.542	838	229	279
MW366789.1	k141_27313	607	80.309	259	36	238
MW366789.1	k141_13955	4584	96.377	138	5	227
MW366789.1	k141_13955	4584	96.377	138	5	227
MW366789.1	k141_26886	4472	80.435	230	38	214
MW366789.1	k141_26886	4472	86.957	46	6	57.2
MW366789.1	k141_26886	4472	86.957	46	6	57.2
MW366789.1	k141_31880	727	92.199	141	10	202
MW366789.1	k141_31880	727	92.199	141	10	202
MW366789.1	k141_24199	448	91.429	140	12	199
MW366789.1	k141_24199	448	91.429	140	12	199
MW366789.1	k141_30069	7434	83.696	184	24	194
MW366789.1	k141_30069	7434	89.922	129	11	172
MW366789.1	k141_9087	6501	87.413	143	18	178
MW366789.1	k141_5508	301	87.786	131	16	165
MW366789.1	k141_5508	301	87.786	131	16	165
MW366789.1	k141_4642	5846	94.792	96	5	151
MW366789.1	k141_4642	5846	94.792	96	5	151
MW366789.1	k141_4642	5846	93.750	96	6	147
MW366789.1	k141_4642	5846	93.750	96	6	147
MW366789.1	k141_4642	5846	80.795	151	20	137
MW366789.1	k141_4586	491	78.857	175	26	150
MW366789.1	k141_17548	4062	87.963	108	8	137
MW366789.1	k141_12954	6592	74.611	193	20	132
MW366789.1	k141_12954	6592	74.611	193	20	132
MW366789.1	k141_27005	2234	94.286	70	4	109
MW366789.1	k141_1882	522	85.263	95	14	109
MW366789.1	k141_29236	6099	85.714	91	13	106
MW366789.1	k141_29236	6099	85.714	91	13	106
MW366789.1	k141_25171	467	74.534	161	38	104
MW366789.1	k141_25171	467	74.534	161	38	104
MW366789.1	k141_965	2324	69.634	191	58	84.2
MW366789.1	k141_965	2324	69.634	191	58	84.2
MW366789.1	k141_20984	8827	76.522	115	24	80.6
MW366789.1	k141_20984	8827	76.522	115	24	80.6
MW366789.1	k141_20984	8827	82.812	64	11	67.1
MW366789.1	k141_20984	8827	82.812	64	11	67.1
MW366789.1	k141_18836	12770	86.441	59	3	71.6
MW366789.1	k141_18836	12770	86.441	59	3	71.6
MW366789.1	k141_21403	8577	71.724	145	35	69.8
MW366789.1	k141_15362	578	90.000	50	5	68.9
MW366789.1	k141_15362	578	90.000	50	5	68.9
MW366789.1	k141_24021	10723	85.455	55	8	64.4
KT899950.1	k141_20315	34498	84.759	18103	1996	20098
KT899950.1	k141_20315	34498	93.646	10199	386	15474
KT899950.1	k141_20315	34498	92.233	9425	513	13760
KT899950.1	k141_20315	34498	92.608	9307	503	13728
KT899950.1	k141_20315	34498	89.263	6631	291	8872
KT899950.1	k141_20315	34498	89.263	6631	291	8872
KT899950.1	k141_20315	34498	78.544	261	43	222
KT899950.1	k141_20315	34498	95.918	49	2	80.6
KT899950.1	k141_20315	34498	95.918	49	2	80.6
KT899950.1	k141_20315	34498	92.308	39	3	58.1
KT899950.1	k141_20315	34498	86.842	38	5	47.3
KT899950.1	k141_30947	84587	85.124	12846	1550	14489
KT899950.1	k141_30947	84587	80.856	10395	1405	9649
KT899950.1	k141_30947	84587	89.622	5772	498	7701
KT899950.1	k141_30947	84587	83.202	5441	642	5653
KT899950.1	k141_30947	84587	91.771	2637	205	3775
KT899950.1	k141_30947	84587	81.355	3631	476	3461
KT899950.1	k141_30947	84587	82.248	2135	233	2130
KT899950.1	k141_30947	84587	85.714	1827	229	2112
KT899950.1	k141_30947	84587	82.314	2092	306	2095
KT899950.1	k141_30947	84587	76.030	2499	364	1780
KT899950.1	k141_30947	84587	86.246	1505	144	1762
KT899950.1	k141_30947	84587	74.490	2403	405	1578
KT899950.1	k141_30947	84587	87.592	1088	95	1345
KT899950.1	k141_30947	84587	82.955	1279	197	1321
KT899950.1	k141_30947	84587	75.064	1945	410	1272
KT899950.1	k141_30947	84587	71.335	2292	413	1153
KT899950.1	k141_30947	84587	82.780	1115	159	1140
KT899950.1	k141_30947	84587	79.760	1082	159	929
KT899950.1	k141_30947	84587	76.252	1318	216	914
KT899950.1	k141_30947	84587	84.203	728	102	784
KT899950.1	k141_30947	84587	73.414	993	152	594
KT899950.1	k141_30947	84587	77.763	760	107	580
KT899950.1	k141_30947	84587	78.455	673	91	560
KT899950.1	k141_30947	84587	74.566	806	104	513
KT899950.1	k141_30947	84587	77.949	585	88	462
KT899950.1	k141_30947	84587	80.894	492	65	454
KT899950.1	k141_30947	84587	85.492	386	42	439
KT899950.1	k141_30947	84587	76.030	534	77	365
KT899950.1	k141_30947	84587	79.830	352	60	298
KT899950.1	k141_30947	84587	81.550	271	35	260
KT899950.1	k141_30947	84587	75.281	267	48	174
KT899950.1	k141_30947	84587	74.638	276	52	172
KT899950.1	k141_30947	84587	83.974	156	18	167
KT899950.1	k141_30947	84587	80.537	149	18	144
KT899950.1	k141_30947	84587	83.916	143	20	144
KT899950.1	k141_30947	84587	90.196	102	9	136
KT899950.1	k141_30947	84587	92.941	85	6	127
KT899950.1	k141_30947	84587	68.827	324	83	123
KT899950.1	k141_30947	84587	72.523	222	40	123
KT899950.1	k141_30947	84587	90.909	88	7	120
KT899950.1	k141_30947	84587	74.359	156	40	102
KT899950.1	k141_30947	84587	73.856	153	33	85.1
KT899950.1	k141_30947	84587	73.881	134	30	85.1
KT899950.1	k141_30947	84587	69.355	186	48	74.3
KT899950.1	k141_30947	84587	75.000	104	26	71.6
KT899950.1	k141_30947	84587	94.872	39	2	62.6
KT899950.1	k141_30947	84587	94.872	39	2	62.6
KT899950.1	k141_30947	84587	74.194	62	16	41.0
KT899950.1	k141_22024	3936	82.349	1558	233	1527
KT899950.1	k141_22024	3936	79.813	1174	199	1034
KT899950.1	k141_22024	3936	85.027	374	54	416
KT899950.1	k141_22024	3936	81.731	104	17	100
KT899950.1	k141_10074	14447	78.882	1127	167	957
KT899950.1	k141_10074	14447	97.436	78	2	132
KT899950.1	k141_137	1969	81.406	882	113	853
KT899950.1	k141_137	1969	96.226	53	2	87.8
KT899950.1	k141_137	1969	96.226	53	2	87.8
KT899950.1	k141_17626	13484	82.185	842	103	827
KT899950.1	k141_17626	13484	73.318	877	203	483
KT899950.1	k141_17626	13484	73.318	877	203	483
KT899950.1	k141_17626	13484	77.936	281	60	221
KT899950.1	k141_17626	13484	77.936	281	60	221
KT899950.1	k141_17626	13484	79.111	225	15	214
KT899950.1	k141_17626	13484	79.111	225	15	214
KT899950.1	k141_17626	13484	86.885	61	8	75.2
KT899950.1	k141_17626	13484	86.885	61	8	75.2
KT899950.1	k141_12895	20745	76.391	737	145	540
KT899950.1	k141_12895	20745	74.341	569	75	347
KT899950.1	k141_12895	20745	95.238	84	4	134
KT899950.1	k141_12895	20745	95.238	84	4	134
KT899950.1	k141_11524	10900	77.528	534	55	445
KT899950.1	k141_4642	5846	91.753	291	18	418
KT899950.1	k141_4642	5846	91.753	291	18	418
KT899950.1	k141_4642	5846	76.190	231	36	168
KT899950.1	k141_27422	9950	98.739	238	3	416
KT899950.1	k141_27422	9950	98.739	238	3	416
KT899950.1	k141_2091	388	93.145	248	17	371
KT899950.1	k141_28546	4042	74.248	532	126	334
KT899950.1	k141_28546	4042	74.248	532	126	334
KT899950.1	k141_28546	4042	73.885	471	93	278
KT899950.1	k141_28546	4042	73.885	471	93	278
KT899950.1	k141_27313	607	86.770	257	25	310
KT899950.1	k141_9087	6501	90.583	223	17	303
KT899950.1	k141_30367	1277	88.889	225	18	287
KT899950.1	k141_30367	1277	88.889	225	18	287
KT899950.1	k141_26886	4472	87.500	224	21	280
KT899950.1	k141_31880	727	100.000	140	0	253
KT899950.1	k141_31880	727	100.000	140	0	253
KT899950.1	k141_13955	4584	99.286	140	1	249
KT899950.1	k141_25171	467	91.617	167	14	239
KT899950.1	k141_25171	467	91.617	167	14	239
KT899950.1	k141_30069	7434	85.714	189	21	216
KT899950.1	k141_30069	7434	87.097	155	11	185
KT899950.1	k141_2246	1731	71.136	440	125	214
KT899950.1	k141_2246	1731	70.659	167	43	73.4
KT899950.1	k141_24199	448	92.857	140	10	208
KT899950.1	k141_4586	491	82.105	190	23	191
KT899950.1	k141_5508	301	89.313	131	14	174
KT899950.1	k141_5508	301	89.313	131	14	174
KT899950.1	k141_17548	4062	89.916	119	7	161
KT899950.1	k141_12954	6592	76.812	207	14	161
KT899950.1	k141_29236	6099	95.604	91	4	147
KT899950.1	k141_27005	2234	95.714	70	3	113
KT899950.1	k141_1882	522	83.158	95	16	100
KT899950.1	k141_31669	4753	98.182	55	1	96.0
KT899950.1	k141_31669	4753	98.182	55	1	96.0
KT899950.1	k141_965	2324	70.466	193	53	86.9
KT899950.1	k141_965	2324	70.466	193	53	86.9
KT899950.1	k141_20984	8827	77.391	115	23	85.1
KT899950.1	k141_20984	8827	77.391	115	23	85.1
KT899950.1	k141_20984	8827	82.812	64	11	67.1
KT899950.1	k141_20984	8827	82.812	64	11	67.1
KT899950.1	k141_18836	12770	84.337	83	3	83.3
KT899950.1	k141_18836	12770	84.337	83	3	83.3
KT899950.1	k141_21403	8577	74.400	125	30	75.2
KT899950.1	k141_15362	578	87.500	56	7	70.7
KT899950.1	k141_30178	446	81.429	70	13	68.9
KT899950.1	k141_30178	446	81.429	70	13	68.9
KT899950.1	k141_30782	6678	87.500	40	5	50.9
KT899950.1	k141_30782	6678	87.500	40	5	50.9
GU191334.1	k141_20315	34498	87.981	3744	318	4672
GU191334.1	k141_20315	34498	87.981	3744	318	4672
GU191334.1	k141_20315	34498	86.943	2650	231	3157
GU191334.1	k141_20315	34498	86.943	2650	231	3157
GU191334.1	k141_20315	34498	75.890	1742	402	1224
GU191334.1	k141_20315	34498	78.993	1033	160	856
GU191334.1	k141_20315	34498	78.993	1033	160	856
GU191334.1	k141_20315	34498	75.298	672	153	453
GU191334.1	k141_20315	34498	76.471	442	104	329
GU191334.1	k141_20315	34498	71.183	524	142	264
GU191334.1	k141_20315	34498	71.429	511	142	259
GU191334.1	k141_20315	34498	76.623	308	72	232
GU191334.1	k141_20315	34498	94.937	79	4	125
GU191334.1	k141_20315	34498	94.937	79	4	125
GU191334.1	k141_20315	34498	89.286	84	9	112
GU191334.1	k141_20315	34498	92.000	75	6	109
GU191334.1	k141_20315	34498	92.000	75	6	109
GU191334.1	k141_20315	34498	88.158	76	9	97.8
GU191334.1	k141_20315	34498	77.982	109	24	89.7
GU191334.1	k141_20315	34498	73.723	137	32	76.1
GU191334.1	k141_20315	34498	86.957	46	6	57.2
GU191334.1	k141_20315	34498	84.615	52	7	55.4
GU191334.1	k141_20315	34498	85.366	41	6	48.2
GU191334.1	k141_30947	84587	81.914	4534	818	4473
GU191334.1	k141_30947	84587	83.639	2451	400	2609
GU191334.1	k141_30947	84587	69.883	3689	1036	1572
GU191334.1	k141_30947	84587	82.488	1439	252	1460
GU191334.1	k141_30947	84587	89.556	1082	108	1438
GU191334.1	k141_30947	84587	80.396	1566	306	1437
GU191334.1	k141_30947	84587	78.521	1704	351	1410
GU191334.1	k141_30947	84587	73.278	2309	532	1370
GU191334.1	k141_30947	84587	82.885	707	111	726
GU191334.1	k141_30947	84587	71.484	1294	335	652
GU191334.1	k141_30947	84587	76.693	871	199	642
GU191334.1	k141_30947	84587	70.121	1409	397	625
GU191334.1	k141_30947	84587	74.806	901	194	600
GU191334.1	k141_30947	84587	83.784	555	83	584
GU191334.1	k141_30947	84587	76.934	698	156	525
GU191334.1	k141_30947	84587	74.010	808	155	516
GU191334.1	k141_30947	84587	70.009	1117	290	487
GU191334.1	k141_30947	84587	75.556	630	97	422
GU191334.1	k141_30947	84587	66.773	1571	386	405
GU191334.1	k141_30947	84587	71.429	763	207	377
GU191334.1	k141_30947	84587	77.848	474	103	375
GU191334.1	k141_30947	84587	71.799	695	192	365
GU191334.1	k141_30947	84587	77.574	437	94	342
GU191334.1	k141_30947	84587	82.879	257	44	266
GU191334.1	k141_30947	84587	69.345	672	172	260
GU191334.1	k141_30947	84587	68.759	669	203	248
GU191334.1	k141_30947	84587	71.242	459	98	233
GU191334.1	k141_30947	84587	76.316	304	72	224
GU191334.1	k141_30947	84587	71.327	422	121	216
GU191334.1	k141_30947	84587	78.469	209	45	175
GU191334.1	k141_30947	84587	78.829	222	43	175
GU191334.1	k141_30947	84587	68.374	449	103	174
GU191334.1	k141_30947	84587	66.154	650	204	164
GU191334.1	k141_30947	84587	75.799	219	53	157
GU191334.1	k141_30947	84587	69.484	426	102	150
GU191334.1	k141_30947	84587	82.143	140	16	131
GU191334.1	k141_30947	84587	91.011	89	8	125
GU191334.1	k141_30947	84587	92.045	88	6	124
GU191334.1	k141_30947	84587	97.260	73	2	123
GU191334.1	k141_30947	84587	90.805	87	8	122
GU191334.1	k141_30947	84587	93.671	79	5	121
GU191334.1	k141_30947	84587	87.000	100	10	121
GU191334.1	k141_30947	84587	94.737	76	4	120
GU191334.1	k141_30947	84587	94.737	76	4	120
GU191334.1	k141_30947	84587	68.525	305	96	118
GU191334.1	k141_30947	84587	79.104	134	28	116
GU191334.1	k141_30947	84587	94.595	74	4	116
GU191334.1	k141_30947	84587	93.243	74	5	112
GU191334.1	k141_30947	84587	79.365	126	26	111
GU191334.1	k141_30947	84587	84.466	103	10	111
GU191334.1	k141_30947	84587	78.417	139	28	109
GU191334.1	k141_30947	84587	89.873	79	8	107
GU191334.1	k141_30947	84587	77.206	136	31	106
GU191334.1	k141_30947	84587	79.231	130	22	104
GU191334.1	k141_30947	84587	86.667	75	10	91.5
GU191334.1	k141_30947	84587	77.119	118	24	90.6
GU191334.1	k141_30947	84587	67.619	210	31	88.7
GU191334.1	k141_30947	84587	78.151	119	18	87.8
GU191334.1	k141_30947	84587	80.000	90	18	82.4
GU191334.1	k141_30947	84587	87.324	71	7	81.5
GU191334.1	k141_30947	84587	76.471	102	24	77.0
GU191334.1	k141_30947	84587	79.070	86	18	75.2
GU191334.1	k141_30947	84587	77.108	83	19	65.3
GU191334.1	k141_30947	84587	97.368	38	1	65.3
GU191334.1	k141_22024	3936	69.734	1391	374	590
GU191334.1	k141_22024	3936	66.986	836	239	239
GU191334.1	k141_22024	3936	93.827	81	5	124
GU191334.1	k141_17626	13484	73.094	892	201	481
GU191334.1	k141_17626	13484	73.094	892	201	481
GU191334.1	k141_17626	13484	70.392	510	119	228
GU191334.1	k141_17626	13484	77.580	281	61	216
GU191334.1	k141_17626	13484	77.580	281	61	216
GU191334.1	k141_17626	13484	88.525	61	7	79.7
GU191334.1	k141_17626	13484	88.525	61	7	79.7
GU191334.1	k141_27422	9950	95.798	238	10	385
GU191334.1	k141_27422	9950	95.798	238	10	385
GU191334.1	k141_28546	4042	74.200	531	128	331
GU191334.1	k141_28546	4042	74.200	531	128	331
GU191334.1	k141_28546	4042	73.876	467	100	272
GU191334.1	k141_28546	4042	73.876	467	100	272
GU191334.1	k141_11524	10900	71.834	529	84	306
GU191334.1	k141_2246	1731	68.278	848	226	302
GU191334.1	k141_31880	727	98.571	140	2	244
GU191334.1	k141_31880	727	98.571	140	2	244
GU191334.1	k141_2091	388	81.377	247	46	239
GU191334.1	k141_10074	14447	74.598	311	72	207
GU191334.1	k141_10074	14447	81.176	170	32	163
GU191334.1	k141_10074	14447	87.342	79	10	98.7
GU191334.1	k141_13955	4584	92.143	140	11	204
GU191334.1	k141_4642	5846	84.181	177	23	194
GU191334.1	k141_4642	5846	84.181	177	23	194
GU191334.1	k141_4642	5846	93.421	76	5	115
GU191334.1	k141_137	1969	70.386	466	109	178
GU191334.1	k141_137	1969	76.562	192	45	144
GU191334.1	k141_24199	448	86.429	140	19	168
GU191334.1	k141_5508	301	87.023	131	17	160
GU191334.1	k141_5508	301	87.023	131	17	160
GU191334.1	k141_26886	4472	75.113	221	48	153
GU191334.1	k141_27313	607	75.113	221	46	150
GU191334.1	k141_4586	491	84.034	119	19	130
GU191334.1	k141_30069	7434	90.909	88	7	120
GU191334.1	k141_30069	7434	71.053	190	45	86.9
GU191334.1	k141_12895	20745	87.952	83	10	105
GU191334.1	k141_12895	20745	85.714	84	11	95.1
GU191334.1	k141_12895	20745	85.714	84	11	95.1
GU191334.1	k141_12895	20745	84.810	79	9	87.8
GU191334.1	k141_20984	8827	78.261	115	22	89.7
GU191334.1	k141_20984	8827	78.261	115	22	89.7
GU191334.1	k141_20984	8827	82.812	64	11	67.1
GU191334.1	k141_20984	8827	82.812	64	11	67.1
GU191334.1	k141_9087	6501	74.775	111	28	75.2
GU191334.1	k141_29236	6099	78.824	85	18	73.4
GU191334.1	k141_21403	8577	79.012	81	17	70.7
GU191334.1	k141_27005	2234	79.412	68	14	60.8
GU191334.1	k141_3825	674	85.294	34	5	40.1
