MZ962720.1	k141_61032	18325	90.486	7631	488	10433
MZ962720.1	k141_61032	18325	90.486	7631	488	10433
MZ962720.1	k141_61032	18325	85.827	3288	252	3910
MZ962720.1	k141_61032	18325	85.827	3288	252	3910
MZ962720.1	k141_61032	18325	87.578	1449	141	1801
MZ962720.1	k141_61032	18325	87.578	1449	141	1801
MZ962720.1	k141_61032	18325	90.481	1082	103	1488
MZ962720.1	k141_61032	18325	80.630	826	74	779
MZ962720.1	k141_61032	18325	82.831	332	32	338
MZ962720.1	k141_61032	18325	82.831	332	32	338
MZ962720.1	k141_61032	18325	76.808	401	48	296
MZ962720.1	k141_61032	18325	76.808	401	48	296
MZ962720.1	k141_61032	18325	82.490	257	25	257
MZ962720.1	k141_61032	18325	82.490	257	25	257
MZ962720.1	k141_61032	18325	81.224	245	31	231
MZ962720.1	k141_61032	18325	72.774	393	67	223
MZ962720.1	k141_61032	18325	72.774	393	67	223
MZ962720.1	k141_61032	18325	83.854	192	31	207
MZ962720.1	k141_61032	18325	83.854	192	31	207
MZ962720.1	k141_61032	18325	98.765	81	1	142
MZ962720.1	k141_61032	18325	98.765	81	1	142
MZ962720.1	k141_61032	18325	95.238	42	2	68.0
MZ962720.1	k141_61032	18325	95.238	42	2	68.0
MZ962720.1	k141_78234	88741	77.585	8432	1608	6579
MZ962720.1	k141_78234	88741	86.979	5207	620	6278
MZ962720.1	k141_78234	88741	76.496	5029	801	3625
MZ962720.1	k141_78234	88741	90.206	2481	243	3379
MZ962720.1	k141_78234	88741	76.415	3570	627	2548
MZ962720.1	k141_78234	88741	83.333	2004	311	2103
MZ962720.1	k141_78234	88741	87.024	1472	184	1787
MZ962720.1	k141_78234	88741	79.424	1735	297	1493
MZ962720.1	k141_78234	88741	77.222	1958	400	1472
MZ962720.1	k141_78234	88741	73.851	2088	437	1254
MZ962720.1	k141_78234	88741	70.560	2303	397	1062
MZ962720.1	k141_78234	88741	75.316	1580	290	1056
MZ962720.1	k141_78234	88741	80.076	1049	143	942
MZ962720.1	k141_78234	88741	85.190	790	105	895
MZ962720.1	k141_78234	88741	87.695	577	68	719
MZ962720.1	k141_78234	88741	82.137	627	92	627
MZ962720.1	k141_78234	88741	82.137	627	92	627
MZ962720.1	k141_78234	88741	68.007	1816	445	621
MZ962720.1	k141_78234	88741	73.373	1014	167	570
MZ962720.1	k141_78234	88741	81.770	565	100	554
MZ962720.1	k141_78234	88741	87.215	438	53	536
MZ962720.1	k141_78234	88741	87.215	438	53	536
MZ962720.1	k141_78234	88741	79.777	539	109	481
MZ962720.1	k141_78234	88741	79.777	539	109	481
MZ962720.1	k141_78234	88741	74.795	730	149	465
MZ962720.1	k141_78234	88741	83.871	403	42	424
MZ962720.1	k141_78234	88741	78.452	478	65	383
MZ962720.1	k141_78234	88741	75.154	487	110	330
MZ962720.1	k141_78234	88741	75.899	473	87	328
MZ962720.1	k141_78234	88741	69.197	685	109	323
MZ962720.1	k141_78234	88741	78.351	388	73	323
MZ962720.1	k141_78234	88741	71.635	691	138	321
MZ962720.1	k141_78234	88741	79.082	392	64	314
MZ962720.1	k141_78234	88741	67.472	993	249	303
MZ962720.1	k141_78234	88741	73.319	461	55	303
MZ962720.1	k141_78234	88741	75.306	409	50	270
MZ962720.1	k141_78234	88741	69.492	649	131	262
MZ962720.1	k141_78234	88741	84.100	239	34	260
MZ962720.1	k141_78234	88741	70.147	546	118	255
MZ962720.1	k141_78234	88741	83.043	230	34	240
MZ962720.1	k141_78234	88741	81.498	227	33	224
MZ962720.1	k141_78234	88741	81.498	227	33	224
MZ962720.1	k141_78234	88741	71.194	427	74	215
MZ962720.1	k141_78234	88741	71.194	427	74	215
MZ962720.1	k141_78234	88741	75.244	307	51	212
MZ962720.1	k141_78234	88741	75.244	307	51	212
MZ962720.1	k141_78234	88741	74.917	303	76	205
MZ962720.1	k141_78234	88741	80.189	212	33	193
MZ962720.1	k141_78234	88741	80.189	212	33	193
MZ962720.1	k141_78234	88741	83.240	179	25	188
MZ962720.1	k141_78234	88741	73.571	280	23	187
MZ962720.1	k141_78234	88741	84.302	172	26	186
MZ962720.1	k141_78234	88741	71.709	357	63	178
MZ962720.1	k141_78234	88741	90.698	129	11	176
MZ962720.1	k141_78234	88741	66.212	660	148	172
MZ962720.1	k141_78234	88741	78.261	207	38	168
MZ962720.1	k141_78234	88741	83.237	173	18	165
MZ962720.1	k141_78234	88741	86.957	138	12	165
MZ962720.1	k141_78234	88741	77.833	203	45	164
MZ962720.1	k141_78234	88741	83.226	155	26	163
MZ962720.1	k141_78234	88741	82.500	160	22	159
MZ962720.1	k141_78234	88741	69.159	428	69	158
MZ962720.1	k141_78234	88741	86.331	139	15	156
MZ962720.1	k141_78234	88741	87.218	133	14	153
MZ962720.1	k141_78234	88741	73.953	215	39	142
MZ962720.1	k141_78234	88741	86.957	115	15	141
MZ962720.1	k141_78234	88741	78.161	174	36	141
MZ962720.1	k141_78234	88741	79.012	162	34	140
MZ962720.1	k141_78234	88741	90.722	97	9	135
MZ962720.1	k141_78234	88741	89.216	102	4	132
MZ962720.1	k141_78234	88741	74.336	226	52	130
MZ962720.1	k141_78234	88741	74.336	226	52	130
MZ962720.1	k141_78234	88741	97.368	76	2	129
MZ962720.1	k141_78234	88741	73.953	215	39	129
MZ962720.1	k141_78234	88741	73.953	215	39	129
MZ962720.1	k141_78234	88741	91.954	87	5	123
MZ962720.1	k141_78234	88741	65.358	586	185	123
MZ962720.1	k141_78234	88741	93.506	77	5	117
MZ962720.1	k141_78234	88741	77.027	148	29	110
MZ962720.1	k141_78234	88741	77.027	148	29	110
MZ962720.1	k141_78234	88741	77.027	148	29	110
MZ962720.1	k141_78234	88741	85.263	95	10	104
MZ962720.1	k141_78234	88741	75.510	147	32	103
MZ962720.1	k141_78234	88741	77.692	130	28	101
MZ962720.1	k141_78234	88741	90.667	75	6	101
MZ962720.1	k141_78234	88741	76.800	125	29	96.0
MZ962720.1	k141_78234	88741	72.727	165	45	96.0
MZ962720.1	k141_78234	88741	77.165	127	24	95.1
MZ962720.1	k141_78234	88741	79.808	104	15	95.1
MZ962720.1	k141_78234	88741	79.808	104	15	95.1
MZ962720.1	k141_78234	88741	77.586	116	26	93.3
MZ962720.1	k141_78234	88741	77.586	116	26	93.3
MZ962720.1	k141_78234	88741	85.897	78	11	92.4
MZ962720.1	k141_78234	88741	82.292	96	15	90.6
MZ962720.1	k141_78234	88741	79.208	101	14	90.6
MZ962720.1	k141_78234	88741	79.070	86	18	75.2
MZ962720.1	k141_78234	88741	79.070	86	18	75.2
MZ962720.1	k141_78234	88741	79.070	86	18	75.2
MZ962720.1	k141_78234	88741	68.807	218	64	73.4
MZ962720.1	k141_78234	88741	75.758	99	24	71.6
MZ962720.1	k141_78234	88741	75.758	99	24	71.6
MZ962720.1	k141_78234	88741	76.923	91	19	63.5
MZ962720.1	k141_78234	88741	78.788	66	14	57.2
MZ962720.1	k141_78234	88741	78.788	66	14	57.2
MZ962720.1	k141_78234	88741	78.947	57	8	49.1
MZ962720.1	k141_78234	88741	74.242	66	17	43.7
MZ962720.1	k141_81159	16879	79.688	2693	451	2347
MZ962720.1	k141_81159	16879	79.688	2693	451	2347
MZ962720.1	k141_81159	16879	78.234	1948	386	1578
MZ962720.1	k141_81159	16879	75.055	2277	524	1500
MZ962720.1	k141_81159	16879	80.277	1445	238	1292
MZ962720.1	k141_81159	16879	80.277	1445	238	1292
MZ962720.1	k141_81159	16879	74.462	975	205	631
MZ962720.1	k141_81159	16879	78.655	595	127	501
MZ962720.1	k141_81159	16879	78.655	595	127	501
MZ962720.1	k141_81159	16879	80.473	338	64	310
MZ962720.1	k141_81159	16879	90.909	99	6	132
MZ962720.1	k141_20504	11107	90.269	781	51	1053
MZ962720.1	k141_20504	11107	90.269	781	51	1053
MZ962720.1	k141_68701	3355	70.848	1156	272	517
MZ962720.1	k141_68701	3355	70.848	1156	272	517
MZ962720.1	k141_68701	3355	64.854	515	153	98.7
MZ962720.1	k141_68701	3355	64.854	515	153	98.7
MZ962720.1	k141_68701	3355	82.474	97	16	96.0
MZ962720.1	k141_68701	3355	82.474	97	16	96.0
MZ962720.1	k141_68701	3355	89.655	58	6	78.8
MZ962720.1	k141_68701	3355	89.655	58	6	78.8
MZ962720.1	k141_68701	3355	89.655	58	6	78.8
MZ962720.1	k141_39204	9847	71.219	886	213	410
MZ962720.1	k141_39204	9847	71.219	886	213	410
MZ962720.1	k141_39204	9847	88.525	61	7	79.7
MZ962720.1	k141_39204	9847	88.525	61	7	79.7
MZ962720.1	k141_39204	9847	88.525	61	7	79.7
MZ962720.1	k141_11629	5852	79.167	360	46	320
MZ962720.1	k141_11629	5852	78.030	264	45	214
MZ962720.1	k141_11629	5852	78.030	264	45	214
MZ962720.1	k141_53230	4264	68.075	639	192	217
MZ962720.1	k141_53230	4264	74.157	89	23	58.1
MZ962720.1	k141_26917	507	92.857	140	10	208
MZ962720.1	k141_61343	29252	75.352	284	36	192
MZ962720.1	k141_61343	29252	97.561	82	2	140
MZ962720.1	k141_61343	29252	97.561	82	2	140
MZ962720.1	k141_61343	29252	74.222	225	39	135
MZ962720.1	k141_71683	12448	90.071	141	7	180
MZ962720.1	k141_71683	12448	90.071	141	7	180
MZ962720.1	k141_71683	12448	73.333	135	32	77.0
MZ962720.1	k141_46390	5073	91.753	97	8	140
MZ962720.1	k141_23721	8713	96.250	80	3	132
MZ962720.1	k141_23721	8713	96.250	80	3	132
MZ962720.1	k141_68151	1540	91.765	85	3	122
MZ962720.1	k141_68151	1540	91.765	85	3	122
MZ962720.1	k141_68151	1540	88.679	53	5	66.2
MZ962720.1	k141_57188	5243	92.308	78	6	114
MZ962720.1	k141_57188	5243	77.273	66	15	52.7
MZ962720.1	k141_71208	728	89.157	83	9	110
MZ962720.1	k141_80416	420	79.832	119	22	104
MZ962720.1	k141_80416	420	79.832	119	22	104
MZ962720.1	k141_65837	634	88.462	78	9	101
MZ962720.1	k141_65837	634	88.462	78	9	101
MZ962720.1	k141_28550	387	88.462	78	9	101
MZ962720.1	k141_28550	387	88.462	78	9	101
MZ962720.1	k141_27217	499	89.041	73	8	96.9
MZ962720.1	k141_79250	626	95.745	47	2	77.0
MZ962720.1	k141_79250	626	95.745	47	2	77.0
MZ962720.1	k141_61968	16182	76.238	101	14	75.2
MZ962720.1	k141_66633	4770	93.750	48	3	74.3
MZ962720.1	k141_66633	4770	93.750	48	3	74.3
MZ962720.1	k141_10098	20338	90.000	50	5	68.9
MH569081.1	k141_78234	88741	86.192	5417	688	6348
MH569081.1	k141_78234	88741	80.651	3995	670	3691
MH569081.1	k141_78234	88741	88.661	2487	282	3214
MH569081.1	k141_78234	88741	78.999	3338	630	2847
MH569081.1	k141_78234	88741	80.319	2886	412	2609
MH569081.1	k141_78234	88741	80.969	2333	393	2185
MH569081.1	k141_78234	88741	83.118	1937	318	2014
MH569081.1	k141_78234	88741	86.515	1498	195	1789
MH569081.1	k141_78234	88741	79.920	1748	283	1551
MH569081.1	k141_78234	88741	80.327	1713	296	1549
MH569081.1	k141_78234	88741	76.790	2025	371	1510
MH569081.1	k141_78234	88741	72.825	2241	497	1280
MH569081.1	k141_78234	88741	72.941	2173	345	1235
MH569081.1	k141_78234	88741	73.775	1918	387	1202
MH569081.1	k141_78234	88741	73.633	1938	364	1167
MH569081.1	k141_78234	88741	79.038	1331	224	1103
MH569081.1	k141_78234	88741	83.502	988	112	1044
MH569081.1	k141_78234	88741	68.936	2350	577	874
MH569081.1	k141_78234	88741	78.335	997	163	819
MH569081.1	k141_78234	88741	78.335	997	163	819
MH569081.1	k141_78234	88741	83.792	654	88	696
MH569081.1	k141_78234	88741	77.500	880	166	688
MH569081.1	k141_78234	88741	77.500	880	166	688
MH569081.1	k141_78234	88741	80.365	657	125	599
MH569081.1	k141_78234	88741	82.478	565	96	572
MH569081.1	k141_78234	88741	88.736	435	48	561
MH569081.1	k141_78234	88741	88.736	435	48	561
MH569081.1	k141_78234	88741	72.364	977	175	554
MH569081.1	k141_78234	88741	74.926	674	115	426
MH569081.1	k141_78234	88741	77.944	535	82	421
MH569081.1	k141_78234	88741	68.669	1232	227	418
MH569081.1	k141_78234	88741	86.581	313	34	370
MH569081.1	k141_78234	88741	75.896	502	109	362
MH569081.1	k141_78234	88741	73.625	618	107	359
MH569081.1	k141_78234	88741	71.387	692	156	344
MH569081.1	k141_78234	88741	75.427	468	90	313
MH569081.1	k141_78234	88741	71.124	703	137	300
MH569081.1	k141_78234	88741	80.000	325	27	297
MH569081.1	k141_78234	88741	67.586	870	135	291
MH569081.1	k141_78234	88741	74.036	389	45	284
MH569081.1	k141_78234	88741	74.036	389	45	284
MH569081.1	k141_78234	88741	85.000	240	33	269
MH569081.1	k141_78234	88741	69.858	564	122	268
MH569081.1	k141_78234	88741	85.586	222	32	257
MH569081.1	k141_78234	88741	77.987	318	61	253
MH569081.1	k141_78234	88741	77.987	318	61	253
MH569081.1	k141_78234	88741	75.796	314	68	223
MH569081.1	k141_78234	88741	84.772	197	24	222
MH569081.1	k141_78234	88741	80.080	251	35	214
MH569081.1	k141_78234	88741	76.596	282	64	205
MH569081.1	k141_78234	88741	88.000	150	17	187
MH569081.1	k141_78234	88741	85.542	166	18	184
MH569081.1	k141_78234	88741	75.636	275	55	183
MH569081.1	k141_78234	88741	85.806	155	22	181
MH569081.1	k141_78234	88741	77.727	220	49	177
MH569081.1	k141_78234	88741	81.707	164	18	159
MH569081.1	k141_78234	88741	66.440	587	177	158
MH569081.1	k141_78234	88741	85.106	141	17	155
MH569081.1	k141_78234	88741	83.688	141	17	152
MH569081.1	k141_78234	88741	85.714	133	13	151
MH569081.1	k141_78234	88741	74.396	207	38	135
MH569081.1	k141_78234	88741	89.899	99	10	134
MH569081.1	k141_78234	88741	98.667	75	1	132
MH569081.1	k141_78234	88741	88.660	97	5	127
MH569081.1	k141_78234	88741	89.474	95	10	127
MH569081.1	k141_78234	88741	84.685	111	17	124
MH569081.1	k141_78234	88741	93.506	77	5	117
MH569081.1	k141_78234	88741	88.889	90	8	111
MH569081.1	k141_78234	88741	73.295	176	32	102
MH569081.1	k141_78234	88741	73.620	163	43	101
MH569081.1	k141_78234	88741	83.333	78	13	83.3
MH569081.1	k141_78234	88741	83.333	60	10	64.4
MH569081.1	k141_78234	88741	71.552	116	33	61.7
MH569081.1	k141_78234	88741	77.143	70	16	55.4
MH569081.1	k141_78234	88741	83.673	49	8	53.6
MH569081.1	k141_61032	18325	92.272	3028	155	4369
MH569081.1	k141_61032	18325	92.272	3028	155	4369
MH569081.1	k141_61032	18325	90.724	2954	190	4060
MH569081.1	k141_61032	18325	90.724	2954	190	4060
MH569081.1	k141_61032	18325	90.859	2538	136	3551
MH569081.1	k141_61032	18325	90.859	2538	136	3551
MH569081.1	k141_61032	18325	86.153	2311	145	2784
MH569081.1	k141_61032	18325	86.153	2311	145	2784
MH569081.1	k141_61032	18325	92.752	1490	92	2193
MH569081.1	k141_61032	18325	92.752	1490	92	2193
MH569081.1	k141_61032	18325	90.942	1115	94	1553
MH569081.1	k141_61032	18325	78.091	817	111	638
MH569081.1	k141_61032	18325	78.091	817	111	638
MH569081.1	k141_61032	18325	75.845	799	125	565
MH569081.1	k141_61032	18325	75.845	799	125	565
MH569081.1	k141_61032	18325	83.099	426	50	442
MH569081.1	k141_61032	18325	83.099	426	50	442
MH569081.1	k141_61032	18325	100.000	81	0	147
MH569081.1	k141_61032	18325	100.000	81	0	147
MH569081.1	k141_61032	18325	90.566	53	4	70.7
MH569081.1	k141_61032	18325	90.566	53	4	70.7
MH569081.1	k141_61032	18325	92.857	42	3	63.5
MH569081.1	k141_61032	18325	92.857	42	3	63.5
MH569081.1	k141_61032	18325	92.308	39	3	58.1
MH569081.1	k141_81159	16879	76.567	3303	626	2425
MH569081.1	k141_81159	16879	78.120	2724	479	2142
MH569081.1	k141_81159	16879	74.978	2266	512	1508
MH569081.1	k141_81159	16879	78.079	1437	272	1139
MH569081.1	k141_81159	16879	73.033	1131	262	641
MH569081.1	k141_81159	16879	77.122	542	104	397
MH569081.1	k141_81159	16879	70.701	314	57	143
MH569081.1	k141_81159	16879	82.692	104	17	104
MH569081.1	k141_81159	16879	82.692	104	17	104
MH569081.1	k141_81159	16879	100.000	43	0	78.8
MH569081.1	k141_81159	16879	100.000	43	0	78.8
MH569081.1	k141_81159	16879	90.476	42	4	59.0
MH569081.1	k141_20504	11107	93.471	628	34	932
MH569081.1	k141_20504	11107	93.471	628	34	932
MH569081.1	k141_11629	5852	89.474	418	38	544
MH569081.1	k141_11629	5852	89.474	418	38	544
MH569081.1	k141_68701	3355	71.069	1151	274	511
MH569081.1	k141_68701	3355	71.069	1151	274	511
MH569081.1	k141_68701	3355	75.120	209	50	136
MH569081.1	k141_68701	3355	75.120	209	50	136
MH569081.1	k141_68701	3355	80.412	97	19	90.6
MH569081.1	k141_68701	3355	80.412	97	19	90.6
MH569081.1	k141_68701	3355	89.474	57	6	77.0
MH569081.1	k141_68701	3355	89.474	57	6	77.0
MH569081.1	k141_68701	3355	71.338	157	40	72.5
MH569081.1	k141_68701	3355	71.338	157	40	72.5
MH569081.1	k141_39204	9847	71.591	880	213	435
MH569081.1	k141_39204	9847	71.591	880	213	435
MH569081.1	k141_39204	9847	75.889	253	59	175
MH569081.1	k141_39204	9847	75.889	253	59	175
MH569081.1	k141_39204	9847	90.164	61	6	84.2
MH569081.1	k141_39204	9847	90.164	61	6	84.2
MH569081.1	k141_61343	29252	69.500	600	107	241
MH569081.1	k141_61343	29252	96.429	84	3	139
MH569081.1	k141_61343	29252	96.429	84	3	139
MH569081.1	k141_61343	29252	81.600	125	23	123
MH569081.1	k141_61343	29252	81.600	125	23	123
MH569081.1	k141_53230	4264	72.222	432	118	232
MH569081.1	k141_53230	4264	75.325	77	19	54.5
MH569081.1	k141_26917	507	94.286	140	8	217
MH569081.1	k141_71683	12448	88.112	143	10	175
MH569081.1	k141_71683	12448	88.112	143	10	175
MH569081.1	k141_71683	12448	73.109	119	30	64.4
MH569081.1	k141_61046	8508	87.395	119	15	148
MH569081.1	k141_61046	8508	87.395	119	15	148
MH569081.1	k141_46390	5073	97.531	81	2	138
MH569081.1	k141_23721	8713	97.500	80	2	136
MH569081.1	k141_23721	8713	97.500	80	2	136
MH569081.1	k141_68151	1540	90.588	85	4	117
MH569081.1	k141_68151	1540	90.588	85	4	117
MH569081.1	k141_68151	1540	94.340	53	2	79.7
MH569081.1	k141_57188	5243	94.521	73	4	114
MH569081.1	k141_57188	5243	80.000	70	14	64.4
MH569081.1	k141_71208	728	87.952	83	10	105
MH569081.1	k141_65837	634	89.744	78	8	105
MH569081.1	k141_65837	634	89.744	78	8	105
MH569081.1	k141_28550	387	89.744	78	8	105
MH569081.1	k141_28550	387	89.744	78	8	105
MH569081.1	k141_27217	499	88.732	71	8	93.3
MH569081.1	k141_71481	590	77.273	110	23	84.2
MH569081.1	k141_79250	626	97.826	46	1	79.7
MH569081.1	k141_79250	626	97.826	46	1	79.7
MH569081.1	k141_66633	4770	93.750	48	3	74.3
MH569081.1	k141_66633	4770	93.750	48	3	74.3
MH569081.1	k141_58063	331	89.091	55	6	73.4
MH569081.1	k141_58063	331	89.091	55	6	73.4
MH569081.1	k141_80416	420	73.109	119	30	68.9
MH569081.1	k141_10098	20338	90.000	50	5	68.9
MH569081.1	k141_61968	16182	76.190	84	11	66.2
MH569081.1	k141_61968	16182	91.429	35	3	50.9
MH569081.1	k141_61968	16182	91.429	35	3	50.9
MH569081.1	k141_22348	2658	80.488	41	8	39.2
NC_033978.1	k141_61032	18325	91.199	11340	621	15922
NC_033978.1	k141_61032	18325	92.372	10737	479	15653
NC_033978.1	k141_61032	18325	92.862	3068	119	4555
NC_033978.1	k141_61032	18325	92.862	3068	119	4555
NC_033978.1	k141_61032	18325	95.828	1534	50	2478
NC_033978.1	k141_61032	18325	95.828	1534	50	2478
NC_033978.1	k141_61032	18325	91.261	1213	94	1703
NC_033978.1	k141_61032	18325	84.159	928	55	1013
NC_033978.1	k141_61032	18325	84.159	928	55	1013
NC_033978.1	k141_61032	18325	100.000	80	0	145
NC_033978.1	k141_61032	18325	95.946	74	1	113
NC_033978.1	k141_61032	18325	95.946	74	1	113
NC_033978.1	k141_61032	18325	100.000	39	0	71.6
NC_033978.1	k141_61032	18325	92.857	42	3	63.5
NC_033978.1	k141_61032	18325	84.211	38	6	42.8
NC_033978.1	k141_78234	88741	84.441	12642	1624	13884
NC_033978.1	k141_78234	88741	90.234	5652	489	7653
NC_033978.1	k141_78234	88741	82.195	6487	839	6430
NC_033978.1	k141_78234	88741	78.027	7978	1079	6421
NC_033978.1	k141_78234	88741	86.318	3808	411	4564
NC_033978.1	k141_78234	88741	86.318	3808	411	4564
NC_033978.1	k141_78234	88741	88.841	3029	279	3907
NC_033978.1	k141_78234	88741	80.172	3833	518	3502
NC_033978.1	k141_78234	88741	86.154	2954	314	3475
NC_033978.1	k141_78234	88741	84.377	2810	323	3131
NC_033978.1	k141_78234	88741	84.377	2810	323	3131
NC_033978.1	k141_78234	88741	78.036	3014	475	2377
NC_033978.1	k141_78234	88741	82.523	2243	266	2284
NC_033978.1	k141_78234	88741	77.726	2595	411	2067
NC_033978.1	k141_78234	88741	83.688	1925	252	2045
NC_033978.1	k141_78234	88741	79.004	2248	287	1904
NC_033978.1	k141_78234	88741	75.074	2692	538	1788
NC_033978.1	k141_78234	88741	83.727	1143	141	1210
NC_033978.1	k141_78234	88741	79.307	1039	122	953
NC_033978.1	k141_78234	88741	79.307	1039	122	953
NC_033978.1	k141_78234	88741	79.006	1086	152	869
NC_033978.1	k141_78234	88741	87.612	670	78	830
NC_033978.1	k141_78234	88741	86.050	681	87	794
NC_033978.1	k141_78234	88741	77.237	1006	130	750
NC_033978.1	k141_78234	88741	92.449	490	31	714
NC_033978.1	k141_78234	88741	72.446	1292	221	690
NC_033978.1	k141_78234	88741	73.893	1107	155	675
NC_033978.1	k141_78234	88741	70.320	1031	194	442
NC_033978.1	k141_78234	88741	70.308	1007	172	421
NC_033978.1	k141_78234	88741	77.778	522	77	409
NC_033978.1	k141_78234	88741	82.641	409	44	389
NC_033978.1	k141_78234	88741	84.709	327	31	373
NC_033978.1	k141_78234	88741	90.435	230	15	314
NC_033978.1	k141_78234	88741	81.560	282	34	269
NC_033978.1	k141_78234	88741	75.591	381	55	262
NC_033978.1	k141_78234	88741	96.178	157	6	257
NC_033978.1	k141_78234	88741	77.946	331	57	251
NC_033978.1	k141_78234	88741	92.949	156	11	233
NC_033978.1	k141_78234	88741	94.366	142	7	217
NC_033978.1	k141_78234	88741	81.659	229	37	215
NC_033978.1	k141_78234	88741	84.239	184	26	191
NC_033978.1	k141_78234	88741	94.915	118	5	183
NC_033978.1	k141_78234	88741	80.788	203	23	178
NC_033978.1	k141_78234	88741	84.848	165	17	175
NC_033978.1	k141_78234	88741	94.000	100	5	150
NC_033978.1	k141_78234	88741	91.589	107	8	150
NC_033978.1	k141_78234	88741	93.750	96	3	145
NC_033978.1	k141_78234	88741	76.531	196	27	137
NC_033978.1	k141_78234	88741	65.993	544	163	132
NC_033978.1	k141_78234	88741	76.970	165	38	127
NC_033978.1	k141_78234	88741	91.667	84	7	121
NC_033978.1	k141_78234	88741	75.000	172	26	119
NC_033978.1	k141_78234	88741	83.784	74	11	77.0
NC_033978.1	k141_78234	88741	88.095	42	5	54.5
NC_033978.1	k141_78234	88741	88.095	42	5	54.5
NC_033978.1	k141_78234	88741	72.727	66	18	39.2
NC_033978.1	k141_81159	16879	81.894	2745	412	2656
NC_033978.1	k141_81159	16879	80.331	2298	422	2103
NC_033978.1	k141_81159	16879	82.877	2009	313	2069
NC_033978.1	k141_81159	16879	85.463	1252	153	1437
NC_033978.1	k141_81159	16879	70.854	2189	519	1026
NC_033978.1	k141_81159	16879	77.866	1256	219	1007
NC_033978.1	k141_81159	16879	79.430	1157	196	985
NC_033978.1	k141_81159	16879	71.403	1689	362	825
NC_033978.1	k141_81159	16879	79.137	278	41	238
NC_033978.1	k141_81159	16879	100.000	42	0	77.0
NC_033978.1	k141_81159	16879	100.000	42	0	77.0
NC_033978.1	k141_81159	16879	92.857	42	3	63.5
NC_033978.1	k141_20504	11107	93.726	781	29	1166
NC_033978.1	k141_20504	11107	93.726	781	29	1166
NC_033978.1	k141_11629	5852	91.726	423	23	608
NC_033978.1	k141_11629	5852	91.726	423	23	608
NC_033978.1	k141_68701	3355	70.920	1152	274	519
NC_033978.1	k141_68701	3355	70.920	1152	274	519
NC_033978.1	k141_68701	3355	65.896	519	143	115
NC_033978.1	k141_68701	3355	65.896	519	143	115
NC_033978.1	k141_68701	3355	87.931	58	7	74.3
NC_033978.1	k141_68701	3355	87.931	58	7	74.3
NC_033978.1	k141_39204	9847	72.127	879	210	445
NC_033978.1	k141_39204	9847	72.127	879	210	445
NC_033978.1	k141_39204	9847	78.409	264	55	213
NC_033978.1	k141_39204	9847	78.409	264	55	213
NC_033978.1	k141_39204	9847	86.885	61	8	75.2
NC_033978.1	k141_39204	9847	86.885	61	8	75.2
NC_033978.1	k141_61343	29252	75.478	628	100	411
NC_033978.1	k141_61343	29252	93.197	147	10	221
NC_033978.1	k141_61343	29252	93.197	147	10	221
NC_033978.1	k141_61343	29252	100.000	83	0	150
NC_033978.1	k141_61343	29252	100.000	83	0	150
NC_033978.1	k141_61343	29252	87.037	54	7	67.1
NC_033978.1	k141_61046	8508	95.939	197	8	320
NC_033978.1	k141_61046	8508	95.939	197	8	320
NC_033978.1	k141_53230	4264	66.794	783	221	240
NC_033978.1	k141_71683	12448	92.143	140	6	204
NC_033978.1	k141_71683	12448	92.143	140	6	204
NC_033978.1	k141_71683	12448	78.750	80	17	68.9
NC_033978.1	k141_26917	507	92.143	140	11	204
NC_033978.1	k141_46390	5073	80.519	154	15	143
NC_033978.1	k141_71481	590	87.273	110	14	136
NC_033978.1	k141_23721	8713	97.468	79	2	134
NC_033978.1	k141_71208	728	95.181	83	4	132
NC_033978.1	k141_80416	420	84.034	119	17	127
NC_033978.1	k141_68151	1540	92.941	85	2	126
NC_033978.1	k141_68151	1540	92.941	85	2	126
NC_033978.1	k141_68151	1540	92.453	53	3	75.2
NC_033978.1	k141_57188	5243	93.671	79	5	121
NC_033978.1	k141_57188	5243	77.049	61	14	48.2
NC_033978.1	k141_27217	499	94.366	71	4	111
NC_033978.1	k141_65837	634	91.139	79	6	108
NC_033978.1	k141_65837	634	91.139	79	6	108
NC_033978.1	k141_28550	387	91.139	79	6	108
NC_033978.1	k141_28550	387	91.139	79	6	108
NC_033978.1	k141_7714	304	79.832	119	24	107
NC_033978.1	k141_58063	331	94.203	69	4	107
NC_033978.1	k141_58063	331	94.203	69	4	107
NC_033978.1	k141_79015	4682	71.503	193	51	96.0
NC_033978.1	k141_79015	4682	71.503	193	51	96.0
NC_033978.1	k141_10098	20338	98.148	54	1	94.2
NC_033978.1	k141_66078	357	92.188	64	5	94.2
NC_033978.1	k141_79250	626	96.078	51	2	84.2
NC_033978.1	k141_79250	626	96.078	51	2	84.2
NC_033978.1	k141_61968	16182	76.238	101	14	75.2
NC_033978.1	k141_66633	4770	93.750	48	3	74.3
NC_033978.1	k141_66633	4770	93.750	48	3	74.3
NC_033978.1	k141_22348	2658	78.723	47	10	41.0
NC_033978.1	k141_39370	686	79.545	44	9	40.1
MW006668.1	k141_61032	18325	92.672	8311	336	12241
MW006668.1	k141_61032	18325	92.672	8311	336	12241
MW006668.1	k141_61032	18325	89.856	3263	232	4374
MW006668.1	k141_61032	18325	90.426	1525	129	2081
MW006668.1	k141_61032	18325	91.723	882	61	1260
MW006668.1	k141_61032	18325	91.723	882	61	1260
MW006668.1	k141_61032	18325	73.811	1409	183	875
MW006668.1	k141_61032	18325	86.313	453	36	539
MW006668.1	k141_61032	18325	86.313	453	36	539
MW006668.1	k141_61032	18325	91.459	281	18	400
MW006668.1	k141_61032	18325	82.550	149	18	150
MW006668.1	k141_61032	18325	82.550	149	18	150
MW006668.1	k141_61032	18325	82.482	137	16	138
MW006668.1	k141_61032	18325	67.076	407	101	133
MW006668.1	k141_61032	18325	67.076	407	101	133
MW006668.1	k141_61032	18325	94.937	79	4	125
MW006668.1	k141_61032	18325	94.937	79	4	125
MW006668.1	k141_61032	18325	63.654	520	137	94.2
MW006668.1	k141_61032	18325	70.492	183	42	94.2
MW006668.1	k141_61032	18325	70.492	183	42	94.2
MW006668.1	k141_61032	18325	70.492	183	42	94.2
MW006668.1	k141_61032	18325	70.492	183	42	94.2
MW006668.1	k141_61032	18325	70.270	185	42	89.7
MW006668.1	k141_61032	18325	89.062	64	7	85.1
MW006668.1	k141_61032	18325	89.062	64	7	85.1
MW006668.1	k141_61032	18325	64.486	535	137	80.6
MW006668.1	k141_61032	18325	64.486	535	137	80.6
MW006668.1	k141_61032	18325	100.000	42	0	77.0
MW006668.1	k141_61032	18325	100.000	42	0	77.0
MW006668.1	k141_61032	18325	64.112	535	139	76.1
MW006668.1	k141_61032	18325	64.112	535	139	76.1
MW006668.1	k141_61032	18325	64.112	535	139	75.2
MW006668.1	k141_61032	18325	64.112	535	139	75.2
MW006668.1	k141_61032	18325	67.544	228	59	74.3
MW006668.1	k141_61032	18325	67.544	228	59	74.3
MW006668.1	k141_61032	18325	64.045	534	141	72.5
MW006668.1	k141_61032	18325	64.045	534	141	72.5
MW006668.1	k141_61032	18325	64.045	534	141	72.5
MW006668.1	k141_61032	18325	64.045	534	141	72.5
MW006668.1	k141_61032	18325	85.965	57	8	68.0
MW006668.1	k141_61032	18325	85.965	57	8	68.0
MW006668.1	k141_61032	18325	92.857	42	3	63.5
MW006668.1	k141_61032	18325	84.314	51	8	57.2
MW006668.1	k141_61032	18325	84.091	44	7	49.1
MW006668.1	k141_61032	18325	84.211	38	6	42.8
MW006668.1	k141_78234	88741	81.216	9327	1407	8854
MW006668.1	k141_78234	88741	89.909	5411	482	7260
MW006668.1	k141_78234	88741	82.549	4630	631	4655
MW006668.1	k141_78234	88741	86.409	3370	438	3995
MW006668.1	k141_78234	88741	80.107	4303	632	3819
MW006668.1	k141_78234	88741	88.420	2893	277	3706
MW006668.1	k141_78234	88741	77.890	3071	400	2468
MW006668.1	k141_78234	88741	87.906	1786	191	2230
MW006668.1	k141_78234	88741	85.334	1841	243	2078
MW006668.1	k141_78234	88741	76.230	2743	459	2042
MW006668.1	k141_78234	88741	75.430	3020	555	2040
MW006668.1	k141_78234	88741	82.208	1984	292	1970
MW006668.1	k141_78234	88741	78.239	2238	300	1816
MW006668.1	k141_78234	88741	78.934	1614	199	1429
MW006668.1	k141_78234	88741	76.531	1845	343	1385
MW006668.1	k141_78234	88741	84.814	1047	115	1167
MW006668.1	k141_78234	88741	71.866	2058	347	1076
MW006668.1	k141_78234	88741	89.435	672	54	890
MW006668.1	k141_78234	88741	70.192	1825	329	839
MW006668.1	k141_78234	88741	85.272	679	93	763
MW006668.1	k141_78234	88741	80.624	769	102	691
MW006668.1	k141_78234	88741	72.474	1257	193	674
MW006668.1	k141_78234	88741	72.474	1257	193	674
MW006668.1	k141_78234	88741	80.061	657	95	605
MW006668.1	k141_78234	88741	73.521	997	161	566
MW006668.1	k141_78234	88741	76.959	638	116	485
MW006668.1	k141_78234	88741	79.135	532	89	444
MW006668.1	k141_78234	88741	75.455	660	107	429
MW006668.1	k141_78234	88741	74.771	654	73	429
MW006668.1	k141_78234	88741	71.989	739	151	406
MW006668.1	k141_78234	88741	71.989	739	151	406
MW006668.1	k141_78234	88741	73.899	636	105	400
MW006668.1	k141_78234	88741	88.599	307	16	396
MW006668.1	k141_78234	88741	72.982	570	86	360
MW006668.1	k141_78234	88741	75.332	527	74	357
MW006668.1	k141_78234	88741	67.795	916	182	307
MW006668.1	k141_78234	88741	74.944	443	71	281
MW006668.1	k141_78234	88741	89.000	200	19	260
MW006668.1	k141_78234	88741	75.065	385	68	247
MW006668.1	k141_78234	88741	74.783	345	64	220
MW006668.1	k141_78234	88741	74.783	345	64	220
MW006668.1	k141_78234	88741	81.333	225	31	205
MW006668.1	k141_78234	88741	76.277	274	53	199
MW006668.1	k141_78234	88741	76.277	274	53	199
MW006668.1	k141_78234	88741	69.841	504	96	189
MW006668.1	k141_78234	88741	89.362	141	9	188
MW006668.1	k141_78234	88741	78.082	219	32	185
MW006668.1	k141_78234	88741	80.500	200	33	173
MW006668.1	k141_78234	88741	79.167	216	32	168
MW006668.1	k141_78234	88741	82.143	168	21	163
MW006668.1	k141_78234	88741	75.000	228	55	152
MW006668.1	k141_78234	88741	91.667	108	8	151
MW006668.1	k141_78234	88741	68.008	472	74	150
MW006668.1	k141_78234	88741	69.863	365	77	148
MW006668.1	k141_78234	88741	100.000	76	0	138
MW006668.1	k141_78234	88741	73.333	225	37	116
MW006668.1	k141_78234	88741	85.294	102	13	114
MW006668.1	k141_78234	88741	80.165	121	24	111
MW006668.1	k141_78234	88741	74.545	165	42	109
MW006668.1	k141_78234	88741	72.353	170	47	96.0
MW006668.1	k141_78234	88741	81.481	81	15	79.7
MW006668.1	k141_78234	88741	89.362	47	5	63.5
MW006668.1	k141_78234	88741	88.095	42	5	54.5
MW006668.1	k141_78234	88741	87.805	41	5	52.7
MW006668.1	k141_81159	16879	81.556	2738	407	2633
MW006668.1	k141_81159	16879	81.556	2738	407	2633
MW006668.1	k141_81159	16879	84.744	2032	275	2245
MW006668.1	k141_81159	16879	84.744	2032	275	2245
MW006668.1	k141_81159	16879	77.635	2249	478	1757
MW006668.1	k141_81159	16879	83.743	1341	186	1434
MW006668.1	k141_81159	16879	83.743	1341	186	1434
MW006668.1	k141_81159	16879	78.943	1211	217	1024
MW006668.1	k141_81159	16879	78.943	1211	217	1024
MW006668.1	k141_81159	16879	78.760	1210	211	998
MW006668.1	k141_81159	16879	78.760	1210	211	998
MW006668.1	k141_81159	16879	81.545	233	39	222
MW006668.1	k141_81159	16879	81.545	233	39	222
MW006668.1	k141_81159	16879	100.000	42	0	77.0
MW006668.1	k141_81159	16879	92.857	42	3	63.5
MW006668.1	k141_20504	11107	94.459	776	28	1193
MW006668.1	k141_20504	11107	94.459	776	28	1193
MW006668.1	k141_68701	3355	70.895	1151	282	510
MW006668.1	k141_68701	3355	70.895	1151	282	510
MW006668.1	k141_68701	3355	64.933	519	143	93.3
MW006668.1	k141_68701	3355	64.933	519	143	93.3
MW006668.1	k141_68701	3355	75.556	135	31	93.3
MW006668.1	k141_68701	3355	75.556	135	31	93.3
MW006668.1	k141_68701	3355	86.207	58	8	69.8
MW006668.1	k141_68701	3355	86.207	58	8	69.8
MW006668.1	k141_61343	29252	76.341	634	102	448
MW006668.1	k141_61343	29252	82.781	151	23	154
MW006668.1	k141_61343	29252	97.590	83	2	141
MW006668.1	k141_61343	29252	97.590	83	2	141
MW006668.1	k141_39204	9847	71.364	880	216	421
MW006668.1	k141_39204	9847	71.364	880	216	421
MW006668.1	k141_39204	9847	78.409	264	55	213
MW006668.1	k141_39204	9847	78.409	264	55	213
MW006668.1	k141_39204	9847	85.246	61	9	70.7
MW006668.1	k141_39204	9847	85.246	61	9	70.7
MW006668.1	k141_11629	5852	94.298	228	13	353
MW006668.1	k141_11629	5852	94.298	228	13	353
MW006668.1	k141_11629	5852	92.523	107	6	150
MW006668.1	k141_11629	5852	86.275	51	7	61.7
MW006668.1	k141_71683	12448	94.286	140	3	213
MW006668.1	k141_71683	12448	94.286	140	3	213
MW006668.1	k141_71683	12448	72.932	133	34	71.6
MW006668.1	k141_53230	4264	66.184	760	218	212
MW006668.1	k141_26917	507	92.857	140	10	208
MW006668.1	k141_26917	507	92.857	140	10	208
MW006668.1	k141_61046	8508	79.111	225	31	196
MW006668.1	k141_46390	5073	78.099	242	43	171
MW006668.1	k141_71481	590	85.849	106	15	124
MW006668.1	k141_23721	8713	94.872	78	4	123
MW006668.1	k141_23721	8713	94.872	78	4	123
MW006668.1	k141_68151	1540	91.765	85	3	122
MW006668.1	k141_68151	1540	94.340	53	2	79.7
MW006668.1	k141_57188	5243	93.671	79	5	121
MW006668.1	k141_57188	5243	77.193	57	13	45.5
MW006668.1	k141_71208	728	90.361	83	8	114
MW006668.1	k141_65837	634	92.308	78	6	114
MW006668.1	k141_28550	387	92.308	78	6	114
MW006668.1	k141_80416	420	81.513	119	20	113
MW006668.1	k141_80416	420	81.513	119	20	113
MW006668.1	k141_27217	499	91.304	69	6	98.7
MW006668.1	k141_10098	20338	98.077	52	1	90.6
MW006668.1	k141_79250	626	98.039	51	1	88.7
MW006668.1	k141_79250	626	98.039	51	1	88.7
MW006668.1	k141_79015	4682	70.157	191	57	88.7
MW006668.1	k141_61968	16182	78.218	101	12	84.2
MW006668.1	k141_61968	16182	83.636	55	5	59.0
MW006668.1	k141_61968	16182	83.636	55	5	59.0
MW006668.1	k141_66078	357	87.879	66	8	84.2
MW006668.1	k141_66633	4770	93.750	48	3	74.3
MW006668.1	k141_66633	4770	93.750	48	3	74.3
MW006668.1	k141_58063	331	87.931	58	7	74.3
MW006668.1	k141_58063	331	87.931	58	7	74.3
MW435436.1	k141_61032	18325	92.280	9598	366	14023
MW435436.1	k141_61032	18325	92.280	9598	366	14023
MW435436.1	k141_61032	18325	92.391	3312	151	4829
MW435436.1	k141_61032	18325	92.391	3312	151	4829
MW435436.1	k141_61032	18325	84.256	2528	270	2777
MW435436.1	k141_61032	18325	84.256	2528	270	2777
MW435436.1	k141_61032	18325	95.676	1272	49	2039
MW435436.1	k141_61032	18325	95.676	1272	49	2039
MW435436.1	k141_61032	18325	92.954	1107	72	1646
MW435436.1	k141_61032	18325	97.468	79	2	134
MW435436.1	k141_61032	18325	91.892	74	4	100
MW435436.1	k141_61032	18325	91.892	74	4	100
MW435436.1	k141_61032	18325	95.238	42	2	68.0
MW435436.1	k141_61032	18325	92.308	39	3	58.1
MW435436.1	k141_78234	88741	84.110	10623	1436	11523
MW435436.1	k141_78234	88741	90.152	5392	476	7317
MW435436.1	k141_78234	88741	81.694	5774	756	5527
MW435436.1	k141_78234	88741	85.286	3806	453	4382
MW435436.1	k141_78234	88741	85.286	3806	453	4382
MW435436.1	k141_78234	88741	87.878	3011	281	3739
MW435436.1	k141_78234	88741	81.219	3791	516	3570
MW435436.1	k141_78234	88741	80.790	3493	441	3252
MW435436.1	k141_78234	88741	83.984	2816	335	3087
MW435436.1	k141_78234	88741	83.984	2816	335	3087
MW435436.1	k141_78234	88741	84.494	1838	241	2003
MW435436.1	k141_78234	88741	81.593	2059	308	1997
MW435436.1	k141_78234	88741	83.404	1874	254	1957
MW435436.1	k141_78234	88741	81.785	1916	282	1875
MW435436.1	k141_78234	88741	73.307	3072	593	1787
MW435436.1	k141_78234	88741	72.887	2626	438	1508
MW435436.1	k141_78234	88741	77.241	1863	247	1410
MW435436.1	k141_78234	88741	79.811	1585	272	1392
MW435436.1	k141_78234	88741	78.833	1559	204	1357
MW435436.1	k141_78234	88741	72.736	2120	414	1181
MW435436.1	k141_78234	88741	85.645	1031	124	1169
MW435436.1	k141_78234	88741	89.962	797	76	1072
MW435436.1	k141_78234	88741	89.962	797	76	1072
MW435436.1	k141_78234	88741	74.690	1612	234	1072
MW435436.1	k141_78234	88741	79.712	1040	121	975
MW435436.1	k141_78234	88741	79.712	1040	121	975
MW435436.1	k141_78234	88741	76.776	1098	151	871
MW435436.1	k141_78234	88741	87.092	705	65	858
MW435436.1	k141_78234	88741	85.693	685	90	788
MW435436.1	k141_78234	88741	84.288	681	101	738
MW435436.1	k141_78234	88741	77.639	881	133	669
MW435436.1	k141_78234	88741	84.321	574	78	614
MW435436.1	k141_78234	88741	76.018	663	104	471
MW435436.1	k141_78234	88741	73.791	641	106	383
MW435436.1	k141_78234	88741	71.357	796	147	378
MW435436.1	k141_78234	88741	76.083	531	86	378
MW435436.1	k141_78234	88741	78.636	440	68	362
MW435436.1	k141_78234	88741	84.615	325	31	356
MW435436.1	k141_78234	88741	90.873	252	21	349
MW435436.1	k141_78234	88741	76.636	428	66	321
MW435436.1	k141_78234	88741	75.561	446	74	296
MW435436.1	k141_78234	88741	85.425	247	27	283
MW435436.1	k141_78234	88741	82.700	237	34	236
MW435436.1	k141_78234	88741	92.424	132	10	194
MW435436.1	k141_78234	88741	87.943	141	11	179
MW435436.1	k141_78234	88741	81.921	177	20	168
MW435436.1	k141_78234	88741	82.036	167	14	163
MW435436.1	k141_78234	88741	91.818	110	9	159
MW435436.1	k141_78234	88741	90.179	112	8	151
MW435436.1	k141_78234	88741	86.508	126	10	149
MW435436.1	k141_78234	88741	90.291	103	10	141
MW435436.1	k141_78234	88741	84.127	126	20	138
MW435436.1	k141_78234	88741	96.386	83	3	137
MW435436.1	k141_78234	88741	92.308	91	7	133
MW435436.1	k141_78234	88741	91.753	97	4	130
MW435436.1	k141_78234	88741	66.099	587	181	129
MW435436.1	k141_78234	88741	88.060	67	8	86.0
MW435436.1	k141_78234	88741	88.095	42	5	54.5
MW435436.1	k141_78234	88741	88.095	42	5	54.5
MW435436.1	k141_81159	16879	78.695	3464	589	2888
MW435436.1	k141_81159	16879	80.109	2760	388	2517
MW435436.1	k141_81159	16879	79.132	2281	439	1952
MW435436.1	k141_81159	16879	79.709	1991	369	1761
MW435436.1	k141_81159	16879	81.561	1448	199	1384
MW435436.1	k141_81159	16879	79.248	1224	204	1018
MW435436.1	k141_81159	16879	69.878	2045	484	900
MW435436.1	k141_81159	16879	72.582	1189	257	683
MW435436.1	k141_81159	16879	100.000	42	0	77.0
MW435436.1	k141_81159	16879	100.000	42	0	77.0
MW435436.1	k141_81159	16879	90.476	42	4	59.0
MW435436.1	k141_20504	11107	93.928	774	34	1169
MW435436.1	k141_20504	11107	93.928	774	34	1169
MW435436.1	k141_11629	5852	93.301	418	19	623
MW435436.1	k141_11629	5852	93.301	418	19	623
MW435436.1	k141_68701	3355	71.021	1156	266	529
MW435436.1	k141_68701	3355	71.021	1156	266	529
MW435436.1	k141_68701	3355	65.896	519	143	115
MW435436.1	k141_68701	3355	65.896	519	143	115
MW435436.1	k141_68701	3355	75.556	135	31	93.3
MW435436.1	k141_68701	3355	75.556	135	31	93.3
MW435436.1	k141_68701	3355	87.931	58	7	74.3
MW435436.1	k141_68701	3355	87.931	58	7	74.3
MW435436.1	k141_39204	9847	72.045	880	209	435
MW435436.1	k141_39204	9847	72.045	880	209	435
MW435436.1	k141_39204	9847	78.030	264	56	208
MW435436.1	k141_39204	9847	78.030	264	56	208
MW435436.1	k141_39204	9847	86.885	61	8	75.2
MW435436.1	k141_39204	9847	86.885	61	8	75.2
MW435436.1	k141_61046	8508	94.924	197	10	311
MW435436.1	k141_61046	8508	94.924	197	10	311
MW435436.1	k141_53230	4264	67.092	784	217	239
MW435436.1	k141_61343	29252	77.431	288	42	221
MW435436.1	k141_61343	29252	92.517	147	11	216
MW435436.1	k141_61343	29252	92.517	147	11	216
MW435436.1	k141_61343	29252	79.104	201	29	172
MW435436.1	k141_61343	29252	98.795	83	1	146
MW435436.1	k141_61343	29252	98.795	83	1	146
MW435436.1	k141_71683	12448	92.857	140	5	208
MW435436.1	k141_71683	12448	92.857	140	5	208
MW435436.1	k141_71683	12448	75.000	80	20	55.4
MW435436.1	k141_71683	12448	75.000	80	20	55.4
MW435436.1	k141_26917	507	92.029	138	11	200
MW435436.1	k141_46390	5073	96.512	86	3	142
MW435436.1	k141_68151	1540	94.118	85	1	131
MW435436.1	k141_68151	1540	94.118	85	1	131
MW435436.1	k141_68151	1540	92.453	53	3	75.2
MW435436.1	k141_71208	728	93.976	83	5	128
MW435436.1	k141_71481	590	85.455	110	16	127
MW435436.1	k141_23721	8713	94.805	77	4	122
MW435436.1	k141_57188	5243	92.405	79	6	116
MW435436.1	k141_57188	5243	77.193	57	13	45.5
MW435436.1	k141_80416	420	81.513	119	20	113
MW435436.1	k141_27217	499	91.549	71	6	102
MW435436.1	k141_10098	20338	98.148	54	1	94.2
MW435436.1	k141_79015	4682	71.429	182	48	89.7
MW435436.1	k141_79015	4682	71.429	182	48	89.7
MW435436.1	k141_7714	304	75.630	119	29	85.1
MW435436.1	k141_79250	626	96.078	51	2	84.2
MW435436.1	k141_79250	626	96.078	51	2	84.2
MW435436.1	k141_66078	357	86.364	66	9	79.7
MW435436.1	k141_61968	16182	79.070	86	9	78.8
MW435436.1	k141_66633	4770	93.750	48	3	74.3
MW435436.1	k141_66633	4770	93.750	48	3	74.3
MW435436.1	k141_5482	266	72.034	118	32	61.7
MW435436.1	k141_5482	266	72.034	118	32	61.7
MW435436.1	k141_57204	1747	72.034	118	32	61.7
MW435436.1	k141_57204	1747	72.034	118	32	61.7
MW435436.1	k141_30614	859	86.047	43	6	51.8
MW435436.1	k141_30614	859	86.047	43	6	51.8
NC_037882.1	k141_61032	18325	90.964	11808	638	16484
NC_037882.1	k141_61032	18325	92.302	11210	467	16331
NC_037882.1	k141_61032	18325	93.563	3014	104	4575
NC_037882.1	k141_61032	18325	93.563	3014	104	4575
NC_037882.1	k141_61032	18325	95.182	1536	44	2451
NC_037882.1	k141_61032	18325	95.182	1536	44	2451
NC_037882.1	k141_61032	18325	91.791	1206	86	1714
NC_037882.1	k141_61032	18325	83.607	427	20	455
NC_037882.1	k141_61032	18325	83.607	427	20	455
NC_037882.1	k141_61032	18325	98.734	79	1	139
NC_037882.1	k141_61032	18325	97.297	74	1	122
NC_037882.1	k141_61032	18325	97.297	74	1	122
NC_037882.1	k141_61032	18325	97.619	42	1	72.5
NC_037882.1	k141_61032	18325	94.872	39	2	62.6
NC_037882.1	k141_61032	18325	86.842	38	5	47.3
NC_037882.1	k141_61032	18325	84.211	38	6	42.8
NC_037882.1	k141_78234	88741	84.486	12569	1602	13829
NC_037882.1	k141_78234	88741	88.968	5756	557	7489
NC_037882.1	k141_78234	88741	83.219	5691	733	5847
NC_037882.1	k141_78234	88741	85.621	3825	413	4466
NC_037882.1	k141_78234	88741	85.621	3825	413	4466
NC_037882.1	k141_78234	88741	84.038	4047	460	4446
NC_037882.1	k141_78234	88741	80.581	4614	594	4320
NC_037882.1	k141_78234	88741	85.457	3610	383	4186
NC_037882.1	k141_78234	88741	88.455	2971	272	3791
NC_037882.1	k141_78234	88741	81.364	3901	497	3709
NC_037882.1	k141_78234	88741	85.074	2988	352	3355
NC_037882.1	k141_78234	88741	78.142	2777	398	2222
NC_037882.1	k141_78234	88741	84.126	1997	253	2168
NC_037882.1	k141_78234	88741	84.507	1917	238	2068
NC_037882.1	k141_78234	88741	74.643	3009	599	1932
NC_037882.1	k141_78234	88741	77.477	2442	325	1898
NC_037882.1	k141_78234	88741	81.650	1624	264	1563
NC_037882.1	k141_78234	88741	80.249	1529	194	1413
NC_037882.1	k141_78234	88741	75.716	1536	225	1087
NC_037882.1	k141_78234	88741	88.822	832	66	1075
NC_037882.1	k141_78234	88741	81.441	1013	122	1012
NC_037882.1	k141_78234	88741	81.441	1013	122	1012
NC_037882.1	k141_78234	88741	76.042	1248	195	830
NC_037882.1	k141_78234	88741	87.500	648	79	801
NC_037882.1	k141_78234	88741	86.043	695	84	797
NC_037882.1	k141_78234	88741	79.239	867	120	735
NC_037882.1	k141_78234	88741	76.036	1110	180	732
NC_037882.1	k141_78234	88741	74.257	1010	140	618
NC_037882.1	k141_78234	88741	73.025	886	143	490
NC_037882.1	k141_78234	88741	72.813	949	169	489
NC_037882.1	k141_78234	88741	70.672	774	131	388
NC_037882.1	k141_78234	88741	84.969	326	29	372
NC_037882.1	k141_78234	88741	78.556	457	62	361
NC_037882.1	k141_78234	88741	72.587	518	84	306
NC_037882.1	k141_78234	88741	73.856	459	63	289
NC_037882.1	k141_78234	88741	91.160	181	16	255
NC_037882.1	k141_78234	88741	90.446	157	15	216
NC_037882.1	k141_78234	88741	68.868	530	93	196
NC_037882.1	k141_78234	88741	89.362	141	9	188
NC_037882.1	k141_78234	88741	95.050	101	5	160
NC_037882.1	k141_78234	88741	83.333	156	20	157
NC_037882.1	k141_78234	88741	93.939	99	4	150
NC_037882.1	k141_78234	88741	85.271	129	10	142
NC_037882.1	k141_78234	88741	90.196	102	3	137
NC_037882.1	k141_78234	88741	90.698	86	8	120
NC_037882.1	k141_78234	88741	65.808	582	173	118
NC_037882.1	k141_78234	88741	64.675	569	183	101
NC_037882.1	k141_78234	88741	92.308	39	3	58.1
NC_037882.1	k141_78234	88741	85.714	42	6	50.0
NC_037882.1	k141_78234	88741	85.714	42	6	50.0
NC_037882.1	k141_81159	16879	80.076	3413	560	3040
NC_037882.1	k141_81159	16879	81.355	2746	385	2655
NC_037882.1	k141_81159	16879	80.540	2261	413	2078
NC_037882.1	k141_81159	16879	82.113	1543	214	1505
NC_037882.1	k141_81159	16879	77.492	1244	246	963
NC_037882.1	k141_81159	16879	68.188	2235	549	774
NC_037882.1	k141_81159	16879	71.838	838	227	443
NC_037882.1	k141_81159	16879	73.413	583	123	319
NC_037882.1	k141_81159	16879	86.076	237	32	276
NC_037882.1	k141_81159	16879	97.619	42	1	72.5
NC_037882.1	k141_81159	16879	97.619	42	1	72.5
NC_037882.1	k141_81159	16879	92.857	42	3	63.5
NC_037882.1	k141_20504	11107	94.792	768	26	1187
NC_037882.1	k141_20504	11107	94.792	768	26	1187
NC_037882.1	k141_11629	5852	96.135	414	16	675
NC_037882.1	k141_11629	5852	96.135	414	16	675
NC_037882.1	k141_68701	3355	70.761	1156	269	516
NC_037882.1	k141_68701	3355	70.761	1156	269	516
NC_037882.1	k141_68701	3355	65.896	519	143	115
NC_037882.1	k141_68701	3355	65.896	519	143	115
NC_037882.1	k141_68701	3355	75.556	135	31	93.3
NC_037882.1	k141_68701	3355	75.556	135	31	93.3
NC_037882.1	k141_68701	3355	87.931	58	7	74.3
NC_037882.1	k141_68701	3355	87.931	58	7	74.3
NC_037882.1	k141_39204	9847	72.014	879	211	441
NC_037882.1	k141_39204	9847	72.014	879	211	441
NC_037882.1	k141_39204	9847	78.030	264	56	208
NC_037882.1	k141_39204	9847	78.030	264	56	208
NC_037882.1	k141_39204	9847	86.885	61	8	75.2
NC_037882.1	k141_39204	9847	86.885	61	8	75.2
NC_037882.1	k141_61343	29252	75.963	649	93	439
NC_037882.1	k141_61343	29252	91.837	147	12	212
NC_037882.1	k141_61343	29252	91.837	147	12	212
NC_037882.1	k141_61343	29252	97.590	83	2	141
NC_037882.1	k141_61343	29252	97.590	83	2	141
NC_037882.1	k141_61046	8508	95.939	197	8	320
NC_037882.1	k141_61046	8508	95.939	197	8	320
NC_037882.1	k141_53230	4264	67.896	651	197	216
NC_037882.1	k141_53230	4264	74.026	77	20	50.0
NC_037882.1	k141_71683	12448	94.286	140	3	213
NC_037882.1	k141_71683	12448	94.286	140	3	213
NC_037882.1	k141_71683	12448	81.250	80	15	77.9
NC_037882.1	k141_26917	507	93.478	138	9	209
NC_037882.1	k141_46390	5073	90.741	108	10	150
NC_037882.1	k141_46390	5073	70.388	206	35	94.2
NC_037882.1	k141_71481	590	86.885	122	15	145
NC_037882.1	k141_23721	8713	98.701	77	1	135
NC_037882.1	k141_68151	1540	94.118	85	1	131
NC_037882.1	k141_68151	1540	94.118	85	1	131
NC_037882.1	k141_68151	1540	92.453	53	3	75.2
NC_037882.1	k141_71208	728	93.976	83	5	128
NC_037882.1	k141_58063	331	94.521	73	4	114
NC_037882.1	k141_58063	331	94.521	73	4	114
NC_037882.1	k141_65837	634	92.308	78	6	114
NC_037882.1	k141_65837	634	92.308	78	6	114
NC_037882.1	k141_28550	387	92.308	78	6	114
NC_037882.1	k141_28550	387	92.308	78	6	114
NC_037882.1	k141_57188	5243	91.139	79	7	112
NC_037882.1	k141_57188	5243	77.193	57	13	45.5
NC_037882.1	k141_80416	420	80.672	119	21	109
NC_037882.1	k141_27217	499	94.203	69	4	107
NC_037882.1	k141_79015	4682	70.984	193	52	91.5
NC_037882.1	k141_79015	4682	70.984	193	52	91.5
NC_037882.1	k141_79250	626	98.039	51	1	88.7
NC_037882.1	k141_79250	626	98.039	51	1	88.7
NC_037882.1	k141_10098	20338	92.308	52	4	77.0
NC_037882.1	k141_66633	4770	93.750	48	3	74.3
NC_037882.1	k141_66633	4770	93.750	48	3	74.3
NC_037882.1	k141_61968	16182	76.744	86	11	69.8
NC_037882.1	k141_30614	859	88.372	43	5	56.3
NC_037882.1	k141_30614	859	88.372	43	5	56.3
NC_056190.1	k141_61032	18325	92.362	10016	394	14656
NC_056190.1	k141_61032	18325	92.362	10016	394	14656
NC_056190.1	k141_61032	18325	92.104	3204	134	4642
NC_056190.1	k141_61032	18325	92.104	3204	134	4642
NC_056190.1	k141_61032	18325	95.141	1523	55	2422
NC_056190.1	k141_61032	18325	95.141	1523	55	2422
NC_056190.1	k141_61032	18325	93.231	1108	66	1660
NC_056190.1	k141_61032	18325	83.616	1001	72	1055
NC_056190.1	k141_61032	18325	83.616	1001	72	1055
NC_056190.1	k141_61032	18325	65.924	628	167	166
NC_056190.1	k141_61032	18325	65.924	628	167	166
NC_056190.1	k141_61032	18325	93.750	96	5	143
NC_056190.1	k141_61032	18325	98.113	53	1	92.4
NC_056190.1	k141_61032	18325	98.113	53	1	92.4
NC_056190.1	k141_61032	18325	97.619	42	1	72.5
NC_056190.1	k141_61032	18325	97.619	42	1	72.5
NC_056190.1	k141_61032	18325	97.561	41	1	70.7
NC_056190.1	k141_61032	18325	92.308	39	3	58.1
NC_056190.1	k141_61032	18325	86.842	38	5	47.3
NC_056190.1	k141_78234	88741	82.756	12642	1789	12899
NC_056190.1	k141_78234	88741	90.094	5421	471	7352
NC_056190.1	k141_78234	88741	77.580	7404	1080	5846
NC_056190.1	k141_78234	88741	82.998	4629	561	4734
NC_056190.1	k141_78234	88741	84.795	3808	426	4310
NC_056190.1	k141_78234	88741	84.795	3808	426	4310
NC_056190.1	k141_78234	88741	78.993	4608	622	4002
NC_056190.1	k141_78234	88741	80.636	4183	602	3819
NC_056190.1	k141_78234	88741	87.233	2992	301	3671
NC_056190.1	k141_78234	88741	83.310	2816	347	2999
NC_056190.1	k141_78234	88741	83.310	2816	347	2999
NC_056190.1	k141_78234	88741	79.647	2211	341	1904
NC_056190.1	k141_78234	88741	76.920	2214	300	1682
NC_056190.1	k141_78234	88741	86.511	1112	142	1324
NC_056190.1	k141_78234	88741	73.077	2314	500	1291
NC_056190.1	k141_78234	88741	78.865	1533	285	1281
NC_056190.1	k141_78234	88741	80.058	1369	186	1227
NC_056190.1	k141_78234	88741	84.489	1038	116	1147
NC_056190.1	k141_78234	88741	79.944	1062	147	957
NC_056190.1	k141_78234	88741	78.706	1005	136	883
NC_056190.1	k141_78234	88741	78.706	1005	136	883
NC_056190.1	k141_78234	88741	79.892	925	156	812
NC_056190.1	k141_78234	88741	87.539	634	77	785
NC_056190.1	k141_78234	88741	92.075	530	35	765
NC_056190.1	k141_78234	88741	75.797	1004	161	704
NC_056190.1	k141_78234	88741	82.764	673	109	680
NC_056190.1	k141_78234	88741	73.473	999	156	566
NC_056190.1	k141_78234	88741	71.254	1228	233	547
NC_056190.1	k141_78234	88741	80.464	517	58	480
NC_056190.1	k141_78234	88741	75.285	615	100	413
NC_056190.1	k141_78234	88741	77.824	478	72	384
NC_056190.1	k141_78234	88741	73.846	650	110	375
NC_056190.1	k141_78234	88741	77.755	490	90	370
NC_056190.1	k141_78234	88741	83.489	321	32	346
NC_056190.1	k141_78234	88741	87.719	228	21	283
NC_056190.1	k141_78234	88741	84.047	257	30	271
NC_056190.1	k141_78234	88741	91.477	176	15	251
NC_056190.1	k141_78234	88741	77.558	303	46	238
NC_056190.1	k141_78234	88741	72.396	384	53	218
NC_056190.1	k141_78234	88741	88.535	157	18	203
NC_056190.1	k141_78234	88741	91.489	141	6	202
NC_056190.1	k141_78234	88741	80.717	223	32	192
NC_056190.1	k141_78234	88741	85.714	161	16	176
NC_056190.1	k141_78234	88741	69.034	507	106	172
NC_056190.1	k141_78234	88741	94.792	96	5	151
NC_056190.1	k141_78234	88741	77.561	205	35	150
NC_056190.1	k141_78234	88741	91.837	98	7	138
NC_056190.1	k141_78234	88741	79.085	153	12	132
NC_056190.1	k141_78234	88741	65.365	589	180	120
NC_056190.1	k141_78234	88741	75.152	165	41	113
NC_056190.1	k141_78234	88741	77.477	111	18	86.0
NC_056190.1	k141_78234	88741	91.304	46	4	66.2
NC_056190.1	k141_78234	88741	85.714	42	6	50.0
NC_056190.1	k141_78234	88741	85.714	42	6	50.0
NC_056190.1	k141_81159	16879	78.917	2770	452	2315
NC_056190.1	k141_81159	16879	75.902	1220	232	873
NC_056190.1	k141_81159	16879	78.642	1016	158	867
NC_056190.1	k141_81159	16879	68.398	2060	519	751
NC_056190.1	k141_81159	16879	78.954	765	118	657
NC_056190.1	k141_81159	16879	68.054	1634	386	604
NC_056190.1	k141_81159	16879	80.301	599	114	544
NC_056190.1	k141_81159	16879	83.728	338	45	367
NC_056190.1	k141_81159	16879	72.629	464	77	260
NC_056190.1	k141_81159	16879	79.623	265	42	228
NC_056190.1	k141_81159	16879	78.740	127	25	101
NC_056190.1	k141_81159	16879	97.619	42	1	72.5
NC_056190.1	k141_81159	16879	97.619	42	1	72.5
NC_056190.1	k141_81159	16879	90.476	42	4	59.0
NC_056190.1	k141_20504	11107	93.603	766	23	1153
NC_056190.1	k141_20504	11107	93.603	766	23	1153
NC_056190.1	k141_11629	5852	94.203	414	24	639
NC_056190.1	k141_11629	5852	94.203	414	24	639
NC_056190.1	k141_68701	3355	70.848	1156	268	520
NC_056190.1	k141_68701	3355	70.848	1156	268	520
NC_056190.1	k141_68701	3355	65.333	525	142	109
NC_056190.1	k141_68701	3355	65.333	525	142	109
NC_056190.1	k141_68701	3355	80.412	97	19	90.6
NC_056190.1	k141_68701	3355	80.412	97	19	90.6
NC_056190.1	k141_68701	3355	87.931	58	7	74.3
NC_056190.1	k141_68701	3355	87.931	58	7	74.3
NC_056190.1	k141_39204	9847	72.135	890	213	452
NC_056190.1	k141_39204	9847	72.135	890	213	452
NC_056190.1	k141_39204	9847	77.652	264	57	204
NC_056190.1	k141_39204	9847	77.652	264	57	204
NC_056190.1	k141_39204	9847	86.885	61	8	75.2
NC_056190.1	k141_39204	9847	86.885	61	8	75.2
NC_056190.1	k141_61343	29252	77.797	581	86	438
NC_056190.1	k141_61343	29252	91.837	147	12	212
NC_056190.1	k141_61343	29252	91.837	147	12	212
NC_056190.1	k141_61343	29252	96.386	83	3	137
NC_056190.1	k141_61343	29252	96.386	83	3	137
NC_056190.1	k141_61046	8508	93.401	197	13	297
NC_056190.1	k141_61046	8508	93.401	197	13	297
NC_056190.1	k141_53230	4264	68.024	835	212	276
NC_056190.1	k141_26917	507	92.857	140	10	208
NC_056190.1	k141_71683	12448	92.857	140	4	205
NC_056190.1	k141_71683	12448	92.857	140	4	205
NC_056190.1	k141_46390	5073	91.667	96	8	138
NC_056190.1	k141_23721	8713	96.341	82	3	135
NC_056190.1	k141_71208	728	95.181	83	4	132
NC_056190.1	k141_68151	1540	94.118	85	1	131
NC_056190.1	k141_68151	1540	94.118	85	1	131
NC_056190.1	k141_68151	1540	92.453	53	3	75.2
NC_056190.1	k141_65837	634	93.590	78	5	119
NC_056190.1	k141_65837	634	93.590	78	5	119
NC_056190.1	k141_57188	5243	93.590	78	5	119
NC_056190.1	k141_57188	5243	77.193	57	13	45.5
NC_056190.1	k141_28550	387	93.590	78	5	119
NC_056190.1	k141_28550	387	93.590	78	5	119
NC_056190.1	k141_71481	590	82.727	110	18	110
NC_056190.1	k141_58063	331	87.209	86	4	104
NC_056190.1	k141_58063	331	87.209	86	4	104
NC_056190.1	k141_27217	499	88.732	71	8	93.3
NC_056190.1	k141_79250	626	98.039	51	1	88.7
NC_056190.1	k141_79250	626	98.039	51	1	88.7
NC_056190.1	k141_66078	357	88.060	67	8	86.0
NC_056190.1	k141_10098	20338	92.308	52	4	77.0
NC_056190.1	k141_66633	4770	93.750	48	3	74.3
NC_056190.1	k141_66633	4770	93.750	48	3	74.3
NC_056190.1	k141_61968	16182	73.267	101	17	61.7
NC_056190.1	k141_21225	1501	78.431	51	10	40.1
MN564931.1	k141_78234	88741	85.607	12652	1481	14562
MN564931.1	k141_78234	88741	87.571	9518	852	11824
MN564931.1	k141_78234	88741	83.065	5474	669	5660
MN564931.1	k141_78234	88741	81.643	5551	659	5395
MN564931.1	k141_78234	88741	80.389	4472	617	4026
MN564931.1	k141_78234	88741	81.284	3815	499	3648
MN564931.1	k141_78234	88741	78.277	2937	401	2445
MN564931.1	k141_78234	88741	86.158	1835	213	2139
MN564931.1	k141_78234	88741	75.953	3044	564	2116
MN564931.1	k141_78234	88741	76.199	2815	382	2014
MN564931.1	k141_78234	88741	77.467	2463	321	1926
MN564931.1	k141_78234	88741	77.191	2008	280	1600
MN564931.1	k141_78234	88741	77.191	2008	280	1600
MN564931.1	k141_78234	88741	89.245	1060	104	1394
MN564931.1	k141_78234	88741	87.945	1095	100	1355
MN564931.1	k141_78234	88741	78.181	1627	265	1325
MN564931.1	k141_78234	88741	79.187	1206	173	1078
MN564931.1	k141_78234	88741	79.187	1206	173	1078
MN564931.1	k141_78234	88741	82.081	1038	109	1049
MN564931.1	k141_78234	88741	82.081	1038	109	1049
MN564931.1	k141_78234	88741	79.643	1007	133	921
MN564931.1	k141_78234	88741	79.643	1007	133	921
MN564931.1	k141_78234	88741	89.862	651	59	879
MN564931.1	k141_78234	88741	91.887	604	43	870
MN564931.1	k141_78234	88741	86.547	669	71	801
MN564931.1	k141_78234	88741	85.879	694	84	796
MN564931.1	k141_78234	88741	80.751	852	141	792
MN564931.1	k141_78234	88741	74.191	1298	222	766
MN564931.1	k141_78234	88741	75.470	958	153	644
MN564931.1	k141_78234	88741	81.443	582	84	572
MN564931.1	k141_78234	88741	81.443	582	84	572
MN564931.1	k141_78234	88741	78.604	659	99	546
MN564931.1	k141_78234	88741	79.592	490	76	437
MN564931.1	k141_78234	88741	79.592	490	76	437
MN564931.1	k141_78234	88741	75.353	637	123	423
MN564931.1	k141_78234	88741	78.842	501	61	422
MN564931.1	k141_78234	88741	78.586	495	88	418
MN564931.1	k141_78234	88741	78.586	495	88	418
MN564931.1	k141_78234	88741	85.269	353	45	400
MN564931.1	k141_78234	88741	70.412	801	113	394
MN564931.1	k141_78234	88741	86.495	311	38	367
MN564931.1	k141_78234	88741	69.793	821	143	354
MN564931.1	k141_78234	88741	78.307	378	55	315
MN564931.1	k141_78234	88741	91.192	193	16	269
MN564931.1	k141_78234	88741	73.193	429	51	269
MN564931.1	k141_78234	88741	71.289	512	85	227
MN564931.1	k141_78234	88741	77.544	285	36	211
MN564931.1	k141_78234	88741	91.608	143	9	198
MN564931.1	k141_78234	88741	80.628	191	26	184
MN564931.1	k141_78234	88741	84.483	174	19	182
MN564931.1	k141_78234	88741	78.571	210	25	172
MN564931.1	k141_78234	88741	79.688	192	39	171
MN564931.1	k141_78234	88741	94.737	95	3	147
MN564931.1	k141_78234	88741	66.960	569	170	146
MN564931.1	k141_78234	88741	90.000	110	10	146
MN564931.1	k141_78234	88741	65.299	585	187	128
MN564931.1	k141_78234	88741	70.588	170	48	75.2
MN564931.1	k141_78234	88741	93.182	44	3	67.1
MN564931.1	k141_78234	88741	100.000	36	0	66.2
MN564931.1	k141_78234	88741	84.615	52	8	59.0
MN564931.1	k141_78234	88741	88.095	42	5	54.5
MN564931.1	k141_78234	88741	88.095	42	5	54.5
MN564931.1	k141_78234	88741	82.979	47	8	50.0
MN564931.1	k141_78234	88741	87.179	39	5	49.1
MN564931.1	k141_78234	88741	80.000	45	9	41.9
MN564931.1	k141_61032	18325	95.618	7941	221	12718
MN564931.1	k141_61032	18325	95.618	7941	221	12718
MN564931.1	k141_61032	18325	92.074	3293	136	4790
MN564931.1	k141_61032	18325	92.074	3293	136	4790
MN564931.1	k141_61032	18325	95.852	1543	39	2499
MN564931.1	k141_61032	18325	95.852	1543	39	2499
MN564931.1	k141_61032	18325	92.995	1142	72	1684
MN564931.1	k141_61032	18325	80.748	1283	131	1224
MN564931.1	k141_61032	18325	80.748	1283	131	1224
MN564931.1	k141_61032	18325	83.382	1023	65	1088
MN564931.1	k141_61032	18325	83.382	1023	65	1088
MN564931.1	k141_61032	18325	88.643	678	42	881
MN564931.1	k141_61032	18325	88.643	678	42	881
MN564931.1	k141_61032	18325	76.807	595	95	459
MN564931.1	k141_61032	18325	76.807	595	95	459
MN564931.1	k141_61032	18325	86.932	352	31	433
MN564931.1	k141_61032	18325	86.932	352	31	433
MN564931.1	k141_61032	18325	100.000	79	0	143
MN564931.1	k141_61032	18325	90.244	82	4	112
MN564931.1	k141_61032	18325	90.244	82	4	112
MN564931.1	k141_61032	18325	79.464	112	23	99.6
MN564931.1	k141_61032	18325	79.464	112	23	99.6
MN564931.1	k141_61032	18325	100.000	42	0	77.0
MN564931.1	k141_61032	18325	92.857	42	3	63.5
MN564931.1	k141_61032	18325	84.211	38	6	42.8
MN564931.1	k141_81159	16879	80.979	4290	620	4046
MN564931.1	k141_81159	16879	80.303	3559	539	3224
MN564931.1	k141_81159	16879	80.551	2252	401	2080
MN564931.1	k141_81159	16879	81.017	1180	164	1119
MN564931.1	k141_81159	16879	70.241	1287	301	570
MN564931.1	k141_81159	16879	70.241	1287	301	570
MN564931.1	k141_81159	16879	68.444	900	221	306
MN564931.1	k141_81159	16879	68.444	900	221	306
MN564931.1	k141_81159	16879	83.333	264	40	273
MN564931.1	k141_81159	16879	66.667	405	103	129
MN564931.1	k141_81159	16879	66.667	405	103	129
MN564931.1	k141_81159	16879	70.588	255	56	117
MN564931.1	k141_81159	16879	70.588	255	56	117
MN564931.1	k141_81159	16879	100.000	42	0	77.0
MN564931.1	k141_81159	16879	100.000	42	0	77.0
MN564931.1	k141_81159	16879	80.769	78	15	74.3
MN564931.1	k141_81159	16879	80.769	78	15	74.3
MN564931.1	k141_81159	16879	79.518	83	17	74.3
MN564931.1	k141_81159	16879	79.518	83	17	74.3
MN564931.1	k141_81159	16879	92.857	42	3	63.5
MN564931.1	k141_81159	16879	76.712	73	17	56.3
MN564931.1	k141_81159	16879	76.712	73	17	56.3
MN564931.1	k141_20504	11107	93.928	774	27	1176
MN564931.1	k141_20504	11107	93.928	774	27	1176
MN564931.1	k141_11629	5852	92.342	444	29	648
MN564931.1	k141_11629	5852	92.342	444	29	648
MN564931.1	k141_68701	3355	70.747	1152	276	501
MN564931.1	k141_68701	3355	70.747	1152	276	501
MN564931.1	k141_68701	3355	65.896	519	143	115
MN564931.1	k141_68701	3355	65.896	519	143	115
MN564931.1	k141_68701	3355	75.556	135	31	93.3
MN564931.1	k141_68701	3355	75.556	135	31	93.3
MN564931.1	k141_68701	3355	87.931	58	7	74.3
MN564931.1	k141_68701	3355	87.931	58	7	74.3
MN564931.1	k141_39204	9847	72.241	879	209	450
MN564931.1	k141_39204	9847	72.241	879	209	450
MN564931.1	k141_39204	9847	78.030	264	56	208
MN564931.1	k141_39204	9847	78.030	264	56	208
MN564931.1	k141_39204	9847	86.885	61	8	75.2
MN564931.1	k141_39204	9847	86.885	61	8	75.2
MN564931.1	k141_61343	29252	81.638	354	34	343
MN564931.1	k141_61343	29252	74.793	242	34	168
MN564931.1	k141_61343	29252	98.810	84	1	148
MN564931.1	k141_61343	29252	98.810	84	1	148
MN564931.1	k141_61343	29252	90.361	83	8	114
MN564931.1	k141_61343	29252	90.361	83	8	114
MN564931.1	k141_61046	8508	89.450	218	14	285
MN564931.1	k141_61046	8508	89.450	218	14	285
MN564931.1	k141_53230	4264	67.578	768	216	252
MN564931.1	k141_71683	12448	95.000	140	4	215
MN564931.1	k141_71683	12448	95.000	140	4	215
MN564931.1	k141_71683	12448	71.429	133	38	69.8
MN564931.1	k141_26917	507	92.857	140	10	208
MN564931.1	k141_46390	5073	91.667	108	9	155
MN564931.1	k141_71481	590	90.090	111	10	148
MN564931.1	k141_80416	420	85.246	122	16	137
MN564931.1	k141_23721	8713	97.403	77	2	131
MN564931.1	k141_68151	1540	94.118	85	1	131
MN564931.1	k141_68151	1540	94.118	85	1	131
MN564931.1	k141_68151	1540	94.340	53	2	79.7
MN564931.1	k141_71208	728	95.122	82	4	131
MN564931.1	k141_65837	634	94.872	78	4	123
MN564931.1	k141_65837	634	94.872	78	4	123
MN564931.1	k141_28550	387	94.872	78	4	123
MN564931.1	k141_28550	387	94.872	78	4	123
MN564931.1	k141_57188	5243	94.521	73	4	114
MN564931.1	k141_57188	5243	77.193	57	13	45.5
MN564931.1	k141_27217	499	91.549	71	6	102
MN564931.1	k141_79015	4682	72.021	193	50	100
MN564931.1	k141_79015	4682	72.021	193	50	100
MN564931.1	k141_61968	16182	81.188	101	9	97.8
MN564931.1	k141_61968	16182	82.692	52	5	53.6
MN564931.1	k141_61968	16182	82.692	52	5	53.6
MN564931.1	k141_79250	626	98.039	51	1	88.7
MN564931.1	k141_79250	626	98.039	51	1	88.7
MN564931.1	k141_58063	331	89.394	66	7	88.7
MN564931.1	k141_58063	331	89.394	66	7	88.7
MN564931.1	k141_10098	20338	96.154	52	2	86.0
MN564931.1	k141_55410	1223	81.818	44	7	41.0
MN564931.1	k141_961	502	81.818	44	7	41.0
MN564931.1	k141_56765	366	82.051	39	7	40.1
MN564931.1	k141_67599	685	82.051	39	7	40.1
MN564931.1	k141_5770	229	82.051	39	7	40.1
MN564931.1	k141_13529	246	82.051	39	7	40.1
MN564931.1	k141_65732	283	82.051	39	7	40.1
MN564931.1	k141_1300	556	83.333	36	6	39.2
NC_031651.1	k141_61032	18325	92.389	9697	397	14130
NC_031651.1	k141_61032	18325	92.389	9697	397	14130
NC_031651.1	k141_61032	18325	89.060	3373	183	4484
NC_031651.1	k141_61032	18325	89.060	3373	183	4484
NC_031651.1	k141_61032	18325	95.505	1535	57	2451
NC_031651.1	k141_61032	18325	95.505	1535	57	2451
NC_031651.1	k141_61032	18325	92.593	1107	76	1628
NC_031651.1	k141_61032	18325	80.000	1525	234	1372
NC_031651.1	k141_61032	18325	83.019	583	75	609
NC_031651.1	k141_61032	18325	83.019	583	75	609
NC_031651.1	k141_61032	18325	98.182	55	1	96.0
NC_031651.1	k141_61032	18325	91.379	58	5	83.3
NC_031651.1	k141_61032	18325	97.619	42	1	72.5
NC_031651.1	k141_61032	18325	95.238	42	2	68.0
NC_031651.1	k141_61032	18325	95.238	42	2	68.0
NC_031651.1	k141_78234	88741	82.588	12698	1806	12927
NC_031651.1	k141_78234	88741	87.937	5720	584	7134
NC_031651.1	k141_78234	88741	83.618	4212	560	4454
NC_031651.1	k141_78234	88741	76.876	5756	823	4374
NC_031651.1	k141_78234	88741	84.175	3842	468	4229
NC_031651.1	k141_78234	88741	84.175	3842	468	4229
NC_031651.1	k141_78234	88741	88.750	2711	277	3490
NC_031651.1	k141_78234	88741	82.156	2959	424	2951
NC_031651.1	k141_78234	88741	81.650	2812	395	2782
NC_031651.1	k141_78234	88741	81.650	2812	395	2782
NC_031651.1	k141_78234	88741	84.525	1790	229	1969
NC_031651.1	k141_78234	88741	78.697	2103	371	1789
NC_031651.1	k141_78234	88741	80.915	1902	310	1783
NC_031651.1	k141_78234	88741	76.817	2256	317	1663
NC_031651.1	k141_78234	88741	71.047	3074	632	1476
NC_031651.1	k141_78234	88741	78.748	1501	239	1260
NC_031651.1	k141_78234	88741	77.372	1644	308	1260
NC_031651.1	k141_78234	88741	80.892	1256	163	1208
NC_031651.1	k141_78234	88741	85.208	987	95	1132
NC_031651.1	k141_78234	88741	81.149	992	122	960
NC_031651.1	k141_78234	88741	79.961	1013	128	944
NC_031651.1	k141_78234	88741	79.961	1013	128	944
NC_031651.1	k141_78234	88741	74.658	1464	258	930
NC_031651.1	k141_78234	88741	73.311	1525	298	884
NC_031651.1	k141_78234	88741	86.050	681	73	798
NC_031651.1	k141_78234	88741	86.957	644	82	781
NC_031651.1	k141_78234	88741	77.679	1017	152	771
NC_031651.1	k141_78234	88741	83.234	668	100	698
NC_031651.1	k141_78234	88741	74.188	1139	187	673
NC_031651.1	k141_78234	88741	92.650	449	31	659
NC_031651.1	k141_78234	88741	75.854	849	117	610
NC_031651.1	k141_78234	88741	71.973	1206	213	575
NC_031651.1	k141_78234	88741	85.403	459	61	527
NC_031651.1	k141_78234	88741	71.150	1026	166	503
NC_031651.1	k141_78234	88741	78.236	533	87	411
NC_031651.1	k141_78234	88741	71.561	756	134	405
NC_031651.1	k141_78234	88741	77.355	499	93	360
NC_031651.1	k141_78234	88741	83.573	347	35	358
NC_031651.1	k141_78234	88741	78.222	450	68	357
NC_031651.1	k141_78234	88741	73.217	631	109	350
NC_031651.1	k141_78234	88741	76.364	440	65	297
NC_031651.1	k141_78234	88741	87.234	188	17	233
NC_031651.1	k141_78234	88741	86.782	174	22	207
NC_031651.1	k141_78234	88741	82.353	204	29	199
NC_031651.1	k141_78234	88741	88.652	141	10	184
NC_031651.1	k141_78234	88741	84.967	153	17	174
NC_031651.1	k141_78234	88741	80.402	199	31	168
NC_031651.1	k141_78234	88741	88.793	116	3	142
NC_031651.1	k141_78234	88741	100.000	76	0	138
NC_031651.1	k141_78234	88741	91.579	95	8	136
NC_031651.1	k141_78234	88741	96.250	80	3	132
NC_031651.1	k141_78234	88741	96.250	80	3	132
NC_031651.1	k141_78234	88741	75.758	165	40	118
NC_031651.1	k141_78234	88741	74.545	165	42	109
NC_031651.1	k141_78234	88741	76.000	150	24	106
NC_031651.1	k141_78234	88741	88.095	42	5	54.5
NC_031651.1	k141_78234	88741	88.095	42	5	54.5
NC_031651.1	k141_78234	88741	77.612	67	15	54.5
NC_031651.1	k141_81159	16879	80.160	2742	441	2446
NC_031651.1	k141_81159	16879	82.521	2031	313	2033
NC_031651.1	k141_81159	16879	78.632	2237	454	1865
NC_031651.1	k141_81159	16879	81.272	1431	213	1373
NC_031651.1	k141_81159	16879	76.299	1232	241	898
NC_031651.1	k141_81159	16879	77.293	1123	207	843
NC_031651.1	k141_81159	16879	67.020	1980	527	588
NC_031651.1	k141_81159	16879	70.893	1254	301	571
NC_031651.1	k141_81159	16879	80.408	245	44	221
NC_031651.1	k141_81159	16879	100.000	42	0	77.0
NC_031651.1	k141_81159	16879	100.000	42	0	77.0
NC_031651.1	k141_81159	16879	100.000	39	0	71.6
NC_031651.1	k141_81159	16879	67.128	289	75	62.6
NC_031651.1	k141_20504	11107	92.555	779	36	1132
NC_031651.1	k141_20504	11107	92.555	779	36	1132
NC_031651.1	k141_11629	5852	93.468	444	24	671
NC_031651.1	k141_11629	5852	93.468	444	24	671
NC_031651.1	k141_68701	3355	70.721	1151	278	516
NC_031651.1	k141_68701	3355	70.721	1151	278	516
NC_031651.1	k141_68701	3355	65.703	519	144	115
NC_031651.1	k141_68701	3355	65.703	519	144	115
NC_031651.1	k141_68701	3355	75.373	134	31	91.5
NC_031651.1	k141_68701	3355	75.373	134	31	91.5
NC_031651.1	k141_68701	3355	87.931	58	7	74.3
NC_031651.1	k141_68701	3355	87.931	58	7	74.3
NC_031651.1	k141_39204	9847	72.707	883	198	464
NC_031651.1	k141_39204	9847	72.707	883	198	464
NC_031651.1	k141_39204	9847	78.030	264	56	208
NC_031651.1	k141_39204	9847	78.030	264	56	208
NC_031651.1	k141_39204	9847	86.885	61	8	75.2
NC_031651.1	k141_39204	9847	86.885	61	8	75.2
NC_031651.1	k141_61343	29252	72.205	662	98	379
NC_031651.1	k141_61343	29252	88.435	147	17	189
NC_031651.1	k141_61343	29252	88.435	147	17	189
NC_031651.1	k141_61343	29252	96.386	83	3	137
NC_031651.1	k141_61343	29252	96.386	83	3	137
NC_031651.1	k141_61046	8508	93.846	195	12	298
NC_031651.1	k141_61046	8508	93.846	195	12	298
NC_031651.1	k141_53230	4264	65.888	856	257	219
NC_031651.1	k141_26917	507	94.286	140	8	217
NC_031651.1	k141_71683	12448	94.286	140	3	213
NC_031651.1	k141_71683	12448	94.286	140	3	213
NC_031651.1	k141_71683	12448	75.397	126	29	81.5
NC_031651.1	k141_46390	5073	80.571	175	25	158
NC_031651.1	k141_68151	1540	94.118	85	1	131
NC_031651.1	k141_68151	1540	94.118	85	1	131
NC_031651.1	k141_68151	1540	92.453	53	3	75.2
NC_031651.1	k141_71481	590	88.235	102	12	131
NC_031651.1	k141_80416	420	83.193	119	18	123
NC_031651.1	k141_71208	728	90.361	83	8	114
NC_031651.1	k141_57188	5243	90.909	77	7	108
NC_031651.1	k141_57188	5243	77.193	57	13	45.5
NC_031651.1	k141_79015	4682	72.539	193	49	104
NC_031651.1	k141_79015	4682	72.539	193	49	104
NC_031651.1	k141_23721	8713	100.000	57	0	104
NC_031651.1	k141_27217	499	91.549	71	6	102
NC_031651.1	k141_65837	634	85.366	82	8	94.2
NC_031651.1	k141_65837	634	85.366	82	8	94.2
NC_031651.1	k141_28550	387	85.366	82	8	94.2
NC_031651.1	k141_28550	387	85.366	82	8	94.2
NC_031651.1	k141_66078	357	90.769	65	6	91.5
NC_031651.1	k141_79250	626	98.039	51	1	88.7
NC_031651.1	k141_79250	626	98.039	51	1	88.7
NC_031651.1	k141_10098	20338	94.000	50	3	77.9
NC_031651.1	k141_61968	16182	77.528	89	3	77.9
NC_031651.1	k141_61968	16182	77.528	89	3	77.9
NC_031651.1	k141_61968	16182	75.309	81	11	60.8
NC_031651.1	k141_61968	16182	90.244	41	4	57.2
NC_031651.1	k141_61968	16182	90.244	41	4	57.2
NC_031651.1	k141_66633	4770	93.750	48	3	74.3
NC_031651.1	k141_66633	4770	93.750	48	3	74.3
NC_031651.1	k141_30614	859	88.372	43	5	56.3
NC_031651.1	k141_30614	859	88.372	43	5	56.3
NC_031651.1	k141_81041	21989	83.721	43	7	47.3
MW366789.1	k141_61032	18325	88.891	5302	352	6886
MW366789.1	k141_61032	18325	88.891	5302	352	6886
MW366789.1	k141_61032	18325	89.295	2653	188	3533
MW366789.1	k141_61032	18325	89.295	2653	188	3533
MW366789.1	k141_61032	18325	91.884	1762	97	2530
MW366789.1	k141_61032	18325	91.884	1762	97	2530
MW366789.1	k141_61032	18325	86.999	1523	165	1848
MW366789.1	k141_61032	18325	86.999	1523	165	1848
MW366789.1	k141_61032	18325	90.794	1108	96	1540
MW366789.1	k141_61032	18325	80.656	610	75	563
MW366789.1	k141_61032	18325	80.656	610	75	563
MW366789.1	k141_61032	18325	83.002	453	34	469
MW366789.1	k141_61032	18325	83.002	453	34	469
MW366789.1	k141_61032	18325	83.002	453	34	469
MW366789.1	k141_61032	18325	84.142	309	33	343
MW366789.1	k141_61032	18325	84.142	309	33	343
MW366789.1	k141_61032	18325	96.350	137	5	225
MW366789.1	k141_61032	18325	96.350	137	5	225
MW366789.1	k141_61032	18325	74.062	320	48	208
MW366789.1	k141_61032	18325	92.537	134	10	197
MW366789.1	k141_61032	18325	92.537	134	10	197
MW366789.1	k141_61032	18325	84.746	177	25	196
MW366789.1	k141_61032	18325	84.746	177	25	196
MW366789.1	k141_61032	18325	84.328	134	12	151
MW366789.1	k141_61032	18325	84.328	134	12	151
MW366789.1	k141_61032	18325	100.000	79	0	143
MW366789.1	k141_61032	18325	100.000	79	0	143
MW366789.1	k141_61032	18325	86.441	118	11	143
MW366789.1	k141_61032	18325	86.441	118	11	141
MW366789.1	k141_61032	18325	91.304	92	8	131
MW366789.1	k141_61032	18325	91.304	92	8	131
MW366789.1	k141_61032	18325	95.238	42	2	68.0
MW366789.1	k141_61032	18325	95.238	42	2	68.0
MW366789.1	k141_61032	18325	89.796	49	5	67.1
MW366789.1	k141_61032	18325	89.796	49	5	67.1
MW366789.1	k141_61032	18325	89.796	49	5	67.1
MW366789.1	k141_61032	18325	94.737	38	2	60.8
MW366789.1	k141_61032	18325	89.744	39	4	53.6
MW366789.1	k141_78234	88741	78.164	8390	1563	6785
MW366789.1	k141_78234	88741	87.593	5223	591	6473
MW366789.1	k141_78234	88741	87.593	5223	591	6473
MW366789.1	k141_78234	88741	89.871	2488	252	3351
MW366789.1	k141_78234	88741	77.887	3342	559	2633
MW366789.1	k141_78234	88741	75.769	3545	668	2418
MW366789.1	k141_78234	88741	84.513	1963	293	2158
MW366789.1	k141_78234	88741	75.553	3162	567	2147
MW366789.1	k141_78234	88741	85.351	1693	205	1920
MW366789.1	k141_78234	88741	80.303	1716	298	1549
MW366789.1	k141_78234	88741	75.016	1609	306	1095
MW366789.1	k141_78234	88741	78.284	1340	223	1067
MW366789.1	k141_78234	88741	81.766	1053	177	1030
MW366789.1	k141_78234	88741	81.244	997	128	959
MW366789.1	k141_78234	88741	72.511	1768	324	919
MW366789.1	k141_78234	88741	85.823	656	89	759
MW366789.1	k141_78234	88741	70.186	1610	431	699
MW366789.1	k141_78234	88741	82.742	620	88	636
MW366789.1	k141_78234	88741	82.742	620	88	636
MW366789.1	k141_78234	88741	73.980	980	166	586
MW366789.1	k141_78234	88741	78.241	671	131	544
MW366789.1	k141_78234	88741	87.443	438	52	541
MW366789.1	k141_78234	88741	87.822	427	52	536
MW366789.1	k141_78234	88741	71.720	930	198	474
MW366789.1	k141_78234	88741	70.317	977	160	451
MW366789.1	k141_78234	88741	74.855	688	170	451
MW366789.1	k141_78234	88741	84.840	376	41	405
MW366789.1	k141_78234	88741	77.113	485	111	375
MW366789.1	k141_78234	88741	76.608	513	98	369
MW366789.1	k141_78234	88741	76.128	532	118	364
MW366789.1	k141_78234	88741	73.310	562	104	325
MW366789.1	k141_78234	88741	73.727	491	73	292
MW366789.1	k141_78234	88741	74.638	414	62	272
MW366789.1	k141_78234	88741	74.638	414	62	272
MW366789.1	k141_78234	88741	69.668	722	142	272
MW366789.1	k141_78234	88741	69.939	652	117	269
MW366789.1	k141_78234	88741	83.401	247	39	254
MW366789.1	k141_78234	88741	70.337	563	138	244
MW366789.1	k141_78234	88741	83.262	233	37	242
MW366789.1	k141_78234	88741	74.185	368	73	215
MW366789.1	k141_78234	88741	72.208	403	71	214
MW366789.1	k141_78234	88741	86.111	180	19	214
MW366789.1	k141_78234	88741	72.070	401	61	211
MW366789.1	k141_78234	88741	76.384	271	59	196
MW366789.1	k141_78234	88741	84.659	176	25	194
MW366789.1	k141_78234	88741	91.241	137	11	190
MW366789.1	k141_78234	88741	79.724	217	36	183
MW366789.1	k141_78234	88741	79.263	217	37	183
MW366789.1	k141_78234	88741	77.778	234	40	181
MW366789.1	k141_78234	88741	74.074	270	70	172
MW366789.1	k141_78234	88741	74.074	270	70	172
MW366789.1	k141_78234	88741	86.713	143	15	163
MW366789.1	k141_78234	88741	80.117	171	25	159
MW366789.1	k141_78234	88741	80.117	171	25	159
MW366789.1	k141_78234	88741	84.397	141	16	157
MW366789.1	k141_78234	88741	82.237	152	17	153
MW366789.1	k141_78234	88741	71.547	362	68	153
MW366789.1	k141_78234	88741	84.962	133	9	142
MW366789.1	k141_78234	88741	81.481	162	22	142
MW366789.1	k141_78234	88741	65.641	585	182	140
MW366789.1	k141_78234	88741	65.641	585	182	140
MW366789.1	k141_78234	88741	85.246	122	18	140
MW366789.1	k141_78234	88741	94.118	85	5	132
MW366789.1	k141_78234	88741	97.368	76	2	129
MW366789.1	k141_78234	88741	66.063	442	138	123
MW366789.1	k141_78234	88741	66.063	442	138	123
MW366789.1	k141_78234	88741	93.671	79	5	121
MW366789.1	k141_78234	88741	81.250	128	23	120
MW366789.1	k141_78234	88741	92.208	77	6	113
MW366789.1	k141_78234	88741	93.151	73	5	110
MW366789.1	k141_78234	88741	86.170	94	11	104
MW366789.1	k141_78234	88741	88.889	81	8	103
MW366789.1	k141_78234	88741	74.359	156	40	102
MW366789.1	k141_78234	88741	74.359	156	40	102
MW366789.1	k141_78234	88741	91.781	73	5	102
MW366789.1	k141_78234	88741	87.324	71	9	88.7
MW366789.1	k141_78234	88741	77.519	129	21	87.8
MW366789.1	k141_78234	88741	81.053	95	11	84.2
MW366789.1	k141_78234	88741	81.053	95	11	84.2
MW366789.1	k141_78234	88741	85.294	68	10	78.8
MW366789.1	k141_78234	88741	80.769	78	15	74.3
MW366789.1	k141_78234	88741	80.303	66	13	61.7
MW366789.1	k141_78234	88741	80.303	66	13	61.7
MW366789.1	k141_78234	88741	67.442	129	42	44.6
MW366789.1	k141_78234	88741	67.442	129	42	44.6
MW366789.1	k141_78234	88741	72.727	66	18	39.2
MW366789.1	k141_81159	16879	79.935	2761	458	2429
MW366789.1	k141_81159	16879	79.935	2761	458	2429
MW366789.1	k141_81159	16879	78.274	2016	398	1630
MW366789.1	k141_81159	16879	74.342	2241	528	1447
MW366789.1	k141_81159	16879	80.069	1450	240	1289
MW366789.1	k141_81159	16879	80.069	1450	240	1289
MW366789.1	k141_81159	16879	72.881	1180	240	695
MW366789.1	k141_81159	16879	77.609	594	132	469
MW366789.1	k141_81159	16879	77.609	594	132	469
MW366789.1	k141_81159	16879	76.875	320	74	244
MW366789.1	k141_81159	16879	97.619	42	1	72.5
MW366789.1	k141_81159	16879	97.619	42	1	72.5
MW366789.1	k141_81159	16879	92.683	41	3	61.7
MW366789.1	k141_20504	11107	87.380	626	47	762
MW366789.1	k141_20504	11107	87.380	626	47	762
MW366789.1	k141_68701	3355	70.920	1152	278	516
MW366789.1	k141_68701	3355	70.920	1152	278	516
MW366789.1	k141_68701	3355	66.733	505	147	128
MW366789.1	k141_68701	3355	66.733	505	147	128
MW366789.1	k141_68701	3355	80.412	97	19	90.6
MW366789.1	k141_68701	3355	80.412	97	19	90.6
MW366789.1	k141_68701	3355	89.474	57	6	77.0
MW366789.1	k141_68701	3355	89.474	57	6	77.0
MW366789.1	k141_68701	3355	87.719	57	7	72.5
MW366789.1	k141_68701	3355	87.719	57	7	72.5
MW366789.1	k141_39204	9847	71.781	893	203	434
MW366789.1	k141_39204	9847	71.781	893	203	434
MW366789.1	k141_39204	9847	90.164	61	6	84.2
MW366789.1	k141_39204	9847	90.164	61	6	84.2
MW366789.1	k141_39204	9847	88.525	61	7	79.7
MW366789.1	k141_39204	9847	88.525	61	7	79.7
MW366789.1	k141_53230	4264	66.797	768	212	230
MW366789.1	k141_61343	29252	68.220	601	103	217
MW366789.1	k141_61343	29252	94.667	75	4	118
MW366789.1	k141_61343	29252	94.667	75	4	118
MW366789.1	k141_61343	29252	85.455	55	8	64.4
MW366789.1	k141_26917	507	92.857	140	10	208
MW366789.1	k141_71683	12448	92.857	140	6	203
MW366789.1	k141_71683	12448	92.857	140	6	203
MW366789.1	k141_71683	12448	72.340	141	37	72.5
MW366789.1	k141_11629	5852	85.795	176	24	202
MW366789.1	k141_11629	5852	85.795	176	24	202
MW366789.1	k141_11629	5852	88.489	139	15	176
MW366789.1	k141_11629	5852	91.667	72	6	104
MW366789.1	k141_11629	5852	91.667	72	6	104
MW366789.1	k141_11629	5852	90.278	72	7	99.6
MW366789.1	k141_11629	5852	90.278	72	7	99.6
MW366789.1	k141_46390	5073	91.089	101	9	142
MW366789.1	k141_23721	8713	97.531	81	2	138
MW366789.1	k141_23721	8713	97.531	81	2	138
MW366789.1	k141_68151	1540	91.765	85	3	122
MW366789.1	k141_68151	1540	91.765	85	3	122
MW366789.1	k141_68151	1540	90.566	53	4	70.7
MW366789.1	k141_68151	1540	90.566	53	4	70.7
MW366789.1	k141_71208	728	90.361	83	8	114
MW366789.1	k141_80416	420	80.672	119	21	109
MW366789.1	k141_80416	420	80.672	119	21	109
MW366789.1	k141_57188	5243	91.026	78	6	106
MW366789.1	k141_57188	5243	75.758	66	16	48.2
MW366789.1	k141_27217	499	87.838	74	9	94.2
MW366789.1	k141_10098	20338	94.000	50	3	77.9
MW366789.1	k141_10098	20338	94.000	50	3	77.9
MW366789.1	k141_79250	626	95.745	47	2	77.0
MW366789.1	k141_79250	626	95.745	47	2	77.0
MW366789.1	k141_66633	4770	93.617	47	3	72.5
MW366789.1	k141_66633	4770	93.617	47	3	72.5
MW366789.1	k141_61968	16182	75.581	86	12	65.3
MW366789.1	k141_61968	16182	75.581	86	12	65.3
MW366789.1	k141_22348	2658	84.783	46	7	52.7
MW366789.1	k141_22348	2658	84.783	46	7	52.7
KT899950.1	k141_61032	18325	89.927	12112	677	16355
KT899950.1	k141_61032	18325	90.790	11542	552	16051
KT899950.1	k141_61032	18325	88.539	3368	180	4394
KT899950.1	k141_61032	18325	88.539	3368	180	4394
KT899950.1	k141_61032	18325	94.764	1547	56	2421
KT899950.1	k141_61032	18325	94.764	1547	56	2421
KT899950.1	k141_61032	18325	91.780	1107	85	1588
KT899950.1	k141_61032	18325	100.000	79	0	143
KT899950.1	k141_61032	18325	92.593	81	3	113
KT899950.1	k141_61032	18325	92.593	81	3	113
KT899950.1	k141_61032	18325	97.619	42	1	72.5
KT899950.1	k141_61032	18325	97.619	42	1	72.5
KT899950.1	k141_61032	18325	94.872	39	2	62.6
KT899950.1	k141_61032	18325	84.211	38	6	42.8
KT899950.1	k141_78234	88741	82.522	12667	1808	12796
KT899950.1	k141_78234	88741	88.085	5665	590	7106
KT899950.1	k141_78234	88741	76.627	6563	1000	4802
KT899950.1	k141_78234	88741	83.845	4265	537	4565
KT899950.1	k141_78234	88741	84.611	3808	475	4281
KT899950.1	k141_78234	88741	84.611	3808	475	4281
KT899950.1	k141_78234	88741	91.786	2508	205	3591
KT899950.1	k141_78234	88741	78.035	3806	621	3082
KT899950.1	k141_78234	88741	82.420	2827	401	2819
KT899950.1	k141_78234	88741	81.381	2825	375	2792
KT899950.1	k141_78234	88741	81.381	2825	375	2792
KT899950.1	k141_78234	88741	82.824	1834	276	1860
KT899950.1	k141_78234	88741	78.335	2234	375	1824
KT899950.1	k141_78234	88741	75.802	2244	327	1591
KT899950.1	k141_78234	88741	81.972	1359	191	1315
KT899950.1	k141_78234	88741	72.061	2305	481	1212
KT899950.1	k141_78234	88741	85.327	1070	147	1200
KT899950.1	k141_78234	88741	81.681	1190	194	1168
KT899950.1	k141_78234	88741	85.152	990	97	1128
KT899950.1	k141_78234	88741	73.261	1754	306	1030
KT899950.1	k141_78234	88741	79.561	1003	133	919
KT899950.1	k141_78234	88741	79.561	1003	133	919
KT899950.1	k141_78234	88741	87.141	661	61	822
KT899950.1	k141_78234	88741	80.208	864	156	770
KT899950.1	k141_78234	88741	76.640	1006	144	720
KT899950.1	k141_78234	88741	83.284	682	112	710
KT899950.1	k141_78234	88741	82.242	687	112	681
KT899950.1	k141_78234	88741	72.380	1231	224	621
KT899950.1	k141_78234	88741	90.308	454	38	618
KT899950.1	k141_78234	88741	72.847	987	168	545
KT899950.1	k141_78234	88741	80.328	549	81	488
KT899950.1	k141_78234	88741	75.618	607	99	423
KT899950.1	k141_78234	88741	83.508	382	50	399
KT899950.1	k141_78234	88741	85.886	333	31	381
KT899950.1	k141_78234	88741	77.160	486	79	361
KT899950.1	k141_78234	88741	71.827	646	93	344
KT899950.1	k141_78234	88741	73.884	605	116	341
KT899950.1	k141_78234	88741	89.916	238	24	322
KT899950.1	k141_78234	88741	73.951	453	62	264
KT899950.1	k141_78234	88741	83.265	245	32	252
KT899950.1	k141_78234	88741	87.817	197	18	249
KT899950.1	k141_78234	88741	87.245	196	24	238
KT899950.1	k141_78234	88741	74.172	302	62	195
KT899950.1	k141_78234	88741	87.943	141	11	179
KT899950.1	k141_78234	88741	88.722	133	15	173
KT899950.1	k141_78234	88741	69.786	374	67	171
KT899950.1	k141_78234	88741	81.977	172	23	165
KT899950.1	k141_78234	88741	80.000	175	23	151
KT899950.1	k141_78234	88741	97.727	88	0	148
KT899950.1	k141_78234	88741	84.921	126	18	139
KT899950.1	k141_78234	88741	94.318	88	5	137
KT899950.1	k141_78234	88741	94.382	89	4	135
KT899950.1	k141_78234	88741	76.364	165	39	123
KT899950.1	k141_78234	88741	96.000	75	3	123
KT899950.1	k141_78234	88741	76.582	158	24	117
KT899950.1	k141_78234	88741	65.240	584	173	112
KT899950.1	k141_78234	88741	88.764	89	8	109
KT899950.1	k141_78234	88741	88.095	42	5	54.5
KT899950.1	k141_78234	88741	88.095	42	5	54.5
KT899950.1	k141_78234	88741	85.366	41	6	48.2
KT899950.1	k141_78234	88741	74.603	63	16	42.8
KT899950.1	k141_81159	16879	77.634	3483	614	2707
KT899950.1	k141_81159	16879	79.810	2744	472	2372
KT899950.1	k141_81159	16879	78.353	2259	456	1855
KT899950.1	k141_81159	16879	81.640	1378	234	1335
KT899950.1	k141_81159	16879	67.807	3945	975	1290
KT899950.1	k141_81159	16879	76.376	1181	232	866
KT899950.1	k141_81159	16879	81.224	245	46	235
KT899950.1	k141_81159	16879	100.000	42	0	77.0
KT899950.1	k141_81159	16879	100.000	42	0	77.0
KT899950.1	k141_81159	16879	92.857	42	3	63.5
KT899950.1	k141_20504	11107	93.308	777	32	1159
KT899950.1	k141_20504	11107	93.308	777	32	1159
KT899950.1	k141_11629	5852	92.237	438	29	637
KT899950.1	k141_11629	5852	92.237	438	29	637
KT899950.1	k141_68701	3355	70.761	1156	269	516
KT899950.1	k141_68701	3355	70.761	1156	269	516
KT899950.1	k141_68701	3355	65.830	518	144	113
KT899950.1	k141_68701	3355	65.830	518	144	113
KT899950.1	k141_68701	3355	81.443	97	18	95.1
KT899950.1	k141_68701	3355	81.443	97	18	95.1
KT899950.1	k141_68701	3355	87.931	58	7	74.3
KT899950.1	k141_68701	3355	87.931	58	7	74.3
KT899950.1	k141_39204	9847	72.634	877	209	461
KT899950.1	k141_39204	9847	72.634	877	209	461
KT899950.1	k141_39204	9847	78.030	264	56	208
KT899950.1	k141_39204	9847	78.030	264	56	208
KT899950.1	k141_39204	9847	86.885	61	8	75.2
KT899950.1	k141_39204	9847	86.885	61	8	75.2
KT899950.1	k141_61343	29252	72.913	635	104	346
KT899950.1	k141_61343	29252	91.156	147	13	207
KT899950.1	k141_61343	29252	91.156	147	13	207
KT899950.1	k141_61343	29252	97.619	84	2	143
KT899950.1	k141_61343	29252	97.619	84	2	143
KT899950.1	k141_61046	8508	95.385	195	9	312
KT899950.1	k141_61046	8508	95.385	195	9	312
KT899950.1	k141_71683	12448	92.857	140	6	207
KT899950.1	k141_71683	12448	92.857	140	6	207
KT899950.1	k141_71683	12448	74.603	126	30	77.0
KT899950.1	k141_26917	507	92.143	140	11	204
KT899950.1	k141_53230	4264	65.759	771	225	191
KT899950.1	k141_46390	5073	71.681	339	63	173
KT899950.1	k141_68151	1540	94.118	85	1	131
KT899950.1	k141_68151	1540	94.118	85	1	131
KT899950.1	k141_68151	1540	92.453	53	3	75.2
KT899950.1	k141_23721	8713	97.368	76	2	129
KT899950.1	k141_80416	420	83.193	119	18	123
KT899950.1	k141_71481	590	84.259	108	17	119
KT899950.1	k141_71208	728	91.566	83	7	119
KT899950.1	k141_57188	5243	93.506	77	5	117
KT899950.1	k141_57188	5243	77.193	57	13	45.5
KT899950.1	k141_65837	634	91.026	78	7	110
KT899950.1	k141_65837	634	91.026	78	7	110
KT899950.1	k141_28550	387	91.026	78	7	110
KT899950.1	k141_28550	387	91.026	78	7	110
KT899950.1	k141_27217	499	90.141	71	7	97.8
KT899950.1	k141_79250	626	98.039	51	1	88.7
KT899950.1	k141_79250	626	98.039	51	1	88.7
KT899950.1	k141_58063	331	84.932	73	5	84.2
KT899950.1	k141_58063	331	84.932	73	5	84.2
KT899950.1	k141_10098	20338	94.231	52	3	81.5
KT899950.1	k141_66633	4770	93.750	48	3	74.3
KT899950.1	k141_66633	4770	93.750	48	3	74.3
KT899950.1	k141_66078	357	92.000	50	4	73.4
KT899950.1	k141_61968	16182	75.248	101	15	70.7
KT899950.1	k141_30614	859	88.372	43	5	56.3
KT899950.1	k141_30614	859	88.372	43	5	56.3
GU191334.1	k141_61032	18325	90.189	3435	234	4656
GU191334.1	k141_61032	18325	90.189	3435	234	4656
GU191334.1	k141_61032	18325	86.048	2652	246	3051
GU191334.1	k141_61032	18325	86.048	2652	246	3051
GU191334.1	k141_61032	18325	83.915	1318	159	1411
GU191334.1	k141_61032	18325	78.863	1003	155	829
GU191334.1	k141_61032	18325	78.863	1003	155	829
GU191334.1	k141_61032	18325	75.785	669	154	462
GU191334.1	k141_61032	18325	75.566	442	108	311
GU191334.1	k141_61032	18325	71.374	524	150	269
GU191334.1	k141_61032	18325	77.922	308	68	250
GU191334.1	k141_61032	18325	90.840	131	11	179
GU191334.1	k141_61032	18325	90.840	131	11	179
GU191334.1	k141_61032	18325	94.937	79	4	125
GU191334.1	k141_61032	18325	94.937	79	4	125
GU191334.1	k141_61032	18325	88.095	84	10	107
GU191334.1	k141_61032	18325	90.667	75	7	104
GU191334.1	k141_61032	18325	90.667	75	7	104
GU191334.1	k141_61032	18325	84.783	46	7	52.7
GU191334.1	k141_78234	88741	82.099	4536	810	4513
GU191334.1	k141_78234	88741	83.286	2447	408	2566
GU191334.1	k141_78234	88741	70.179	3682	1009	1545
GU191334.1	k141_78234	88741	82.986	1440	245	1493
GU191334.1	k141_78234	88741	78.969	1707	350	1446
GU191334.1	k141_78234	88741	73.001	2526	571	1424
GU191334.1	k141_78234	88741	79.698	1591	322	1410
GU191334.1	k141_78234	88741	82.148	717	122	709
GU191334.1	k141_78234	88741	72.016	1290	334	679
GU191334.1	k141_78234	88741	75.905	884	208	617
GU191334.1	k141_78234	88741	78.757	692	142	577
GU191334.1	k141_78234	88741	70.008	1327	374	576
GU191334.1	k141_78234	88741	74.390	902	202	572
GU191334.1	k141_78234	88741	84.156	486	77	530
GU191334.1	k141_78234	88741	78.401	588	111	485
GU191334.1	k141_78234	88741	74.750	701	168	448
GU191334.1	k141_78234	88741	69.259	1106	304	436
GU191334.1	k141_78234	88741	80.000	475	90	420
GU191334.1	k141_78234	88741	72.818	699	178	398
GU191334.1	k141_78234	88741	71.245	779	188	397
GU191334.1	k141_78234	88741	75.200	625	115	389
GU191334.1	k141_78234	88741	77.753	445	94	348
GU191334.1	k141_78234	88741	77.838	370	79	297
GU191334.1	k141_78234	88741	82.927	246	42	255
GU191334.1	k141_78234	88741	68.619	666	199	242
GU191334.1	k141_78234	88741	76.308	325	77	240
GU191334.1	k141_78234	88741	77.303	304	69	238
GU191334.1	k141_78234	88741	71.594	433	106	215
GU191334.1	k141_78234	88741	77.982	218	48	178
GU191334.1	k141_78234	88741	66.358	648	206	175
GU191334.1	k141_78234	88741	67.873	442	107	171
GU191334.1	k141_78234	88741	78.241	216	44	168
GU191334.1	k141_78234	88741	79.878	164	33	148
GU191334.1	k141_78234	88741	67.145	557	144	143
GU191334.1	k141_78234	88741	77.841	176	39	142
GU191334.1	k141_78234	88741	84.800	125	14	136
GU191334.1	k141_78234	88741	84.800	125	14	136
GU191334.1	k141_78234	88741	88.679	106	11	134
GU191334.1	k141_78234	88741	89.000	100	7	131
GU191334.1	k141_78234	88741	82.677	127	20	128
GU191334.1	k141_78234	88741	69.231	364	86	126
GU191334.1	k141_78234	88741	87.129	101	13	124
GU191334.1	k141_78234	88741	90.110	91	9	124
GU191334.1	k141_78234	88741	93.671	79	5	121
GU191334.1	k141_78234	88741	97.183	71	2	120
GU191334.1	k141_78234	88741	90.909	88	7	120
GU191334.1	k141_78234	88741	68.942	293	91	119
GU191334.1	k141_78234	88741	79.259	135	28	118
GU191334.1	k141_78234	88741	75.758	165	40	118
GU191334.1	k141_78234	88741	91.463	82	5	114
GU191334.1	k141_78234	88741	82.759	116	16	114
GU191334.1	k141_78234	88741	66.993	409	123	113
GU191334.1	k141_78234	88741	88.043	92	10	113
GU191334.1	k141_78234	88741	88.235	85	8	106
GU191334.1	k141_78234	88741	87.952	83	10	105
GU191334.1	k141_78234	88741	78.862	123	26	105
GU191334.1	k141_78234	88741	69.176	279	82	102
GU191334.1	k141_78234	88741	77.536	138	25	102
GU191334.1	k141_78234	88741	88.158	76	9	97.8
GU191334.1	k141_78234	88741	76.296	135	31	96.9
GU191334.1	k141_78234	88741	82.292	96	16	94.2
GU191334.1	k141_78234	88741	82.418	91	16	93.3
GU191334.1	k141_78234	88741	88.571	70	8	91.5
GU191334.1	k141_78234	88741	76.378	127	22	88.7
GU191334.1	k141_78234	88741	66.667	348	101	87.8
GU191334.1	k141_78234	88741	84.722	72	11	81.5
GU191334.1	k141_78234	88741	71.687	166	36	80.6
GU191334.1	k141_78234	88741	79.070	86	18	75.2
GU191334.1	k141_78234	88741	93.478	46	3	70.7
GU191334.1	k141_78234	88741	72.269	119	33	67.1
GU191334.1	k141_78234	88741	97.368	38	1	65.3
GU191334.1	k141_78234	88741	92.308	39	3	58.1
GU191334.1	k141_78234	88741	87.179	39	5	49.1
GU191334.1	k141_81159	16879	76.558	1749	388	1281
GU191334.1	k141_81159	16879	71.061	1828	487	860
GU191334.1	k141_81159	16879	75.673	1188	235	772
GU191334.1	k141_81159	16879	73.379	1157	298	685
GU191334.1	k141_81159	16879	67.568	814	221	259
GU191334.1	k141_81159	16879	68.190	569	159	190
GU191334.1	k141_81159	16879	86.364	110	14	128
GU191334.1	k141_20504	11107	77.568	740	117	568
GU191334.1	k141_20504	11107	77.568	740	117	568
GU191334.1	k141_68701	3355	70.685	1153	275	509
GU191334.1	k141_68701	3355	70.685	1153	275	509
GU191334.1	k141_68701	3355	64.909	493	139	96.0
GU191334.1	k141_68701	3355	64.909	493	139	96.0
GU191334.1	k141_68701	3355	76.119	134	30	96.0
GU191334.1	k141_68701	3355	76.119	134	30	96.0
GU191334.1	k141_68701	3355	89.474	57	6	77.0
GU191334.1	k141_68701	3355	89.474	57	6	77.0
GU191334.1	k141_39204	9847	72.676	893	203	462
GU191334.1	k141_39204	9847	72.676	893	203	462
GU191334.1	k141_39204	9847	77.652	264	57	204
GU191334.1	k141_39204	9847	77.652	264	57	204
GU191334.1	k141_39204	9847	88.525	61	7	79.7
GU191334.1	k141_39204	9847	88.525	61	7	79.7
GU191334.1	k141_53230	4264	68.198	849	225	292
GU191334.1	k141_11629	5852	75.434	346	55	224
GU191334.1	k141_11629	5852	75.434	346	55	224
GU191334.1	k141_71683	12448	92.857	140	6	207
GU191334.1	k141_71683	12448	92.857	140	6	207
GU191334.1	k141_71683	12448	79.012	81	17	70.7
GU191334.1	k141_26917	507	87.857	140	17	177
GU191334.1	k141_57188	5243	97.297	74	2	125
GU191334.1	k141_46390	5073	93.421	76	5	115
GU191334.1	k141_61343	29252	87.059	85	11	104
GU191334.1	k141_61343	29252	88.000	75	9	96.0
GU191334.1	k141_61343	29252	88.000	75	9	96.0
GU191334.1	k141_61343	29252	81.013	79	8	77.9
GU191334.1	k141_71208	728	84.337	83	13	92.4
GU191334.1	k141_68151	1540	84.884	86	6	90.6
GU191334.1	k141_68151	1540	96.296	54	1	86.0
GU191334.1	k141_79250	626	96.078	51	2	84.2
GU191334.1	k141_79250	626	96.078	51	2	84.2
GU191334.1	k141_80416	420	87.097	62	8	77.0
GU191334.1	k141_79015	4682	66.540	263	84	64.4
GU191334.1	k141_61968	16182	71.591	88	16	50.9
GU191334.1	k141_10951	238	83.333	36	6	39.2
