MZ962720.1	k141_37908	24940	91.643	4918	262	7002
MZ962720.1	k141_37908	24940	91.643	4918	262	7002
MZ962720.1	k141_37908	24940	89.118	3051	210	4030
MZ962720.1	k141_37908	24940	89.118	3051	210	4030
MZ962720.1	k141_37908	24940	89.172	2632	188	3437
MZ962720.1	k141_37908	24940	89.172	2632	188	3437
MZ962720.1	k141_37908	24940	87.421	1733	174	2138
MZ962720.1	k141_37908	24940	87.421	1733	174	2138
MZ962720.1	k141_37908	24940	86.201	1761	175	2057
MZ962720.1	k141_37908	24940	86.201	1761	175	2057
MZ962720.1	k141_37908	24940	81.281	812	79	787
MZ962720.1	k141_37908	24940	85.542	332	36	380
MZ962720.1	k141_37908	24940	85.542	332	36	380
MZ962720.1	k141_37908	24940	79.839	372	49	330
MZ962720.1	k141_37908	24940	79.839	372	49	330
MZ962720.1	k141_37908	24940	84.880	291	40	326
MZ962720.1	k141_37908	24940	84.880	291	40	326
MZ962720.1	k141_37908	24940	84.252	254	28	276
MZ962720.1	k141_37908	24940	84.252	254	28	276
MZ962720.1	k141_37908	24940	75.131	382	54	249
MZ962720.1	k141_37908	24940	75.131	382	54	249
MZ962720.1	k141_37908	24940	81.781	247	28	245
MZ962720.1	k141_37908	24940	87.222	180	23	222
MZ962720.1	k141_37908	24940	87.222	180	23	222
MZ962720.1	k141_37908	24940	76.923	130	23	88.7
MZ962720.1	k141_37908	24940	76.923	130	23	88.7
MZ962720.1	k141_37908	24940	97.619	42	1	72.5
MZ962720.1	k141_37908	24940	97.619	42	1	72.5
MZ962720.1	k141_37908	24940	94.595	37	2	59.0
MZ962720.1	k141_21258	83213	78.345	8243	1498	6748
MZ962720.1	k141_21258	83213	87.269	5239	612	6405
MZ962720.1	k141_21258	83213	79.246	5758	791	4888
MZ962720.1	k141_21258	83213	91.376	2493	215	3527
MZ962720.1	k141_21258	83213	80.709	2540	410	2341
MZ962720.1	k141_21258	83213	83.852	1994	304	2125
MZ962720.1	k141_21258	83213	85.679	1634	212	1867
MZ962720.1	k141_21258	83213	79.454	1942	347	1643
MZ962720.1	k141_21258	83213	80.342	1811	301	1635
MZ962720.1	k141_21258	83213	90.108	1112	110	1510
MZ962720.1	k141_21258	83213	75.160	2190	340	1434
MZ962720.1	k141_21258	83213	74.043	2115	448	1291
MZ962720.1	k141_21258	83213	75.950	1605	320	1120
MZ962720.1	k141_21258	83213	82.545	1100	139	1099
MZ962720.1	k141_21258	83213	85.917	774	106	903
MZ962720.1	k141_21258	83213	68.777	2053	480	769
MZ962720.1	k141_21258	83213	72.485	1203	230	643
MZ962720.1	k141_21258	83213	81.231	666	111	633
MZ962720.1	k141_21258	83213	74.468	987	167	586
MZ962720.1	k141_21258	83213	73.266	894	162	506
MZ962720.1	k141_21258	83213	84.510	439	64	476
MZ962720.1	k141_21258	83213	81.159	483	56	448
MZ962720.1	k141_21258	83213	73.875	689	95	423
MZ962720.1	k141_21258	83213	75.929	565	136	407
MZ962720.1	k141_21258	83213	75.929	565	136	407
MZ962720.1	k141_21258	83213	71.070	916	149	405
MZ962720.1	k141_21258	83213	70.330	910	219	389
MZ962720.1	k141_21258	83213	72.124	739	145	356
MZ962720.1	k141_21258	83213	75.000	528	91	341
MZ962720.1	k141_21258	83213	71.817	589	132	305
MZ962720.1	k141_21258	83213	75.726	379	53	287
MZ962720.1	k141_21258	83213	69.633	708	143	283
MZ962720.1	k141_21258	83213	84.959	246	32	273
MZ962720.1	k141_21258	83213	74.872	390	87	263
MZ962720.1	k141_21258	83213	76.075	372	58	262
MZ962720.1	k141_21258	83213	83.333	246	35	256
MZ962720.1	k141_21258	83213	64.386	1213	247	245
MZ962720.1	k141_21258	83213	73.775	408	68	240
MZ962720.1	k141_21258	83213	73.286	423	74	240
MZ962720.1	k141_21258	83213	84.286	210	24	234
MZ962720.1	k141_21258	83213	84.286	210	24	234
MZ962720.1	k141_21258	83213	74.095	359	91	222
MZ962720.1	k141_21258	83213	71.101	436	69	221
MZ962720.1	k141_21258	83213	71.101	436	69	221
MZ962720.1	k141_21258	83213	76.190	273	31	204
MZ962720.1	k141_21258	83213	80.631	222	39	197
MZ962720.1	k141_21258	83213	78.333	240	46	191
MZ962720.1	k141_21258	83213	75.000	296	46	186
MZ962720.1	k141_21258	83213	80.296	203	32	185
MZ962720.1	k141_21258	83213	80.296	203	32	185
MZ962720.1	k141_21258	83213	83.333	174	25	178
MZ962720.1	k141_21258	83213	87.586	145	14	176
MZ962720.1	k141_21258	83213	79.310	203	39	176
MZ962720.1	k141_21258	83213	84.516	155	24	172
MZ962720.1	k141_21258	83213	84.516	155	24	172
MZ962720.1	k141_21258	83213	88.636	132	12	165
MZ962720.1	k141_21258	83213	81.714	175	13	162
MZ962720.1	k141_21258	83213	98.864	88	1	155
MZ962720.1	k141_21258	83213	75.113	221	36	146
MZ962720.1	k141_21258	83213	75.113	221	36	146
MZ962720.1	k141_21258	83213	95.455	88	4	141
MZ962720.1	k141_21258	83213	98.750	80	1	141
MZ962720.1	k141_21258	83213	98.750	80	1	141
MZ962720.1	k141_21258	83213	83.459	133	16	138
MZ962720.1	k141_21258	83213	81.699	153	22	138
MZ962720.1	k141_21258	83213	81.699	153	22	138
MZ962720.1	k141_21258	83213	93.182	88	6	132
MZ962720.1	k141_21258	83213	78.481	158	34	132
MZ962720.1	k141_21258	83213	79.605	152	21	131
MZ962720.1	k141_21258	83213	77.160	162	37	126
MZ962720.1	k141_21258	83213	65.986	588	178	125
MZ962720.1	k141_21258	83213	90.000	90	9	123
MZ962720.1	k141_21258	83213	85.981	107	13	119
MZ962720.1	k141_21258	83213	94.805	77	3	118
MZ962720.1	k141_21258	83213	94.667	75	4	118
MZ962720.1	k141_21258	83213	78.102	137	30	113
MZ962720.1	k141_21258	83213	78.947	133	23	110
MZ962720.1	k141_21258	83213	67.913	321	87	103
MZ962720.1	k141_21258	83213	79.310	116	24	102
MZ962720.1	k141_21258	83213	79.310	116	24	102
MZ962720.1	k141_21258	83213	86.905	84	10	99.6
MZ962720.1	k141_21258	83213	89.041	73	7	93.3
MZ962720.1	k141_21258	83213	80.612	98	13	93.3
MZ962720.1	k141_21258	83213	80.612	98	13	93.3
MZ962720.1	k141_21258	83213	80.851	94	18	89.7
MZ962720.1	k141_21258	83213	82.022	89	16	89.7
MZ962720.1	k141_21258	83213	82.022	89	16	89.7
MZ962720.1	k141_21258	83213	82.022	89	16	89.7
MZ962720.1	k141_21258	83213	76.316	114	25	77.9
MZ962720.1	k141_21258	83213	69.231	169	50	64.4
MZ962720.1	k141_21258	83213	83.673	49	8	53.6
MZ962720.1	k141_21258	83213	86.842	38	5	47.3
MZ962720.1	k141_21258	83213	86.842	38	5	47.3
MZ962720.1	k141_21258	83213	72.857	70	19	41.9
MZ962720.1	k141_81796	18592	81.668	4353	619	4180
MZ962720.1	k141_81796	18592	81.668	4353	619	4180
MZ962720.1	k141_81796	18592	76.763	2255	477	1680
MZ962720.1	k141_81796	18592	78.990	1961	381	1658
MZ962720.1	k141_81796	18592	84.184	588	92	638
MZ962720.1	k141_81796	18592	84.184	588	92	638
MZ962720.1	k141_81796	18592	74.051	975	205	608
MZ962720.1	k141_81796	18592	82.334	317	56	320
MZ962720.1	k141_81796	18592	91.860	86	6	121
MZ962720.1	k141_81796	18592	70.707	99	26	42.8
MZ962720.1	k141_23440	16004	70.823	1155	273	518
MZ962720.1	k141_23440	16004	70.823	1155	273	518
MZ962720.1	k141_23440	16004	71.493	884	214	421
MZ962720.1	k141_23440	16004	71.493	884	214	421
MZ962720.1	k141_23440	16004	82.609	46	8	48.2
MZ962720.1	k141_23440	16004	82.609	46	8	48.2
MZ962720.1	k141_2755	979	91.086	359	32	504
MZ962720.1	k141_37120	5350	86.994	346	24	414
MZ962720.1	k141_37120	5350	86.994	346	24	414
MZ962720.1	k141_37120	5350	88.525	61	7	79.7
MZ962720.1	k141_37120	5350	88.525	61	7	79.7
MZ962720.1	k141_37120	5350	88.525	61	7	79.7
MZ962720.1	k141_52493	14151	69.613	724	105	315
MZ962720.1	k141_52493	14151	81.714	175	28	167
MZ962720.1	k141_7713	4922	66.058	822	240	211
MZ962720.1	k141_4087	407	90.833	120	11	168
MZ962720.1	k141_4087	407	90.833	120	11	168
MZ962720.1	k141_47216	27551	93.407	91	6	138
MZ962720.1	k141_74723	5376	97.500	80	2	136
MZ962720.1	k141_74723	5376	97.500	80	2	136
MZ962720.1	k141_47810	2565	96.341	82	3	135
MZ962720.1	k141_47810	2565	96.341	82	3	135
MZ962720.1	k141_81394	3724	80.882	136	26	129
MZ962720.1	k141_35889	4167	89.247	93	9	120
MZ962720.1	k141_5824	11135	88.525	61	7	79.7
MZ962720.1	k141_5824	11135	88.525	61	7	79.7
MZ962720.1	k141_5824	11135	88.525	61	7	79.7
MZ962720.1	k141_52572	2794	71.852	135	34	68.0
MZ962720.1	k141_56431	568	79.545	44	9	40.1
MH569081.1	k141_37908	24940	91.993	5970	311	8573
MH569081.1	k141_37908	24940	91.993	5970	311	8573
MH569081.1	k141_37908	24940	91.643	4499	249	6389
MH569081.1	k141_37908	24940	91.643	4499	249	6389
MH569081.1	k141_37908	24940	89.547	2296	122	3035
MH569081.1	k141_37908	24940	89.547	2296	122	3035
MH569081.1	k141_37908	24940	89.985	2047	181	2745
MH569081.1	k141_37908	24940	89.985	2047	181	2745
MH569081.1	k141_37908	24940	80.813	886	136	822
MH569081.1	k141_37908	24940	80.813	886	136	822
MH569081.1	k141_37908	24940	78.621	856	121	699
MH569081.1	k141_37908	24940	78.621	856	121	699
MH569081.1	k141_37908	24940	79.111	675	87	572
MH569081.1	k141_37908	24940	79.111	675	87	572
MH569081.1	k141_37908	24940	81.489	470	49	450
MH569081.1	k141_37908	24940	81.489	470	49	450
MH569081.1	k141_37908	24940	77.261	387	32	339
MH569081.1	k141_37908	24940	77.261	387	32	339
MH569081.1	k141_37908	24940	83.077	130	17	132
MH569081.1	k141_37908	24940	83.077	130	17	132
MH569081.1	k141_37908	24940	78.431	102	17	81.5
MH569081.1	k141_37908	24940	94.340	53	2	79.7
MH569081.1	k141_37908	24940	94.340	53	2	79.7
MH569081.1	k141_37908	24940	95.238	42	2	68.0
MH569081.1	k141_37908	24940	95.238	42	2	68.0
MH569081.1	k141_37908	24940	92.308	39	3	58.1
MH569081.1	k141_21258	83213	87.148	5439	633	6600
MH569081.1	k141_21258	83213	78.192	7433	1183	5965
MH569081.1	k141_21258	83213	81.199	3702	607	3552
MH569081.1	k141_21258	83213	88.760	2580	286	3336
MH569081.1	k141_21258	83213	79.192	3340	599	2892
MH569081.1	k141_21258	83213	81.559	2348	371	2267
MH569081.1	k141_21258	83213	83.636	1925	295	2039
MH569081.1	k141_21258	83213	85.732	1654	212	1914
MH569081.1	k141_21258	83213	82.749	1797	273	1819
MH569081.1	k141_21258	83213	86.625	1428	146	1697
MH569081.1	k141_21258	83213	81.060	1774	274	1691
MH569081.1	k141_21258	83213	79.333	1950	330	1658
MH569081.1	k141_21258	83213	77.703	2081	298	1599
MH569081.1	k141_21258	83213	73.177	2263	503	1317
MH569081.1	k141_21258	83213	76.306	1608	281	1187
MH569081.1	k141_21258	83213	85.462	1018	113	1156
MH569081.1	k141_21258	83213	70.596	2299	504	1029
MH569081.1	k141_21258	83213	75.835	1258	223	882
MH569081.1	k141_21258	83213	76.947	963	131	697
MH569081.1	k141_21258	83213	79.558	724	137	631
MH569081.1	k141_21258	83213	80.702	627	109	588
MH569081.1	k141_21258	83213	69.015	1391	278	542
MH569081.1	k141_21258	83213	77.644	662	96	511
MH569081.1	k141_21258	83213	77.843	677	110	500
MH569081.1	k141_21258	83213	75.294	680	122	412
MH569081.1	k141_21258	83213	72.251	764	131	401
MH569081.1	k141_21258	83213	87.346	324	38	398
MH569081.1	k141_21258	83213	88.302	265	27	338
MH569081.1	k141_21258	83213	71.791	670	123	326
MH569081.1	k141_21258	83213	72.603	584	119	320
MH569081.1	k141_21258	83213	73.369	567	100	303
MH569081.1	k141_21258	83213	84.791	263	36	289
MH569081.1	k141_21258	83213	71.101	654	113	275
MH569081.1	k141_21258	83213	83.582	268	34	268
MH569081.1	k141_21258	83213	76.454	361	62	262
MH569081.1	k141_21258	83213	78.549	317	55	255
MH569081.1	k141_21258	83213	78.549	317	55	255
MH569081.1	k141_21258	83213	77.570	321	54	244
MH569081.1	k141_21258	83213	78.623	276	50	223
MH569081.1	k141_21258	83213	94.964	139	7	220
MH569081.1	k141_21258	83213	76.868	281	65	214
MH569081.1	k141_21258	83213	80.085	236	31	197
MH569081.1	k141_21258	83213	80.296	203	40	187
MH569081.1	k141_21258	83213	76.889	225	52	172
MH569081.1	k141_21258	83213	85.106	141	18	159
MH569081.1	k141_21258	83213	75.918	245	44	159
MH569081.1	k141_21258	83213	96.667	90	3	150
MH569081.1	k141_21258	83213	100.000	80	0	145
MH569081.1	k141_21258	83213	100.000	80	0	145
MH569081.1	k141_21258	83213	85.000	120	18	136
MH569081.1	k141_21258	83213	91.209	91	8	129
MH569081.1	k141_21258	83213	76.970	165	38	127
MH569081.1	k141_21258	83213	73.529	204	54	125
MH569081.1	k141_21258	83213	91.765	85	7	123
MH569081.1	k141_21258	83213	98.551	69	1	121
MH569081.1	k141_21258	83213	92.000	75	6	109
MH569081.1	k141_21258	83213	73.563	174	35	104
MH569081.1	k141_21258	83213	77.419	124	28	98.7
MH569081.1	k141_21258	83213	85.897	78	10	88.7
MH569081.1	k141_21258	83213	68.657	201	33	84.2
MH569081.1	k141_21258	83213	95.556	45	2	73.4
MH569081.1	k141_21258	83213	95.556	45	2	73.4
MH569081.1	k141_21258	83213	87.500	56	7	70.7
MH569081.1	k141_21258	83213	81.429	70	13	68.9
MH569081.1	k141_21258	83213	81.967	61	11	61.7
MH569081.1	k141_21258	83213	81.633	49	9	49.1
MH569081.1	k141_21258	83213	74.648	71	18	48.2
MH569081.1	k141_21258	83213	86.842	38	5	47.3
MH569081.1	k141_21258	83213	86.842	38	5	47.3
MH569081.1	k141_21258	83213	68.103	116	37	43.7
MH569081.1	k141_21258	83213	82.051	39	7	40.1
MH569081.1	k141_81796	18592	78.499	4344	710	3524
MH569081.1	k141_81796	18592	82.016	1935	319	1907
MH569081.1	k141_81796	18592	77.019	2328	458	1748
MH569081.1	k141_81796	18592	75.410	1159	227	773
MH569081.1	k141_81796	18592	78.716	592	119	484
MH569081.1	k141_81796	18592	77.881	538	80	411
MH569081.1	k141_81796	18592	82.322	379	65	379
MH569081.1	k141_81796	18592	72.043	279	47	144
MH569081.1	k141_81796	18592	68.986	345	80	133
MH569081.1	k141_81796	18592	68.986	345	80	133
MH569081.1	k141_81796	18592	95.745	47	1	73.4
MH569081.1	k141_81796	18592	95.745	47	1	73.4
MH569081.1	k141_81796	18592	90.476	42	4	59.0
MH569081.1	k141_23440	16004	71.069	1151	273	521
MH569081.1	k141_23440	16004	71.069	1151	273	521
MH569081.1	k141_23440	16004	72.032	876	216	444
MH569081.1	k141_23440	16004	72.032	876	216	444
MH569081.1	k141_23440	16004	75.875	257	60	178
MH569081.1	k141_23440	16004	75.875	257	60	178
MH569081.1	k141_23440	16004	75.120	209	50	136
MH569081.1	k141_23440	16004	75.120	209	50	136
MH569081.1	k141_23440	16004	80.488	41	8	39.2
MH569081.1	k141_2755	979	91.667	360	30	515
MH569081.1	k141_52493	14151	73.526	899	161	515
MH569081.1	k141_68492	2602	82.482	274	34	273
MH569081.1	k141_68492	2602	82.482	274	34	273
MH569081.1	k141_7713	4922	73.427	429	106	250
MH569081.1	k141_7713	4922	75.281	89	22	62.6
MH569081.1	k141_37120	5350	81.279	219	16	224
MH569081.1	k141_37120	5350	81.279	219	16	224
MH569081.1	k141_37120	5350	93.793	145	3	214
MH569081.1	k141_37120	5350	93.793	145	3	214
MH569081.1	k141_37120	5350	90.164	61	6	84.2
MH569081.1	k141_37120	5350	90.164	61	6	84.2
MH569081.1	k141_4087	407	82.609	138	6	149
MH569081.1	k141_4087	407	82.609	138	6	149
MH569081.1	k141_81394	3724	83.704	135	22	145
MH569081.1	k141_47810	2565	97.561	82	2	140
MH569081.1	k141_47810	2565	97.561	82	2	140
MH569081.1	k141_74723	5376	95.294	85	4	136
MH569081.1	k141_74723	5376	95.294	85	4	136
MH569081.1	k141_47216	27551	91.398	93	8	132
MH569081.1	k141_35889	4167	87.097	93	11	111
MH569081.1	k141_5824	11135	90.164	61	6	84.2
MH569081.1	k141_5824	11135	90.164	61	6	84.2
MH569081.1	k141_52572	2794	73.832	107	26	60.8
MH569081.1	k141_13032	615	80.702	57	11	54.5
MH569081.1	k141_13032	615	80.702	57	11	54.5
MH569081.1	k141_40238	434	87.500	40	5	50.9
NC_033978.1	k141_21258	83213	83.863	14141	1758	15254
NC_033978.1	k141_21258	83213	88.237	8391	693	10646
NC_033978.1	k141_21258	83213	80.737	10502	1203	9770
NC_033978.1	k141_21258	83213	81.317	7515	988	7130
NC_033978.1	k141_21258	83213	84.554	4668	458	5216
NC_033978.1	k141_21258	83213	83.409	4641	502	4843
NC_033978.1	k141_21258	83213	85.231	2959	285	3409
NC_033978.1	k141_21258	83213	78.504	3261	429	2732
NC_033978.1	k141_21258	83213	80.427	2626	333	2456
NC_033978.1	k141_21258	83213	78.792	2466	417	2064
NC_033978.1	k141_21258	83213	92.444	1297	74	1888
NC_033978.1	k141_21258	83213	82.601	1661	229	1702
NC_033978.1	k141_21258	83213	90.468	1133	76	1536
NC_033978.1	k141_21258	83213	76.805	1884	265	1380
NC_033978.1	k141_21258	83213	81.756	1162	151	1123
NC_033978.1	k141_21258	83213	82.336	1036	114	1012
NC_033978.1	k141_21258	83213	76.911	1282	166	933
NC_033978.1	k141_21258	83213	74.943	1325	181	890
NC_033978.1	k141_21258	83213	78.519	1094	145	887
NC_033978.1	k141_21258	83213	81.509	941	97	875
NC_033978.1	k141_21258	83213	74.505	859	142	519
NC_033978.1	k141_21258	83213	75.264	663	80	452
NC_033978.1	k141_21258	83213	70.998	631	111	284
NC_033978.1	k141_21258	83213	77.522	347	41	277
NC_033978.1	k141_21258	83213	78.065	310	36	264
NC_033978.1	k141_21258	83213	80.632	253	27	224
NC_033978.1	k141_21258	83213	78.776	245	37	195
NC_033978.1	k141_21258	83213	86.577	149	12	178
NC_033978.1	k141_21258	83213	83.750	160	7	176
NC_033978.1	k141_21258	83213	77.000	200	29	156
NC_033978.1	k141_21258	83213	94.000	100	4	151
NC_033978.1	k141_21258	83213	81.746	126	23	124
NC_033978.1	k141_21258	83213	92.105	76	6	111
NC_033978.1	k141_21258	83213	75.641	156	38	111
NC_033978.1	k141_21258	83213	81.609	87	14	83.3
NC_033978.1	k141_21258	83213	97.826	46	1	79.7
NC_033978.1	k141_21258	83213	97.561	41	1	70.7
NC_033978.1	k141_21258	83213	97.561	41	1	70.7
NC_033978.1	k141_21258	83213	97.500	40	1	68.9
NC_033978.1	k141_21258	83213	80.328	61	12	57.2
NC_033978.1	k141_21258	83213	82.609	46	8	48.2
NC_033978.1	k141_21258	83213	82.609	46	8	48.2
NC_033978.1	k141_21258	83213	74.286	70	18	46.4
NC_033978.1	k141_21258	83213	84.615	39	6	44.6
NC_033978.1	k141_37908	24940	92.872	9245	441	13790
NC_033978.1	k141_37908	24940	93.004	9163	436	13716
NC_033978.1	k141_37908	24940	95.293	5672	155	8996
NC_033978.1	k141_37908	24940	95.293	5672	155	8996
NC_033978.1	k141_37908	24940	94.073	4792	162	7400
NC_033978.1	k141_37908	24940	94.073	4792	162	7400
NC_033978.1	k141_37908	24940	96.122	3017	88	4877
NC_033978.1	k141_37908	24940	96.122	3017	88	4877
NC_033978.1	k141_37908	24940	93.873	963	56	1470
NC_033978.1	k141_37908	24940	93.873	963	56	1470
NC_033978.1	k141_37908	24940	86.874	998	59	1225
NC_033978.1	k141_37908	24940	86.874	998	59	1225
NC_033978.1	k141_37908	24940	100.000	39	0	71.6
NC_033978.1	k141_37908	24940	92.857	42	3	63.5
NC_033978.1	k141_37908	24940	86.842	38	5	47.3
NC_033978.1	k141_81796	18592	82.147	4638	571	4629
NC_033978.1	k141_81796	18592	83.524	3405	440	3577
NC_033978.1	k141_81796	18592	81.187	2562	401	2426
NC_033978.1	k141_81796	18592	78.281	1478	245	1211
NC_033978.1	k141_81796	18592	70.209	1910	351	919
NC_033978.1	k141_81796	18592	76.221	778	132	554
NC_033978.1	k141_81796	18592	85.410	329	36	370
NC_033978.1	k141_81796	18592	85.410	329	36	370
NC_033978.1	k141_81796	18592	71.674	639	154	316
NC_033978.1	k141_81796	18592	84.291	261	34	270
NC_033978.1	k141_81796	18592	92.199	141	11	205
NC_033978.1	k141_81796	18592	92.199	141	11	205
NC_033978.1	k141_81796	18592	67.413	491	100	156
NC_033978.1	k141_81796	18592	73.518	253	51	147
NC_033978.1	k141_81796	18592	100.000	39	0	71.6
NC_033978.1	k141_81796	18592	100.000	39	0	71.6
NC_033978.1	k141_81796	18592	92.857	42	3	63.5
NC_033978.1	k141_52493	14151	74.336	1204	199	720
NC_033978.1	k141_2755	979	95.278	360	17	573
NC_033978.1	k141_23440	16004	72.531	881	203	453
NC_033978.1	k141_23440	16004	72.531	881	203	453
NC_033978.1	k141_23440	16004	74.812	532	123	348
NC_033978.1	k141_23440	16004	74.812	532	123	348
NC_033978.1	k141_23440	16004	74.946	467	95	286
NC_033978.1	k141_23440	16004	74.946	467	95	286
NC_033978.1	k141_23440	16004	78.788	264	54	217
NC_033978.1	k141_23440	16004	78.788	264	54	217
NC_033978.1	k141_23440	16004	78.723	47	10	41.0
NC_033978.1	k141_37120	5350	86.111	360	15	434
NC_033978.1	k141_37120	5350	86.111	360	15	434
NC_033978.1	k141_37120	5350	86.885	61	8	75.2
NC_033978.1	k141_37120	5350	86.885	61	8	75.2
NC_033978.1	k141_68492	2602	91.985	262	11	379
NC_033978.1	k141_68492	2602	91.985	262	11	379
NC_033978.1	k141_7713	4922	66.921	786	215	233
NC_033978.1	k141_67071	25724	80.952	210	34	196
NC_033978.1	k141_4087	407	89.683	126	7	166
NC_033978.1	k141_4087	407	89.683	126	7	166
NC_033978.1	k141_81394	3724	86.232	138	19	164
NC_033978.1	k141_74723	5376	98.795	83	1	146
NC_033978.1	k141_74723	5376	98.795	83	1	146
NC_033978.1	k141_47216	27551	86.290	124	16	144
NC_033978.1	k141_47810	2565	97.561	82	2	140
NC_033978.1	k141_35889	4167	88.172	93	10	115
NC_033978.1	k141_58977	7770	71.429	182	48	89.7
NC_033978.1	k141_58977	7770	71.429	182	48	89.7
NC_033978.1	k141_27917	870	88.525	61	7	79.7
NC_033978.1	k141_5824	11135	86.885	61	8	75.2
NC_033978.1	k141_5824	11135	86.885	61	8	75.2
NC_033978.1	k141_40238	434	85.714	63	9	74.3
NC_033978.1	k141_52572	2794	78.750	80	17	68.9
NC_033978.1	k141_20405	1445	87.037	54	7	67.1
NC_033978.1	k141_13032	615	80.702	57	11	54.5
NC_033978.1	k141_13032	615	80.702	57	11	54.5
MW006668.1	k141_21258	83213	83.571	9526	1234	10134
MW006668.1	k141_21258	83213	90.753	5667	412	7851
MW006668.1	k141_21258	83213	82.218	5410	686	5344
MW006668.1	k141_21258	83213	85.167	4645	476	5283
MW006668.1	k141_21258	83213	86.046	4178	375	4892
MW006668.1	k141_21258	83213	84.924	3794	367	4268
MW006668.1	k141_21258	83213	86.836	3236	386	3916
MW006668.1	k141_21258	83213	79.107	3269	422	2813
MW006668.1	k141_21258	83213	88.209	2010	194	2524
MW006668.1	k141_21258	83213	77.091	3252	435	2511
MW006668.1	k141_21258	83213	85.240	2168	253	2456
MW006668.1	k141_21258	83213	87.551	1968	200	2445
MW006668.1	k141_21258	83213	86.089	2099	210	2444
MW006668.1	k141_21258	83213	78.001	2782	479	2225
MW006668.1	k141_21258	83213	74.412	3017	423	1983
MW006668.1	k141_21258	83213	80.000	1855	293	1658
MW006668.1	k141_21258	83213	77.709	1615	238	1337
MW006668.1	k141_21258	83213	92.375	918	58	1333
MW006668.1	k141_21258	83213	92.375	918	58	1333
MW006668.1	k141_21258	83213	76.471	1785	260	1299
MW006668.1	k141_21258	83213	75.639	1683	221	1187
MW006668.1	k141_21258	83213	84.753	951	124	1054
MW006668.1	k141_21258	83213	78.217	1290	160	1048
MW006668.1	k141_21258	83213	78.217	1290	160	1048
MW006668.1	k141_21258	83213	87.052	726	71	857
MW006668.1	k141_21258	83213	85.899	695	64	802
MW006668.1	k141_21258	83213	77.793	734	118	599
MW006668.1	k141_21258	83213	77.793	734	118	599
MW006668.1	k141_21258	83213	79.624	638	85	552
MW006668.1	k141_21258	83213	75.301	830	116	532
MW006668.1	k141_21258	83213	75.318	551	73	389
MW006668.1	k141_21258	83213	86.239	327	37	381
MW006668.1	k141_21258	83213	86.239	327	37	381
MW006668.1	k141_21258	83213	80.336	417	53	364
MW006668.1	k141_21258	83213	69.297	697	122	304
MW006668.1	k141_21258	83213	75.472	371	34	284
MW006668.1	k141_21258	83213	72.381	420	57	225
MW006668.1	k141_21258	83213	78.439	269	50	214
MW006668.1	k141_21258	83213	83.871	186	27	195
MW006668.1	k141_21258	83213	71.046	373	69	186
MW006668.1	k141_21258	83213	80.569	211	33	181
MW006668.1	k141_21258	83213	74.818	274	66	178
MW006668.1	k141_21258	83213	81.188	202	26	178
MW006668.1	k141_21258	83213	80.402	199	31	178
MW006668.1	k141_21258	83213	86.957	138	16	161
MW006668.1	k141_21258	83213	76.712	219	35	158
MW006668.1	k141_21258	83213	84.034	119	15	129
MW006668.1	k141_21258	83213	76.471	170	40	127
MW006668.1	k141_21258	83213	94.937	79	4	125
MW006668.1	k141_21258	83213	94.937	79	4	125
MW006668.1	k141_21258	83213	79.137	139	20	115
MW006668.1	k141_21258	83213	79.137	139	20	115
MW006668.1	k141_21258	83213	80.159	126	25	115
MW006668.1	k141_21258	83213	66.406	384	115	106
MW006668.1	k141_21258	83213	72.283	184	25	104
MW006668.1	k141_21258	83213	85.185	81	12	93.3
MW006668.1	k141_21258	83213	97.917	48	1	83.3
MW006668.1	k141_21258	83213	93.878	49	3	76.1
MW006668.1	k141_21258	83213	93.878	49	3	76.1
MW006668.1	k141_21258	83213	97.561	41	1	70.7
MW006668.1	k141_21258	83213	91.489	47	4	68.0
MW006668.1	k141_21258	83213	86.441	59	5	65.3
MW006668.1	k141_21258	83213	94.872	39	2	62.6
MW006668.1	k141_21258	83213	90.909	44	4	62.6
MW006668.1	k141_21258	83213	87.805	41	5	52.7
MW006668.1	k141_21258	83213	76.056	71	17	52.7
MW006668.1	k141_21258	83213	89.474	38	4	51.8
MW006668.1	k141_21258	83213	81.633	49	9	49.1
MW006668.1	k141_21258	83213	73.418	79	21	49.1
MW006668.1	k141_21258	83213	84.615	39	6	44.6
MW006668.1	k141_37908	24940	93.067	6087	210	9068
MW006668.1	k141_37908	24940	93.067	6087	210	9068
MW006668.1	k141_37908	24940	90.157	5344	383	7274
MW006668.1	k141_37908	24940	96.474	2496	61	4089
MW006668.1	k141_37908	24940	96.474	2496	61	4089
MW006668.1	k141_37908	24940	74.747	1881	259	1270
MW006668.1	k141_37908	24940	78.292	1382	176	1122
MW006668.1	k141_37908	24940	86.869	693	60	855
MW006668.1	k141_37908	24940	89.029	556	58	718
MW006668.1	k141_37908	24940	78.329	766	112	633
MW006668.1	k141_37908	24940	76.061	589	88	425
MW006668.1	k141_37908	24940	87.410	278	27	343
MW006668.1	k141_37908	24940	87.410	278	27	343
MW006668.1	k141_37908	24940	82.993	147	16	152
MW006668.1	k141_37908	24940	82.993	147	16	152
MW006668.1	k141_37908	24940	83.088	136	14	141
MW006668.1	k141_37908	24940	81.905	105	15	104
MW006668.1	k141_37908	24940	64.634	410	106	99.6
MW006668.1	k141_37908	24940	64.634	410	106	99.6
MW006668.1	k141_37908	24940	70.588	221	55	88.7
MW006668.1	k141_37908	24940	70.588	221	55	88.7
MW006668.1	k141_37908	24940	72.472	178	42	86.9
MW006668.1	k141_37908	24940	100.000	42	0	77.0
MW006668.1	k141_37908	24940	100.000	42	0	77.0
MW006668.1	k141_37908	24940	86.885	61	8	75.2
MW006668.1	k141_37908	24940	86.885	61	8	75.2
MW006668.1	k141_37908	24940	67.760	183	47	71.6
MW006668.1	k141_37908	24940	67.760	183	47	71.6
MW006668.1	k141_37908	24940	67.760	183	47	71.6
MW006668.1	k141_37908	24940	67.760	183	47	71.6
MW006668.1	k141_37908	24940	92.857	42	3	63.5
MW006668.1	k141_37908	24940	86.275	51	7	61.7
MW006668.1	k141_37908	24940	66.968	221	66	54.5
MW006668.1	k141_37908	24940	66.968	221	66	54.5
MW006668.1	k141_37908	24940	66.968	221	66	54.5
MW006668.1	k141_37908	24940	66.968	221	66	54.5
MW006668.1	k141_37908	24940	73.810	84	22	53.6
MW006668.1	k141_37908	24940	73.810	84	22	53.6
MW006668.1	k141_37908	24940	86.842	38	5	47.3
MW006668.1	k141_81796	18592	86.735	4380	441	5226
MW006668.1	k141_81796	18592	86.735	4380	441	5226
MW006668.1	k141_81796	18592	83.431	4798	612	5031
MW006668.1	k141_81796	18592	83.431	4798	612	5031
MW006668.1	k141_81796	18592	80.591	2334	421	2147
MW006668.1	k141_81796	18592	86.087	230	32	271
MW006668.1	k141_81796	18592	86.087	230	32	271
MW006668.1	k141_81796	18592	89.313	131	13	170
MW006668.1	k141_81796	18592	86.885	61	8	75.2
MW006668.1	k141_81796	18592	86.885	61	8	75.2
MW006668.1	k141_81796	18592	86.885	61	8	75.2
MW006668.1	k141_81796	18592	86.885	61	8	75.2
MW006668.1	k141_81796	18592	100.000	39	0	71.6
MW006668.1	k141_81796	18592	83.607	61	10	66.2
MW006668.1	k141_81796	18592	83.607	61	10	66.2
MW006668.1	k141_81796	18592	83.607	61	10	66.2
MW006668.1	k141_81796	18592	83.607	61	10	66.2
MW006668.1	k141_81796	18592	92.857	42	3	63.5
MW006668.1	k141_81796	18592	82.258	62	11	63.5
MW006668.1	k141_81796	18592	81.967	61	11	61.7
MW006668.1	k141_81796	18592	81.967	61	11	61.7
MW006668.1	k141_81796	18592	81.967	61	11	61.7
MW006668.1	k141_81796	18592	81.967	61	11	61.7
MW006668.1	k141_81796	18592	81.967	61	11	61.7
MW006668.1	k141_81796	18592	81.967	61	11	61.7
MW006668.1	k141_81796	18592	81.967	61	11	61.7
MW006668.1	k141_81796	18592	81.967	61	11	61.7
MW006668.1	k141_52493	14151	78.963	984	133	792
MW006668.1	k141_2755	979	95.000	360	18	569
MW006668.1	k141_23440	16004	71.525	885	206	425
MW006668.1	k141_23440	16004	71.525	885	206	425
MW006668.1	k141_23440	16004	74.436	532	125	339
MW006668.1	k141_23440	16004	74.436	532	125	339
MW006668.1	k141_23440	16004	74.518	467	103	276
MW006668.1	k141_23440	16004	74.518	467	103	276
MW006668.1	k141_23440	16004	78.788	264	54	217
MW006668.1	k141_23440	16004	78.788	264	54	217
MW006668.1	k141_37120	5350	82.713	376	14	400
MW006668.1	k141_37120	5350	82.713	376	14	400
MW006668.1	k141_37120	5350	85.246	61	9	70.7
MW006668.1	k141_37120	5350	85.246	61	9	70.7
MW006668.1	k141_7713	4922	66.186	763	213	214
MW006668.1	k141_4087	407	94.309	123	3	186
MW006668.1	k141_68492	2602	70.234	299	35	151
MW006668.1	k141_81394	3724	83.217	143	24	150
MW006668.1	k141_67071	25724	76.190	210	44	150
MW006668.1	k141_67071	25724	76.190	210	44	150
MW006668.1	k141_47216	27551	97.701	87	2	149
MW006668.1	k141_35889	4167	93.548	93	5	138
MW006668.1	k141_74723	5376	96.386	83	3	137
MW006668.1	k141_74723	5376	96.386	83	3	137
MW006668.1	k141_47810	2565	94.937	79	4	125
MW006668.1	k141_47810	2565	94.937	79	4	125
MW006668.1	k141_58977	7770	70.000	180	54	82.4
MW006668.1	k141_52572	2794	72.932	133	34	71.6
MW006668.1	k141_5824	11135	85.246	61	9	70.7
MW006668.1	k141_5824	11135	85.246	61	9	70.7
MW006668.1	k141_13032	615	80.702	57	11	54.5
MW006668.1	k141_13032	615	80.702	57	11	54.5
MW006668.1	k141_71279	381	80.952	42	8	41.0
MW006668.1	k141_71279	381	80.952	42	8	41.0
MW435436.1	k141_21258	83213	84.123	12616	1635	13729
MW435436.1	k141_21258	83213	90.829	5692	435	7891
MW435436.1	k141_21258	83213	81.415	7942	993	7631
MW435436.1	k141_21258	83213	84.992	4744	494	5299
MW435436.1	k141_21258	83213	84.858	3936	410	4390
MW435436.1	k141_21258	83213	80.533	4582	615	4240
MW435436.1	k141_21258	83213	85.628	2964	312	3424
MW435436.1	k141_21258	83213	76.500	3451	511	2527
MW435436.1	k141_21258	83213	83.948	2224	273	2388
MW435436.1	k141_21258	83213	85.481	2018	254	2282
MW435436.1	k141_21258	83213	79.688	2309	257	2057
MW435436.1	k141_21258	83213	76.622	2836	481	2033
MW435436.1	k141_21258	83213	91.014	1302	90	1819
MW435436.1	k141_21258	83213	77.324	2377	430	1798
MW435436.1	k141_21258	83213	86.900	1145	114	1377
MW435436.1	k141_21258	83213	75.194	1931	286	1308
MW435436.1	k141_21258	83213	81.434	1088	128	1078
MW435436.1	k141_21258	83213	77.845	1318	188	1047
MW435436.1	k141_21258	83213	73.962	1517	227	931
MW435436.1	k141_21258	83213	76.446	1193	170	841
MW435436.1	k141_21258	83213	73.897	1337	202	804
MW435436.1	k141_21258	83213	80.854	726	97	663
MW435436.1	k141_21258	83213	83.893	447	53	468
MW435436.1	k141_21258	83213	83.893	447	53	468
MW435436.1	k141_21258	83213	76.230	610	90	452
MW435436.1	k141_21258	83213	75.692	650	83	420
MW435436.1	k141_21258	83213	71.029	680	128	320
MW435436.1	k141_21258	83213	74.376	441	72	265
MW435436.1	k141_21258	83213	88.945	199	16	257
MW435436.1	k141_21258	83213	78.862	246	25	216
MW435436.1	k141_21258	83213	67.281	651	112	206
MW435436.1	k141_21258	83213	90.647	139	10	191
MW435436.1	k141_21258	83213	86.061	165	22	191
MW435436.1	k141_21258	83213	86.577	149	12	178
MW435436.1	k141_21258	83213	86.577	149	12	178
MW435436.1	k141_21258	83213	84.277	159	25	175
MW435436.1	k141_21258	83213	79.394	165	34	145
MW435436.1	k141_21258	83213	97.468	79	2	134
MW435436.1	k141_21258	83213	79.562	137	12	127
MW435436.1	k141_21258	83213	66.420	405	122	113
MW435436.1	k141_21258	83213	93.243	74	5	112
MW435436.1	k141_21258	83213	86.842	76	10	93.3
MW435436.1	k141_21258	83213	95.745	47	2	77.0
MW435436.1	k141_21258	83213	97.561	41	1	70.7
MW435436.1	k141_21258	83213	97.561	41	1	70.7
MW435436.1	k141_21258	83213	87.179	39	5	49.1
MW435436.1	k141_21258	83213	84.211	38	6	42.8
MW435436.1	k141_21258	83213	84.211	38	6	42.8
MW435436.1	k141_21258	83213	72.857	70	19	41.9
MW435436.1	k141_21258	83213	82.051	39	7	40.1
MW435436.1	k141_37908	24940	92.584	9223	487	13605
MW435436.1	k141_37908	24940	92.584	9223	487	13605
MW435436.1	k141_37908	24940	95.774	5300	126	8569
MW435436.1	k141_37908	24940	95.774	5300	126	8569
MW435436.1	k141_37908	24940	92.563	5701	218	8412
MW435436.1	k141_37908	24940	92.563	5701	218	8412
MW435436.1	k141_37908	24940	92.690	3584	142	5296
MW435436.1	k141_37908	24940	92.690	3584	142	5296
MW435436.1	k141_37908	24940	93.009	987	45	1473
MW435436.1	k141_37908	24940	93.009	987	45	1473
MW435436.1	k141_37908	24940	81.551	374	38	356
MW435436.1	k141_37908	24940	81.551	374	38	356
MW435436.1	k141_37908	24940	95.238	42	2	68.0
MW435436.1	k141_37908	24940	92.308	39	3	58.1
MW435436.1	k141_81796	18592	82.637	4521	573	4598
MW435436.1	k141_81796	18592	79.895	4780	740	4253
MW435436.1	k141_81796	18592	81.429	2267	385	2196
MW435436.1	k141_81796	18592	81.128	2003	342	1914
MW435436.1	k141_81796	18592	68.189	1905	427	735
MW435436.1	k141_81796	18592	74.536	754	136	491
MW435436.1	k141_81796	18592	84.022	363	43	394
MW435436.1	k141_81796	18592	84.022	363	43	394
MW435436.1	k141_81796	18592	73.134	670	152	382
MW435436.1	k141_81796	18592	73.134	670	152	382
MW435436.1	k141_81796	18592	93.617	141	9	214
MW435436.1	k141_81796	18592	93.617	141	9	214
MW435436.1	k141_81796	18592	69.091	275	65	109
MW435436.1	k141_81796	18592	100.000	39	0	71.6
MW435436.1	k141_81796	18592	100.000	39	0	71.6
MW435436.1	k141_81796	18592	90.476	42	4	59.0
MW435436.1	k141_2755	979	94.429	359	20	558
MW435436.1	k141_23440	16004	71.021	1156	265	530
MW435436.1	k141_23440	16004	71.021	1156	265	530
MW435436.1	k141_23440	16004	72.316	885	198	444
MW435436.1	k141_23440	16004	72.316	885	198	444
MW435436.1	k141_23440	16004	78.409	264	55	213
MW435436.1	k141_23440	16004	78.409	264	55	213
MW435436.1	k141_52493	14151	75.502	747	127	488
MW435436.1	k141_52493	14151	88.333	180	15	227
MW435436.1	k141_37120	5350	86.389	360	14	438
MW435436.1	k141_37120	5350	86.389	360	14	438
MW435436.1	k141_37120	5350	86.885	61	8	75.2
MW435436.1	k141_37120	5350	86.885	61	8	75.2
MW435436.1	k141_68492	2602	90.840	262	14	365
MW435436.1	k141_68492	2602	90.840	262	14	365
MW435436.1	k141_7713	4922	66.836	787	214	223
MW435436.1	k141_4087	407	95.000	120	5	187
MW435436.1	k141_4087	407	95.000	120	5	187
MW435436.1	k141_81394	3724	83.916	143	23	155
MW435436.1	k141_47216	27551	87.200	125	11	145
MW435436.1	k141_74723	5376	97.590	83	2	141
MW435436.1	k141_74723	5376	97.590	83	2	141
MW435436.1	k141_47810	2565	95.000	80	4	127
MW435436.1	k141_35889	4167	90.323	93	8	124
MW435436.1	k141_58977	7770	71.978	182	47	94.2
MW435436.1	k141_58977	7770	71.978	182	47	94.2
MW435436.1	k141_5824	11135	86.885	61	8	75.2
MW435436.1	k141_5824	11135	86.885	61	8	75.2
MW435436.1	k141_40238	434	82.090	67	10	65.3
MW435436.1	k141_13032	615	77.027	74	17	58.1
MW435436.1	k141_13032	615	77.027	74	17	58.1
MW435436.1	k141_52572	2794	75.000	80	20	55.4
MW435436.1	k141_52572	2794	75.000	80	20	55.4
NC_037882.1	k141_21258	83213	85.017	12741	1525	14347
NC_037882.1	k141_21258	83213	83.030	10619	1156	11100
NC_037882.1	k141_21258	83213	88.013	8301	683	10491
NC_037882.1	k141_21258	83213	83.318	7523	818	7947
NC_037882.1	k141_21258	83213	87.862	3625	316	4540
NC_037882.1	k141_21258	83213	82.894	4209	458	4297
NC_037882.1	k141_21258	83213	79.208	4646	667	3938
NC_037882.1	k141_21258	83213	78.524	4200	543	3471
NC_037882.1	k141_21258	83213	79.931	2915	382	2551
NC_037882.1	k141_21258	83213	87.646	1967	182	2458
NC_037882.1	k141_21258	83213	79.111	2408	313	2062
NC_037882.1	k141_21258	83213	88.691	955	68	1236
NC_037882.1	k141_21258	83213	73.008	2008	320	1126
NC_037882.1	k141_21258	83213	78.804	1321	172	1123
NC_037882.1	k141_21258	83213	78.302	1166	122	1000
NC_037882.1	k141_21258	83213	77.665	1276	160	981
NC_037882.1	k141_21258	83213	74.802	1512	201	965
NC_037882.1	k141_21258	83213	81.733	854	100	807
NC_037882.1	k141_21258	83213	71.087	1086	182	532
NC_037882.1	k141_21258	83213	78.191	619	101	480
NC_037882.1	k141_21258	83213	85.979	378	36	450
NC_037882.1	k141_21258	83213	70.923	650	126	292
NC_037882.1	k141_21258	83213	77.749	382	54	289
NC_037882.1	k141_21258	83213	84.848	231	19	260
NC_037882.1	k141_21258	83213	86.829	205	19	251
NC_037882.1	k141_21258	83213	85.340	191	22	206
NC_037882.1	k141_21258	83213	84.516	155	7	178
NC_037882.1	k141_21258	83213	84.516	155	7	178
NC_037882.1	k141_21258	83213	88.571	140	11	168
NC_037882.1	k141_21258	83213	84.177	158	19	165
NC_037882.1	k141_21258	83213	80.814	172	24	161
NC_037882.1	k141_21258	83213	93.137	102	7	153
NC_037882.1	k141_21258	83213	92.381	105	5	143
NC_037882.1	k141_21258	83213	74.545	165	42	109
NC_037882.1	k141_21258	83213	75.000	156	39	106
NC_037882.1	k141_21258	83213	91.667	72	6	104
NC_037882.1	k141_21258	83213	82.353	102	16	96.9
NC_037882.1	k141_21258	83213	100.000	42	0	77.0
NC_037882.1	k141_21258	83213	85.484	62	5	71.6
NC_037882.1	k141_21258	83213	95.122	41	2	66.2
NC_037882.1	k141_21258	83213	95.122	41	2	66.2
NC_037882.1	k141_21258	83213	89.130	46	5	61.7
NC_037882.1	k141_21258	83213	82.692	52	9	54.5
NC_037882.1	k141_21258	83213	81.633	49	9	49.1
NC_037882.1	k141_21258	83213	84.615	39	6	44.6
NC_037882.1	k141_37908	24940	92.889	7988	383	11913
NC_037882.1	k141_37908	24940	92.889	7988	383	11913
NC_037882.1	k141_37908	24940	95.513	5661	138	9061
NC_037882.1	k141_37908	24940	95.513	5661	138	9061
NC_037882.1	k141_37908	24940	94.842	4847	124	7674
NC_037882.1	k141_37908	24940	94.842	4847	124	7674
NC_037882.1	k141_37908	24940	93.137	4007	123	6034
NC_037882.1	k141_37908	24940	93.137	4007	123	6034
NC_037882.1	k141_37908	24940	94.634	969	41	1515
NC_037882.1	k141_37908	24940	94.634	969	41	1515
NC_037882.1	k141_37908	24940	94.139	563	16	874
NC_037882.1	k141_37908	24940	94.139	563	16	874
NC_037882.1	k141_37908	24940	97.619	42	1	72.5
NC_037882.1	k141_37908	24940	94.872	39	2	62.6
NC_037882.1	k141_37908	24940	89.474	38	4	51.8
NC_037882.1	k141_37908	24940	86.842	38	5	47.3
NC_037882.1	k141_81796	18592	84.456	4452	508	4873
NC_037882.1	k141_81796	18592	81.291	3533	490	3406
NC_037882.1	k141_81796	18592	81.774	2480	394	2420
NC_037882.1	k141_81796	18592	82.152	1115	176	1099
NC_037882.1	k141_81796	18592	74.462	744	155	477
NC_037882.1	k141_81796	18592	71.813	706	160	380
NC_037882.1	k141_81796	18592	83.240	358	40	371
NC_037882.1	k141_81796	18592	83.240	358	40	371
NC_037882.1	k141_81796	18592	71.497	628	152	310
NC_037882.1	k141_81796	18592	88.208	212	24	267
NC_037882.1	k141_81796	18592	66.089	1038	253	258
NC_037882.1	k141_81796	18592	93.617	141	9	214
NC_037882.1	k141_81796	18592	93.617	141	9	214
NC_037882.1	k141_81796	18592	76.285	253	42	176
NC_037882.1	k141_81796	18592	97.436	39	1	67.1
NC_037882.1	k141_81796	18592	97.436	39	1	67.1
NC_037882.1	k141_81796	18592	66.667	222	58	64.4
NC_037882.1	k141_81796	18592	92.857	42	3	63.5
NC_037882.1	k141_52493	14151	75.570	1228	175	840
NC_037882.1	k141_2755	979	94.722	360	19	564
NC_037882.1	k141_23440	16004	72.418	881	204	448
NC_037882.1	k141_23440	16004	72.418	881	204	448
NC_037882.1	k141_23440	16004	74.624	532	124	343
NC_037882.1	k141_23440	16004	74.624	532	124	343
NC_037882.1	k141_23440	16004	74.310	471	91	282
NC_037882.1	k141_23440	16004	74.310	471	91	282
NC_037882.1	k141_23440	16004	78.409	264	55	213
NC_037882.1	k141_23440	16004	78.409	264	55	213
NC_037882.1	k141_37120	5350	86.944	360	12	447
NC_037882.1	k141_37120	5350	86.944	360	12	447
NC_037882.1	k141_37120	5350	86.885	61	8	75.2
NC_037882.1	k141_37120	5350	86.885	61	8	75.2
NC_037882.1	k141_68492	2602	91.603	262	12	374
NC_037882.1	k141_68492	2602	91.603	262	12	374
NC_037882.1	k141_7713	4922	67.939	655	190	208
NC_037882.1	k141_7713	4922	68.992	129	40	53.6
NC_037882.1	k141_4087	407	97.500	120	3	204
NC_037882.1	k141_4087	407	97.500	120	3	204
NC_037882.1	k141_81394	3724	86.755	151	20	183
NC_037882.1	k141_67071	25724	79.048	210	38	178
NC_037882.1	k141_47216	27551	94.737	95	5	150
NC_037882.1	k141_47810	2565	98.750	80	1	141
NC_037882.1	k141_74723	5376	96.386	83	3	137
NC_037882.1	k141_74723	5376	96.386	83	3	137
NC_037882.1	k141_35889	4167	90.323	93	8	124
NC_037882.1	k141_58977	7770	71.978	182	47	94.2
NC_037882.1	k141_58977	7770	71.978	182	47	94.2
NC_037882.1	k141_27917	870	85.185	81	12	93.3
NC_037882.1	k141_52572	2794	81.250	80	15	77.9
NC_037882.1	k141_5824	11135	86.885	61	8	75.2
NC_037882.1	k141_5824	11135	86.885	61	8	75.2
NC_037882.1	k141_40238	434	90.196	51	5	70.7
NC_037882.1	k141_13032	615	70.968	124	29	55.4
NC_037882.1	k141_13032	615	70.968	124	29	55.4
NC_037882.1	k141_61885	700	73.333	75	16	41.0
NC_037882.1	k141_41369	437	73.913	69	14	39.2
NC_037882.1	k141_69020	599	73.913	69	14	39.2
NC_056190.1	k141_21258	83213	84.573	12958	1559	14406
NC_056190.1	k141_21258	83213	89.526	9796	764	12984
NC_056190.1	k141_21258	83213	83.962	5805	625	6286
NC_056190.1	k141_21258	83213	84.779	5177	564	5711
NC_056190.1	k141_21258	83213	84.038	4993	586	5386
NC_056190.1	k141_21258	83213	82.091	5232	620	5195
NC_056190.1	k141_21258	83213	77.867	4220	506	3425
NC_056190.1	k141_21258	83213	85.489	2157	239	2465
NC_056190.1	k141_21258	83213	83.204	2316	227	2394
NC_056190.1	k141_21258	83213	79.843	2421	352	2131
NC_056190.1	k141_21258	83213	87.548	1566	114	1951
NC_056190.1	k141_21258	83213	77.820	2349	398	1864
NC_056190.1	k141_21258	83213	83.562	1679	212	1783
NC_056190.1	k141_21258	83213	90.328	1127	77	1521
NC_056190.1	k141_21258	83213	75.521	1822	279	1242
NC_056190.1	k141_21258	83213	77.866	1509	204	1207
NC_056190.1	k141_21258	83213	81.654	1161	133	1130
NC_056190.1	k141_21258	83213	78.669	1247	162	1067
NC_056190.1	k141_21258	83213	75.371	1417	202	971
NC_056190.1	k141_21258	83213	76.059	1228	162	874
NC_056190.1	k141_21258	83213	70.854	1417	246	646
NC_056190.1	k141_21258	83213	83.467	375	45	395
NC_056190.1	k141_21258	83213	71.554	682	116	327
NC_056190.1	k141_21258	83213	69.924	655	111	290
NC_056190.1	k141_21258	83213	85.463	227	22	258
NC_056190.1	k141_21258	83213	69.587	605	111	233
NC_056190.1	k141_21258	83213	91.367	139	12	197
NC_056190.1	k141_21258	83213	93.913	115	7	177
NC_056190.1	k141_21258	83213	93.913	115	7	177
NC_056190.1	k141_21258	83213	74.060	266	42	167
NC_056190.1	k141_21258	83213	72.887	284	50	145
NC_056190.1	k141_21258	83213	94.444	90	5	141
NC_056190.1	k141_21258	83213	75.152	165	41	113
NC_056190.1	k141_21258	83213	74.359	156	40	102
NC_056190.1	k141_21258	83213	93.617	47	3	72.5
NC_056190.1	k141_21258	83213	95.238	42	2	68.0
NC_056190.1	k141_21258	83213	95.122	41	2	66.2
NC_056190.1	k141_21258	83213	95.122	41	2	66.2
NC_056190.1	k141_21258	83213	80.000	60	12	55.4
NC_056190.1	k141_21258	83213	89.474	38	4	51.8
NC_056190.1	k141_21258	83213	89.474	38	4	51.8
NC_056190.1	k141_21258	83213	74.286	70	18	46.4
NC_056190.1	k141_21258	83213	84.615	39	6	44.6
NC_056190.1	k141_37908	24940	93.034	9202	422	13759
NC_056190.1	k141_37908	24940	93.070	9178	417	13738
NC_056190.1	k141_37908	24940	92.529	6358	212	9386
NC_056190.1	k141_37908	24940	92.529	6358	212	9386
NC_056190.1	k141_37908	24940	94.512	5667	136	8841
NC_056190.1	k141_37908	24940	94.512	5667	136	8841
NC_056190.1	k141_37908	24940	97.144	2801	67	4667
NC_056190.1	k141_37908	24940	97.144	2801	67	4667
NC_056190.1	k141_37908	24940	94.912	963	48	1513
NC_056190.1	k141_37908	24940	94.912	963	48	1513
NC_056190.1	k141_37908	24940	97.561	41	1	70.7
NC_056190.1	k141_37908	24940	95.238	42	2	68.0
NC_056190.1	k141_37908	24940	95.238	42	2	68.0
NC_056190.1	k141_37908	24940	92.308	39	3	58.1
NC_056190.1	k141_37908	24940	89.474	38	4	51.8
NC_056190.1	k141_81796	18592	83.944	2784	364	2973
NC_056190.1	k141_81796	18592	78.498	3288	507	2689
NC_056190.1	k141_81796	18592	80.170	1296	202	1179
NC_056190.1	k141_81796	18592	68.443	1895	399	730
NC_056190.1	k141_81796	18592	70.758	1108	237	513
NC_056190.1	k141_81796	18592	70.758	1108	237	513
NC_056190.1	k141_81796	18592	73.289	760	163	447
NC_056190.1	k141_81796	18592	74.047	551	80	348
NC_056190.1	k141_81796	18592	81.319	273	41	250
NC_056190.1	k141_81796	18592	93.571	140	9	213
NC_056190.1	k141_81796	18592	93.571	140	9	213
NC_056190.1	k141_81796	18592	90.323	124	12	170
NC_056190.1	k141_81796	18592	76.410	195	31	150
NC_056190.1	k141_81796	18592	76.812	138	32	105
NC_056190.1	k141_81796	18592	97.436	39	1	67.1
NC_056190.1	k141_81796	18592	97.436	39	1	67.1
NC_056190.1	k141_81796	18592	90.476	42	4	59.0
NC_056190.1	k141_52493	14151	78.351	970	143	751
NC_056190.1	k141_2755	979	95.556	360	16	578
NC_056190.1	k141_23440	16004	72.534	892	206	459
NC_056190.1	k141_23440	16004	72.534	892	206	459
NC_056190.1	k141_23440	16004	74.624	532	124	343
NC_056190.1	k141_23440	16004	74.624	532	124	343
NC_056190.1	k141_23440	16004	74.310	471	91	282
NC_056190.1	k141_23440	16004	74.310	471	91	282
NC_056190.1	k141_23440	16004	78.030	264	56	208
NC_056190.1	k141_23440	16004	78.030	264	56	208
NC_056190.1	k141_37120	5350	85.319	361	17	418
NC_056190.1	k141_37120	5350	85.319	361	17	418
NC_056190.1	k141_37120	5350	86.885	61	8	75.2
NC_056190.1	k141_37120	5350	86.885	61	8	75.2
NC_056190.1	k141_68492	2602	91.603	262	12	374
NC_056190.1	k141_68492	2602	91.603	262	12	374
NC_056190.1	k141_7713	4922	67.029	919	240	268
NC_056190.1	k141_4087	407	98.333	120	2	208
NC_056190.1	k141_4087	407	98.333	120	2	208
NC_056190.1	k141_81394	3724	85.714	140	20	163
NC_056190.1	k141_47216	27551	94.382	89	5	139
NC_056190.1	k141_47810	2565	97.531	81	2	138
NC_056190.1	k141_74723	5376	95.181	83	4	132
NC_056190.1	k141_74723	5376	95.181	83	4	132
NC_056190.1	k141_35889	4167	90.323	93	8	124
NC_056190.1	k141_58977	7770	71.429	182	48	89.7
NC_056190.1	k141_58977	7770	71.429	182	48	89.7
NC_056190.1	k141_5824	11135	86.885	61	8	75.2
NC_056190.1	k141_5824	11135	86.885	61	8	75.2
NC_056190.1	k141_40238	434	86.441	59	8	71.6
NC_056190.1	k141_13032	615	80.702	57	11	54.5
NC_056190.1	k141_13032	615	80.702	57	11	54.5
MN564931.1	k141_21258	83213	84.062	12448	1597	13488
MN564931.1	k141_21258	83213	81.937	10591	1336	10356
MN564931.1	k141_21258	83213	87.333	6742	618	8265
MN564931.1	k141_21258	83213	81.965	5700	693	5582
MN564931.1	k141_21258	83213	91.169	2661	223	3737
MN564931.1	k141_21258	83213	79.798	4158	604	3686
MN564931.1	k141_21258	83213	82.458	3295	405	3308
MN564931.1	k141_21258	83213	74.957	3462	501	2323
MN564931.1	k141_21258	83213	86.541	1850	221	2208
MN564931.1	k141_21258	83213	84.796	1914	226	2131
MN564931.1	k141_21258	83213	82.248	2135	259	2111
MN564931.1	k141_21258	83213	78.775	2497	381	2086
MN564931.1	k141_21258	83213	82.308	1430	161	1427
MN564931.1	k141_21258	83213	79.909	1533	245	1393
MN564931.1	k141_21258	83213	78.697	1136	165	938
MN564931.1	k141_21258	83213	77.491	1164	166	929
MN564931.1	k141_21258	83213	74.822	1267	200	806
MN564931.1	k141_21258	83213	70.798	1428	200	720
MN564931.1	k141_21258	83213	81.780	719	86	675
MN564931.1	k141_21258	83213	76.720	872	115	661
MN564931.1	k141_21258	83213	73.547	1032	175	584
MN564931.1	k141_21258	83213	72.841	718	118	405
MN564931.1	k141_21258	83213	73.994	646	117	382
MN564931.1	k141_21258	83213	68.878	980	172	351
MN564931.1	k141_21258	83213	82.061	262	36	262
MN564931.1	k141_21258	83213	90.155	193	18	260
MN564931.1	k141_21258	83213	78.502	307	58	255
MN564931.1	k141_21258	83213	88.542	192	17	243
MN564931.1	k141_21258	83213	65.416	853	153	206
MN564931.1	k141_21258	83213	79.399	233	23	205
MN564931.1	k141_21258	83213	97.872	94	2	161
MN564931.1	k141_21258	83213	91.818	110	9	159
MN564931.1	k141_21258	83213	100.000	79	0	143
MN564931.1	k141_21258	83213	70.833	288	46	131
MN564931.1	k141_21258	83213	66.038	530	162	125
MN564931.1	k141_21258	83213	85.714	105	14	119
MN564931.1	k141_21258	83213	75.152	165	41	113
MN564931.1	k141_21258	83213	88.235	68	7	84.2
MN564931.1	k141_21258	83213	97.619	42	1	72.5
MN564931.1	k141_21258	83213	97.561	41	1	70.7
MN564931.1	k141_21258	83213	97.561	41	1	70.7
MN564931.1	k141_21258	83213	69.427	157	46	60.8
MN564931.1	k141_21258	83213	88.095	42	5	54.5
MN564931.1	k141_21258	83213	82.979	47	8	50.0
MN564931.1	k141_21258	83213	86.842	38	5	47.3
MN564931.1	k141_21258	83213	86.842	38	5	47.3
MN564931.1	k141_21258	83213	84.615	39	6	44.6
MN564931.1	k141_21258	83213	72.857	70	19	41.9
MN564931.1	k141_37908	24940	91.322	6430	279	9156
MN564931.1	k141_37908	24940	91.322	6430	279	9156
MN564931.1	k141_37908	24940	94.535	5672	194	8797
MN564931.1	k141_37908	24940	94.535	5672	194	8797
MN564931.1	k141_37908	24940	86.409	3966	359	4741
MN564931.1	k141_37908	24940	86.409	3966	359	4741
MN564931.1	k141_37908	24940	96.109	2853	88	4612
MN564931.1	k141_37908	24940	96.109	2853	88	4612
MN564931.1	k141_37908	24940	92.091	2238	115	3236
MN564931.1	k141_37908	24940	92.091	2238	115	3236
MN564931.1	k141_37908	24940	85.154	1199	103	1392
MN564931.1	k141_37908	24940	85.154	1199	103	1392
MN564931.1	k141_37908	24940	87.908	612	36	778
MN564931.1	k141_37908	24940	87.908	612	36	778
MN564931.1	k141_37908	24940	86.067	567	61	670
MN564931.1	k141_37908	24940	86.067	567	61	670
MN564931.1	k141_37908	24940	87.552	482	45	604
MN564931.1	k141_37908	24940	87.552	482	45	604
MN564931.1	k141_37908	24940	92.615	325	24	479
MN564931.1	k141_37908	24940	92.615	325	24	479
MN564931.1	k141_37908	24940	100.000	42	0	77.0
MN564931.1	k141_37908	24940	87.097	62	6	69.8
MN564931.1	k141_37908	24940	87.097	62	6	69.8
MN564931.1	k141_37908	24940	92.857	42	3	63.5
MN564931.1	k141_37908	24940	86.842	38	5	47.3
MN564931.1	k141_81796	18592	80.076	4763	734	4240
MN564931.1	k141_81796	18592	83.118	2713	372	2793
MN564931.1	k141_81796	18592	80.640	2314	392	2146
MN564931.1	k141_81796	18592	84.382	1351	158	1480
MN564931.1	k141_81796	18592	77.211	588	116	455
MN564931.1	k141_81796	18592	77.211	588	116	455
MN564931.1	k141_81796	18592	85.663	279	31	314
MN564931.1	k141_81796	18592	73.061	490	102	307
MN564931.1	k141_81796	18592	73.061	490	102	307
MN564931.1	k141_81796	18592	85.990	207	29	243
MN564931.1	k141_81796	18592	85.990	207	29	243
MN564931.1	k141_81796	18592	69.596	569	118	238
MN564931.1	k141_81796	18592	69.596	569	118	238
MN564931.1	k141_81796	18592	93.571	140	9	213
MN564931.1	k141_81796	18592	93.571	140	9	213
MN564931.1	k141_81796	18592	64.885	786	201	147
MN564931.1	k141_81796	18592	64.885	786	201	147
MN564931.1	k141_81796	18592	79.389	131	20	113
MN564931.1	k141_81796	18592	79.389	131	20	113
MN564931.1	k141_81796	18592	100.000	39	0	71.6
MN564931.1	k141_81796	18592	100.000	39	0	71.6
MN564931.1	k141_81796	18592	92.857	42	3	63.5
MN564931.1	k141_2755	979	93.611	360	23	546
MN564931.1	k141_52493	14151	74.747	693	105	457
MN564931.1	k141_52493	14151	81.319	182	23	177
MN564931.1	k141_23440	16004	72.634	877	209	456
MN564931.1	k141_23440	16004	72.634	877	209	456
MN564931.1	k141_23440	16004	74.060	532	127	330
MN564931.1	k141_23440	16004	74.060	532	127	330
MN564931.1	k141_23440	16004	74.946	467	95	281
MN564931.1	k141_23440	16004	74.946	467	95	281
MN564931.1	k141_23440	16004	79.167	264	53	222
MN564931.1	k141_23440	16004	79.167	264	53	222
MN564931.1	k141_37120	5350	86.667	360	13	443
MN564931.1	k141_37120	5350	86.667	360	13	443
MN564931.1	k141_37120	5350	86.885	61	8	75.2
MN564931.1	k141_37120	5350	86.885	61	8	75.2
MN564931.1	k141_68492	2602	90.458	262	15	361
MN564931.1	k141_68492	2602	90.458	262	15	361
MN564931.1	k141_7713	4922	67.256	849	233	269
MN564931.1	k141_4087	407	96.667	120	4	199
MN564931.1	k141_4087	407	96.667	120	4	199
MN564931.1	k141_47216	27551	82.065	184	24	174
MN564931.1	k141_74723	5376	97.647	85	2	145
MN564931.1	k141_74723	5376	97.647	85	2	145
MN564931.1	k141_81394	3724	82.143	140	25	141
MN564931.1	k141_47810	2565	97.500	80	2	136
MN564931.1	k141_35889	4167	86.275	102	11	120
MN564931.1	k141_58977	7770	71.978	182	47	94.2
MN564931.1	k141_58977	7770	71.978	182	47	94.2
MN564931.1	k141_27917	870	85.714	77	11	90.6
MN564931.1	k141_5824	11135	86.885	61	8	75.2
MN564931.1	k141_5824	11135	86.885	61	8	75.2
MN564931.1	k141_40238	434	91.837	49	4	71.6
MN564931.1	k141_52572	2794	78.750	80	17	68.9
MN564931.1	k141_13032	615	70.968	124	29	55.4
MN564931.1	k141_13032	615	70.968	124	29	55.4
NC_031651.1	k141_37908	24940	91.154	9586	444	13563
NC_031651.1	k141_37908	24940	91.154	9586	444	13563
NC_031651.1	k141_37908	24940	91.186	9224	597	13020
NC_031651.1	k141_37908	24940	91.678	9072	584	12999
NC_031651.1	k141_37908	24940	94.431	5477	167	8533
NC_031651.1	k141_37908	24940	94.431	5477	167	8533
NC_031651.1	k141_37908	24940	88.951	534	56	696
NC_031651.1	k141_37908	24940	83.727	381	43	403
NC_031651.1	k141_37908	24940	83.727	381	43	403
NC_031651.1	k141_37908	24940	91.304	115	10	163
NC_031651.1	k141_37908	24940	91.304	115	10	163
NC_031651.1	k141_37908	24940	87.931	58	7	74.3
NC_031651.1	k141_37908	24940	97.619	42	1	72.5
NC_031651.1	k141_37908	24940	97.619	42	1	72.5
NC_031651.1	k141_37908	24940	97.619	42	1	72.5
NC_031651.1	k141_21258	83213	83.463	12475	1719	13250
NC_031651.1	k141_21258	83213	80.442	10354	1435	9426
NC_031651.1	k141_21258	83213	89.305	5769	503	7595
NC_031651.1	k141_21258	83213	83.304	4516	574	4718
NC_031651.1	k141_21258	83213	85.038	3656	389	4140
NC_031651.1	k141_21258	83213	84.672	2975	366	3260
NC_031651.1	k141_21258	83213	85.759	1896	220	2194
NC_031651.1	k141_21258	83213	81.089	2295	278	2148
NC_031651.1	k141_21258	83213	82.035	2054	308	2033
NC_031651.1	k141_21258	83213	93.311	1211	70	1825
NC_031651.1	k141_21258	83213	74.471	2456	469	1534
NC_031651.1	k141_21258	83213	79.192	1658	273	1433
NC_031651.1	k141_21258	83213	88.396	1060	84	1361
NC_031651.1	k141_21258	83213	77.365	1670	253	1245
NC_031651.1	k141_21258	83213	85.055	997	120	1117
NC_031651.1	k141_21258	83213	75.781	1569	280	1090
NC_031651.1	k141_21258	83213	74.829	1605	264	1069
NC_031651.1	k141_21258	83213	81.837	969	131	910
NC_031651.1	k141_21258	83213	74.211	1489	231	908
NC_031651.1	k141_21258	83213	85.475	716	95	813
NC_031651.1	k141_21258	83213	74.857	1221	171	797
NC_031651.1	k141_21258	83213	74.778	1237	177	789
NC_031651.1	k141_21258	83213	75.229	1199	175	776
NC_031651.1	k141_21258	83213	82.079	731	105	720
NC_031651.1	k141_21258	83213	80.464	732	86	651
NC_031651.1	k141_21258	83213	75.214	936	173	588
NC_031651.1	k141_21258	83213	81.633	588	93	561
NC_031651.1	k141_21258	83213	73.585	636	100	393
NC_031651.1	k141_21258	83213	76.959	434	73	325
NC_031651.1	k141_21258	83213	68.475	682	121	265
NC_031651.1	k141_21258	83213	77.477	333	45	250
NC_031651.1	k141_21258	83213	74.242	330	48	210
NC_031651.1	k141_21258	83213	77.953	254	47	192
NC_031651.1	k141_21258	83213	88.514	148	17	191
NC_031651.1	k141_21258	83213	69.651	458	96	176
NC_031651.1	k141_21258	83213	93.636	110	7	168
NC_031651.1	k141_21258	83213	95.349	86	4	138
NC_031651.1	k141_21258	83213	67.102	383	114	125
NC_031651.1	k141_21258	83213	75.758	165	40	118
NC_031651.1	k141_21258	83213	89.655	87	9	117
NC_031651.1	k141_21258	83213	73.958	192	34	109
NC_031651.1	k141_21258	83213	88.750	80	6	103
NC_031651.1	k141_21258	83213	93.939	66	4	102
NC_031651.1	k141_21258	83213	76.154	130	28	89.7
NC_031651.1	k141_21258	83213	97.561	41	1	70.7
NC_031651.1	k141_21258	83213	97.561	41	1	70.7
NC_031651.1	k141_21258	83213	76.136	88	17	59.9
NC_031651.1	k141_21258	83213	89.474	38	4	51.8
NC_031651.1	k141_21258	83213	89.474	38	4	51.8
NC_031651.1	k141_21258	83213	83.333	42	7	45.5
NC_031651.1	k141_81796	18592	81.762	3257	482	3153
NC_031651.1	k141_81796	18592	82.655	2802	351	2858
NC_031651.1	k141_81796	18592	80.373	2252	403	2064
NC_031651.1	k141_81796	18592	84.037	1516	185	1623
NC_031651.1	k141_81796	18592	77.855	1296	217	1026
NC_031651.1	k141_81796	18592	71.325	687	160	335
NC_031651.1	k141_81796	18592	68.509	778	180	299
NC_031651.1	k141_81796	18592	69.022	736	181	284
NC_031651.1	k141_81796	18592	73.016	504	123	281
NC_031651.1	k141_81796	18592	77.101	345	61	274
NC_031651.1	k141_81796	18592	84.416	231	36	255
NC_031651.1	k141_81796	18592	88.489	139	16	179
NC_031651.1	k141_81796	18592	100.000	39	0	71.6
NC_031651.1	k141_81796	18592	100.000	39	0	71.6
NC_031651.1	k141_81796	18592	100.000	39	0	71.6
NC_031651.1	k141_52493	14151	72.596	1248	187	682
NC_031651.1	k141_2755	979	92.778	360	26	533
NC_031651.1	k141_23440	16004	72.955	880	201	467
NC_031651.1	k141_23440	16004	72.955	880	201	467
NC_031651.1	k141_23440	16004	74.436	532	125	339
NC_031651.1	k141_23440	16004	74.436	532	125	339
NC_031651.1	k141_23440	16004	74.090	467	99	281
NC_031651.1	k141_23440	16004	74.090	467	99	281
NC_031651.1	k141_23440	16004	78.409	264	55	213
NC_031651.1	k141_23440	16004	78.409	264	55	213
NC_031651.1	k141_37120	5350	86.667	360	13	443
NC_031651.1	k141_37120	5350	86.667	360	13	443
NC_031651.1	k141_37120	5350	86.885	61	8	75.2
NC_031651.1	k141_37120	5350	86.885	61	8	75.2
NC_031651.1	k141_68492	2602	91.797	256	11	368
NC_031651.1	k141_68492	2602	91.797	256	11	368
NC_031651.1	k141_7713	4922	68.098	652	194	215
NC_031651.1	k141_7713	4922	68.862	167	46	59.9
NC_031651.1	k141_4087	407	94.737	114	6	179
NC_031651.1	k141_4087	407	94.737	114	6	179
NC_031651.1	k141_81394	3724	84.559	136	21	151
NC_031651.1	k141_47216	27551	94.681	94	5	148
NC_031651.1	k141_47216	27551	90.244	41	4	57.2
NC_031651.1	k141_74723	5376	95.181	83	4	132
NC_031651.1	k141_74723	5376	95.181	83	4	132
NC_031651.1	k141_35889	4167	87.619	105	10	125
NC_031651.1	k141_47810	2565	100.000	55	0	100
NC_031651.1	k141_58977	7770	72.527	182	46	98.7
NC_031651.1	k141_58977	7770	72.527	182	46	98.7
NC_031651.1	k141_27917	870	86.420	81	11	97.8
NC_031651.1	k141_52572	2794	74.400	125	30	75.2
NC_031651.1	k141_5824	11135	86.885	61	8	75.2
NC_031651.1	k141_5824	11135	86.885	61	8	75.2
NC_031651.1	k141_40238	434	85.714	49	7	58.1
NC_031651.1	k141_13032	615	70.968	124	29	55.4
NC_031651.1	k141_13032	615	70.968	124	29	55.4
MW366789.1	k141_37908	24940	90.038	5290	346	7111
MW366789.1	k141_37908	24940	90.038	5290	346	7111
MW366789.1	k141_37908	24940	88.600	4579	373	5904
MW366789.1	k141_37908	24940	88.600	4579	373	5904
MW366789.1	k141_37908	24940	91.811	1795	99	2573
MW366789.1	k141_37908	24940	91.811	1795	99	2573
MW366789.1	k141_37908	24940	89.178	1728	145	2271
MW366789.1	k141_37908	24940	89.290	1718	145	2269
MW366789.1	k141_37908	24940	84.152	631	56	687
MW366789.1	k141_37908	24940	84.152	631	56	687
MW366789.1	k141_37908	24940	85.900	461	46	529
MW366789.1	k141_37908	24940	85.900	461	46	529
MW366789.1	k141_37908	24940	85.900	461	46	529
MW366789.1	k141_37908	24940	79.762	336	44	299
MW366789.1	k141_37908	24940	79.762	336	44	299
MW366789.1	k141_37908	24940	78.135	311	43	246
MW366789.1	k141_37908	24940	96.350	137	5	225
MW366789.1	k141_37908	24940	96.350	137	5	225
MW366789.1	k141_37908	24940	88.372	172	20	221
MW366789.1	k141_37908	24940	88.372	172	20	221
MW366789.1	k141_37908	24940	90.278	144	14	197
MW366789.1	k141_37908	24940	90.278	144	14	197
MW366789.1	k141_37908	24940	84.659	176	25	189
MW366789.1	k141_37908	24940	84.659	176	25	189
MW366789.1	k141_37908	24940	81.646	158	15	154
MW366789.1	k141_37908	24940	81.646	158	15	154
MW366789.1	k141_37908	24940	88.793	116	13	153
MW366789.1	k141_37908	24940	88.793	116	13	151
MW366789.1	k141_37908	24940	93.478	92	6	140
MW366789.1	k141_37908	24940	93.478	92	6	140
MW366789.1	k141_37908	24940	84.810	79	7	89.7
MW366789.1	k141_37908	24940	84.810	79	7	89.7
MW366789.1	k141_37908	24940	97.619	42	1	72.5
MW366789.1	k141_37908	24940	97.619	42	1	72.5
MW366789.1	k141_37908	24940	91.837	49	4	71.6
MW366789.1	k141_37908	24940	91.837	49	4	71.6
MW366789.1	k141_37908	24940	91.837	49	4	71.6
MW366789.1	k141_37908	24940	94.737	38	2	60.8
MW366789.1	k141_37908	24940	92.308	39	3	58.1
MW366789.1	k141_21258	83213	78.755	8209	1453	6853
MW366789.1	k141_21258	83213	88.638	5219	552	6699
MW366789.1	k141_21258	83213	88.638	5219	552	6699
MW366789.1	k141_21258	83213	79.784	4625	696	4062
MW366789.1	k141_21258	83213	89.866	2615	246	3516
MW366789.1	k141_21258	83213	79.987	2993	482	2650
MW366789.1	k141_21258	83213	79.688	2560	439	2238
MW366789.1	k141_21258	83213	87.355	1637	198	2005
MW366789.1	k141_21258	83213	81.913	1725	286	1701
MW366789.1	k141_21258	83213	86.092	1438	154	1680
MW366789.1	k141_21258	83213	77.766	1961	394	1533
MW366789.1	k141_21258	83213	77.646	1682	270	1268
MW366789.1	k141_21258	83213	75.971	1673	308	1200
MW366789.1	k141_21258	83213	83.166	1093	139	1138
MW366789.1	k141_21258	83213	69.674	2427	552	1004
MW366789.1	k141_21258	83213	85.531	857	114	978
MW366789.1	k141_21258	83213	79.076	1061	171	883
MW366789.1	k141_21258	83213	77.831	1042	214	822
MW366789.1	k141_21258	83213	76.650	788	162	599
MW366789.1	k141_21258	83213	79.160	667	128	573
MW366789.1	k141_21258	83213	72.059	884	133	453
MW366789.1	k141_21258	83213	75.262	667	98	453
MW366789.1	k141_21258	83213	84.375	416	57	452
MW366789.1	k141_21258	83213	68.860	1140	252	450
MW366789.1	k141_21258	83213	75.193	649	149	425
MW366789.1	k141_21258	83213	71.658	808	169	421
MW366789.1	k141_21258	83213	75.621	644	115	416
MW366789.1	k141_21258	83213	73.588	602	139	352
MW366789.1	k141_21258	83213	76.180	466	111	341
MW366789.1	k141_21258	83213	73.646	554	103	322
MW366789.1	k141_21258	83213	82.075	318	46	309
MW366789.1	k141_21258	83213	75.728	412	71	292
MW366789.1	k141_21258	83213	75.728	412	71	292
MW366789.1	k141_21258	83213	72.294	545	98	283
MW366789.1	k141_21258	83213	75.728	412	69	267
MW366789.1	k141_21258	83213	69.343	685	140	258
MW366789.1	k141_21258	83213	84.549	233	34	256
MW366789.1	k141_21258	83213	80.443	271	40	240
MW366789.1	k141_21258	83213	66.120	853	192	224
MW366789.1	k141_21258	83213	73.984	369	74	217
MW366789.1	k141_21258	83213	83.173	208	32	216
MW366789.1	k141_21258	83213	72.632	380	67	192
MW366789.1	k141_21258	83213	90.000	140	13	187
MW366789.1	k141_21258	83213	80.095	211	37	183
MW366789.1	k141_21258	83213	84.211	171	23	182
MW366789.1	k141_21258	83213	77.273	242	45	176
MW366789.1	k141_21258	83213	76.446	242	47	167
MW366789.1	k141_21258	83213	84.967	153	16	166
MW366789.1	k141_21258	83213	94.792	96	5	151
MW366789.1	k141_21258	83213	100.000	79	0	143
MW366789.1	k141_21258	83213	100.000	79	0	143
MW366789.1	k141_21258	83213	82.069	145	25	141
MW366789.1	k141_21258	83213	78.889	180	19	140
MW366789.1	k141_21258	83213	91.753	97	8	140
MW366789.1	k141_21258	83213	73.077	234	42	135
MW366789.1	k141_21258	83213	75.758	165	40	118
MW366789.1	k141_21258	83213	75.758	165	40	118
MW366789.1	k141_21258	83213	82.456	114	20	116
MW366789.1	k141_21258	83213	64.666	583	191	114
MW366789.1	k141_21258	83213	64.666	583	191	114
MW366789.1	k141_21258	83213	70.325	246	40	113
MW366789.1	k141_21258	83213	92.208	77	6	113
MW366789.1	k141_21258	83213	85.567	97	13	109
MW366789.1	k141_21258	83213	84.158	101	13	109
MW366789.1	k141_21258	83213	86.170	94	9	106
MW366789.1	k141_21258	83213	90.411	73	6	97.8
MW366789.1	k141_21258	83213	90.000	70	7	96.0
MW366789.1	k141_21258	83213	75.735	136	27	94.2
MW366789.1	k141_21258	83213	76.190	126	30	93.3
MW366789.1	k141_21258	83213	76.190	126	30	93.3
MW366789.1	k141_21258	83213	87.671	73	9	92.4
MW366789.1	k141_21258	83213	84.337	83	11	85.1
MW366789.1	k141_21258	83213	79.104	67	14	59.0
MW366789.1	k141_21258	83213	79.104	67	14	59.0
MW366789.1	k141_21258	83213	82.000	50	9	50.9
MW366789.1	k141_21258	83213	81.633	49	9	49.1
MW366789.1	k141_21258	83213	86.842	38	5	47.3
MW366789.1	k141_21258	83213	86.842	38	5	47.3
MW366789.1	k141_21258	83213	69.608	102	31	45.5
MW366789.1	k141_21258	83213	69.608	102	31	45.5
MW366789.1	k141_81796	18592	81.243	4361	625	4108
MW366789.1	k141_81796	18592	81.243	4361	625	4108
MW366789.1	k141_81796	18592	80.370	1890	352	1727
MW366789.1	k141_81796	18592	76.284	2239	480	1627
MW366789.1	k141_81796	18592	73.199	1194	236	719
MW366789.1	k141_81796	18592	80.806	620	112	571
MW366789.1	k141_81796	18592	80.806	620	112	571
MW366789.1	k141_81796	18592	80.000	320	64	289
MW366789.1	k141_81796	18592	97.436	39	1	67.1
MW366789.1	k141_81796	18592	97.436	39	1	67.1
MW366789.1	k141_81796	18592	92.683	41	3	61.7
MW366789.1	k141_2755	979	91.365	359	31	508
MW366789.1	k141_2755	979	91.365	359	31	508
MW366789.1	k141_23440	16004	72.116	893	200	438
MW366789.1	k141_23440	16004	72.116	893	200	438
MW366789.1	k141_23440	16004	74.060	532	127	330
MW366789.1	k141_23440	16004	74.060	532	127	330
MW366789.1	k141_23440	16004	75.375	467	95	293
MW366789.1	k141_23440	16004	75.375	467	95	293
MW366789.1	k141_23440	16004	84.783	46	7	52.7
MW366789.1	k141_23440	16004	84.783	46	7	52.7
MW366789.1	k141_52493	14151	69.014	1136	214	438
MW366789.1	k141_37120	5350	83.102	361	24	383
MW366789.1	k141_37120	5350	83.102	361	24	383
MW366789.1	k141_37120	5350	90.164	61	6	84.2
MW366789.1	k141_37120	5350	90.164	61	6	84.2
MW366789.1	k141_37120	5350	88.525	61	7	79.7
MW366789.1	k141_37120	5350	88.525	61	7	79.7
MW366789.1	k141_7713	4922	67.211	735	196	231
MW366789.1	k141_47810	2565	97.561	82	2	140
MW366789.1	k141_47810	2565	97.561	82	2	140
MW366789.1	k141_4087	407	84.677	124	11	137
MW366789.1	k141_4087	407	84.677	124	11	137
MW366789.1	k141_47216	27551	96.296	81	3	133
MW366789.1	k141_47216	27551	87.805	41	5	52.7
MW366789.1	k141_35889	4167	92.683	82	6	122
MW366789.1	k141_35889	4167	92.683	82	6	122
MW366789.1	k141_74723	5376	94.667	75	4	118
MW366789.1	k141_74723	5376	94.667	75	4	118
MW366789.1	k141_81394	3724	77.027	148	34	114
MW366789.1	k141_5824	11135	90.164	61	6	84.2
MW366789.1	k141_5824	11135	90.164	61	6	84.2
MW366789.1	k141_5824	11135	88.525	61	7	79.7
MW366789.1	k141_5824	11135	88.525	61	7	79.7
MW366789.1	k141_52572	2794	76.404	89	21	67.1
MW366789.1	k141_20405	1445	85.455	55	8	64.4
MW366789.1	k141_13032	615	73.626	91	24	57.2
MW366789.1	k141_13032	615	73.626	91	24	57.2
KT899950.1	k141_37908	24940	91.626	9589	438	13723
KT899950.1	k141_37908	24940	91.626	9589	438	13723
KT899950.1	k141_37908	24940	90.671	9229	614	12841
KT899950.1	k141_37908	24940	90.925	9113	606	12775
KT899950.1	k141_37908	24940	94.049	5663	193	8693
KT899950.1	k141_37908	24940	94.049	5663	193	8693
KT899950.1	k141_37908	24940	92.620	962	59	1417
KT899950.1	k141_37908	24940	92.620	962	59	1417
KT899950.1	k141_37908	24940	95.238	42	2	68.0
KT899950.1	k141_37908	24940	95.238	42	2	68.0
KT899950.1	k141_37908	24940	94.872	39	2	62.6
KT899950.1	k141_37908	24940	86.842	38	5	47.3
KT899950.1	k141_21258	83213	83.281	12477	1709	13085
KT899950.1	k141_21258	83213	79.722	10208	1370	8910
KT899950.1	k141_21258	83213	89.216	5879	512	7674
KT899950.1	k141_21258	83213	82.326	5443	662	5443
KT899950.1	k141_21258	83213	88.449	3004	269	3838
KT899950.1	k141_21258	83213	81.100	3873	593	3644
KT899950.1	k141_21258	83213	81.543	3603	486	3441
KT899950.1	k141_21258	83213	85.776	1849	237	2146
KT899950.1	k141_21258	83213	82.957	2083	324	2108
KT899950.1	k141_21258	83213	82.384	2106	256	2104
KT899950.1	k141_21258	83213	86.863	1530	148	1856
KT899950.1	k141_21258	83213	76.576	2395	410	1737
KT899950.1	k141_21258	83213	88.707	1036	77	1346
KT899950.1	k141_21258	83213	82.925	1265	176	1308
KT899950.1	k141_21258	83213	77.717	1647	315	1296
KT899950.1	k141_21258	83213	74.125	1542	245	986
KT899950.1	k141_21258	83213	76.718	1164	150	843
KT899950.1	k141_21258	83213	84.469	734	108	807
KT899950.1	k141_21258	83213	73.952	1240	191	769
KT899950.1	k141_21258	83213	84.028	576	64	605
KT899950.1	k141_21258	83213	75.885	763	111	518
KT899950.1	k141_21258	83213	74.235	784	124	484
KT899950.1	k141_21258	83213	75.079	634	96	416
KT899950.1	k141_21258	83213	86.944	337	35	405
KT899950.1	k141_21258	83213	75.321	624	118	388
KT899950.1	k141_21258	83213	75.703	498	77	339
KT899950.1	k141_21258	83213	77.953	381	50	295
KT899950.1	k141_21258	83213	80.756	291	51	273
KT899950.1	k141_21258	83213	82.528	269	36	270
KT899950.1	k141_21258	83213	88.482	191	21	242
KT899950.1	k141_21258	83213	74.608	319	46	202
KT899950.1	k141_21258	83213	78.243	239	36	194
KT899950.1	k141_21258	83213	96.809	94	3	157
KT899950.1	k141_21258	83213	86.885	122	15	145
KT899950.1	k141_21258	83213	98.795	83	0	142
KT899950.1	k141_21258	83213	74.786	234	36	141
KT899950.1	k141_21258	83213	80.405	148	17	139
KT899950.1	k141_21258	83213	77.576	165	37	132
KT899950.1	k141_21258	83213	65.210	572	169	113
KT899950.1	k141_21258	83213	77.778	144	28	111
KT899950.1	k141_21258	83213	76.667	150	25	104
KT899950.1	k141_21258	83213	97.561	41	1	70.7
KT899950.1	k141_21258	83213	97.561	41	1	70.7
KT899950.1	k141_21258	83213	70.909	165	32	69.8
KT899950.1	k141_21258	83213	71.739	138	32	62.6
KT899950.1	k141_21258	83213	86.842	38	5	47.3
KT899950.1	k141_21258	83213	86.842	38	5	47.3
KT899950.1	k141_21258	83213	74.286	70	18	46.4
KT899950.1	k141_21258	83213	84.615	39	6	44.6
KT899950.1	k141_21258	83213	73.438	64	17	40.1
KT899950.1	k141_81796	18592	83.869	2740	369	2880
KT899950.1	k141_81796	18592	84.541	1960	284	2155
KT899950.1	k141_81796	18592	80.375	2349	411	2145
KT899950.1	k141_81796	18592	85.170	1234	156	1398
KT899950.1	k141_81796	18592	80.454	1146	183	1045
KT899950.1	k141_81796	18592	78.656	1176	215	964
KT899950.1	k141_81796	18592	73.114	729	172	426
KT899950.1	k141_81796	18592	82.229	332	44	334
KT899950.1	k141_81796	18592	82.229	332	44	334
KT899950.1	k141_81796	18592	69.463	763	166	319
KT899950.1	k141_81796	18592	69.669	755	174	316
KT899950.1	k141_81796	18592	71.695	537	122	270
KT899950.1	k141_81796	18592	84.000	250	35	267
KT899950.1	k141_81796	18592	92.908	141	10	210
KT899950.1	k141_81796	18592	92.908	141	10	210
KT899950.1	k141_81796	18592	100.000	39	0	71.6
KT899950.1	k141_81796	18592	100.000	39	0	71.6
KT899950.1	k141_81796	18592	92.857	42	3	63.5
KT899950.1	k141_52493	14151	76.548	1147	154	811
KT899950.1	k141_2755	979	93.333	360	24	542
KT899950.1	k141_23440	16004	72.985	881	199	471
KT899950.1	k141_23440	16004	72.985	881	199	471
KT899950.1	k141_23440	16004	74.436	532	125	339
KT899950.1	k141_23440	16004	74.436	532	125	339
KT899950.1	k141_23440	16004	74.522	471	90	287
KT899950.1	k141_23440	16004	74.522	471	90	287
KT899950.1	k141_23440	16004	78.409	264	55	213
KT899950.1	k141_23440	16004	78.409	264	55	213
KT899950.1	k141_37120	5350	86.667	360	13	443
KT899950.1	k141_37120	5350	86.667	360	13	443
KT899950.1	k141_37120	5350	86.885	61	8	75.2
KT899950.1	k141_37120	5350	86.885	61	8	75.2
KT899950.1	k141_68492	2602	89.313	262	18	347
KT899950.1	k141_68492	2602	89.313	262	18	347
KT899950.1	k141_4087	407	96.667	120	4	199
KT899950.1	k141_4087	407	96.667	120	4	199
KT899950.1	k141_67071	25724	80.952	210	34	196
KT899950.1	k141_7713	4922	65.493	852	243	195
KT899950.1	k141_81394	3724	87.857	140	17	177
KT899950.1	k141_47216	27551	72.941	340	54	170
KT899950.1	k141_47216	27551	80.791	177	20	152
KT899950.1	k141_74723	5376	96.471	85	3	141
KT899950.1	k141_74723	5376	96.471	85	3	141
KT899950.1	k141_47810	2565	97.436	78	2	132
KT899950.1	k141_35889	4167	89.130	92	9	118
KT899950.1	k141_58977	7770	71.978	182	47	94.2
KT899950.1	k141_58977	7770	71.978	182	47	94.2
KT899950.1	k141_5824	11135	86.885	61	8	75.2
KT899950.1	k141_5824	11135	86.885	61	8	75.2
KT899950.1	k141_52572	2794	80.000	80	16	73.4
KT899950.1	k141_40238	434	84.314	51	8	57.2
KT899950.1	k141_13032	615	70.968	124	29	55.4
KT899950.1	k141_13032	615	70.968	124	29	55.4
GU191334.1	k141_37908	24940	90.475	3391	247	4638
GU191334.1	k141_37908	24940	90.475	3391	247	4638
GU191334.1	k141_37908	24940	86.947	2643	236	3161
GU191334.1	k141_37908	24940	86.947	2643	236	3161
GU191334.1	k141_37908	24940	78.614	996	154	818
GU191334.1	k141_37908	24940	78.614	996	154	818
GU191334.1	k141_37908	24940	75.826	666	154	464
GU191334.1	k141_37908	24940	75.566	442	108	311
GU191334.1	k141_37908	24940	72.519	524	144	297
GU191334.1	k141_37908	24940	71.815	518	142	276
GU191334.1	k141_37908	24940	76.948	308	71	236
GU191334.1	k141_37908	24940	89.103	156	16	202
GU191334.1	k141_37908	24940	89.103	156	16	202
GU191334.1	k141_37908	24940	94.937	79	4	125
GU191334.1	k141_37908	24940	94.937	79	4	125
GU191334.1	k141_37908	24940	90.667	75	7	104
GU191334.1	k141_37908	24940	90.667	75	7	104
GU191334.1	k141_37908	24940	89.474	76	8	102
GU191334.1	k141_37908	24940	86.957	46	6	57.2
GU191334.1	k141_21258	83213	82.026	4540	814	4502
GU191334.1	k141_21258	83213	83.743	2442	397	2615
GU191334.1	k141_21258	83213	84.086	1439	229	1563
GU191334.1	k141_21258	83213	69.617	3683	1022	1482
GU191334.1	k141_21258	83213	80.657	1582	304	1471
GU191334.1	k141_21258	83213	89.279	1082	114	1426
GU191334.1	k141_21258	83213	78.312	1706	363	1393
GU191334.1	k141_21258	83213	72.603	2336	535	1319
GU191334.1	k141_21258	83213	83.451	707	107	748
GU191334.1	k141_21258	83213	76.404	890	206	645
GU191334.1	k141_21258	83213	75.519	915	185	631
GU191334.1	k141_21258	83213	73.017	1097	284	628
GU191334.1	k141_21258	83213	70.754	1313	346	600
GU191334.1	k141_21258	83213	82.111	559	93	546
GU191334.1	k141_21258	83213	76.225	694	156	503
GU191334.1	k141_21258	83213	80.295	543	105	495
GU191334.1	k141_21258	83213	67.090	1574	387	451
GU191334.1	k141_21258	83213	74.352	694	174	444
GU191334.1	k141_21258	83213	69.157	1151	290	444
GU191334.1	k141_21258	83213	75.447	615	115	412
GU191334.1	k141_21258	83213	79.070	473	95	402
GU191334.1	k141_21258	83213	70.611	769	219	357
GU191334.1	k141_21258	83213	77.303	445	96	339
GU191334.1	k141_21258	83213	83.658	257	42	275
GU191334.1	k141_21258	83213	68.169	688	177	251
GU191334.1	k141_21258	83213	69.069	666	196	246
GU191334.1	k141_21258	83213	72.749	422	115	243
GU191334.1	k141_21258	83213	71.918	438	100	225
GU191334.1	k141_21258	83213	76.080	301	72	219
GU191334.1	k141_21258	83213	67.547	644	207	213
GU191334.1	k141_21258	83213	68.694	444	104	188
GU191334.1	k141_21258	83213	78.947	209	44	179
GU191334.1	k141_21258	83213	78.241	216	44	168
GU191334.1	k141_21258	83213	78.534	191	41	160
GU191334.1	k141_21258	83213	75.229	218	54	150
GU191334.1	k141_21258	83213	68.677	431	102	136
GU191334.1	k141_21258	83213	80.000	145	16	134
GU191334.1	k141_21258	83213	69.799	298	90	132
GU191334.1	k141_21258	83213	80.882	136	26	129
GU191334.1	k141_21258	83213	92.222	90	6	128
GU191334.1	k141_21258	83213	98.630	73	1	128
GU191334.1	k141_21258	83213	66.316	570	120	124
GU191334.1	k141_21258	83213	82.114	123	22	123
GU191334.1	k141_21258	83213	93.671	79	5	121
GU191334.1	k141_21258	83213	90.698	86	8	120
GU191334.1	k141_21258	83213	75.758	165	40	118
GU191334.1	k141_21258	83213	79.545	132	27	117
GU191334.1	k141_21258	83213	88.889	90	8	115
GU191334.1	k141_21258	83213	92.105	76	6	111
GU191334.1	k141_21258	83213	80.645	124	22	109
GU191334.1	k141_21258	83213	91.892	74	6	107
GU191334.1	k141_21258	83213	76.812	138	23	104
GU191334.1	k141_21258	83213	88.608	79	9	103
GU191334.1	k141_21258	83213	88.312	77	9	99.6
GU191334.1	k141_21258	83213	76.316	152	22	98.7
GU191334.1	k141_21258	83213	66.667	225	29	87.8
GU191334.1	k141_21258	83213	77.500	120	19	85.1
GU191334.1	k141_21258	83213	75.806	124	27	83.3
GU191334.1	k141_21258	83213	72.353	170	43	81.5
GU191334.1	k141_21258	83213	84.507	71	11	79.7
GU191334.1	k141_21258	83213	73.387	124	33	76.1
GU191334.1	k141_21258	83213	78.409	88	19	74.3
GU191334.1	k141_21258	83213	97.368	38	1	65.3
GU191334.1	k141_21258	83213	77.108	83	19	65.3
GU191334.1	k141_21258	83213	77.143	70	16	55.4
GU191334.1	k141_21258	83213	85.417	48	6	52.7
GU191334.1	k141_21258	83213	85.714	42	6	50.0
GU191334.1	k141_81796	18592	77.108	1743	389	1318
GU191334.1	k141_81796	18592	70.927	1823	498	883
GU191334.1	k141_81796	18592	74.957	1174	238	744
GU191334.1	k141_81796	18592	71.550	1406	381	705
GU191334.1	k141_81796	18592	68.415	820	210	279
GU191334.1	k141_81796	18592	73.273	333	85	199
GU191334.1	k141_81796	18592	92.593	81	6	120
GU191334.1	k141_81796	18592	70.293	239	71	112
GU191334.1	k141_81796	18592	78.505	107	23	90.6
GU191334.1	k141_81796	18592	74.545	110	28	73.4
GU191334.1	k141_81796	18592	72.593	135	35	70.7
GU191334.1	k141_81796	18592	83.721	43	7	47.3
GU191334.1	k141_81796	18592	83.721	43	7	47.3
GU191334.1	k141_23440	16004	73.154	894	197	480
GU191334.1	k141_23440	16004	73.154	894	197	480
GU191334.1	k141_23440	16004	74.388	531	127	335
GU191334.1	k141_23440	16004	74.388	531	127	335
GU191334.1	k141_23440	16004	74.304	467	98	281
GU191334.1	k141_23440	16004	74.304	467	98	281
GU191334.1	k141_23440	16004	78.030	264	56	208
GU191334.1	k141_23440	16004	78.030	264	56	208
GU191334.1	k141_37120	5350	87.719	342	25	421
GU191334.1	k141_37120	5350	87.719	342	25	421
GU191334.1	k141_37120	5350	88.525	61	7	79.7
GU191334.1	k141_37120	5350	88.525	61	7	79.7
GU191334.1	k141_2755	979	84.958	359	54	405
GU191334.1	k141_7713	4922	67.077	975	266	289
GU191334.1	k141_47216	27551	93.421	76	5	115
GU191334.1	k141_52493	14151	86.316	95	9	113
GU191334.1	k141_52493	14151	89.873	79	8	107
GU191334.1	k141_52493	14151	74.797	123	26	78.8
GU191334.1	k141_74723	5376	87.838	74	9	94.2
GU191334.1	k141_74723	5376	87.838	74	9	94.2
GU191334.1	k141_5824	11135	88.525	61	7	79.7
GU191334.1	k141_5824	11135	88.525	61	7	79.7
GU191334.1	k141_52572	2794	79.012	81	17	70.7
GU191334.1	k141_38909	1328	75.000	80	17	44.6
