MZ962720.1	k141_36731	26326	92.015	7627	407	10971
MZ962720.1	k141_36731	26326	92.015	7627	407	10971
MZ962720.1	k141_36731	26326	89.377	3276	187	4399
MZ962720.1	k141_36731	26326	89.377	3276	187	4399
MZ962720.1	k141_36731	26326	87.994	2024	179	2536
MZ962720.1	k141_36731	26326	87.994	2024	179	2536
MZ962720.1	k141_36731	26326	87.156	1783	162	2154
MZ962720.1	k141_36731	26326	87.156	1783	162	2154
MZ962720.1	k141_36731	26326	83.293	820	62	862
MZ962720.1	k141_36731	26326	91.497	294	21	417
MZ962720.1	k141_36731	26326	91.497	294	21	417
MZ962720.1	k141_36731	26326	85.630	341	33	387
MZ962720.1	k141_36731	26326	85.630	341	33	387
MZ962720.1	k141_36731	26326	80.366	382	49	334
MZ962720.1	k141_36731	26326	80.366	382	49	334
MZ962720.1	k141_36731	26326	83.224	304	48	313
MZ962720.1	k141_36731	26326	83.224	304	48	313
MZ962720.1	k141_36731	26326	85.328	259	26	289
MZ962720.1	k141_36731	26326	85.328	259	26	289
MZ962720.1	k141_36731	26326	74.596	433	66	276
MZ962720.1	k141_36731	26326	74.596	433	66	276
MZ962720.1	k141_36731	26326	90.256	195	16	265
MZ962720.1	k141_36731	26326	86.585	82	7	98.7
MZ962720.1	k141_36731	26326	86.585	82	7	98.7
MZ962720.1	k141_36731	26326	94.595	37	2	59.0
MZ962720.1	k141_32652	82094	82.196	8453	1267	8413
MZ962720.1	k141_32652	82094	89.741	5215	464	6972
MZ962720.1	k141_32652	82094	81.471	5872	720	5570
MZ962720.1	k141_32652	82094	81.883	5321	686	5181
MZ962720.1	k141_32652	82094	87.753	3168	323	3910
MZ962720.1	k141_32652	82094	78.112	4482	627	3601
MZ962720.1	k141_32652	82094	80.163	2334	357	2083
MZ962720.1	k141_32652	82094	82.845	1912	260	1955
MZ962720.1	k141_32652	82094	77.492	2177	326	1667
MZ962720.1	k141_32652	82094	92.737	1129	80	1660
MZ962720.1	k141_32652	82094	76.713	2087	402	1545
MZ962720.1	k141_32652	82094	72.790	2477	506	1427
MZ962720.1	k141_32652	82094	85.208	1156	121	1283
MZ962720.1	k141_32652	82094	78.006	1605	289	1253
MZ962720.1	k141_32652	82094	88.133	809	88	1025
MZ962720.1	k141_32652	82094	71.653	1591	267	854
MZ962720.1	k141_32652	82094	76.696	1120	194	846
MZ962720.1	k141_32652	82094	84.375	672	93	732
MZ962720.1	k141_32652	82094	71.862	1187	201	634
MZ962720.1	k141_32652	82094	80.034	596	93	517
MZ962720.1	k141_32652	82094	70.072	1253	250	511
MZ962720.1	k141_32652	82094	76.969	673	94	503
MZ962720.1	k141_32652	82094	74.453	822	141	495
MZ962720.1	k141_32652	82094	78.712	559	119	472
MZ962720.1	k141_32652	82094	78.712	559	119	472
MZ962720.1	k141_32652	82094	76.949	590	125	444
MZ962720.1	k141_32652	82094	79.608	510	73	430
MZ962720.1	k141_32652	82094	68.017	1160	220	416
MZ962720.1	k141_32652	82094	74.074	648	90	392
MZ962720.1	k141_32652	82094	80.000	435	59	391
MZ962720.1	k141_32652	82094	74.060	532	114	333
MZ962720.1	k141_32652	82094	82.903	310	41	323
MZ962720.1	k141_32652	82094	77.835	388	75	314
MZ962720.1	k141_32652	82094	87.029	239	26	292
MZ962720.1	k141_32652	82094	71.875	512	52	290
MZ962720.1	k141_32652	82094	71.875	512	52	290
MZ962720.1	k141_32652	82094	72.668	461	58	289
MZ962720.1	k141_32652	82094	74.584	421	70	266
MZ962720.1	k141_32652	82094	81.413	269	32	259
MZ962720.1	k141_32652	82094	74.260	439	78	256
MZ962720.1	k141_32652	82094	85.238	210	22	243
MZ962720.1	k141_32652	82094	85.238	210	22	243
MZ962720.1	k141_32652	82094	72.966	381	50	226
MZ962720.1	k141_32652	82094	84.080	201	25	221
MZ962720.1	k141_32652	82094	84.080	201	25	221
MZ962720.1	k141_32652	82094	83.744	203	33	218
MZ962720.1	k141_32652	82094	83.744	203	33	218
MZ962720.1	k141_32652	82094	70.530	509	117	214
MZ962720.1	k141_32652	82094	86.413	184	15	206
MZ962720.1	k141_32652	82094	82.212	208	28	204
MZ962720.1	k141_32652	82094	70.968	341	43	184
MZ962720.1	k141_32652	82094	78.829	222	30	182
MZ962720.1	k141_32652	82094	80.952	189	24	172
MZ962720.1	k141_32652	82094	72.607	303	49	168
MZ962720.1	k141_32652	82094	88.406	138	9	166
MZ962720.1	k141_32652	82094	95.283	106	3	162
MZ962720.1	k141_32652	82094	80.247	162	32	149
MZ962720.1	k141_32652	82094	78.736	174	37	148
MZ962720.1	k141_32652	82094	78.307	189	33	146
MZ962720.1	k141_32652	82094	78.307	189	33	146
MZ962720.1	k141_32652	82094	82.166	157	19	143
MZ962720.1	k141_32652	82094	92.632	95	6	137
MZ962720.1	k141_32652	82094	90.099	101	7	136
MZ962720.1	k141_32652	82094	93.333	90	4	133
MZ962720.1	k141_32652	82094	66.034	580	173	131
MZ962720.1	k141_32652	82094	85.321	109	16	125
MZ962720.1	k141_32652	82094	78.912	147	26	122
MZ962720.1	k141_32652	82094	74.866	187	42	117
MZ962720.1	k141_32652	82094	81.197	117	22	113
MZ962720.1	k141_32652	82094	81.197	117	22	113
MZ962720.1	k141_32652	82094	67.802	323	88	111
MZ962720.1	k141_32652	82094	79.675	123	19	111
MZ962720.1	k141_32652	82094	76.866	134	14	109
MZ962720.1	k141_32652	82094	76.866	134	14	109
MZ962720.1	k141_32652	82094	79.832	119	17	109
MZ962720.1	k141_32652	82094	79.832	119	17	109
MZ962720.1	k141_32652	82094	90.909	77	7	108
MZ962720.1	k141_32652	82094	89.610	77	8	104
MZ962720.1	k141_32652	82094	79.832	119	23	104
MZ962720.1	k141_32652	82094	79.832	119	23	104
MZ962720.1	k141_32652	82094	78.571	126	18	101
MZ962720.1	k141_32652	82094	80.851	94	18	89.7
MZ962720.1	k141_32652	82094	76.786	112	19	87.8
MZ962720.1	k141_32652	82094	75.207	121	30	84.2
MZ962720.1	k141_32652	82094	75.781	128	27	82.4
MZ962720.1	k141_32652	82094	75.781	128	27	82.4
MZ962720.1	k141_32652	82094	80.000	90	18	82.4
MZ962720.1	k141_32652	82094	80.000	90	18	82.4
MZ962720.1	k141_32652	82094	80.000	90	18	82.4
MZ962720.1	k141_32652	82094	70.370	135	40	64.4
MZ962720.1	k141_32652	82094	84.211	38	6	42.8
MZ962720.1	k141_32652	82094	84.211	38	6	42.8
MZ962720.1	k141_32652	82094	79.167	48	8	40.1
MZ962720.1	k141_36743	17538	85.705	4561	475	5279
MZ962720.1	k141_36743	17538	85.705	4561	475	5279
MZ962720.1	k141_36743	17538	80.959	2211	406	2085
MZ962720.1	k141_36743	17538	81.993	2027	325	1984
MZ962720.1	k141_36743	17538	78.093	986	180	801
MZ962720.1	k141_36743	17538	85.441	680	84	763
MZ962720.1	k141_36743	17538	85.607	667	83	760
MZ962720.1	k141_36743	17538	82.278	395	62	387
MZ962720.1	k141_36743	17538	82.639	144	13	145
MZ962720.1	k141_36475	460	84.516	465	60	512
MZ962720.1	k141_7642	1103	73.022	493	102	278
MZ962720.1	k141_4043	915	81.407	199	37	193
MZ962720.1	k141_4043	915	81.407	199	37	193
MZ962720.1	k141_18107	492	74.118	255	49	160
MZ962720.1	k141_18107	492	74.118	255	49	160
MZ962720.1	k141_57162	496	73.134	201	29	115
MZ962720.1	k141_57162	496	73.134	201	29	115
MZ962720.1	k141_20490	448	88.608	79	8	99.6
MZ962720.1	k141_20490	448	88.608	79	8	99.6
MZ962720.1	k141_51851	696	94.444	54	3	85.1
MZ962720.1	k141_51851	696	94.444	54	3	85.1
MZ962720.1	k141_21277	511	88.333	60	7	77.9
MZ962720.1	k141_21277	511	88.333	60	7	77.9
MZ962720.1	k141_21277	511	88.333	60	7	77.9
MZ962720.1	k141_26761	920	85.938	64	9	76.1
MZ962720.1	k141_12263	311	87.500	56	7	70.7
MZ962720.1	k141_12263	311	87.500	56	7	70.7
MZ962720.1	k141_30048	4766	82.812	64	11	67.1
MZ962720.1	k141_30048	4766	82.812	64	11	67.1
MZ962720.1	k141_36832	643	75.281	89	22	62.6
MZ962720.1	k141_50324	426	83.784	37	6	41.0
MH569081.1	k141_36743	17538	79.355	9494	1448	8206
MH569081.1	k141_36743	17538	81.031	2288	394	2152
MH569081.1	k141_36743	17538	76.562	704	97	516
MH569081.1	k141_36743	17538	70.146	479	96	208
MH569081.1	k141_36743	17538	70.146	479	96	208
MH569081.1	k141_36743	17538	74.903	259	44	171
MH569081.1	k141_32652	82094	80.494	7895	1059	7233
MH569081.1	k141_32652	82094	89.187	5438	515	7132
MH569081.1	k141_32652	82094	84.564	3887	496	4318
MH569081.1	k141_32652	82094	79.344	4362	706	3782
MH569081.1	k141_32652	82094	86.886	3096	335	3714
MH569081.1	k141_32652	82094	82.455	3357	494	3426
MH569081.1	k141_32652	82094	82.128	3318	438	3279
MH569081.1	k141_32652	82094	86.746	1924	243	2318
MH569081.1	k141_32652	82094	82.745	2011	261	2055
MH569081.1	k141_32652	82094	86.422	1716	181	2042
MH569081.1	k141_32652	82094	83.137	1951	280	2026
MH569081.1	k141_32652	82094	79.309	2257	290	1904
MH569081.1	k141_32652	82094	89.372	1449	101	1900
MH569081.1	k141_32652	82094	74.475	2382	434	1532
MH569081.1	k141_32652	82094	76.822	1976	332	1478
MH569081.1	k141_32652	82094	86.721	1107	117	1316
MH569081.1	k141_32652	82094	76.065	1784	269	1255
MH569081.1	k141_32652	82094	79.211	1116	152	963
MH569081.1	k141_32652	82094	80.570	983	113	893
MH569081.1	k141_32652	82094	72.930	1256	157	740
MH569081.1	k141_32652	82094	75.185	1080	178	736
MH569081.1	k141_32652	82094	76.609	979	136	710
MH569081.1	k141_32652	82094	70.621	1416	240	698
MH569081.1	k141_32652	82094	78.528	815	87	657
MH569081.1	k141_32652	82094	78.605	645	96	512
MH569081.1	k141_32652	82094	78.191	564	99	449
MH569081.1	k141_32652	82094	90.735	313	27	432
MH569081.1	k141_32652	82094	74.847	652	105	418
MH569081.1	k141_32652	82094	81.170	393	58	372
MH569081.1	k141_32652	82094	81.170	393	58	372
MH569081.1	k141_32652	82094	82.006	339	48	331
MH569081.1	k141_32652	82094	82.792	308	32	327
MH569081.1	k141_32652	82094	80.363	331	44	297
MH569081.1	k141_32652	82094	80.128	312	56	285
MH569081.1	k141_32652	82094	74.153	472	62	284
MH569081.1	k141_32652	82094	86.441	236	32	282
MH569081.1	k141_32652	82094	79.310	319	46	274
MH569081.1	k141_32652	82094	81.071	280	53	267
MH569081.1	k141_32652	82094	75.216	347	59	227
MH569081.1	k141_32652	82094	87.791	172	21	216
MH569081.1	k141_32652	82094	84.772	197	27	214
MH569081.1	k141_32652	82094	87.500	176	19	213
MH569081.1	k141_32652	82094	79.144	187	22	137
MH569081.1	k141_32652	82094	92.473	93	7	137
MH569081.1	k141_32652	82094	78.107	169	31	135
MH569081.1	k141_32652	82094	81.429	140	16	132
MH569081.1	k141_32652	82094	81.429	140	16	132
MH569081.1	k141_32652	82094	91.860	86	7	124
MH569081.1	k141_32652	82094	66.816	446	128	124
MH569081.1	k141_32652	82094	74.566	173	36	113
MH569081.1	k141_32652	82094	79.487	117	19	95.1
MH569081.1	k141_32652	82094	68.872	257	61	89.7
MH569081.1	k141_32652	82094	91.111	45	4	64.4
MH569081.1	k141_32652	82094	91.111	45	4	64.4
MH569081.1	k141_32652	82094	68.590	156	49	61.7
MH569081.1	k141_32652	82094	75.714	70	11	42.8
MH569081.1	k141_32652	82094	84.211	38	6	42.8
MH569081.1	k141_32652	82094	84.211	38	6	42.8
MH569081.1	k141_32652	82094	74.194	62	16	41.0
MH569081.1	k141_36731	26326	91.564	4540	190	6491
MH569081.1	k141_36731	26326	91.564	4540	190	6491
MH569081.1	k141_36731	26326	94.450	2991	116	4624
MH569081.1	k141_36731	26326	94.450	2991	116	4624
MH569081.1	k141_36731	26326	92.826	2941	145	4318
MH569081.1	k141_36731	26326	92.826	2941	145	4318
MH569081.1	k141_36731	26326	90.195	2509	172	3370
MH569081.1	k141_36731	26326	90.195	2509	172	3370
MH569081.1	k141_36731	26326	91.197	2272	124	3161
MH569081.1	k141_36731	26326	91.197	2272	124	3161
MH569081.1	k141_36731	26326	83.163	879	129	909
MH569081.1	k141_36731	26326	83.163	879	129	909
MH569081.1	k141_36731	26326	83.480	793	91	831
MH569081.1	k141_36731	26326	83.480	793	91	831
MH569081.1	k141_36731	26326	76.825	863	92	658
MH569081.1	k141_36731	26326	76.825	863	92	658
MH569081.1	k141_36731	26326	81.590	478	47	453
MH569081.1	k141_36731	26326	81.590	478	47	453
MH569081.1	k141_36731	26326	78.036	387	29	352
MH569081.1	k141_36731	26326	78.036	387	29	352
MH569081.1	k141_36731	26326	85.965	228	23	267
MH569081.1	k141_36731	26326	85.965	228	23	267
MH569081.1	k141_36731	26326	79.412	102	16	86.0
MH569081.1	k141_36731	26326	91.667	48	4	69.8
MH569081.1	k141_36731	26326	87.719	57	5	69.8
MH569081.1	k141_36731	26326	87.719	57	5	69.8
MH569081.1	k141_36731	26326	92.308	39	3	58.1
MH569081.1	k141_36475	460	84.881	463	62	518
MH569081.1	k141_7642	1103	71.622	518	117	263
MH569081.1	k141_4043	915	80.402	199	39	184
MH569081.1	k141_4043	915	80.402	199	39	184
MH569081.1	k141_56386	347	75.391	256	59	173
MH569081.1	k141_57162	496	78.894	199	32	161
MH569081.1	k141_57162	496	78.894	199	32	161
MH569081.1	k141_57162	496	86.111	108	14	124
MH569081.1	k141_18107	492	74.370	238	48	153
MH569081.1	k141_18107	492	74.370	238	48	153
MH569081.1	k141_44753	496	85.600	125	16	142
MH569081.1	k141_55988	909	74.163	209	52	127
MH569081.1	k141_55988	909	74.163	209	52	127
MH569081.1	k141_53548	374	85.047	107	16	122
MH569081.1	k141_53548	374	85.047	107	16	122
MH569081.1	k141_48030	356	79.137	139	29	121
MH569081.1	k141_23642	407	78.014	141	31	115
MH569081.1	k141_20490	448	88.095	84	9	104
MH569081.1	k141_20490	448	88.095	84	9	104
MH569081.1	k141_56466	449	75.484	155	36	102
MH569081.1	k141_56466	449	75.484	155	36	102
MH569081.1	k141_8160	423	86.667	75	10	91.5
MH569081.1	k141_51851	696	96.296	54	2	89.7
MH569081.1	k141_51851	696	96.296	54	2	89.7
MH569081.1	k141_26761	920	87.879	66	8	84.2
MH569081.1	k141_21277	511	90.000	60	6	82.4
MH569081.1	k141_21277	511	90.000	60	6	82.4
MH569081.1	k141_23810	733	81.333	75	14	73.4
MH569081.1	k141_365	358	75.926	108	19	71.6
MH569081.1	k141_365	358	83.871	62	10	68.0
MH569081.1	k141_36832	643	71.756	131	37	70.7
MH569081.1	k141_30048	4766	82.812	64	11	67.1
MH569081.1	k141_30048	4766	82.812	64	11	67.1
MH569081.1	k141_30048	4766	78.947	57	12	50.0
MH569081.1	k141_30048	4766	78.947	57	12	50.0
MH569081.1	k141_31442	564	86.047	43	6	51.8
MH569081.1	k141_31442	564	86.047	43	6	51.8
MH569081.1	k141_51402	366	73.333	75	20	46.4
MH569081.1	k141_51402	366	73.333	75	20	46.4
NC_033978.1	k141_32652	82094	84.356	12714	1624	13925
NC_033978.1	k141_32652	82094	78.363	10089	1418	8141
NC_033978.1	k141_32652	82094	89.370	5729	518	7515
NC_033978.1	k141_32652	82094	81.274	4710	710	4376
NC_033978.1	k141_32652	82094	79.722	4098	550	3632
NC_033978.1	k141_32652	82094	89.797	2705	239	3632
NC_033978.1	k141_32652	82094	87.364	2113	224	2606
NC_033978.1	k141_32652	82094	86.121	1931	189	2274
NC_033978.1	k141_32652	82094	83.689	1919	254	2036
NC_033978.1	k141_32652	82094	83.698	1920	277	2030
NC_033978.1	k141_32652	82094	81.109	2165	244	2016
NC_033978.1	k141_32652	82094	90.675	1244	97	1720
NC_033978.1	k141_32652	82094	73.844	2531	417	1558
NC_033978.1	k141_32652	82094	81.841	1564	237	1547
NC_033978.1	k141_32652	82094	72.080	2740	574	1426
NC_033978.1	k141_32652	82094	87.048	1050	99	1274
NC_033978.1	k141_32652	82094	77.001	1574	219	1160
NC_033978.1	k141_32652	82094	78.107	1046	134	823
NC_033978.1	k141_32652	82094	85.735	694	86	804
NC_033978.1	k141_32652	82094	74.518	1193	193	751
NC_033978.1	k141_32652	82094	72.781	1363	213	748
NC_033978.1	k141_32652	82094	77.046	941	117	719
NC_033978.1	k141_32652	82094	91.582	297	25	424
NC_033978.1	k141_32652	82094	77.174	460	70	352
NC_033978.1	k141_32652	82094	90.351	228	22	313
NC_033978.1	k141_32652	82094	78.947	361	43	294
NC_033978.1	k141_32652	82094	69.643	728	154	292
NC_033978.1	k141_32652	82094	79.412	306	41	266
NC_033978.1	k141_32652	82094	76.115	381	64	252
NC_033978.1	k141_32652	82094	73.753	381	38	248
NC_033978.1	k141_32652	82094	92.994	157	10	231
NC_033978.1	k141_32652	82094	77.305	282	40	224
NC_033978.1	k141_32652	82094	78.295	258	34	211
NC_033978.1	k141_32652	82094	77.315	216	31	163
NC_033978.1	k141_32652	82094	74.897	243	39	161
NC_033978.1	k141_32652	82094	92.381	105	8	154
NC_033978.1	k141_32652	82094	88.889	117	8	153
NC_033978.1	k141_32652	82094	67.269	443	131	141
NC_033978.1	k141_32652	82094	91.753	97	7	136
NC_033978.1	k141_32652	82094	95.181	83	4	132
NC_033978.1	k141_32652	82094	80.159	126	25	115
NC_033978.1	k141_32652	82094	85.075	67	10	77.0
NC_033978.1	k141_32652	82094	83.333	42	7	45.5
NC_033978.1	k141_32652	82094	84.211	38	6	42.8
NC_033978.1	k141_32652	82094	84.211	38	6	42.8
NC_033978.1	k141_32652	82094	74.194	62	16	41.0
NC_033978.1	k141_36731	26326	94.465	8510	290	13166
NC_033978.1	k141_36731	26326	94.465	8510	290	13166
NC_033978.1	k141_36731	26326	91.436	6247	359	8896
NC_033978.1	k141_36731	26326	91.436	6247	359	8896
NC_033978.1	k141_36731	26326	90.941	4846	202	6821
NC_033978.1	k141_36731	26326	90.941	4846	202	6821
NC_033978.1	k141_36731	26326	91.884	3302	209	4760
NC_033978.1	k141_36731	26326	91.884	3302	209	4760
NC_033978.1	k141_36731	26326	87.755	2009	167	2514
NC_033978.1	k141_36731	26326	87.733	1989	165	2487
NC_033978.1	k141_36731	26326	81.244	1029	60	989
NC_033978.1	k141_36731	26326	81.244	1029	60	989
NC_033978.1	k141_36731	26326	98.765	81	1	142
NC_033978.1	k141_36731	26326	100.000	40	0	73.4
NC_033978.1	k141_36731	26326	100.000	40	0	73.4
NC_033978.1	k141_36731	26326	100.000	39	0	71.6
NC_033978.1	k141_36731	26326	92.857	42	3	63.5
NC_033978.1	k141_36731	26326	86.842	38	5	47.3
NC_033978.1	k141_36743	17538	81.323	2827	413	2673
NC_033978.1	k141_36743	17538	84.257	2020	279	2195
NC_033978.1	k141_36743	17538	72.092	4153	910	2192
NC_033978.1	k141_36743	17538	80.984	2256	385	2134
NC_033978.1	k141_36743	17538	83.559	1405	192	1465
NC_033978.1	k141_36743	17538	80.392	1173	198	1072
NC_033978.1	k141_36743	17538	83.697	595	84	630
NC_033978.1	k141_36743	17538	87.500	376	47	467
NC_033978.1	k141_36743	17538	73.205	571	110	334
NC_033978.1	k141_36743	17538	85.315	143	12	163
NC_033978.1	k141_36475	460	91.202	466	33	655
NC_033978.1	k141_7642	1103	73.984	492	99	306
NC_033978.1	k141_4043	915	78.292	281	59	225
NC_033978.1	k141_4043	915	78.292	281	59	225
NC_033978.1	k141_4043	915	82.412	199	35	202
NC_033978.1	k141_4043	915	82.412	199	35	202
NC_033978.1	k141_56386	347	78.629	248	49	208
NC_033978.1	k141_18107	492	75.479	261	44	178
NC_033978.1	k141_18107	492	75.479	261	44	178
NC_033978.1	k141_415	1143	78.125	224	47	177
NC_033978.1	k141_57162	496	79.000	200	35	165
NC_033978.1	k141_57162	496	79.000	200	35	165
NC_033978.1	k141_57162	496	86.325	117	15	136
NC_033978.1	k141_48030	356	86.861	137	17	163
NC_033978.1	k141_14762	449	75.494	253	51	160
NC_033978.1	k141_44753	496	84.921	126	17	140
NC_033978.1	k141_53548	374	87.850	107	13	135
NC_033978.1	k141_53548	374	87.850	107	13	135
NC_033978.1	k141_8160	423	92.308	78	6	114
NC_033978.1	k141_23642	407	76.596	141	33	106
NC_033978.1	k141_56466	449	76.129	155	35	106
NC_033978.1	k141_56466	449	76.129	155	35	106
NC_033978.1	k141_51851	696	98.148	54	1	94.2
NC_033978.1	k141_51851	696	98.148	54	1	94.2
NC_033978.1	k141_365	358	83.158	95	13	94.2
NC_033978.1	k141_45021	1706	83.908	87	8	86.9
NC_033978.1	k141_45021	1706	83.908	87	8	86.9
NC_033978.1	k141_45021	1706	97.917	48	1	83.3
NC_033978.1	k141_45021	1706	97.917	48	1	83.3
NC_033978.1	k141_21926	384	92.982	57	4	86.0
NC_033978.1	k141_21926	384	92.982	57	4	86.0
NC_033978.1	k141_26761	920	86.364	66	9	79.7
NC_033978.1	k141_12263	311	85.507	69	9	77.0
NC_033978.1	k141_12263	311	85.507	69	9	77.0
NC_033978.1	k141_21277	511	86.667	60	8	73.4
NC_033978.1	k141_21277	511	86.667	60	8	73.4
NC_033978.1	k141_23810	733	80.247	81	14	72.5
NC_033978.1	k141_54694	312	91.667	48	4	69.8
NC_033978.1	k141_54694	312	91.667	48	4	69.8
NC_033978.1	k141_36832	643	79.221	77	16	68.0
NC_033978.1	k141_7310	1259	85.714	56	8	66.2
NC_033978.1	k141_2179	596	81.356	59	11	58.1
NC_033978.1	k141_30048	4766	78.947	57	12	50.0
NC_033978.1	k141_30048	4766	78.947	57	12	50.0
NC_033978.1	k141_31442	564	85.000	40	6	46.4
NC_033978.1	k141_31442	564	85.000	40	6	46.4
MW006668.1	k141_36731	26326	93.359	7996	324	11970
MW006668.1	k141_36731	26326	93.359	7996	324	11970
MW006668.1	k141_36731	26326	86.292	5486	455	6555
MW006668.1	k141_36731	26326	74.613	2001	292	1329
MW006668.1	k141_36731	26326	73.794	1389	179	842
MW006668.1	k141_36731	26326	85.137	693	72	801
MW006668.1	k141_36731	26326	87.342	474	45	585
MW006668.1	k141_36731	26326	87.342	474	45	585
MW006668.1	k141_36731	26326	77.933	716	106	581
MW006668.1	k141_36731	26326	88.170	448	51	563
MW006668.1	k141_36731	26326	86.380	279	28	328
MW006668.1	k141_36731	26326	86.380	279	28	328
MW006668.1	k141_36731	26326	79.439	321	43	280
MW006668.1	k141_36731	26326	82.105	190	34	190
MW006668.1	k141_36731	26326	80.667	150	20	135
MW006668.1	k141_36731	26326	80.667	150	20	135
MW006668.1	k141_36731	26326	85.217	115	10	133
MW006668.1	k141_36731	26326	85.217	115	10	133
MW006668.1	k141_36731	26326	96.203	79	3	130
MW006668.1	k141_36731	26326	96.203	79	3	130
MW006668.1	k141_36731	26326	82.787	122	13	124
MW006668.1	k141_36731	26326	66.423	411	99	119
MW006668.1	k141_36731	26326	66.423	411	99	119
MW006668.1	k141_36731	26326	81.905	105	15	104
MW006668.1	k141_36731	26326	64.078	515	134	93.3
MW006668.1	k141_36731	26326	69.039	281	73	87.8
MW006668.1	k141_36731	26326	69.039	281	73	87.8
MW006668.1	k141_36731	26326	69.014	284	68	85.1
MW006668.1	k141_36731	26326	69.014	284	68	85.1
MW006668.1	k141_36731	26326	69.014	284	68	85.1
MW006668.1	k141_36731	26326	69.014	284	68	85.1
MW006668.1	k141_36731	26326	69.014	284	68	85.1
MW006668.1	k141_36731	26326	69.014	284	68	85.1
MW006668.1	k141_36731	26326	89.062	64	7	85.1
MW006668.1	k141_36731	26326	89.062	64	7	85.1
MW006668.1	k141_36731	26326	68.662	284	69	80.6
MW006668.1	k141_36731	26326	68.662	284	69	80.6
MW006668.1	k141_36731	26326	68.662	284	69	80.6
MW006668.1	k141_36731	26326	68.662	284	69	80.6
MW006668.1	k141_36731	26326	69.189	185	44	80.6
MW006668.1	k141_36731	26326	100.000	42	0	77.0
MW006668.1	k141_36731	26326	85.938	64	9	76.1
MW006668.1	k141_36731	26326	85.938	64	9	76.1
MW006668.1	k141_36731	26326	85.938	64	9	76.1
MW006668.1	k141_36731	26326	85.938	64	9	76.1
MW006668.1	k141_36731	26326	100.000	41	0	75.2
MW006668.1	k141_36731	26326	100.000	41	0	75.2
MW006668.1	k141_36731	26326	92.857	42	3	63.5
MW006668.1	k141_36731	26326	89.362	47	5	63.5
MW006668.1	k141_36731	26326	89.362	47	5	63.5
MW006668.1	k141_36731	26326	82.456	57	10	59.0
MW006668.1	k141_36731	26326	82.456	57	10	59.0
MW006668.1	k141_36731	26326	82.456	57	10	59.0
MW006668.1	k141_36731	26326	82.456	57	10	59.0
MW006668.1	k141_36731	26326	82.456	57	10	59.0
MW006668.1	k141_36731	26326	82.456	57	10	59.0
MW006668.1	k141_36731	26326	82.456	57	10	59.0
MW006668.1	k141_36731	26326	82.456	57	10	59.0
MW006668.1	k141_36731	26326	82.456	57	10	59.0
MW006668.1	k141_36731	26326	82.456	57	10	59.0
MW006668.1	k141_36731	26326	66.549	284	78	55.4
MW006668.1	k141_36731	26326	66.549	284	78	55.4
MW006668.1	k141_36731	26326	66.549	284	78	55.4
MW006668.1	k141_36731	26326	66.549	284	78	55.4
MW006668.1	k141_36731	26326	85.714	42	6	50.0
MW006668.1	k141_36731	26326	86.842	38	5	47.3
MW006668.1	k141_36731	26326	71.429	84	24	44.6
MW006668.1	k141_36731	26326	71.429	84	24	44.6
MW006668.1	k141_32652	82094	80.484	9377	1486	8606
MW006668.1	k141_32652	82094	89.182	5454	508	7133
MW006668.1	k141_32652	82094	86.089	3393	426	3961
MW006668.1	k141_32652	82094	89.124	2648	252	3474
MW006668.1	k141_32652	82094	79.299	3821	517	3275
MW006668.1	k141_32652	82094	81.089	3252	435	3084
MW006668.1	k141_32652	82094	83.599	2384	325	2520
MW006668.1	k141_32652	82094	88.054	1850	192	2335
MW006668.1	k141_32652	82094	83.299	1928	226	2058
MW006668.1	k141_32652	82094	84.102	1887	252	2045
MW006668.1	k141_32652	82094	80.776	2138	283	1939
MW006668.1	k141_32652	82094	82.035	1926	315	1893
MW006668.1	k141_32652	82094	71.355	3313	655	1601
MW006668.1	k141_32652	82094	76.030	2015	327	1435
MW006668.1	k141_32652	82094	75.588	1872	359	1319
MW006668.1	k141_32652	82094	92.334	861	61	1251
MW006668.1	k141_32652	82094	92.334	861	61	1251
MW006668.1	k141_32652	82094	87.160	1028	109	1249
MW006668.1	k141_32652	82094	70.281	2527	436	1190
MW006668.1	k141_32652	82094	82.222	720	116	724
MW006668.1	k141_32652	82094	72.645	1221	161	704
MW006668.1	k141_32652	82094	72.645	1221	161	704
MW006668.1	k141_32652	82094	77.059	959	165	693
MW006668.1	k141_32652	82094	72.182	1251	193	692
MW006668.1	k141_32652	82094	73.232	1117	210	684
MW006668.1	k141_32652	82094	76.768	891	137	665
MW006668.1	k141_32652	82094	79.328	774	98	655
MW006668.1	k141_32652	82094	76.006	646	88	464
MW006668.1	k141_32652	82094	75.606	660	101	443
MW006668.1	k141_32652	82094	74.821	699	107	435
MW006668.1	k141_32652	82094	71.683	731	135	392
MW006668.1	k141_32652	82094	71.683	731	135	392
MW006668.1	k141_32652	82094	89.347	291	31	386
MW006668.1	k141_32652	82094	76.409	479	68	346
MW006668.1	k141_32652	82094	70.200	802	157	322
MW006668.1	k141_32652	82094	82.274	299	50	299
MW006668.1	k141_32652	82094	84.874	238	31	268
MW006668.1	k141_32652	82094	81.229	293	34	264
MW006668.1	k141_32652	82094	71.127	426	54	227
MW006668.1	k141_32652	82094	74.255	369	60	215
MW006668.1	k141_32652	82094	74.255	369	60	215
MW006668.1	k141_32652	82094	76.786	280	48	205
MW006668.1	k141_32652	82094	84.393	173	23	181
MW006668.1	k141_32652	82094	84.756	164	20	179
MW006668.1	k141_32652	82094	96.154	104	2	168
MW006668.1	k141_32652	82094	82.184	174	27	165
MW006668.1	k141_32652	82094	81.287	171	27	156
MW006668.1	k141_32652	82094	88.333	120	11	152
MW006668.1	k141_32652	82094	76.961	204	29	150
MW006668.1	k141_32652	82094	75.000	216	52	144
MW006668.1	k141_32652	82094	76.852	216	32	141
MW006668.1	k141_32652	82094	80.741	135	15	128
MW006668.1	k141_32652	82094	76.970	165	38	127
MW006668.1	k141_32652	82094	91.765	85	7	123
MW006668.1	k141_32652	82094	67.317	410	110	113
MW006668.1	k141_32652	82094	80.672	119	14	111
MW006668.1	k141_32652	82094	72.321	224	36	104
MW006668.1	k141_32652	82094	74.359	156	32	96.0
MW006668.1	k141_32652	82094	80.682	88	17	83.3
MW006668.1	k141_32652	82094	84.615	65	10	73.4
MW006668.1	k141_32652	82094	86.842	38	5	47.3
MW006668.1	k141_32652	82094	75.806	62	15	45.5
MW006668.1	k141_36743	17538	80.486	4402	663	4027
MW006668.1	k141_36743	17538	80.486	4402	663	4027
MW006668.1	k141_36743	17538	83.453	2085	300	2196
MW006668.1	k141_36743	17538	83.453	2085	300	2196
MW006668.1	k141_36743	17538	78.024	2257	464	1801
MW006668.1	k141_36743	17538	80.329	1154	200	1042
MW006668.1	k141_36743	17538	80.329	1154	200	1042
MW006668.1	k141_36743	17538	79.618	1153	185	1025
MW006668.1	k141_36743	17538	79.618	1153	185	1025
MW006668.1	k141_36743	17538	85.714	133	18	151
MW006668.1	k141_36475	460	86.393	463	55	550
MW006668.1	k141_7642	1103	72.764	492	105	279
MW006668.1	k141_4043	915	78.292	281	59	225
MW006668.1	k141_4043	915	78.292	281	59	225
MW006668.1	k141_4043	915	81.910	199	36	197
MW006668.1	k141_4043	915	81.910	199	36	197
MW006668.1	k141_56386	347	74.118	255	62	162
MW006668.1	k141_14762	449	76.364	220	45	156
MW006668.1	k141_14762	449	76.364	220	45	156
MW006668.1	k141_48030	356	87.302	126	16	156
MW006668.1	k141_44753	496	84.127	126	18	135
MW006668.1	k141_53548	374	87.850	107	13	135
MW006668.1	k141_53548	374	87.850	107	13	135
MW006668.1	k141_8160	423	92.308	78	6	114
MW006668.1	k141_365	358	78.195	133	21	104
MW006668.1	k141_54559	475	79.279	111	23	97.8
MW006668.1	k141_54559	475	79.279	111	23	97.8
MW006668.1	k141_20490	448	86.420	81	10	94.2
MW006668.1	k141_20490	448	86.420	81	10	94.2
MW006668.1	k141_51851	696	94.444	54	3	85.1
MW006668.1	k141_26761	920	86.364	66	9	79.7
MW006668.1	k141_12263	311	85.714	70	9	78.8
MW006668.1	k141_36832	643	80.488	82	16	77.0
MW006668.1	k141_23642	407	86.667	60	8	73.4
MW006668.1	k141_19800	437	80.000	75	7	71.6
MW006668.1	k141_21277	511	85.000	60	9	68.9
MW006668.1	k141_21277	511	85.000	60	9	68.9
MW006668.1	k141_23810	733	79.012	81	15	68.0
MW006668.1	k141_30048	4766	78.947	57	12	50.0
MW006668.1	k141_30048	4766	78.947	57	12	50.0
MW006668.1	k141_31442	564	82.051	39	7	40.1
MW435436.1	k141_36731	26326	92.134	11213	442	16232
MW435436.1	k141_36731	26326	92.134	11213	442	16232
MW435436.1	k141_36731	26326	89.628	9882	616	13281
MW435436.1	k141_36731	26326	89.628	9882	616	13281
MW435436.1	k141_36731	26326	92.001	3288	208	4754
MW435436.1	k141_36731	26326	92.001	3288	208	4754
MW435436.1	k141_36731	26326	85.547	2055	160	2383
MW435436.1	k141_36731	26326	85.547	2055	160	2383
MW435436.1	k141_36731	26326	96.203	79	3	130
MW435436.1	k141_36731	26326	95.122	41	2	66.2
MW435436.1	k141_36731	26326	92.308	39	3	58.1
MW435436.1	k141_32652	82094	83.451	10665	1536	11221
MW435436.1	k141_32652	82094	79.028	10166	1451	8565
MW435436.1	k141_32652	82094	88.639	5695	548	7304
MW435436.1	k141_32652	82094	89.263	2673	252	3514
MW435436.1	k141_32652	82094	85.163	2332	284	2657
MW435436.1	k141_32652	82094	87.646	2056	228	2555
MW435436.1	k141_32652	82094	85.870	1925	196	2238
MW435436.1	k141_32652	82094	79.375	2303	350	1972
MW435436.1	k141_32652	82094	82.488	1953	296	1950
MW435436.1	k141_32652	82094	81.681	1927	272	1885
MW435436.1	k141_32652	82094	78.224	2140	255	1742
MW435436.1	k141_32652	82094	73.464	2962	509	1719
MW435436.1	k141_32652	82094	91.215	1218	100	1712
MW435436.1	k141_32652	82094	78.066	1810	313	1447
MW435436.1	k141_32652	82094	85.549	1038	104	1175
MW435436.1	k141_32652	82094	71.005	2397	543	1111
MW435436.1	k141_32652	82094	78.406	1255	179	1003
MW435436.1	k141_32652	82094	73.891	1555	297	942
MW435436.1	k141_32652	82094	72.895	1627	246	933
MW435436.1	k141_32652	82094	73.611	1584	268	919
MW435436.1	k141_32652	82094	75.440	1022	133	719
MW435436.1	k141_32652	82094	81.586	706	119	689
MW435436.1	k141_32652	82094	76.667	900	133	634
MW435436.1	k141_32652	82094	75.683	769	146	500
MW435436.1	k141_32652	82094	73.817	676	95	415
MW435436.1	k141_32652	82094	87.898	314	35	389
MW435436.1	k141_32652	82094	77.849	465	82	358
MW435436.1	k141_32652	82094	84.746	295	45	330
MW435436.1	k141_32652	82094	84.746	295	45	330
MW435436.1	k141_32652	82094	83.775	302	49	324
MW435436.1	k141_32652	82094	90.308	227	22	311
MW435436.1	k141_32652	82094	82.143	252	36	242
MW435436.1	k141_32652	82094	91.275	149	9	210
MW435436.1	k141_32652	82094	82.051	195	17	206
MW435436.1	k141_32652	82094	77.544	285	47	205
MW435436.1	k141_32652	82094	75.940	266	42	194
MW435436.1	k141_32652	82094	91.729	133	9	188
MW435436.1	k141_32652	82094	89.362	141	13	185
MW435436.1	k141_32652	82094	76.763	241	44	171
MW435436.1	k141_32652	82094	95.283	106	5	169
MW435436.1	k141_32652	82094	86.667	135	15	157
MW435436.1	k141_32652	82094	89.565	115	9	152
MW435436.1	k141_32652	82094	87.200	125	9	147
MW435436.1	k141_32652	82094	82.759	145	15	145
MW435436.1	k141_32652	82094	93.684	95	5	141
MW435436.1	k141_32652	82094	88.073	109	11	136
MW435436.1	k141_32652	82094	87.611	113	11	131
MW435436.1	k141_32652	82094	67.407	405	118	131
MW435436.1	k141_32652	82094	67.413	402	111	122
MW435436.1	k141_32652	82094	86.667	75	9	87.8
MW435436.1	k141_32652	82094	77.465	71	10	49.1
MW435436.1	k141_32652	82094	86.842	38	5	47.3
MW435436.1	k141_32652	82094	86.842	38	5	47.3
MW435436.1	k141_36743	17538	78.526	4573	701	3794
MW435436.1	k141_36743	17538	78.940	3471	595	2938
MW435436.1	k141_36743	17538	78.688	2271	429	1905
MW435436.1	k141_36743	17538	78.683	1989	369	1667
MW435436.1	k141_36743	17538	71.100	2564	577	1265
MW435436.1	k141_36743	17538	77.719	1131	208	890
MW435436.1	k141_36743	17538	71.269	1166	270	580
MW435436.1	k141_36743	17538	75.623	562	114	386
MW435436.1	k141_36743	17538	75.623	562	114	386
MW435436.1	k141_36743	17538	89.781	137	14	185
MW435436.1	k141_36743	17538	89.781	137	14	185
MW435436.1	k141_36475	460	86.882	465	53	563
MW435436.1	k141_7642	1103	72.967	492	104	283
MW435436.1	k141_4043	915	77.936	281	60	221
MW435436.1	k141_4043	915	77.936	281	60	221
MW435436.1	k141_4043	915	82.412	199	35	202
MW435436.1	k141_4043	915	82.412	199	35	202
MW435436.1	k141_18107	492	75.281	267	49	182
MW435436.1	k141_18107	492	75.281	267	49	182
MW435436.1	k141_57162	496	78.500	200	36	160
MW435436.1	k141_57162	496	78.500	200	36	160
MW435436.1	k141_57162	496	83.761	117	18	123
MW435436.1	k141_48030	356	84.892	139	21	157
MW435436.1	k141_44753	496	87.302	126	14	153
MW435436.1	k141_53548	374	87.850	107	13	135
MW435436.1	k141_53548	374	87.850	107	13	135
MW435436.1	k141_8160	423	91.026	78	7	110
MW435436.1	k141_56466	449	75.484	155	36	102
MW435436.1	k141_56466	449	75.484	155	36	102
MW435436.1	k141_51851	696	98.148	54	1	94.2
MW435436.1	k141_51851	696	98.148	54	1	94.2
MW435436.1	k141_23642	407	74.468	141	36	93.3
MW435436.1	k141_45021	1706	86.076	79	5	86.0
MW435436.1	k141_45021	1706	86.076	79	5	86.0
MW435436.1	k141_45021	1706	93.750	48	3	74.3
MW435436.1	k141_45021	1706	93.750	48	3	74.3
MW435436.1	k141_21926	384	96.078	51	2	84.2
MW435436.1	k141_21926	384	96.078	51	2	84.2
MW435436.1	k141_26761	920	86.364	66	9	79.7
MW435436.1	k141_365	358	84.286	70	11	77.9
MW435436.1	k141_21277	511	86.667	60	8	73.4
MW435436.1	k141_21277	511	86.667	60	8	73.4
MW435436.1	k141_12263	311	84.058	69	10	72.5
MW435436.1	k141_12263	311	84.058	69	10	72.5
MW435436.1	k141_7310	1259	87.273	55	7	68.9
MW435436.1	k141_23810	733	77.907	86	18	67.1
MW435436.1	k141_36832	643	76.623	77	18	59.0
MW435436.1	k141_30048	4766	75.676	74	18	53.6
MW435436.1	k141_30048	4766	75.676	74	18	53.6
MW435436.1	k141_31442	564	85.000	40	6	46.4
MW435436.1	k141_31442	564	85.000	40	6	46.4
MW435436.1	k141_51402	366	72.000	75	21	41.9
MW435436.1	k141_51402	366	72.000	75	21	41.9
NC_037882.1	k141_32652	82094	84.378	12719	1587	13853
NC_037882.1	k141_32652	82094	85.116	8519	926	9473
NC_037882.1	k141_32652	82094	81.405	6308	749	6056
NC_037882.1	k141_32652	82094	90.572	2641	218	3633
NC_037882.1	k141_32652	82094	79.693	3969	594	3508
NC_037882.1	k141_32652	82094	87.100	2310	248	2814
NC_037882.1	k141_32652	82094	88.586	2094	213	2691
NC_037882.1	k141_32652	82094	85.722	1919	190	2248
NC_037882.1	k141_32652	82094	75.606	3177	522	2131
NC_037882.1	k141_32652	82094	84.117	1914	268	2060
NC_037882.1	k141_32652	82094	82.772	2020	287	2058
NC_037882.1	k141_32652	82094	86.050	1491	134	1733
NC_037882.1	k141_32652	82094	80.094	1698	257	1544
NC_037882.1	k141_32652	82094	72.467	2379	519	1271
NC_037882.1	k141_32652	82094	87.529	866	64	1079
NC_037882.1	k141_32652	82094	74.320	1507	235	980
NC_037882.1	k141_32652	82094	84.427	777	101	834
NC_037882.1	k141_32652	82094	85.366	697	92	802
NC_037882.1	k141_32652	82094	73.672	1261	167	774
NC_037882.1	k141_32652	82094	74.191	1205	164	742
NC_037882.1	k141_32652	82094	76.025	976	137	712
NC_037882.1	k141_32652	82094	74.975	1019	156	661
NC_037882.1	k141_32652	82094	75.585	897	125	612
NC_037882.1	k141_32652	82094	71.692	1194	217	577
NC_037882.1	k141_32652	82094	77.266	695	90	554
NC_037882.1	k141_32652	82094	71.297	979	155	469
NC_037882.1	k141_32652	82094	74.680	703	93	466
NC_037882.1	k141_32652	82094	89.310	290	31	384
NC_037882.1	k141_32652	82094	83.838	297	48	320
NC_037882.1	k141_32652	82094	83.838	297	48	320
NC_037882.1	k141_32652	82094	90.086	232	23	315
NC_037882.1	k141_32652	82094	78.284	373	65	309
NC_037882.1	k141_32652	82094	74.735	471	56	303
NC_037882.1	k141_32652	82094	74.292	459	68	297
NC_037882.1	k141_32652	82094	75.161	310	53	212
NC_037882.1	k141_32652	82094	78.462	260	26	204
NC_037882.1	k141_32652	82094	83.784	185	18	201
NC_037882.1	k141_32652	82094	85.882	170	24	199
NC_037882.1	k141_32652	82094	88.235	136	11	174
NC_037882.1	k141_32652	82094	89.147	129	8	167
NC_037882.1	k141_32652	82094	69.949	396	72	153
NC_037882.1	k141_32652	82094	89.091	110	7	145
NC_037882.1	k141_32652	82094	87.500	112	7	141
NC_037882.1	k141_32652	82094	89.796	98	9	129
NC_037882.1	k141_32652	82094	80.952	126	24	120
NC_037882.1	k141_32652	82094	82.075	106	19	106
NC_037882.1	k141_32652	82094	76.984	126	29	97.8
NC_037882.1	k141_32652	82094	83.333	90	13	93.3
NC_037882.1	k141_32652	82094	80.519	77	12	70.7
NC_037882.1	k141_32652	82094	88.679	53	6	69.8
NC_037882.1	k141_32652	82094	95.238	42	2	68.0
NC_037882.1	k141_32652	82094	77.465	71	10	49.1
NC_037882.1	k141_36731	26326	93.655	9031	290	13675
NC_037882.1	k141_36731	26326	93.655	9031	290	13675
NC_037882.1	k141_36731	26326	91.334	5954	379	8427
NC_037882.1	k141_36731	26326	91.334	5954	379	8427
NC_037882.1	k141_36731	26326	91.988	4880	185	7098
NC_037882.1	k141_36731	26326	91.988	4880	185	7098
NC_037882.1	k141_36731	26326	92.457	2161	128	3177
NC_037882.1	k141_36731	26326	92.457	2161	128	3177
NC_037882.1	k141_36731	26326	87.777	1988	158	2499
NC_037882.1	k141_36731	26326	87.758	1985	158	2494
NC_037882.1	k141_36731	26326	93.640	456	25	687
NC_037882.1	k141_36731	26326	93.640	456	25	687
NC_037882.1	k141_36731	26326	84.397	423	16	466
NC_037882.1	k141_36731	26326	84.397	423	16	466
NC_037882.1	k141_36731	26326	100.000	79	0	143
NC_037882.1	k141_36731	26326	100.000	49	0	89.7
NC_037882.1	k141_36731	26326	100.000	49	0	89.7
NC_037882.1	k141_36731	26326	97.561	41	1	70.7
NC_037882.1	k141_36731	26326	88.235	51	6	66.2
NC_037882.1	k141_36731	26326	88.235	51	6	66.2
NC_037882.1	k141_36731	26326	94.872	39	2	62.6
NC_037882.1	k141_36731	26326	89.474	38	4	51.8
NC_037882.1	k141_36731	26326	86.842	38	5	47.3
NC_037882.1	k141_36743	17538	81.253	4422	648	4198
NC_037882.1	k141_36743	17538	80.550	2437	407	2238
NC_037882.1	k141_36743	17538	83.545	2048	285	2154
NC_037882.1	k141_36743	17538	80.071	1129	172	1007
NC_037882.1	k141_36743	17538	78.304	1203	201	994
NC_037882.1	k141_36743	17538	66.791	2945	708	871
NC_037882.1	k141_36743	17538	73.027	849	206	480
NC_037882.1	k141_36743	17538	74.330	522	111	327
NC_037882.1	k141_36743	17538	89.781	137	14	185
NC_037882.1	k141_36743	17538	89.552	134	14	179
NC_037882.1	k141_36475	460	89.417	463	41	613
NC_037882.1	k141_7642	1103	73.374	492	102	292
NC_037882.1	k141_4043	915	77.936	281	60	221
NC_037882.1	k141_4043	915	77.936	281	60	221
NC_037882.1	k141_4043	915	82.412	199	35	202
NC_037882.1	k141_4043	915	82.412	199	35	202
NC_037882.1	k141_18107	492	76.404	267	46	196
NC_037882.1	k141_18107	492	76.404	267	46	196
NC_037882.1	k141_56386	347	76.613	248	54	186
NC_037882.1	k141_48030	356	86.331	139	19	166
NC_037882.1	k141_44753	496	88.889	126	12	162
NC_037882.1	k141_14762	449	75.455	220	47	147
NC_037882.1	k141_53548	374	87.850	107	13	135
NC_037882.1	k141_53548	374	87.850	107	13	135
NC_037882.1	k141_57162	496	85.470	117	16	132
NC_037882.1	k141_8160	423	93.590	78	5	119
NC_037882.1	k141_56466	449	75.484	155	36	102
NC_037882.1	k141_56466	449	75.484	155	36	102
NC_037882.1	k141_365	358	90.000	70	7	96.0
NC_037882.1	k141_20490	448	85.714	84	11	95.1
NC_037882.1	k141_20490	448	85.714	84	11	95.1
NC_037882.1	k141_51851	696	98.148	54	1	94.2
NC_037882.1	k141_51851	696	98.148	54	1	94.2
NC_037882.1	k141_23642	407	74.468	141	36	93.3
NC_037882.1	k141_45021	1706	85.057	87	7	91.5
NC_037882.1	k141_45021	1706	85.057	87	7	91.5
NC_037882.1	k141_21926	384	94.737	57	3	90.6
NC_037882.1	k141_21926	384	94.737	57	3	90.6
NC_037882.1	k141_26761	920	89.394	66	7	88.7
NC_037882.1	k141_12263	311	85.507	69	9	77.0
NC_037882.1	k141_12263	311	85.507	69	9	77.0
NC_037882.1	k141_23810	733	81.481	81	13	77.0
NC_037882.1	k141_7310	1259	89.286	56	6	75.2
NC_037882.1	k141_21277	511	86.667	60	8	73.4
NC_037882.1	k141_21277	511	86.667	60	8	73.4
NC_037882.1	k141_54694	312	89.796	49	5	67.1
NC_037882.1	k141_54694	312	89.796	49	5	67.1
NC_037882.1	k141_36832	643	76.623	77	18	59.0
NC_037882.1	k141_30048	4766	78.947	57	12	50.0
NC_037882.1	k141_30048	4766	78.947	57	12	50.0
NC_037882.1	k141_31442	564	85.000	40	6	46.4
NC_037882.1	k141_31442	564	85.000	40	6	46.4
NC_056190.1	k141_36731	26326	94.504	8243	309	12751
NC_056190.1	k141_36731	26326	94.504	8243	309	12751
NC_056190.1	k141_36731	26326	90.538	5813	398	8051
NC_056190.1	k141_36731	26326	90.538	5813	398	8051
NC_056190.1	k141_36731	26326	89.412	6035	326	8024
NC_056190.1	k141_36731	26326	89.412	6035	326	8024
NC_056190.1	k141_36731	26326	91.331	3299	218	4668
NC_056190.1	k141_36731	26326	91.331	3299	218	4668
NC_056190.1	k141_36731	26326	87.829	1520	116	1925
NC_056190.1	k141_36731	26326	87.829	1520	116	1925
NC_056190.1	k141_36731	26326	84.131	397	33	433
NC_056190.1	k141_36731	26326	84.131	397	33	433
NC_056190.1	k141_36731	26326	98.765	81	1	142
NC_056190.1	k141_36731	26326	75.439	171	34	118
NC_056190.1	k141_36731	26326	75.439	171	34	118
NC_056190.1	k141_36731	26326	97.619	42	1	72.5
NC_056190.1	k141_36731	26326	92.308	39	3	58.1
NC_056190.1	k141_36731	26326	84.783	46	7	52.7
NC_056190.1	k141_32652	82094	82.414	12675	1828	12697
NC_056190.1	k141_32652	82094	88.932	5439	541	7065
NC_056190.1	k141_32652	82094	77.308	6769	1090	5198
NC_056190.1	k141_32652	82094	79.055	4273	607	3607
NC_056190.1	k141_32652	82094	89.280	2696	249	3542
NC_056190.1	k141_32652	82094	81.157	3577	463	3360
NC_056190.1	k141_32652	82094	80.790	3290	478	3016
NC_056190.1	k141_32652	82094	74.088	4114	757	2554
NC_056190.1	k141_32652	82094	84.492	1928	206	2132
NC_056190.1	k141_32652	82094	81.854	2006	309	1932
NC_056190.1	k141_32652	82094	74.300	3109	517	1881
NC_056190.1	k141_32652	82094	79.420	2104	259	1829
NC_056190.1	k141_32652	82094	79.669	1692	293	1484
NC_056190.1	k141_32652	82094	85.535	1037	121	1162
NC_056190.1	k141_32652	82094	78.491	1060	155	892
NC_056190.1	k141_32652	82094	72.371	1531	287	869
NC_056190.1	k141_32652	82094	77.599	1116	184	847
NC_056190.1	k141_32652	82094	81.738	679	114	671
NC_056190.1	k141_32652	82094	75.782	991	174	653
NC_056190.1	k141_32652	82094	75.186	943	133	647
NC_056190.1	k141_32652	82094	70.475	1243	192	601
NC_056190.1	k141_32652	82094	85.577	416	55	476
NC_056190.1	k141_32652	82094	76.983	643	95	473
NC_056190.1	k141_32652	82094	76.176	638	92	453
NC_056190.1	k141_32652	82094	87.762	286	35	359
NC_056190.1	k141_32652	82094	73.355	623	99	346
NC_056190.1	k141_32652	82094	80.435	368	52	326
NC_056190.1	k141_32652	82094	81.818	297	51	291
NC_056190.1	k141_32652	82094	79.672	305	62	271
NC_056190.1	k141_32652	82094	75.740	338	48	240
NC_056190.1	k141_32652	82094	77.097	310	48	215
NC_056190.1	k141_32652	82094	84.737	190	27	210
NC_056190.1	k141_32652	82094	83.333	174	17	186
NC_056190.1	k141_32652	82094	79.524	210	30	179
NC_056190.1	k141_32652	82094	94.444	90	4	137
NC_056190.1	k141_32652	82094	96.386	83	3	137
NC_056190.1	k141_32652	82094	90.816	98	8	133
NC_056190.1	k141_32652	82094	96.154	78	3	128
NC_056190.1	k141_32652	82094	95.000	80	4	127
NC_056190.1	k141_32652	82094	76.970	165	38	127
NC_056190.1	k141_32652	82094	66.742	442	125	119
NC_056190.1	k141_32652	82094	85.294	68	9	75.2
NC_056190.1	k141_32652	82094	94.872	39	2	62.6
NC_056190.1	k141_32652	82094	84.314	51	8	57.2
NC_056190.1	k141_32652	82094	86.842	38	5	47.3
NC_056190.1	k141_32652	82094	86.842	38	5	47.3
NC_056190.1	k141_32652	82094	75.000	72	10	43.7
NC_056190.1	k141_32652	82094	74.194	62	16	41.0
NC_056190.1	k141_36743	17538	79.465	2766	465	2372
NC_056190.1	k141_36743	17538	67.848	3866	983	1274
NC_056190.1	k141_36743	17538	79.106	1163	213	976
NC_056190.1	k141_36743	17538	76.450	1138	208	836
NC_056190.1	k141_36743	17538	75.091	1096	185	745
NC_056190.1	k141_36743	17538	81.232	714	109	680
NC_056190.1	k141_36743	17538	78.417	278	37	239
NC_056190.1	k141_36743	17538	66.337	606	153	139
NC_056190.1	k141_36743	17538	66.337	606	153	139
NC_056190.1	k141_36743	17538	77.536	138	29	103
NC_056190.1	k141_36743	17538	75.177	141	27	96.0
NC_056190.1	k141_36743	17538	75.177	141	27	96.0
NC_056190.1	k141_36475	460	87.473	463	50	572
NC_056190.1	k141_7642	1103	72.561	492	106	274
NC_056190.1	k141_4043	915	77.580	281	61	216
NC_056190.1	k141_4043	915	77.580	281	61	216
NC_056190.1	k141_4043	915	82.412	199	35	202
NC_056190.1	k141_4043	915	82.412	199	35	202
NC_056190.1	k141_18107	492	74.532	267	51	173
NC_056190.1	k141_18107	492	74.532	267	51	173
NC_056190.1	k141_56386	347	75.000	244	57	165
NC_056190.1	k141_14762	449	77.404	208	39	153
NC_056190.1	k141_48030	356	86.508	126	17	151
NC_056190.1	k141_44753	496	87.603	121	13	149
NC_056190.1	k141_44753	496	93.750	32	2	50.0
NC_056190.1	k141_53548	374	87.850	107	13	135
NC_056190.1	k141_53548	374	87.850	107	13	135
NC_056190.1	k141_57162	496	76.000	200	39	131
NC_056190.1	k141_57162	496	76.000	200	39	131
NC_056190.1	k141_57162	496	84.298	121	14	129
NC_056190.1	k141_8160	423	96.154	78	3	128
NC_056190.1	k141_56466	449	76.129	155	35	106
NC_056190.1	k141_56466	449	76.129	155	35	106
NC_056190.1	k141_51851	696	96.296	54	2	89.7
NC_056190.1	k141_51851	696	96.296	54	2	89.7
NC_056190.1	k141_26761	920	89.394	66	7	88.7
NC_056190.1	k141_21926	384	94.118	51	3	79.7
NC_056190.1	k141_21926	384	94.118	51	3	79.7
NC_056190.1	k141_7310	1259	91.071	56	5	79.7
NC_056190.1	k141_45021	1706	67.626	139	3	77.9
NC_056190.1	k141_45021	1706	67.626	139	3	77.9
NC_056190.1	k141_36832	643	80.488	82	16	77.0
NC_056190.1	k141_21277	511	86.667	60	8	73.4
NC_056190.1	k141_21277	511	86.667	60	8	73.4
NC_056190.1	k141_365	358	81.690	71	13	70.7
NC_056190.1	k141_23810	733	78.378	74	16	62.6
NC_056190.1	k141_2179	596	79.310	58	12	51.8
NC_056190.1	k141_30048	4766	78.947	57	12	50.0
NC_056190.1	k141_30048	4766	78.947	57	12	50.0
NC_056190.1	k141_31442	564	84.615	39	6	44.6
NC_056190.1	k141_31442	564	84.615	39	6	44.6
MN564931.1	k141_32652	82094	82.859	12613	1792	12887
MN564931.1	k141_32652	82094	86.588	6226	649	7393
MN564931.1	k141_32652	82094	79.214	6644	957	5611
MN564931.1	k141_32652	82094	89.782	2564	246	3440
MN564931.1	k141_32652	82094	79.209	3867	606	3280
MN564931.1	k141_32652	82094	76.606	4048	717	2914
MN564931.1	k141_32652	82094	83.071	2540	350	2629
MN564931.1	k141_32652	82094	85.233	2079	266	2376
MN564931.1	k141_32652	82094	83.942	1943	229	2101
MN564931.1	k141_32652	82094	82.188	1892	284	1869
MN564931.1	k141_32652	82094	81.794	1895	289	1859
MN564931.1	k141_32652	82094	78.497	2288	294	1835
MN564931.1	k141_32652	82094	72.140	3496	602	1808
MN564931.1	k141_32652	82094	77.655	1544	264	1231
MN564931.1	k141_32652	82094	84.280	1056	109	1159
MN564931.1	k141_32652	82094	73.798	1935	355	1152
MN564931.1	k141_32652	82094	74.817	1366	185	872
MN564931.1	k141_32652	82094	76.140	1228	191	842
MN564931.1	k141_32652	82094	81.742	712	103	696
MN564931.1	k141_32652	82094	74.495	1039	156	656
MN564931.1	k141_32652	82094	70.996	1255	205	604
MN564931.1	k141_32652	82094	75.501	849	123	572
MN564931.1	k141_32652	82094	75.084	895	153	560
MN564931.1	k141_32652	82094	74.799	623	95	405
MN564931.1	k141_32652	82094	85.667	300	31	354
MN564931.1	k141_32652	82094	85.714	294	42	342
MN564931.1	k141_32652	82094	77.582	455	78	334
MN564931.1	k141_32652	82094	70.871	666	110	322
MN564931.1	k141_32652	82094	75.472	371	54	248
MN564931.1	k141_32652	82094	82.479	234	38	236
MN564931.1	k141_32652	82094	83.163	196	21	207
MN564931.1	k141_32652	82094	86.145	166	23	196
MN564931.1	k141_32652	82094	79.661	236	36	194
MN564931.1	k141_32652	82094	77.366	243	32	185
MN564931.1	k141_32652	82094	83.230	161	19	168
MN564931.1	k141_32652	82094	91.379	116	3	158
MN564931.1	k141_32652	82094	79.545	176	29	153
MN564931.1	k141_32652	82094	69.697	330	86	140
MN564931.1	k141_32652	82094	85.593	118	17	137
MN564931.1	k141_32652	82094	92.391	92	7	135
MN564931.1	k141_32652	82094	97.403	77	2	131
MN564931.1	k141_32652	82094	93.421	76	4	112
MN564931.1	k141_32652	82094	64.089	582	181	93.3
MN564931.1	k141_32652	82094	70.543	129	38	62.6
MN564931.1	k141_32652	82094	76.923	65	15	50.9
MN564931.1	k141_32652	82094	84.211	38	6	42.8
MN564931.1	k141_32652	82094	84.211	38	6	42.8
MN564931.1	k141_36731	26326	93.781	8362	312	12685
MN564931.1	k141_36731	26326	93.781	8362	312	12685
MN564931.1	k141_36731	26326	88.077	6156	306	7882
MN564931.1	k141_36731	26326	88.077	6156	306	7882
MN564931.1	k141_36731	26326	85.997	3742	341	4443
MN564931.1	k141_36731	26326	85.997	3742	341	4443
MN564931.1	k141_36731	26326	90.930	2150	142	2988
MN564931.1	k141_36731	26326	90.930	2150	142	2988
MN564931.1	k141_36731	26326	81.451	1461	142	1449
MN564931.1	k141_36731	26326	81.451	1461	142	1449
MN564931.1	k141_36731	26326	84.494	1206	118	1372
MN564931.1	k141_36731	26326	84.494	1206	118	1372
MN564931.1	k141_36731	26326	87.021	678	44	835
MN564931.1	k141_36731	26326	87.021	678	44	835
MN564931.1	k141_36731	26326	85.821	670	68	778
MN564931.1	k141_36731	26326	85.821	670	68	778
MN564931.1	k141_36731	26326	84.823	481	58	544
MN564931.1	k141_36731	26326	84.823	481	58	544
MN564931.1	k141_36731	26326	81.711	339	41	338
MN564931.1	k141_36731	26326	81.711	339	41	338
MN564931.1	k141_36731	26326	86.932	176	23	214
MN564931.1	k141_36731	26326	86.932	176	23	214
MN564931.1	k141_36731	26326	98.734	79	1	139
MN564931.1	k141_36731	26326	100.000	41	0	75.2
MN564931.1	k141_36731	26326	97.619	42	1	72.5
MN564931.1	k141_36731	26326	97.619	42	1	72.5
MN564931.1	k141_36731	26326	92.857	42	3	63.5
MN564931.1	k141_36731	26326	82.609	46	8	48.2
MN564931.1	k141_36743	17538	79.804	3268	556	2846
MN564931.1	k141_36743	17538	80.534	2733	423	2489
MN564931.1	k141_36743	17538	77.728	2245	455	1782
MN564931.1	k141_36743	17538	80.253	1423	231	1287
MN564931.1	k141_36743	17538	77.719	1131	189	889
MN564931.1	k141_36743	17538	76.557	546	122	400
MN564931.1	k141_36743	17538	76.557	546	122	400
MN564931.1	k141_36743	17538	67.969	1024	240	340
MN564931.1	k141_36743	17538	67.969	1024	240	340
MN564931.1	k141_36743	17538	71.047	487	93	242
MN564931.1	k141_36743	17538	71.047	487	93	242
MN564931.1	k141_36743	17538	88.571	140	16	181
MN564931.1	k141_36743	17538	88.571	140	16	181
MN564931.1	k141_36743	17538	68.889	405	102	167
MN564931.1	k141_36743	17538	68.889	405	102	167
MN564931.1	k141_36743	17538	93.878	98	6	150
MN564931.1	k141_36475	460	86.825	463	53	559
MN564931.1	k141_7642	1103	72.358	492	107	269
MN564931.1	k141_4043	915	77.936	281	60	221
MN564931.1	k141_4043	915	77.936	281	60	221
MN564931.1	k141_4043	915	81.407	199	37	193
MN564931.1	k141_4043	915	81.407	199	37	193
MN564931.1	k141_48030	356	85.612	139	20	161
MN564931.1	k141_18107	492	75.966	233	44	161
MN564931.1	k141_18107	492	75.966	233	44	161
MN564931.1	k141_44753	496	85.714	126	16	144
MN564931.1	k141_53548	374	86.916	107	14	131
MN564931.1	k141_53548	374	86.916	107	14	131
MN564931.1	k141_8160	423	93.590	78	5	119
MN564931.1	k141_23642	407	77.305	141	32	111
MN564931.1	k141_56466	449	75.484	155	36	102
MN564931.1	k141_56466	449	75.484	155	36	102
MN564931.1	k141_51851	696	98.148	54	1	94.2
MN564931.1	k141_51851	696	98.148	54	1	94.2
MN564931.1	k141_26761	920	87.879	66	8	84.2
MN564931.1	k141_21926	384	92.453	53	4	78.8
MN564931.1	k141_21926	384	92.453	53	4	78.8
MN564931.1	k141_45021	1706	89.286	56	6	75.2
MN564931.1	k141_45021	1706	89.286	56	6	75.2
MN564931.1	k141_21277	511	86.667	60	8	73.4
MN564931.1	k141_21277	511	86.667	60	8	73.4
MN564931.1	k141_36832	643	80.519	77	15	72.5
MN564931.1	k141_12263	311	84.058	69	10	72.5
MN564931.1	k141_12263	311	84.058	69	10	72.5
MN564931.1	k141_2179	596	81.356	59	11	58.1
MN564931.1	k141_30048	4766	78.947	57	12	50.0
MN564931.1	k141_30048	4766	78.947	57	12	50.0
MN564931.1	k141_31442	564	85.000	40	6	46.4
MN564931.1	k141_31442	564	85.000	40	6	46.4
MN564931.1	k141_18690	860	84.211	38	6	42.8
MN564931.1	k141_38813	465	85.714	35	5	41.9
MN564931.1	k141_45621	678	83.784	37	6	41.0
MN564931.1	k141_45621	678	83.784	37	6	41.0
NC_031651.1	k141_36731	26326	92.353	15208	613	22183
NC_031651.1	k141_36731	26326	92.353	15208	613	22183
NC_031651.1	k141_36731	26326	91.976	5633	317	8184
NC_031651.1	k141_36731	26326	91.976	5633	317	8184
NC_031651.1	k141_36731	26326	93.211	3329	179	4983
NC_031651.1	k141_36731	26326	93.723	3266	170	4966
NC_031651.1	k141_36731	26326	85.514	1215	146	1389
NC_031651.1	k141_36731	26326	85.515	573	52	661
NC_031651.1	k141_36731	26326	85.515	573	52	661
NC_031651.1	k141_36731	26326	100.000	55	0	100
NC_031651.1	k141_36731	26326	93.103	58	4	87.8
NC_031651.1	k141_36731	26326	97.619	42	1	72.5
NC_031651.1	k141_36731	26326	88.235	51	6	66.2
NC_031651.1	k141_36731	26326	88.235	51	6	66.2
NC_031651.1	k141_36731	26326	92.308	39	3	58.1
NC_031651.1	k141_36731	26326	92.308	39	3	58.1
NC_031651.1	k141_32652	82094	84.581	12673	1589	13991
NC_031651.1	k141_32652	82094	80.170	9859	1292	8834
NC_031651.1	k141_32652	82094	88.607	5872	552	7495
NC_031651.1	k141_32652	82094	91.920	2500	191	3599
NC_031651.1	k141_32652	82094	76.994	4112	674	3094
NC_031651.1	k141_32652	82094	86.921	2309	261	2791
NC_031651.1	k141_32652	82094	87.637	2095	231	2605
NC_031651.1	k141_32652	82094	84.485	1940	213	2145
NC_031651.1	k141_32652	82094	81.610	2273	281	2136
NC_031651.1	k141_32652	82094	82.573	2060	265	2074
NC_031651.1	k141_32652	82094	76.308	2866	468	2019
NC_031651.1	k141_32652	82094	81.529	2041	324	1975
NC_031651.1	k141_32652	82094	80.818	1564	240	1473
NC_031651.1	k141_32652	82094	77.848	1580	268	1229
NC_031651.1	k141_32652	82094	87.094	1015	106	1223
NC_031651.1	k141_32652	82094	76.184	1562	196	1123
NC_031651.1	k141_32652	82094	75.815	1472	213	1003
NC_031651.1	k141_32652	82094	77.179	1113	154	827
NC_031651.1	k141_32652	82094	78.046	1034	131	825
NC_031651.1	k141_32652	82094	74.338	1247	178	782
NC_031651.1	k141_32652	82094	83.857	700	102	750
NC_031651.1	k141_32652	82094	71.400	1486	251	737
NC_031651.1	k141_32652	82094	83.273	550	74	572
NC_031651.1	k141_32652	82094	79.688	640	84	552
NC_031651.1	k141_32652	82094	78.820	661	110	535
NC_031651.1	k141_32652	82094	79.730	592	78	507
NC_031651.1	k141_32652	82094	75.039	645	89	422
NC_031651.1	k141_32652	82094	87.055	309	29	379
NC_031651.1	k141_32652	82094	86.780	295	39	357
NC_031651.1	k141_32652	82094	77.350	468	87	343
NC_031651.1	k141_32652	82094	90.871	241	22	336
NC_031651.1	k141_32652	82094	83.056	301	51	314
NC_031651.1	k141_32652	82094	85.577	208	18	229
NC_031651.1	k141_32652	82094	81.776	214	32	208
NC_031651.1	k141_32652	82094	78.543	247	29	202
NC_031651.1	k141_32652	82094	83.735	166	22	174
NC_031651.1	k141_32652	82094	91.509	106	9	151
NC_031651.1	k141_32652	82094	88.430	121	12	149
NC_031651.1	k141_32652	82094	81.560	141	24	135
NC_031651.1	k141_32652	82094	76.142	197	22	135
NC_031651.1	k141_32652	82094	96.104	77	3	126
NC_031651.1	k141_32652	82094	67.123	365	114	114
NC_031651.1	k141_32652	82094	76.190	126	30	93.3
NC_031651.1	k141_32652	82094	89.552	67	7	90.6
NC_031651.1	k141_32652	82094	75.862	116	27	80.6
NC_031651.1	k141_32652	82094	77.922	77	17	63.5
NC_031651.1	k141_32652	82094	75.342	73	11	49.1
NC_031651.1	k141_32652	82094	74.648	71	18	48.2
NC_031651.1	k141_32652	82094	86.842	38	5	47.3
NC_031651.1	k141_32652	82094	86.842	38	5	47.3
NC_031651.1	k141_36743	17538	81.418	4402	639	4205
NC_031651.1	k141_36743	17538	80.603	3480	504	3189
NC_031651.1	k141_36743	17538	79.603	2265	439	1987
NC_031651.1	k141_36743	17538	69.540	3851	847	1676
NC_031651.1	k141_36743	17538	81.240	645	105	610
NC_031651.1	k141_36743	17538	84.615	416	58	463
NC_031651.1	k141_36743	17538	73.345	574	125	326
NC_031651.1	k141_36743	17538	91.176	136	12	192
NC_031651.1	k141_36475	460	84.665	463	63	514
NC_031651.1	k141_7642	1103	71.748	492	110	256
NC_031651.1	k141_4043	915	77.936	281	60	221
NC_031651.1	k141_4043	915	77.936	281	60	221
NC_031651.1	k141_4043	915	81.910	199	36	197
NC_031651.1	k141_4043	915	81.910	199	36	197
NC_031651.1	k141_18107	492	75.849	265	47	187
NC_031651.1	k141_18107	492	75.849	265	47	187
NC_031651.1	k141_48030	356	89.209	139	15	184
NC_031651.1	k141_14762	449	76.000	250	49	164
NC_031651.1	k141_44753	496	87.302	126	14	153
NC_031651.1	k141_57162	496	76.382	199	36	144
NC_031651.1	k141_57162	496	76.382	199	36	144
NC_031651.1	k141_57162	496	87.129	101	12	121
NC_031651.1	k141_53548	374	86.916	107	14	131
NC_031651.1	k141_53548	374	86.916	107	14	131
NC_031651.1	k141_8160	423	91.026	78	7	110
NC_031651.1	k141_56466	449	75.484	155	36	102
NC_031651.1	k141_56466	449	75.484	155	36	102
NC_031651.1	k141_51851	696	98.148	54	1	94.2
NC_031651.1	k141_51851	696	98.148	54	1	94.2
NC_031651.1	k141_21926	384	94.737	57	3	90.6
NC_031651.1	k141_21926	384	94.737	57	3	90.6
NC_031651.1	k141_365	358	84.524	84	12	90.6
NC_031651.1	k141_45021	1706	97.826	46	1	79.7
NC_031651.1	k141_45021	1706	97.826	46	1	79.7
NC_031651.1	k141_45021	1706	87.500	56	7	70.7
NC_031651.1	k141_45021	1706	87.500	56	7	70.7
NC_031651.1	k141_12263	311	85.507	69	9	77.0
NC_031651.1	k141_12263	311	85.507	69	9	77.0
NC_031651.1	k141_23810	733	82.432	74	13	76.1
NC_031651.1	k141_21277	511	86.667	60	8	73.4
NC_031651.1	k141_21277	511	86.667	60	8	73.4
NC_031651.1	k141_36832	643	77.528	89	20	71.6
NC_031651.1	k141_2179	596	84.483	58	9	65.3
NC_031651.1	k141_31442	564	86.047	43	6	51.8
NC_031651.1	k141_31442	564	86.047	43	6	51.8
NC_031651.1	k141_30048	4766	78.947	57	12	50.0
NC_031651.1	k141_30048	4766	78.947	57	12	50.0
MW366789.1	k141_32652	82094	83.165	8429	1198	8742
MW366789.1	k141_32652	82094	90.834	5324	422	7362
MW366789.1	k141_32652	82094	90.834	5324	422	7362
MW366789.1	k141_32652	82094	81.612	5857	747	5581
MW366789.1	k141_32652	82094	82.221	5321	678	5276
MW366789.1	k141_32652	82094	83.053	3977	454	4044
MW366789.1	k141_32652	82094	77.662	4396	731	3434
MW366789.1	k141_32652	82094	77.960	4138	687	3270
MW366789.1	k141_32652	82094	78.585	3264	544	2695
MW366789.1	k141_32652	82094	83.567	1923	285	2027
MW366789.1	k141_32652	82094	82.475	2020	291	2023
MW366789.1	k141_32652	82094	78.567	1731	245	1424
MW366789.1	k141_32652	82094	78.031	1625	259	1329
MW366789.1	k141_32652	82094	87.753	1037	104	1287
MW366789.1	k141_32652	82094	75.174	1148	223	783
MW366789.1	k141_32652	82094	82.840	676	107	682
MW366789.1	k141_32652	82094	75.268	841	127	576
MW366789.1	k141_32652	82094	73.226	930	139	546
MW366789.1	k141_32652	82094	84.141	454	67	481
MW366789.1	k141_32652	82094	76.328	659	132	471
MW366789.1	k141_32652	82094	74.556	676	120	428
MW366789.1	k141_32652	82094	75.671	596	106	421
MW366789.1	k141_32652	82094	76.298	578	98	416
MW366789.1	k141_32652	82094	74.919	618	86	398
MW366789.1	k141_32652	82094	79.458	443	57	370
MW366789.1	k141_32652	82094	79.616	417	46	369
MW366789.1	k141_32652	82094	79.616	417	46	369
MW366789.1	k141_32652	82094	76.375	491	114	356
MW366789.1	k141_32652	82094	81.600	375	51	342
MW366789.1	k141_32652	82094	83.601	311	42	331
MW366789.1	k141_32652	82094	78.307	378	61	318
MW366789.1	k141_32652	82094	78.307	378	61	309
MW366789.1	k141_32652	82094	86.486	259	31	305
MW366789.1	k141_32652	82094	83.755	277	31	301
MW366789.1	k141_32652	82094	77.247	356	79	270
MW366789.1	k141_32652	82094	77.391	345	56	255
MW366789.1	k141_32652	82094	72.912	443	78	242
MW366789.1	k141_32652	82094	82.727	220	24	225
MW366789.1	k141_32652	82094	77.860	271	60	219
MW366789.1	k141_32652	82094	77.860	271	60	219
MW366789.1	k141_32652	82094	68.144	609	171	209
MW366789.1	k141_32652	82094	68.144	609	171	209
MW366789.1	k141_32652	82094	83.770	191	25	206
MW366789.1	k141_32652	82094	70.543	387	66	205
MW366789.1	k141_32652	82094	85.795	176	18	198
MW366789.1	k141_32652	82094	83.422	187	20	190
MW366789.1	k141_32652	82094	84.066	182	14	189
MW366789.1	k141_32652	82094	76.471	255	38	187
MW366789.1	k141_32652	82094	93.636	110	7	168
MW366789.1	k141_32652	82094	74.627	268	46	166
MW366789.1	k141_32652	82094	81.366	161	23	144
MW366789.1	k141_32652	82094	79.290	169	34	144
MW366789.1	k141_32652	82094	82.192	146	18	141
MW366789.1	k141_32652	82094	88.073	109	13	139
MW366789.1	k141_32652	82094	80.769	156	22	136
MW366789.1	k141_32652	82094	82.946	129	19	128
MW366789.1	k141_32652	82094	82.946	129	19	128
MW366789.1	k141_32652	82094	79.085	153	24	122
MW366789.1	k141_32652	82094	85.437	103	15	119
MW366789.1	k141_32652	82094	80.159	126	25	115
MW366789.1	k141_32652	82094	80.159	126	25	115
MW366789.1	k141_32652	82094	86.869	99	11	113
MW366789.1	k141_32652	82094	74.359	156	40	102
MW366789.1	k141_32652	82094	74.359	156	40	102
MW366789.1	k141_32652	82094	90.411	73	7	101
MW366789.1	k141_32652	82094	89.024	82	7	101
MW366789.1	k141_32652	82094	76.744	129	30	98.7
MW366789.1	k141_32652	82094	76.744	129	30	98.7
MW366789.1	k141_32652	82094	83.784	74	12	80.6
MW366789.1	k141_32652	82094	83.784	74	12	80.6
MW366789.1	k141_32652	82094	65.982	341	64	72.5
MW366789.1	k141_32652	82094	97.436	39	1	67.1
MW366789.1	k141_32652	82094	97.436	39	1	67.1
MW366789.1	k141_32652	82094	68.217	129	41	49.1
MW366789.1	k141_32652	82094	68.217	129	41	49.1
MW366789.1	k141_32652	82094	81.818	44	8	44.6
MW366789.1	k141_32652	82094	81.818	44	8	44.6
MW366789.1	k141_32652	82094	77.358	53	12	42.8
MW366789.1	k141_32652	82094	77.358	53	12	42.8
MW366789.1	k141_32652	82094	84.211	38	6	42.8
MW366789.1	k141_32652	82094	84.211	38	6	42.8
MW366789.1	k141_36731	26326	91.851	5240	292	7462
MW366789.1	k141_36731	26326	91.851	5240	292	7462
MW366789.1	k141_36731	26326	89.022	4673	333	6133
MW366789.1	k141_36731	26326	89.022	4673	333	6133
MW366789.1	k141_36731	26326	89.739	2027	136	2716
MW366789.1	k141_36731	26326	89.739	2027	136	2716
MW366789.1	k141_36731	26326	92.452	1762	85	2568
MW366789.1	k141_36731	26326	92.452	1762	85	2568
MW366789.1	k141_36731	26326	84.691	614	53	676
MW366789.1	k141_36731	26326	84.691	614	53	676
MW366789.1	k141_36731	26326	85.088	456	27	526
MW366789.1	k141_36731	26326	85.088	456	27	526
MW366789.1	k141_36731	26326	85.088	456	27	526
MW366789.1	k141_36731	26326	83.436	326	30	349
MW366789.1	k141_36731	26326	83.436	326	30	349
MW366789.1	k141_36731	26326	79.032	310	41	261
MW366789.1	k141_36731	26326	91.429	175	15	249
MW366789.1	k141_36731	26326	91.429	175	15	249
MW366789.1	k141_36731	26326	97.080	137	4	230
MW366789.1	k141_36731	26326	97.080	137	4	230
MW366789.1	k141_36731	26326	92.361	144	11	211
MW366789.1	k141_36731	26326	92.361	144	11	211
MW366789.1	k141_36731	26326	86.364	176	22	203
MW366789.1	k141_36731	26326	86.364	176	22	203
MW366789.1	k141_36731	26326	84.706	170	13	193
MW366789.1	k141_36731	26326	84.706	170	13	193
MW366789.1	k141_36731	26326	86.179	123	9	144
MW366789.1	k141_36731	26326	85.366	123	10	141
MW366789.1	k141_36731	26326	93.103	87	6	131
MW366789.1	k141_36731	26326	93.103	87	6	131
MW366789.1	k141_36731	26326	85.897	78	6	92.4
MW366789.1	k141_36731	26326	85.897	78	6	92.4
MW366789.1	k141_36731	26326	93.750	48	3	74.3
MW366789.1	k141_36731	26326	93.750	48	3	74.3
MW366789.1	k141_36731	26326	93.750	48	3	74.3
MW366789.1	k141_36731	26326	94.737	38	2	60.8
MW366789.1	k141_36731	26326	92.308	39	3	58.1
MW366789.1	k141_36731	26326	81.481	54	9	50.0
MW366789.1	k141_36731	26326	81.481	54	9	50.0
MW366789.1	k141_36731	26326	81.481	54	9	50.0
MW366789.1	k141_36731	26326	81.481	54	9	50.0
MW366789.1	k141_36731	26326	81.481	54	9	50.0
MW366789.1	k141_36731	26326	79.630	54	10	45.5
MW366789.1	k141_36731	26326	79.630	54	10	45.5
MW366789.1	k141_36743	17538	85.834	4419	491	5112
MW366789.1	k141_36743	17538	85.834	4419	491	5112
MW366789.1	k141_36743	17538	78.524	2710	494	2195
MW366789.1	k141_36743	17538	81.309	2215	393	2116
MW366789.1	k141_36743	17538	77.949	1170	201	954
MW366789.1	k141_36743	17538	87.013	616	73	748
MW366789.1	k141_36743	17538	87.013	616	73	748
MW366789.1	k141_36475	460	85.097	463	61	523
MW366789.1	k141_7642	1103	73.410	519	106	298
MW366789.1	k141_7642	1103	73.410	519	106	298
MW366789.1	k141_56386	347	77.778	252	47	197
MW366789.1	k141_4043	915	81.407	199	37	193
MW366789.1	k141_4043	915	81.407	199	37	193
MW366789.1	k141_18107	492	75.290	259	47	177
MW366789.1	k141_18107	492	75.290	259	47	177
MW366789.1	k141_57162	496	77.000	200	36	145
MW366789.1	k141_57162	496	77.000	200	36	145
MW366789.1	k141_57162	496	82.692	104	12	95.1
MW366789.1	k141_57162	496	77.358	106	19	84.2
MW366789.1	k141_57162	496	77.358	106	19	84.2
MW366789.1	k141_48030	356	78.862	123	26	105
MW366789.1	k141_56466	449	75.484	155	36	102
MW366789.1	k141_56466	449	75.484	155	36	102
MW366789.1	k141_20490	448	87.654	81	9	98.7
MW366789.1	k141_20490	448	87.654	81	9	98.7
MW366789.1	k141_23642	407	77.311	119	26	90.6
MW366789.1	k141_26761	920	90.625	64	6	89.7
MW366789.1	k141_53548	374	75.424	118	18	88.7
MW366789.1	k141_53548	374	75.424	118	18	88.7
MW366789.1	k141_51851	696	94.444	54	3	85.1
MW366789.1	k141_51851	696	94.444	54	3	85.1
MW366789.1	k141_8160	423	84.000	75	12	82.4
MW366789.1	k141_21277	511	90.000	60	6	82.4
MW366789.1	k141_21277	511	90.000	60	6	82.4
MW366789.1	k141_21277	511	88.333	60	7	77.9
MW366789.1	k141_21277	511	88.333	60	7	77.9
MW366789.1	k141_365	358	76.316	114	26	81.5
MW366789.1	k141_36832	643	77.660	94	21	76.1
MW366789.1	k141_30048	4766	82.812	64	11	67.1
MW366789.1	k141_30048	4766	82.812	64	11	67.1
MW366789.1	k141_30048	4766	78.947	57	12	50.0
MW366789.1	k141_30048	4766	78.947	57	12	50.0
KT899950.1	k141_36731	26326	93.887	21300	638	32623
KT899950.1	k141_36731	26326	93.887	21300	638	32623
KT899950.1	k141_36731	26326	95.819	3301	97	5337
KT899950.1	k141_36731	26326	95.819	3301	97	5337
KT899950.1	k141_36731	26326	90.498	1989	108	2773
KT899950.1	k141_36731	26326	92.553	1759	86	2600
KT899950.1	k141_36731	26326	91.071	112	9	154
KT899950.1	k141_36731	26326	83.871	62	9	64.4
KT899950.1	k141_36731	26326	83.871	62	9	64.4
KT899950.1	k141_36731	26326	94.872	39	2	62.6
KT899950.1	k141_36731	26326	86.842	38	5	47.3
KT899950.1	k141_32652	82094	88.075	12755	1184	16129
KT899950.1	k141_32652	82094	83.897	11538	1227	12333
KT899950.1	k141_32652	82094	89.115	8305	644	10753
KT899950.1	k141_32652	82094	89.819	3094	204	4170
KT899950.1	k141_32652	82094	84.693	3678	352	4101
KT899950.1	k141_32652	82094	85.136	3505	348	3921
KT899950.1	k141_32652	82094	81.815	2755	293	2691
KT899950.1	k141_32652	82094	84.824	2392	277	2625
KT899950.1	k141_32652	82094	86.383	2159	195	2568
KT899950.1	k141_32652	82094	89.256	1936	146	2547
KT899950.1	k141_32652	82094	77.579	2569	368	1990
KT899950.1	k141_32652	82094	87.783	1588	133	1977
KT899950.1	k141_32652	82094	78.760	2048	265	1755
KT899950.1	k141_32652	82094	87.323	1270	117	1582
KT899950.1	k141_32652	82094	81.945	1573	154	1557
KT899950.1	k141_32652	82094	80.829	1617	162	1499
KT899950.1	k141_32652	82094	83.279	1232	160	1277
KT899950.1	k141_32652	82094	75.322	1706	199	1172
KT899950.1	k141_32652	82094	77.067	1500	191	1131
KT899950.1	k141_32652	82094	77.308	1040	159	774
KT899950.1	k141_32652	82094	79.420	724	74	621
KT899950.1	k141_32652	82094	80.088	683	82	618
KT899950.1	k141_32652	82094	73.136	1046	197	597
KT899950.1	k141_32652	82094	74.470	897	102	583
KT899950.1	k141_32652	82094	82.127	442	54	424
KT899950.1	k141_32652	82094	89.597	298	31	398
KT899950.1	k141_32652	82094	85.251	339	44	379
KT899950.1	k141_32652	82094	85.993	307	34	360
KT899950.1	k141_32652	82094	68.812	901	148	330
KT899950.1	k141_32652	82094	73.904	502	58	327
KT899950.1	k141_32652	82094	83.264	239	37	250
KT899950.1	k141_32652	82094	77.644	331	50	245
KT899950.1	k141_32652	82094	83.085	201	23	202
KT899950.1	k141_32652	82094	77.404	208	33	159
KT899950.1	k141_32652	82094	67.849	451	85	142
KT899950.1	k141_32652	82094	72.152	237	38	124
KT899950.1	k141_32652	82094	80.992	121	23	115
KT899950.1	k141_32652	82094	75.000	156	39	106
KT899950.1	k141_32652	82094	94.872	39	2	62.6
KT899950.1	k141_32652	82094	70.000	120	16	59.9
KT899950.1	k141_32652	82094	86.047	43	6	51.8
KT899950.1	k141_32652	82094	75.000	68	17	47.3
KT899950.1	k141_32652	82094	84.211	38	6	42.8
KT899950.1	k141_32652	82094	84.211	38	6	42.8
KT899950.1	k141_32652	82094	74.194	62	16	41.0
KT899950.1	k141_36743	17538	83.404	4236	520	4401
KT899950.1	k141_36743	17538	86.241	2769	312	3249
KT899950.1	k141_36743	17538	75.512	3957	739	2768
KT899950.1	k141_36743	17538	85.240	2317	303	2641
KT899950.1	k141_36743	17538	87.135	1438	155	1742
KT899950.1	k141_36743	17538	85.590	687	80	774
KT899950.1	k141_36743	17538	79.293	594	99	521
KT899950.1	k141_36743	17538	80.968	310	44	285
KT899950.1	k141_36743	17538	91.971	137	11	198
KT899950.1	k141_36475	460	86.266	466	55	547
KT899950.1	k141_7642	1103	74.131	518	104	322
KT899950.1	k141_4043	915	77.936	281	60	221
KT899950.1	k141_4043	915	77.936	281	60	221
KT899950.1	k141_4043	915	81.910	199	36	197
KT899950.1	k141_4043	915	81.910	199	36	197
KT899950.1	k141_56386	347	79.032	248	48	213
KT899950.1	k141_48030	356	89.928	139	14	188
KT899950.1	k141_18107	492	74.286	280	52	186
KT899950.1	k141_18107	492	74.286	280	52	186
KT899950.1	k141_415	1143	78.319	226	47	180
KT899950.1	k141_57162	496	77.833	203	33	161
KT899950.1	k141_57162	496	77.833	203	33	161
KT899950.1	k141_44753	496	88.095	126	13	158
KT899950.1	k141_53548	374	87.850	107	13	135
KT899950.1	k141_53548	374	87.850	107	13	135
KT899950.1	k141_14762	449	73.636	220	51	129
KT899950.1	k141_8160	423	96.104	77	3	126
KT899950.1	k141_23642	407	80.000	140	26	120
KT899950.1	k141_365	358	82.031	128	17	115
KT899950.1	k141_365	358	85.484	62	9	72.5
KT899950.1	k141_54559	475	80.180	111	22	102
KT899950.1	k141_56466	449	75.484	155	36	102
KT899950.1	k141_56466	449	75.484	155	36	102
KT899950.1	k141_20490	448	87.654	81	9	98.7
KT899950.1	k141_20490	448	87.654	81	9	98.7
KT899950.1	k141_51851	696	100.000	54	0	98.7
KT899950.1	k141_51851	696	100.000	54	0	98.7
KT899950.1	k141_26761	920	92.424	66	5	97.8
KT899950.1	k141_45021	1706	85.057	87	7	91.5
KT899950.1	k141_45021	1706	85.057	87	7	91.5
KT899950.1	k141_45021	1706	95.833	48	2	78.8
KT899950.1	k141_45021	1706	95.833	48	2	78.8
KT899950.1	k141_7310	1259	92.857	56	4	84.2
KT899950.1	k141_23573	728	86.567	67	9	81.5
KT899950.1	k141_21926	384	91.228	57	5	81.5
KT899950.1	k141_21926	384	91.228	57	5	81.5
KT899950.1	k141_23810	733	81.395	86	15	80.6
KT899950.1	k141_21277	511	86.667	60	8	73.4
KT899950.1	k141_21277	511	86.667	60	8	73.4
KT899950.1	k141_36832	643	77.528	89	20	71.6
KT899950.1	k141_30048	4766	82.812	64	11	67.1
KT899950.1	k141_30048	4766	82.812	64	11	67.1
KT899950.1	k141_30048	4766	78.947	57	12	50.0
KT899950.1	k141_30048	4766	78.947	57	12	50.0
KT899950.1	k141_2179	596	85.455	55	8	64.4
KT899950.1	k141_54260	451	87.755	49	6	62.6
KT899950.1	k141_31442	564	86.047	43	6	51.8
KT899950.1	k141_31442	564	86.047	43	6	51.8
KT899950.1	k141_20454	542	83.784	37	6	41.0
GU191334.1	k141_36731	26326	88.895	3719	300	4821
GU191334.1	k141_36731	26326	88.895	3719	300	4821
GU191334.1	k141_36731	26326	82.544	3821	405	3819
GU191334.1	k141_36731	26326	82.544	3821	405	3819
GU191334.1	k141_36731	26326	76.276	666	151	478
GU191334.1	k141_36731	26326	72.710	524	143	301
GU191334.1	k141_36731	26326	74.887	442	111	297
GU191334.1	k141_36731	26326	71.815	518	139	274
GU191334.1	k141_36731	26326	77.994	309	68	251
GU191334.1	k141_36731	26326	96.104	77	3	126
GU191334.1	k141_36731	26326	96.104	77	3	126
GU191334.1	k141_36731	26326	91.667	84	7	121
GU191334.1	k141_36731	26326	81.579	114	19	109
GU191334.1	k141_36731	26326	89.333	75	8	100
GU191334.1	k141_36731	26326	89.333	75	8	100
GU191334.1	k141_36731	26326	88.158	76	9	97.8
GU191334.1	k141_36731	26326	84.906	53	8	60.8
GU191334.1	k141_32652	82094	81.458	4541	837	4376
GU191334.1	k141_32652	82094	81.438	2699	458	2590
GU191334.1	k141_32652	82094	83.564	1442	237	1533
GU191334.1	k141_32652	82094	69.756	3604	1031	1513
GU191334.1	k141_32652	82094	79.379	1707	343	1482
GU191334.1	k141_32652	82094	83.053	1428	206	1445
GU191334.1	k141_32652	82094	74.928	2082	449	1414
GU191334.1	k141_32652	82094	79.683	1575	309	1390
GU191334.1	k141_32652	82094	82.514	692	120	700
GU191334.1	k141_32652	82094	71.517	1299	331	652
GU191334.1	k141_32652	82094	76.464	871	201	633
GU191334.1	k141_32652	82094	69.872	1404	406	614
GU191334.1	k141_32652	82094	74.810	921	196	608
GU191334.1	k141_32652	82094	77.808	739	147	564
GU191334.1	k141_32652	82094	82.079	558	94	544
GU191334.1	k141_32652	82094	73.783	801	167	501
GU191334.1	k141_32652	82094	68.798	1314	347	493
GU191334.1	k141_32652	82094	75.000	628	105	396
GU191334.1	k141_32652	82094	72.817	710	182	394
GU191334.1	k141_32652	82094	78.436	473	95	382
GU191334.1	k141_32652	82094	72.650	702	178	378
GU191334.1	k141_32652	82094	66.859	1038	306	320
GU191334.1	k141_32652	82094	75.973	437	101	310
GU191334.1	k141_32652	82094	83.658	257	42	275
GU191334.1	k141_32652	82094	76.294	367	87	270
GU191334.1	k141_32652	82094	78.146	302	66	248
GU191334.1	k141_32652	82094	67.964	668	210	226
GU191334.1	k141_32652	82094	77.778	279	60	217
GU191334.1	k141_32652	82094	71.106	443	104	213
GU191334.1	k141_32652	82094	65.490	1020	292	195
GU191334.1	k141_32652	82094	70.000	420	126	190
GU191334.1	k141_32652	82094	79.167	216	42	181
GU191334.1	k141_32652	82094	80.769	182	35	171
GU191334.1	k141_32652	82094	77.064	218	50	168
GU191334.1	k141_32652	82094	78.109	201	44	165
GU191334.1	k141_32652	82094	71.341	328	58	156
GU191334.1	k141_32652	82094	70.419	382	76	150
GU191334.1	k141_32652	82094	68.182	440	95	150
GU191334.1	k141_32652	82094	66.519	451	107	141
GU191334.1	k141_32652	82094	69.737	304	65	141
GU191334.1	k141_32652	82094	98.630	73	1	128
GU191334.1	k141_32652	82094	96.154	78	3	128
GU191334.1	k141_32652	82094	92.045	88	6	124
GU191334.1	k141_32652	82094	88.542	96	11	124
GU191334.1	k141_32652	82094	80.769	130	25	123
GU191334.1	k141_32652	82094	93.750	80	5	123
GU191334.1	k141_32652	82094	67.172	396	128	122
GU191334.1	k141_32652	82094	97.183	71	2	120
GU191334.1	k141_32652	82094	89.655	87	9	117
GU191334.1	k141_32652	82094	93.421	76	5	115
GU191334.1	k141_32652	82094	93.243	74	5	112
GU191334.1	k141_32652	82094	78.358	134	29	112
GU191334.1	k141_32652	82094	90.123	81	8	111
GU191334.1	k141_32652	82094	77.778	126	28	102
GU191334.1	k141_32652	82094	64.821	560	171	101
GU191334.1	k141_32652	82094	70.504	278	47	101
GU191334.1	k141_32652	82094	79.817	109	22	98.7
GU191334.1	k141_32652	82094	87.838	74	9	94.2
GU191334.1	k141_32652	82094	74.233	163	32	92.4
GU191334.1	k141_32652	82094	75.806	124	29	86.0
GU191334.1	k141_32652	82094	79.268	82	17	72.5
GU191334.1	k141_32652	82094	85.000	60	6	67.1
GU191334.1	k141_32652	82094	76.744	86	20	66.2
GU191334.1	k141_32652	82094	95.000	40	1	60.8
GU191334.1	k141_32652	82094	92.308	39	3	58.1
GU191334.1	k141_32652	82094	77.419	62	14	50.0
GU191334.1	k141_32652	82094	77.586	58	13	47.3
GU191334.1	k141_36743	17538	76.749	1772	390	1314
GU191334.1	k141_36743	17538	70.763	1847	481	860
GU191334.1	k141_36743	17538	70.918	1678	411	756
GU191334.1	k141_36743	17538	75.000	1112	268	735
GU191334.1	k141_36743	17538	68.532	804	227	275
GU191334.1	k141_36743	17538	77.869	244	54	197
GU191334.1	k141_36743	17538	90.000	90	9	123
GU191334.1	k141_36475	460	72.961	466	118	271
GU191334.1	k141_4043	915	77.580	281	61	216
GU191334.1	k141_4043	915	77.580	281	61	216
GU191334.1	k141_4043	915	81.407	199	37	193
GU191334.1	k141_4043	915	81.407	199	37	193
GU191334.1	k141_53548	374	84.000	100	16	109
GU191334.1	k141_53548	374	84.000	100	16	109
GU191334.1	k141_56466	449	75.484	155	36	102
GU191334.1	k141_56466	449	75.484	155	36	102
GU191334.1	k141_18107	492	79.612	103	21	92.4
GU191334.1	k141_18107	492	79.612	103	21	92.4
GU191334.1	k141_51402	366	81.928	83	15	83.3
GU191334.1	k141_21277	511	88.333	60	7	77.9
GU191334.1	k141_21277	511	88.333	60	7	77.9
GU191334.1	k141_36832	643	72.519	131	36	75.2
GU191334.1	k141_30048	4766	82.812	64	11	67.1
GU191334.1	k141_30048	4766	82.812	64	11	67.1
GU191334.1	k141_14762	449	75.269	93	22	61.7
GU191334.1	k141_51851	696	79.630	54	11	49.1
