MZ962720.1	k141_38748	121898	78.438	8399	1540	6898
MZ962720.1	k141_38748	121898	90.212	4853	304	6549
MZ962720.1	k141_38748	121898	90.212	4853	304	6549
MZ962720.1	k141_38748	121898	86.625	5271	620	6310
MZ962720.1	k141_38748	121898	79.165	5630	825	4665
MZ962720.1	k141_38748	121898	85.202	3014	257	3447
MZ962720.1	k141_38748	121898	85.202	3014	257	3447
MZ962720.1	k141_38748	121898	90.795	2477	228	3440
MZ962720.1	k141_38748	121898	85.726	2396	232	2726
MZ962720.1	k141_38748	121898	85.726	2396	232	2726
MZ962720.1	k141_38748	121898	81.949	2299	370	2271
MZ962720.1	k141_38748	121898	81.949	2299	370	2271
MZ962720.1	k141_38748	121898	75.631	3287	582	2226
MZ962720.1	k141_38748	121898	86.066	1830	255	2151
MZ962720.1	k141_38748	121898	82.995	1776	205	1848
MZ962720.1	k141_38748	121898	82.995	1776	205	1848
MZ962720.1	k141_38748	121898	87.211	1470	186	1797
MZ962720.1	k141_38748	121898	76.658	2202	473	1619
MZ962720.1	k141_38748	121898	78.155	2005	390	1618
MZ962720.1	k141_38748	121898	79.763	1774	283	1587
MZ962720.1	k141_38748	121898	89.450	1128	109	1494
MZ962720.1	k141_38748	121898	77.610	1916	375	1489
MZ962720.1	k141_38748	121898	83.014	1201	183	1239
MZ962720.1	k141_38748	121898	83.014	1201	183	1239
MZ962720.1	k141_38748	121898	71.628	2224	345	1154
MZ962720.1	k141_38748	121898	84.221	976	117	1055
MZ962720.1	k141_38748	121898	85.057	783	114	884
MZ962720.1	k141_38748	121898	79.095	995	182	836
MZ962720.1	k141_38748	121898	77.569	1012	204	792
MZ962720.1	k141_38748	121898	69.705	1964	494	775
MZ962720.1	k141_38748	121898	82.838	606	101	618
MZ962720.1	k141_38748	121898	82.838	606	101	618
MZ962720.1	k141_38748	121898	73.388	977	221	581
MZ962720.1	k141_38748	121898	75.580	819	162	556
MZ962720.1	k141_38748	121898	88.010	417	30	536
MZ962720.1	k141_38748	121898	88.010	417	30	536
MZ962720.1	k141_38748	121898	69.390	1114	268	462
MZ962720.1	k141_38748	121898	70.450	1066	173	455
MZ962720.1	k141_38748	121898	77.837	564	123	447
MZ962720.1	k141_38748	121898	77.837	564	123	447
MZ962720.1	k141_38748	121898	77.264	519	55	421
MZ962720.1	k141_38748	121898	75.130	575	105	382
MZ962720.1	k141_38748	121898	75.130	575	105	382
MZ962720.1	k141_38748	121898	93.952	248	9	381
MZ962720.1	k141_38748	121898	78.571	448	72	370
MZ962720.1	k141_38748	121898	92.339	248	13	363
MZ962720.1	k141_38748	121898	92.339	248	13	363
MZ962720.1	k141_38748	121898	73.095	643	135	352
MZ962720.1	k141_38748	121898	70.056	718	120	322
MZ962720.1	k141_38748	121898	81.191	319	60	306
MZ962720.1	k141_38748	121898	86.939	245	27	294
MZ962720.1	k141_38748	121898	76.350	389	79	281
MZ962720.1	k141_38748	121898	66.588	850	151	274
MZ962720.1	k141_38748	121898	73.913	414	99	260
MZ962720.1	k141_38748	121898	78.302	318	60	253
MZ962720.1	k141_38748	121898	72.944	377	63	238
MZ962720.1	k141_38748	121898	65.301	1245	299	233
MZ962720.1	k141_38748	121898	81.707	246	40	228
MZ962720.1	k141_38748	121898	81.304	230	36	219
MZ962720.1	k141_38748	121898	71.750	400	75	211
MZ962720.1	k141_38748	121898	78.277	267	30	210
MZ962720.1	k141_38748	121898	83.938	193	30	205
MZ962720.1	k141_38748	121898	83.938	193	30	205
MZ962720.1	k141_38748	121898	72.753	356	91	202
MZ962720.1	k141_38748	121898	83.590	195	30	201
MZ962720.1	k141_38748	121898	83.590	195	30	201
MZ962720.1	k141_38748	121898	69.084	524	110	199
MZ962720.1	k141_38748	121898	69.084	524	110	199
MZ962720.1	k141_38748	121898	80.288	208	32	195
MZ962720.1	k141_38748	121898	80.288	208	32	195
MZ962720.1	k141_38748	121898	84.153	183	22	193
MZ962720.1	k141_38748	121898	78.603	229	29	193
MZ962720.1	k141_38748	121898	78.603	229	29	193
MZ962720.1	k141_38748	121898	76.157	281	57	192
MZ962720.1	k141_38748	121898	84.211	171	22	187
MZ962720.1	k141_38748	121898	81.967	183	32	178
MZ962720.1	k141_38748	121898	86.667	150	15	177
MZ962720.1	k141_38748	121898	80.000	200	31	176
MZ962720.1	k141_38748	121898	80.000	200	31	176
MZ962720.1	k141_38748	121898	67.742	589	166	174
MZ962720.1	k141_38748	121898	79.710	207	37	171
MZ962720.1	k141_38748	121898	82.209	163	29	164
MZ962720.1	k141_38748	121898	82.036	167	28	164
MZ962720.1	k141_38748	121898	71.533	274	27	162
MZ962720.1	k141_38748	121898	91.892	111	8	157
MZ962720.1	k141_38748	121898	91.892	111	8	157
MZ962720.1	k141_38748	121898	81.707	164	25	157
MZ962720.1	k141_38748	121898	86.260	131	11	153
MZ962720.1	k141_38748	121898	88.136	118	14	150
MZ962720.1	k141_38748	121898	88.136	118	14	150
MZ962720.1	k141_38748	121898	97.753	89	1	149
MZ962720.1	k141_38748	121898	80.247	162	32	149
MZ962720.1	k141_38748	121898	80.337	178	23	148
MZ962720.1	k141_38748	121898	77.368	190	35	143
MZ962720.1	k141_38748	121898	77.368	190	35	143
MZ962720.1	k141_38748	121898	75.829	211	41	142
MZ962720.1	k141_38748	121898	75.829	211	41	142
MZ962720.1	k141_38748	121898	94.444	90	5	141
MZ962720.1	k141_38748	121898	92.233	103	4	141
MZ962720.1	k141_38748	121898	70.847	295	36	141
MZ962720.1	k141_38748	121898	96.471	85	3	141
MZ962720.1	k141_38748	121898	96.471	85	3	141
MZ962720.1	k141_38748	121898	86.066	122	12	135
MZ962720.1	k141_38748	121898	86.066	122	12	135
MZ962720.1	k141_38748	121898	95.181	83	3	129
MZ962720.1	k141_38748	121898	71.379	290	71	129
MZ962720.1	k141_38748	121898	95.122	82	3	127
MZ962720.1	k141_38748	121898	88.235	102	11	127
MZ962720.1	k141_38748	121898	81.955	133	20	123
MZ962720.1	k141_38748	121898	91.765	85	7	123
MZ962720.1	k141_38748	121898	84.746	118	14	123
MZ962720.1	k141_38748	121898	90.217	92	6	120
MZ962720.1	k141_38748	121898	74.317	183	45	112
MZ962720.1	k141_38748	121898	65.928	361	48	111
MZ962720.1	k141_38748	121898	65.928	361	48	111
MZ962720.1	k141_38748	121898	88.235	85	10	109
MZ962720.1	k141_38748	121898	76.667	150	30	104
MZ962720.1	k141_38748	121898	76.515	132	25	100
MZ962720.1	k141_38748	121898	80.952	105	16	99.6
MZ962720.1	k141_38748	121898	88.000	75	9	96.0
MZ962720.1	k141_38748	121898	90.909	66	6	93.3
MZ962720.1	k141_38748	121898	89.041	73	7	93.3
MZ962720.1	k141_38748	121898	77.586	116	26	93.3
MZ962720.1	k141_38748	121898	77.586	116	26	93.3
MZ962720.1	k141_38748	121898	93.333	60	4	91.5
MZ962720.1	k141_38748	121898	93.333	60	4	91.5
MZ962720.1	k141_38748	121898	93.333	60	4	91.5
MZ962720.1	k141_38748	121898	84.615	78	12	87.8
MZ962720.1	k141_38748	121898	79.787	94	19	85.1
MZ962720.1	k141_38748	121898	78.889	90	19	77.9
MZ962720.1	k141_38748	121898	78.889	90	19	77.9
MZ962720.1	k141_38748	121898	78.889	90	19	77.9
MZ962720.1	k141_38748	121898	97.619	42	1	72.5
MZ962720.1	k141_38748	121898	97.619	42	1	72.5
MZ962720.1	k141_38748	121898	71.111	135	39	68.9
MZ962720.1	k141_38748	121898	87.037	54	7	67.1
MZ962720.1	k141_38748	121898	96.970	33	1	56.3
MZ962720.1	k141_38748	121898	96.970	33	1	56.3
MZ962720.1	k141_38748	121898	90.000	40	4	55.4
MZ962720.1	k141_38748	121898	90.000	40	4	55.4
MZ962720.1	k141_38748	121898	71.845	103	19	47.3
MZ962720.1	k141_38748	121898	71.845	103	19	47.3
MZ962720.1	k141_38748	121898	74.242	66	17	43.7
MZ962720.1	k141_38748	121898	78.000	50	11	41.9
MZ962720.1	k141_38748	121898	78.000	50	11	41.9
MZ962720.1	k141_17117	956	76.829	328	70	237
MZ962720.1	k141_17117	956	76.829	328	70	237
MZ962720.1	k141_17117	956	88.525	61	7	79.7
MZ962720.1	k141_17117	956	88.525	61	7	79.7
MZ962720.1	k141_17117	956	88.525	61	7	79.7
MZ962720.1	k141_19915	1269	75.000	332	57	208
MZ962720.1	k141_19915	1269	75.000	332	57	208
MZ962720.1	k141_25295	2154	78.010	191	38	155
MZ962720.1	k141_25295	2154	78.010	191	38	155
MZ962720.1	k141_6993	332	73.307	251	63	146
MZ962720.1	k141_6993	332	73.307	251	63	146
MZ962720.1	k141_10611	1408	97.500	80	2	136
MZ962720.1	k141_10611	1408	97.500	80	2	136
MZ962720.1	k141_23758	528	96.341	82	3	135
MZ962720.1	k141_23758	528	96.341	82	3	135
MZ962720.1	k141_10682	751	93.151	73	5	110
MZ962720.1	k141_10682	751	77.273	66	15	52.7
MZ962720.1	k141_28671	421	94.118	68	4	105
MZ962720.1	k141_28671	421	94.118	68	4	105
MZ962720.1	k141_6989	622	100.000	58	0	105
MZ962720.1	k141_29147	318	83.117	77	13	81.5
MZ962720.1	k141_6568	11455	76.522	115	24	80.6
MZ962720.1	k141_6568	11455	76.522	115	24	80.6
MZ962720.1	k141_6568	11455	82.812	64	11	67.1
MZ962720.1	k141_6568	11455	82.812	64	11	67.1
MZ962720.1	k141_20421	330	71.975	157	42	78.8
MZ962720.1	k141_18167	1221	94.000	50	3	77.9
MZ962720.1	k141_27136	365	78.652	89	15	70.7
MZ962720.1	k141_27136	365	78.652	89	15	70.7
MZ962720.1	k141_29672	620	71.756	131	37	70.7
MZ962720.1	k141_806	851	82.609	46	8	48.2
MZ962720.1	k141_806	851	82.609	46	8	48.2
MZ962720.1	k141_29507	681	79.592	49	10	44.6
MH569081.1	k141_38748	121898	88.825	5423	379	6974
MH569081.1	k141_38748	121898	88.825	5423	379	6974
MH569081.1	k141_38748	121898	85.311	5494	657	6293
MH569081.1	k141_38748	121898	76.938	7380	1195	5521
MH569081.1	k141_38748	121898	83.880	3840	365	4139
MH569081.1	k141_38748	121898	83.880	3840	365	4139
MH569081.1	k141_38748	121898	81.608	3855	630	3724
MH569081.1	k141_38748	121898	89.541	2486	260	3312
MH569081.1	k141_38748	121898	79.523	3355	594	2943
MH569081.1	k141_38748	121898	88.848	2188	146	2804
MH569081.1	k141_38748	121898	88.848	2188	146	2804
MH569081.1	k141_38748	121898	78.764	3042	497	2506
MH569081.1	k141_38748	121898	85.449	1993	214	2266
MH569081.1	k141_38748	121898	85.449	1993	214	2266
MH569081.1	k141_38748	121898	79.840	2247	376	1994
MH569081.1	k141_38748	121898	80.028	2128	385	1904
MH569081.1	k141_38748	121898	79.730	1998	347	1776
MH569081.1	k141_38748	121898	86.514	1483	200	1773
MH569081.1	k141_38748	121898	80.717	1758	263	1639
MH569081.1	k141_38748	121898	76.465	2235	457	1618
MH569081.1	k141_38748	121898	90.000	1200	107	1618
MH569081.1	k141_38748	121898	77.743	1914	372	1499
MH569081.1	k141_38748	121898	74.769	2053	312	1319
MH569081.1	k141_38748	121898	72.649	2212	504	1250
MH569081.1	k141_38748	121898	81.650	1188	189	1159
MH569081.1	k141_38748	121898	85.788	964	119	1106
MH569081.1	k141_38748	121898	82.918	843	128	855
MH569081.1	k141_38748	121898	78.514	996	184	814
MH569081.1	k141_38748	121898	75.823	1063	206	765
MH569081.1	k141_38748	121898	79.569	881	159	761
MH569081.1	k141_38748	121898	79.569	881	159	761
MH569081.1	k141_38748	121898	73.759	1189	237	743
MH569081.1	k141_38748	121898	80.379	739	142	669
MH569081.1	k141_38748	121898	69.866	1636	334	669
MH569081.1	k141_38748	121898	69.772	1535	430	649
MH569081.1	k141_38748	121898	73.235	1020	170	612
MH569081.1	k141_38748	121898	88.489	417	32	542
MH569081.1	k141_38748	121898	88.489	417	32	542
MH569081.1	k141_38748	121898	79.473	531	66	461
MH569081.1	k141_38748	121898	79.473	531	66	461
MH569081.1	k141_38748	121898	76.384	542	91	385
MH569081.1	k141_38748	121898	72.792	702	154	362
MH569081.1	k141_38748	121898	83.082	331	45	351
MH569081.1	k141_38748	121898	66.213	1323	303	343
MH569081.1	k141_38748	121898	77.129	411	88	315
MH569081.1	k141_38748	121898	75.065	385	40	299
MH569081.1	k141_38748	121898	75.065	385	40	299
MH569081.1	k141_38748	121898	81.150	313	32	297
MH569081.1	k141_38748	121898	79.331	329	41	280
MH569081.1	k141_38748	121898	66.747	833	136	255
MH569081.1	k141_38748	121898	81.641	256	27	237
MH569081.1	k141_38748	121898	68.595	605	119	232
MH569081.1	k141_38748	121898	82.684	231	36	232
MH569081.1	k141_38748	121898	81.513	238	37	220
MH569081.1	k141_38748	121898	81.116	233	42	215
MH569081.1	k141_38748	121898	80.258	233	46	214
MH569081.1	k141_38748	121898	73.298	382	76	213
MH569081.1	k141_38748	121898	71.150	461	66	212
MH569081.1	k141_38748	121898	71.150	461	66	212
MH569081.1	k141_38748	121898	83.420	193	25	202
MH569081.1	k141_38748	121898	83.420	193	25	202
MH569081.1	k141_38748	121898	85.542	166	24	192
MH569081.1	k141_38748	121898	75.269	279	60	187
MH569081.1	k141_38748	121898	75.269	279	60	187
MH569081.1	k141_38748	121898	71.350	363	104	187
MH569081.1	k141_38748	121898	83.616	177	23	186
MH569081.1	k141_38748	121898	84.667	150	23	168
MH569081.1	k141_38748	121898	92.035	113	8	160
MH569081.1	k141_38748	121898	84.615	156	15	159
MH569081.1	k141_38748	121898	82.895	152	20	159
MH569081.1	k141_38748	121898	66.893	589	171	156
MH569081.1	k141_38748	121898	85.926	135	13	150
MH569081.1	k141_38748	121898	80.588	170	25	148
MH569081.1	k141_38748	121898	84.722	144	13	147
MH569081.1	k141_38748	121898	84.722	144	13	147
MH569081.1	k141_38748	121898	84.211	133	12	145
MH569081.1	k141_38748	121898	78.261	184	33	145
MH569081.1	k141_38748	121898	78.261	184	33	145
MH569081.1	k141_38748	121898	80.769	156	29	143
MH569081.1	k141_38748	121898	92.784	97	6	141
MH569081.1	k141_38748	121898	77.660	188	33	136
MH569081.1	k141_38748	121898	82.946	129	16	135
MH569081.1	k141_38748	121898	75.635	197	34	134
MH569081.1	k141_38748	121898	75.635	197	34	134
MH569081.1	k141_38748	121898	66.203	503	157	131
MH569081.1	k141_38748	121898	80.576	139	23	129
MH569081.1	k141_38748	121898	97.333	75	2	127
MH569081.1	k141_38748	121898	96.104	77	3	126
MH569081.1	k141_38748	121898	79.085	153	30	125
MH569081.1	k141_38748	121898	79.085	153	30	125
MH569081.1	k141_38748	121898	83.193	119	18	123
MH569081.1	k141_38748	121898	83.193	119	18	123
MH569081.1	k141_38748	121898	81.452	124	23	121
MH569081.1	k141_38748	121898	92.683	82	5	118
MH569081.1	k141_38748	121898	89.873	79	8	107
MH569081.1	k141_38748	121898	90.278	72	7	99.6
MH569081.1	k141_38748	121898	79.464	112	15	93.3
MH569081.1	k141_38748	121898	79.464	112	15	93.3
MH569081.1	k141_38748	121898	87.879	66	8	84.2
MH569081.1	k141_38748	121898	100.000	42	0	77.0
MH569081.1	k141_38748	121898	100.000	42	0	77.0
MH569081.1	k141_38748	121898	78.652	89	15	75.2
MH569081.1	k141_38748	121898	93.333	45	3	68.9
MH569081.1	k141_38748	121898	93.333	45	3	68.9
MH569081.1	k141_38748	121898	90.385	52	4	68.9
MH569081.1	k141_38748	121898	90.385	52	4	68.9
MH569081.1	k141_38748	121898	72.951	122	28	68.0
MH569081.1	k141_38748	121898	82.090	67	12	68.0
MH569081.1	k141_38748	121898	95.122	41	2	66.2
MH569081.1	k141_38748	121898	95.122	41	2	66.2
MH569081.1	k141_38748	121898	87.755	49	6	62.6
MH569081.1	k141_38748	121898	92.308	39	3	58.1
MH569081.1	k141_38748	121898	68.790	157	47	56.3
MH569081.1	k141_38748	121898	77.143	70	16	55.4
MH569081.1	k141_38748	121898	89.474	38	4	51.8
MH569081.1	k141_38748	121898	79.545	44	9	40.1
MH569081.1	k141_17117	956	76.308	325	75	237
MH569081.1	k141_17117	956	76.308	325	75	237
MH569081.1	k141_17117	956	90.164	61	6	84.2
MH569081.1	k141_17117	956	90.164	61	6	84.2
MH569081.1	k141_19915	1269	75.305	328	62	208
MH569081.1	k141_19915	1269	75.305	328	62	208
MH569081.1	k141_19915	1269	75.000	208	50	134
MH569081.1	k141_19915	1269	75.000	208	50	134
MH569081.1	k141_5318	784	75.294	255	61	169
MH569081.1	k141_5318	784	75.294	255	61	169
MH569081.1	k141_6993	332	74.104	251	61	155
MH569081.1	k141_6993	332	74.104	251	61	155
MH569081.1	k141_25295	2154	76.720	189	40	142
MH569081.1	k141_25295	2154	76.720	189	40	142
MH569081.1	k141_23758	528	97.561	82	2	140
MH569081.1	k141_23758	528	97.561	82	2	140
MH569081.1	k141_10611	1408	95.238	84	4	134
MH569081.1	k141_10611	1408	95.238	84	4	134
MH569081.1	k141_10682	751	94.595	74	4	116
MH569081.1	k141_10682	751	80.000	70	14	64.4
MH569081.1	k141_28671	421	95.588	68	3	110
MH569081.1	k141_28671	421	95.588	68	3	110
MH569081.1	k141_6989	622	93.333	75	2	107
MH569081.1	k141_6568	11455	77.391	115	23	85.1
MH569081.1	k141_6568	11455	77.391	115	23	85.1
MH569081.1	k141_6568	11455	82.812	64	11	67.1
MH569081.1	k141_6568	11455	82.812	64	11	67.1
MH569081.1	k141_18167	1221	94.000	50	3	77.9
MH569081.1	k141_27136	365	72.143	140	35	72.5
MH569081.1	k141_27136	365	72.143	140	35	72.5
MH569081.1	k141_29672	620	71.756	131	37	70.7
MH569081.1	k141_20421	330	71.429	147	40	69.8
MH569081.1	k141_806	851	80.488	41	8	39.2
NC_033978.1	k141_38748	121898	84.971	8151	986	9176
NC_033978.1	k141_38748	121898	88.337	6036	486	7733
NC_033978.1	k141_38748	121898	92.718	5246	216	7695
NC_033978.1	k141_38748	121898	92.718	5246	216	7695
NC_033978.1	k141_38748	121898	86.477	5450	479	6631
NC_033978.1	k141_38748	121898	86.477	5450	479	6631
NC_033978.1	k141_38748	121898	83.761	5376	581	5766
NC_033978.1	k141_38748	121898	85.638	5027	493	5729
NC_033978.1	k141_38748	121898	87.477	4368	392	5407
NC_033978.1	k141_38748	121898	86.648	4239	309	5095
NC_033978.1	k141_38748	121898	86.648	4239	309	5095
NC_033978.1	k141_38748	121898	81.598	5032	627	4895
NC_033978.1	k141_38748	121898	82.352	4737	550	4762
NC_033978.1	k141_38748	121898	89.062	3200	258	4164
NC_033978.1	k141_38748	121898	81.221	4159	582	3975
NC_033978.1	k141_38748	121898	91.477	2323	140	3255
NC_033978.1	k141_38748	121898	91.477	2323	140	3255
NC_033978.1	k141_38748	121898	86.550	2394	235	2855
NC_033978.1	k141_38748	121898	90.105	2092	135	2828
NC_033978.1	k141_38748	121898	90.299	2072	129	2819
NC_033978.1	k141_38748	121898	89.275	2014	196	2659
NC_033978.1	k141_38748	121898	83.733	2416	340	2571
NC_033978.1	k141_38748	121898	86.569	2055	245	2432
NC_033978.1	k141_38748	121898	82.759	2204	201	2239
NC_033978.1	k141_38748	121898	85.768	1848	219	2129
NC_033978.1	k141_38748	121898	70.780	3347	704	1608
NC_033978.1	k141_38748	121898	83.920	1393	145	1489
NC_033978.1	k141_38748	121898	83.628	1356	210	1447
NC_033978.1	k141_38748	121898	76.878	1717	273	1270
NC_033978.1	k141_38748	121898	85.265	1018	121	1150
NC_033978.1	k141_38748	121898	89.082	806	76	1046
NC_033978.1	k141_38748	121898	78.261	1219	152	1012
NC_033978.1	k141_38748	121898	73.284	1632	236	1010
NC_033978.1	k141_38748	121898	73.284	1632	236	1010
NC_033978.1	k141_38748	121898	74.455	1421	154	985
NC_033978.1	k141_38748	121898	74.455	1421	154	985
NC_033978.1	k141_38748	121898	73.743	1512	261	889
NC_033978.1	k141_38748	121898	78.000	1100	109	883
NC_033978.1	k141_38748	121898	75.813	1199	178	812
NC_033978.1	k141_38748	121898	88.050	636	70	801
NC_033978.1	k141_38748	121898	88.050	636	70	801
NC_033978.1	k141_38748	121898	73.302	1075	159	653
NC_033978.1	k141_38748	121898	72.547	1060	143	585
NC_033978.1	k141_38748	121898	74.007	881	143	540
NC_033978.1	k141_38748	121898	82.472	542	56	535
NC_033978.1	k141_38748	121898	82.472	542	56	535
NC_033978.1	k141_38748	121898	78.067	652	105	526
NC_033978.1	k141_38748	121898	74.251	835	120	483
NC_033978.1	k141_38748	121898	76.529	605	97	443
NC_033978.1	k141_38748	121898	88.252	349	31	436
NC_033978.1	k141_38748	121898	73.209	698	100	414
NC_033978.1	k141_38748	121898	79.372	446	54	384
NC_033978.1	k141_38748	121898	87.500	304	38	378
NC_033978.1	k141_38748	121898	76.268	493	91	341
NC_033978.1	k141_38748	121898	68.057	767	149	321
NC_033978.1	k141_38748	121898	71.358	611	88	311
NC_033978.1	k141_38748	121898	71.358	604	96	298
NC_033978.1	k141_38748	121898	81.188	303	26	291
NC_033978.1	k141_38748	121898	81.188	303	26	291
NC_033978.1	k141_38748	121898	96.178	157	6	257
NC_033978.1	k141_38748	121898	87.560	209	17	246
NC_033978.1	k141_38748	121898	88.021	192	17	231
NC_033978.1	k141_38748	121898	89.881	168	17	227
NC_033978.1	k141_38748	121898	69.019	581	111	218
NC_033978.1	k141_38748	121898	74.160	387	72	214
NC_033978.1	k141_38748	121898	72.441	381	66	214
NC_033978.1	k141_38748	121898	85.027	187	23	212
NC_033978.1	k141_38748	121898	81.643	207	22	199
NC_033978.1	k141_38748	121898	77.083	240	42	188
NC_033978.1	k141_38748	121898	67.572	589	167	178
NC_033978.1	k141_38748	121898	82.530	166	25	168
NC_033978.1	k141_38748	121898	81.006	179	32	163
NC_033978.1	k141_38748	121898	82.424	165	12	160
NC_033978.1	k141_38748	121898	89.381	113	12	150
NC_033978.1	k141_38748	121898	69.231	403	112	148
NC_033978.1	k141_38748	121898	92.233	103	1	148
NC_033978.1	k141_38748	121898	98.734	79	1	139
NC_033978.1	k141_38748	121898	92.473	93	7	137
NC_033978.1	k141_38748	121898	75.610	164	32	110
NC_033978.1	k141_38748	121898	90.625	64	6	89.7
NC_033978.1	k141_38748	121898	97.959	49	1	85.1
NC_033978.1	k141_38748	121898	91.228	57	5	81.5
NC_033978.1	k141_38748	121898	91.228	57	5	81.5
NC_033978.1	k141_38748	121898	70.779	154	18	77.9
NC_033978.1	k141_38748	121898	100.000	41	0	75.2
NC_033978.1	k141_38748	121898	100.000	41	0	75.2
NC_033978.1	k141_38748	121898	84.615	65	10	73.4
NC_033978.1	k141_38748	121898	93.617	47	3	72.5
NC_033978.1	k141_38748	121898	100.000	39	0	71.6
NC_033978.1	k141_38748	121898	68.047	169	36	69.8
NC_033978.1	k141_38748	121898	95.238	42	2	68.0
NC_033978.1	k141_38748	121898	95.238	42	2	68.0
NC_033978.1	k141_38748	121898	89.796	49	5	67.1
NC_033978.1	k141_38748	121898	95.000	40	2	64.4
NC_033978.1	k141_38748	121898	95.000	40	2	64.4
NC_033978.1	k141_38748	121898	95.000	40	2	64.4
NC_033978.1	k141_38748	121898	92.857	42	3	63.5
NC_033978.1	k141_38748	121898	86.842	38	5	47.3
NC_033978.1	k141_38748	121898	77.193	57	13	45.5
NC_033978.1	k141_38748	121898	72.727	66	18	39.2
NC_033978.1	k141_17117	956	76.074	326	74	227
NC_033978.1	k141_17117	956	76.074	326	74	227
NC_033978.1	k141_17117	956	86.885	61	8	75.2
NC_033978.1	k141_17117	956	86.885	61	8	75.2
NC_033978.1	k141_5318	784	77.224	281	62	212
NC_033978.1	k141_5318	784	77.224	281	62	212
NC_033978.1	k141_19915	1269	75.000	328	62	205
NC_033978.1	k141_19915	1269	75.000	328	62	205
NC_033978.1	k141_6993	332	74.409	254	59	162
NC_033978.1	k141_6993	332	74.409	254	59	162
NC_033978.1	k141_25295	2154	77.778	189	38	151
NC_033978.1	k141_25295	2154	77.778	189	38	151
NC_033978.1	k141_10611	1408	98.795	83	1	146
NC_033978.1	k141_10611	1408	98.795	83	1	146
NC_033978.1	k141_23758	528	97.561	82	2	140
NC_033978.1	k141_6989	622	88.571	105	7	127
NC_033978.1	k141_29154	893	72.609	230	44	122
NC_033978.1	k141_10682	751	94.667	75	4	118
NC_033978.1	k141_10682	751	77.049	61	14	48.2
NC_033978.1	k141_28671	421	95.652	69	3	112
NC_033978.1	k141_20421	330	73.964	169	42	100
NC_033978.1	k141_6568	11455	77.391	115	23	85.1
NC_033978.1	k141_6568	11455	77.391	115	23	85.1
NC_033978.1	k141_18167	1221	96.000	50	2	82.4
NC_033978.1	k141_5752	347	85.075	67	9	73.4
NC_033978.1	k141_29672	620	73.109	119	32	71.6
NC_033978.1	k141_32975	2189	87.037	54	7	67.1
NC_033978.1	k141_27136	365	77.174	92	17	67.1
NC_033978.1	k141_27136	365	77.174	92	17	67.1
NC_033978.1	k141_806	851	78.723	47	10	41.0
NC_033978.1	k141_33734	466	80.952	42	8	41.0
MW006668.1	k141_38748	121898	81.157	9319	1409	8815
MW006668.1	k141_38748	121898	90.971	5272	267	7321
MW006668.1	k141_38748	121898	90.971	5272	267	7321
MW006668.1	k141_38748	121898	86.619	5814	551	7025
MW006668.1	k141_38748	121898	83.418	4330	534	4567
MW006668.1	k141_38748	121898	84.697	3849	377	4293
MW006668.1	k141_38748	121898	84.834	3699	373	4118
MW006668.1	k141_38748	121898	86.336	3403	425	4023
MW006668.1	k141_38748	121898	79.840	4132	646	3681
MW006668.1	k141_38748	121898	79.840	4132	646	3681
MW006668.1	k141_38748	121898	79.581	4011	506	3499
MW006668.1	k141_38748	121898	89.469	2336	164	3066
MW006668.1	k141_38748	121898	89.469	2336	164	3066
MW006668.1	k141_38748	121898	78.066	3506	549	2793
MW006668.1	k141_38748	121898	83.521	2306	319	2429
MW006668.1	k141_38748	121898	83.521	2306	319	2429
MW006668.1	k141_38748	121898	87.983	1839	185	2299
MW006668.1	k141_38748	121898	83.548	1939	284	2037
MW006668.1	k141_38748	121898	84.028	1847	229	2003
MW006668.1	k141_38748	121898	79.215	2141	267	1854
MW006668.1	k141_38748	121898	78.411	2265	446	1843
MW006668.1	k141_38748	121898	78.535	2157	318	1781
MW006668.1	k141_38748	121898	78.535	2157	318	1781
MW006668.1	k141_38748	121898	74.898	2689	519	1758
MW006668.1	k141_38748	121898	81.474	1479	201	1408
MW006668.1	k141_38748	121898	79.070	1548	264	1323
MW006668.1	k141_38748	121898	92.702	877	58	1290
MW006668.1	k141_38748	121898	92.702	877	58	1290
MW006668.1	k141_38748	121898	71.546	1824	309	982
MW006668.1	k141_38748	121898	80.019	1066	148	976
MW006668.1	k141_38748	121898	87.336	608	75	747
MW006668.1	k141_38748	121898	87.336	608	75	747
MW006668.1	k141_38748	121898	83.453	695	82	747
MW006668.1	k141_38748	121898	76.243	1006	157	703
MW006668.1	k141_38748	121898	78.795	830	121	700
MW006668.1	k141_38748	121898	77.720	772	117	613
MW006668.1	k141_38748	121898	88.964	444	48	577
MW006668.1	k141_38748	121898	88.810	420	31	552
MW006668.1	k141_38748	121898	70.181	1214	228	530
MW006668.1	k141_38748	121898	77.160	648	92	499
MW006668.1	k141_38748	121898	73.057	772	126	480
MW006668.1	k141_38748	121898	88.187	364	29	458
MW006668.1	k141_38748	121898	70.893	1041	207	454
MW006668.1	k141_38748	121898	75.076	662	132	444
MW006668.1	k141_38748	121898	79.559	499	88	431
MW006668.1	k141_38748	121898	85.411	377	31	427
MW006668.1	k141_38748	121898	85.411	377	31	427
MW006668.1	k141_38748	121898	86.136	339	40	393
MW006668.1	k141_38748	121898	68.677	1028	187	371
MW006668.1	k141_38748	121898	72.438	566	79	343
MW006668.1	k141_38748	121898	69.854	753	142	340
MW006668.1	k141_38748	121898	73.535	529	93	334
MW006668.1	k141_38748	121898	73.535	529	93	334
MW006668.1	k141_38748	121898	83.882	304	37	321
MW006668.1	k141_38748	121898	83.882	304	37	321
MW006668.1	k141_38748	121898	85.766	274	39	319
MW006668.1	k141_38748	121898	65.448	1149	189	313
MW006668.1	k141_38748	121898	77.157	394	56	300
MW006668.1	k141_38748	121898	77.157	394	56	300
MW006668.1	k141_38748	121898	72.600	500	66	299
MW006668.1	k141_38748	121898	73.187	455	60	291
MW006668.1	k141_38748	121898	73.187	455	60	291
MW006668.1	k141_38748	121898	78.834	326	55	277
MW006668.1	k141_38748	121898	83.534	249	38	263
MW006668.1	k141_38748	121898	72.062	451	62	245
MW006668.1	k141_38748	121898	85.294	204	25	220
MW006668.1	k141_38748	121898	69.478	498	63	213
MW006668.1	k141_38748	121898	82.381	210	29	211
MW006668.1	k141_38748	121898	86.047	172	19	203
MW006668.1	k141_38748	121898	86.585	164	16	198
MW006668.1	k141_38748	121898	81.564	179	13	179
MW006668.1	k141_38748	121898	73.101	316	55	174
MW006668.1	k141_38748	121898	73.101	316	55	174
MW006668.1	k141_38748	121898	74.007	277	46	172
MW006668.1	k141_38748	121898	83.333	162	27	171
MW006668.1	k141_38748	121898	76.211	227	52	164
MW006668.1	k141_38748	121898	68.910	431	118	161
MW006668.1	k141_38748	121898	67.848	395	61	155
MW006668.1	k141_38748	121898	78.155	206	37	154
MW006668.1	k141_38748	121898	86.508	126	17	151
MW006668.1	k141_38748	121898	85.714	126	18	147
MW006668.1	k141_38748	121898	79.882	169	28	144
MW006668.1	k141_38748	121898	96.552	87	3	144
MW006668.1	k141_38748	121898	82.143	140	16	140
MW006668.1	k141_38748	121898	82.143	140	16	140
MW006668.1	k141_38748	121898	86.555	119	11	139
MW006668.1	k141_38748	121898	82.222	135	15	135
MW006668.1	k141_38748	121898	87.156	109	12	132
MW006668.1	k141_38748	121898	80.851	141	19	132
MW006668.1	k141_38748	121898	74.641	209	49	129
MW006668.1	k141_38748	121898	74.641	209	49	129
MW006668.1	k141_38748	121898	94.872	78	4	123
MW006668.1	k141_38748	121898	94.872	78	4	123
MW006668.1	k141_38748	121898	67.442	387	81	117
MW006668.1	k141_38748	121898	75.460	163	40	114
MW006668.1	k141_38748	121898	91.781	73	6	105
MW006668.1	k141_38748	121898	81.905	105	15	104
MW006668.1	k141_38748	121898	92.754	69	5	103
MW006668.1	k141_38748	121898	92.754	69	5	103
MW006668.1	k141_38748	121898	96.491	57	2	95.1
MW006668.1	k141_38748	121898	96.491	57	2	95.1
MW006668.1	k141_38748	121898	79.775	89	17	77.0
MW006668.1	k141_38748	121898	100.000	42	0	77.0
MW006668.1	k141_38748	121898	100.000	42	0	77.0
MW006668.1	k141_38748	121898	100.000	41	0	75.2
MW006668.1	k141_38748	121898	93.617	47	3	72.5
MW006668.1	k141_38748	121898	91.837	49	4	71.6
MW006668.1	k141_38748	121898	91.837	49	4	71.6
MW006668.1	k141_38748	121898	87.500	56	7	70.7
MW006668.1	k141_38748	121898	95.238	42	2	68.0
MW006668.1	k141_38748	121898	75.532	94	23	67.1
MW006668.1	k141_38748	121898	75.532	94	23	67.1
MW006668.1	k141_38748	121898	71.318	129	37	67.1
MW006668.1	k141_38748	121898	89.796	49	5	67.1
MW006668.1	k141_38748	121898	95.000	40	2	64.4
MW006668.1	k141_38748	121898	92.857	42	3	63.5
MW006668.1	k141_38748	121898	94.737	38	2	60.8
MW006668.1	k141_38748	121898	83.051	59	9	59.0
MW006668.1	k141_38748	121898	83.051	59	9	59.0
MW006668.1	k141_38748	121898	73.118	93	25	56.3
MW006668.1	k141_38748	121898	73.118	93	25	56.3
MW006668.1	k141_38748	121898	80.000	55	11	50.9
MW006668.1	k141_38748	121898	80.000	55	11	50.9
MW006668.1	k141_38748	121898	66.486	185	54	49.1
MW006668.1	k141_38748	121898	66.486	185	54	49.1
MW006668.1	k141_38748	121898	66.486	185	54	49.1
MW006668.1	k141_38748	121898	66.486	185	54	49.1
MW006668.1	k141_38748	121898	66.486	185	54	49.1
MW006668.1	k141_38748	121898	66.486	185	54	49.1
MW006668.1	k141_38748	121898	66.845	187	50	47.3
MW006668.1	k141_38748	121898	66.845	187	50	47.3
MW006668.1	k141_38748	121898	66.845	187	50	47.3
MW006668.1	k141_38748	121898	66.845	187	50	47.3
MW006668.1	k141_38748	121898	81.250	48	9	47.3
MW006668.1	k141_38748	121898	81.250	48	9	47.3
MW006668.1	k141_38748	121898	81.250	48	9	47.3
MW006668.1	k141_38748	121898	81.250	48	9	47.3
MW006668.1	k141_38748	121898	86.842	38	5	47.3
MW006668.1	k141_38748	121898	83.333	42	7	45.5
MW006668.1	k141_38748	121898	81.818	44	8	44.6
MW006668.1	k141_17117	956	75.460	326	76	218
MW006668.1	k141_17117	956	75.460	326	76	218
MW006668.1	k141_17117	956	85.246	61	9	70.7
MW006668.1	k141_17117	956	85.246	61	9	70.7
MW006668.1	k141_5318	784	77.224	281	62	212
MW006668.1	k141_5318	784	77.224	281	62	212
MW006668.1	k141_19915	1269	75.535	327	66	206
MW006668.1	k141_19915	1269	75.535	327	66	206
MW006668.1	k141_6993	332	73.810	252	60	154
MW006668.1	k141_6993	332	73.810	252	60	154
MW006668.1	k141_25295	2154	77.778	189	38	151
MW006668.1	k141_25295	2154	77.778	189	38	151
MW006668.1	k141_10611	1408	96.386	83	3	137
MW006668.1	k141_10611	1408	96.386	83	3	137
MW006668.1	k141_23758	528	94.937	79	4	125
MW006668.1	k141_23758	528	94.937	79	4	125
MW006668.1	k141_10682	751	94.667	75	4	118
MW006668.1	k141_10682	751	77.193	57	13	45.5
MW006668.1	k141_29147	318	75.148	169	33	106
MW006668.1	k141_6989	622	92.647	68	5	101
MW006668.1	k141_28671	421	92.537	67	5	99.6
MW006668.1	k141_28671	421	92.537	67	5	99.6
MW006668.1	k141_29154	893	69.758	248	44	97.8
MW006668.1	k141_20421	330	74.286	140	36	91.5
MW006668.1	k141_6568	11455	77.391	115	23	85.1
MW006668.1	k141_6568	11455	77.391	115	23	85.1
MW006668.1	k141_29672	620	80.488	82	16	77.0
MW006668.1	k141_27136	365	75.556	90	22	64.4
MW435436.1	k141_38748	121898	84.735	10691	1339	11917
MW435436.1	k141_38748	121898	83.427	7633	871	7994
MW435436.1	k141_38748	121898	92.887	5202	224	7670
MW435436.1	k141_38748	121898	92.887	5202	224	7670
MW435436.1	k141_38748	121898	89.218	5509	441	7301
MW435436.1	k141_38748	121898	83.909	4661	520	5007
MW435436.1	k141_38748	121898	83.429	4182	454	4282
MW435436.1	k141_38748	121898	85.014	3570	362	4115
MW435436.1	k141_38748	121898	85.014	3570	362	4115
MW435436.1	k141_38748	121898	87.795	3220	215	4075
MW435436.1	k141_38748	121898	87.795	3220	215	4075
MW435436.1	k141_38748	121898	79.331	4098	607	3527
MW435436.1	k141_38748	121898	81.487	3349	455	3268
MW435436.1	k141_38748	121898	91.390	2323	140	3248
MW435436.1	k141_38748	121898	91.390	2323	140	3248
MW435436.1	k141_38748	121898	90.658	1991	121	2757
MW435436.1	k141_38748	121898	90.658	1991	121	2757
MW435436.1	k141_38748	121898	85.333	2400	311	2720
MW435436.1	k141_38748	121898	87.358	2025	232	2498
MW435436.1	k141_38748	121898	89.404	1812	180	2405
MW435436.1	k141_38748	121898	89.404	1812	180	2405
MW435436.1	k141_38748	121898	82.108	2258	362	2253
MW435436.1	k141_38748	121898	84.877	1997	254	2225
MW435436.1	k141_38748	121898	84.667	1774	200	1989
MW435436.1	k141_38748	121898	82.222	1980	310	1986
MW435436.1	k141_38748	121898	80.697	2124	237	1958
MW435436.1	k141_38748	121898	82.377	1918	263	1918
MW435436.1	k141_38748	121898	78.386	2156	285	1780
MW435436.1	k141_38748	121898	82.542	1306	204	1305
MW435436.1	k141_38748	121898	84.219	1185	132	1272
MW435436.1	k141_38748	121898	79.526	1392	162	1238
MW435436.1	k141_38748	121898	77.257	1451	247	1119
MW435436.1	k141_38748	121898	73.656	1674	290	1032
MW435436.1	k141_38748	121898	73.636	1540	221	957
MW435436.1	k141_38748	121898	73.636	1540	221	957
MW435436.1	k141_38748	121898	79.048	1050	151	924
MW435436.1	k141_38748	121898	73.936	1504	212	923
MW435436.1	k141_38748	121898	73.936	1504	212	923
MW435436.1	k141_38748	121898	69.970	1988	450	892
MW435436.1	k141_38748	121898	79.337	1026	159	889
MW435436.1	k141_38748	121898	87.850	642	66	800
MW435436.1	k141_38748	121898	87.850	642	66	800
MW435436.1	k141_38748	121898	74.519	1091	137	738
MW435436.1	k141_38748	121898	72.222	1188	182	618
MW435436.1	k141_38748	121898	92.086	417	22	609
MW435436.1	k141_38748	121898	92.086	417	22	609
MW435436.1	k141_38748	121898	74.815	945	173	596
MW435436.1	k141_38748	121898	76.291	755	124	519
MW435436.1	k141_38748	121898	74.220	865	155	504
MW435436.1	k141_38748	121898	80.479	543	58	500
MW435436.1	k141_38748	121898	80.479	543	58	500
MW435436.1	k141_38748	121898	88.325	394	32	499
MW435436.1	k141_38748	121898	88.325	394	32	499
MW435436.1	k141_38748	121898	81.988	483	79	464
MW435436.1	k141_38748	121898	68.772	1140	188	463
MW435436.1	k141_38748	121898	76.441	590	99	434
MW435436.1	k141_38748	121898	77.960	549	88	430
MW435436.1	k141_38748	121898	86.269	335	40	394
MW435436.1	k141_38748	121898	75.000	588	107	380
MW435436.1	k141_38748	121898	71.255	741	164	362
MW435436.1	k141_38748	121898	87.031	293	38	358
MW435436.1	k141_38748	121898	87.031	293	38	358
MW435436.1	k141_38748	121898	80.672	357	42	344
MW435436.1	k141_38748	121898	76.316	456	100	330
MW435436.1	k141_38748	121898	76.316	456	100	330
MW435436.1	k141_38748	121898	73.469	539	82	311
MW435436.1	k141_38748	121898	70.270	777	160	307
MW435436.1	k141_38748	121898	80.317	315	47	289
MW435436.1	k141_38748	121898	78.249	354	60	267
MW435436.1	k141_38748	121898	87.912	182	20	227
MW435436.1	k141_38748	121898	73.797	374	48	220
MW435436.1	k141_38748	121898	73.797	374	48	220
MW435436.1	k141_38748	121898	79.032	248	32	214
MW435436.1	k141_38748	121898	79.654	231	31	202
MW435436.1	k141_38748	121898	87.681	138	17	173
MW435436.1	k141_38748	121898	84.416	154	15	165
MW435436.1	k141_38748	121898	87.597	129	16	161
MW435436.1	k141_38748	121898	77.561	205	33	157
MW435436.1	k141_38748	121898	68.719	406	109	145
MW435436.1	k141_38748	121898	84.211	133	10	142
MW435436.1	k141_38748	121898	66.606	545	158	140
MW435436.1	k141_38748	121898	96.104	77	3	126
MW435436.1	k141_38748	121898	87.013	77	10	95.1
MW435436.1	k141_38748	121898	68.889	180	38	85.1
MW435436.1	k141_38748	121898	86.957	69	9	85.1
MW435436.1	k141_38748	121898	94.118	51	3	79.7
MW435436.1	k141_38748	121898	100.000	41	0	75.2
MW435436.1	k141_38748	121898	100.000	41	0	75.2
MW435436.1	k141_38748	121898	79.070	86	16	72.5
MW435436.1	k141_38748	121898	86.441	59	8	71.6
MW435436.1	k141_38748	121898	76.289	97	12	68.9
MW435436.1	k141_38748	121898	95.238	42	2	68.0
MW435436.1	k141_38748	121898	95.238	42	2	68.0
MW435436.1	k141_38748	121898	95.238	42	2	68.0
MW435436.1	k141_38748	121898	93.182	44	3	67.1
MW435436.1	k141_38748	121898	95.000	40	2	64.4
MW435436.1	k141_38748	121898	95.000	40	2	64.4
MW435436.1	k141_38748	121898	87.755	49	6	62.6
MW435436.1	k141_38748	121898	100.000	33	0	60.8
MW435436.1	k141_38748	121898	100.000	33	0	60.8
MW435436.1	k141_38748	121898	92.308	39	3	58.1
MW435436.1	k141_38748	121898	77.193	57	13	45.5
MW435436.1	k141_38748	121898	84.211	38	6	42.8
MW435436.1	k141_38748	121898	79.545	44	9	40.1
MW435436.1	k141_17117	956	75.767	326	75	223
MW435436.1	k141_17117	956	75.767	326	75	223
MW435436.1	k141_17117	956	86.885	61	8	75.2
MW435436.1	k141_17117	956	86.885	61	8	75.2
MW435436.1	k141_5318	784	76.868	281	63	207
MW435436.1	k141_5318	784	76.868	281	63	207
MW435436.1	k141_19915	1269	74.699	332	56	205
MW435436.1	k141_19915	1269	74.699	332	56	205
MW435436.1	k141_6993	332	74.016	254	60	158
MW435436.1	k141_6993	332	74.016	254	60	158
MW435436.1	k141_25295	2154	78.307	189	37	156
MW435436.1	k141_25295	2154	78.307	189	37	156
MW435436.1	k141_10611	1408	97.590	83	2	141
MW435436.1	k141_10611	1408	97.590	83	2	141
MW435436.1	k141_23758	528	95.000	80	4	127
MW435436.1	k141_10682	751	87.500	96	11	116
MW435436.1	k141_10682	751	77.193	57	13	45.5
MW435436.1	k141_29147	318	81.356	118	21	111
MW435436.1	k141_28671	421	94.203	69	4	107
MW435436.1	k141_29154	893	85.542	83	7	92.4
MW435436.1	k141_6989	622	91.803	61	5	88.7
MW435436.1	k141_20421	330	72.189	169	45	86.9
MW435436.1	k141_6568	11455	77.391	115	23	85.1
MW435436.1	k141_6568	11455	77.391	115	23	85.1
MW435436.1	k141_18167	1221	95.918	49	2	80.6
MW435436.1	k141_18167	1221	95.918	49	2	80.6
MW435436.1	k141_27136	365	72.143	140	35	72.5
MW435436.1	k141_27136	365	72.143	140	35	72.5
MW435436.1	k141_5752	347	83.582	67	10	68.9
MW435436.1	k141_29672	620	76.623	77	18	59.0
NC_037882.1	k141_38748	121898	84.736	12605	1588	13991
NC_037882.1	k141_38748	121898	82.767	7561	831	7732
NC_037882.1	k141_38748	121898	92.473	5248	209	7676
NC_037882.1	k141_38748	121898	92.473	5248	209	7676
NC_037882.1	k141_38748	121898	86.386	6170	560	7399
NC_037882.1	k141_38748	121898	86.391	4350	434	5143
NC_037882.1	k141_38748	121898	87.074	3845	252	4748
NC_037882.1	k141_38748	121898	87.074	3845	252	4748
NC_037882.1	k141_38748	121898	87.234	3619	307	4404
NC_037882.1	k141_38748	121898	80.020	4905	750	4378
NC_037882.1	k141_38748	121898	90.823	2332	143	3206
NC_037882.1	k141_38748	121898	90.823	2332	143	3206
NC_037882.1	k141_38748	121898	86.835	2142	263	2587
NC_037882.1	k141_38748	121898	87.790	2023	227	2526
NC_037882.1	k141_38748	121898	90.006	1791	167	2425
NC_037882.1	k141_38748	121898	90.006	1791	167	2425
NC_037882.1	k141_38748	121898	82.858	2281	346	2324
NC_037882.1	k141_38748	121898	86.517	1832	184	2230
NC_037882.1	k141_38748	121898	86.517	1832	184	2230
NC_037882.1	k141_38748	121898	85.172	1949	249	2217
NC_037882.1	k141_38748	121898	80.505	2180	240	2016
NC_037882.1	k141_38748	121898	86.041	1705	191	2009
NC_037882.1	k141_38748	121898	86.041	1705	191	2009
NC_037882.1	k141_38748	121898	84.190	1809	233	1967
NC_037882.1	k141_38748	121898	85.783	1674	150	1918
NC_037882.1	k141_38748	121898	77.152	2149	321	1663
NC_037882.1	k141_38748	121898	75.467	2356	461	1632
NC_037882.1	k141_38748	121898	82.328	1443	222	1438
NC_037882.1	k141_38748	121898	90.769	845	59	1168
NC_037882.1	k141_38748	121898	90.769	845	59	1168
NC_037882.1	k141_38748	121898	84.240	1066	105	1146
NC_037882.1	k141_38748	121898	80.989	1173	162	1089
NC_037882.1	k141_38748	121898	82.010	1045	141	1031
NC_037882.1	k141_38748	121898	74.316	1608	269	1011
NC_037882.1	k141_38748	121898	66.358	3353	782	931
NC_037882.1	k141_38748	121898	80.115	1046	147	928
NC_037882.1	k141_38748	121898	87.227	642	76	785
NC_037882.1	k141_38748	121898	87.227	642	76	785
NC_037882.1	k141_38748	121898	71.248	1506	257	738
NC_037882.1	k141_38748	121898	74.354	1084	133	693
NC_037882.1	k141_38748	121898	94.253	435	25	673
NC_037882.1	k141_38748	121898	94.253	435	25	673
NC_037882.1	k141_38748	121898	73.195	1205	218	655
NC_037882.1	k141_38748	121898	70.588	1258	138	644
NC_037882.1	k141_38748	121898	70.588	1258	138	644
NC_037882.1	k141_38748	121898	74.569	987	164	633
NC_037882.1	k141_38748	121898	93.046	417	18	627
NC_037882.1	k141_38748	121898	93.046	417	18	627
NC_037882.1	k141_38748	121898	80.284	705	121	626
NC_037882.1	k141_38748	121898	80.284	705	121	626
NC_037882.1	k141_38748	121898	72.536	1096	189	600
NC_037882.1	k141_38748	121898	81.768	543	52	526
NC_037882.1	k141_38748	121898	81.768	543	52	526
NC_037882.1	k141_38748	121898	77.339	684	116	517
NC_037882.1	k141_38748	121898	72.902	882	162	489
NC_037882.1	k141_38748	121898	72.932	798	126	448
NC_037882.1	k141_38748	121898	72.302	834	158	425
NC_037882.1	k141_38748	121898	75.244	614	73	422
NC_037882.1	k141_38748	121898	75.244	614	73	422
NC_037882.1	k141_38748	121898	89.189	296	32	390
NC_037882.1	k141_38748	121898	89.189	296	32	390
NC_037882.1	k141_38748	121898	80.513	390	47	365
NC_037882.1	k141_38748	121898	76.077	418	59	309
NC_037882.1	k141_38748	121898	79.320	353	63	295
NC_037882.1	k141_38748	121898	67.742	682	136	247
NC_037882.1	k141_38748	121898	71.429	462	62	234
NC_037882.1	k141_38748	121898	88.304	171	18	212
NC_037882.1	k141_38748	121898	86.364	176	19	210
NC_037882.1	k141_38748	121898	83.333	180	18	192
NC_037882.1	k141_38748	121898	90.000	140	13	187
NC_037882.1	k141_38748	121898	68.442	507	138	178
NC_037882.1	k141_38748	121898	82.822	163	28	168
NC_037882.1	k141_38748	121898	82.716	162	17	168
NC_037882.1	k141_38748	121898	88.618	123	13	156
NC_037882.1	k141_38748	121898	89.076	119	6	154
NC_037882.1	k141_38748	121898	84.672	137	10	154
NC_037882.1	k141_38748	121898	80.000	165	33	150
NC_037882.1	k141_38748	121898	85.385	130	16	148
NC_037882.1	k141_38748	121898	85.714	126	18	147
NC_037882.1	k141_38748	121898	78.495	186	27	145
NC_037882.1	k141_38748	121898	94.565	92	5	144
NC_037882.1	k141_38748	121898	72.803	239	43	141
NC_037882.1	k141_38748	121898	92.391	92	6	132
NC_037882.1	k141_38748	121898	89.000	100	8	125
NC_037882.1	k141_38748	121898	90.909	66	6	93.3
NC_037882.1	k141_38748	121898	96.078	51	2	84.2
NC_037882.1	k141_38748	121898	74.627	134	16	78.8
NC_037882.1	k141_38748	121898	93.878	49	3	76.1
NC_037882.1	k141_38748	121898	89.091	55	6	73.4
NC_037882.1	k141_38748	121898	97.619	42	1	72.5
NC_037882.1	k141_38748	121898	97.619	42	1	72.5
NC_037882.1	k141_38748	121898	67.925	212	39	71.6
NC_037882.1	k141_38748	121898	97.561	41	1	70.7
NC_037882.1	k141_38748	121898	97.561	41	1	70.7
NC_037882.1	k141_38748	121898	90.196	51	5	70.7
NC_037882.1	k141_38748	121898	90.196	51	5	70.7
NC_037882.1	k141_38748	121898	89.796	49	5	67.1
NC_037882.1	k141_38748	121898	72.034	118	33	65.3
NC_037882.1	k141_38748	121898	92.857	42	3	63.5
NC_037882.1	k141_38748	121898	92.857	42	3	63.5
NC_037882.1	k141_38748	121898	94.872	39	2	62.6
NC_037882.1	k141_38748	121898	100.000	33	0	60.8
NC_037882.1	k141_38748	121898	100.000	33	0	60.8
NC_037882.1	k141_38748	121898	88.372	43	5	56.3
NC_037882.1	k141_38748	121898	88.372	43	5	56.3
NC_037882.1	k141_38748	121898	89.474	38	4	51.8
NC_037882.1	k141_38748	121898	78.947	57	12	50.0
NC_037882.1	k141_38748	121898	86.842	38	5	47.3
NC_037882.1	k141_17117	956	75.767	326	75	223
NC_037882.1	k141_17117	956	75.767	326	75	223
NC_037882.1	k141_17117	956	86.885	61	8	75.2
NC_037882.1	k141_17117	956	86.885	61	8	75.2
NC_037882.1	k141_5318	784	76.868	281	63	207
NC_037882.1	k141_5318	784	76.868	281	63	207
NC_037882.1	k141_19915	1269	74.398	332	57	201
NC_037882.1	k141_19915	1269	74.398	332	57	201
NC_037882.1	k141_6993	332	74.016	254	60	158
NC_037882.1	k141_6993	332	74.016	254	60	158
NC_037882.1	k141_25295	2154	77.778	189	38	151
NC_037882.1	k141_25295	2154	77.778	189	38	151
NC_037882.1	k141_23758	528	98.750	80	1	141
NC_037882.1	k141_10611	1408	96.386	83	3	137
NC_037882.1	k141_10611	1408	96.386	83	3	137
NC_037882.1	k141_28671	421	97.101	69	2	116
NC_037882.1	k141_10682	751	92.000	75	6	109
NC_037882.1	k141_10682	751	77.193	57	13	45.5
NC_037882.1	k141_6989	622	91.781	73	6	105
NC_037882.1	k141_29147	318	83.333	96	15	98.7
NC_037882.1	k141_29154	893	68.908	238	40	96.0
NC_037882.1	k141_5752	347	89.552	67	6	86.9
NC_037882.1	k141_6568	11455	77.391	115	23	85.1
NC_037882.1	k141_6568	11455	77.391	115	23	85.1
NC_037882.1	k141_20421	330	70.238	168	50	78.8
NC_037882.1	k141_27136	365	72.143	140	35	72.5
NC_037882.1	k141_27136	365	72.143	140	35	72.5
NC_037882.1	k141_29672	620	70.588	119	35	58.1
NC_056190.1	k141_38748	121898	81.191	8278	1252	7927
NC_056190.1	k141_38748	121898	92.334	5218	237	7551
NC_056190.1	k141_38748	121898	92.334	5218	237	7551
NC_056190.1	k141_38748	121898	88.232	5532	513	7085
NC_056190.1	k141_38748	121898	86.497	4251	510	5042
NC_056190.1	k141_38748	121898	83.976	4356	514	4699
NC_056190.1	k141_38748	121898	87.135	3801	271	4635
NC_056190.1	k141_38748	121898	87.135	3801	271	4635
NC_056190.1	k141_38748	121898	84.474	3755	412	4091
NC_056190.1	k141_38748	121898	84.134	3561	377	3955
NC_056190.1	k141_38748	121898	84.134	3561	377	3955
NC_056190.1	k141_38748	121898	79.323	4459	626	3846
NC_056190.1	k141_38748	121898	91.089	2323	158	3211
NC_056190.1	k141_38748	121898	91.089	2323	158	3211
NC_056190.1	k141_38748	121898	83.429	2951	337	3115
NC_056190.1	k141_38748	121898	80.251	3261	458	2911
NC_056190.1	k141_38748	121898	90.598	1989	135	2728
NC_056190.1	k141_38748	121898	90.598	1989	135	2728
NC_056190.1	k141_38748	121898	88.161	1816	191	2310
NC_056190.1	k141_38748	121898	88.161	1816	191	2310
NC_056190.1	k141_38748	121898	81.347	2375	364	2268
NC_056190.1	k141_38748	121898	83.940	1949	284	2067
NC_056190.1	k141_38748	121898	75.826	2453	310	1767
NC_056190.1	k141_38748	121898	91.419	1212	84	1722
NC_056190.1	k141_38748	121898	74.168	2764	491	1719
NC_056190.1	k141_38748	121898	71.781	2679	567	1355
NC_056190.1	k141_38748	121898	85.536	1203	139	1350
NC_056190.1	k141_38748	121898	80.355	1354	239	1241
NC_056190.1	k141_38748	121898	78.939	1263	189	1058
NC_056190.1	k141_38748	121898	78.805	1071	140	938
NC_056190.1	k141_38748	121898	69.654	2109	398	902
NC_056190.1	k141_38748	121898	69.654	2109	398	902
NC_056190.1	k141_38748	121898	79.167	1008	151	871
NC_056190.1	k141_38748	121898	89.457	626	66	832
NC_056190.1	k141_38748	121898	76.072	1049	175	744
NC_056190.1	k141_38748	121898	85.514	642	87	736
NC_056190.1	k141_38748	121898	85.514	642	87	736
NC_056190.1	k141_38748	121898	82.430	683	90	696
NC_056190.1	k141_38748	121898	83.003	606	98	620
NC_056190.1	k141_38748	121898	73.569	1048	168	605
NC_056190.1	k141_38748	121898	91.127	417	26	591
NC_056190.1	k141_38748	121898	91.127	417	26	591
NC_056190.1	k141_38748	121898	70.791	1188	236	526
NC_056190.1	k141_38748	121898	81.584	543	53	522
NC_056190.1	k141_38748	121898	81.584	543	53	522
NC_056190.1	k141_38748	121898	77.557	655	92	506
NC_056190.1	k141_38748	121898	68.043	1211	160	505
NC_056190.1	k141_38748	121898	68.043	1211	160	505
NC_056190.1	k141_38748	121898	64.806	2293	590	463
NC_056190.1	k141_38748	121898	74.000	750	128	444
NC_056190.1	k141_38748	121898	83.863	409	66	441
NC_056190.1	k141_38748	121898	86.804	341	36	407
NC_056190.1	k141_38748	121898	83.889	360	48	393
NC_056190.1	k141_38748	121898	78.696	460	77	385
NC_056190.1	k141_38748	121898	72.835	589	94	352
NC_056190.1	k141_38748	121898	84.965	286	41	315
NC_056190.1	k141_38748	121898	73.129	521	100	287
NC_056190.1	k141_38748	121898	79.331	329	50	281
NC_056190.1	k141_38748	121898	80.212	283	47	258
NC_056190.1	k141_38748	121898	86.538	208	28	250
NC_056190.1	k141_38748	121898	67.185	707	166	235
NC_056190.1	k141_38748	121898	80.242	248	29	232
NC_056190.1	k141_38748	121898	82.301	226	32	226
NC_056190.1	k141_38748	121898	86.932	176	18	214
NC_056190.1	k141_38748	121898	71.703	417	82	213
NC_056190.1	k141_38748	121898	83.415	205	28	209
NC_056190.1	k141_38748	121898	83.626	171	27	179
NC_056190.1	k141_38748	121898	67.627	590	165	173
NC_056190.1	k141_38748	121898	77.974	227	31	170
NC_056190.1	k141_38748	121898	81.143	175	28	163
NC_056190.1	k141_38748	121898	71.429	308	85	158
NC_056190.1	k141_38748	121898	93.458	107	4	156
NC_056190.1	k141_38748	121898	87.500	128	15	156
NC_056190.1	k141_38748	121898	87.692	130	11	150
NC_056190.1	k141_38748	121898	71.269	268	38	145
NC_056190.1	k141_38748	121898	74.890	227	38	143
NC_056190.1	k141_38748	121898	88.785	107	12	140
NC_056190.1	k141_38748	121898	79.487	156	32	138
NC_056190.1	k141_38748	121898	92.473	93	7	137
NC_056190.1	k141_38748	121898	96.296	81	3	133
NC_056190.1	k141_38748	121898	97.436	78	2	132
NC_056190.1	k141_38748	121898	96.203	79	3	130
NC_056190.1	k141_38748	121898	96.296	81	2	130
NC_056190.1	k141_38748	121898	95.455	66	3	106
NC_056190.1	k141_38748	121898	74.026	154	19	99.6
NC_056190.1	k141_38748	121898	74.026	154	19	99.6
NC_056190.1	k141_38748	121898	78.049	123	25	98.7
NC_056190.1	k141_38748	121898	70.485	227	33	94.2
NC_056190.1	k141_38748	121898	96.296	54	2	89.7
NC_056190.1	k141_38748	121898	79.121	91	19	79.7
NC_056190.1	k141_38748	121898	89.286	56	6	75.2
NC_056190.1	k141_38748	121898	89.286	56	6	75.2
NC_056190.1	k141_38748	121898	97.561	41	1	70.7
NC_056190.1	k141_38748	121898	97.561	41	1	70.7
NC_056190.1	k141_38748	121898	97.561	41	1	70.7
NC_056190.1	k141_38748	121898	78.750	80	17	68.9
NC_056190.1	k141_38748	121898	95.238	42	2	68.0
NC_056190.1	k141_38748	121898	95.238	42	2	68.0
NC_056190.1	k141_38748	121898	89.583	48	5	65.3
NC_056190.1	k141_38748	121898	89.583	48	5	65.3
NC_056190.1	k141_38748	121898	92.857	42	3	63.5
NC_056190.1	k141_38748	121898	92.857	42	3	63.5
NC_056190.1	k141_38748	121898	92.857	42	3	63.5
NC_056190.1	k141_38748	121898	87.755	49	6	62.6
NC_056190.1	k141_38748	121898	94.737	38	2	60.8
NC_056190.1	k141_38748	121898	100.000	33	0	60.8
NC_056190.1	k141_38748	121898	100.000	33	0	60.8
NC_056190.1	k141_38748	121898	92.308	39	3	58.1
NC_056190.1	k141_38748	121898	89.474	38	4	51.8
NC_056190.1	k141_38748	121898	77.193	57	13	45.5
NC_056190.1	k141_17117	956	75.964	337	77	233
NC_056190.1	k141_17117	956	75.964	337	77	233
NC_056190.1	k141_17117	956	86.885	61	8	75.2
NC_056190.1	k141_17117	956	86.885	61	8	75.2
NC_056190.1	k141_19915	1269	74.699	332	56	205
NC_056190.1	k141_19915	1269	74.699	332	56	205
NC_056190.1	k141_5318	784	76.512	281	64	203
NC_056190.1	k141_5318	784	76.512	281	64	203
NC_056190.1	k141_6993	332	74.016	254	60	158
NC_056190.1	k141_6993	332	74.016	254	60	158
NC_056190.1	k141_25295	2154	77.778	189	38	151
NC_056190.1	k141_25295	2154	77.778	189	38	151
NC_056190.1	k141_23758	528	97.531	81	2	138
NC_056190.1	k141_10611	1408	95.181	83	4	132
NC_056190.1	k141_10611	1408	95.181	83	4	132
NC_056190.1	k141_10682	751	94.595	74	4	116
NC_056190.1	k141_10682	751	77.193	57	13	45.5
NC_056190.1	k141_20421	330	70.037	267	68	114
NC_056190.1	k141_28671	421	95.588	68	3	110
NC_056190.1	k141_6989	622	94.118	68	3	102
NC_056190.1	k141_6568	11455	77.391	115	23	85.1
NC_056190.1	k141_6568	11455	77.391	115	23	85.1
NC_056190.1	k141_29672	620	75.207	121	30	84.2
NC_056190.1	k141_27136	365	71.429	140	36	68.0
NC_056190.1	k141_27136	365	71.429	140	36	68.0
MN564931.1	k141_38748	121898	83.279	12535	1763	13141
MN564931.1	k141_38748	121898	92.206	5209	237	7505
MN564931.1	k141_38748	121898	92.206	5209	237	7505
MN564931.1	k141_38748	121898	87.413	5720	517	7122
MN564931.1	k141_38748	121898	80.759	7562	1008	6949
MN564931.1	k141_38748	121898	87.546	3822	275	4753
MN564931.1	k141_38748	121898	87.546	3822	275	4753
MN564931.1	k141_38748	121898	90.899	2593	225	3605
MN564931.1	k141_38748	121898	80.006	3556	448	3305
MN564931.1	k141_38748	121898	80.006	3556	448	3305
MN564931.1	k141_38748	121898	90.499	2326	156	3163
MN564931.1	k141_38748	121898	90.499	2326	156	3163
MN564931.1	k141_38748	121898	87.824	2004	140	2523
MN564931.1	k141_38748	121898	87.824	2004	140	2523
MN564931.1	k141_38748	121898	81.669	2564	375	2506
MN564931.1	k141_38748	121898	88.128	1912	222	2425
MN564931.1	k141_38748	121898	83.474	2251	283	2400
MN564931.1	k141_38748	121898	84.479	2139	309	2360
MN564931.1	k141_38748	121898	83.226	2164	263	2222
MN564931.1	k141_38748	121898	80.995	2210	382	2068
MN564931.1	k141_38748	121898	83.564	1880	265	2002
MN564931.1	k141_38748	121898	83.955	1770	231	1915
MN564931.1	k141_38748	121898	75.036	2748	492	1818
MN564931.1	k141_38748	121898	90.880	1250	91	1744
MN564931.1	k141_38748	121898	77.482	2176	279	1681
MN564931.1	k141_38748	121898	71.938	2719	587	1461
MN564931.1	k141_38748	121898	83.271	1327	170	1372
MN564931.1	k141_38748	121898	81.784	1323	156	1278
MN564931.1	k141_38748	121898	82.119	1208	147	1245
MN564931.1	k141_38748	121898	82.119	1208	147	1245
MN564931.1	k141_38748	121898	77.481	1350	223	1075
MN564931.1	k141_38748	121898	76.796	1448	269	1031
MN564931.1	k141_38748	121898	77.065	1029	171	779
MN564931.1	k141_38748	121898	83.702	724	101	763
MN564931.1	k141_38748	121898	84.899	596	86	655
MN564931.1	k141_38748	121898	92.566	417	20	618
MN564931.1	k141_38748	121898	92.566	417	20	618
MN564931.1	k141_38748	121898	69.866	1198	151	552
MN564931.1	k141_38748	121898	69.866	1198	151	552
MN564931.1	k141_38748	121898	75.390	833	133	535
MN564931.1	k141_38748	121898	71.535	1075	158	531
MN564931.1	k141_38748	121898	69.364	1211	210	508
MN564931.1	k141_38748	121898	80.882	544	55	503
MN564931.1	k141_38748	121898	80.882	544	55	503
MN564931.1	k141_38748	121898	77.164	670	119	500
MN564931.1	k141_38748	121898	77.864	646	107	499
MN564931.1	k141_38748	121898	77.864	646	107	499
MN564931.1	k141_38748	121898	75.171	733	115	481
MN564931.1	k141_38748	121898	80.000	500	76	460
MN564931.1	k141_38748	121898	80.000	500	76	460
MN564931.1	k141_38748	121898	70.427	913	219	417
MN564931.1	k141_38748	121898	70.427	913	219	417
MN564931.1	k141_38748	121898	73.763	667	102	413
MN564931.1	k141_38748	121898	72.433	711	114	401
MN564931.1	k141_38748	121898	72.433	711	114	401
MN564931.1	k141_38748	121898	69.863	876	152	388
MN564931.1	k141_38748	121898	85.075	335	37	382
MN564931.1	k141_38748	121898	88.514	296	34	381
MN564931.1	k141_38748	121898	83.090	343	44	352
MN564931.1	k141_38748	121898	80.435	368	63	334
MN564931.1	k141_38748	121898	80.435	368	63	334
MN564931.1	k141_38748	121898	76.651	424	77	321
MN564931.1	k141_38748	121898	71.481	540	102	305
MN564931.1	k141_38748	121898	71.481	540	102	305
MN564931.1	k141_38748	121898	87.243	243	29	292
MN564931.1	k141_38748	121898	84.190	253	33	274
MN564931.1	k141_38748	121898	93.865	163	10	250
MN564931.1	k141_38748	121898	93.865	163	10	250
MN564931.1	k141_38748	121898	77.570	321	52	242
MN564931.1	k141_38748	121898	84.878	205	25	227
MN564931.1	k141_38748	121898	71.619	451	81	225
MN564931.1	k141_38748	121898	82.273	220	39	222
MN564931.1	k141_38748	121898	84.456	193	26	213
MN564931.1	k141_38748	121898	85.227	176	21	201
MN564931.1	k141_38748	121898	86.667	165	17	199
MN564931.1	k141_38748	121898	68.712	489	109	196
MN564931.1	k141_38748	121898	68.712	489	109	196
MN564931.1	k141_38748	121898	80.909	220	21	187
MN564931.1	k141_38748	121898	91.729	133	9	184
MN564931.1	k141_38748	121898	72.727	308	81	176
MN564931.1	k141_38748	121898	82.941	170	21	175
MN564931.1	k141_38748	121898	87.500	144	16	172
MN564931.1	k141_38748	121898	85.616	146	15	170
MN564931.1	k141_38748	121898	90.909	121	11	169
MN564931.1	k141_38748	121898	67.119	590	168	168
MN564931.1	k141_38748	121898	68.233	532	147	168
MN564931.1	k141_38748	121898	80.513	195	29	167
MN564931.1	k141_38748	121898	76.170	235	48	166
MN564931.1	k141_38748	121898	82.558	172	19	163
MN564931.1	k141_38748	121898	83.553	152	15	153
MN564931.1	k141_38748	121898	97.674	86	2	147
MN564931.1	k141_38748	121898	81.699	153	26	143
MN564931.1	k141_38748	121898	81.879	149	19	137
MN564931.1	k141_38748	121898	98.701	77	1	135
MN564931.1	k141_38748	121898	88.000	100	11	123
MN564931.1	k141_38748	121898	85.000	100	15	113
MN564931.1	k141_38748	121898	85.000	100	15	113
MN564931.1	k141_38748	121898	90.909	66	6	93.3
MN564931.1	k141_38748	121898	93.333	60	3	87.8
MN564931.1	k141_38748	121898	73.950	119	25	77.0
MN564931.1	k141_38748	121898	100.000	42	0	77.0
MN564931.1	k141_38748	121898	100.000	41	0	75.2
MN564931.1	k141_38748	121898	100.000	41	0	75.2
MN564931.1	k141_38748	121898	89.286	56	6	75.2
MN564931.1	k141_38748	121898	89.286	56	6	75.2
MN564931.1	k141_38748	121898	87.500	56	7	70.7
MN564931.1	k141_38748	121898	87.500	56	7	70.7
MN564931.1	k141_38748	121898	91.489	47	4	68.0
MN564931.1	k141_38748	121898	95.238	42	2	68.0
MN564931.1	k141_38748	121898	95.238	42	2	68.0
MN564931.1	k141_38748	121898	95.238	42	2	68.0
MN564931.1	k141_38748	121898	74.510	102	26	68.0
MN564931.1	k141_38748	121898	89.796	49	5	67.1
MN564931.1	k141_38748	121898	95.000	40	2	64.4
MN564931.1	k141_38748	121898	95.000	40	2	64.4
MN564931.1	k141_38748	121898	92.857	42	3	63.5
MN564931.1	k141_38748	121898	100.000	33	0	60.8
MN564931.1	k141_38748	121898	100.000	33	0	60.8
MN564931.1	k141_38748	121898	87.037	54	3	57.2
MN564931.1	k141_38748	121898	83.333	48	8	51.8
MN564931.1	k141_38748	121898	86.842	38	5	47.3
MN564931.1	k141_38748	121898	77.193	57	13	45.5
MN564931.1	k141_17117	956	76.074	326	74	227
MN564931.1	k141_17117	956	76.074	326	74	227
MN564931.1	k141_17117	956	86.885	61	8	75.2
MN564931.1	k141_17117	956	86.885	61	8	75.2
MN564931.1	k141_5318	784	76.868	281	63	207
MN564931.1	k141_5318	784	76.868	281	63	207
MN564931.1	k141_19915	1269	75.000	328	62	205
MN564931.1	k141_19915	1269	75.000	328	62	205
MN564931.1	k141_6993	332	73.413	252	61	150
MN564931.1	k141_6993	332	73.413	252	61	150
MN564931.1	k141_25295	2154	77.249	189	39	147
MN564931.1	k141_25295	2154	77.249	189	39	147
MN564931.1	k141_10611	1408	97.619	84	2	143
MN564931.1	k141_10611	1408	97.619	84	2	143
MN564931.1	k141_23758	528	97.500	80	2	136
MN564931.1	k141_10682	751	94.521	73	4	114
MN564931.1	k141_10682	751	77.193	57	13	45.5
MN564931.1	k141_28671	421	95.652	69	3	112
MN564931.1	k141_6989	622	94.203	69	4	107
MN564931.1	k141_20421	330	73.885	157	39	92.4
MN564931.1	k141_29147	318	73.026	152	36	86.0
MN564931.1	k141_6568	11455	77.391	115	23	85.1
MN564931.1	k141_6568	11455	77.391	115	23	85.1
MN564931.1	k141_18167	1221	97.917	48	1	83.3
MN564931.1	k141_29672	620	73.950	119	31	76.1
MN564931.1	k141_27136	365	71.429	140	36	68.0
MN564931.1	k141_27136	365	71.429	140	36	68.0
NC_031651.1	k141_38748	121898	83.055	10617	1487	11056
NC_031651.1	k141_38748	121898	92.224	5221	238	7557
NC_031651.1	k141_38748	121898	92.224	5221	238	7557
NC_031651.1	k141_38748	121898	81.345	7553	1047	7127
NC_031651.1	k141_38748	121898	88.227	5521	522	7056
NC_031651.1	k141_38748	121898	84.040	5451	612	6033
NC_031651.1	k141_38748	121898	84.040	5451	612	6033
NC_031651.1	k141_38748	121898	82.801	4512	556	4648
NC_031651.1	k141_38748	121898	86.177	3856	289	4569
NC_031651.1	k141_38748	121898	86.177	3856	289	4569
NC_031651.1	k141_38748	121898	85.698	3545	378	4089
NC_031651.1	k141_38748	121898	90.534	2324	158	3148
NC_031651.1	k141_38748	121898	90.534	2324	158	3148
NC_031651.1	k141_38748	121898	76.506	4116	709	2990
NC_031651.1	k141_38748	121898	79.597	3225	499	2809
NC_031651.1	k141_38748	121898	89.270	1985	145	2627
NC_031651.1	k141_38748	121898	89.270	1985	145	2627
NC_031651.1	k141_38748	121898	82.412	2604	384	2581
NC_031651.1	k141_38748	121898	81.962	2334	348	2310
NC_031651.1	k141_38748	121898	84.821	1759	221	1948
NC_031651.1	k141_38748	121898	84.788	1742	223	1927
NC_031651.1	k141_38748	121898	79.392	2203	428	1914
NC_031651.1	k141_38748	121898	81.684	1900	309	1848
NC_031651.1	k141_38748	121898	78.344	2198	284	1775
NC_031651.1	k141_38748	121898	83.497	1327	195	1383
NC_031651.1	k141_38748	121898	86.620	1009	115	1198
NC_031651.1	k141_38748	121898	80.090	1336	233	1196
NC_031651.1	k141_38748	121898	81.460	1014	163	964
NC_031651.1	k141_38748	121898	77.946	1188	173	943
NC_031651.1	k141_38748	121898	76.892	1255	225	930
NC_031651.1	k141_38748	121898	71.357	1599	321	776
NC_031651.1	k141_38748	121898	76.296	1042	158	765
NC_031651.1	k141_38748	121898	83.361	613	96	638
NC_031651.1	k141_38748	121898	82.205	635	102	633
NC_031651.1	k141_38748	121898	82.205	635	102	633
NC_031651.1	k141_38748	121898	69.299	1570	306	628
NC_031651.1	k141_38748	121898	70.256	1328	193	612
NC_031651.1	k141_38748	121898	70.256	1328	193	612
NC_031651.1	k141_38748	121898	92.086	417	22	609
NC_031651.1	k141_38748	121898	92.086	417	22	609
NC_031651.1	k141_38748	121898	77.474	768	109	578
NC_031651.1	k141_38748	121898	71.333	1193	240	554
NC_031651.1	k141_38748	121898	79.855	551	48	506
NC_031651.1	k141_38748	121898	79.855	551	48	506
NC_031651.1	k141_38748	121898	78.584	579	114	468
NC_031651.1	k141_38748	121898	76.133	662	100	467
NC_031651.1	k141_38748	121898	80.462	476	87	441
NC_031651.1	k141_38748	121898	68.009	1266	304	432
NC_031651.1	k141_38748	121898	69.870	926	172	397
NC_031651.1	k141_38748	121898	71.304	805	168	387
NC_031651.1	k141_38748	121898	84.058	345	41	365
NC_031651.1	k141_38748	121898	72.589	591	91	342
NC_031651.1	k141_38748	121898	72.589	591	91	342
NC_031651.1	k141_38748	121898	85.324	293	43	335
NC_031651.1	k141_38748	121898	80.357	336	40	315
NC_031651.1	k141_38748	121898	77.171	403	70	310
NC_031651.1	k141_38748	121898	81.346	327	52	306
NC_031651.1	k141_38748	121898	69.432	687	178	250
NC_031651.1	k141_38748	121898	85.714	210	24	236
NC_031651.1	k141_38748	121898	71.306	467	119	234
NC_031651.1	k141_38748	121898	71.767	464	72	228
NC_031651.1	k141_38748	121898	86.550	171	18	205
NC_031651.1	k141_38748	121898	81.900	221	30	201
NC_031651.1	k141_38748	121898	74.184	337	70	200
NC_031651.1	k141_38748	121898	84.884	172	22	193
NC_031651.1	k141_38748	121898	80.978	184	24	167
NC_031651.1	k141_38748	121898	84.932	146	16	166
NC_031651.1	k141_38748	121898	77.561	205	40	155
NC_031651.1	k141_38748	121898	71.875	320	84	155
NC_031651.1	k141_38748	121898	84.962	133	9	151
NC_031651.1	k141_38748	121898	80.000	165	33	150
NC_031651.1	k141_38748	121898	93.878	98	5	147
NC_031651.1	k141_38748	121898	94.565	92	4	141
NC_031651.1	k141_38748	121898	79.487	156	32	138
NC_031651.1	k141_38748	121898	73.636	220	37	137
NC_031651.1	k141_38748	121898	96.296	81	3	133
NC_031651.1	k141_38748	121898	89.583	96	10	129
NC_031651.1	k141_38748	121898	87.963	108	10	126
NC_031651.1	k141_38748	121898	68.302	265	42	111
NC_031651.1	k141_38748	121898	78.261	138	20	105
NC_031651.1	k141_38748	121898	78.261	138	20	105
NC_031651.1	k141_38748	121898	96.610	59	2	98.7
NC_031651.1	k141_38748	121898	89.394	66	7	88.7
NC_031651.1	k141_38748	121898	75.424	118	24	78.8
NC_031651.1	k141_38748	121898	100.000	41	0	75.2
NC_031651.1	k141_38748	121898	100.000	41	0	75.2
NC_031651.1	k141_38748	121898	97.619	42	1	72.5
NC_031651.1	k141_38748	121898	97.619	42	1	72.5
NC_031651.1	k141_38748	121898	97.619	42	1	72.5
NC_031651.1	k141_38748	121898	70.229	131	18	71.6
NC_031651.1	k141_38748	121898	100.000	39	0	71.6
NC_031651.1	k141_38748	121898	68.553	159	32	69.8
NC_031651.1	k141_38748	121898	95.238	42	2	68.0
NC_031651.1	k141_38748	121898	95.238	42	2	68.0
NC_031651.1	k141_38748	121898	84.746	59	9	67.1
NC_031651.1	k141_38748	121898	95.000	40	2	64.4
NC_031651.1	k141_38748	121898	95.000	40	2	64.4
NC_031651.1	k141_38748	121898	78.873	71	15	61.7
NC_031651.1	k141_38748	121898	100.000	33	0	60.8
NC_031651.1	k141_38748	121898	100.000	33	0	60.8
NC_031651.1	k141_38748	121898	78.947	57	12	50.0
NC_031651.1	k141_17117	956	76.380	326	73	232
NC_031651.1	k141_17117	956	76.380	326	73	232
NC_031651.1	k141_17117	956	86.885	61	8	75.2
NC_031651.1	k141_17117	956	86.885	61	8	75.2
NC_031651.1	k141_5318	784	76.868	281	63	207
NC_031651.1	k141_5318	784	76.868	281	63	207
NC_031651.1	k141_19915	1269	74.085	328	65	200
NC_031651.1	k141_19915	1269	74.085	328	65	200
NC_031651.1	k141_6993	332	73.810	252	60	154
NC_031651.1	k141_6993	332	73.810	252	60	154
NC_031651.1	k141_25295	2154	77.778	189	38	151
NC_031651.1	k141_25295	2154	77.778	189	38	151
NC_031651.1	k141_10611	1408	95.181	83	4	132
NC_031651.1	k141_10611	1408	95.181	83	4	132
NC_031651.1	k141_10682	751	91.781	73	6	105
NC_031651.1	k141_10682	751	77.193	57	13	45.5
NC_031651.1	k141_6989	622	91.781	73	5	102
NC_031651.1	k141_29154	893	71.366	227	48	101
NC_031651.1	k141_23758	528	100.000	55	0	100
NC_031651.1	k141_28671	421	98.182	55	1	96.0
NC_031651.1	k141_29147	318	86.667	75	10	91.5
NC_031651.1	k141_20421	330	73.529	170	41	90.6
NC_031651.1	k141_6568	11455	77.391	115	23	85.1
NC_031651.1	k141_6568	11455	77.391	115	23	85.1
NC_031651.1	k141_27136	365	72.857	140	34	77.0
NC_031651.1	k141_27136	365	72.857	140	34	77.0
NC_031651.1	k141_18167	1221	92.000	50	4	73.4
NC_031651.1	k141_29672	620	70.229	131	39	61.7
MW366789.1	k141_38748	121898	79.107	8395	1487	7171
MW366789.1	k141_38748	121898	88.995	5152	369	6648
MW366789.1	k141_38748	121898	88.995	5152	369	6648
MW366789.1	k141_38748	121898	87.007	5303	596	6447
MW366789.1	k141_38748	121898	87.007	5303	596	6447
MW366789.1	k141_38748	121898	78.477	5594	855	4529
MW366789.1	k141_38748	121898	83.760	3356	354	3615
MW366789.1	k141_38748	121898	83.760	3356	354	3615
MW366789.1	k141_38748	121898	90.770	2492	227	3456
MW366789.1	k141_38748	121898	82.312	2301	359	2300
MW366789.1	k141_38748	121898	82.312	2301	359	2300
MW366789.1	k141_38748	121898	85.233	1930	279	2193
MW366789.1	k141_38748	121898	90.832	1538	101	2143
MW366789.1	k141_38748	121898	90.832	1538	101	2143
MW366789.1	k141_38748	121898	85.011	1768	176	2016
MW366789.1	k141_38748	121898	85.011	1768	176	2016
MW366789.1	k141_38748	121898	84.373	1811	231	1957
MW366789.1	k141_38748	121898	78.530	2231	402	1853
MW366789.1	k141_38748	121898	81.207	1740	284	1645
MW366789.1	k141_38748	121898	77.985	2035	396	1612
MW366789.1	k141_38748	121898	75.688	2217	482	1557
MW366789.1	k141_38748	121898	88.347	1210	115	1548
MW366789.1	k141_38748	121898	76.689	1939	411	1420
MW366789.1	k141_38748	121898	82.382	1209	184	1215
MW366789.1	k141_38748	121898	82.382	1209	184	1215
MW366789.1	k141_38748	121898	75.175	1712	280	1100
MW366789.1	k141_38748	121898	84.836	976	124	1084
MW366789.1	k141_38748	121898	85.800	838	113	967
MW366789.1	k141_38748	121898	68.632	2391	607	844
MW366789.1	k141_38748	121898	79.016	996	177	838
MW366789.1	k141_38748	121898	76.316	1064	223	765
MW366789.1	k141_38748	121898	71.757	1218	246	658
MW366789.1	k141_38748	121898	81.938	609	108	600
MW366789.1	k141_38748	121898	81.938	609	108	600
MW366789.1	k141_38748	121898	75.282	797	168	558
MW366789.1	k141_38748	121898	89.209	417	34	555
MW366789.1	k141_38748	121898	89.209	417	34	555
MW366789.1	k141_38748	121898	80.859	559	69	529
MW366789.1	k141_38748	121898	80.859	559	69	529
MW366789.1	k141_38748	121898	69.833	1137	265	489
MW366789.1	k141_38748	121898	69.878	1069	171	433
MW366789.1	k141_38748	121898	73.049	679	137	397
MW366789.1	k141_38748	121898	70.198	859	166	360
MW366789.1	k141_38748	121898	83.385	325	40	343
MW366789.1	k141_38748	121898	74.542	491	117	316
MW366789.1	k141_38748	121898	92.523	214	10	315
MW366789.1	k141_38748	121898	92.523	214	10	315
MW366789.1	k141_38748	121898	70.882	680	144	302
MW366789.1	k141_38748	121898	87.398	246	29	297
MW366789.1	k141_38748	121898	69.764	635	137	271
MW366789.1	k141_38748	121898	78.378	333	59	270
MW366789.1	k141_38748	121898	73.598	428	51	269
MW366789.1	k141_38748	121898	73.598	428	51	269
MW366789.1	k141_38748	121898	76.855	337	78	257
MW366789.1	k141_38748	121898	70.051	591	124	253
MW366789.1	k141_38748	121898	81.081	259	37	240
MW366789.1	k141_38748	121898	81.781	247	40	239
MW366789.1	k141_38748	121898	80.000	260	40	233
MW366789.1	k141_38748	121898	80.000	260	40	233
MW366789.1	k141_38748	121898	70.378	476	118	226
MW366789.1	k141_38748	121898	74.656	363	69	225
MW366789.1	k141_38748	121898	64.873	1301	305	216
MW366789.1	k141_38748	121898	83.495	206	30	214
MW366789.1	k141_38748	121898	83.495	206	30	214
MW366789.1	k141_38748	121898	83.495	206	30	214
MW366789.1	k141_38748	121898	91.608	143	6	205
MW366789.1	k141_38748	121898	91.608	143	6	205
MW366789.1	k141_38748	121898	82.353	204	23	205
MW366789.1	k141_38748	121898	91.971	137	10	195
MW366789.1	k141_38748	121898	67.513	591	161	179
MW366789.1	k141_38748	121898	67.513	591	161	179
MW366789.1	k141_38748	121898	83.041	171	24	178
MW366789.1	k141_38748	121898	78.440	218	39	176
MW366789.1	k141_38748	121898	80.749	187	35	172
MW366789.1	k141_38748	121898	89.683	126	13	169
MW366789.1	k141_38748	121898	89.683	126	13	169
MW366789.1	k141_38748	121898	77.523	218	41	167
MW366789.1	k141_38748	121898	67.810	525	107	165
MW366789.1	k141_38748	121898	67.810	525	107	165
MW366789.1	k141_38748	121898	84.713	157	17	164
MW366789.1	k141_38748	121898	85.616	146	16	160
MW366789.1	k141_38748	121898	83.007	153	26	159
MW366789.1	k141_38748	121898	68.172	443	127	159
MW366789.1	k141_38748	121898	68.172	443	127	159
MW366789.1	k141_38748	121898	84.615	143	17	155
MW366789.1	k141_38748	121898	84.516	155	15	153
MW366789.1	k141_38748	121898	93.878	98	6	150
MW366789.1	k141_38748	121898	80.233	172	27	146
MW366789.1	k141_38748	121898	85.366	123	18	141
MW366789.1	k141_38748	121898	89.524	105	11	141
MW366789.1	k141_38748	121898	95.402	87	4	140
MW366789.1	k141_38748	121898	95.402	87	4	140
MW366789.1	k141_38748	121898	98.734	79	1	139
MW366789.1	k141_38748	121898	98.734	79	1	139
MW366789.1	k141_38748	121898	92.391	92	7	135
MW366789.1	k141_38748	121898	92.391	92	7	135
MW366789.1	k141_38748	121898	83.333	126	21	133
MW366789.1	k141_38748	121898	83.333	126	21	133
MW366789.1	k141_38748	121898	81.429	140	19	133
MW366789.1	k141_38748	121898	84.677	124	11	128
MW366789.1	k141_38748	121898	96.104	77	3	126
MW366789.1	k141_38748	121898	96.000	75	3	123
MW366789.1	k141_38748	121898	83.333	114	19	121
MW366789.1	k141_38748	121898	88.298	94	10	117
MW366789.1	k141_38748	121898	79.231	130	27	113
MW366789.1	k141_38748	121898	86.813	91	12	111
MW366789.1	k141_38748	121898	93.056	72	5	108
MW366789.1	k141_38748	121898	88.095	84	10	107
MW366789.1	k141_38748	121898	86.022	93	8	105
MW366789.1	k141_38748	121898	90.789	76	6	103
MW366789.1	k141_38748	121898	80.531	113	13	100
MW366789.1	k141_38748	121898	80.531	113	13	100
MW366789.1	k141_38748	121898	84.444	90	14	100
MW366789.1	k141_38748	121898	84.444	90	14	100
MW366789.1	k141_38748	121898	92.424	66	5	97.8
MW366789.1	k141_38748	121898	88.158	76	9	97.8
MW366789.1	k141_38748	121898	84.286	70	11	77.9
MW366789.1	k141_38748	121898	86.667	60	8	73.4
MW366789.1	k141_38748	121898	86.667	60	8	73.4
MW366789.1	k141_38748	121898	86.667	60	8	73.4
MW366789.1	k141_38748	121898	97.619	42	1	72.5
MW366789.1	k141_38748	121898	97.619	42	1	72.5
MW366789.1	k141_38748	121898	97.561	41	1	70.7
MW366789.1	k141_38748	121898	97.561	41	1	70.7
MW366789.1	k141_38748	121898	83.871	62	10	68.0
MW366789.1	k141_38748	121898	83.871	62	10	68.0
MW366789.1	k141_38748	121898	92.857	42	3	63.5
MW366789.1	k141_38748	121898	92.857	42	3	63.5
MW366789.1	k141_38748	121898	92.683	41	3	61.7
MW366789.1	k141_38748	121898	94.737	38	2	60.8
MW366789.1	k141_38748	121898	92.500	40	3	59.9
MW366789.1	k141_38748	121898	92.500	40	3	59.9
MW366789.1	k141_38748	121898	69.767	129	39	58.1
MW366789.1	k141_38748	121898	69.767	129	39	58.1
MW366789.1	k141_38748	121898	85.714	49	7	58.1
MW366789.1	k141_38748	121898	85.714	49	7	58.1
MW366789.1	k141_38748	121898	85.714	49	7	58.1
MW366789.1	k141_38748	121898	92.308	39	3	58.1
MW366789.1	k141_38748	121898	78.947	57	12	50.0
MW366789.1	k141_38748	121898	72.727	77	20	41.9
MW366789.1	k141_17117	956	77.370	327	70	242
MW366789.1	k141_17117	956	77.370	327	70	242
MW366789.1	k141_17117	956	90.164	61	6	84.2
MW366789.1	k141_17117	956	90.164	61	6	84.2
MW366789.1	k141_17117	956	88.525	61	7	79.7
MW366789.1	k141_17117	956	88.525	61	7	79.7
MW366789.1	k141_19915	1269	75.610	328	62	212
MW366789.1	k141_19915	1269	75.610	328	62	212
MW366789.1	k141_25295	2154	77.778	189	38	151
MW366789.1	k141_25295	2154	77.778	189	38	151
MW366789.1	k141_6993	332	73.413	252	61	150
MW366789.1	k141_6993	332	73.413	252	61	150
MW366789.1	k141_23758	528	97.561	82	2	140
MW366789.1	k141_23758	528	97.561	82	2	140
MW366789.1	k141_10611	1408	94.667	75	4	118
MW366789.1	k141_10611	1408	94.667	75	4	118
MW366789.1	k141_28671	421	95.522	67	3	108
MW366789.1	k141_28671	421	95.522	67	3	108
MW366789.1	k141_6989	622	81.818	121	15	108
MW366789.1	k141_10682	751	91.892	74	5	104
MW366789.1	k141_10682	751	75.758	66	16	48.2
MW366789.1	k141_6568	11455	76.522	115	24	80.6
MW366789.1	k141_6568	11455	76.522	115	24	80.6
MW366789.1	k141_6568	11455	82.812	64	11	67.1
MW366789.1	k141_6568	11455	82.812	64	11	67.1
MW366789.1	k141_27136	365	78.889	90	19	77.9
MW366789.1	k141_27136	365	78.889	90	19	77.9
MW366789.1	k141_29672	620	77.660	94	21	76.1
MW366789.1	k141_20421	330	71.233	146	42	75.2
MW366789.1	k141_32975	2189	85.455	55	8	64.4
MW366789.1	k141_806	851	84.783	46	7	52.7
MW366789.1	k141_806	851	84.783	46	7	52.7
KT899950.1	k141_38748	121898	82.575	12637	1805	12792
KT899950.1	k141_38748	121898	92.005	5228	262	7500
KT899950.1	k141_38748	121898	92.005	5228	262	7500
KT899950.1	k141_38748	121898	88.053	5516	519	7022
KT899950.1	k141_38748	121898	84.303	5434	599	6071
KT899950.1	k141_38748	121898	84.303	5434	599	6071
KT899950.1	k141_38748	121898	81.127	5876	754	5489
KT899950.1	k141_38748	121898	83.488	4306	531	4547
KT899950.1	k141_38748	121898	85.688	3864	308	4480
KT899950.1	k141_38748	121898	85.688	3864	308	4480
KT899950.1	k141_38748	121898	92.456	2492	188	3647
KT899950.1	k141_38748	121898	90.360	2334	153	3152
KT899950.1	k141_38748	121898	90.360	2334	153	3152
KT899950.1	k141_38748	121898	88.194	1982	163	2521
KT899950.1	k141_38748	121898	88.194	1982	163	2521
KT899950.1	k141_38748	121898	80.912	2567	372	2415
KT899950.1	k141_38748	121898	82.084	2322	360	2287
KT899950.1	k141_38748	121898	80.747	2275	383	2102
KT899950.1	k141_38748	121898	82.525	2020	305	2046
KT899950.1	k141_38748	121898	83.195	1809	243	1893
KT899950.1	k141_38748	121898	80.144	2085	350	1862
KT899950.1	k141_38748	121898	76.091	2497	343	1820
KT899950.1	k141_38748	121898	89.892	1207	101	1619
KT899950.1	k141_38748	121898	81.633	1617	259	1572
KT899950.1	k141_38748	121898	84.034	1190	158	1287
KT899950.1	k141_38748	121898	89.605	962	85	1271
KT899950.1	k141_38748	121898	82.299	1209	196	1210
KT899950.1	k141_38748	121898	73.711	1959	436	1152
KT899950.1	k141_38748	121898	81.946	997	157	985
KT899950.1	k141_38748	121898	77.475	1212	196	966
KT899950.1	k141_38748	121898	81.988	805	127	788
KT899950.1	k141_38748	121898	76.238	1010	160	740
KT899950.1	k141_38748	121898	70.955	1477	269	726
KT899950.1	k141_38748	121898	69.207	1588	205	700
KT899950.1	k141_38748	121898	69.207	1588	205	700
KT899950.1	k141_38748	121898	65.906	2980	750	673
KT899950.1	k141_38748	121898	83.059	608	88	628
KT899950.1	k141_38748	121898	80.645	651	83	618
KT899950.1	k141_38748	121898	80.645	651	83	618
KT899950.1	k141_38748	121898	92.105	418	21	608
KT899950.1	k141_38748	121898	92.105	418	21	608
KT899950.1	k141_38748	121898	79.000	700	130	584
KT899950.1	k141_38748	121898	79.000	700	130	584
KT899950.1	k141_38748	121898	76.765	779	103	579
KT899950.1	k141_38748	121898	71.264	1044	176	530
KT899950.1	k141_38748	121898	80.663	543	58	495
KT899950.1	k141_38748	121898	80.663	543	58	495
KT899950.1	k141_38748	121898	77.500	640	95	482
KT899950.1	k141_38748	121898	85.211	426	60	479
KT899950.1	k141_38748	121898	75.499	702	96	465
KT899950.1	k141_38748	121898	73.739	674	128	404
KT899950.1	k141_38748	121898	87.838	296	32	367
KT899950.1	k141_38748	121898	76.578	491	89	364
KT899950.1	k141_38748	121898	83.728	338	42	356
KT899950.1	k141_38748	121898	72.177	611	93	347
KT899950.1	k141_38748	121898	72.177	611	93	347
KT899950.1	k141_38748	121898	83.923	311	50	336
KT899950.1	k141_38748	121898	73.776	572	111	333
KT899950.1	k141_38748	121898	85.252	278	36	313
KT899950.1	k141_38748	121898	78.670	361	58	308
KT899950.1	k141_38748	121898	72.167	600	113	297
KT899950.1	k141_38748	121898	79.341	334	54	288
KT899950.1	k141_38748	121898	80.065	306	56	273
KT899950.1	k141_38748	121898	74.684	395	77	256
KT899950.1	k141_38748	121898	82.174	230	25	227
KT899950.1	k141_38748	121898	83.333	198	26	202
KT899950.1	k141_38748	121898	79.821	223	45	200
KT899950.1	k141_38748	121898	85.380	171	20	196
KT899950.1	k141_38748	121898	85.207	169	25	193
KT899950.1	k141_38748	121898	85.897	156	20	180
KT899950.1	k141_38748	121898	76.735	245	46	173
KT899950.1	k141_38748	121898	84.076	157	5	171
KT899950.1	k141_38748	121898	83.030	165	26	169
KT899950.1	k141_38748	121898	89.147	129	9	166
KT899950.1	k141_38748	121898	81.818	165	30	163
KT899950.1	k141_38748	121898	86.131	137	8	163
KT899950.1	k141_38748	121898	80.000	175	27	152
KT899950.1	k141_38748	121898	66.727	550	158	150
KT899950.1	k141_38748	121898	92.857	98	5	139
KT899950.1	k141_38748	121898	93.407	91	4	135
KT899950.1	k141_38748	121898	98.684	76	1	133
KT899950.1	k141_38748	121898	95.181	83	4	132
KT899950.1	k141_38748	121898	80.851	141	21	130
KT899950.1	k141_38748	121898	75.385	195	34	126
KT899950.1	k141_38748	121898	94.937	79	4	125
KT899950.1	k141_38748	121898	82.645	121	21	124
KT899950.1	k141_38748	121898	83.051	118	19	120
KT899950.1	k141_38748	121898	94.667	75	4	118
KT899950.1	k141_38748	121898	90.909	66	6	93.3
KT899950.1	k141_38748	121898	100.000	41	0	75.2
KT899950.1	k141_38748	121898	100.000	41	0	75.2
KT899950.1	k141_38748	121898	87.273	55	7	68.9
KT899950.1	k141_38748	121898	87.273	55	7	68.9
KT899950.1	k141_38748	121898	95.238	42	2	68.0
KT899950.1	k141_38748	121898	95.238	42	2	68.0
KT899950.1	k141_38748	121898	95.238	42	2	68.0
KT899950.1	k141_38748	121898	95.238	42	2	68.0
KT899950.1	k141_38748	121898	97.368	38	1	65.3
KT899950.1	k141_38748	121898	95.000	40	2	64.4
KT899950.1	k141_38748	121898	95.000	40	2	64.4
KT899950.1	k141_38748	121898	92.857	42	3	63.5
KT899950.1	k141_38748	121898	72.650	117	18	62.6
KT899950.1	k141_38748	121898	94.872	39	2	62.6
KT899950.1	k141_38748	121898	100.000	33	0	60.8
KT899950.1	k141_38748	121898	100.000	33	0	60.8
KT899950.1	k141_38748	121898	86.842	38	5	47.3
KT899950.1	k141_38748	121898	86.842	38	5	47.3
KT899950.1	k141_38748	121898	77.193	57	13	45.5
KT899950.1	k141_38748	121898	80.488	41	8	39.2
KT899950.1	k141_17117	956	76.994	326	71	241
KT899950.1	k141_17117	956	76.994	326	71	241
KT899950.1	k141_17117	956	86.885	61	8	75.2
KT899950.1	k141_17117	956	86.885	61	8	75.2
KT899950.1	k141_5318	784	76.868	281	63	207
KT899950.1	k141_5318	784	76.868	281	63	207
KT899950.1	k141_19915	1269	74.699	332	56	205
KT899950.1	k141_19915	1269	74.699	332	56	205
KT899950.1	k141_6993	332	73.810	252	60	154
KT899950.1	k141_6993	332	73.810	252	60	154
KT899950.1	k141_25295	2154	77.778	189	38	151
KT899950.1	k141_25295	2154	77.778	189	38	151
KT899950.1	k141_10611	1408	96.429	84	3	139
KT899950.1	k141_10611	1408	96.429	84	3	139
KT899950.1	k141_23758	528	97.436	78	2	132
KT899950.1	k141_29154	893	76.190	210	39	132
KT899950.1	k141_10682	751	94.521	73	4	114
KT899950.1	k141_10682	751	77.193	57	13	45.5
KT899950.1	k141_28671	421	95.588	68	3	110
KT899950.1	k141_6989	622	95.082	61	3	97.8
KT899950.1	k141_29147	318	79.630	108	21	93.3
KT899950.1	k141_6568	11455	77.391	115	23	85.1
KT899950.1	k141_6568	11455	77.391	115	23	85.1
KT899950.1	k141_6568	11455	82.812	64	11	67.1
KT899950.1	k141_6568	11455	82.812	64	11	67.1
KT899950.1	k141_5752	347	88.060	67	7	82.4
KT899950.1	k141_18167	1221	94.000	50	3	77.9
KT899950.1	k141_27136	365	72.857	140	34	77.0
KT899950.1	k141_27136	365	72.857	140	34	77.0
KT899950.1	k141_29672	620	78.652	89	19	76.1
KT899950.1	k141_20421	330	71.338	157	43	74.3
GU191334.1	k141_38748	121898	86.684	3740	340	4494
GU191334.1	k141_38748	121898	86.684	3740	340	4494
GU191334.1	k141_38748	121898	82.044	4511	805	4479
GU191334.1	k141_38748	121898	83.776	2447	396	2620
GU191334.1	k141_38748	121898	93.907	1510	86	2292
GU191334.1	k141_38748	121898	93.907	1510	86	2292
GU191334.1	k141_38748	121898	69.981	3671	1040	1564
GU191334.1	k141_38748	121898	83.552	1447	238	1537
GU191334.1	k141_38748	121898	78.599	1813	376	1500
GU191334.1	k141_38748	121898	80.859	1583	302	1486
GU191334.1	k141_38748	121898	88.430	1089	124	1394
GU191334.1	k141_38748	121898	75.940	1995	415	1394
GU191334.1	k141_38748	121898	76.387	1749	389	1269
GU191334.1	k141_38748	121898	69.823	1869	534	806
GU191334.1	k141_38748	121898	75.021	1173	227	769
GU191334.1	k141_38748	121898	78.446	965	149	766
GU191334.1	k141_38748	121898	78.446	965	149	766
GU191334.1	k141_38748	121898	74.753	1113	269	734
GU191334.1	k141_38748	121898	81.818	715	124	696
GU191334.1	k141_38748	121898	70.910	1406	379	665
GU191334.1	k141_38748	121898	76.633	903	186	660
GU191334.1	k141_38748	121898	76.808	871	192	638
GU191334.1	k141_38748	121898	71.094	1325	341	629
GU191334.1	k141_38748	121898	82.593	563	91	567
GU191334.1	k141_38748	121898	74.299	856	199	545
GU191334.1	k141_38748	121898	77.401	708	153	540
GU191334.1	k141_38748	121898	74.375	800	161	514
GU191334.1	k141_38748	121898	72.509	833	205	447
GU191334.1	k141_38748	121898	76.923	611	91	440
GU191334.1	k141_38748	121898	76.923	611	91	440
GU191334.1	k141_38748	121898	69.005	1126	299	440
GU191334.1	k141_38748	121898	72.514	724	186	398
GU191334.1	k141_38748	121898	74.551	613	129	382
GU191334.1	k141_38748	121898	71.774	744	203	379
GU191334.1	k141_38748	121898	75.530	519	71	356
GU191334.1	k141_38748	121898	75.530	519	71	356
GU191334.1	k141_38748	121898	78.322	429	89	350
GU191334.1	k141_38748	121898	75.372	471	116	327
GU191334.1	k141_38748	121898	73.166	518	135	303
GU191334.1	k141_38748	121898	72.519	524	144	297
GU191334.1	k141_38748	121898	70.515	719	161	293
GU191334.1	k141_38748	121898	69.021	807	210	284
GU191334.1	k141_38748	121898	76.839	367	85	279
GU191334.1	k141_38748	121898	81.923	260	44	256
GU191334.1	k141_38748	121898	76.308	325	77	240
GU191334.1	k141_38748	121898	78.596	285	61	240
GU191334.1	k141_38748	121898	68.044	726	218	232
GU191334.1	k141_38748	121898	67.424	660	183	196
GU191334.1	k141_38748	121898	80.000	230	41	195
GU191334.1	k141_38748	121898	81.675	191	35	187
GU191334.1	k141_38748	121898	73.244	299	80	179
GU191334.1	k141_38748	121898	73.469	294	78	179
GU191334.1	k141_38748	121898	66.743	439	107	156
GU191334.1	k141_38748	121898	81.410	156	29	151
GU191334.1	k141_38748	121898	74.771	218	55	146
GU191334.1	k141_38748	121898	95.455	88	4	141
GU191334.1	k141_38748	121898	95.122	82	4	131
GU191334.1	k141_38748	121898	95.062	81	4	129
GU191334.1	k141_38748	121898	94.937	79	4	125
GU191334.1	k141_38748	121898	94.937	79	4	125
GU191334.1	k141_38748	121898	97.260	73	2	123
GU191334.1	k141_38748	121898	81.890	127	21	123
GU191334.1	k141_38748	121898	67.233	412	119	123
GU191334.1	k141_38748	121898	92.683	82	6	122
GU191334.1	k141_38748	121898	94.805	77	4	122
GU191334.1	k141_38748	121898	91.667	84	7	121
GU191334.1	k141_38748	121898	65.690	580	183	119
GU191334.1	k141_38748	121898	94.667	75	4	118
GU191334.1	k141_38748	121898	81.148	122	20	115
GU191334.1	k141_38748	121898	94.521	73	4	114
GU191334.1	k141_38748	121898	94.521	73	4	114
GU191334.1	k141_38748	121898	90.361	83	6	112
GU191334.1	k141_38748	121898	89.286	84	9	112
GU191334.1	k141_38748	121898	84.694	98	12	108
GU191334.1	k141_38748	121898	79.832	119	24	107
GU191334.1	k141_38748	121898	85.714	91	13	106
GU191334.1	k141_38748	121898	90.541	74	7	103
GU191334.1	k141_38748	121898	90.541	74	7	103
GU191334.1	k141_38748	121898	89.189	74	8	98.7
GU191334.1	k141_38748	121898	86.842	76	10	93.3
GU191334.1	k141_38748	121898	90.625	64	6	89.7
GU191334.1	k141_38748	121898	66.242	471	136	86.9
GU191334.1	k141_38748	121898	74.286	140	32	86.0
GU191334.1	k141_38748	121898	73.653	167	29	86.0
GU191334.1	k141_38748	121898	75.630	119	24	85.1
GU191334.1	k141_38748	121898	81.395	86	16	84.2
GU191334.1	k141_38748	121898	79.775	89	18	80.6
GU191334.1	k141_38748	121898	64.000	225	30	74.3
GU191334.1	k141_38748	121898	77.108	83	19	65.3
GU191334.1	k141_38748	121898	71.545	123	35	65.3
GU191334.1	k141_38748	121898	83.333	60	7	62.6
GU191334.1	k141_38748	121898	87.500	48	6	60.8
GU191334.1	k141_38748	121898	78.082	73	16	60.8
GU191334.1	k141_38748	121898	87.500	48	6	60.8
GU191334.1	k141_38748	121898	90.244	41	4	57.2
GU191334.1	k141_38748	121898	86.957	46	6	57.2
GU191334.1	k141_38748	121898	88.372	43	5	56.3
GU191334.1	k141_38748	121898	72.500	80	22	46.4
GU191334.1	k141_38748	121898	77.193	57	13	45.5
GU191334.1	k141_38748	121898	78.846	52	10	41.9
GU191334.1	k141_17117	956	77.151	337	73	251
GU191334.1	k141_17117	956	77.151	337	73	251
GU191334.1	k141_17117	956	88.525	61	7	79.7
GU191334.1	k141_17117	956	88.525	61	7	79.7
GU191334.1	k141_5318	784	76.512	281	64	203
GU191334.1	k141_5318	784	76.512	281	64	203
GU191334.1	k141_19915	1269	74.390	328	64	200
GU191334.1	k141_19915	1269	74.390	328	64	200
GU191334.1	k141_6993	332	74.104	251	61	155
GU191334.1	k141_6993	332	74.104	251	61	155
GU191334.1	k141_25295	2154	74.249	233	55	146
GU191334.1	k141_25295	2154	74.249	233	55	146
GU191334.1	k141_10682	751	97.297	74	2	125
GU191334.1	k141_10611	1408	87.838	74	9	94.2
GU191334.1	k141_10611	1408	87.838	74	9	94.2
GU191334.1	k141_6568	11455	78.261	115	22	89.7
GU191334.1	k141_6568	11455	78.261	115	22	89.7
GU191334.1	k141_6568	11455	82.812	64	11	67.1
GU191334.1	k141_6568	11455	82.812	64	11	67.1
GU191334.1	k141_29672	620	74.809	131	33	88.7
GU191334.1	k141_20421	330	67.254	284	79	79.7
GU191334.1	k141_30312	1091	77.049	61	14	48.2
GU191334.1	k141_27136	365	67.901	162	48	44.6
