MZ962720.1	k141_23210	16064	90.178	5773	382	7819
MZ962720.1	k141_23210	16064	90.178	5773	382	7819
MZ962720.1	k141_23210	16064	87.481	3275	235	4090
MZ962720.1	k141_23210	16064	87.481	3275	235	4090
MZ962720.1	k141_23210	16064	92.131	1830	89	2647
MZ962720.1	k141_23210	16064	92.131	1830	89	2647
MZ962720.1	k141_23210	16064	84.641	1784	182	1957
MZ962720.1	k141_23210	16064	84.641	1784	182	1957
MZ962720.1	k141_23210	16064	84.379	717	62	793
MZ962720.1	k141_23210	16064	86.758	219	21	263
MZ962720.1	k141_23210	16064	86.758	219	21	263
MZ962720.1	k141_23210	16064	78.302	318	43	260
MZ962720.1	k141_23210	16064	78.302	318	43	260
MZ962720.1	k141_23210	16064	90.769	130	11	178
MZ962720.1	k141_23210	16064	90.769	130	11	178
MZ962720.1	k141_23210	16064	87.407	135	15	165
MZ962720.1	k141_23210	16064	87.407	135	15	165
MZ962720.1	k141_23210	16064	88.976	127	13	163
MZ962720.1	k141_23210	16064	94.737	95	5	150
MZ962720.1	k141_23210	16064	94.737	95	5	150
MZ962720.1	k141_23210	16064	94.737	95	5	150
MZ962720.1	k141_23210	16064	78.857	175	21	146
MZ962720.1	k141_23210	16064	78.857	175	21	146
MZ962720.1	k141_23210	16064	97.561	82	2	140
MZ962720.1	k141_23210	16064	97.561	82	2	140
MZ962720.1	k141_23210	16064	96.250	80	2	128
MZ962720.1	k141_23210	16064	96.250	80	2	128
MZ962720.1	k141_23210	16064	93.902	82	5	126
MZ962720.1	k141_23210	16064	93.902	82	5	126
MZ962720.1	k141_23210	16064	95.238	42	2	68.0
MZ962720.1	k141_23210	16064	95.238	42	2	68.0
MZ962720.1	k141_23210	16064	89.583	48	5	65.3
MZ962720.1	k141_23210	16064	89.583	48	5	65.3
MZ962720.1	k141_23210	16064	91.429	35	3	50.9
MZ962720.1	k141_2790	22635	78.814	8312	1524	6931
MZ962720.1	k141_2790	22635	75.632	1621	300	1098
MZ962720.1	k141_2790	22635	84.398	955	127	1035
MZ962720.1	k141_2790	22635	84.398	955	127	1035
MZ962720.1	k141_2790	22635	79.456	993	179	867
MZ962720.1	k141_2790	22635	87.617	533	62	659
MZ962720.1	k141_2790	22635	87.617	533	62	659
MZ962720.1	k141_2790	22635	73.429	907	207	535
MZ962720.1	k141_2790	22635	67.508	991	213	335
MZ962720.1	k141_2790	22635	73.196	388	101	225
MZ962720.1	k141_2790	22635	76.959	217	47	165
MZ962720.1	k141_2790	22635	75.676	185	45	132
MZ962720.1	k141_2790	22635	75.676	185	45	132
MZ962720.1	k141_2790	22635	67.846	311	76	123
MZ962720.1	k141_2790	22635	62.579	791	171	79.7
MZ962720.1	k141_2790	22635	73.276	116	28	68.9
MZ962720.1	k141_2790	22635	73.276	116	28	68.9
MZ962720.1	k141_7033	26930	87.705	5238	577	6487
MZ962720.1	k141_7033	26930	90.047	2532	240	3424
MZ962720.1	k141_7033	26930	80.603	2552	404	2345
MZ962720.1	k141_7033	26930	86.856	776	98	930
MZ962720.1	k141_7033	26930	74.970	823	162	542
MZ962720.1	k141_7033	26930	83.962	424	52	451
MZ962720.1	k141_7033	26930	67.587	1268	257	420
MZ962720.1	k141_7033	26930	71.922	869	150	417
MZ962720.1	k141_7033	26930	72.273	761	115	405
MZ962720.1	k141_7033	26930	69.283	879	148	366
MZ962720.1	k141_7033	26930	74.427	524	92	312
MZ962720.1	k141_7033	26930	84.615	247	33	270
MZ962720.1	k141_7033	26930	76.022	367	63	248
MZ962720.1	k141_7033	26930	83.333	210	26	225
MZ962720.1	k141_7033	26930	83.333	210	26	225
MZ962720.1	k141_7033	26930	80.097	206	33	186
MZ962720.1	k141_7033	26930	80.097	206	33	186
MZ962720.1	k141_7033	26930	81.481	189	28	181
MZ962720.1	k141_7033	26930	84.615	169	12	178
MZ962720.1	k141_7033	26930	82.209	163	23	160
MZ962720.1	k141_7033	26930	77.184	206	39	159
MZ962720.1	k141_7033	26930	95.349	86	4	138
MZ962720.1	k141_7033	26930	76.667	180	27	136
MZ962720.1	k141_7033	26930	69.062	320	81	121
MZ962720.1	k141_7033	26930	88.043	92	9	110
MZ962720.1	k141_7033	26930	66.284	261	40	96.0
MZ962720.1	k141_7033	26930	82.105	95	15	93.3
MZ962720.1	k141_7033	26930	68.551	283	77	89.7
MZ962720.1	k141_7033	26930	81.818	88	16	87.8
MZ962720.1	k141_7033	26930	85.333	75	11	86.9
MZ962720.1	k141_7033	26930	70.000	220	58	80.6
MZ962720.1	k141_7033	26930	79.545	88	18	78.8
MZ962720.1	k141_7033	26930	83.333	66	11	70.7
MZ962720.1	k141_7033	26930	67.241	232	72	62.6
MZ962720.1	k141_7033	26930	80.392	51	10	48.2
MZ962720.1	k141_7033	26930	80.392	51	10	48.2
MZ962720.1	k141_3087	32660	78.967	5772	870	4773
MZ962720.1	k141_3087	32660	83.469	2214	310	2322
MZ962720.1	k141_3087	32660	87.048	1467	190	1790
MZ962720.1	k141_3087	32660	80.167	1800	308	1614
MZ962720.1	k141_3087	32660	90.568	1092	101	1498
MZ962720.1	k141_3087	32660	74.943	1760	279	1148
MZ962720.1	k141_3087	32660	68.740	2492	572	890
MZ962720.1	k141_3087	32660	76.836	708	106	500
MZ962720.1	k141_3087	32660	75.107	703	128	432
MZ962720.1	k141_3087	32660	78.039	510	96	394
MZ962720.1	k141_3087	32660	75.989	379	52	291
MZ962720.1	k141_3087	32660	85.776	232	28	270
MZ962720.1	k141_3087	32660	82.879	257	35	265
MZ962720.1	k141_3087	32660	73.864	352	62	221
MZ962720.1	k141_3087	32660	84.804	204	27	219
MZ962720.1	k141_3087	32660	71.230	431	72	216
MZ962720.1	k141_3087	32660	71.230	431	72	216
MZ962720.1	k141_3087	32660	91.892	148	10	206
MZ962720.1	k141_3087	32660	87.586	145	13	177
MZ962720.1	k141_3087	32660	73.162	272	24	175
MZ962720.1	k141_3087	32660	96.875	96	3	160
MZ962720.1	k141_3087	32660	88.189	127	7	156
MZ962720.1	k141_3087	32660	76.606	218	36	150
MZ962720.1	k141_3087	32660	76.606	218	36	150
MZ962720.1	k141_3087	32660	98.684	76	1	133
MZ962720.1	k141_3087	32660	91.111	90	8	127
MZ962720.1	k141_3087	32660	93.333	75	5	113
MZ962720.1	k141_3087	32660	88.764	89	8	109
MZ962720.1	k141_3087	32660	80.198	101	13	95.1
MZ962720.1	k141_3087	32660	80.645	62	12	59.0
MZ962720.1	k141_3087	32660	79.592	49	10	44.6
MZ962720.1	k141_3087	32660	74.242	66	17	43.7
MZ962720.1	k141_3087	32660	84.211	38	6	42.8
MZ962720.1	k141_3087	32660	84.211	38	6	42.8
MZ962720.1	k141_3087	32660	72.727	66	18	39.2
MZ962720.1	k141_13966	11517	74.132	2563	465	1587
MZ962720.1	k141_13966	11517	74.132	2563	465	1587
MZ962720.1	k141_13966	11517	77.112	1953	365	1487
MZ962720.1	k141_13966	11517	72.776	2259	519	1289
MZ962720.1	k141_13966	11517	79.758	1156	197	1028
MZ962720.1	k141_13966	11517	79.758	1156	197	1028
MZ962720.1	k141_13966	11517	80.395	607	104	545
MZ962720.1	k141_13966	11517	80.395	607	104	545
MZ962720.1	k141_13966	11517	73.267	808	193	478
MZ962720.1	k141_13966	11517	80.952	315	60	298
MZ962720.1	k141_13966	11517	80.702	114	22	107
MZ962720.1	k141_4612	11899	77.916	1929	375	1533
MZ962720.1	k141_4612	11899	79.819	1214	186	1053
MZ962720.1	k141_4612	11899	80.536	709	118	644
MZ962720.1	k141_4612	11899	72.493	698	104	397
MZ962720.1	k141_4612	11899	72.837	416	78	219
MZ962720.1	k141_4612	11899	85.811	148	19	170
MZ962720.1	k141_4612	11899	77.228	202	45	154
MZ962720.1	k141_4612	11899	71.480	277	59	144
MZ962720.1	k141_4612	11899	86.170	94	9	106
MZ962720.1	k141_4612	11899	76.068	117	28	86.0
MZ962720.1	k141_7044	2269	74.749	499	126	333
MZ962720.1	k141_7044	2269	74.749	499	126	333
MZ962720.1	k141_7044	2269	71.222	483	118	219
MZ962720.1	k141_7044	2269	74.074	162	42	104
MZ962720.1	k141_12906	1835	78.889	270	57	231
MZ962720.1	k141_12906	1835	90.698	86	7	116
MZ962720.1	k141_21136	695	94.737	95	5	150
MZ962720.1	k141_21136	695	94.737	95	5	150
MZ962720.1	k141_23249	990	97.561	82	2	140
MZ962720.1	k141_23249	990	97.561	82	2	140
MZ962720.1	k141_8200	941	74.866	187	25	137
MZ962720.1	k141_25481	2050	88.764	89	10	116
MZ962720.1	k141_2361	817	89.552	67	7	90.6
MZ962720.1	k141_2361	817	89.552	67	7	90.6
MZ962720.1	k141_2361	817	88.060	67	8	86.0
MZ962720.1	k141_2647	414	83.529	85	13	87.8
MZ962720.1	k141_2647	414	83.529	85	13	87.8
MZ962720.1	k141_29503	443	79.000	100	18	80.6
MZ962720.1	k141_29261	10871	76.522	115	24	80.6
MZ962720.1	k141_29261	10871	76.522	115	24	80.6
MZ962720.1	k141_29261	10871	81.250	64	12	62.6
MZ962720.1	k141_29261	10871	81.250	64	12	62.6
MZ962720.1	k141_6288	529	83.824	68	11	74.3
MZ962720.1	k141_6288	529	83.824	68	11	74.3
MZ962720.1	k141_6390	265	75.789	95	23	68.9
MZ962720.1	k141_6390	265	75.789	95	23	68.9
MZ962720.1	k141_12227	326	80.952	42	8	41.0
MZ962720.1	k141_9073	435	80.952	42	8	41.0
MH569081.1	k141_23210	16064	91.346	4911	269	6888
MH569081.1	k141_23210	16064	91.346	4911	269	6888
MH569081.1	k141_23210	16064	91.038	4530	255	6300
MH569081.1	k141_23210	16064	91.038	4530	255	6300
MH569081.1	k141_23210	16064	90.393	2977	173	4083
MH569081.1	k141_23210	16064	90.393	2977	173	4083
MH569081.1	k141_23210	16064	72.759	848	100	521
MH569081.1	k141_23210	16064	72.759	848	100	521
MH569081.1	k141_23210	16064	82.222	450	41	455
MH569081.1	k141_23210	16064	82.222	450	41	455
MH569081.1	k141_23210	16064	84.277	159	16	174
MH569081.1	k141_23210	16064	84.277	159	16	174
MH569081.1	k141_23210	16064	71.765	255	18	171
MH569081.1	k141_23210	16064	71.765	255	18	171
MH569081.1	k141_23210	16064	79.882	169	28	153
MH569081.1	k141_23210	16064	79.882	169	28	153
MH569081.1	k141_23210	16064	80.357	168	32	151
MH569081.1	k141_23210	16064	80.357	168	32	151
MH569081.1	k141_23210	16064	93.000	100	6	146
MH569081.1	k141_23210	16064	93.000	100	6	146
MH569081.1	k141_23210	16064	95.062	81	4	129
MH569081.1	k141_23210	16064	95.062	81	4	129
MH569081.1	k141_23210	16064	92.857	42	3	63.5
MH569081.1	k141_23210	16064	92.857	42	3	63.5
MH569081.1	k141_23210	16064	92.308	39	3	58.1
MH569081.1	k141_7033	26930	86.984	5332	622	6462
MH569081.1	k141_7033	26930	88.003	2584	292	3248
MH569081.1	k141_7033	26930	79.453	2560	424	2221
MH569081.1	k141_7033	26930	79.500	1761	295	1545
MH569081.1	k141_7033	26930	71.193	1333	247	648
MH569081.1	k141_7033	26930	76.316	646	102	477
MH569081.1	k141_7033	26930	73.100	829	117	464
MH569081.1	k141_7033	26930	75.000	692	131	430
MH569081.1	k141_7033	26930	87.987	308	37	389
MH569081.1	k141_7033	26930	79.139	302	44	247
MH569081.1	k141_7033	26930	74.247	365	57	237
MH569081.1	k141_7033	26930	68.561	528	125	187
MH569081.1	k141_7033	26930	65.365	589	180	124
MH569081.1	k141_7033	26930	75.145	173	35	117
MH569081.1	k141_7033	26930	93.243	74	5	112
MH569081.1	k141_7033	26930	93.243	74	5	112
MH569081.1	k141_7033	26930	74.000	150	26	98.7
MH569081.1	k141_7033	26930	83.117	77	13	81.5
MH569081.1	k141_7033	26930	70.701	157	44	69.8
MH569081.1	k141_7033	26930	80.000	70	12	61.7
MH569081.1	k141_7033	26930	81.250	48	9	47.3
MH569081.1	k141_3087	32660	78.249	5687	911	4527
MH569081.1	k141_3087	32660	75.662	4043	732	2763
MH569081.1	k141_3087	32660	83.971	1909	302	2058
MH569081.1	k141_3087	32660	86.577	1490	200	1786
MH569081.1	k141_3087	32660	80.523	1874	294	1713
MH569081.1	k141_3087	32660	75.450	2110	334	1407
MH569081.1	k141_3087	32660	74.006	1081	204	658
MH569081.1	k141_3087	32660	78.831	770	111	643
MH569081.1	k141_3087	32660	70.692	1242	210	549
MH569081.1	k141_3087	32660	71.067	750	145	336
MH569081.1	k141_3087	32660	82.143	336	37	316
MH569081.1	k141_3087	32660	77.778	351	66	279
MH569081.1	k141_3087	32660	94.444	90	5	141
MH569081.1	k141_3087	32660	100.000	75	0	136
MH569081.1	k141_3087	32660	81.203	133	19	129
MH569081.1	k141_3087	32660	87.129	101	12	121
MH569081.1	k141_3087	32660	93.243	74	5	112
MH569081.1	k141_3087	32660	88.462	78	8	97.8
MH569081.1	k141_3087	32660	75.000	132	18	81.5
MH569081.1	k141_3087	32660	91.111	45	4	64.4
MH569081.1	k141_3087	32660	91.111	45	4	64.4
MH569081.1	k141_3087	32660	77.143	70	16	55.4
MH569081.1	k141_3087	32660	74.627	67	17	45.5
MH569081.1	k141_3087	32660	84.211	38	6	42.8
MH569081.1	k141_3087	32660	84.211	38	6	42.8
MH569081.1	k141_2790	22635	81.759	3843	619	3768
MH569081.1	k141_2790	22635	79.935	3359	579	3002
MH569081.1	k141_2790	22635	81.236	1311	172	1269
MH569081.1	k141_2790	22635	81.236	1311	172	1269
MH569081.1	k141_2790	22635	73.223	2054	452	1214
MH569081.1	k141_2790	22635	75.811	1633	274	1143
MH569081.1	k141_2790	22635	72.703	1480	346	829
MH569081.1	k141_2790	22635	88.766	543	59	702
MH569081.1	k141_2790	22635	88.766	543	59	702
MH569081.1	k141_2790	22635	67.925	1113	251	422
MH569081.1	k141_2790	22635	77.491	271	55	211
MH569081.1	k141_2790	22635	77.491	271	55	211
MH569081.1	k141_2790	22635	69.082	414	77	144
MH569081.1	k141_2790	22635	76.720	189	44	143
MH569081.1	k141_2790	22635	77.619	210	35	142
MH569081.1	k141_2790	22635	77.215	158	35	120
MH569081.1	k141_2790	22635	77.215	158	35	120
MH569081.1	k141_2790	22635	80.208	96	15	87.8
MH569081.1	k141_13966	11517	77.744	1950	345	1564
MH569081.1	k141_13966	11517	79.283	1506	294	1290
MH569081.1	k141_13966	11517	80.016	1231	212	1093
MH569081.1	k141_13966	11517	76.883	1142	208	871
MH569081.1	k141_13966	11517	75.253	1087	237	714
MH569081.1	k141_13966	11517	76.886	835	174	618
MH569081.1	k141_13966	11517	70.633	916	185	412
MH569081.1	k141_13966	11517	74.436	532	98	336
MH569081.1	k141_13966	11517	78.632	117	25	99.6
MH569081.1	k141_13966	11517	88.372	43	5	56.3
MH569081.1	k141_13966	11517	88.372	43	5	56.3
MH569081.1	k141_4612	11899	77.945	1927	368	1548
MH569081.1	k141_4612	11899	83.710	1062	149	1117
MH569081.1	k141_4612	11899	82.003	639	102	624
MH569081.1	k141_4612	11899	72.000	1050	197	521
MH569081.1	k141_4612	11899	73.107	647	113	348
MH569081.1	k141_4612	11899	81.004	279	49	260
MH569081.1	k141_4612	11899	84.431	167	25	181
MH569081.1	k141_4612	11899	71.786	280	53	155
MH569081.1	k141_4612	11899	83.333	114	19	121
MH569081.1	k141_12906	1835	77.189	434	88	329
MH569081.1	k141_12906	1835	84.545	110	13	117
MH569081.1	k141_23249	990	79.882	169	28	153
MH569081.1	k141_23249	990	79.882	169	28	153
MH569081.1	k141_21136	695	81.046	153	23	147
MH569081.1	k141_21136	695	81.046	153	23	147
MH569081.1	k141_25481	2050	88.889	90	10	118
MH569081.1	k141_8200	941	68.273	249	56	101
MH569081.1	k141_2361	817	91.045	67	6	95.1
MH569081.1	k141_16472	428	74.839	155	36	94.2
MH569081.1	k141_16472	428	74.839	155	36	94.2
MH569081.1	k141_29261	10871	77.391	115	23	85.1
MH569081.1	k141_29261	10871	77.391	115	23	85.1
MH569081.1	k141_29261	10871	81.250	64	12	62.6
MH569081.1	k141_29261	10871	81.250	64	12	62.6
MH569081.1	k141_2647	414	81.176	85	16	82.4
MH569081.1	k141_2647	414	81.176	85	16	82.4
MH569081.1	k141_29503	443	81.356	59	11	58.1
NC_033978.1	k141_2790	22635	86.841	8496	953	10250
NC_033978.1	k141_2790	22635	77.180	3887	656	3012
NC_033978.1	k141_2790	22635	81.879	2224	334	2207
NC_033978.1	k141_2790	22635	83.686	1324	151	1424
NC_033978.1	k141_2790	22635	83.686	1324	151	1424
NC_033978.1	k141_2790	22635	80.058	1389	151	1312
NC_033978.1	k141_2790	22635	92.280	557	43	811
NC_033978.1	k141_2790	22635	76.722	726	99	584
NC_033978.1	k141_2790	22635	74.531	852	151	546
NC_033978.1	k141_2790	22635	80.899	267	51	252
NC_033978.1	k141_2790	22635	83.636	165	24	175
NC_033978.1	k141_2790	22635	68.286	391	80	146
NC_033978.1	k141_2790	22635	77.358	159	36	125
NC_033978.1	k141_23210	16064	94.876	6167	193	9673
NC_033978.1	k141_23210	16064	94.876	6167	193	9673
NC_033978.1	k141_23210	16064	93.467	4822	197	7293
NC_033978.1	k141_23210	16064	93.467	4822	197	7293
NC_033978.1	k141_23210	16064	96.456	1834	50	2988
NC_033978.1	k141_23210	16064	96.456	1834	50	2988
NC_033978.1	k141_23210	16064	78.499	986	58	890
NC_033978.1	k141_23210	16064	78.499	986	58	890
NC_033978.1	k141_23210	16064	84.018	438	49	485
NC_033978.1	k141_23210	16064	84.018	438	49	485
NC_033978.1	k141_23210	16064	75.781	256	12	224
NC_033978.1	k141_23210	16064	75.781	256	12	224
NC_033978.1	k141_23210	16064	86.667	165	20	196
NC_033978.1	k141_23210	16064	86.667	165	20	196
NC_033978.1	k141_23210	16064	93.103	116	8	174
NC_033978.1	k141_23210	16064	93.103	116	8	174
NC_033978.1	k141_23210	16064	96.154	78	3	128
NC_033978.1	k141_23210	16064	93.671	79	5	121
NC_033978.1	k141_23210	16064	93.671	79	5	121
NC_033978.1	k141_23210	16064	100.000	39	0	71.6
NC_033978.1	k141_23210	16064	92.857	42	3	63.5
NC_033978.1	k141_7033	26930	90.769	5785	395	8034
NC_033978.1	k141_7033	26930	85.839	4018	361	4657
NC_033978.1	k141_7033	26930	85.470	2980	300	3461
NC_033978.1	k141_7033	26930	78.738	3565	526	2983
NC_033978.1	k141_7033	26930	79.082	1372	169	1170
NC_033978.1	k141_7033	26930	80.196	1121	138	971
NC_033978.1	k141_7033	26930	76.232	812	117	519
NC_033978.1	k141_7033	26930	82.595	316	32	321
NC_033978.1	k141_7033	26930	70.656	610	106	297
NC_033978.1	k141_7033	26930	70.050	601	137	253
NC_033978.1	k141_7033	26930	82.456	228	22	230
NC_033978.1	k141_7033	26930	78.155	206	28	158
NC_033978.1	k141_7033	26930	95.789	95	3	150
NC_033978.1	k141_7033	26930	79.365	126	26	111
NC_033978.1	k141_7033	26930	79.032	124	26	107
NC_033978.1	k141_7033	26930	89.474	57	6	77.0
NC_033978.1	k141_7033	26930	89.474	57	6	77.0
NC_033978.1	k141_7033	26930	70.000	170	49	70.7
NC_033978.1	k141_3087	32660	83.786	5113	552	5450
NC_033978.1	k141_3087	32660	86.284	4411	398	5261
NC_033978.1	k141_3087	32660	86.183	1983	225	2336
NC_033978.1	k141_3087	32660	79.303	2696	442	2316
NC_033978.1	k141_3087	32660	82.986	2157	213	2244
NC_033978.1	k141_3087	32660	91.558	1303	91	1840
NC_033978.1	k141_3087	32660	75.908	1872	241	1330
NC_033978.1	k141_3087	32660	77.987	1272	173	998
NC_033978.1	k141_3087	32660	91.706	639	48	910
NC_033978.1	k141_3087	32660	81.795	780	88	748
NC_033978.1	k141_3087	32660	79.292	565	62	497
NC_033978.1	k141_3087	32660	80.665	481	62	441
NC_033978.1	k141_3087	32660	73.148	648	101	370
NC_033978.1	k141_3087	32660	91.286	241	19	334
NC_033978.1	k141_3087	32660	82.593	270	28	284
NC_033978.1	k141_3087	32660	82.061	262	46	258
NC_033978.1	k141_3087	32660	67.979	559	69	242
NC_033978.1	k141_3087	32660	73.901	364	48	240
NC_033978.1	k141_3087	32660	78.966	290	38	229
NC_033978.1	k141_3087	32660	69.492	472	72	205
NC_033978.1	k141_3087	32660	84.507	71	11	79.7
NC_033978.1	k141_3087	32660	71.242	153	39	74.3
NC_033978.1	k141_3087	32660	92.857	42	3	63.5
NC_033978.1	k141_3087	32660	92.857	42	3	63.5
NC_033978.1	k141_3087	32660	92.500	40	3	59.9
NC_033978.1	k141_3087	32660	86.957	46	6	57.2
NC_033978.1	k141_3087	32660	84.615	39	6	44.6
NC_033978.1	k141_3087	32660	80.435	46	9	43.7
NC_033978.1	k141_3087	32660	80.435	46	9	43.7
NC_033978.1	k141_3087	32660	74.242	66	17	43.7
NC_033978.1	k141_3087	32660	72.727	66	18	39.2
NC_033978.1	k141_4612	11899	81.282	4055	510	3877
NC_033978.1	k141_4612	11899	73.133	1634	230	985
NC_033978.1	k141_4612	11899	86.245	727	88	854
NC_033978.1	k141_4612	11899	74.981	1295	198	804
NC_033978.1	k141_4612	11899	83.824	272	24	297
NC_033978.1	k141_4612	11899	75.773	388	61	270
NC_033978.1	k141_4612	11899	81.215	181	25	168
NC_033978.1	k141_4612	11899	86.667	60	8	73.4
NC_033978.1	k141_13966	11517	80.210	3340	509	2978
NC_033978.1	k141_13966	11517	76.770	2669	432	1936
NC_033978.1	k141_13966	11517	83.095	1538	229	1603
NC_033978.1	k141_13966	11517	81.202	1181	179	1137
NC_033978.1	k141_13966	11517	80.042	957	155	875
NC_033978.1	k141_13966	11517	74.064	721	148	462
NC_033978.1	k141_13966	11517	84.173	139	22	152
NC_033978.1	k141_7044	2269	81.421	549	100	524
NC_033978.1	k141_12906	1835	79.518	581	89	508
NC_033978.1	k141_12906	1835	85.938	64	9	76.1
NC_033978.1	k141_25481	2050	70.949	1043	203	471
NC_033978.1	k141_25481	2050	93.939	33	2	51.8
NC_033978.1	k141_8200	941	81.148	244	23	245
NC_033978.1	k141_23249	990	86.667	165	20	196
NC_033978.1	k141_23249	990	86.667	165	20	196
NC_033978.1	k141_21136	695	87.838	148	18	187
NC_033978.1	k141_21136	695	87.838	148	18	187
NC_033978.1	k141_25233	484	88.652	141	15	179
NC_033978.1	k141_25233	484	88.652	141	15	179
NC_033978.1	k141_29919	573	78.488	172	33	143
NC_033978.1	k141_11220	1402	72.523	222	43	129
NC_033978.1	k141_11220	1402	72.523	222	43	129
NC_033978.1	k141_34795	914	89.362	94	7	123
NC_033978.1	k141_2361	817	95.588	68	3	110
NC_033978.1	k141_4636	492	69.262	244	39	108
NC_033978.1	k141_22736	1570	73.418	158	26	106
NC_033978.1	k141_22736	1570	73.418	158	26	106
NC_033978.1	k141_16472	428	75.484	155	35	98.7
NC_033978.1	k141_16472	428	75.484	155	35	98.7
NC_033978.1	k141_29503	443	92.188	64	5	94.2
NC_033978.1	k141_29261	10871	77.391	115	23	85.1
NC_033978.1	k141_29261	10871	77.391	115	23	85.1
NC_033978.1	k141_39791	931	90.000	40	4	55.4
MW006668.1	k141_3087	32660	89.522	8351	640	11080
MW006668.1	k141_3087	32660	89.676	3826	279	5093
MW006668.1	k141_3087	32660	84.895	4204	380	4710
MW006668.1	k141_3087	32660	86.593	3446	372	4105
MW006668.1	k141_3087	32660	94.322	1902	84	2952
MW006668.1	k141_3087	32660	88.708	1231	78	1577
MW006668.1	k141_3087	32660	88.708	1231	78	1577
MW006668.1	k141_3087	32660	95.346	967	39	1534
MW006668.1	k141_3087	32660	95.346	967	39	1534
MW006668.1	k141_3087	32660	80.698	1347	134	1281
MW006668.1	k141_3087	32660	78.253	1076	121	898
MW006668.1	k141_3087	32660	86.596	567	48	670
MW006668.1	k141_3087	32660	87.139	381	31	461
MW006668.1	k141_3087	32660	87.139	381	31	461
MW006668.1	k141_3087	32660	81.152	382	39	359
MW006668.1	k141_3087	32660	81.672	311	38	290
MW006668.1	k141_3087	32660	81.229	293	43	265
MW006668.1	k141_3087	32660	83.268	257	24	260
MW006668.1	k141_3087	32660	82.625	259	28	258
MW006668.1	k141_3087	32660	87.845	181	15	225
MW006668.1	k141_3087	32660	83.516	182	22	187
MW006668.1	k141_3087	32660	87.248	149	18	180
MW006668.1	k141_3087	32660	79.327	208	27	174
MW006668.1	k141_3087	32660	81.765	170	31	168
MW006668.1	k141_3087	32660	70.588	255	21	158
MW006668.1	k141_3087	32660	72.986	211	14	150
MW006668.1	k141_3087	32660	78.832	137	17	114
MW006668.1	k141_3087	32660	67.273	220	19	107
MW006668.1	k141_3087	32660	83.951	81	12	85.1
MW006668.1	k141_3087	32660	91.228	57	5	81.5
MW006668.1	k141_3087	32660	89.796	49	5	67.1
MW006668.1	k141_3087	32660	89.796	49	5	67.1
MW006668.1	k141_3087	32660	97.436	39	1	67.1
MW006668.1	k141_3087	32660	92.857	42	3	63.5
MW006668.1	k141_3087	32660	76.119	67	16	50.0
MW006668.1	k141_3087	32660	87.179	39	5	49.1
MW006668.1	k141_3087	32660	86.842	38	5	47.3
MW006668.1	k141_23210	16064	97.093	5676	101	9478
MW006668.1	k141_23210	16064	97.093	5676	101	9478
MW006668.1	k141_23210	16064	92.479	5385	301	7881
MW006668.1	k141_23210	16064	94.255	1845	50	2860
MW006668.1	k141_23210	16064	94.255	1845	50	2860
MW006668.1	k141_23210	16064	81.862	1246	134	1226
MW006668.1	k141_23210	16064	81.352	488	51	480
MW006668.1	k141_23210	16064	85.556	270	20	311
MW006668.1	k141_23210	16064	85.556	270	20	311
MW006668.1	k141_23210	16064	95.706	163	7	263
MW006668.1	k141_23210	16064	95.706	163	7	263
MW006668.1	k141_23210	16064	77.344	256	8	242
MW006668.1	k141_23210	16064	77.344	256	8	242
MW006668.1	k141_23210	16064	86.897	145	9	172
MW006668.1	k141_23210	16064	86.897	145	9	172
MW006668.1	k141_23210	16064	81.013	158	14	156
MW006668.1	k141_23210	16064	81.013	158	14	156
MW006668.1	k141_23210	16064	87.500	112	7	141
MW006668.1	k141_23210	16064	100.000	42	0	77.0
MW006668.1	k141_23210	16064	100.000	42	0	77.0
MW006668.1	k141_23210	16064	93.750	48	3	74.3
MW006668.1	k141_23210	16064	92.857	42	3	63.5
MW006668.1	k141_23210	16064	84.314	51	8	57.2
MW006668.1	k141_7033	26930	94.387	5487	240	8537
MW006668.1	k141_7033	26930	87.288	6765	523	8316
MW006668.1	k141_7033	26930	91.593	4175	230	5921
MW006668.1	k141_7033	26930	87.889	2122	174	2663
MW006668.1	k141_7033	26930	85.146	1407	132	1571
MW006668.1	k141_7033	26930	77.428	1843	232	1434
MW006668.1	k141_7033	26930	86.020	608	58	698
MW006668.1	k141_7033	26930	71.993	607	123	295
MW006668.1	k141_7033	26930	87.719	228	13	286
MW006668.1	k141_7033	26930	76.657	347	44	254
MW006668.1	k141_7033	26930	82.967	182	25	186
MW006668.1	k141_7033	26930	74.615	260	33	170
MW006668.1	k141_7033	26930	85.926	135	15	153
MW006668.1	k141_7033	26930	85.926	135	15	153
MW006668.1	k141_7033	26930	72.512	211	15	145
MW006668.1	k141_7033	26930	84.173	139	15	145
MW006668.1	k141_7033	26930	75.796	157	36	110
MW006668.1	k141_7033	26930	90.541	74	7	103
MW006668.1	k141_7033	26930	83.505	97	13	97.8
MW006668.1	k141_7033	26930	91.228	57	5	81.5
MW006668.1	k141_7033	26930	80.000	90	8	73.4
MW006668.1	k141_2790	22635	89.892	4996	435	6725
MW006668.1	k141_2790	22635	91.433	3385	268	4782
MW006668.1	k141_2790	22635	88.285	2228	201	2860
MW006668.1	k141_2790	22635	82.969	2102	194	2213
MW006668.1	k141_2790	22635	79.725	1820	296	1608
MW006668.1	k141_2790	22635	87.037	1188	116	1447
MW006668.1	k141_2790	22635	83.867	874	80	929
MW006668.1	k141_2790	22635	83.468	744	77	811
MW006668.1	k141_2790	22635	87.406	532	53	662
MW006668.1	k141_2790	22635	87.406	532	53	662
MW006668.1	k141_2790	22635	85.888	411	35	492
MW006668.1	k141_2790	22635	85.098	255	34	279
MW006668.1	k141_2790	22635	80.970	268	51	254
MW006668.1	k141_2790	22635	74.339	378	61	233
MW006668.1	k141_2790	22635	89.820	167	14	224
MW006668.1	k141_2790	22635	77.941	272	52	219
MW006668.1	k141_2790	22635	77.941	272	52	219
MW006668.1	k141_2790	22635	77.119	236	24	187
MW006668.1	k141_2790	22635	79.126	206	25	177
MW006668.1	k141_2790	22635	79.208	202	24	174
MW006668.1	k141_2790	22635	86.154	130	12	155
MW006668.1	k141_2790	22635	86.154	130	12	155
MW006668.1	k141_2790	22635	80.405	148	29	137
MW006668.1	k141_2790	22635	84.821	112	10	114
MW006668.1	k141_2790	22635	95.588	68	3	110
MW006668.1	k141_2790	22635	95.588	68	3	110
MW006668.1	k141_2790	22635	75.676	111	11	85.1
MW006668.1	k141_2790	22635	79.310	87	12	77.9
MW006668.1	k141_2790	22635	79.310	87	12	77.9
MW006668.1	k141_2790	22635	87.273	55	7	68.9
MW006668.1	k141_2790	22635	87.273	55	7	68.9
MW006668.1	k141_2790	22635	73.737	99	20	63.5
MW006668.1	k141_2790	22635	92.308	39	3	58.1
MW006668.1	k141_4612	11899	82.198	5870	584	5899
MW006668.1	k141_4612	11899	91.279	2041	157	2871
MW006668.1	k141_4612	11899	91.568	759	55	1071
MW006668.1	k141_4612	11899	77.244	1103	93	924
MW006668.1	k141_4612	11899	73.865	991	139	643
MW006668.1	k141_4612	11899	87.946	224	25	280
MW006668.1	k141_4612	11899	88.764	89	10	116
MW006668.1	k141_13966	11517	86.615	4378	356	5299
MW006668.1	k141_13966	11517	86.615	4378	356	5299
MW006668.1	k141_13966	11517	87.612	2575	210	3210
MW006668.1	k141_13966	11517	87.612	2575	210	3210
MW006668.1	k141_13966	11517	80.060	2347	405	2099
MW006668.1	k141_13966	11517	88.113	1203	106	1523
MW006668.1	k141_13966	11517	88.113	1203	106	1523
MW006668.1	k141_13966	11517	94.815	135	7	213
MW006668.1	k141_13966	11517	94.815	135	7	213
MW006668.1	k141_13966	11517	80.420	143	18	137
MW006668.1	k141_12906	1835	89.502	743	34	1011
MW006668.1	k141_12906	1835	89.502	743	34	1011
MW006668.1	k141_12906	1835	79.832	357	51	312
MW006668.1	k141_12906	1835	79.832	357	51	312
MW006668.1	k141_12906	1835	89.362	141	12	181
MW006668.1	k141_12906	1835	89.362	141	12	181
MW006668.1	k141_12906	1835	75.352	142	16	103
MW006668.1	k141_25481	2050	79.115	814	98	704
MW006668.1	k141_25481	2050	77.398	761	116	572
MW006668.1	k141_25481	2050	74.809	131	14	96.9
MW006668.1	k141_25481	2050	93.939	33	2	51.8
MW006668.1	k141_8200	941	83.922	255	21	289
MW006668.1	k141_7044	2269	85.098	255	34	279
MW006668.1	k141_23249	990	94.479	163	9	254
MW006668.1	k141_23249	990	94.479	163	9	254
MW006668.1	k141_23249	990	74.809	131	14	96.9
MW006668.1	k141_21136	695	95.205	146	7	233
MW006668.1	k141_21136	695	95.205	146	7	233
MW006668.1	k141_18072	279	77.419	279	32	225
MW006668.1	k141_4636	492	76.753	271	31	212
MW006668.1	k141_6390	265	86.957	138	16	161
MW006668.1	k141_34795	914	91.509	106	9	151
MW006668.1	k141_25233	484	80.741	135	10	132
MW006668.1	k141_29919	573	79.054	148	24	116
MW006668.1	k141_22736	1570	74.684	158	24	115
MW006668.1	k141_22736	1570	74.684	158	24	115
MW006668.1	k141_12637	320	88.372	86	10	111
MW006668.1	k141_29503	443	90.123	81	7	107
MW006668.1	k141_2361	817	94.286	70	2	106
MW006668.1	k141_6288	529	74.815	135	18	101
MW006668.1	k141_6288	529	74.815	135	18	101
MW006668.1	k141_29261	10871	77.391	115	23	85.1
MW006668.1	k141_29261	10871	77.391	115	23	85.1
MW006668.1	k141_2647	414	75.610	123	28	85.1
MW006668.1	k141_2647	414	75.610	123	28	85.1
MW006668.1	k141_16472	428	73.548	155	38	85.1
MW006668.1	k141_16472	428	73.548	155	38	85.1
MW006668.1	k141_1644	503	83.117	77	13	81.5
MW006668.1	k141_39791	931	90.000	40	4	55.4
MW006668.1	k141_16913	532	86.111	36	5	43.7
MW006668.1	k141_16913	532	86.111	36	5	43.7
MW006668.1	k141_16913	532	86.111	36	5	43.7
MW006668.1	k141_16913	532	86.111	36	5	43.7
MW435436.1	k141_2790	22635	85.825	8402	1017	9760
MW435436.1	k141_2790	22635	74.723	3968	667	2645
MW435436.1	k141_2790	22635	80.897	2251	351	2139
MW435436.1	k141_2790	22635	83.384	1318	148	1414
MW435436.1	k141_2790	22635	83.384	1318	148	1414
MW435436.1	k141_2790	22635	86.062	904	91	1067
MW435436.1	k141_2790	22635	86.062	904	91	1067
MW435436.1	k141_2790	22635	73.113	848	136	486
MW435436.1	k141_2790	22635	73.072	739	129	472
MW435436.1	k141_2790	22635	77.742	310	63	250
MW435436.1	k141_2790	22635	80.000	265	51	233
MW435436.1	k141_2790	22635	85.629	167	21	187
MW435436.1	k141_2790	22635	85.629	167	21	187
MW435436.1	k141_2790	22635	65.385	260	71	59.0
MW435436.1	k141_23210	16064	94.921	6143	208	9658
MW435436.1	k141_23210	16064	94.921	6143	208	9658
MW435436.1	k141_23210	16064	93.032	3631	161	5387
MW435436.1	k141_23210	16064	93.032	3631	161	5387
MW435436.1	k141_23210	16064	84.853	2720	149	3155
MW435436.1	k141_23210	16064	84.853	2720	149	3155
MW435436.1	k141_23210	16064	95.145	1833	48	2911
MW435436.1	k141_23210	16064	95.145	1833	48	2911
MW435436.1	k141_23210	16064	85.616	438	48	507
MW435436.1	k141_23210	16064	85.616	438	48	507
MW435436.1	k141_23210	16064	86.667	165	15	192
MW435436.1	k141_23210	16064	86.667	165	15	192
MW435436.1	k141_23210	16064	73.047	256	14	192
MW435436.1	k141_23210	16064	73.047	256	14	192
MW435436.1	k141_23210	16064	93.805	113	7	173
MW435436.1	k141_23210	16064	93.805	113	7	173
MW435436.1	k141_23210	16064	93.590	78	5	119
MW435436.1	k141_23210	16064	84.810	79	3	93.3
MW435436.1	k141_23210	16064	84.810	79	3	93.3
MW435436.1	k141_23210	16064	95.238	42	2	68.0
MW435436.1	k141_23210	16064	92.308	39	3	58.1
MW435436.1	k141_23210	16064	86.000	50	3	54.5
MW435436.1	k141_23210	16064	86.000	50	3	54.5
MW435436.1	k141_7033	26930	89.760	5674	443	7648
MW435436.1	k141_7033	26930	85.212	3922	422	4398
MW435436.1	k141_7033	26930	84.749	2944	342	3301
MW435436.1	k141_7033	26930	83.808	2001	297	2110
MW435436.1	k141_7033	26930	78.190	1348	199	1079
MW435436.1	k141_7033	26930	81.271	881	131	827
MW435436.1	k141_7033	26930	71.691	1360	204	700
MW435436.1	k141_7033	26930	77.514	547	70	413
MW435436.1	k141_7033	26930	81.928	249	23	249
MW435436.1	k141_7033	26930	69.097	631	151	245
MW435436.1	k141_7033	26930	78.059	237	25	196
MW435436.1	k141_7033	26930	79.126	206	35	168
MW435436.1	k141_7033	26930	82.123	179	27	166
MW435436.1	k141_7033	26930	83.766	154	23	163
MW435436.1	k141_7033	26930	90.323	124	4	155
MW435436.1	k141_7033	26930	84.298	121	19	133
MW435436.1	k141_7033	26930	79.032	124	26	107
MW435436.1	k141_7033	26930	89.474	57	6	77.0
MW435436.1	k141_7033	26930	89.474	57	6	77.0
MW435436.1	k141_7033	26930	70.588	170	48	75.2
MW435436.1	k141_3087	32660	83.249	5922	714	6116
MW435436.1	k141_3087	32660	85.754	4359	445	5090
MW435436.1	k141_3087	32660	80.423	4163	570	3816
MW435436.1	k141_3087	32660	82.796	2203	279	2260
MW435436.1	k141_3087	32660	80.678	2153	245	2031
MW435436.1	k141_3087	32660	77.539	1211	153	980
MW435436.1	k141_3087	32660	79.461	779	109	672
MW435436.1	k141_3087	32660	78.788	561	68	486
MW435436.1	k141_3087	32660	69.427	1135	180	467
MW435436.1	k141_3087	32660	84.594	357	41	396
MW435436.1	k141_3087	32660	85.654	237	31	269
MW435436.1	k141_3087	32660	75.521	384	49	260
MW435436.1	k141_3087	32660	69.600	500	68	239
MW435436.1	k141_3087	32660	68.308	650	103	233
MW435436.1	k141_3087	32660	81.776	214	24	206
MW435436.1	k141_3087	32660	87.248	149	18	180
MW435436.1	k141_3087	32660	87.248	149	18	180
MW435436.1	k141_3087	32660	82.184	174	26	170
MW435436.1	k141_3087	32660	92.857	42	3	63.5
MW435436.1	k141_3087	32660	92.857	42	3	63.5
MW435436.1	k141_3087	32660	92.683	41	3	61.7
MW435436.1	k141_3087	32660	84.615	39	6	44.6
MW435436.1	k141_3087	32660	72.727	66	18	39.2
MW435436.1	k141_13966	11517	78.761	4294	729	3559
MW435436.1	k141_13966	11517	76.791	2624	380	1977
MW435436.1	k141_13966	11517	82.381	1487	242	1497
MW435436.1	k141_13966	11517	82.807	1204	187	1234
MW435436.1	k141_13966	11517	74.162	1730	307	1132
MW435436.1	k141_13966	11517	72.765	727	150	404
MW435436.1	k141_13966	11517	72.765	727	150	404
MW435436.1	k141_13966	11517	83.088	136	23	142
MW435436.1	k141_4612	11899	79.896	2512	369	2232
MW435436.1	k141_4612	11899	85.147	1158	124	1289
MW435436.1	k141_4612	11899	73.684	2033	320	1160
MW435436.1	k141_4612	11899	84.050	721	111	782
MW435436.1	k141_4612	11899	77.063	715	108	543
MW435436.1	k141_4612	11899	74.433	661	102	428
MW435436.1	k141_4612	11899	82.682	179	28	182
MW435436.1	k141_12906	1835	80.438	593	86	543
MW435436.1	k141_12906	1835	80.412	97	16	84.2
MW435436.1	k141_12906	1835	80.412	97	16	84.2
MW435436.1	k141_7044	2269	79.853	546	108	482
MW435436.1	k141_25481	2050	68.499	673	119	257
MW435436.1	k141_25481	2050	90.909	44	4	62.6
MW435436.1	k141_25481	2050	93.939	33	2	51.8
MW435436.1	k141_8200	941	77.108	249	25	208
MW435436.1	k141_21136	695	91.549	142	12	203
MW435436.1	k141_21136	695	91.549	142	12	203
MW435436.1	k141_23249	990	87.273	165	14	192
MW435436.1	k141_23249	990	87.273	165	14	192
MW435436.1	k141_25233	484	88.571	140	15	178
MW435436.1	k141_25233	484	88.571	140	15	178
MW435436.1	k141_4636	492	73.034	267	32	149
MW435436.1	k141_11220	1402	77.500	160	30	128
MW435436.1	k141_11220	1402	77.500	160	30	128
MW435436.1	k141_29919	573	73.988	173	30	110
MW435436.1	k141_16472	428	74.839	155	36	94.2
MW435436.1	k141_16472	428	74.839	155	36	94.2
MW435436.1	k141_29503	443	83.951	81	12	85.1
MW435436.1	k141_29261	10871	77.391	115	23	85.1
MW435436.1	k141_29261	10871	77.391	115	23	85.1
MW435436.1	k141_2647	414	75.610	123	28	85.1
MW435436.1	k141_2647	414	75.610	123	28	85.1
MW435436.1	k141_34795	914	77.000	100	11	79.7
MW435436.1	k141_39791	931	90.909	44	4	62.6
MW435436.1	k141_39791	931	90.000	40	4	55.4
NC_037882.1	k141_23210	16064	93.969	6715	185	10361
NC_037882.1	k141_23210	16064	93.969	6715	185	10361
NC_037882.1	k141_23210	16064	93.828	4877	169	7468
NC_037882.1	k141_23210	16064	93.828	4877	169	7468
NC_037882.1	k141_23210	16064	96.788	1837	43	3030
NC_037882.1	k141_23210	16064	96.788	1837	43	3030
NC_037882.1	k141_23210	16064	84.932	438	45	503
NC_037882.1	k141_23210	16064	84.932	438	45	503
NC_037882.1	k141_23210	16064	75.117	426	20	337
NC_037882.1	k141_23210	16064	75.117	426	20	337
NC_037882.1	k141_23210	16064	76.953	256	9	237
NC_037882.1	k141_23210	16064	76.953	256	9	237
NC_037882.1	k141_23210	16064	90.184	163	16	223
NC_037882.1	k141_23210	16064	90.184	163	16	223
NC_037882.1	k141_23210	16064	95.690	116	5	187
NC_037882.1	k141_23210	16064	95.690	116	5	187
NC_037882.1	k141_23210	16064	97.436	78	2	132
NC_037882.1	k141_23210	16064	97.619	42	1	72.5
NC_037882.1	k141_23210	16064	94.872	39	2	62.6
NC_037882.1	k141_2790	22635	87.142	8384	928	10220
NC_037882.1	k141_2790	22635	83.189	2201	315	2324
NC_037882.1	k141_2790	22635	79.951	2060	299	1835
NC_037882.1	k141_2790	22635	77.144	1807	352	1362
NC_037882.1	k141_2790	22635	81.546	1203	157	1183
NC_037882.1	k141_2790	22635	82.307	893	99	911
NC_037882.1	k141_2790	22635	79.627	751	108	688
NC_037882.1	k141_2790	22635	79.627	751	108	688
NC_037882.1	k141_2790	22635	76.471	714	99	575
NC_037882.1	k141_2790	22635	76.391	737	103	510
NC_037882.1	k141_2790	22635	81.343	268	48	251
NC_037882.1	k141_2790	22635	82.822	163	25	167
NC_037882.1	k141_2790	22635	82.822	163	25	167
NC_037882.1	k141_2790	22635	67.508	317	83	104
NC_037882.1	k141_7033	26930	90.612	5731	429	7878
NC_037882.1	k141_7033	26930	86.459	3892	360	4623
NC_037882.1	k141_7033	26930	81.770	4158	494	4076
NC_037882.1	k141_7033	26930	81.324	2206	291	2073
NC_037882.1	k141_7033	26930	79.806	1337	177	1166
NC_037882.1	k141_7033	26930	76.437	1409	227	995
NC_037882.1	k141_7033	26930	73.698	768	144	433
NC_037882.1	k141_7033	26930	73.817	676	90	397
NC_037882.1	k141_7033	26930	84.898	245	25	278
NC_037882.1	k141_7033	26930	70.244	615	137	254
NC_037882.1	k141_7033	26930	82.938	211	20	215
NC_037882.1	k141_7033	26930	85.890	163	19	181
NC_037882.1	k141_7033	26930	77.376	221	28	162
NC_037882.1	k141_7033	26930	73.939	165	43	104
NC_037882.1	k141_7033	26930	78.226	124	27	103
NC_037882.1	k141_7033	26930	91.228	57	5	81.5
NC_037882.1	k141_7033	26930	91.228	57	5	81.5
NC_037882.1	k141_7033	26930	74.016	127	31	74.3
NC_037882.1	k141_3087	32660	83.893	5836	618	6280
NC_037882.1	k141_3087	32660	85.762	4762	467	5555
NC_037882.1	k141_3087	32660	81.700	4093	576	3954
NC_037882.1	k141_3087	32660	82.642	2218	231	2273
NC_037882.1	k141_3087	32660	86.471	1907	218	2250
NC_037882.1	k141_3087	32660	77.743	1267	182	974
NC_037882.1	k141_3087	32660	81.528	877	102	861
NC_037882.1	k141_3087	32660	80.548	766	89	710
NC_037882.1	k141_3087	32660	74.349	998	172	605
NC_037882.1	k141_3087	32660	69.975	806	89	425
NC_037882.1	k141_3087	32660	87.500	304	25	376
NC_037882.1	k141_3087	32660	74.670	454	70	279
NC_037882.1	k141_3087	32660	70.884	498	69	255
NC_037882.1	k141_3087	32660	75.728	309	52	214
NC_037882.1	k141_3087	32660	76.596	282	48	192
NC_037882.1	k141_3087	32660	79.654	231	32	192
NC_037882.1	k141_3087	32660	88.591	149	16	189
NC_037882.1	k141_3087	32660	88.591	149	16	189
NC_037882.1	k141_3087	32660	71.212	330	35	186
NC_037882.1	k141_3087	32660	85.106	141	10	161
NC_037882.1	k141_3087	32660	78.095	105	19	86.0
NC_037882.1	k141_3087	32660	78.846	104	17	85.1
NC_037882.1	k141_3087	32660	95.238	42	2	68.0
NC_037882.1	k141_3087	32660	90.476	42	4	59.0
NC_037882.1	k141_3087	32660	90.476	42	4	59.0
NC_037882.1	k141_3087	32660	82.051	39	7	40.1
NC_037882.1	k141_4612	11899	86.067	1945	224	2288
NC_037882.1	k141_4612	11899	87.967	964	77	1215
NC_037882.1	k141_4612	11899	75.491	1477	226	979
NC_037882.1	k141_4612	11899	70.794	2116	359	953
NC_037882.1	k141_4612	11899	87.518	697	82	866
NC_037882.1	k141_4612	11899	75.087	863	146	560
NC_037882.1	k141_4612	11899	81.006	179	29	170
NC_037882.1	k141_4612	11899	86.239	109	15	130
NC_037882.1	k141_13966	11517	83.072	1979	265	2041
NC_037882.1	k141_13966	11517	76.757	2646	423	1979
NC_037882.1	k141_13966	11517	82.695	1566	246	1599
NC_037882.1	k141_13966	11517	81.510	1152	176	1129
NC_037882.1	k141_13966	11517	81.572	1145	172	1091
NC_037882.1	k141_13966	11517	83.787	808	115	859
NC_037882.1	k141_13966	11517	76.568	606	123	430
NC_037882.1	k141_13966	11517	88.636	44	5	58.1
NC_037882.1	k141_7044	2269	82.182	550	94	536
NC_037882.1	k141_7044	2269	75.524	143	35	101
NC_037882.1	k141_12906	1835	76.364	605	82	475
NC_037882.1	k141_12906	1835	83.598	189	26	202
NC_037882.1	k141_23249	990	90.184	163	16	223
NC_037882.1	k141_23249	990	90.184	163	16	223
NC_037882.1	k141_23249	990	79.730	74	15	67.1
NC_037882.1	k141_8200	941	80.180	222	21	210
NC_037882.1	k141_21136	695	91.216	148	13	209
NC_037882.1	k141_21136	695	91.216	148	13	209
NC_037882.1	k141_25481	2050	83.019	212	28	196
NC_037882.1	k141_25481	2050	66.225	604	124	179
NC_037882.1	k141_25481	2050	79.730	74	15	67.1
NC_037882.1	k141_25481	2050	91.429	35	3	50.9
NC_037882.1	k141_25233	484	90.071	141	13	188
NC_037882.1	k141_25233	484	90.071	141	13	188
NC_037882.1	k141_29919	573	77.665	197	32	150
NC_037882.1	k141_2361	817	94.118	68	4	105
NC_037882.1	k141_22736	1570	72.785	158	27	102
NC_037882.1	k141_22736	1570	72.785	158	27	102
NC_037882.1	k141_16472	428	75.484	155	35	98.7
NC_037882.1	k141_16472	428	75.484	155	35	98.7
NC_037882.1	k141_29503	443	84.091	88	11	90.6
NC_037882.1	k141_34795	914	87.671	73	6	86.0
NC_037882.1	k141_29261	10871	77.391	115	23	85.1
NC_037882.1	k141_29261	10871	77.391	115	23	85.1
NC_037882.1	k141_2647	414	75.610	123	28	85.1
NC_037882.1	k141_2647	414	75.610	123	28	85.1
NC_037882.1	k141_32129	1863	78.205	78	15	58.1
NC_037882.1	k141_39791	931	88.095	42	5	54.5
NC_037882.1	k141_12227	326	80.952	42	8	41.0
NC_037882.1	k141_9073	435	80.952	42	8	41.0
NC_056190.1	k141_7033	26930	88.451	9793	852	12552
NC_056190.1	k141_7033	26930	81.818	4301	552	4200
NC_056190.1	k141_7033	26930	82.140	2150	286	2127
NC_056190.1	k141_7033	26930	76.232	1380	205	1009
NC_056190.1	k141_7033	26930	82.277	852	97	838
NC_056190.1	k141_7033	26930	70.385	986	165	424
NC_056190.1	k141_7033	26930	74.856	521	84	365
NC_056190.1	k141_7033	26930	72.259	602	117	288
NC_056190.1	k141_7033	26930	85.965	228	27	259
NC_056190.1	k141_7033	26930	79.907	214	22	194
NC_056190.1	k141_7033	26930	89.333	150	14	192
NC_056190.1	k141_7033	26930	75.839	149	36	107
NC_056190.1	k141_7033	26930	72.727	165	45	96.0
NC_056190.1	k141_7033	26930	85.075	67	10	77.0
NC_056190.1	k141_7033	26930	85.965	57	8	68.0
NC_056190.1	k141_7033	26930	85.965	57	8	68.0
NC_056190.1	k141_7033	26930	68.586	191	58	68.0
NC_056190.1	k141_2790	22635	85.662	8523	1039	9819
NC_056190.1	k141_2790	22635	75.821	4781	823	3364
NC_056190.1	k141_2790	22635	80.978	2208	327	2105
NC_056190.1	k141_2790	22635	83.696	1331	151	1437
NC_056190.1	k141_2790	22635	83.696	1331	151	1437
NC_056190.1	k141_2790	22635	83.655	1297	159	1391
NC_056190.1	k141_2790	22635	89.219	640	48	849
NC_056190.1	k141_2790	22635	76.257	716	101	570
NC_056190.1	k141_2790	22635	78.788	264	56	224
NC_056190.1	k141_2790	22635	84.118	170	24	184
NC_056190.1	k141_2790	22635	69.789	331	76	141
NC_056190.1	k141_23210	16064	95.022	6046	164	9553
NC_056190.1	k141_23210	16064	95.022	6046	164	9553
NC_056190.1	k141_23210	16064	90.072	6416	273	8820
NC_056190.1	k141_23210	16064	90.072	6416	273	8820
NC_056190.1	k141_23210	16064	94.602	1834	54	2866
NC_056190.1	k141_23210	16064	94.602	1834	54	2866
NC_056190.1	k141_23210	16064	84.247	438	48	489
NC_056190.1	k141_23210	16064	84.247	438	48	489
NC_056190.1	k141_23210	16064	77.043	257	9	239
NC_056190.1	k141_23210	16064	77.043	257	9	239
NC_056190.1	k141_23210	16064	82.759	174	19	185
NC_056190.1	k141_23210	16064	82.759	174	19	185
NC_056190.1	k141_23210	16064	87.586	145	12	178
NC_056190.1	k141_23210	16064	87.586	145	12	178
NC_056190.1	k141_23210	16064	96.154	78	3	128
NC_056190.1	k141_23210	16064	79.487	78	8	72.5
NC_056190.1	k141_23210	16064	79.487	78	8	72.5
NC_056190.1	k141_23210	16064	97.561	41	1	70.7
NC_056190.1	k141_23210	16064	90.741	54	3	68.9
NC_056190.1	k141_23210	16064	90.741	54	3	68.9
NC_056190.1	k141_23210	16064	92.308	39	3	58.1
NC_056190.1	k141_3087	32660	82.434	5835	686	5897
NC_056190.1	k141_3087	32660	85.513	4687	492	5349
NC_056190.1	k141_3087	32660	81.231	4028	560	3808
NC_056190.1	k141_3087	32660	81.098	2915	340	2779
NC_056190.1	k141_3087	32660	81.654	2164	223	2140
NC_056190.1	k141_3087	32660	78.197	1353	187	1127
NC_056190.1	k141_3087	32660	76.820	1264	168	928
NC_056190.1	k141_3087	32660	83.780	709	88	740
NC_056190.1	k141_3087	32660	80.128	624	58	581
NC_056190.1	k141_3087	32660	73.541	994	173	576
NC_056190.1	k141_3087	32660	81.225	506	68	469
NC_056190.1	k141_3087	32660	67.368	570	82	225
NC_056190.1	k141_3087	32660	78.244	262	34	214
NC_056190.1	k141_3087	32660	87.919	149	17	185
NC_056190.1	k141_3087	32660	87.919	149	17	185
NC_056190.1	k141_3087	32660	77.778	225	36	176
NC_056190.1	k141_3087	32660	76.652	227	27	163
NC_056190.1	k141_3087	32660	70.968	310	64	137
NC_056190.1	k141_3087	32660	78.689	122	19	92.4
NC_056190.1	k141_3087	32660	97.436	39	1	67.1
NC_056190.1	k141_3087	32660	90.476	42	4	59.0
NC_056190.1	k141_3087	32660	90.476	42	4	59.0
NC_056190.1	k141_3087	32660	90.476	42	4	59.0
NC_056190.1	k141_3087	32660	86.842	38	5	47.3
NC_056190.1	k141_3087	32660	86.842	38	5	47.3
NC_056190.1	k141_3087	32660	74.242	66	17	43.7
NC_056190.1	k141_4612	11899	85.572	1913	233	2205
NC_056190.1	k141_4612	11899	86.826	1298	148	1537
NC_056190.1	k141_4612	11899	79.330	1074	158	895
NC_056190.1	k141_4612	11899	71.333	1650	269	843
NC_056190.1	k141_4612	11899	85.795	704	91	814
NC_056190.1	k141_4612	11899	81.199	617	85	587
NC_056190.1	k141_4612	11899	83.041	171	29	178
NC_056190.1	k141_13966	11517	77.098	2288	385	1709
NC_056190.1	k141_13966	11517	74.354	1704	326	1104
NC_056190.1	k141_13966	11517	81.939	825	143	813
NC_056190.1	k141_13966	11517	79.433	705	103	616
NC_056190.1	k141_13966	11517	74.713	870	169	556
NC_056190.1	k141_13966	11517	79.783	277	35	253
NC_056190.1	k141_13966	11517	88.321	137	16	176
NC_056190.1	k141_13966	11517	79.130	115	22	97.8
NC_056190.1	k141_12906	1835	82.765	586	81	593
NC_056190.1	k141_12906	1835	78.302	212	32	175
NC_056190.1	k141_7044	2269	81.284	545	102	524
NC_056190.1	k141_25481	2050	69.155	710	116	279
NC_056190.1	k141_25481	2050	93.939	33	2	51.8
NC_056190.1	k141_8200	941	76.016	246	31	190
NC_056190.1	k141_23249	990	83.333	174	18	189
NC_056190.1	k141_23249	990	83.333	174	18	189
NC_056190.1	k141_25233	484	89.928	139	11	182
NC_056190.1	k141_25233	484	89.928	139	11	182
NC_056190.1	k141_21136	695	83.648	159	15	176
NC_056190.1	k141_21136	695	83.648	159	15	176
NC_056190.1	k141_11220	1402	66.176	544	143	140
NC_056190.1	k141_11220	1402	66.176	544	143	140
NC_056190.1	k141_29919	573	76.437	174	36	121
NC_056190.1	k141_22736	1570	74.051	158	25	111
NC_056190.1	k141_22736	1570	74.051	158	25	111
NC_056190.1	k141_4636	492	69.004	271	41	109
NC_056190.1	k141_2361	817	95.652	69	2	108
NC_056190.1	k141_6288	529	74.820	139	19	104
NC_056190.1	k141_6288	529	74.820	139	19	104
NC_056190.1	k141_16472	428	75.484	155	35	98.7
NC_056190.1	k141_16472	428	75.484	155	35	98.7
NC_056190.1	k141_29503	443	93.443	61	4	93.3
NC_056190.1	k141_29261	10871	77.391	115	23	85.1
NC_056190.1	k141_29261	10871	77.391	115	23	85.1
NC_056190.1	k141_2647	414	81.176	85	16	82.4
NC_056190.1	k141_2647	414	81.176	85	16	82.4
NC_056190.1	k141_39791	931	90.000	40	4	55.4
MN564931.1	k141_7033	26930	87.811	9443	864	11825
MN564931.1	k141_7033	26930	82.393	3243	436	3261
MN564931.1	k141_7033	26930	83.252	1833	242	1927
MN564931.1	k141_7033	26930	76.837	1334	225	976
MN564931.1	k141_7033	26930	78.996	857	129	718
MN564931.1	k141_7033	26930	72.084	1089	185	544
MN564931.1	k141_7033	26930	70.605	711	136	298
MN564931.1	k141_7033	26930	76.441	399	48	297
MN564931.1	k141_7033	26930	83.835	266	38	282
MN564931.1	k141_7033	26930	69.787	470	95	201
MN564931.1	k141_7033	26930	77.632	228	28	180
MN564931.1	k141_7033	26930	81.879	149	18	151
MN564931.1	k141_7033	26930	67.297	529	157	144
MN564931.1	k141_7033	26930	73.939	165	43	104
MN564931.1	k141_7033	26930	91.228	57	5	81.5
MN564931.1	k141_7033	26930	91.228	57	5	81.5
MN564931.1	k141_7033	26930	76.699	103	22	71.6
MN564931.1	k141_2790	22635	85.502	8498	1041	9705
MN564931.1	k141_2790	22635	80.998	2184	335	2073
MN564931.1	k141_2790	22635	77.569	2131	297	1748
MN564931.1	k141_2790	22635	73.789	2766	553	1682
MN564931.1	k141_2790	22635	78.912	1911	291	1555
MN564931.1	k141_2790	22635	82.565	1302	145	1359
MN564931.1	k141_2790	22635	82.565	1302	145	1359
MN564931.1	k141_2790	22635	87.587	717	67	894
MN564931.1	k141_2790	22635	80.247	243	48	223
MN564931.1	k141_2790	22635	85.294	170	22	193
MN564931.1	k141_2790	22635	66.038	318	84	82.4
MN564931.1	k141_23210	16064	94.220	6107	205	9425
MN564931.1	k141_23210	16064	94.220	6107	205	9425
MN564931.1	k141_23210	16064	89.802	6472	312	8808
MN564931.1	k141_23210	16064	89.802	6472	312	8808
MN564931.1	k141_23210	16064	95.044	1836	67	2878
MN564931.1	k141_23210	16064	95.044	1836	67	2878
MN564931.1	k141_23210	16064	88.177	203	18	260
MN564931.1	k141_23210	16064	88.177	203	18	260
MN564931.1	k141_23210	16064	75.875	257	12	225
MN564931.1	k141_23210	16064	75.875	257	12	225
MN564931.1	k141_23210	16064	85.207	169	14	189
MN564931.1	k141_23210	16064	85.207	169	14	189
MN564931.1	k141_23210	16064	98.824	85	1	150
MN564931.1	k141_23210	16064	98.824	85	1	150
MN564931.1	k141_23210	16064	88.462	104	12	134
MN564931.1	k141_23210	16064	88.462	104	12	134
MN564931.1	k141_23210	16064	96.203	79	3	130
MN564931.1	k141_23210	16064	100.000	42	0	77.0
MN564931.1	k141_23210	16064	85.484	62	7	65.3
MN564931.1	k141_23210	16064	85.484	62	7	65.3
MN564931.1	k141_23210	16064	92.857	42	3	63.5
MN564931.1	k141_3087	32660	82.333	5813	736	5769
MN564931.1	k141_3087	32660	84.520	4341	535	4761
MN564931.1	k141_3087	32660	80.151	4106	613	3701
MN564931.1	k141_3087	32660	85.068	1902	243	2142
MN564931.1	k141_3087	32660	79.713	2233	282	1964
MN564931.1	k141_3087	32660	75.351	1282	192	842
MN564931.1	k141_3087	32660	75.223	1231	179	838
MN564931.1	k141_3087	32660	78.710	775	97	635
MN564931.1	k141_3087	32660	74.883	641	99	428
MN564931.1	k141_3087	32660	85.237	359	48	405
MN564931.1	k141_3087	32660	82.114	369	44	370
MN564931.1	k141_3087	32660	70.425	541	73	275
MN564931.1	k141_3087	32660	76.877	333	51	246
MN564931.1	k141_3087	32660	84.404	218	27	233
MN564931.1	k141_3087	32660	80.000	240	45	211
MN564931.1	k141_3087	32660	90.152	132	12	177
MN564931.1	k141_3087	32660	95.455	110	5	177
MN564931.1	k141_3087	32660	82.550	149	25	149
MN564931.1	k141_3087	32660	82.550	149	25	149
MN564931.1	k141_3087	32660	71.074	242	54	113
MN564931.1	k141_3087	32660	75.630	119	26	74.3
MN564931.1	k141_3087	32660	92.857	42	3	63.5
MN564931.1	k141_3087	32660	92.857	42	3	63.5
MN564931.1	k141_3087	32660	92.857	42	3	63.5
MN564931.1	k141_3087	32660	97.297	37	1	63.5
MN564931.1	k141_3087	32660	92.683	41	3	61.7
MN564931.1	k141_3087	32660	72.340	94	26	53.6
MN564931.1	k141_3087	32660	85.714	42	6	50.0
MN564931.1	k141_3087	32660	84.211	38	6	42.8
MN564931.1	k141_3087	32660	84.211	38	6	42.8
MN564931.1	k141_3087	32660	72.727	66	18	39.2
MN564931.1	k141_13966	11517	79.244	4235	698	3581
MN564931.1	k141_13966	11517	77.214	2247	432	1700
MN564931.1	k141_13966	11517	80.876	1370	208	1271
MN564931.1	k141_13966	11517	77.477	1625	274	1251
MN564931.1	k141_13966	11517	75.452	884	167	576
MN564931.1	k141_13966	11517	84.058	138	22	150
MN564931.1	k141_4612	11899	83.607	1891	265	2013
MN564931.1	k141_4612	11899	79.837	1468	180	1310
MN564931.1	k141_4612	11899	84.120	699	97	746
MN564931.1	k141_4612	11899	76.500	800	110	567
MN564931.1	k141_4612	11899	71.597	933	184	453
MN564931.1	k141_4612	11899	73.155	637	85	398
MN564931.1	k141_4612	11899	74.849	497	80	334
MN564931.1	k141_4612	11899	75.506	445	71	301
MN564931.1	k141_4612	11899	84.615	156	19	174
MN564931.1	k141_7044	2269	79.541	523	105	454
MN564931.1	k141_12906	1835	77.168	565	76	436
MN564931.1	k141_12906	1835	82.243	214	29	210
MN564931.1	k141_23249	990	85.207	169	14	189
MN564931.1	k141_23249	990	85.207	169	14	189
MN564931.1	k141_8200	941	75.820	244	31	187
MN564931.1	k141_21136	695	87.755	147	12	181
MN564931.1	k141_21136	695	87.755	147	12	181
MN564931.1	k141_25233	484	95.050	101	5	160
MN564931.1	k141_25233	484	95.050	101	5	160
MN564931.1	k141_25481	2050	81.818	154	22	144
MN564931.1	k141_25481	2050	66.781	292	55	92.4
MN564931.1	k141_25481	2050	90.909	44	4	62.6
MN564931.1	k141_25481	2050	94.286	35	2	55.4
MN564931.1	k141_11220	1402	65.993	544	136	138
MN564931.1	k141_11220	1402	65.993	544	136	138
MN564931.1	k141_2361	817	94.118	68	4	105
MN564931.1	k141_16472	428	75.484	155	35	98.7
MN564931.1	k141_16472	428	75.484	155	35	98.7
MN564931.1	k141_39476	899	77.686	121	14	96.0
MN564931.1	k141_39476	899	77.686	121	14	96.0
MN564931.1	k141_29919	573	74.214	159	26	94.2
MN564931.1	k141_29503	443	83.951	81	12	85.1
MN564931.1	k141_29261	10871	77.391	115	23	85.1
MN564931.1	k141_29261	10871	77.391	115	23	85.1
MN564931.1	k141_2647	414	75.610	123	28	85.1
MN564931.1	k141_2647	414	75.610	123	28	85.1
MN564931.1	k141_34795	914	80.000	95	11	80.6
MN564931.1	k141_39791	931	90.909	44	4	62.6
MN564931.1	k141_39791	931	90.476	42	4	59.0
MN564931.1	k141_39791	931	70.370	108	31	48.2
MN564931.1	k141_4636	492	69.427	157	27	59.9
MN564931.1	k141_20601	329	79.545	44	9	40.1
NC_031651.1	k141_23210	16064	91.399	7232	300	10326
NC_031651.1	k141_23210	16064	91.399	7232	300	10326
NC_031651.1	k141_23210	16064	90.693	5544	287	7707
NC_031651.1	k141_23210	16064	90.693	5544	287	7707
NC_031651.1	k141_23210	16064	94.926	1833	49	2895
NC_031651.1	k141_23210	16064	94.926	1833	49	2895
NC_031651.1	k141_23210	16064	79.452	438	64	395
NC_031651.1	k141_23210	16064	79.452	438	64	395
NC_031651.1	k141_23210	16064	75.781	256	12	224
NC_031651.1	k141_23210	16064	75.781	256	12	224
NC_031651.1	k141_23210	16064	88.344	163	19	209
NC_031651.1	k141_23210	16064	88.344	163	19	209
NC_031651.1	k141_23210	16064	90.909	121	6	169
NC_031651.1	k141_23210	16064	90.909	121	6	169
NC_031651.1	k141_23210	16064	96.364	55	2	91.5
NC_031651.1	k141_23210	16064	97.619	42	1	72.5
NC_031651.1	k141_23210	16064	95.238	42	2	68.0
NC_031651.1	k141_23210	16064	95.238	42	2	68.0
NC_031651.1	k141_2790	22635	84.577	8442	1116	9324
NC_031651.1	k141_2790	22635	80.145	2206	366	2029
NC_031651.1	k141_2790	22635	82.772	1306	155	1369
NC_031651.1	k141_2790	22635	82.772	1306	155	1369
NC_031651.1	k141_2790	22635	74.647	2055	338	1311
NC_031651.1	k141_2790	22635	72.714	2089	457	1196
NC_031651.1	k141_2790	22635	91.187	556	49	783
NC_031651.1	k141_2790	22635	91.187	556	49	783
NC_031651.1	k141_2790	22635	78.116	722	130	580
NC_031651.1	k141_2790	22635	73.803	710	120	480
NC_031651.1	k141_2790	22635	77.446	603	104	459
NC_031651.1	k141_2790	22635	77.736	265	53	196
NC_031651.1	k141_2790	22635	88.148	135	16	172
NC_031651.1	k141_2790	22635	76.812	138	30	98.7
NC_031651.1	k141_2790	22635	65.029	346	80	80.6
NC_031651.1	k141_7033	26930	89.264	5691	495	7510
NC_031651.1	k141_7033	26930	84.620	3732	405	4156
NC_031651.1	k141_7033	26930	83.915	3009	392	3211
NC_031651.1	k141_7033	26930	84.666	1813	236	2010
NC_031651.1	k141_7033	26930	76.029	1360	211	943
NC_031651.1	k141_7033	26930	81.871	855	115	812
NC_031651.1	k141_7033	26930	72.627	1001	177	527
NC_031651.1	k141_7033	26930	76.059	543	81	375
NC_031651.1	k141_7033	26930	75.545	413	66	272
NC_031651.1	k141_7033	26930	70.455	616	138	268
NC_031651.1	k141_7033	26930	79.167	264	42	223
NC_031651.1	k141_7033	26930	77.885	208	30	165
NC_031651.1	k141_7033	26930	83.893	149	24	161
NC_031651.1	k141_7033	26930	93.578	109	3	156
NC_031651.1	k141_7033	26930	71.174	281	50	139
NC_031651.1	k141_7033	26930	79.545	132	27	117
NC_031651.1	k141_7033	26930	75.152	165	41	113
NC_031651.1	k141_7033	26930	93.182	44	3	67.1
NC_031651.1	k141_7033	26930	83.333	42	7	45.5
NC_031651.1	k141_3087	32660	81.440	5862	755	5611
NC_031651.1	k141_3087	32660	83.766	4318	502	4676
NC_031651.1	k141_3087	32660	78.106	4097	649	3325
NC_031651.1	k141_3087	32660	80.574	2162	262	1986
NC_031651.1	k141_3087	32660	84.101	1824	237	1976
NC_031651.1	k141_3087	32660	75.995	1558	250	1105
NC_031651.1	k141_3087	32660	73.913	1288	203	775
NC_031651.1	k141_3087	32660	82.243	749	96	727
NC_031651.1	k141_3087	32660	69.850	1131	225	463
NC_031651.1	k141_3087	32660	87.156	327	38	391
NC_031651.1	k141_3087	32660	74.592	551	89	360
NC_031651.1	k141_3087	32660	76.607	389	49	276
NC_031651.1	k141_3087	32660	85.841	226	28	259
NC_031651.1	k141_3087	32660	73.333	360	57	212
NC_031651.1	k141_3087	32660	87.162	148	18	178
NC_031651.1	k141_3087	32660	87.162	148	18	178
NC_031651.1	k141_3087	32660	86.667	120	10	141
NC_031651.1	k141_3087	32660	72.768	224	36	125
NC_031651.1	k141_3087	32660	73.077	130	22	67.1
NC_031651.1	k141_3087	32660	95.122	41	2	66.2
NC_031651.1	k141_3087	32660	92.857	42	3	63.5
NC_031651.1	k141_3087	32660	92.857	42	3	63.5
NC_031651.1	k141_3087	32660	86.842	38	5	47.3
NC_031651.1	k141_3087	32660	86.842	38	5	47.3
NC_031651.1	k141_3087	32660	84.615	39	6	44.6
NC_031651.1	k141_13966	11517	77.557	4282	731	3354
NC_031651.1	k141_13966	11517	75.877	2251	437	1608
NC_031651.1	k141_13966	11517	81.328	1355	203	1290
NC_031651.1	k141_13966	11517	77.531	1353	214	1084
NC_031651.1	k141_13966	11517	72.623	873	154	457
NC_031651.1	k141_13966	11517	83.824	136	22	147
NC_031651.1	k141_4612	11899	81.856	1918	308	1886
NC_031651.1	k141_4612	11899	72.386	2640	472	1378
NC_031651.1	k141_4612	11899	86.415	1060	119	1250
NC_031651.1	k141_4612	11899	82.361	703	110	704
NC_031651.1	k141_4612	11899	78.493	637	95	507
NC_031651.1	k141_4612	11899	89.130	138	15	182
NC_031651.1	k141_7044	2269	79.380	548	107	458
NC_031651.1	k141_7044	2269	76.259	139	31	96.0
NC_031651.1	k141_7044	2269	93.182	44	3	67.1
NC_031651.1	k141_12906	1835	77.180	539	98	414
NC_031651.1	k141_12906	1835	83.766	154	25	166
NC_031651.1	k141_23249	990	88.344	163	19	209
NC_031651.1	k141_23249	990	88.344	163	19	209
NC_031651.1	k141_21136	695	88.158	152	18	194
NC_031651.1	k141_21136	695	88.158	152	18	194
NC_031651.1	k141_21136	695	93.182	44	3	67.1
NC_031651.1	k141_25233	484	87.943	141	16	175
NC_031651.1	k141_25233	484	87.943	141	16	175
NC_031651.1	k141_8200	941	76.279	215	28	166
NC_031651.1	k141_25481	2050	80.337	178	23	152
NC_031651.1	k141_25481	2050	93.182	44	3	67.1
NC_031651.1	k141_25481	2050	88.571	35	4	46.4
NC_031651.1	k141_2361	817	96.970	66	2	111
NC_031651.1	k141_11220	1402	73.939	165	37	105
NC_031651.1	k141_16472	428	75.484	155	35	98.7
NC_031651.1	k141_16472	428	75.484	155	35	98.7
NC_031651.1	k141_29503	443	90.625	64	6	89.7
NC_031651.1	k141_29261	10871	77.391	115	23	85.1
NC_031651.1	k141_29261	10871	77.391	115	23	85.1
NC_031651.1	k141_2647	414	75.410	122	28	83.3
NC_031651.1	k141_2647	414	75.410	122	28	83.3
NC_031651.1	k141_7064	468	93.182	44	3	67.1
NC_031651.1	k141_39791	931	93.182	44	3	67.1
NC_031651.1	k141_39791	931	88.571	35	4	46.4
NC_031651.1	k141_31309	282	93.182	44	3	67.1
NC_031651.1	k141_2052	252	93.182	44	3	67.1
NC_031651.1	k141_4636	492	75.556	90	10	66.2
MW366789.1	k141_2790	22635	79.559	8302	1448	7217
MW366789.1	k141_2790	22635	80.577	1179	161	1097
MW366789.1	k141_2790	22635	80.577	1179	161	1097
MW366789.1	k141_2790	22635	80.439	1002	173	918
MW366789.1	k141_2790	22635	77.111	1066	214	810
MW366789.1	k141_2790	22635	88.180	533	60	676
MW366789.1	k141_2790	22635	88.136	531	60	673
MW366789.1	k141_2790	22635	70.234	1112	234	525
MW366789.1	k141_2790	22635	70.789	558	119	276
MW366789.1	k141_2790	22635	74.403	293	69	192
MW366789.1	k141_2790	22635	85.535	159	23	184
MW366789.1	k141_2790	22635	77.578	223	44	178
MW366789.1	k141_2790	22635	77.578	223	44	169
MW366789.1	k141_2790	22635	70.820	305	54	136
MW366789.1	k141_2790	22635	79.720	143	29	128
MW366789.1	k141_2790	22635	73.148	216	57	125
MW366789.1	k141_2790	22635	69.968	313	73	124
MW366789.1	k141_2790	22635	69.968	313	73	124
MW366789.1	k141_2790	22635	66.833	401	78	120
MW366789.1	k141_2790	22635	75.758	165	40	118
MW366789.1	k141_2790	22635	75.758	165	40	118
MW366789.1	k141_2790	22635	79.021	143	27	117
MW366789.1	k141_2790	22635	78.333	120	26	100
MW366789.1	k141_2790	22635	74.603	126	32	84.2
MW366789.1	k141_2790	22635	74.603	126	32	84.2
MW366789.1	k141_7033	26930	88.322	5198	557	6611
MW366789.1	k141_7033	26930	88.322	5198	557	6611
MW366789.1	k141_7033	26930	88.948	2615	266	3407
MW366789.1	k141_7033	26930	79.834	2529	430	2226
MW366789.1	k141_7033	26930	84.650	899	122	992
MW366789.1	k141_7033	26930	75.219	799	169	553
MW366789.1	k141_7033	26930	74.498	847	145	524
MW366789.1	k141_7033	26930	81.731	416	58	398
MW366789.1	k141_7033	26930	73.813	653	116	385
MW366789.1	k141_7033	26930	87.097	248	30	297
MW366789.1	k141_7033	26930	76.986	365	63	259
MW366789.1	k141_7033	26930	70.578	571	122	242
MW366789.1	k141_7033	26930	71.250	480	115	238
MW366789.1	k141_7033	26930	77.193	285	44	214
MW366789.1	k141_7033	26930	76.471	238	35	165
MW366789.1	k141_7033	26930	75.728	206	29	148
MW366789.1	k141_7033	26930	79.661	177	20	145
MW366789.1	k141_7033	26930	83.333	114	19	121
MW366789.1	k141_7033	26930	93.421	76	5	115
MW366789.1	k141_7033	26930	67.823	317	90	114
MW366789.1	k141_7033	26930	67.823	317	90	114
MW366789.1	k141_7033	26930	71.901	242	51	114
MW366789.1	k141_7033	26930	90.588	85	6	111
MW366789.1	k141_7033	26930	93.243	74	4	108
MW366789.1	k141_7033	26930	77.419	124	28	98.7
MW366789.1	k141_7033	26930	77.419	124	28	98.7
MW366789.1	k141_7033	26930	82.353	68	12	69.8
MW366789.1	k141_7033	26930	70.690	116	34	57.2
MW366789.1	k141_7033	26930	70.690	116	34	57.2
MW366789.1	k141_7033	26930	68.235	170	52	57.2
MW366789.1	k141_7033	26930	68.235	170	52	57.2
MW366789.1	k141_7033	26930	82.353	51	9	52.7
MW366789.1	k141_7033	26930	82.353	51	9	52.7
MW366789.1	k141_23210	16064	88.339	4648	389	5901
MW366789.1	k141_23210	16064	88.339	4648	389	5901
MW366789.1	k141_23210	16064	90.301	2990	194	4073
MW366789.1	k141_23210	16064	90.301	2990	194	4073
MW366789.1	k141_23210	16064	91.608	1835	92	2604
MW366789.1	k141_23210	16064	91.608	1835	92	2604
MW366789.1	k141_23210	16064	91.258	1796	102	2532
MW366789.1	k141_23210	16064	91.258	1796	102	2532
MW366789.1	k141_23210	16064	84.339	613	58	676
MW366789.1	k141_23210	16064	84.339	613	58	676
MW366789.1	k141_23210	16064	82.849	344	39	351
MW366789.1	k141_23210	16064	82.849	344	39	351
MW366789.1	k141_23210	16064	76.658	377	25	314
MW366789.1	k141_23210	16064	76.658	377	25	314
MW366789.1	k141_23210	16064	76.658	377	25	314
MW366789.1	k141_23210	16064	97.080	137	4	230
MW366789.1	k141_23210	16064	97.080	137	4	230
MW366789.1	k141_23210	16064	91.667	144	12	206
MW366789.1	k141_23210	16064	91.667	144	12	206
MW366789.1	k141_23210	16064	85.311	177	25	199
MW366789.1	k141_23210	16064	85.311	177	25	199
MW366789.1	k141_23210	16064	81.500	200	28	185
MW366789.1	k141_23210	16064	81.395	172	18	166
MW366789.1	k141_23210	16064	81.395	172	18	166
MW366789.1	k141_23210	16064	86.667	135	16	160
MW366789.1	k141_23210	16064	86.667	135	16	160
MW366789.1	k141_23210	16064	90.826	109	8	150
MW366789.1	k141_23210	16064	90.826	109	8	150
MW366789.1	k141_23210	16064	94.505	91	5	142
MW366789.1	k141_23210	16064	94.505	91	5	142
MW366789.1	k141_23210	16064	95.181	83	4	132
MW366789.1	k141_23210	16064	95.181	83	4	132
MW366789.1	k141_23210	16064	96.250	80	2	128
MW366789.1	k141_23210	16064	96.250	80	2	128
MW366789.1	k141_23210	16064	96.000	75	3	123
MW366789.1	k141_23210	16064	96.000	75	3	123
MW366789.1	k141_23210	16064	85.000	100	7	112
MW366789.1	k141_23210	16064	85.000	100	7	112
MW366789.1	k141_23210	16064	84.810	79	7	89.7
MW366789.1	k141_23210	16064	84.810	79	7	89.7
MW366789.1	k141_23210	16064	95.238	42	2	68.0
MW366789.1	k141_23210	16064	95.238	42	2	68.0
MW366789.1	k141_23210	16064	89.796	49	5	67.1
MW366789.1	k141_23210	16064	89.796	49	5	67.1
MW366789.1	k141_23210	16064	89.796	49	5	67.1
MW366789.1	k141_23210	16064	94.737	38	2	60.8
MW366789.1	k141_3087	32660	78.819	5774	885	4785
MW366789.1	k141_3087	32660	75.314	4059	764	2693
MW366789.1	k141_3087	32660	82.476	2197	320	2241
MW366789.1	k141_3087	32660	86.880	1654	197	1978
MW366789.1	k141_3087	32660	81.428	1793	282	1707
MW366789.1	k141_3087	32660	77.237	1643	258	1224
MW366789.1	k141_3087	32660	79.529	679	116	556
MW366789.1	k141_3087	32660	78.918	536	94	453
MW366789.1	k141_3087	32660	71.893	676	140	318
MW366789.1	k141_3087	32660	75.694	432	61	288
MW366789.1	k141_3087	32660	75.694	432	61	288
MW366789.1	k141_3087	32660	74.099	444	70	283
MW366789.1	k141_3087	32660	84.836	244	33	264
MW366789.1	k141_3087	32660	83.264	239	26	255
MW366789.1	k141_3087	32660	91.971	137	10	195
MW366789.1	k141_3087	32660	81.720	186	27	176
MW366789.1	k141_3087	32660	79.070	215	33	174
MW366789.1	k141_3087	32660	95.192	104	5	166
MW366789.1	k141_3087	32660	84.354	147	14	157
MW366789.1	k141_3087	32660	73.962	265	42	156
MW366789.1	k141_3087	32660	80.588	170	25	143
MW366789.1	k141_3087	32660	90.000	100	7	134
MW366789.1	k141_3087	32660	80.851	141	15	117
MW366789.1	k141_3087	32660	90.588	85	6	111
MW366789.1	k141_3087	32660	93.243	74	4	108
MW366789.1	k141_3087	32660	77.519	129	28	99.6
MW366789.1	k141_3087	32660	84.884	86	13	97.8
MW366789.1	k141_3087	32660	90.476	42	4	59.0
MW366789.1	k141_3087	32660	90.476	42	4	59.0
MW366789.1	k141_3087	32660	82.000	50	9	50.9
MW366789.1	k141_3087	32660	79.592	49	10	44.6
MW366789.1	k141_3087	32660	84.211	38	6	42.8
MW366789.1	k141_3087	32660	84.211	38	6	42.8
MW366789.1	k141_3087	32660	72.973	74	19	41.0
MW366789.1	k141_4612	11899	78.127	1943	385	1562
MW366789.1	k141_4612	11899	82.130	1080	164	1064
MW366789.1	k141_4612	11899	80.415	674	116	609
MW366789.1	k141_4612	11899	71.921	958	175	497
MW366789.1	k141_4612	11899	73.864	440	81	252
MW366789.1	k141_4612	11899	73.529	306	66	187
MW366789.1	k141_4612	11899	80.214	187	32	162
MW366789.1	k141_4612	11899	79.286	140	28	119
MW366789.1	k141_4612	11899	83.562	73	12	78.8
MW366789.1	k141_13966	11517	73.873	2595	490	1554
MW366789.1	k141_13966	11517	73.873	2595	490	1554
MW366789.1	k141_13966	11517	76.732	1934	372	1440
MW366789.1	k141_13966	11517	72.306	2246	521	1225
MW366789.1	k141_13966	11517	79.188	1158	201	1003
MW366789.1	k141_13966	11517	79.188	1158	201	1003
MW366789.1	k141_13966	11517	80.576	556	102	513
MW366789.1	k141_13966	11517	80.576	556	102	513
MW366789.1	k141_13966	11517	74.144	789	169	508
MW366789.1	k141_13966	11517	76.205	332	77	236
MW366789.1	k141_12906	1835	77.221	439	77	331
MW366789.1	k141_12906	1835	77.483	151	29	111
MW366789.1	k141_7044	2269	74.941	423	100	273
MW366789.1	k141_8200	941	73.554	242	34	153
MW366789.1	k141_21136	695	90.909	88	8	123
MW366789.1	k141_21136	695	90.909	88	8	123
MW366789.1	k141_23249	990	96.000	75	3	123
MW366789.1	k141_23249	990	96.000	75	3	123
MW366789.1	k141_25481	2050	87.755	98	11	120
MW366789.1	k141_2647	414	82.353	85	15	86.9
MW366789.1	k141_2647	414	82.353	85	15	86.9
MW366789.1	k141_29503	443	83.951	81	12	85.1
MW366789.1	k141_29261	10871	76.522	115	24	80.6
MW366789.1	k141_29261	10871	76.522	115	24	80.6
MW366789.1	k141_29261	10871	81.250	64	12	62.6
MW366789.1	k141_29261	10871	81.250	64	12	62.6
MW366789.1	k141_2361	817	83.582	67	5	73.4
MW366789.1	k141_2361	817	83.582	67	5	73.4
MW366789.1	k141_2361	817	82.090	67	6	68.9
KT899950.1	k141_23210	16064	90.614	12881	572	17952
KT899950.1	k141_23210	16064	90.614	12881	572	17952
KT899950.1	k141_23210	16064	94.771	1836	49	2885
KT899950.1	k141_23210	16064	94.771	1836	49	2885
KT899950.1	k141_23210	16064	78.082	438	55	386
KT899950.1	k141_23210	16064	78.082	438	55	386
KT899950.1	k141_23210	16064	74.206	252	15	203
KT899950.1	k141_23210	16064	74.206	252	15	203
KT899950.1	k141_23210	16064	83.333	168	23	178
KT899950.1	k141_23210	16064	83.333	168	23	178
KT899950.1	k141_23210	16064	96.296	108	4	178
KT899950.1	k141_23210	16064	96.296	108	4	178
KT899950.1	k141_23210	16064	95.122	82	3	127
KT899950.1	k141_23210	16064	94.872	39	2	62.6
KT899950.1	k141_2790	22635	84.610	8486	1129	9341
KT899950.1	k141_2790	22635	75.666	3867	694	2720
KT899950.1	k141_2790	22635	79.584	2209	376	1965
KT899950.1	k141_2790	22635	82.393	1312	160	1344
KT899950.1	k141_2790	22635	82.393	1312	160	1344
KT899950.1	k141_2790	22635	78.624	1352	187	1156
KT899950.1	k141_2790	22635	89.711	554	50	736
KT899950.1	k141_2790	22635	73.766	709	117	485
KT899950.1	k141_2790	22635	67.252	797	144	263
KT899950.1	k141_2790	22635	76.285	253	58	179
KT899950.1	k141_2790	22635	83.851	161	23	172
KT899950.1	k141_2790	22635	66.667	381	87	106
KT899950.1	k141_7033	26930	88.793	5791	521	7530
KT899950.1	k141_7033	26930	86.322	3524	351	4148
KT899950.1	k141_7033	26930	83.627	2553	340	2687
KT899950.1	k141_7033	26930	81.598	1940	264	1911
KT899950.1	k141_7033	26930	76.369	1333	206	966
KT899950.1	k141_7033	26930	76.780	913	124	699
KT899950.1	k141_7033	26930	78.711	667	93	554
KT899950.1	k141_7033	26930	72.650	819	125	458
KT899950.1	k141_7033	26930	79.076	368	52	290
KT899950.1	k141_7033	26930	83.521	267	33	276
KT899950.1	k141_7033	26930	85.714	147	21	171
KT899950.1	k141_7033	26930	76.364	220	30	151
KT899950.1	k141_7033	26930	74.672	229	41	145
KT899950.1	k141_7033	26930	74.634	205	25	133
KT899950.1	k141_7033	26930	67.209	369	107	115
KT899950.1	k141_7033	26930	79.832	119	24	107
KT899950.1	k141_7033	26930	83.333	84	10	84.2
KT899950.1	k141_3087	32660	81.991	5875	753	5735
KT899950.1	k141_3087	32660	82.874	4677	565	4820
KT899950.1	k141_3087	32660	79.790	3335	522	2951
KT899950.1	k141_3087	32660	81.645	2201	321	2111
KT899950.1	k141_3087	32660	80.651	2150	276	2007
KT899950.1	k141_3087	32660	72.846	1613	251	919
KT899950.1	k141_3087	32660	73.910	1307	205	772
KT899950.1	k141_3087	32660	81.818	759	91	722
KT899950.1	k141_3087	32660	70.575	1356	284	607
KT899950.1	k141_3087	32660	74.813	667	123	437
KT899950.1	k141_3087	32660	76.923	572	88	418
KT899950.1	k141_3087	32660	81.141	403	51	380
KT899950.1	k141_3087	32660	70.849	518	78	266
KT899950.1	k141_3087	32660	77.241	290	41	222
KT899950.1	k141_3087	32660	71.264	435	83	192
KT899950.1	k141_3087	32660	75.789	285	48	187
KT899950.1	k141_3087	32660	100.000	39	0	71.6
KT899950.1	k141_3087	32660	92.857	42	3	63.5
KT899950.1	k141_3087	32660	92.857	42	3	63.5
KT899950.1	k141_3087	32660	92.683	41	3	61.7
KT899950.1	k141_3087	32660	67.722	158	42	50.9
KT899950.1	k141_3087	32660	74.242	66	17	43.7
KT899950.1	k141_3087	32660	84.211	38	6	42.8
KT899950.1	k141_3087	32660	84.211	38	6	42.8
KT899950.1	k141_13966	11517	78.377	3020	512	2486
KT899950.1	k141_13966	11517	76.360	2280	459	1633
KT899950.1	k141_13966	11517	80.960	1271	214	1177
KT899950.1	k141_13966	11517	74.648	1704	305	1128
KT899950.1	k141_13966	11517	79.313	1107	183	934
KT899950.1	k141_13966	11517	73.570	874	164	501
KT899950.1	k141_13966	11517	83.893	149	23	158
KT899950.1	k141_4612	11899	81.244	1930	318	1835
KT899950.1	k141_4612	11899	87.952	1079	97	1350
KT899950.1	k141_4612	11899	71.271	2266	432	1066
KT899950.1	k141_4612	11899	82.964	722	109	743
KT899950.1	k141_4612	11899	76.741	675	105	467
KT899950.1	k141_4612	11899	75.103	486	80	337
KT899950.1	k141_4612	11899	78.947	190	30	154
KT899950.1	k141_4612	11899	75.556	90	20	61.7
KT899950.1	k141_7044	2269	79.478	536	108	464
KT899950.1	k141_12906	1835	76.501	583	96	435
KT899950.1	k141_29919	573	82.540	189	27	189
KT899950.1	k141_23249	990	83.333	168	23	178
KT899950.1	k141_23249	990	83.333	168	23	178
KT899950.1	k141_25233	484	87.943	141	16	175
KT899950.1	k141_25233	484	87.943	141	16	175
KT899950.1	k141_21136	695	83.007	153	21	159
KT899950.1	k141_21136	695	83.007	153	21	159
KT899950.1	k141_8200	941	75.221	226	37	146
KT899950.1	k141_25481	2050	92.391	92	7	135
KT899950.1	k141_25481	2050	90.909	44	4	62.6
KT899950.1	k141_11220	1402	76.875	160	31	123
KT899950.1	k141_11220	1402	76.875	160	31	123
KT899950.1	k141_2361	817	93.939	66	4	102
KT899950.1	k141_16472	428	75.484	155	35	98.7
KT899950.1	k141_16472	428	75.484	155	35	98.7
KT899950.1	k141_2647	414	82.353	85	15	86.9
KT899950.1	k141_2647	414	82.353	85	15	86.9
KT899950.1	k141_29503	443	91.525	59	5	85.1
KT899950.1	k141_29261	10871	77.391	115	23	85.1
KT899950.1	k141_29261	10871	77.391	115	23	85.1
KT899950.1	k141_29261	10871	81.250	64	12	62.6
KT899950.1	k141_29261	10871	81.250	64	12	62.6
KT899950.1	k141_1644	503	83.784	74	12	80.6
KT899950.1	k141_4636	492	65.854	246	53	67.1
KT899950.1	k141_34795	914	75.824	91	14	64.4
KT899950.1	k141_39791	931	90.909	44	4	62.6
GU191334.1	k141_7033	26930	81.898	4574	824	4502
GU191334.1	k141_7033	26930	83.001	2459	411	2548
GU191334.1	k141_7033	26930	72.786	2315	538	1287
GU191334.1	k141_7033	26930	76.283	721	164	523
GU191334.1	k141_7033	26930	72.650	702	178	373
GU191334.1	k141_7033	26930	81.301	246	46	237
GU191334.1	k141_7033	26930	80.114	176	35	160
GU191334.1	k141_7033	26930	83.942	137	17	144
GU191334.1	k141_7033	26930	93.421	76	5	115
GU191334.1	k141_7033	26930	94.444	72	4	113
GU191334.1	k141_7033	26930	74.233	163	42	105
GU191334.1	k141_7033	26930	81.579	114	18	105
GU191334.1	k141_7033	26930	76.515	132	31	99.6
GU191334.1	k141_7033	26930	89.189	74	8	98.7
GU191334.1	k141_7033	26930	72.549	153	29	90.6
GU191334.1	k141_7033	26930	79.070	86	18	75.2
GU191334.1	k141_7033	26930	79.268	82	17	72.5
GU191334.1	k141_7033	26930	97.297	37	1	63.5
GU191334.1	k141_23210	16064	86.513	2647	253	3110
GU191334.1	k141_23210	16064	86.513	2647	253	3110
GU191334.1	k141_23210	16064	88.660	1896	138	2430
GU191334.1	k141_23210	16064	88.660	1896	138	2430
GU191334.1	k141_23210	16064	86.773	1822	205	2165
GU191334.1	k141_23210	16064	86.773	1822	205	2165
GU191334.1	k141_23210	16064	78.523	1029	164	835
GU191334.1	k141_23210	16064	78.523	1029	164	835
GU191334.1	k141_23210	16064	76.577	666	149	487
GU191334.1	k141_23210	16064	72.137	524	146	288
GU191334.1	k141_23210	16064	77.597	308	69	245
GU191334.1	k141_23210	16064	71.335	457	116	239
GU191334.1	k141_23210	16064	94.737	95	5	150
GU191334.1	k141_23210	16064	94.737	95	5	150
GU191334.1	k141_23210	16064	94.805	77	4	122
GU191334.1	k141_23210	16064	94.805	77	4	122
GU191334.1	k141_23210	16064	89.286	84	9	112
GU191334.1	k141_23210	16064	89.474	76	8	102
GU191334.1	k141_23210	16064	89.333	75	8	100
GU191334.1	k141_23210	16064	89.333	75	8	100
GU191334.1	k141_23210	16064	88.158	76	9	97.8
GU191334.1	k141_23210	16064	87.500	40	5	50.9
GU191334.1	k141_3087	32660	82.942	1448	247	1498
GU191334.1	k141_3087	32660	80.870	1563	294	1458
GU191334.1	k141_3087	32660	77.535	1785	382	1393
GU191334.1	k141_3087	32660	88.355	1082	124	1381
GU191334.1	k141_3087	32660	81.895	707	118	699
GU191334.1	k141_3087	32660	73.465	912	195	565
GU191334.1	k141_3087	32660	82.437	558	91	558
GU191334.1	k141_3087	32660	74.472	615	125	381
GU191334.1	k141_3087	32660	76.712	438	91	323
GU191334.1	k141_3087	32660	74.661	442	97	279
GU191334.1	k141_3087	32660	69.104	424	102	192
GU191334.1	k141_3087	32660	76.812	207	45	147
GU191334.1	k141_3087	32660	81.618	136	25	133
GU191334.1	k141_3087	32660	89.362	94	10	125
GU191334.1	k141_3087	32660	92.045	88	6	124
GU191334.1	k141_3087	32660	94.737	76	4	120
GU191334.1	k141_3087	32660	95.890	73	3	119
GU191334.1	k141_3087	32660	92.500	80	6	118
GU191334.1	k141_3087	32660	94.444	72	4	113
GU191334.1	k141_3087	32660	79.699	133	25	112
GU191334.1	k141_3087	32660	84.000	100	16	109
GU191334.1	k141_3087	32660	93.939	66	4	102
GU191334.1	k141_3087	32660	80.328	122	18	100
GU191334.1	k141_3087	32660	88.732	71	8	93.3
GU191334.1	k141_3087	32660	86.486	74	10	89.7
GU191334.1	k141_3087	32660	78.302	106	23	88.7
GU191334.1	k141_3087	32660	90.741	54	3	73.4
GU191334.1	k141_3087	32660	78.652	89	13	68.0
GU191334.1	k141_3087	32660	97.222	36	1	61.7
GU191334.1	k141_3087	32660	77.273	66	15	52.7
GU191334.1	k141_3087	32660	85.714	42	6	50.0
GU191334.1	k141_2790	22635	68.853	3628	1053	1379
GU191334.1	k141_2790	22635	71.972	1288	346	673
GU191334.1	k141_2790	22635	71.834	1232	328	630
GU191334.1	k141_2790	22635	68.213	1466	396	485
GU191334.1	k141_2790	22635	79.158	475	96	400
GU191334.1	k141_2790	22635	67.105	1140	304	322
GU191334.1	k141_2790	22635	77.628	371	83	296
GU191334.1	k141_2790	22635	67.466	667	215	218
GU191334.1	k141_2790	22635	67.512	434	110	149
GU191334.1	k141_2790	22635	74.839	155	36	103
GU191334.1	k141_2790	22635	66.667	354	115	101
GU191334.1	k141_2790	22635	69.388	245	73	97.8
GU191334.1	k141_2790	22635	72.500	120	33	68.9
GU191334.1	k141_2790	22635	87.234	47	6	59.0
GU191334.1	k141_13966	11517	69.386	1839	475	737
GU191334.1	k141_13966	11517	73.136	1180	271	655
GU191334.1	k141_13966	11517	71.939	1176	298	613
GU191334.1	k141_13966	11517	72.374	1133	244	596
GU191334.1	k141_13966	11517	68.348	793	227	271
GU191334.1	k141_13966	11517	75.000	292	71	191
GU191334.1	k141_13966	11517	81.967	183	33	182
GU191334.1	k141_13966	11517	66.180	479	141	108
GU191334.1	k141_13966	11517	84.091	44	7	49.1
GU191334.1	k141_4612	11899	75.459	872	208	591
GU191334.1	k141_4612	11899	75.159	785	165	519
GU191334.1	k141_4612	11899	92.405	79	6	116
GU191334.1	k141_4612	11899	94.521	73	4	114
GU191334.1	k141_4612	11899	87.952	83	10	105
GU191334.1	k141_4612	11899	76.923	130	24	96.9
GU191334.1	k141_4612	11899	76.271	59	14	44.6
GU191334.1	k141_7044	2269	71.747	538	148	271
GU191334.1	k141_12906	1835	93.827	81	5	124
GU191334.1	k141_22736	1570	82.653	98	17	101
GU191334.1	k141_22736	1570	82.653	98	17	101
GU191334.1	k141_23249	990	89.333	75	8	100
GU191334.1	k141_23249	990	89.333	75	8	100
GU191334.1	k141_21136	695	89.333	75	8	100
GU191334.1	k141_21136	695	89.333	75	8	100
GU191334.1	k141_16472	428	74.839	155	36	94.2
GU191334.1	k141_16472	428	74.839	155	36	94.2
GU191334.1	k141_29261	10871	78.261	115	22	89.7
GU191334.1	k141_29261	10871	78.261	115	22	89.7
GU191334.1	k141_29261	10871	81.250	64	12	62.6
GU191334.1	k141_29261	10871	81.250	64	12	62.6
GU191334.1	k141_2647	414	76.230	122	27	87.8
GU191334.1	k141_2647	414	76.230	122	27	87.8
GU191334.1	k141_29503	443	83.333	66	11	70.7
GU191334.1	k141_39791	931	85.000	40	6	46.4
GU191334.1	k141_25481	2050	87.879	33	4	42.8
GU191334.1	k141_28911	583	75.862	58	14	42.8
