MZ962720.1	k141_41419	17260	90.513	7600	495	10380
MZ962720.1	k141_41419	17260	90.513	7600	495	10380
MZ962720.1	k141_41419	17260	85.949	3288	248	3928
MZ962720.1	k141_41419	17260	85.949	3288	248	3928
MZ962720.1	k141_41419	17260	87.509	1449	142	1797
MZ962720.1	k141_41419	17260	87.509	1449	142	1797
MZ962720.1	k141_41419	17260	80.508	826	75	783
MZ962720.1	k141_41419	17260	82.530	332	33	334
MZ962720.1	k141_41419	17260	82.530	332	33	334
MZ962720.1	k141_41419	17260	77.057	401	47	296
MZ962720.1	k141_41419	17260	77.057	401	47	296
MZ962720.1	k141_41419	17260	82.490	257	25	257
MZ962720.1	k141_41419	17260	82.490	257	25	257
MZ962720.1	k141_41419	17260	81.224	245	31	231
MZ962720.1	k141_41419	17260	72.774	393	67	223
MZ962720.1	k141_41419	17260	72.774	393	67	223
MZ962720.1	k141_41419	17260	84.375	192	30	212
MZ962720.1	k141_41419	17260	84.375	192	30	212
MZ962720.1	k141_41419	17260	98.765	81	1	142
MZ962720.1	k141_41419	17260	98.765	81	1	142
MZ962720.1	k141_41419	17260	89.873	79	8	107
MZ962720.1	k141_41419	17260	95.238	42	2	68.0
MZ962720.1	k141_41419	17260	95.238	42	2	68.0
MZ962720.1	k141_160666	89614	77.580	8439	1611	6591
MZ962720.1	k141_160666	89614	86.900	5206	627	6269
MZ962720.1	k141_160666	89614	76.221	5038	779	3589
MZ962720.1	k141_160666	89614	90.165	2481	244	3375
MZ962720.1	k141_160666	89614	76.515	3564	623	2559
MZ962720.1	k141_160666	89614	83.117	2002	316	2080
MZ962720.1	k141_160666	89614	86.957	1472	185	1783
MZ962720.1	k141_160666	89614	79.551	1736	294	1505
MZ962720.1	k141_160666	89614	89.618	1127	111	1502
MZ962720.1	k141_160666	89614	77.426	1958	396	1490
MZ962720.1	k141_160666	89614	70.358	2321	389	1057
MZ962720.1	k141_160666	89614	75.032	1582	291	1036
MZ962720.1	k141_160666	89614	80.639	1002	132	930
MZ962720.1	k141_160666	89614	85.530	774	101	893
MZ962720.1	k141_160666	89614	78.319	1047	199	846
MZ962720.1	k141_160666	89614	87.695	577	68	719
MZ962720.1	k141_160666	89614	81.978	627	87	623
MZ962720.1	k141_160666	89614	81.978	627	87	623
MZ962720.1	k141_160666	89614	69.294	1573	407	616
MZ962720.1	k141_160666	89614	73.570	1014	163	576
MZ962720.1	k141_160666	89614	81.593	565	101	549
MZ962720.1	k141_160666	89614	87.354	427	54	527
MZ962720.1	k141_160666	89614	87.354	427	54	527
MZ962720.1	k141_160666	89614	74.476	811	171	513
MZ962720.1	k141_160666	89614	79.592	539	110	477
MZ962720.1	k141_160666	89614	79.592	539	110	477
MZ962720.1	k141_160666	89614	74.691	727	155	463
MZ962720.1	k141_160666	89614	82.878	403	49	407
MZ962720.1	k141_160666	89614	78.452	478	65	383
MZ962720.1	k141_160666	89614	76.110	473	86	333
MZ962720.1	k141_160666	89614	74.949	487	111	325
MZ962720.1	k141_160666	89614	71.739	690	139	322
MZ962720.1	k141_160666	89614	78.093	388	74	318
MZ962720.1	k141_160666	89614	69.141	687	107	315
MZ962720.1	k141_160666	89614	79.082	392	64	314
MZ962720.1	k141_160666	89614	73.319	461	55	303
MZ962720.1	k141_160666	89614	76.263	396	55	272
MZ962720.1	k141_160666	89614	69.552	647	132	261
MZ962720.1	k141_160666	89614	82.510	263	38	261
MZ962720.1	k141_160666	89614	75.833	360	81	254
MZ962720.1	k141_160666	89614	83.478	230	33	244
MZ962720.1	k141_160666	89614	68.567	719	185	239
MZ962720.1	k141_160666	89614	81.498	227	33	224
MZ962720.1	k141_160666	89614	81.498	227	33	224
MZ962720.1	k141_160666	89614	75.570	307	50	216
MZ962720.1	k141_160666	89614	75.570	307	50	216
MZ962720.1	k141_160666	89614	71.163	430	74	213
MZ962720.1	k141_160666	89614	71.163	430	74	213
MZ962720.1	k141_160666	89614	74.257	303	78	196
MZ962720.1	k141_160666	89614	80.189	212	33	193
MZ962720.1	k141_160666	89614	80.189	212	33	193
MZ962720.1	k141_160666	89614	73.443	305	25	191
MZ962720.1	k141_160666	89614	83.240	179	25	188
MZ962720.1	k141_160666	89614	80.676	207	33	187
MZ962720.1	k141_160666	89614	71.989	357	62	183
MZ962720.1	k141_160666	89614	90.551	127	11	172
MZ962720.1	k141_160666	89614	66.261	658	149	171
MZ962720.1	k141_160666	89614	78.261	207	38	168
MZ962720.1	k141_160666	89614	77.833	203	45	164
MZ962720.1	k141_160666	89614	83.226	155	26	163
MZ962720.1	k141_160666	89614	82.081	173	22	163
MZ962720.1	k141_160666	89614	86.957	138	15	162
MZ962720.1	k141_160666	89614	85.714	140	11	162
MZ962720.1	k141_160666	89614	91.667	108	8	151
MZ962720.1	k141_160666	89614	80.255	157	29	141
MZ962720.1	k141_160666	89614	79.012	162	34	140
MZ962720.1	k141_160666	89614	77.586	174	37	136
MZ962720.1	k141_160666	89614	77.778	180	21	135
MZ962720.1	k141_160666	89614	90.722	97	9	135
MZ962720.1	k141_160666	89614	74.419	215	38	133
MZ962720.1	k141_160666	89614	74.419	215	38	133
MZ962720.1	k141_160666	89614	89.216	102	4	132
MZ962720.1	k141_160666	89614	74.336	226	52	130
MZ962720.1	k141_160666	89614	74.336	226	52	130
MZ962720.1	k141_160666	89614	97.368	76	2	129
MZ962720.1	k141_160666	89614	65.358	586	185	123
MZ962720.1	k141_160666	89614	90.805	87	6	119
MZ962720.1	k141_160666	89614	93.506	77	5	117
MZ962720.1	k141_160666	89614	89.873	79	8	107
MZ962720.1	k141_160666	89614	76.351	148	30	105
MZ962720.1	k141_160666	89614	76.351	148	30	105
MZ962720.1	k141_160666	89614	76.351	148	30	105
MZ962720.1	k141_160666	89614	90.667	75	6	101
MZ962720.1	k141_160666	89614	84.211	95	11	99.6
MZ962720.1	k141_160666	89614	74.830	147	33	98.7
MZ962720.1	k141_160666	89614	76.800	125	29	96.0
MZ962720.1	k141_160666	89614	72.727	165	45	96.0
MZ962720.1	k141_160666	89614	83.333	96	14	95.1
MZ962720.1	k141_160666	89614	79.808	104	15	95.1
MZ962720.1	k141_160666	89614	79.808	104	15	95.1
MZ962720.1	k141_160666	89614	77.586	116	26	93.3
MZ962720.1	k141_160666	89614	77.586	116	26	93.3
MZ962720.1	k141_160666	89614	89.041	73	7	93.3
MZ962720.1	k141_160666	89614	85.897	78	11	92.4
MZ962720.1	k141_160666	89614	76.378	127	25	90.6
MZ962720.1	k141_160666	89614	79.208	101	14	90.6
MZ962720.1	k141_160666	89614	79.070	86	18	75.2
MZ962720.1	k141_160666	89614	79.070	86	18	75.2
MZ962720.1	k141_160666	89614	79.070	86	18	75.2
MZ962720.1	k141_160666	89614	68.807	218	64	73.4
MZ962720.1	k141_160666	89614	75.758	99	24	71.6
MZ962720.1	k141_160666	89614	75.758	99	24	71.6
MZ962720.1	k141_160666	89614	76.923	91	19	63.5
MZ962720.1	k141_160666	89614	78.788	66	14	57.2
MZ962720.1	k141_160666	89614	78.788	66	14	57.2
MZ962720.1	k141_160666	89614	85.366	41	6	48.2
MZ962720.1	k141_160666	89614	74.242	66	17	43.7
MZ962720.1	k141_36616	16700	79.525	2696	448	2324
MZ962720.1	k141_36616	16700	79.525	2696	448	2324
MZ962720.1	k141_36616	16700	78.285	1948	385	1582
MZ962720.1	k141_36616	16700	74.782	2292	519	1482
MZ962720.1	k141_36616	16700	80.261	1454	239	1296
MZ962720.1	k141_36616	16700	80.261	1454	239	1296
MZ962720.1	k141_36616	16700	74.051	975	209	613
MZ962720.1	k141_36616	16700	79.027	596	124	508
MZ962720.1	k141_36616	16700	79.027	596	124	508
MZ962720.1	k141_36616	16700	80.178	338	65	306
MZ962720.1	k141_36616	16700	90.909	99	6	132
MZ962720.1	k141_122280	1026	70.197	1067	255	449
MZ962720.1	k141_122280	1026	70.197	1067	255	449
MZ962720.1	k141_97712	16908	71.106	886	214	406
MZ962720.1	k141_97712	16908	71.106	886	214	406
MZ962720.1	k141_97712	16908	68.075	639	192	217
MZ962720.1	k141_97712	16908	88.525	61	7	79.7
MZ962720.1	k141_97712	16908	88.525	61	7	79.7
MZ962720.1	k141_97712	16908	88.525	61	7	79.7
MZ962720.1	k141_97712	16908	74.157	89	23	58.1
MZ962720.1	k141_149901	1617	87.285	291	26	346
MZ962720.1	k141_149901	1617	87.285	291	26	346
MZ962720.1	k141_138236	30391	79.167	360	46	320
MZ962720.1	k141_138236	30391	78.030	264	45	214
MZ962720.1	k141_138236	30391	78.030	264	45	214
MZ962720.1	k141_49379	4902	95.025	201	10	318
MZ962720.1	k141_49379	4902	95.025	201	10	318
MZ962720.1	k141_41305	20974	95.092	163	8	259
MZ962720.1	k141_41305	20974	95.092	163	8	259
MZ962720.1	k141_41305	20974	76.238	101	14	75.2
MZ962720.1	k141_90899	8036	75.352	284	36	192
MZ962720.1	k141_90899	8036	74.222	225	39	135
MZ962720.1	k141_9009	33835	73.438	256	50	159
MZ962720.1	k141_9009	33835	84.946	93	12	98.7
MZ962720.1	k141_9009	33835	90.000	50	5	68.9
MZ962720.1	k141_156948	17198	71.377	276	35	141
MZ962720.1	k141_160660	47345	91.753	97	8	140
MZ962720.1	k141_54710	11247	97.561	82	2	140
MZ962720.1	k141_54710	11247	97.561	82	2	140
MZ962720.1	k141_54710	11247	82.524	103	16	98.7
MZ962720.1	k141_54710	11247	82.524	103	16	98.7
MZ962720.1	k141_54710	11247	64.854	515	153	98.7
MZ962720.1	k141_54710	11247	64.854	515	153	98.7
MZ962720.1	k141_54710	11247	82.474	97	16	96.0
MZ962720.1	k141_54710	11247	82.474	97	16	96.0
MZ962720.1	k141_54710	11247	89.655	58	6	78.8
MZ962720.1	k141_54710	11247	89.655	58	6	78.8
MZ962720.1	k141_54710	11247	89.655	58	6	78.8
MZ962720.1	k141_132916	654	95.000	80	4	127
MZ962720.1	k141_132916	654	95.000	80	4	127
MZ962720.1	k141_158816	12010	92.308	78	6	114
MZ962720.1	k141_158816	12010	77.273	66	15	52.7
MZ962720.1	k141_72029	375	84.884	86	13	97.8
MZ962720.1	k141_72029	375	84.884	86	13	97.8
MZ962720.1	k141_107922	12403	95.000	60	3	96.0
MZ962720.1	k141_107922	12403	95.000	60	3	96.0
MZ962720.1	k141_23330	438	86.301	73	10	87.8
MZ962720.1	k141_16938	344	87.879	66	8	84.2
MZ962720.1	k141_22686	468	89.474	57	6	77.0
MZ962720.1	k141_114095	24723	73.333	135	32	77.0
MZ962720.1	k141_114095	24723	100.000	38	0	69.8
MZ962720.1	k141_114095	24723	100.000	38	0	69.8
MZ962720.1	k141_114095	24723	90.244	41	4	57.2
MZ962720.1	k141_49633	588	97.727	44	1	76.1
MZ962720.1	k141_121884	11587	93.750	48	3	74.3
MZ962720.1	k141_121884	11587	93.750	48	3	74.3
MZ962720.1	k141_66097	467	81.944	72	13	72.5
MZ962720.1	k141_11366	352	88.000	50	6	64.4
MZ962720.1	k141_24043	505	88.095	42	5	54.5
MZ962720.1	k141_24043	505	88.095	42	5	54.5
MZ962720.1	k141_45428	441	77.333	75	15	52.7
MZ962720.1	k141_114007	782	76.786	56	13	43.7
MH569081.1	k141_160666	89614	86.157	5418	689	6337
MH569081.1	k141_160666	89614	80.676	3995	669	3700
MH569081.1	k141_160666	89614	88.634	2481	282	3204
MH569081.1	k141_160666	89614	79.002	3348	618	2851
MH569081.1	k141_160666	89614	80.444	2884	410	2622
MH569081.1	k141_160666	89614	80.864	2362	390	2206
MH569081.1	k141_160666	89614	82.869	1938	323	1994
MH569081.1	k141_160666	89614	86.449	1498	196	1784
MH569081.1	k141_160666	89614	86.427	1444	167	1702
MH569081.1	k141_160666	89614	80.280	1714	296	1547
MH569081.1	k141_160666	89614	79.794	1747	280	1544
MH569081.1	k141_160666	89614	76.877	2024	371	1516
MH569081.1	k141_160666	89614	72.602	2241	502	1258
MH569081.1	k141_160666	89614	72.445	2192	341	1211
MH569081.1	k141_160666	89614	73.566	1918	389	1172
MH569081.1	k141_160666	89614	73.388	1954	353	1168
MH569081.1	k141_160666	89614	78.480	1329	213	1075
MH569081.1	k141_160666	89614	83.215	989	113	1034
MH569081.1	k141_160666	89614	69.185	2343	573	884
MH569081.1	k141_160666	89614	78.335	997	156	820
MH569081.1	k141_160666	89614	78.335	997	156	820
MH569081.1	k141_160666	89614	78.018	878	174	704
MH569081.1	k141_160666	89614	78.018	878	174	704
MH569081.1	k141_160666	89614	83.792	654	88	696
MH569081.1	k141_160666	89614	80.518	657	124	603
MH569081.1	k141_160666	89614	82.124	565	98	563
MH569081.1	k141_160666	89614	88.506	435	49	556
MH569081.1	k141_160666	89614	88.506	435	49	556
MH569081.1	k141_160666	89614	73.444	964	185	550
MH569081.1	k141_160666	89614	78.131	535	81	425
MH569081.1	k141_160666	89614	68.750	1232	226	423
MH569081.1	k141_160666	89614	74.519	675	117	416
MH569081.1	k141_160666	89614	87.179	312	35	379
MH569081.1	k141_160666	89614	75.896	502	109	362
MH569081.1	k141_160666	89614	73.701	616	110	361
MH569081.1	k141_160666	89614	71.553	689	160	347
MH569081.1	k141_160666	89614	71.388	699	140	310
MH569081.1	k141_160666	89614	80.000	325	27	297
MH569081.1	k141_160666	89614	67.783	866	136	294
MH569081.1	k141_160666	89614	74.036	389	45	284
MH569081.1	k141_160666	89614	74.036	389	45	284
MH569081.1	k141_160666	89614	84.583	240	34	265
MH569081.1	k141_160666	89614	69.504	564	124	259
MH569081.1	k141_160666	89614	77.987	318	61	253
MH569081.1	k141_160666	89614	77.987	318	61	253
MH569081.1	k141_160666	89614	85.321	218	32	250
MH569081.1	k141_160666	89614	75.796	314	68	223
MH569081.1	k141_160666	89614	84.772	197	24	222
MH569081.1	k141_160666	89614	80.000	250	36	216
MH569081.1	k141_160666	89614	76.596	282	64	205
MH569081.1	k141_160666	89614	76.000	275	56	186
MH569081.1	k141_160666	89614	86.061	165	18	186
MH569081.1	k141_160666	89614	87.919	149	17	185
MH569081.1	k141_160666	89614	85.806	155	22	181
MH569081.1	k141_160666	89614	77.727	220	49	177
MH569081.1	k141_160666	89614	84.277	159	18	168
MH569081.1	k141_160666	89614	66.440	587	177	158
MH569081.1	k141_160666	89614	85.106	141	17	155
MH569081.1	k141_160666	89614	85.714	133	13	151
MH569081.1	k141_160666	89614	89.899	99	10	134
MH569081.1	k141_160666	89614	98.667	75	1	132
MH569081.1	k141_160666	89614	73.913	207	39	131
MH569081.1	k141_160666	89614	96.104	77	3	126
MH569081.1	k141_160666	89614	92.857	84	6	125
MH569081.1	k141_160666	89614	91.860	86	6	121
MH569081.1	k141_160666	89614	83.784	111	18	120
MH569081.1	k141_160666	89614	92.105	76	6	111
MH569081.1	k141_160666	89614	88.889	90	8	111
MH569081.1	k141_160666	89614	73.620	163	43	101
MH569081.1	k141_160666	89614	84.783	92	12	101
MH569081.1	k141_160666	89614	83.333	78	13	83.3
MH569081.1	k141_160666	89614	78.431	102	17	81.5
MH569081.1	k141_160666	89614	83.333	60	10	64.4
MH569081.1	k141_160666	89614	71.552	116	33	61.7
MH569081.1	k141_160666	89614	77.143	70	16	55.4
MH569081.1	k141_160666	89614	83.673	49	8	53.6
MH569081.1	k141_41419	17260	92.272	3028	155	4369
MH569081.1	k141_41419	17260	92.272	3028	155	4369
MH569081.1	k141_41419	17260	90.724	2954	190	4060
MH569081.1	k141_41419	17260	90.724	2954	190	4060
MH569081.1	k141_41419	17260	90.977	2538	133	3564
MH569081.1	k141_41419	17260	90.977	2538	133	3564
MH569081.1	k141_41419	17260	86.284	2282	144	2736
MH569081.1	k141_41419	17260	86.284	2282	144	2736
MH569081.1	k141_41419	17260	92.685	1490	93	2188
MH569081.1	k141_41419	17260	92.685	1490	93	2188
MH569081.1	k141_41419	17260	77.723	817	110	637
MH569081.1	k141_41419	17260	77.723	817	110	637
MH569081.1	k141_41419	17260	75.845	799	125	565
MH569081.1	k141_41419	17260	75.845	799	125	565
MH569081.1	k141_41419	17260	83.099	426	50	442
MH569081.1	k141_41419	17260	83.099	426	50	442
MH569081.1	k141_41419	17260	100.000	81	0	147
MH569081.1	k141_41419	17260	100.000	81	0	147
MH569081.1	k141_41419	17260	91.860	86	6	121
MH569081.1	k141_41419	17260	90.566	53	4	70.7
MH569081.1	k141_41419	17260	90.566	53	4	70.7
MH569081.1	k141_41419	17260	92.857	42	3	63.5
MH569081.1	k141_41419	17260	92.857	42	3	63.5
MH569081.1	k141_41419	17260	92.308	39	3	58.1
MH569081.1	k141_36616	16700	76.298	3312	619	2399
MH569081.1	k141_36616	16700	78.194	2724	475	2149
MH569081.1	k141_36616	16700	74.704	2281	507	1495
MH569081.1	k141_36616	16700	77.930	1459	272	1149
MH569081.1	k141_36616	16700	73.145	1132	260	644
MH569081.1	k141_36616	16700	77.306	542	103	401
MH569081.1	k141_36616	16700	70.938	320	58	150
MH569081.1	k141_36616	16700	82.692	104	17	104
MH569081.1	k141_36616	16700	82.692	104	17	104
MH569081.1	k141_36616	16700	97.674	43	1	74.3
MH569081.1	k141_36616	16700	97.674	43	1	74.3
MH569081.1	k141_36616	16700	88.095	42	5	54.5
MH569081.1	k141_138236	30391	89.474	418	38	544
MH569081.1	k141_138236	30391	89.474	418	38	544
MH569081.1	k141_122280	1026	70.871	999	241	441
MH569081.1	k141_122280	1026	70.871	999	241	441
MH569081.1	k141_97712	16908	71.477	880	214	431
MH569081.1	k141_97712	16908	71.477	880	214	431
MH569081.1	k141_97712	16908	72.222	432	118	232
MH569081.1	k141_97712	16908	90.164	61	6	84.2
MH569081.1	k141_97712	16908	90.164	61	6	84.2
MH569081.1	k141_97712	16908	74.157	89	23	58.1
MH569081.1	k141_49379	4902	96.020	201	8	327
MH569081.1	k141_49379	4902	96.020	201	8	327
MH569081.1	k141_41305	20974	94.512	164	8	252
MH569081.1	k141_41305	20974	94.512	164	8	252
MH569081.1	k141_41305	20974	76.190	84	11	66.2
MH569081.1	k141_41305	20974	91.429	35	3	50.9
MH569081.1	k141_41305	20974	91.429	35	3	50.9
MH569081.1	k141_90899	8036	69.500	600	107	241
MH569081.1	k141_156948	17198	81.893	243	21	230
MH569081.1	k141_149901	1617	90.345	145	12	192
MH569081.1	k141_149901	1617	90.345	145	12	192
MH569081.1	k141_160660	47345	87.395	119	15	148
MH569081.1	k141_160660	47345	87.395	119	15	148
MH569081.1	k141_160660	47345	97.531	81	2	138
MH569081.1	k141_54710	11247	96.429	84	3	139
MH569081.1	k141_54710	11247	96.429	84	3	139
MH569081.1	k141_54710	11247	75.120	209	50	136
MH569081.1	k141_54710	11247	75.120	209	50	136
MH569081.1	k141_54710	11247	83.495	103	15	103
MH569081.1	k141_54710	11247	83.495	103	15	103
MH569081.1	k141_54710	11247	80.412	97	19	90.6
MH569081.1	k141_54710	11247	80.412	97	19	90.6
MH569081.1	k141_54710	11247	89.474	57	6	77.0
MH569081.1	k141_54710	11247	89.474	57	6	77.0
MH569081.1	k141_54710	11247	71.338	157	40	72.5
MH569081.1	k141_54710	11247	71.338	157	40	72.5
MH569081.1	k141_9009	33835	77.381	168	29	136
MH569081.1	k141_9009	33835	86.957	92	10	110
MH569081.1	k141_9009	33835	90.000	50	5	68.9
MH569081.1	k141_80141	12428	81.600	125	23	123
MH569081.1	k141_80141	12428	81.600	125	23	123
MH569081.1	k141_132916	654	93.750	80	5	123
MH569081.1	k141_132916	654	93.750	80	5	123
MH569081.1	k141_132916	654	92.453	53	3	75.2
MH569081.1	k141_158816	12010	94.521	73	4	114
MH569081.1	k141_158816	12010	80.000	70	14	64.4
MH569081.1	k141_107922	12403	96.667	60	2	100
MH569081.1	k141_107922	12403	96.667	60	2	100
MH569081.1	k141_114095	24723	71.508	179	47	88.7
MH569081.1	k141_114095	24723	71.508	179	47	88.7
MH569081.1	k141_114095	24723	100.000	38	0	69.8
MH569081.1	k141_114095	24723	100.000	38	0	69.8
MH569081.1	k141_114095	24723	73.109	119	30	64.4
MH569081.1	k141_114095	24723	85.714	49	7	58.1
MH569081.1	k141_17277	412	82.353	85	14	83.3
MH569081.1	k141_11366	352	92.157	51	4	75.2
MH569081.1	k141_66097	467	83.099	71	12	75.2
MH569081.1	k141_49633	588	97.674	43	1	74.3
MH569081.1	k141_121884	11587	93.750	48	3	74.3
MH569081.1	k141_121884	11587	93.750	48	3	74.3
MH569081.1	k141_72029	375	77.108	83	19	65.3
MH569081.1	k141_24043	505	88.095	42	5	54.5
MH569081.1	k141_24043	505	88.095	42	5	54.5
NC_033978.1	k141_41419	17260	90.802	11340	620	15760
NC_033978.1	k141_41419	17260	91.916	10737	476	15475
NC_033978.1	k141_41419	17260	92.927	3068	117	4564
NC_033978.1	k141_41419	17260	92.927	3068	117	4564
NC_033978.1	k141_41419	17260	95.763	1534	51	2473
NC_033978.1	k141_41419	17260	95.763	1534	51	2473
NC_033978.1	k141_41419	17260	83.983	924	60	1003
NC_033978.1	k141_41419	17260	83.983	924	60	1003
NC_033978.1	k141_41419	17260	100.000	80	0	145
NC_033978.1	k141_41419	17260	75.410	183	34	124
NC_033978.1	k141_41419	17260	92.000	75	3	107
NC_033978.1	k141_41419	17260	92.000	75	3	107
NC_033978.1	k141_41419	17260	100.000	39	0	71.6
NC_033978.1	k141_41419	17260	92.857	42	3	63.5
NC_033978.1	k141_160666	89614	84.347	12643	1638	13830
NC_033978.1	k141_160666	89614	90.748	5534	452	7627
NC_033978.1	k141_160666	89614	77.340	8451	1125	6549
NC_033978.1	k141_160666	89614	82.037	6480	828	6381
NC_033978.1	k141_160666	89614	86.397	3808	417	4579
NC_033978.1	k141_160666	89614	86.397	3808	417	4579
NC_033978.1	k141_160666	89614	89.003	3028	275	3927
NC_033978.1	k141_160666	89614	86.368	2949	306	3480
NC_033978.1	k141_160666	89614	79.685	3879	536	3450
NC_033978.1	k141_160666	89614	84.555	2810	311	3155
NC_033978.1	k141_160666	89614	84.555	2810	311	3155
NC_033978.1	k141_160666	89614	77.613	2908	462	2282
NC_033978.1	k141_160666	89614	82.135	2239	260	2253
NC_033978.1	k141_160666	89614	78.452	2520	392	2080
NC_033978.1	k141_160666	89614	83.645	1926	252	2043
NC_033978.1	k141_160666	89614	78.543	2265	285	1882
NC_033978.1	k141_160666	89614	75.590	2671	531	1811
NC_033978.1	k141_160666	89614	91.700	1253	87	1789
NC_033978.1	k141_160666	89614	83.640	1143	142	1205
NC_033978.1	k141_160666	89614	79.576	1038	119	965
NC_033978.1	k141_160666	89614	79.576	1038	119	965
NC_033978.1	k141_160666	89614	78.913	1086	151	871
NC_033978.1	k141_160666	89614	87.463	670	79	826
NC_033978.1	k141_160666	89614	85.609	681	90	781
NC_033978.1	k141_160666	89614	77.323	1001	134	745
NC_033978.1	k141_160666	89614	72.502	1251	212	681
NC_033978.1	k141_160666	89614	90.000	490	31	671
NC_033978.1	k141_160666	89614	73.779	1106	160	670
NC_033978.1	k141_160666	89614	71.570	1013	188	475
NC_033978.1	k141_160666	89614	78.531	531	77	428
NC_033978.1	k141_160666	89614	78.161	522	75	418
NC_033978.1	k141_160666	89614	82.641	409	44	389
NC_033978.1	k141_160666	89614	84.709	327	31	373
NC_033978.1	k141_160666	89614	71.001	669	97	316
NC_033978.1	k141_160666	89614	81.495	281	35	270
NC_033978.1	k141_160666	89614	78.979	333	51	262
NC_033978.1	k141_160666	89614	92.949	156	11	233
NC_033978.1	k141_160666	89614	80.952	231	34	214
NC_033978.1	k141_160666	89614	80.090	221	35	191
NC_033978.1	k141_160666	89614	94.915	118	5	183
NC_033978.1	k141_160666	89614	84.756	164	18	172
NC_033978.1	k141_160666	89614	93.333	105	6	155
NC_033978.1	k141_160666	89614	94.624	93	5	146
NC_033978.1	k141_160666	89614	77.041	196	26	141
NC_033978.1	k141_160666	89614	92.708	96	4	141
NC_033978.1	k141_160666	89614	65.993	544	163	132
NC_033978.1	k141_160666	89614	76.970	165	38	127
NC_033978.1	k141_160666	89614	76.543	162	21	123
NC_033978.1	k141_160666	89614	91.667	84	7	121
NC_033978.1	k141_160666	89614	79.259	135	18	118
NC_033978.1	k141_160666	89614	74.265	136	25	84.2
NC_033978.1	k141_160666	89614	83.784	74	11	77.0
NC_033978.1	k141_160666	89614	88.095	42	5	54.5
NC_033978.1	k141_160666	89614	88.095	42	5	54.5
NC_033978.1	k141_36616	16700	81.749	2745	414	2636
NC_033978.1	k141_36616	16700	82.877	2009	313	2069
NC_033978.1	k141_36616	16700	79.723	2313	424	2067
NC_033978.1	k141_36616	16700	85.383	1252	155	1441
NC_033978.1	k141_36616	16700	78.053	1253	222	1010
NC_033978.1	k141_36616	16700	79.689	1157	194	1002
NC_033978.1	k141_36616	16700	70.251	2148	495	970
NC_033978.1	k141_36616	16700	72.182	1233	278	646
NC_033978.1	k141_36616	16700	80.144	277	43	241
NC_033978.1	k141_36616	16700	73.986	296	62	169
NC_033978.1	k141_36616	16700	97.619	42	1	72.5
NC_033978.1	k141_36616	16700	97.619	42	1	72.5
NC_033978.1	k141_36616	16700	90.476	42	4	59.0
NC_033978.1	k141_138236	30391	91.726	423	23	608
NC_033978.1	k141_138236	30391	91.726	423	23	608
NC_033978.1	k141_138236	30391	78.723	47	10	41.0
NC_033978.1	k141_122280	1026	70.273	1063	257	452
NC_033978.1	k141_122280	1026	70.273	1063	257	452
NC_033978.1	k141_97712	16908	72.014	879	211	441
NC_033978.1	k141_97712	16908	72.014	879	211	441
NC_033978.1	k141_97712	16908	66.794	783	221	240
NC_033978.1	k141_97712	16908	78.409	264	55	213
NC_033978.1	k141_97712	16908	78.409	264	55	213
NC_033978.1	k141_97712	16908	86.885	61	8	75.2
NC_033978.1	k141_97712	16908	86.885	61	8	75.2
NC_033978.1	k141_90899	8036	75.478	628	100	411
NC_033978.1	k141_149901	1617	90.970	299	13	399
NC_033978.1	k141_149901	1617	90.970	299	13	399
NC_033978.1	k141_49379	4902	99.005	201	2	354
NC_033978.1	k141_49379	4902	99.005	201	2	354
NC_033978.1	k141_160660	47345	95.939	197	8	320
NC_033978.1	k141_160660	47345	95.939	197	8	320
NC_033978.1	k141_160660	47345	90.196	153	6	208
NC_033978.1	k141_160660	47345	90.196	153	6	208
NC_033978.1	k141_160660	47345	80.519	154	15	143
NC_033978.1	k141_156948	17198	81.699	306	30	306
NC_033978.1	k141_41305	20974	96.933	163	5	272
NC_033978.1	k141_41305	20974	96.933	163	5	272
NC_033978.1	k141_41305	20974	76.238	101	14	75.2
NC_033978.1	k141_9009	33835	74.936	391	65	258
NC_033978.1	k141_9009	33835	76.412	301	44	203
NC_033978.1	k141_9009	33835	98.148	54	1	94.2
NC_033978.1	k141_80141	12428	93.197	147	10	221
NC_033978.1	k141_80141	12428	93.197	147	10	221
NC_033978.1	k141_54710	11247	100.000	83	0	150
NC_033978.1	k141_54710	11247	100.000	83	0	150
NC_033978.1	k141_54710	11247	65.896	519	143	115
NC_033978.1	k141_54710	11247	65.896	519	143	115
NC_033978.1	k141_54710	11247	82.524	103	16	98.7
NC_033978.1	k141_54710	11247	82.524	103	16	98.7
NC_033978.1	k141_54710	11247	87.931	58	7	74.3
NC_033978.1	k141_54710	11247	87.931	58	7	74.3
NC_033978.1	k141_54710	11247	87.037	54	7	67.1
NC_033978.1	k141_132916	654	96.250	80	3	132
NC_033978.1	k141_132916	654	96.250	80	3	132
NC_033978.1	k141_132916	654	90.566	53	4	70.7
NC_033978.1	k141_16938	344	90.000	90	9	123
NC_033978.1	k141_158816	12010	93.671	79	5	121
NC_033978.1	k141_158816	12010	77.049	61	14	48.2
NC_033978.1	k141_22686	468	89.535	86	9	115
NC_033978.1	k141_72029	375	86.585	82	11	99.6
NC_033978.1	k141_107922	12403	96.610	59	2	98.7
NC_033978.1	k141_23330	438	90.000	70	7	96.0
NC_033978.1	k141_114095	24723	71.503	193	51	96.0
NC_033978.1	k141_114095	24723	71.503	193	51	96.0
NC_033978.1	k141_114095	24723	100.000	38	0	69.8
NC_033978.1	k141_114095	24723	100.000	38	0	69.8
NC_033978.1	k141_114095	24723	78.750	80	17	68.9
NC_033978.1	k141_114095	24723	84.906	53	8	60.8
NC_033978.1	k141_66097	467	87.500	72	9	90.6
NC_033978.1	k141_49633	588	97.826	46	1	79.7
NC_033978.1	k141_4163	304	88.333	60	7	77.9
NC_033978.1	k141_4163	304	88.333	60	7	77.9
NC_033978.1	k141_11366	352	89.286	56	6	75.2
NC_033978.1	k141_121884	11587	93.750	48	3	74.3
NC_033978.1	k141_121884	11587	93.750	48	3	74.3
NC_033978.1	k141_140117	381	85.185	54	8	62.6
NC_033978.1	k141_140117	381	85.185	54	8	62.6
NC_033978.1	k141_137397	453	80.645	62	6	59.9
NC_033978.1	k141_24043	505	88.095	42	5	54.5
NC_033978.1	k141_24043	505	88.095	42	5	54.5
MW006668.1	k141_41419	17260	92.059	8311	335	12054
MW006668.1	k141_41419	17260	92.059	8311	335	12054
MW006668.1	k141_41419	17260	89.979	3263	228	4392
MW006668.1	k141_41419	17260	90.361	1525	130	2076
MW006668.1	k141_41419	17260	73.669	1409	181	869
MW006668.1	k141_41419	17260	86.313	453	36	539
MW006668.1	k141_41419	17260	86.313	453	36	539
MW006668.1	k141_41419	17260	82.550	149	18	150
MW006668.1	k141_41419	17260	82.550	149	18	150
MW006668.1	k141_41419	17260	82.482	137	16	138
MW006668.1	k141_41419	17260	67.076	407	101	133
MW006668.1	k141_41419	17260	67.076	407	101	133
MW006668.1	k141_41419	17260	81.481	135	13	129
MW006668.1	k141_41419	17260	81.481	135	13	129
MW006668.1	k141_41419	17260	94.937	79	4	125
MW006668.1	k141_41419	17260	94.937	79	4	125
MW006668.1	k141_41419	17260	70.492	183	42	94.2
MW006668.1	k141_41419	17260	70.492	183	42	94.2
MW006668.1	k141_41419	17260	70.492	183	42	94.2
MW006668.1	k141_41419	17260	70.492	183	42	94.2
MW006668.1	k141_41419	17260	63.654	520	137	94.2
MW006668.1	k141_41419	17260	70.270	185	42	89.7
MW006668.1	k141_41419	17260	89.062	64	7	85.1
MW006668.1	k141_41419	17260	89.062	64	7	85.1
MW006668.1	k141_41419	17260	64.486	535	137	80.6
MW006668.1	k141_41419	17260	64.486	535	137	80.6
MW006668.1	k141_41419	17260	100.000	42	0	77.0
MW006668.1	k141_41419	17260	100.000	42	0	77.0
MW006668.1	k141_41419	17260	64.112	535	139	76.1
MW006668.1	k141_41419	17260	64.112	535	139	76.1
MW006668.1	k141_41419	17260	64.112	535	139	75.2
MW006668.1	k141_41419	17260	64.112	535	139	75.2
MW006668.1	k141_41419	17260	64.045	534	141	72.5
MW006668.1	k141_41419	17260	64.045	534	141	72.5
MW006668.1	k141_41419	17260	64.045	534	141	72.5
MW006668.1	k141_41419	17260	64.045	534	141	72.5
MW006668.1	k141_41419	17260	85.965	57	8	68.0
MW006668.1	k141_41419	17260	85.965	57	8	68.0
MW006668.1	k141_41419	17260	92.857	42	3	63.5
MW006668.1	k141_41419	17260	84.314	51	8	57.2
MW006668.1	k141_160666	89614	81.042	9326	1429	8780
MW006668.1	k141_160666	89614	88.919	5622	523	7304
MW006668.1	k141_160666	89614	82.523	4629	631	4650
MW006668.1	k141_160666	89614	82.357	4098	461	4084
MW006668.1	k141_160666	89614	86.439	3370	437	4000
MW006668.1	k141_160666	89614	80.532	4284	626	3870
MW006668.1	k141_160666	89614	77.647	3069	386	2443
MW006668.1	k141_160666	89614	76.842	3135	559	2302
MW006668.1	k141_160666	89614	88.032	1763	186	2211
MW006668.1	k141_160666	89614	85.505	1842	239	2090
MW006668.1	k141_160666	89614	82.229	1992	293	1980
MW006668.1	k141_160666	89614	77.783	2255	298	1793
MW006668.1	k141_160666	89614	81.471	1468	203	1425
MW006668.1	k141_160666	89614	78.576	1615	203	1401
MW006668.1	k141_160666	89614	76.273	1846	344	1363
MW006668.1	k141_160666	89614	91.610	882	62	1255
MW006668.1	k141_160666	89614	91.610	882	62	1255
MW006668.1	k141_160666	89614	70.634	2588	418	1221
MW006668.1	k141_160666	89614	84.814	1047	117	1165
MW006668.1	k141_160666	89614	89.435	672	54	890
MW006668.1	k141_160666	89614	70.630	1825	330	863
MW006668.1	k141_160666	89614	84.831	679	96	749
MW006668.1	k141_160666	89614	80.494	769	101	683
MW006668.1	k141_160666	89614	72.030	1212	241	670
MW006668.1	k141_160666	89614	72.735	1203	181	657
MW006668.1	k141_160666	89614	72.735	1203	181	657
MW006668.1	k141_160666	89614	79.909	657	96	600
MW006668.1	k141_160666	89614	73.535	990	158	563
MW006668.1	k141_160666	89614	77.116	638	115	489
MW006668.1	k141_160666	89614	79.961	514	84	444
MW006668.1	k141_160666	89614	76.227	652	108	444
MW006668.1	k141_160666	89614	73.981	638	101	407
MW006668.1	k141_160666	89614	71.816	738	152	399
MW006668.1	k141_160666	89614	71.816	738	152	399
MW006668.1	k141_160666	89614	88.274	307	17	391
MW006668.1	k141_160666	89614	75.712	527	72	366
MW006668.1	k141_160666	89614	72.632	570	88	351
MW006668.1	k141_160666	89614	68.565	913	177	317
MW006668.1	k141_160666	89614	76.552	435	68	297
MW006668.1	k141_160666	89614	89.000	200	19	260
MW006668.1	k141_160666	89614	81.532	222	36	207
MW006668.1	k141_160666	89614	75.912	274	47	196
MW006668.1	k141_160666	89614	75.912	274	47	196
MW006668.1	k141_160666	89614	79.907	214	32	194
MW006668.1	k141_160666	89614	72.141	341	58	189
MW006668.1	k141_160666	89614	72.141	341	58	189
MW006668.1	k141_160666	89614	71.106	443	75	189
MW006668.1	k141_160666	89614	80.296	203	34	174
MW006668.1	k141_160666	89614	78.704	216	33	163
MW006668.1	k141_160666	89614	75.439	228	54	157
MW006668.1	k141_160666	89614	81.065	169	22	157
MW006668.1	k141_160666	89614	70.718	362	80	154
MW006668.1	k141_160666	89614	95.745	94	4	152
MW006668.1	k141_160666	89614	67.230	473	80	146
MW006668.1	k141_160666	89614	98.684	76	1	133
MW006668.1	k141_160666	89614	81.481	135	13	129
MW006668.1	k141_160666	89614	81.481	135	13	129
MW006668.1	k141_160666	89614	80.165	121	24	111
MW006668.1	k141_160666	89614	74.545	165	42	109
MW006668.1	k141_160666	89614	72.353	170	47	96.0
MW006668.1	k141_160666	89614	81.481	81	15	79.7
MW006668.1	k141_160666	89614	89.362	47	5	63.5
MW006668.1	k141_160666	89614	88.095	42	5	54.5
MW006668.1	k141_160666	89614	87.805	41	5	52.7
MW006668.1	k141_36616	16700	81.549	2737	407	2636
MW006668.1	k141_36616	16700	81.549	2737	407	2636
MW006668.1	k141_36616	16700	84.547	2032	279	2227
MW006668.1	k141_36616	16700	84.547	2032	279	2227
MW006668.1	k141_36616	16700	77.032	2264	480	1712
MW006668.1	k141_36616	16700	83.818	1341	186	1442
MW006668.1	k141_36616	16700	83.818	1341	186	1442
MW006668.1	k141_36616	16700	78.778	1211	219	1015
MW006668.1	k141_36616	16700	78.778	1211	219	1015
MW006668.1	k141_36616	16700	78.760	1210	212	1002
MW006668.1	k141_36616	16700	78.760	1210	212	1002
MW006668.1	k141_36616	16700	83.178	214	33	223
MW006668.1	k141_36616	16700	83.178	214	33	223
MW006668.1	k141_36616	16700	97.619	42	1	72.5
MW006668.1	k141_36616	16700	90.476	42	4	59.0
MW006668.1	k141_90899	8036	76.341	634	102	448
MW006668.1	k141_122280	1026	70.151	1062	266	438
MW006668.1	k141_122280	1026	70.151	1062	266	438
MW006668.1	k141_149901	1617	92.517	294	13	422
MW006668.1	k141_149901	1617	92.517	294	13	422
MW006668.1	k141_97712	16908	71.250	880	217	416
MW006668.1	k141_97712	16908	71.250	880	217	416
MW006668.1	k141_97712	16908	78.409	264	55	213
MW006668.1	k141_97712	16908	78.409	264	55	213
MW006668.1	k141_97712	16908	66.184	760	218	212
MW006668.1	k141_97712	16908	85.246	61	9	70.7
MW006668.1	k141_97712	16908	85.246	61	9	70.7
MW006668.1	k141_138236	30391	94.298	228	13	353
MW006668.1	k141_138236	30391	94.298	228	13	353
MW006668.1	k141_138236	30391	92.523	107	6	150
MW006668.1	k141_138236	30391	86.275	51	7	61.7
MW006668.1	k141_156948	17198	84.076	314	24	334
MW006668.1	k141_49379	4902	96.517	201	7	332
MW006668.1	k141_41305	20974	91.411	163	14	232
MW006668.1	k141_41305	20974	78.218	101	12	84.2
MW006668.1	k141_41305	20974	83.636	55	5	59.0
MW006668.1	k141_41305	20974	83.636	55	5	59.0
MW006668.1	k141_9009	33835	72.928	362	71	205
MW006668.1	k141_9009	33835	76.271	177	32	113
MW006668.1	k141_9009	33835	87.209	86	9	104
MW006668.1	k141_9009	33835	87.209	86	9	104
MW006668.1	k141_9009	33835	98.077	52	1	90.6
MW006668.1	k141_160660	47345	79.111	225	31	196
MW006668.1	k141_160660	47345	78.099	242	43	171
MW006668.1	k141_160660	47345	80.142	141	19	119
MW006668.1	k141_80141	12428	82.781	151	23	154
MW006668.1	k141_54710	11247	97.590	83	2	141
MW006668.1	k141_54710	11247	97.590	83	2	141
MW006668.1	k141_54710	11247	83.495	103	15	103
MW006668.1	k141_54710	11247	83.495	103	15	103
MW006668.1	k141_54710	11247	64.933	519	143	93.3
MW006668.1	k141_54710	11247	64.933	519	143	93.3
MW006668.1	k141_54710	11247	75.556	135	31	93.3
MW006668.1	k141_54710	11247	75.556	135	31	93.3
MW006668.1	k141_54710	11247	86.207	58	8	69.8
MW006668.1	k141_54710	11247	86.207	58	8	69.8
MW006668.1	k141_132916	654	95.000	80	4	127
MW006668.1	k141_132916	654	92.453	53	3	75.2
MW006668.1	k141_16938	344	90.909	88	8	123
MW006668.1	k141_158816	12010	93.671	79	5	121
MW006668.1	k141_158816	12010	77.193	57	13	45.5
MW006668.1	k141_22686	468	90.476	84	8	116
MW006668.1	k141_72029	375	87.500	88	11	110
MW006668.1	k141_72029	375	87.500	88	11	110
MW006668.1	k141_17277	412	86.905	84	10	99.6
MW006668.1	k141_66097	467	88.571	70	8	91.5
MW006668.1	k141_114095	24723	70.157	191	57	88.7
MW006668.1	k141_114095	24723	72.932	133	34	71.6
MW006668.1	k141_114095	24723	100.000	38	0	69.8
MW006668.1	k141_114095	24723	100.000	38	0	69.8
MW006668.1	k141_114095	24723	84.906	53	8	60.8
MW006668.1	k141_107922	12403	93.103	58	4	87.8
MW006668.1	k141_107922	12403	93.103	58	4	87.8
MW006668.1	k141_23330	438	83.333	72	12	77.0
MW006668.1	k141_49633	588	97.727	44	1	76.1
MW006668.1	k141_121884	11587	93.750	48	3	74.3
MW006668.1	k141_121884	11587	93.750	48	3	74.3
MW006668.1	k141_140117	381	83.607	61	10	66.2
MW006668.1	k141_140117	381	83.607	61	10	66.2
MW006668.1	k141_24043	505	88.095	42	5	54.5
MW006668.1	k141_24043	505	88.095	42	5	54.5
MW435436.1	k141_41419	17260	92.194	9570	372	13923
MW435436.1	k141_41419	17260	92.194	9570	372	13923
MW435436.1	k141_41419	17260	92.512	3312	147	4847
MW435436.1	k141_41419	17260	92.512	3312	147	4847
MW435436.1	k141_41419	17260	84.335	2528	274	2785
MW435436.1	k141_41419	17260	84.335	2528	274	2785
MW435436.1	k141_41419	17260	95.597	1272	50	2034
MW435436.1	k141_41419	17260	95.597	1272	50	2034
MW435436.1	k141_41419	17260	97.468	79	2	134
MW435436.1	k141_41419	17260	94.872	78	4	123
MW435436.1	k141_41419	17260	88.000	75	6	94.2
MW435436.1	k141_41419	17260	88.000	75	6	94.2
MW435436.1	k141_41419	17260	95.238	42	2	68.0
MW435436.1	k141_41419	17260	92.308	39	3	58.1
MW435436.1	k141_160666	89614	83.955	10639	1438	11486
MW435436.1	k141_160666	89614	90.061	5393	480	7302
MW435436.1	k141_160666	89614	81.642	5774	755	5508
MW435436.1	k141_160666	89614	85.391	3806	458	4396
MW435436.1	k141_160666	89614	85.391	3806	458	4396
MW435436.1	k141_160666	89614	87.940	3010	280	3750
MW435436.1	k141_160666	89614	81.534	3769	512	3591
MW435436.1	k141_160666	89614	81.010	3486	442	3271
MW435436.1	k141_160666	89614	78.500	4014	654	3271
MW435436.1	k141_160666	89614	83.984	2816	328	3094
MW435436.1	k141_160666	89614	83.984	2816	328	3094
MW435436.1	k141_160666	89614	81.787	2059	304	2011
MW435436.1	k141_160666	89614	84.394	1839	242	1996
MW435436.1	k141_160666	89614	83.387	1872	251	1957
MW435436.1	k141_160666	89614	81.818	1914	283	1870
MW435436.1	k141_160666	89614	72.769	2611	435	1505
MW435436.1	k141_160666	89614	76.731	1878	246	1387
MW435436.1	k141_160666	89614	79.306	1585	268	1362
MW435436.1	k141_160666	89614	78.264	1555	198	1322
MW435436.1	k141_160666	89614	72.758	2085	411	1170
MW435436.1	k141_160666	89614	85.260	1038	115	1168
MW435436.1	k141_160666	89614	75.882	1588	229	1128
MW435436.1	k141_160666	89614	88.457	797	76	1024
MW435436.1	k141_160666	89614	88.457	797	76	1024
MW435436.1	k141_160666	89614	79.710	1035	120	970
MW435436.1	k141_160666	89614	79.710	1035	120	970
MW435436.1	k141_160666	89614	87.092	705	65	858
MW435436.1	k141_160666	89614	85.547	685	91	783
MW435436.1	k141_160666	89614	84.288	681	101	738
MW435436.1	k141_160666	89614	78.196	876	133	682
MW435436.1	k141_160666	89614	84.843	574	75	632
MW435436.1	k141_160666	89614	83.857	477	77	514
MW435436.1	k141_160666	89614	75.566	663	108	461
MW435436.1	k141_160666	89614	83.180	434	55	457
MW435436.1	k141_160666	89614	76.460	531	84	387
MW435436.1	k141_160666	89614	73.285	685	115	387
MW435436.1	k141_160666	89614	78.588	439	68	361
MW435436.1	k141_160666	89614	70.403	794	162	358
MW435436.1	k141_160666	89614	84.615	325	31	356
MW435436.1	k141_160666	89614	91.270	252	20	353
MW435436.1	k141_160666	89614	76.869	428	65	330
MW435436.1	k141_160666	89614	76.190	441	72	307
MW435436.1	k141_160666	89614	85.425	247	26	279
MW435436.1	k141_160666	89614	83.613	238	32	247
MW435436.1	k141_160666	89614	91.667	132	11	189
MW435436.1	k141_160666	89614	81.818	176	21	166
MW435436.1	k141_160666	89614	91.818	110	9	159
MW435436.1	k141_160666	89614	91.743	109	7	154
MW435436.1	k141_160666	89614	80.240	167	17	154
MW435436.1	k141_160666	89614	85.714	126	11	144
MW435436.1	k141_160666	89614	90.291	103	10	141
MW435436.1	k141_160666	89614	84.127	126	20	138
MW435436.1	k141_160666	89614	96.386	83	3	137
MW435436.1	k141_160666	89614	92.308	91	7	133
MW435436.1	k141_160666	89614	91.753	97	4	130
MW435436.1	k141_160666	89614	65.700	586	185	125
MW435436.1	k141_160666	89614	94.872	78	4	123
MW435436.1	k141_160666	89614	82.927	123	17	123
MW435436.1	k141_160666	89614	88.060	67	8	86.0
MW435436.1	k141_160666	89614	88.095	42	5	54.5
MW435436.1	k141_160666	89614	88.095	42	5	54.5
MW435436.1	k141_36616	16700	78.664	3459	599	2892
MW435436.1	k141_36616	16700	80.072	2760	387	2510
MW435436.1	k141_36616	16700	78.571	2296	440	1911
MW435436.1	k141_36616	16700	78.963	2006	372	1711
MW435436.1	k141_36616	16700	81.438	1460	204	1396
MW435436.1	k141_36616	16700	79.347	1225	202	1030
MW435436.1	k141_36616	16700	69.449	2049	462	859
MW435436.1	k141_36616	16700	69.886	1574	342	718
MW435436.1	k141_36616	16700	97.619	42	1	72.5
MW435436.1	k141_36616	16700	97.619	42	1	72.5
MW435436.1	k141_36616	16700	88.095	42	5	54.5
MW435436.1	k141_138236	30391	93.301	418	19	623
MW435436.1	k141_138236	30391	93.301	418	19	623
MW435436.1	k141_122280	1026	71.000	1000	239	457
MW435436.1	k141_122280	1026	71.000	1000	239	457
MW435436.1	k141_97712	16908	71.932	880	210	431
MW435436.1	k141_97712	16908	71.932	880	210	431
MW435436.1	k141_97712	16908	67.092	784	217	239
MW435436.1	k141_97712	16908	78.030	264	56	208
MW435436.1	k141_97712	16908	78.030	264	56	208
MW435436.1	k141_97712	16908	86.885	61	8	75.2
MW435436.1	k141_97712	16908	86.885	61	8	75.2
MW435436.1	k141_149901	1617	92.466	292	15	416
MW435436.1	k141_149901	1617	92.466	292	15	416
MW435436.1	k141_49379	4902	98.507	201	3	350
MW435436.1	k141_49379	4902	98.507	201	3	350
MW435436.1	k141_160660	47345	94.924	197	10	311
MW435436.1	k141_160660	47345	94.924	197	10	311
MW435436.1	k141_160660	47345	90.850	153	11	203
MW435436.1	k141_160660	47345	90.850	153	11	203
MW435436.1	k141_160660	47345	96.512	86	3	142
MW435436.1	k141_41305	20974	95.652	161	7	260
MW435436.1	k141_41305	20974	95.652	161	7	260
MW435436.1	k141_41305	20974	79.070	86	9	78.8
MW435436.1	k141_156948	17198	79.180	317	39	259
MW435436.1	k141_9009	33835	74.359	390	68	246
MW435436.1	k141_9009	33835	80.090	221	34	187
MW435436.1	k141_9009	33835	98.148	54	1	94.2
MW435436.1	k141_90899	8036	77.431	288	42	221
MW435436.1	k141_90899	8036	79.104	201	29	172
MW435436.1	k141_80141	12428	92.517	147	11	216
MW435436.1	k141_80141	12428	92.517	147	11	216
MW435436.1	k141_54710	11247	98.795	83	1	146
MW435436.1	k141_54710	11247	98.795	83	1	146
MW435436.1	k141_54710	11247	65.896	519	143	115
MW435436.1	k141_54710	11247	65.896	519	143	115
MW435436.1	k141_54710	11247	83.495	103	15	103
MW435436.1	k141_54710	11247	83.495	103	15	103
MW435436.1	k141_54710	11247	75.556	135	31	93.3
MW435436.1	k141_54710	11247	75.556	135	31	93.3
MW435436.1	k141_54710	11247	87.931	58	7	74.3
MW435436.1	k141_54710	11247	87.931	58	7	74.3
MW435436.1	k141_132916	654	97.500	80	2	136
MW435436.1	k141_132916	654	97.500	80	2	136
MW435436.1	k141_132916	654	90.566	53	4	70.7
MW435436.1	k141_16938	344	92.045	88	7	128
MW435436.1	k141_22686	468	92.941	85	6	127
MW435436.1	k141_158816	12010	92.405	79	6	116
MW435436.1	k141_158816	12010	77.193	57	13	45.5
MW435436.1	k141_72029	375	89.535	86	9	115
MW435436.1	k141_66097	467	88.406	69	8	89.7
MW435436.1	k141_107922	12403	94.643	56	3	88.7
MW435436.1	k141_49633	588	97.727	44	1	76.1
MW435436.1	k141_121884	11587	93.750	48	3	74.3
MW435436.1	k141_121884	11587	93.750	48	3	74.3
MW435436.1	k141_114095	24723	100.000	38	0	69.8
MW435436.1	k141_114095	24723	100.000	38	0	69.8
MW435436.1	k141_114095	24723	75.000	80	20	55.4
MW435436.1	k141_114095	24723	75.000	80	20	55.4
MW435436.1	k141_114095	24723	79.245	53	11	47.3
MW435436.1	k141_82617	23896	72.034	118	32	61.7
MW435436.1	k141_82617	23896	72.034	118	32	61.7
MW435436.1	k141_140117	381	84.615	52	8	59.0
MW435436.1	k141_140117	381	84.615	52	8	59.0
MW435436.1	k141_24043	505	88.095	42	5	54.5
MW435436.1	k141_24043	505	88.095	42	5	54.5
MW435436.1	k141_137397	453	79.661	59	6	54.5
NC_037882.1	k141_41419	17260	90.574	11808	638	16318
NC_037882.1	k141_41419	17260	91.855	11210	465	16148
NC_037882.1	k141_41419	17260	93.663	3014	101	4589
NC_037882.1	k141_41419	17260	93.663	3014	101	4589
NC_037882.1	k141_41419	17260	95.117	1536	45	2446
NC_037882.1	k141_41419	17260	95.117	1536	45	2446
NC_037882.1	k141_41419	17260	84.198	424	21	464
NC_037882.1	k141_41419	17260	84.198	424	21	464
NC_037882.1	k141_41419	17260	83.051	177	23	168
NC_037882.1	k141_41419	17260	98.734	79	1	139
NC_037882.1	k141_41419	17260	94.667	75	2	115
NC_037882.1	k141_41419	17260	94.667	75	2	115
NC_037882.1	k141_41419	17260	97.619	42	1	72.5
NC_037882.1	k141_41419	17260	94.872	39	2	62.6
NC_037882.1	k141_160666	89614	84.358	12575	1611	13775
NC_037882.1	k141_160666	89614	89.884	5516	493	7428
NC_037882.1	k141_160666	89614	83.028	5739	742	5835
NC_037882.1	k141_160666	89614	85.778	3825	416	4489
NC_037882.1	k141_160666	89614	85.778	3825	416	4489
NC_037882.1	k141_160666	89614	80.112	4651	576	4289
NC_037882.1	k141_160666	89614	85.208	3610	373	4154
NC_037882.1	k141_160666	89614	85.208	3610	373	4154
NC_037882.1	k141_160666	89614	88.552	2970	270	3801
NC_037882.1	k141_160666	89614	81.343	3902	493	3701
NC_037882.1	k141_160666	89614	79.532	4016	656	3475
NC_037882.1	k141_160666	89614	85.546	2975	348	3393
NC_037882.1	k141_160666	89614	76.390	3867	570	2816
NC_037882.1	k141_160666	89614	84.176	1997	252	2172
NC_037882.1	k141_160666	89614	84.507	1917	239	2067
NC_037882.1	k141_160666	89614	76.992	2460	322	1871
NC_037882.1	k141_160666	89614	81.767	1607	259	1554
NC_037882.1	k141_160666	89614	79.672	1525	188	1382
NC_037882.1	k141_160666	89614	75.486	1542	215	1080
NC_037882.1	k141_160666	89614	88.702	832	67	1070
NC_037882.1	k141_160666	89614	81.349	1008	122	1003
NC_037882.1	k141_160666	89614	81.349	1008	122	1003
NC_037882.1	k141_160666	89614	76.101	1226	190	821
NC_037882.1	k141_160666	89614	87.346	648	80	797
NC_037882.1	k141_160666	89614	85.755	695	86	788
NC_037882.1	k141_160666	89614	76.519	1103	183	760
NC_037882.1	k141_160666	89614	74.289	1019	149	615
NC_037882.1	k141_160666	89614	79.017	529	70	437
NC_037882.1	k141_160666	89614	75.862	667	121	433
NC_037882.1	k141_160666	89614	71.131	769	135	402
NC_037882.1	k141_160666	89614	84.356	326	31	363
NC_037882.1	k141_160666	89614	77.851	456	66	359
NC_037882.1	k141_160666	89614	80.274	365	70	327
NC_037882.1	k141_160666	89614	72.973	518	82	315
NC_037882.1	k141_160666	89614	75.610	451	61	295
NC_037882.1	k141_160666	89614	91.160	181	16	255
NC_037882.1	k141_160666	89614	90.446	157	15	216
NC_037882.1	k141_160666	89614	68.539	534	92	198
NC_037882.1	k141_160666	89614	91.228	114	10	161
NC_037882.1	k141_160666	89614	83.226	155	21	154
NC_037882.1	k141_160666	89614	90.991	111	8	153
NC_037882.1	k141_160666	89614	86.765	136	12	152
NC_037882.1	k141_160666	89614	84.286	140	15	147
NC_037882.1	k141_160666	89614	84.496	129	11	138
NC_037882.1	k141_160666	89614	90.196	102	3	137
NC_037882.1	k141_160666	89614	80.263	152	20	131
NC_037882.1	k141_160666	89614	90.698	86	8	120
NC_037882.1	k141_160666	89614	65.404	581	177	114
NC_037882.1	k141_160666	89614	64.675	569	183	101
NC_037882.1	k141_160666	89614	92.308	39	3	58.1
NC_037882.1	k141_160666	89614	85.714	42	6	50.0
NC_037882.1	k141_160666	89614	85.714	42	6	50.0
NC_037882.1	k141_36616	16700	80.205	3410	560	3062
NC_037882.1	k141_36616	16700	81.529	2707	371	2636
NC_037882.1	k141_36616	16700	80.202	2278	405	2063
NC_037882.1	k141_36616	16700	82.154	1541	213	1519
NC_037882.1	k141_36616	16700	77.523	1219	242	943
NC_037882.1	k141_36616	16700	67.177	2221	534	701
NC_037882.1	k141_36616	16700	71.463	841	225	431
NC_037882.1	k141_36616	16700	85.654	237	33	271
NC_037882.1	k141_36616	16700	68.836	584	134	218
NC_037882.1	k141_36616	16700	95.238	42	2	68.0
NC_037882.1	k141_36616	16700	95.238	42	2	68.0
NC_037882.1	k141_36616	16700	90.476	42	4	59.0
NC_037882.1	k141_138236	30391	96.135	414	16	675
NC_037882.1	k141_138236	30391	96.135	414	16	675
NC_037882.1	k141_122280	1026	70.600	1000	243	444
NC_037882.1	k141_122280	1026	70.600	1000	243	444
NC_037882.1	k141_90899	8036	75.963	649	93	439
NC_037882.1	k141_97712	16908	71.900	879	212	436
NC_037882.1	k141_97712	16908	71.900	879	212	436
NC_037882.1	k141_97712	16908	67.896	651	197	216
NC_037882.1	k141_97712	16908	78.030	264	56	208
NC_037882.1	k141_97712	16908	78.030	264	56	208
NC_037882.1	k141_97712	16908	86.885	61	8	75.2
NC_037882.1	k141_97712	16908	86.885	61	8	75.2
NC_037882.1	k141_97712	16908	72.414	87	24	50.0
NC_037882.1	k141_149901	1617	93.706	286	10	420
NC_037882.1	k141_149901	1617	93.706	286	10	420
NC_037882.1	k141_49379	4902	98.507	201	3	350
NC_037882.1	k141_49379	4902	98.507	201	3	350
NC_037882.1	k141_160660	47345	95.939	197	8	320
NC_037882.1	k141_160660	47345	95.939	197	8	320
NC_037882.1	k141_160660	47345	95.146	103	4	160
NC_037882.1	k141_160660	47345	95.146	103	4	160
NC_037882.1	k141_160660	47345	90.741	108	10	150
NC_037882.1	k141_156948	17198	80.707	311	34	292
NC_037882.1	k141_41305	20974	96.319	163	6	268
NC_037882.1	k141_41305	20974	96.319	163	6	268
NC_037882.1	k141_41305	20974	76.744	86	11	69.8
NC_037882.1	k141_9009	33835	75.198	379	65	255
NC_037882.1	k141_9009	33835	81.481	216	30	201
NC_037882.1	k141_9009	33835	92.308	52	4	77.0
NC_037882.1	k141_80141	12428	91.837	147	12	212
NC_037882.1	k141_80141	12428	91.837	147	12	212
NC_037882.1	k141_54710	11247	97.590	83	2	141
NC_037882.1	k141_54710	11247	97.590	83	2	141
NC_037882.1	k141_54710	11247	65.896	519	143	115
NC_037882.1	k141_54710	11247	65.896	519	143	115
NC_037882.1	k141_54710	11247	83.495	103	15	103
NC_037882.1	k141_54710	11247	83.495	103	15	103
NC_037882.1	k141_54710	11247	75.556	135	31	93.3
NC_037882.1	k141_54710	11247	75.556	135	31	93.3
NC_037882.1	k141_54710	11247	87.931	58	7	74.3
NC_037882.1	k141_54710	11247	87.931	58	7	74.3
NC_037882.1	k141_132916	654	97.500	80	2	136
NC_037882.1	k141_132916	654	97.500	80	2	136
NC_037882.1	k141_132916	654	90.566	53	4	70.7
NC_037882.1	k141_158816	12010	91.139	79	7	112
NC_037882.1	k141_158816	12010	77.193	57	13	45.5
NC_037882.1	k141_107922	12403	98.246	57	1	99.6
NC_037882.1	k141_17277	412	86.905	84	10	99.6
NC_037882.1	k141_16938	344	82.292	96	10	99.6
NC_037882.1	k141_22686	468	82.418	91	9	95.1
NC_037882.1	k141_66097	467	87.324	71	9	88.7
NC_037882.1	k141_23330	438	85.714	70	10	82.4
NC_037882.1	k141_49633	588	97.826	46	1	79.7
NC_037882.1	k141_4163	304	88.333	60	7	77.9
NC_037882.1	k141_4163	304	88.333	60	7	77.9
NC_037882.1	k141_114095	24723	81.250	80	15	77.9
NC_037882.1	k141_114095	24723	88.679	53	6	69.8
NC_037882.1	k141_114095	24723	100.000	38	0	69.8
NC_037882.1	k141_114095	24723	100.000	38	0	69.8
NC_037882.1	k141_121884	11587	93.750	48	3	74.3
NC_037882.1	k141_121884	11587	93.750	48	3	74.3
NC_037882.1	k141_11366	352	87.500	56	7	70.7
NC_037882.1	k141_140117	381	87.037	54	7	67.1
NC_037882.1	k141_140117	381	87.037	54	7	67.1
NC_037882.1	k141_24043	505	88.095	42	5	54.5
NC_037882.1	k141_24043	505	88.095	42	5	54.5
NC_037882.1	k141_137397	453	89.744	39	4	53.6
NC_037882.1	k141_69701	433	91.667	36	3	52.7
NC_056190.1	k141_41419	17260	92.378	9984	402	14596
NC_056190.1	k141_41419	17260	92.378	9984	402	14596
NC_056190.1	k141_41419	17260	92.228	3204	130	4660
NC_056190.1	k141_41419	17260	92.228	3204	130	4660
NC_056190.1	k141_41419	17260	95.076	1523	56	2417
NC_056190.1	k141_41419	17260	95.076	1523	56	2417
NC_056190.1	k141_41419	17260	83.417	1001	70	1054
NC_056190.1	k141_41419	17260	83.417	1001	70	1054
NC_056190.1	k141_41419	17260	93.814	97	5	145
NC_056190.1	k141_41419	17260	87.342	79	7	96.9
NC_056190.1	k141_41419	17260	96.226	53	2	87.8
NC_056190.1	k141_41419	17260	96.226	53	2	87.8
NC_056190.1	k141_41419	17260	97.619	42	1	72.5
NC_056190.1	k141_41419	17260	97.619	42	1	72.5
NC_056190.1	k141_41419	17260	97.561	41	1	70.7
NC_056190.1	k141_41419	17260	92.308	39	3	58.1
NC_056190.1	k141_160666	89614	82.621	12659	1779	12862
NC_056190.1	k141_160666	89614	90.114	5422	469	7359
NC_056190.1	k141_160666	89614	77.169	7735	1123	5973
NC_056190.1	k141_160666	89614	83.056	4627	561	4741
NC_056190.1	k141_160666	89614	84.979	3808	428	4338
NC_056190.1	k141_160666	89614	84.979	3808	428	4338
NC_056190.1	k141_160666	89614	78.823	4604	626	3965
NC_056190.1	k141_160666	89614	81.205	4166	587	3899
NC_056190.1	k141_160666	89614	87.429	2991	296	3690
NC_056190.1	k141_160666	89614	77.668	3963	710	3058
NC_056190.1	k141_160666	89614	83.416	2816	337	3010
NC_056190.1	k141_160666	89614	83.416	2816	337	3010
NC_056190.1	k141_160666	89614	76.423	2231	299	1654
NC_056190.1	k141_160666	89614	86.511	1112	142	1324
NC_056190.1	k141_160666	89614	79.134	1524	285	1300
NC_056190.1	k141_160666	89614	79.560	1365	178	1201
NC_056190.1	k141_160666	89614	84.236	1053	110	1143
NC_056190.1	k141_160666	89614	87.902	777	75	982
NC_056190.1	k141_160666	89614	80.056	1063	145	959
NC_056190.1	k141_160666	89614	76.923	1339	257	952
NC_056190.1	k141_160666	89614	78.715	996	134	875
NC_056190.1	k141_160666	89614	78.715	996	134	875
NC_056190.1	k141_160666	89614	79.849	928	155	815
NC_056190.1	k141_160666	89614	87.382	634	78	781
NC_056190.1	k141_160666	89614	90.000	530	34	721
NC_056190.1	k141_160666	89614	75.896	1004	158	706
NC_056190.1	k141_160666	89614	82.467	673	111	671
NC_056190.1	k141_160666	89614	72.954	1002	159	552
NC_056190.1	k141_160666	89614	71.697	1173	214	550
NC_056190.1	k141_160666	89614	80.230	521	61	482
NC_056190.1	k141_160666	89614	75.705	638	92	451
NC_056190.1	k141_160666	89614	75.365	617	96	411
NC_056190.1	k141_160666	89614	73.588	655	104	379
NC_056190.1	k141_160666	89614	78.163	490	88	379
NC_056190.1	k141_160666	89614	83.178	321	33	342
NC_056190.1	k141_160666	89614	91.477	176	15	251
NC_056190.1	k141_160666	89614	72.248	436	67	241
NC_056190.1	k141_160666	89614	88.535	157	18	203
NC_056190.1	k141_160666	89614	80.631	222	33	189
NC_056190.1	k141_160666	89614	87.179	156	18	185
NC_056190.1	k141_160666	89614	68.786	519	91	167
NC_056190.1	k141_160666	89614	94.845	97	5	153
NC_056190.1	k141_160666	89614	100.000	82	0	149
NC_056190.1	k141_160666	89614	91.837	98	7	138
NC_056190.1	k141_160666	89614	79.739	153	11	137
NC_056190.1	k141_160666	89614	65.365	589	180	120
NC_056190.1	k141_160666	89614	75.152	165	41	113
NC_056190.1	k141_160666	89614	87.342	79	7	96.9
NC_056190.1	k141_160666	89614	77.477	111	18	86.0
NC_056190.1	k141_160666	89614	91.304	46	4	66.2
NC_056190.1	k141_160666	89614	85.714	42	6	50.0
NC_056190.1	k141_160666	89614	85.714	42	6	50.0
NC_056190.1	k141_36616	16700	78.972	2763	461	2319
NC_056190.1	k141_36616	16700	76.187	1222	225	875
NC_056190.1	k141_36616	16700	78.642	1016	158	867
NC_056190.1	k141_36616	16700	79.216	765	116	666
NC_056190.1	k141_36616	16700	73.345	1103	244	651
NC_056190.1	k141_36616	16700	67.096	1632	375	547
NC_056190.1	k141_36616	16700	80.000	600	115	537
NC_056190.1	k141_36616	16700	83.432	338	46	362
NC_056190.1	k141_36616	16700	72.163	467	81	256
NC_056190.1	k141_36616	16700	83.962	212	29	225
NC_056190.1	k141_36616	16700	78.740	127	25	101
NC_056190.1	k141_36616	16700	95.238	42	2	68.0
NC_056190.1	k141_36616	16700	95.238	42	2	68.0
NC_056190.1	k141_36616	16700	92.857	42	3	63.5
NC_056190.1	k141_138236	30391	94.203	414	24	639
NC_056190.1	k141_138236	30391	94.203	414	24	639
NC_056190.1	k141_122280	1026	70.800	1000	241	448
NC_056190.1	k141_122280	1026	70.800	1000	241	448
NC_056190.1	k141_97712	16908	72.022	890	214	447
NC_056190.1	k141_97712	16908	72.022	890	214	447
NC_056190.1	k141_97712	16908	68.024	835	212	276
NC_056190.1	k141_97712	16908	77.652	264	57	204
NC_056190.1	k141_97712	16908	77.652	264	57	204
NC_056190.1	k141_97712	16908	86.885	61	8	75.2
NC_056190.1	k141_97712	16908	86.885	61	8	75.2
NC_056190.1	k141_90899	8036	77.797	581	86	438
NC_056190.1	k141_149901	1617	91.549	284	9	400
NC_056190.1	k141_149901	1617	91.549	284	9	400
NC_056190.1	k141_49379	4902	97.512	201	5	341
NC_056190.1	k141_49379	4902	97.512	201	5	341
NC_056190.1	k141_160660	47345	93.401	197	13	297
NC_056190.1	k141_160660	47345	93.401	197	13	297
NC_056190.1	k141_160660	47345	95.370	108	4	169
NC_056190.1	k141_160660	47345	95.370	108	4	169
NC_056190.1	k141_160660	47345	91.667	96	8	138
NC_056190.1	k141_160660	47345	100.000	28	0	51.8
NC_056190.1	k141_160660	47345	100.000	28	0	51.8
NC_056190.1	k141_156948	17198	80.386	311	35	288
NC_056190.1	k141_41305	20974	95.092	163	8	259
NC_056190.1	k141_41305	20974	95.092	163	8	259
NC_056190.1	k141_41305	20974	73.267	101	17	61.7
NC_056190.1	k141_9009	33835	75.429	350	58	233
NC_056190.1	k141_9009	33835	79.904	209	29	182
NC_056190.1	k141_9009	33835	92.308	52	4	77.0
NC_056190.1	k141_80141	12428	91.837	147	12	212
NC_056190.1	k141_80141	12428	91.837	147	12	212
NC_056190.1	k141_54710	11247	96.386	83	3	137
NC_056190.1	k141_54710	11247	96.386	83	3	137
NC_056190.1	k141_54710	11247	65.333	525	142	109
NC_056190.1	k141_54710	11247	65.333	525	142	109
NC_056190.1	k141_54710	11247	83.495	103	15	103
NC_056190.1	k141_54710	11247	83.495	103	15	103
NC_056190.1	k141_54710	11247	80.412	97	19	90.6
NC_056190.1	k141_54710	11247	80.412	97	19	90.6
NC_056190.1	k141_54710	11247	87.931	58	7	74.3
NC_056190.1	k141_54710	11247	87.931	58	7	74.3
NC_056190.1	k141_132916	654	97.500	80	2	136
NC_056190.1	k141_132916	654	97.500	80	2	136
NC_056190.1	k141_132916	654	90.566	53	4	70.7
NC_056190.1	k141_16938	344	89.474	95	5	127
NC_056190.1	k141_22686	468	89.011	91	5	120
NC_056190.1	k141_158816	12010	93.590	78	5	119
NC_056190.1	k141_158816	12010	77.193	57	13	45.5
NC_056190.1	k141_107922	12403	98.305	59	1	103
NC_056190.1	k141_66097	467	84.722	72	11	81.5
NC_056190.1	k141_11366	352	92.593	54	4	80.6
NC_056190.1	k141_49633	588	100.000	44	0	80.6
NC_056190.1	k141_72029	375	86.364	66	9	79.7
NC_056190.1	k141_23330	438	84.286	70	11	77.9
NC_056190.1	k141_4163	304	88.333	60	7	77.9
NC_056190.1	k141_4163	304	88.333	60	7	77.9
NC_056190.1	k141_114095	24723	90.566	53	5	74.3
NC_056190.1	k141_114095	24723	100.000	38	0	69.8
NC_056190.1	k141_114095	24723	100.000	38	0	69.8
NC_056190.1	k141_121884	11587	93.750	48	3	74.3
NC_056190.1	k141_121884	11587	93.750	48	3	74.3
NC_056190.1	k141_140117	381	86.792	53	7	65.3
NC_056190.1	k141_140117	381	86.792	53	7	65.3
NC_056190.1	k141_137397	453	79.032	62	7	55.4
NC_056190.1	k141_24043	505	88.095	42	5	54.5
NC_056190.1	k141_24043	505	88.095	42	5	54.5
MN564931.1	k141_160666	89614	85.487	12658	1489	14481
MN564931.1	k141_160666	89614	88.801	6215	541	8075
MN564931.1	k141_160666	89614	82.968	5472	673	5630
MN564931.1	k141_160666	89614	81.482	5546	652	5359
MN564931.1	k141_160666	89614	82.539	3946	481	3955
MN564931.1	k141_160666	89614	88.118	3055	260	3885
MN564931.1	k141_160666	89614	80.229	4026	627	3604
MN564931.1	k141_160666	89614	81.019	3809	510	3595
MN564931.1	k141_160666	89614	77.869	2910	394	2381
MN564931.1	k141_160666	89614	86.284	1830	221	2142
MN564931.1	k141_160666	89614	75.899	2809	373	1982
MN564931.1	k141_160666	89614	76.985	2481	318	1908
MN564931.1	k141_160666	89614	77.246	2004	286	1604
MN564931.1	k141_160666	89614	77.246	2004	286	1604
MN564931.1	k141_160666	89614	88.868	1060	108	1376
MN564931.1	k141_160666	89614	87.297	1110	110	1345
MN564931.1	k141_160666	89614	79.538	1515	245	1335
MN564931.1	k141_160666	89614	80.050	1193	169	1110
MN564931.1	k141_160666	89614	80.050	1193	169	1110
MN564931.1	k141_160666	89614	82.177	1038	101	1056
MN564931.1	k141_160666	89614	82.177	1038	101	1056
MN564931.1	k141_160666	89614	79.441	1002	134	908
MN564931.1	k141_160666	89614	79.441	1002	134	908
MN564931.1	k141_160666	89614	89.862	651	59	879
MN564931.1	k141_160666	89614	90.232	604	41	831
MN564931.1	k141_160666	89614	80.869	852	140	796
MN564931.1	k141_160666	89614	86.398	669	72	796
MN564931.1	k141_160666	89614	85.447	694	87	783
MN564931.1	k141_160666	89614	74.196	1275	219	763
MN564931.1	k141_160666	89614	75.786	954	153	651
MN564931.1	k141_160666	89614	81.443	582	84	572
MN564931.1	k141_160666	89614	81.443	582	84	572
MN564931.1	k141_160666	89614	74.691	889	171	553
MN564931.1	k141_160666	89614	70.265	1130	207	473
MN564931.1	k141_160666	89614	79.184	490	78	428
MN564931.1	k141_160666	89614	79.184	490	78	428
MN564931.1	k141_160666	89614	79.042	501	60	426
MN564931.1	k141_160666	89614	78.788	495	87	423
MN564931.1	k141_160666	89614	78.788	495	87	423
MN564931.1	k141_160666	89614	71.355	775	98	415
MN564931.1	k141_160666	89614	85.836	353	43	409
MN564931.1	k141_160666	89614	86.174	311	39	362
MN564931.1	k141_160666	89614	69.866	823	143	353
MN564931.1	k141_160666	89614	78.571	378	56	317
MN564931.1	k141_160666	89614	75.481	416	50	297
MN564931.1	k141_160666	89614	91.192	193	16	269
MN564931.1	k141_160666	89614	72.016	511	87	247
MN564931.1	k141_160666	89614	77.465	284	37	208
MN564931.1	k141_160666	89614	82.258	186	27	188
MN564931.1	k141_160666	89614	79.245	212	26	178
MN564931.1	k141_160666	89614	79.688	192	39	171
MN564931.1	k141_160666	89614	90.000	110	10	146
MN564931.1	k141_160666	89614	66.549	568	174	142
MN564931.1	k141_160666	89614	92.632	95	5	138
MN564931.1	k141_160666	89614	65.299	585	187	128
MN564931.1	k141_160666	89614	85.586	111	11	120
MN564931.1	k141_160666	89614	70.588	170	48	75.2
MN564931.1	k141_160666	89614	93.182	44	3	67.1
MN564931.1	k141_160666	89614	100.000	36	0	66.2
MN564931.1	k141_160666	89614	86.538	52	7	63.5
MN564931.1	k141_160666	89614	88.095	42	5	54.5
MN564931.1	k141_160666	89614	88.095	42	5	54.5
MN564931.1	k141_160666	89614	82.979	47	8	50.0
MN564931.1	k141_160666	89614	87.179	39	5	49.1
MN564931.1	k141_160666	89614	80.000	45	9	41.9
MN564931.1	k141_41419	17260	95.001	7941	218	12540
MN564931.1	k141_41419	17260	95.001	7941	218	12540
MN564931.1	k141_41419	17260	92.196	3293	132	4808
MN564931.1	k141_41419	17260	92.196	3293	132	4808
MN564931.1	k141_41419	17260	95.787	1543	40	2495
MN564931.1	k141_41419	17260	95.787	1543	40	2495
MN564931.1	k141_41419	17260	80.514	1283	134	1211
MN564931.1	k141_41419	17260	80.514	1283	134	1211
MN564931.1	k141_41419	17260	83.089	1023	64	1083
MN564931.1	k141_41419	17260	83.089	1023	64	1083
MN564931.1	k141_41419	17260	88.643	678	42	881
MN564931.1	k141_41419	17260	88.643	678	42	881
MN564931.1	k141_41419	17260	77.479	595	97	476
MN564931.1	k141_41419	17260	77.479	595	97	476
MN564931.1	k141_41419	17260	86.932	352	31	433
MN564931.1	k141_41419	17260	86.932	352	31	433
MN564931.1	k141_41419	17260	100.000	79	0	143
MN564931.1	k141_41419	17260	85.586	111	11	120
MN564931.1	k141_41419	17260	87.952	83	5	101
MN564931.1	k141_41419	17260	87.952	83	5	101
MN564931.1	k141_41419	17260	79.464	112	23	99.6
MN564931.1	k141_41419	17260	79.464	112	23	99.6
MN564931.1	k141_41419	17260	100.000	42	0	77.0
MN564931.1	k141_41419	17260	92.857	42	3	63.5
MN564931.1	k141_36616	16700	80.862	4290	620	4037
MN564931.1	k141_36616	16700	80.270	3558	542	3225
MN564931.1	k141_36616	16700	80.106	2267	399	2053
MN564931.1	k141_36616	16700	80.779	1181	166	1104
MN564931.1	k141_36616	16700	70.802	1209	277	563
MN564931.1	k141_36616	16700	70.802	1209	277	563
MN564931.1	k141_36616	16700	64.821	1788	458	341
MN564931.1	k141_36616	16700	64.821	1788	458	341
MN564931.1	k141_36616	16700	83.395	271	41	281
MN564931.1	k141_36616	16700	71.373	255	54	126
MN564931.1	k141_36616	16700	71.373	255	54	126
MN564931.1	k141_36616	16700	97.619	42	1	72.5
MN564931.1	k141_36616	16700	97.619	42	1	72.5
MN564931.1	k141_36616	16700	90.476	42	4	59.0
MN564931.1	k141_36616	16700	76.712	73	17	56.3
MN564931.1	k141_36616	16700	76.712	73	17	56.3
MN564931.1	k141_138236	30391	92.342	444	29	648
MN564931.1	k141_138236	30391	92.342	444	29	648
MN564931.1	k141_97712	16908	72.127	879	210	445
MN564931.1	k141_97712	16908	72.127	879	210	445
MN564931.1	k141_97712	16908	67.578	768	216	252
MN564931.1	k141_97712	16908	78.030	264	56	208
MN564931.1	k141_97712	16908	78.030	264	56	208
MN564931.1	k141_97712	16908	86.885	61	8	75.2
MN564931.1	k141_97712	16908	86.885	61	8	75.2
MN564931.1	k141_122280	1026	70.400	1000	245	430
MN564931.1	k141_122280	1026	70.400	1000	245	430
MN564931.1	k141_149901	1617	90.345	290	16	395
MN564931.1	k141_149901	1617	90.345	290	16	395
MN564931.1	k141_49379	4902	99.502	201	1	359
MN564931.1	k141_49379	4902	99.502	201	1	359
MN564931.1	k141_90899	8036	81.638	354	34	343
MN564931.1	k141_90899	8036	74.793	242	34	168
MN564931.1	k141_156948	17198	82.637	311	40	308
MN564931.1	k141_160660	47345	89.450	218	14	285
MN564931.1	k141_160660	47345	89.450	218	14	285
MN564931.1	k141_160660	47345	90.323	155	13	205
MN564931.1	k141_160660	47345	90.323	155	13	205
MN564931.1	k141_160660	47345	91.667	108	9	155
MN564931.1	k141_9009	33835	76.240	383	61	277
MN564931.1	k141_9009	33835	80.952	189	21	166
MN564931.1	k141_9009	33835	96.154	52	2	86.0
MN564931.1	k141_41305	20974	96.933	163	5	272
MN564931.1	k141_41305	20974	96.933	163	5	272
MN564931.1	k141_41305	20974	81.188	101	9	97.8
MN564931.1	k141_41305	20974	82.692	52	5	53.6
MN564931.1	k141_41305	20974	82.692	52	5	53.6
MN564931.1	k141_54710	11247	98.810	84	1	148
MN564931.1	k141_54710	11247	98.810	84	1	148
MN564931.1	k141_54710	11247	65.896	519	143	115
MN564931.1	k141_54710	11247	65.896	519	143	115
MN564931.1	k141_54710	11247	83.495	103	15	103
MN564931.1	k141_54710	11247	83.495	103	15	103
MN564931.1	k141_54710	11247	75.556	135	31	93.3
MN564931.1	k141_54710	11247	75.556	135	31	93.3
MN564931.1	k141_54710	11247	87.931	58	7	74.3
MN564931.1	k141_54710	11247	87.931	58	7	74.3
MN564931.1	k141_132916	654	97.500	80	2	136
MN564931.1	k141_132916	654	97.500	80	2	136
MN564931.1	k141_132916	654	92.453	53	3	75.2
MN564931.1	k141_80141	12428	90.361	83	8	114
MN564931.1	k141_80141	12428	90.361	83	8	114
MN564931.1	k141_158816	12010	94.521	73	4	114
MN564931.1	k141_158816	12010	77.193	57	13	45.5
MN564931.1	k141_16938	344	85.556	90	7	105
MN564931.1	k141_66097	467	91.667	72	6	104
MN564931.1	k141_72029	375	86.364	88	11	102
MN564931.1	k141_114095	24723	72.021	193	50	100
MN564931.1	k141_114095	24723	72.021	193	50	100
MN564931.1	k141_114095	24723	71.429	133	38	69.8
MN564931.1	k141_114095	24723	100.000	38	0	69.8
MN564931.1	k141_114095	24723	100.000	38	0	69.8
MN564931.1	k141_114095	24723	90.244	41	4	57.2
MN564931.1	k141_23330	438	91.045	67	6	95.1
MN564931.1	k141_107922	12403	96.491	57	2	95.1
MN564931.1	k141_17277	412	82.143	84	14	81.5
MN564931.1	k141_49633	588	97.727	44	1	76.1
MN564931.1	k141_121884	11587	91.667	48	4	69.8
MN564931.1	k141_121884	11587	91.667	48	4	69.8
MN564931.1	k141_11366	352	84.483	58	9	65.3
MN564931.1	k141_140117	381	85.185	54	8	62.6
MN564931.1	k141_140117	381	85.185	54	8	62.6
MN564931.1	k141_137397	453	79.032	62	7	55.4
MN564931.1	k141_24043	505	88.095	42	5	54.5
MN564931.1	k141_24043	505	88.095	42	5	54.5
NC_031651.1	k141_41419	17260	92.333	9665	408	14047
NC_031651.1	k141_41419	17260	92.333	9665	408	14047
NC_031651.1	k141_41419	17260	89.179	3373	179	4502
NC_031651.1	k141_41419	17260	89.179	3373	179	4502
NC_031651.1	k141_41419	17260	95.440	1535	58	2446
NC_031651.1	k141_41419	17260	95.440	1535	58	2446
NC_031651.1	k141_41419	17260	80.262	1525	236	1385
NC_031651.1	k141_41419	17260	82.960	581	75	606
NC_031651.1	k141_41419	17260	82.960	581	75	606
NC_031651.1	k141_41419	17260	93.590	78	5	119
NC_031651.1	k141_41419	17260	98.182	55	1	96.0
NC_031651.1	k141_41419	17260	91.379	58	5	83.3
NC_031651.1	k141_41419	17260	97.619	42	1	72.5
NC_031651.1	k141_41419	17260	95.238	42	2	68.0
NC_031651.1	k141_41419	17260	95.238	42	2	68.0
NC_031651.1	k141_160666	89614	82.305	12727	1793	12807
NC_031651.1	k141_160666	89614	89.284	5394	535	7084
NC_031651.1	k141_160666	89614	83.583	4209	564	4442
NC_031651.1	k141_160666	89614	84.279	3842	473	4243
NC_031651.1	k141_160666	89614	84.279	3842	473	4243
NC_031651.1	k141_160666	89614	79.210	4175	612	3563
NC_031651.1	k141_160666	89614	88.672	2710	281	3482
NC_031651.1	k141_160666	89614	79.404	3928	520	3396
NC_031651.1	k141_160666	89614	76.739	4011	703	2947
NC_031651.1	k141_160666	89614	81.757	2812	385	2793
NC_031651.1	k141_160666	89614	81.757	2812	385	2793
NC_031651.1	k141_160666	89614	84.620	1788	232	1975
NC_031651.1	k141_160666	89614	78.650	2103	372	1784
NC_031651.1	k141_160666	89614	80.842	1900	313	1769
NC_031651.1	k141_160666	89614	76.308	2275	313	1634
NC_031651.1	k141_160666	89614	77.115	1643	300	1247
NC_031651.1	k141_160666	89614	78.223	1497	232	1225
NC_031651.1	k141_160666	89614	78.964	1274	161	1141
NC_031651.1	k141_160666	89614	84.904	987	98	1119
NC_031651.1	k141_160666	89614	73.897	1678	237	1076
NC_031651.1	k141_160666	89614	81.351	992	120	969
NC_031651.1	k141_160666	89614	79.920	1006	127	936
NC_031651.1	k141_160666	89614	79.920	1006	127	936
NC_031651.1	k141_160666	89614	74.471	1465	257	918
NC_031651.1	k141_160666	89614	73.587	1522	296	884
NC_031651.1	k141_160666	89614	86.050	681	73	798
NC_031651.1	k141_160666	89614	86.801	644	83	776
NC_031651.1	k141_160666	89614	77.679	1017	150	768
NC_031651.1	k141_160666	89614	83.234	668	100	698
NC_031651.1	k141_160666	89614	93.103	435	30	650
NC_031651.1	k141_160666	89614	77.345	821	125	635
NC_031651.1	k141_160666	89614	72.139	1206	211	584
NC_031651.1	k141_160666	89614	85.185	459	62	523
NC_031651.1	k141_160666	89614	71.012	1028	167	499
NC_031651.1	k141_160666	89614	78.212	537	89	417
NC_031651.1	k141_160666	89614	69.048	1134	200	415
NC_031651.1	k141_160666	89614	71.656	755	134	407
NC_031651.1	k141_160666	89614	77.756	499	91	369
NC_031651.1	k141_160666	89614	83.285	347	36	358
NC_031651.1	k141_160666	89614	78.341	434	68	343
NC_031651.1	k141_160666	89614	76.977	430	66	306
NC_031651.1	k141_160666	89614	87.234	188	17	233
NC_031651.1	k141_160666	89614	86.782	174	22	207
NC_031651.1	k141_160666	89614	82.353	204	29	199
NC_031651.1	k141_160666	89614	87.838	148	17	183
NC_031651.1	k141_160666	89614	80.303	198	32	166
NC_031651.1	k141_160666	89614	88.793	116	3	142
NC_031651.1	k141_160666	89614	91.579	95	8	136
NC_031651.1	k141_160666	89614	98.684	76	1	133
NC_031651.1	k141_160666	89614	93.333	90	5	132
NC_031651.1	k141_160666	89614	94.253	87	3	132
NC_031651.1	k141_160666	89614	93.590	78	5	119
NC_031651.1	k141_160666	89614	75.758	165	40	118
NC_031651.1	k141_160666	89614	76.667	150	23	111
NC_031651.1	k141_160666	89614	74.545	165	42	109
NC_031651.1	k141_160666	89614	88.095	42	5	54.5
NC_031651.1	k141_160666	89614	88.095	42	5	54.5
NC_031651.1	k141_160666	89614	77.612	67	15	54.5
NC_031651.1	k141_36616	16700	80.160	2742	439	2443
NC_031651.1	k141_36616	16700	82.579	2032	310	2032
NC_031651.1	k141_36616	16700	78.153	2252	453	1834
NC_031651.1	k141_36616	16700	81.551	1431	210	1390
NC_031651.1	k141_36616	16700	76.136	1232	243	893
NC_031651.1	k141_36616	16700	77.471	1123	205	852
NC_031651.1	k141_36616	16700	66.816	2004	508	582
NC_031651.1	k141_36616	16700	71.393	1192	277	567
NC_031651.1	k141_36616	16700	80.972	247	39	224
NC_031651.1	k141_36616	16700	97.619	42	1	72.5
NC_031651.1	k141_36616	16700	97.619	42	1	72.5
NC_031651.1	k141_36616	16700	97.436	39	1	67.1
NC_031651.1	k141_36616	16700	81.034	58	11	56.3
NC_031651.1	k141_138236	30391	93.468	444	24	671
NC_031651.1	k141_138236	30391	93.468	444	24	671
NC_031651.1	k141_97712	16908	72.593	883	199	460
NC_031651.1	k141_97712	16908	72.593	883	199	460
NC_031651.1	k141_97712	16908	65.888	856	257	219
NC_031651.1	k141_97712	16908	78.030	264	56	208
NC_031651.1	k141_97712	16908	78.030	264	56	208
NC_031651.1	k141_97712	16908	86.885	61	8	75.2
NC_031651.1	k141_97712	16908	86.885	61	8	75.2
NC_031651.1	k141_122280	1026	70.671	999	244	444
NC_031651.1	k141_122280	1026	70.671	999	244	444
NC_031651.1	k141_90899	8036	72.205	662	98	379
NC_031651.1	k141_149901	1617	88.215	297	19	370
NC_031651.1	k141_149901	1617	88.215	297	19	370
NC_031651.1	k141_49379	4902	97.512	201	5	341
NC_031651.1	k141_49379	4902	97.512	201	5	341
NC_031651.1	k141_160660	47345	93.846	195	12	298
NC_031651.1	k141_160660	47345	93.846	195	12	298
NC_031651.1	k141_160660	47345	80.571	175	25	158
NC_031651.1	k141_160660	47345	81.699	153	10	158
NC_031651.1	k141_160660	47345	81.699	153	10	158
NC_031651.1	k141_156948	17198	83.394	277	29	277
NC_031651.1	k141_41305	20974	95.706	163	7	263
NC_031651.1	k141_41305	20974	95.706	163	7	263
NC_031651.1	k141_41305	20974	77.528	89	3	77.9
NC_031651.1	k141_41305	20974	77.528	89	3	77.9
NC_031651.1	k141_41305	20974	75.309	81	11	60.8
NC_031651.1	k141_41305	20974	90.244	41	4	57.2
NC_031651.1	k141_41305	20974	90.244	41	4	57.2
NC_031651.1	k141_9009	33835	73.278	363	63	217
NC_031651.1	k141_9009	33835	75.478	314	57	193
NC_031651.1	k141_9009	33835	94.000	50	3	77.9
NC_031651.1	k141_80141	12428	88.435	147	17	189
NC_031651.1	k141_80141	12428	88.435	147	17	189
NC_031651.1	k141_54710	11247	96.386	83	3	137
NC_031651.1	k141_54710	11247	96.386	83	3	137
NC_031651.1	k141_54710	11247	65.703	519	144	115
NC_031651.1	k141_54710	11247	65.703	519	144	115
NC_031651.1	k141_54710	11247	83.495	103	15	103
NC_031651.1	k141_54710	11247	83.495	103	15	103
NC_031651.1	k141_54710	11247	75.373	134	31	91.5
NC_031651.1	k141_54710	11247	75.373	134	31	91.5
NC_031651.1	k141_54710	11247	87.931	58	7	74.3
NC_031651.1	k141_54710	11247	87.931	58	7	74.3
NC_031651.1	k141_132916	654	97.500	80	2	136
NC_031651.1	k141_132916	654	97.500	80	2	136
NC_031651.1	k141_132916	654	90.566	53	4	70.7
NC_031651.1	k141_158816	12010	90.909	77	7	108
NC_031651.1	k141_158816	12010	77.193	57	13	45.5
NC_031651.1	k141_114095	24723	72.539	193	49	104
NC_031651.1	k141_114095	24723	72.539	193	49	104
NC_031651.1	k141_114095	24723	75.397	126	29	81.5
NC_031651.1	k141_114095	24723	100.000	38	0	69.8
NC_031651.1	k141_114095	24723	100.000	38	0	69.8
NC_031651.1	k141_114095	24723	92.683	41	3	61.7
NC_031651.1	k141_66097	467	88.732	71	8	93.3
NC_031651.1	k141_17277	412	91.176	68	5	93.3
NC_031651.1	k141_16938	344	82.955	88	9	93.3
NC_031651.1	k141_22686	468	82.558	86	9	89.7
NC_031651.1	k141_72029	375	81.395	86	16	84.2
NC_031651.1	k141_121884	11587	93.750	48	3	74.3
NC_031651.1	k141_121884	11587	93.750	48	3	74.3
NC_031651.1	k141_49633	588	95.349	43	2	69.8
NC_031651.1	k141_140117	381	87.037	54	7	67.1
NC_031651.1	k141_140117	381	87.037	54	7	67.1
NC_031651.1	k141_69701	433	100.000	36	0	66.2
NC_031651.1	k141_4163	304	83.333	60	10	64.4
NC_031651.1	k141_4163	304	83.333	60	10	64.4
NC_031651.1	k141_11366	352	82.456	57	10	59.0
NC_031651.1	k141_24043	505	88.095	42	5	54.5
NC_031651.1	k141_24043	505	88.095	42	5	54.5
NC_031651.1	k141_47081	1508	83.721	43	7	47.3
MW366789.1	k141_41419	17260	89.155	5265	356	6876
MW366789.1	k141_41419	17260	89.155	5265	356	6876
MW366789.1	k141_41419	17260	89.333	2653	187	3537
MW366789.1	k141_41419	17260	89.333	2653	187	3537
MW366789.1	k141_41419	17260	91.884	1762	97	2530
MW366789.1	k141_41419	17260	91.884	1762	97	2530
MW366789.1	k141_41419	17260	86.934	1523	166	1844
MW366789.1	k141_41419	17260	86.934	1523	166	1844
MW366789.1	k141_41419	17260	80.656	610	75	563
MW366789.1	k141_41419	17260	80.656	610	75	563
MW366789.1	k141_41419	17260	82.119	453	34	459
MW366789.1	k141_41419	17260	82.119	453	34	459
MW366789.1	k141_41419	17260	82.119	453	34	459
MW366789.1	k141_41419	17260	84.142	309	33	343
MW366789.1	k141_41419	17260	84.142	309	33	343
MW366789.1	k141_41419	17260	96.350	137	5	225
MW366789.1	k141_41419	17260	96.350	137	5	225
MW366789.1	k141_41419	17260	74.375	320	47	213
MW366789.1	k141_41419	17260	85.311	177	24	200
MW366789.1	k141_41419	17260	85.311	177	24	200
MW366789.1	k141_41419	17260	92.537	134	10	197
MW366789.1	k141_41419	17260	92.537	134	10	197
MW366789.1	k141_41419	17260	84.328	134	12	151
MW366789.1	k141_41419	17260	84.328	134	12	151
MW366789.1	k141_41419	17260	86.441	118	11	143
MW366789.1	k141_41419	17260	100.000	79	0	143
MW366789.1	k141_41419	17260	100.000	79	0	143
MW366789.1	k141_41419	17260	86.441	118	11	141
MW366789.1	k141_41419	17260	91.304	92	8	131
MW366789.1	k141_41419	17260	91.304	92	8	131
MW366789.1	k141_41419	17260	89.873	79	8	107
MW366789.1	k141_41419	17260	95.238	42	2	68.0
MW366789.1	k141_41419	17260	95.238	42	2	68.0
MW366789.1	k141_41419	17260	89.796	49	5	67.1
MW366789.1	k141_41419	17260	89.796	49	5	67.1
MW366789.1	k141_41419	17260	89.796	49	5	67.1
MW366789.1	k141_41419	17260	94.737	38	2	60.8
MW366789.1	k141_160666	89614	78.157	8401	1559	6784
MW366789.1	k141_160666	89614	87.651	5223	589	6477
MW366789.1	k141_160666	89614	87.651	5223	589	6477
MW366789.1	k141_160666	89614	90.048	2482	247	3363
MW366789.1	k141_160666	89614	77.934	3340	551	2639
MW366789.1	k141_160666	89614	75.834	3538	667	2434
MW366789.1	k141_160666	89614	75.938	3279	663	2272
MW366789.1	k141_160666	89614	84.361	1963	296	2144
MW366789.1	k141_160666	89614	85.292	1693	206	1916
MW366789.1	k141_160666	89614	80.361	1716	298	1553
MW366789.1	k141_160666	89614	74.053	2112	424	1279
MW366789.1	k141_160666	89614	74.643	1609	312	1068
MW366789.1	k141_160666	89614	81.766	1053	177	1030
MW366789.1	k141_160666	89614	77.354	1338	217	1026
MW366789.1	k141_160666	89614	86.044	824	103	961
MW366789.1	k141_160666	89614	80.924	996	131	948
MW366789.1	k141_160666	89614	71.861	1784	324	885
MW366789.1	k141_160666	89614	85.823	656	89	759
MW366789.1	k141_160666	89614	83.388	614	89	651
MW366789.1	k141_160666	89614	83.388	614	89	651
MW366789.1	k141_160666	89614	73.851	979	167	584
MW366789.1	k141_160666	89614	87.045	440	54	535
MW366789.1	k141_160666	89614	87.588	427	53	532
MW366789.1	k141_160666	89614	77.645	671	135	526
MW366789.1	k141_160666	89614	71.398	930	201	461
MW366789.1	k141_160666	89614	74.672	687	172	448
MW366789.1	k141_160666	89614	84.615	377	43	401
MW366789.1	k141_160666	89614	73.547	654	117	388
MW366789.1	k141_160666	89614	77.113	485	111	375
MW366789.1	k141_160666	89614	76.505	515	95	367
MW366789.1	k141_160666	89614	75.940	532	119	360
MW366789.1	k141_160666	89614	73.535	563	103	327
MW366789.1	k141_160666	89614	74.760	416	63	275
MW366789.1	k141_160666	89614	74.760	416	63	275
MW366789.1	k141_160666	89614	70.092	652	116	274
MW366789.1	k141_160666	89614	69.456	717	143	267
MW366789.1	k141_160666	89614	82.264	265	44	256
MW366789.1	k141_160666	89614	83.691	233	36	247
MW366789.1	k141_160666	89614	73.057	386	66	222
MW366789.1	k141_160666	89614	72.139	402	72	221
MW366789.1	k141_160666	89614	74.457	368	72	220
MW366789.1	k141_160666	89614	86.111	180	19	214
MW366789.1	k141_160666	89614	80.000	215	43	195
MW366789.1	k141_160666	89614	84.659	176	25	194
MW366789.1	k141_160666	89614	78.603	229	46	187
MW366789.1	k141_160666	89614	90.511	137	12	186
MW366789.1	k141_160666	89614	79.724	217	36	183
MW366789.1	k141_160666	89614	79.263	217	37	183
MW366789.1	k141_160666	89614	74.113	282	73	180
MW366789.1	k141_160666	89614	73.704	270	71	168
MW366789.1	k141_160666	89614	73.704	270	71	168
MW366789.1	k141_160666	89614	86.713	143	15	163
MW366789.1	k141_160666	89614	85.034	147	17	162
MW366789.1	k141_160666	89614	80.117	171	25	159
MW366789.1	k141_160666	89614	80.117	171	25	159
MW366789.1	k141_160666	89614	85.816	141	16	159
MW366789.1	k141_160666	89614	83.673	147	24	158
MW366789.1	k141_160666	89614	71.823	362	67	158
MW366789.1	k141_160666	89614	84.962	133	9	142
MW366789.1	k141_160666	89614	80.864	162	23	142
MW366789.1	k141_160666	89614	65.641	585	182	140
MW366789.1	k141_160666	89614	65.641	585	182	140
MW366789.1	k141_160666	89614	85.246	122	18	140
MW366789.1	k141_160666	89614	97.368	76	2	129
MW366789.1	k141_160666	89614	92.857	84	6	125
MW366789.1	k141_160666	89614	66.063	442	138	123
MW366789.1	k141_160666	89614	66.063	442	138	123
MW366789.1	k141_160666	89614	93.671	79	5	121
MW366789.1	k141_160666	89614	81.250	128	23	120
MW366789.1	k141_160666	89614	92.208	77	6	113
MW366789.1	k141_160666	89614	93.151	73	5	110
MW366789.1	k141_160666	89614	89.873	79	8	107
MW366789.1	k141_160666	89614	86.170	94	11	104
MW366789.1	k141_160666	89614	88.889	81	8	103
MW366789.1	k141_160666	89614	74.359	156	40	102
MW366789.1	k141_160666	89614	74.359	156	40	102
MW366789.1	k141_160666	89614	91.781	73	5	102
MW366789.1	k141_160666	89614	78.295	129	20	92.4
MW366789.1	k141_160666	89614	85.714	77	11	90.6
MW366789.1	k141_160666	89614	86.765	68	9	83.3
MW366789.1	k141_160666	89614	83.544	79	10	78.8
MW366789.1	k141_160666	89614	83.544	79	10	78.8
MW366789.1	k141_160666	89614	80.769	78	15	74.3
MW366789.1	k141_160666	89614	80.303	66	13	61.7
MW366789.1	k141_160666	89614	80.303	66	13	61.7
MW366789.1	k141_160666	89614	67.442	129	42	44.6
MW366789.1	k141_160666	89614	67.442	129	42	44.6
MW366789.1	k141_36616	16700	79.739	2759	465	2397
MW366789.1	k141_36616	16700	79.739	2759	465	2397
MW366789.1	k141_36616	16700	77.927	2016	405	1599
MW366789.1	k141_36616	16700	74.158	2256	521	1443
MW366789.1	k141_36616	16700	80.055	1459	241	1293
MW366789.1	k141_36616	16700	80.055	1459	241	1293
MW366789.1	k141_36616	16700	72.758	1182	238	684
MW366789.1	k141_36616	16700	77.815	595	130	476
MW366789.1	k141_36616	16700	77.815	595	130	476
MW366789.1	k141_36616	16700	76.875	320	74	244
MW366789.1	k141_36616	16700	95.238	42	2	68.0
MW366789.1	k141_36616	16700	95.238	42	2	68.0
MW366789.1	k141_36616	16700	90.244	41	4	57.2
MW366789.1	k141_122280	1026	70.273	1063	261	448
MW366789.1	k141_122280	1026	70.273	1063	261	448
MW366789.1	k141_97712	16908	71.669	893	204	429
MW366789.1	k141_97712	16908	71.669	893	204	429
MW366789.1	k141_97712	16908	66.797	768	212	230
MW366789.1	k141_97712	16908	90.164	61	6	84.2
MW366789.1	k141_97712	16908	90.164	61	6	84.2
MW366789.1	k141_97712	16908	88.525	61	7	79.7
MW366789.1	k141_97712	16908	88.525	61	7	79.7
MW366789.1	k141_49379	4902	93.532	201	13	305
MW366789.1	k141_49379	4902	93.532	201	13	305
MW366789.1	k141_41305	20974	91.304	161	14	228
MW366789.1	k141_41305	20974	91.304	161	14	228
MW366789.1	k141_41305	20974	75.581	86	12	65.3
MW366789.1	k141_41305	20974	75.581	86	12	65.3
MW366789.1	k141_90899	8036	68.220	601	103	217
MW366789.1	k141_138236	30391	85.795	176	24	202
MW366789.1	k141_138236	30391	85.795	176	24	202
MW366789.1	k141_138236	30391	88.489	139	15	176
MW366789.1	k141_138236	30391	91.667	72	6	104
MW366789.1	k141_138236	30391	91.667	72	6	104
MW366789.1	k141_138236	30391	90.278	72	7	99.6
MW366789.1	k141_138236	30391	90.278	72	7	99.6
MW366789.1	k141_138236	30391	84.783	46	7	52.7
MW366789.1	k141_138236	30391	84.783	46	7	52.7
MW366789.1	k141_9009	33835	71.629	356	73	177
MW366789.1	k141_9009	33835	87.755	98	9	113
MW366789.1	k141_9009	33835	92.405	79	4	109
MW366789.1	k141_9009	33835	94.000	50	3	77.9
MW366789.1	k141_9009	33835	94.000	50	3	77.9
MW366789.1	k141_156948	17198	92.233	103	8	150
MW366789.1	k141_156948	17198	88.043	92	8	111
MW366789.1	k141_160660	47345	91.089	101	9	142
MW366789.1	k141_160660	47345	73.228	127	12	87.8
MW366789.1	k141_160660	47345	73.228	127	12	87.8
MW366789.1	k141_160660	47345	73.228	127	12	87.8
MW366789.1	k141_54710	11247	66.733	505	147	128
MW366789.1	k141_54710	11247	66.733	505	147	128
MW366789.1	k141_54710	11247	94.667	75	4	118
MW366789.1	k141_54710	11247	94.667	75	4	118
MW366789.1	k141_54710	11247	82.524	103	16	98.7
MW366789.1	k141_54710	11247	82.524	103	16	98.7
MW366789.1	k141_54710	11247	80.412	97	19	90.6
MW366789.1	k141_54710	11247	80.412	97	19	90.6
MW366789.1	k141_54710	11247	89.474	57	6	77.0
MW366789.1	k141_54710	11247	89.474	57	6	77.0
MW366789.1	k141_54710	11247	87.719	57	7	72.5
MW366789.1	k141_54710	11247	87.719	57	7	72.5
MW366789.1	k141_54710	11247	85.455	55	8	64.4
MW366789.1	k141_132916	654	95.000	80	4	127
MW366789.1	k141_132916	654	95.000	80	4	127
MW366789.1	k141_132916	654	88.679	53	5	66.2
MW366789.1	k141_132916	654	88.679	53	5	66.2
MW366789.1	k141_158816	12010	91.026	78	6	106
MW366789.1	k141_158816	12010	75.758	66	16	48.2
MW366789.1	k141_107922	12403	96.721	61	2	102
MW366789.1	k141_107922	12403	96.721	61	2	102
MW366789.1	k141_114095	24723	70.681	191	56	93.3
MW366789.1	k141_114095	24723	70.681	191	56	93.3
MW366789.1	k141_114095	24723	72.340	141	37	72.5
MW366789.1	k141_114095	24723	86.792	53	7	65.3
MW366789.1	k141_114095	24723	97.368	38	1	65.3
MW366789.1	k141_114095	24723	97.368	38	1	65.3
MW366789.1	k141_72029	375	82.927	82	14	86.0
MW366789.1	k141_72029	375	82.927	82	14	86.0
MW366789.1	k141_49633	588	97.727	44	1	76.1
MW366789.1	k141_23330	438	83.824	68	11	74.3
MW366789.1	k141_149901	1617	85.484	62	4	72.5
MW366789.1	k141_149901	1617	85.484	62	4	72.5
MW366789.1	k141_121884	11587	93.617	47	3	72.5
MW366789.1	k141_121884	11587	93.617	47	3	72.5
MW366789.1	k141_66097	467	87.500	56	7	70.7
MW366789.1	k141_11366	352	90.000	50	5	68.9
MW366789.1	k141_24043	505	88.095	42	5	54.5
MW366789.1	k141_24043	505	88.095	42	5	54.5
MW366789.1	k141_96248	1008	76.667	60	13	42.8
KT899950.1	k141_41419	17260	89.942	12080	686	16302
KT899950.1	k141_41419	17260	90.765	11510	560	15981
KT899950.1	k141_41419	17260	88.658	3368	176	4412
KT899950.1	k141_41419	17260	88.658	3368	176	4412
KT899950.1	k141_41419	17260	94.699	1547	57	2416
KT899950.1	k141_41419	17260	94.699	1547	57	2416
KT899950.1	k141_41419	17260	100.000	79	0	143
KT899950.1	k141_41419	17260	92.308	78	6	114
KT899950.1	k141_41419	17260	90.244	82	4	107
KT899950.1	k141_41419	17260	90.244	82	4	107
KT899950.1	k141_41419	17260	97.619	42	1	72.5
KT899950.1	k141_41419	17260	97.619	42	1	72.5
KT899950.1	k141_41419	17260	94.872	39	2	62.6
KT899950.1	k141_160666	89614	82.732	11617	1668	11833
KT899950.1	k141_160666	89614	88.918	5414	547	7039
KT899950.1	k141_160666	89614	83.426	4332	554	4557
KT899950.1	k141_160666	89614	77.489	5686	856	4424
KT899950.1	k141_160666	89614	84.743	3808	479	4291
KT899950.1	k141_160666	89614	84.743	3808	479	4291
KT899950.1	k141_160666	89614	87.402	2921	267	3633
KT899950.1	k141_160666	89614	77.705	3835	628	3037
KT899950.1	k141_160666	89614	82.472	2824	398	2828
KT899950.1	k141_160666	89614	81.522	2825	364	2812
KT899950.1	k141_160666	89614	81.522	2825	364	2812
KT899950.1	k141_160666	89614	78.457	3240	568	2652
KT899950.1	k141_160666	89614	82.725	1835	277	1854
KT899950.1	k141_160666	89614	77.313	2248	379	1770
KT899950.1	k141_160666	89614	75.332	2262	324	1572
KT899950.1	k141_160666	89614	80.970	1361	183	1275
KT899950.1	k141_160666	89614	85.327	1070	147	1200
KT899950.1	k141_160666	89614	81.008	1190	190	1138
KT899950.1	k141_160666	89614	85.051	990	98	1119
KT899950.1	k141_160666	89614	86.455	849	100	1013
KT899950.1	k141_160666	89614	79.659	998	131	919
KT899950.1	k141_160666	89614	79.659	998	131	919
KT899950.1	k141_160666	89614	76.790	1159	196	881
KT899950.1	k141_160666	89614	87.141	661	61	822
KT899950.1	k141_160666	89614	80.208	864	156	770
KT899950.1	k141_160666	89614	76.640	1006	142	722
KT899950.1	k141_160666	89614	83.138	682	113	705
KT899950.1	k141_160666	89614	81.951	687	114	672
KT899950.1	k141_160666	89614	72.380	1231	224	621
KT899950.1	k141_160666	89614	91.101	427	38	600
KT899950.1	k141_160666	89614	72.020	990	174	517
KT899950.1	k141_160666	89614	80.510	549	80	492
KT899950.1	k141_160666	89614	73.842	734	112	436
KT899950.1	k141_160666	89614	75.783	607	98	427
KT899950.1	k141_160666	89614	83.376	391	53	406
KT899950.1	k141_160666	89614	85.586	333	32	377
KT899950.1	k141_160666	89614	77.366	486	78	365
KT899950.1	k141_160666	89614	71.963	642	99	352
KT899950.1	k141_160666	89614	74.333	600	117	345
KT899950.1	k141_160666	89614	88.889	252	25	327
KT899950.1	k141_160666	89614	75.450	444	63	284
KT899950.1	k141_160666	89614	83.197	244	33	254
KT899950.1	k141_160666	89614	87.310	197	19	244
KT899950.1	k141_160666	89614	87.245	196	24	238
KT899950.1	k141_160666	89614	74.172	302	62	195
KT899950.1	k141_160666	89614	88.722	133	15	173
KT899950.1	k141_160666	89614	69.786	374	67	171
KT899950.1	k141_160666	89614	81.319	182	25	166
KT899950.1	k141_160666	89614	90.566	106	7	141
KT899950.1	k141_160666	89614	95.455	88	2	139
KT899950.1	k141_160666	89614	94.318	88	5	137
KT899950.1	k141_160666	89614	82.759	145	21	135
KT899950.1	k141_160666	89614	94.382	89	4	135
KT899950.1	k141_160666	89614	76.364	165	39	123
KT899950.1	k141_160666	89614	96.000	75	3	123
KT899950.1	k141_160666	89614	76.433	157	24	115
KT899950.1	k141_160666	89614	92.308	78	6	114
KT899950.1	k141_160666	89614	75.641	156	38	111
KT899950.1	k141_160666	89614	88.764	89	8	109
KT899950.1	k141_160666	89614	88.095	42	5	54.5
KT899950.1	k141_160666	89614	88.095	42	5	54.5
KT899950.1	k141_160666	89614	85.366	41	6	48.2
KT899950.1	k141_160666	89614	74.603	63	16	42.8
KT899950.1	k141_36616	16700	77.606	3483	614	2717
KT899950.1	k141_36616	16700	79.302	2778	470	2351
KT899950.1	k141_36616	16700	77.968	2274	453	1832
KT899950.1	k141_36616	16700	81.930	1378	231	1348
KT899950.1	k141_36616	16700	66.794	3924	951	1146
KT899950.1	k141_36616	16700	76.565	1182	228	874
KT899950.1	k141_36616	16700	81.633	245	45	240
KT899950.1	k141_36616	16700	97.619	42	1	72.5
KT899950.1	k141_36616	16700	97.619	42	1	72.5
KT899950.1	k141_36616	16700	90.476	42	4	59.0
KT899950.1	k141_138236	30391	92.237	438	29	637
KT899950.1	k141_138236	30391	92.237	438	29	637
KT899950.1	k141_97712	16908	72.520	877	210	456
KT899950.1	k141_97712	16908	72.520	877	210	456
KT899950.1	k141_97712	16908	78.030	264	56	208
KT899950.1	k141_97712	16908	78.030	264	56	208
KT899950.1	k141_97712	16908	65.759	771	225	191
KT899950.1	k141_97712	16908	86.885	61	8	75.2
KT899950.1	k141_97712	16908	86.885	61	8	75.2
KT899950.1	k141_122280	1026	70.600	1000	243	444
KT899950.1	k141_122280	1026	70.600	1000	243	444
KT899950.1	k141_149901	1617	90.169	295	15	397
KT899950.1	k141_149901	1617	90.169	295	15	397
KT899950.1	k141_90899	8036	72.913	635	104	346
KT899950.1	k141_49379	4902	97.512	201	5	341
KT899950.1	k141_49379	4902	97.512	201	5	341
KT899950.1	k141_160660	47345	95.385	195	9	312
KT899950.1	k141_160660	47345	95.385	195	9	312
KT899950.1	k141_160660	47345	86.275	153	8	180
KT899950.1	k141_160660	47345	86.275	153	8	180
KT899950.1	k141_160660	47345	71.681	339	63	173
KT899950.1	k141_156948	17198	81.424	323	39	300
KT899950.1	k141_41305	20974	95.706	163	7	263
KT899950.1	k141_41305	20974	95.706	163	7	263
KT899950.1	k141_41305	20974	75.248	101	15	70.7
KT899950.1	k141_9009	33835	75.281	356	62	242
KT899950.1	k141_9009	33835	78.378	185	35	145
KT899950.1	k141_9009	33835	94.231	52	3	81.5
KT899950.1	k141_80141	12428	91.156	147	13	207
KT899950.1	k141_80141	12428	91.156	147	13	207
KT899950.1	k141_54710	11247	97.619	84	2	143
KT899950.1	k141_54710	11247	97.619	84	2	143
KT899950.1	k141_54710	11247	65.830	518	144	113
KT899950.1	k141_54710	11247	65.830	518	144	113
KT899950.1	k141_54710	11247	83.495	103	15	103
KT899950.1	k141_54710	11247	83.495	103	15	103
KT899950.1	k141_54710	11247	81.443	97	18	95.1
KT899950.1	k141_54710	11247	81.443	97	18	95.1
KT899950.1	k141_54710	11247	87.931	58	7	74.3
KT899950.1	k141_54710	11247	87.931	58	7	74.3
KT899950.1	k141_132916	654	97.500	80	2	136
KT899950.1	k141_132916	654	97.500	80	2	136
KT899950.1	k141_132916	654	90.566	53	4	70.7
KT899950.1	k141_158816	12010	93.506	77	5	117
KT899950.1	k141_158816	12010	77.193	57	13	45.5
KT899950.1	k141_16938	344	87.778	90	11	113
KT899950.1	k141_22686	468	87.209	86	11	106
KT899950.1	k141_66097	467	90.000	70	7	96.0
KT899950.1	k141_23330	438	88.889	72	8	95.1
KT899950.1	k141_107922	12403	96.429	56	2	93.3
KT899950.1	k141_114095	24723	74.603	126	30	77.0
KT899950.1	k141_114095	24723	100.000	38	0	69.8
KT899950.1	k141_114095	24723	100.000	38	0	69.8
KT899950.1	k141_114095	24723	90.244	41	4	57.2
KT899950.1	k141_121884	11587	93.750	48	3	74.3
KT899950.1	k141_121884	11587	93.750	48	3	74.3
KT899950.1	k141_4163	304	86.667	60	8	73.4
KT899950.1	k141_4163	304	86.667	60	8	73.4
KT899950.1	k141_11366	352	90.196	51	5	70.7
KT899950.1	k141_49633	588	95.349	43	2	69.8
KT899950.1	k141_140117	381	87.037	54	7	67.1
KT899950.1	k141_140117	381	87.037	54	7	67.1
KT899950.1	k141_24043	505	88.095	42	5	54.5
KT899950.1	k141_24043	505	88.095	42	5	54.5
GU191334.1	k141_41419	17260	90.593	3370	220	4633
GU191334.1	k141_41419	17260	90.593	3370	220	4633
GU191334.1	k141_41419	17260	86.086	2652	245	3056
GU191334.1	k141_41419	17260	86.086	2652	245	3056
GU191334.1	k141_41419	17260	78.863	1003	155	829
GU191334.1	k141_41419	17260	78.863	1003	155	829
GU191334.1	k141_41419	17260	75.785	669	154	462
GU191334.1	k141_41419	17260	75.566	442	108	311
GU191334.1	k141_41419	17260	71.565	524	149	274
GU191334.1	k141_41419	17260	77.922	308	68	250
GU191334.1	k141_41419	17260	90.840	131	11	179
GU191334.1	k141_41419	17260	90.840	131	11	179
GU191334.1	k141_41419	17260	94.937	79	4	125
GU191334.1	k141_41419	17260	94.937	79	4	125
GU191334.1	k141_41419	17260	88.095	84	10	107
GU191334.1	k141_41419	17260	90.667	75	7	104
GU191334.1	k141_41419	17260	90.667	75	7	104
GU191334.1	k141_160666	89614	82.013	4570	815	4525
GU191334.1	k141_160666	89614	83.245	2447	409	2562
GU191334.1	k141_160666	89614	70.377	3683	1000	1572
GU191334.1	k141_160666	89614	82.986	1440	245	1493
GU191334.1	k141_160666	89614	78.910	1707	351	1442
GU191334.1	k141_160666	89614	79.824	1591	319	1416
GU191334.1	k141_160666	89614	72.807	2519	581	1414
GU191334.1	k141_160666	89614	88.359	1091	122	1391
GU191334.1	k141_160666	89614	82.148	717	122	709
GU191334.1	k141_160666	89614	71.938	1290	335	674
GU191334.1	k141_160666	89614	75.679	884	210	608
GU191334.1	k141_160666	89614	71.844	1101	300	580
GU191334.1	k141_160666	89614	74.612	902	200	576
GU191334.1	k141_160666	89614	78.613	692	143	572
GU191334.1	k141_160666	89614	84.156	486	77	530
GU191334.1	k141_160666	89614	72.716	821	161	483
GU191334.1	k141_160666	89614	74.750	701	168	448
GU191334.1	k141_160666	89614	69.078	1106	306	427
GU191334.1	k141_160666	89614	80.252	476	87	424
GU191334.1	k141_160666	89614	71.948	770	186	407
GU191334.1	k141_160666	89614	75.360	625	114	389
GU191334.1	k141_160666	89614	72.246	699	182	379
GU191334.1	k141_160666	89614	77.978	445	93	352
GU191334.1	k141_160666	89614	77.027	370	82	283
GU191334.1	k141_160666	89614	82.927	246	42	255
GU191334.1	k141_160666	89614	73.333	405	108	244
GU191334.1	k141_160666	89614	77.303	304	69	238
GU191334.1	k141_160666	89614	68.468	666	200	237
GU191334.1	k141_160666	89614	71.824	433	105	220
GU191334.1	k141_160666	89614	68.552	442	103	181
GU191334.1	k141_160666	89614	77.982	218	48	178
GU191334.1	k141_160666	89614	66.049	648	208	166
GU191334.1	k141_160666	89614	77.778	216	45	163
GU191334.1	k141_160666	89614	80.488	164	32	152
GU191334.1	k141_160666	89614	78.977	176	37	151
GU191334.1	k141_160666	89614	67.025	558	143	142
GU191334.1	k141_160666	89614	66.261	575	130	135
GU191334.1	k141_160666	89614	93.023	86	6	129
GU191334.1	k141_160666	89614	82.677	127	20	128
GU191334.1	k141_160666	89614	96.053	76	3	124
GU191334.1	k141_160666	89614	90.000	90	9	123
GU191334.1	k141_160666	89614	93.671	79	5	121
GU191334.1	k141_160666	89614	97.183	71	2	120
GU191334.1	k141_160666	89614	90.909	88	7	120
GU191334.1	k141_160666	89614	79.259	135	28	118
GU191334.1	k141_160666	89614	75.758	165	40	118
GU191334.1	k141_160666	89614	68.919	296	86	116
GU191334.1	k141_160666	89614	85.149	101	15	115
GU191334.1	k141_160666	89614	82.759	116	16	114
GU191334.1	k141_160666	89614	66.993	409	123	113
GU191334.1	k141_160666	89614	93.333	75	5	113
GU191334.1	k141_160666	89614	87.912	91	10	112
GU191334.1	k141_160666	89614	88.235	85	8	106
GU191334.1	k141_160666	89614	77.536	138	26	105
GU191334.1	k141_160666	89614	88.158	76	9	97.8
GU191334.1	k141_160666	89614	68.817	279	83	97.8
GU191334.1	k141_160666	89614	76.296	135	31	96.9
GU191334.1	k141_160666	89614	82.292	96	16	94.2
GU191334.1	k141_160666	89614	82.418	91	16	93.3
GU191334.1	k141_160666	89614	66.580	383	109	91.5
GU191334.1	k141_160666	89614	88.571	70	8	91.5
GU191334.1	k141_160666	89614	76.378	127	22	88.7
GU191334.1	k141_160666	89614	84.722	72	11	81.5
GU191334.1	k141_160666	89614	71.687	166	36	80.6
GU191334.1	k141_160666	89614	79.070	86	18	75.2
GU191334.1	k141_160666	89614	93.478	46	3	70.7
GU191334.1	k141_160666	89614	72.269	119	33	67.1
GU191334.1	k141_160666	89614	97.368	38	1	65.3
GU191334.1	k141_160666	89614	94.444	36	2	57.2
GU191334.1	k141_160666	89614	87.179	39	5	49.1
GU191334.1	k141_36616	16700	76.615	1749	387	1286
GU191334.1	k141_36616	16700	70.795	1825	497	858
GU191334.1	k141_36616	16700	75.842	1188	233	781
GU191334.1	k141_36616	16700	73.137	1154	306	670
GU191334.1	k141_36616	16700	67.528	813	223	251
GU191334.1	k141_36616	16700	68.190	569	160	189
GU191334.1	k141_36616	16700	86.364	110	14	128
GU191334.1	k141_36616	16700	72.789	147	34	77.9
GU191334.1	k141_97712	16908	72.564	893	204	458
GU191334.1	k141_97712	16908	72.564	893	204	458
GU191334.1	k141_97712	16908	68.198	849	225	292
GU191334.1	k141_97712	16908	77.652	264	57	204
GU191334.1	k141_97712	16908	77.652	264	57	204
GU191334.1	k141_97712	16908	88.525	61	7	79.7
GU191334.1	k141_97712	16908	88.525	61	7	79.7
GU191334.1	k141_122280	1026	70.629	1001	241	438
GU191334.1	k141_122280	1026	70.629	1001	241	438
GU191334.1	k141_138236	30391	75.434	346	55	224
GU191334.1	k141_138236	30391	75.434	346	55	224
GU191334.1	k141_49379	4902	79.532	171	35	151
GU191334.1	k141_158816	12010	97.297	74	2	125
GU191334.1	k141_9009	33835	95.946	74	3	121
GU191334.1	k141_9009	33835	71.212	198	45	98.7
GU191334.1	k141_9009	33835	78.846	52	11	45.5
GU191334.1	k141_160660	47345	93.421	76	5	115
GU191334.1	k141_90899	8036	87.059	85	11	104
GU191334.1	k141_54710	11247	82.524	103	16	98.7
GU191334.1	k141_54710	11247	82.524	103	16	98.7
GU191334.1	k141_54710	11247	64.909	493	139	96.0
GU191334.1	k141_54710	11247	64.909	493	139	96.0
GU191334.1	k141_54710	11247	76.119	134	30	96.0
GU191334.1	k141_54710	11247	76.119	134	30	96.0
GU191334.1	k141_54710	11247	88.000	75	9	96.0
GU191334.1	k141_54710	11247	88.000	75	9	96.0
GU191334.1	k141_54710	11247	89.474	57	6	77.0
GU191334.1	k141_54710	11247	89.474	57	6	77.0
GU191334.1	k141_132916	654	87.805	82	7	97.8
GU191334.1	k141_132916	654	94.444	54	2	81.5
GU191334.1	k141_149901	1617	73.750	160	37	96.0
GU191334.1	k141_149901	1617	73.750	160	37	96.0
GU191334.1	k141_49633	588	100.000	44	0	80.6
GU191334.1	k141_114095	24723	79.012	81	17	70.7
GU191334.1	k141_114095	24723	97.368	38	1	65.3
GU191334.1	k141_114095	24723	97.368	38	1	65.3
GU191334.1	k141_24043	505	88.095	42	5	54.5
GU191334.1	k141_24043	505	88.095	42	5	54.5
GU191334.1	k141_41305	20974	71.591	88	16	50.9
GU191334.1	k141_11366	352	85.366	41	6	48.2
GU191334.1	k141_65791	447	77.358	53	12	42.8
GU191334.1	k141_64208	618	83.784	37	6	41.0
