MZ962720.1	k141_22320	25446	91.207	7631	434	10707
MZ962720.1	k141_22320	25446	91.207	7631	434	10707
MZ962720.1	k141_22320	25446	90.102	3031	180	4155
MZ962720.1	k141_22320	25446	90.102	3031	180	4155
MZ962720.1	k141_22320	25446	84.370	1785	171	1951
MZ962720.1	k141_22320	25446	84.370	1785	171	1951
MZ962720.1	k141_22320	25446	85.106	705	56	811
MZ962720.1	k141_22320	25446	86.929	635	64	775
MZ962720.1	k141_22320	25446	86.929	635	64	775
MZ962720.1	k141_22320	25446	88.546	454	46	577
MZ962720.1	k141_22320	25446	88.546	454	46	577
MZ962720.1	k141_22320	25446	88.396	293	28	372
MZ962720.1	k141_22320	25446	88.396	293	28	372
MZ962720.1	k141_22320	25446	82.799	343	30	357
MZ962720.1	k141_22320	25446	82.799	343	30	357
MZ962720.1	k141_22320	25446	82.642	265	23	274
MZ962720.1	k141_22320	25446	82.642	265	23	274
MZ962720.1	k141_22320	25446	74.201	407	58	263
MZ962720.1	k141_22320	25446	74.201	407	58	263
MZ962720.1	k141_22320	25446	81.319	273	45	260
MZ962720.1	k141_22320	25446	81.319	273	45	260
MZ962720.1	k141_22320	25446	80.233	258	23	243
MZ962720.1	k141_22320	25446	80.357	168	21	157
MZ962720.1	k141_22320	25446	80.357	168	21	157
MZ962720.1	k141_22320	25446	89.024	82	5	107
MZ962720.1	k141_22320	25446	89.024	82	5	107
MZ962720.1	k141_22320	25446	91.525	59	5	85.1
MZ962720.1	k141_22320	25446	91.525	59	5	85.1
MZ962720.1	k141_22320	25446	94.595	37	2	59.0
MZ962720.1	k141_19462	82452	79.330	8423	1473	7267
MZ962720.1	k141_19462	82452	87.531	5229	595	6461
MZ962720.1	k141_19462	82452	78.966	5762	842	4747
MZ962720.1	k141_19462	82452	90.156	2621	247	3556
MZ962720.1	k141_19462	82452	82.620	2313	350	2348
MZ962720.1	k141_19462	82452	85.686	1991	255	2302
MZ962720.1	k141_19462	82452	87.815	1469	179	1843
MZ962720.1	k141_19462	82452	81.033	1782	270	1662
MZ962720.1	k141_19462	82452	79.104	1943	359	1631
MZ962720.1	k141_19462	82452	90.544	1121	104	1537
MZ962720.1	k141_19462	82452	74.920	2193	343	1442
MZ962720.1	k141_19462	82452	75.995	1608	322	1105
MZ962720.1	k141_19462	82452	82.105	1045	133	1046
MZ962720.1	k141_19462	82452	87.517	753	94	935
MZ962720.1	k141_19462	82452	79.029	1030	202	884
MZ962720.1	k141_19462	82452	67.772	2442	602	784
MZ962720.1	k141_19462	82452	82.912	673	102	694
MZ962720.1	k141_19462	82452	74.969	811	168	548
MZ962720.1	k141_19462	82452	72.727	1034	182	540
MZ962720.1	k141_19462	82452	70.729	1083	247	534
MZ962720.1	k141_19462	82452	70.956	1119	192	480
MZ962720.1	k141_19462	82452	75.527	711	99	476
MZ962720.1	k141_19462	82452	90.415	313	25	430
MZ962720.1	k141_19462	82452	76.868	562	130	428
MZ962720.1	k141_19462	82452	76.868	562	130	428
MZ962720.1	k141_19462	82452	73.817	634	140	374
MZ962720.1	k141_19462	82452	78.495	465	87	373
MZ962720.1	k141_19462	82452	72.886	686	111	368
MZ962720.1	k141_19462	82452	70.204	735	115	334
MZ962720.1	k141_19462	82452	70.169	771	159	310
MZ962720.1	k141_19462	82452	76.984	378	48	307
MZ962720.1	k141_19462	82452	86.992	246	25	293
MZ962720.1	k141_19462	82452	72.849	523	106	282
MZ962720.1	k141_19462	82452	69.504	564	115	276
MZ962720.1	k141_19462	82452	86.784	227	25	275
MZ962720.1	k141_19462	82452	69.253	683	171	271
MZ962720.1	k141_19462	82452	75.890	365	71	260
MZ962720.1	k141_19462	82452	70.642	545	115	258
MZ962720.1	k141_19462	82452	75.062	401	67	253
MZ962720.1	k141_19462	82452	73.953	430	90	242
MZ962720.1	k141_19462	82452	67.530	656	116	239
MZ962720.1	k141_19462	82452	81.938	227	32	229
MZ962720.1	k141_19462	82452	81.938	227	32	229
MZ962720.1	k141_19462	82452	71.262	428	62	219
MZ962720.1	k141_19462	82452	71.262	428	62	219
MZ962720.1	k141_19462	82452	76.573	286	67	214
MZ962720.1	k141_19462	82452	85.000	180	22	204
MZ962720.1	k141_19462	82452	79.757	247	44	204
MZ962720.1	k141_19462	82452	90.845	142	12	195
MZ962720.1	k141_19462	82452	81.188	202	30	192
MZ962720.1	k141_19462	82452	81.188	202	30	192
MZ962720.1	k141_19462	82452	65.599	843	177	176
MZ962720.1	k141_19462	82452	85.430	151	22	174
MZ962720.1	k141_19462	82452	88.235	136	15	170
MZ962720.1	k141_19462	82452	88.060	134	13	168
MZ962720.1	k141_19462	82452	96.907	97	2	159
MZ962720.1	k141_19462	82452	73.577	246	57	150
MZ962720.1	k141_19462	82452	83.824	136	22	147
MZ962720.1	k141_19462	82452	93.684	95	3	143
MZ962720.1	k141_19462	82452	93.684	95	3	143
MZ962720.1	k141_19462	82452	95.455	88	4	141
MZ962720.1	k141_19462	82452	74.884	215	40	140
MZ962720.1	k141_19462	82452	74.884	215	40	140
MZ962720.1	k141_19462	82452	74.877	203	51	137
MZ962720.1	k141_19462	82452	77.586	174	37	136
MZ962720.1	k141_19462	82452	82.609	138	21	135
MZ962720.1	k141_19462	82452	82.609	138	21	135
MZ962720.1	k141_19462	82452	83.459	133	10	134
MZ962720.1	k141_19462	82452	91.667	96	7	134
MZ962720.1	k141_19462	82452	74.194	217	43	133
MZ962720.1	k141_19462	82452	66.430	563	165	132
MZ962720.1	k141_19462	82452	91.209	91	8	129
MZ962720.1	k141_19462	82452	95.000	80	4	127
MZ962720.1	k141_19462	82452	93.902	82	5	126
MZ962720.1	k141_19462	82452	77.848	158	34	124
MZ962720.1	k141_19462	82452	75.723	173	34	122
MZ962720.1	k141_19462	82452	76.543	162	38	122
MZ962720.1	k141_19462	82452	88.660	97	6	117
MZ962720.1	k141_19462	82452	93.333	75	4	110
MZ962720.1	k141_19462	82452	76.978	139	27	107
MZ962720.1	k141_19462	82452	76.978	139	27	107
MZ962720.1	k141_19462	82452	76.978	139	27	107
MZ962720.1	k141_19462	82452	73.939	165	43	104
MZ962720.1	k141_19462	82452	75.839	149	27	102
MZ962720.1	k141_19462	82452	84.444	90	14	100
MZ962720.1	k141_19462	82452	84.444	90	14	100
MZ962720.1	k141_19462	82452	84.444	90	14	100
MZ962720.1	k141_19462	82452	74.820	139	18	100
MZ962720.1	k141_19462	82452	74.820	139	18	100
MZ962720.1	k141_19462	82452	76.984	126	24	97.8
MZ962720.1	k141_19462	82452	90.411	73	6	97.8
MZ962720.1	k141_19462	82452	81.443	97	11	96.9
MZ962720.1	k141_19462	82452	76.800	125	29	96.0
MZ962720.1	k141_19462	82452	75.362	138	30	96.0
MZ962720.1	k141_19462	82452	87.500	72	9	90.6
MZ962720.1	k141_19462	82452	79.000	100	14	88.7
MZ962720.1	k141_19462	82452	71.852	135	38	73.4
MZ962720.1	k141_19462	82452	74.528	106	27	70.7
MZ962720.1	k141_19462	82452	72.727	66	18	39.2
MZ962720.1	k141_29175	17191	79.510	5261	846	4535
MZ962720.1	k141_29175	17191	79.510	5261	846	4535
MZ962720.1	k141_29175	17191	78.678	2012	402	1670
MZ962720.1	k141_29175	17191	76.647	2231	469	1645
MZ962720.1	k141_29175	17191	73.120	971	221	566
MZ962720.1	k141_29175	17191	79.310	319	66	279
MZ962720.1	k141_29175	17191	82.443	131	20	127
MZ962720.1	k141_32986	2631	70.859	1153	273	518
MZ962720.1	k141_32986	2631	70.859	1153	273	518
MZ962720.1	k141_29487	957	87.535	353	40	438
MZ962720.1	k141_29487	957	74.552	279	36	197
MZ962720.1	k141_26907	1767	81.967	427	58	414
MZ962720.1	k141_916	597	89.492	295	23	391
MZ962720.1	k141_1374	1568	87.960	299	23	376
MZ962720.1	k141_1374	1568	84.146	82	6	92.4
MZ962720.1	k141_33809	734	79.481	424	78	363
MZ962720.1	k141_5981	2655	71.192	663	165	296
MZ962720.1	k141_5981	2655	71.192	663	165	296
MZ962720.1	k141_5981	2655	88.525	61	7	79.7
MZ962720.1	k141_5981	2655	88.525	61	7	79.7
MZ962720.1	k141_5981	2655	88.525	61	7	79.7
MZ962720.1	k141_14601	3026	74.777	337	40	216
MZ962720.1	k141_31503	1333	89.542	153	16	205
MZ962720.1	k141_31737	776	87.117	163	11	200
MZ962720.1	k141_31737	776	87.117	163	11	200
MZ962720.1	k141_18880	874	89.630	135	13	178
MZ962720.1	k141_18880	874	89.630	135	13	178
MZ962720.1	k141_7963	3471	86.395	147	19	172
MZ962720.1	k141_7963	3471	86.395	147	19	172
MZ962720.1	k141_22204	11761	68.793	439	135	168
MZ962720.1	k141_22204	11761	71.818	110	31	59.9
MZ962720.1	k141_33658	926	88.189	127	11	161
MZ962720.1	k141_24103	1312	89.815	108	6	141
MZ962720.1	k141_20708	2236	94.667	75	4	118
MZ962720.1	k141_20708	2236	94.667	75	4	118
MZ962720.1	k141_29406	1177	93.506	77	5	117
MZ962720.1	k141_4696	1943	95.714	70	3	113
MZ962720.1	k141_33354	605	79.688	128	25	111
MZ962720.1	k141_1766	927	83.168	101	17	106
MZ962720.1	k141_1269	3048	95.312	64	3	103
MZ962720.1	k141_1269	3048	95.312	64	3	103
MZ962720.1	k141_16090	1807	92.647	68	5	101
MZ962720.1	k141_16090	1807	92.647	68	5	101
MZ962720.1	k141_12228	922	80.000	115	14	99.6
MZ962720.1	k141_12228	922	80.000	115	14	99.6
MZ962720.1	k141_33061	8757	76.522	115	24	80.6
MZ962720.1	k141_33061	8757	76.522	115	24	80.6
MZ962720.1	k141_33061	8757	82.812	64	11	67.1
MZ962720.1	k141_33061	8757	82.812	64	11	67.1
MZ962720.1	k141_12544	309	69.318	176	54	75.2
MZ962720.1	k141_11622	510	92.683	41	3	61.7
MZ962720.1	k141_27401	560	94.444	36	2	57.2
MZ962720.1	k141_27401	560	94.444	36	2	57.2
MZ962720.1	k141_33088	347	77.358	53	12	42.8
MH569081.1	k141_19462	82452	87.210	5434	607	6611
MH569081.1	k141_19462	82452	78.023	7467	1186	5965
MH569081.1	k141_19462	82452	82.542	3895	608	3952
MH569081.1	k141_19462	82452	89.273	2629	275	3454
MH569081.1	k141_19462	82452	80.653	3339	563	3108
MH569081.1	k141_19462	82452	79.830	3064	479	2717
MH569081.1	k141_19462	82452	83.797	2123	318	2275
MH569081.1	k141_19462	82452	87.110	1505	194	1840
MH569081.1	k141_19462	82452	87.056	1491	148	1788
MH569081.1	k141_19462	82452	82.090	1809	258	1781
MH569081.1	k141_19462	82452	78.695	1962	359	1636
MH569081.1	k141_19462	82452	78.177	2062	289	1628
MH569081.1	k141_19462	82452	74.466	2248	507	1442
MH569081.1	k141_19462	82452	76.870	1591	302	1185
MH569081.1	k141_19462	82452	85.207	1014	117	1142
MH569081.1	k141_19462	82452	85.554	803	106	917
MH569081.1	k141_19462	82452	69.480	2346	550	905
MH569081.1	k141_19462	82452	81.024	801	143	750
MH569081.1	k141_19462	82452	75.996	1054	182	739
MH569081.1	k141_19462	82452	72.901	1096	204	623
MH569081.1	k141_19462	82452	81.690	639	103	620
MH569081.1	k141_19462	82452	73.133	964	168	532
MH569081.1	k141_19462	82452	69.878	1225	214	510
MH569081.1	k141_19462	82452	76.818	660	105	472
MH569081.1	k141_19462	82452	68.054	1418	327	449
MH569081.1	k141_19462	82452	71.767	843	117	422
MH569081.1	k141_19462	82452	88.959	317	28	403
MH569081.1	k141_19462	82452	73.088	706	134	396
MH569081.1	k141_19462	82452	79.641	334	55	290
MH569081.1	k141_19462	82452	89.450	218	23	290
MH569081.1	k141_19462	82452	80.528	303	38	282
MH569081.1	k141_19462	82452	78.769	325	54	267
MH569081.1	k141_19462	82452	85.232	237	21	260
MH569081.1	k141_19462	82452	72.967	418	62	246
MH569081.1	k141_19462	82452	70.699	529	96	237
MH569081.1	k141_19462	82452	84.694	196	24	220
MH569081.1	k141_19462	82452	75.232	323	67	212
MH569081.1	k141_19462	82452	75.232	323	67	212
MH569081.1	k141_19462	82452	76.512	281	66	210
MH569081.1	k141_19462	82452	75.874	286	69	205
MH569081.1	k141_19462	82452	88.608	158	18	205
MH569081.1	k141_19462	82452	84.024	169	27	184
MH569081.1	k141_19462	82452	79.186	221	41	183
MH569081.1	k141_19462	82452	91.270	126	11	178
MH569081.1	k141_19462	82452	77.333	225	51	177
MH569081.1	k141_19462	82452	72.755	323	79	168
MH569081.1	k141_19462	82452	72.894	273	45	154
MH569081.1	k141_19462	82452	98.824	85	0	146
MH569081.1	k141_19462	82452	98.824	85	0	146
MH569081.1	k141_19462	82452	100.000	76	0	138
MH569081.1	k141_19462	82452	86.441	118	15	138
MH569081.1	k141_19462	82452	67.458	421	123	137
MH569081.1	k141_19462	82452	85.088	114	17	130
MH569081.1	k141_19462	82452	98.630	73	1	128
MH569081.1	k141_19462	82452	89.247	93	10	123
MH569081.1	k141_19462	82452	76.437	174	30	122
MH569081.1	k141_19462	82452	70.445	247	61	119
MH569081.1	k141_19462	82452	94.595	74	4	116
MH569081.1	k141_19462	82452	91.139	79	7	112
MH569081.1	k141_19462	82452	73.006	163	44	96.9
MH569081.1	k141_19462	82452	76.842	95	22	73.4
MH569081.1	k141_19462	82452	78.947	76	16	66.2
MH569081.1	k141_19462	82452	91.111	45	4	64.4
MH569081.1	k141_19462	82452	91.111	45	4	64.4
MH569081.1	k141_19462	82452	67.308	156	51	52.7
MH569081.1	k141_19462	82452	75.714	70	17	50.9
MH569081.1	k141_19462	82452	79.592	49	10	44.6
MH569081.1	k141_22320	25446	90.931	4532	255	6326
MH569081.1	k141_22320	25446	90.931	4532	255	6326
MH569081.1	k141_22320	25446	93.750	3008	140	4544
MH569081.1	k141_22320	25446	93.750	3008	140	4544
MH569081.1	k141_22320	25446	92.446	2833	152	4124
MH569081.1	k141_22320	25446	92.446	2833	152	4124
MH569081.1	k141_22320	25446	88.802	2313	122	3006
MH569081.1	k141_22320	25446	88.802	2313	122	3006
MH569081.1	k141_22320	25446	85.478	1150	122	1290
MH569081.1	k141_22320	25446	85.478	1150	122	1290
MH569081.1	k141_22320	25446	82.167	886	133	873
MH569081.1	k141_22320	25446	82.167	886	133	873
MH569081.1	k141_22320	25446	79.397	796	103	684
MH569081.1	k141_22320	25446	79.397	796	103	684
MH569081.1	k141_22320	25446	77.252	866	82	674
MH569081.1	k141_22320	25446	77.252	866	82	674
MH569081.1	k141_22320	25446	90.345	435	41	592
MH569081.1	k141_22320	25446	90.345	435	41	592
MH569081.1	k141_22320	25446	79.870	462	50	417
MH569081.1	k141_22320	25446	79.870	462	50	417
MH569081.1	k141_22320	25446	76.010	396	36	326
MH569081.1	k141_22320	25446	76.010	396	36	326
MH569081.1	k141_22320	25446	82.727	110	10	113
MH569081.1	k141_22320	25446	82.727	110	10	113
MH569081.1	k141_22320	25446	80.392	102	15	90.6
MH569081.1	k141_22320	25446	94.872	39	2	62.6
MH569081.1	k141_29175	17191	78.717	2697	459	2259
MH569081.1	k141_29175	17191	81.253	2075	343	1963
MH569081.1	k141_29175	17191	76.831	2266	460	1675
MH569081.1	k141_29175	17191	79.720	1430	239	1251
MH569081.1	k141_29175	17191	74.399	1164	240	732
MH569081.1	k141_29175	17191	79.387	587	113	512
MH569081.1	k141_29175	17191	76.952	538	82	414
MH569081.1	k141_29175	17191	83.511	376	58	389
MH569081.1	k141_29175	17191	72.619	252	45	139
MH569081.1	k141_29175	17191	87.736	106	12	130
MH569081.1	k141_29175	17191	87.736	106	12	130
MH569081.1	k141_29175	17191	100.000	43	0	78.8
MH569081.1	k141_29175	17191	100.000	43	0	78.8
MH569081.1	k141_29175	17191	90.476	42	4	59.0
MH569081.1	k141_29487	957	86.119	353	45	416
MH569081.1	k141_1374	1568	89.632	299	18	398
MH569081.1	k141_1374	1568	82.927	82	7	87.8
MH569081.1	k141_916	597	88.136	295	27	373
MH569081.1	k141_26907	1767	81.586	353	50	340
MH569081.1	k141_26907	1767	73.984	123	32	78.8
MH569081.1	k141_32986	2631	73.962	530	129	324
MH569081.1	k141_32986	2631	73.962	530	129	324
MH569081.1	k141_32986	2631	75.161	467	95	294
MH569081.1	k141_32986	2631	75.161	467	95	294
MH569081.1	k141_32986	2631	74.641	209	51	132
MH569081.1	k141_32986	2631	74.641	209	51	132
MH569081.1	k141_5981	2655	71.017	659	171	301
MH569081.1	k141_5981	2655	71.017	659	171	301
MH569081.1	k141_5981	2655	90.164	61	6	84.2
MH569081.1	k141_5981	2655	90.164	61	6	84.2
MH569081.1	k141_33809	734	77.299	348	75	271
MH569081.1	k141_14601	3026	74.656	363	51	224
MH569081.1	k141_22204	11761	70.814	442	121	205
MH569081.1	k141_22204	11761	74.194	93	23	57.2
MH569081.1	k141_31503	1333	89.542	153	16	205
MH569081.1	k141_18880	874	86.932	176	15	204
MH569081.1	k141_18880	874	86.932	176	15	204
MH569081.1	k141_7963	3471	92.537	134	10	197
MH569081.1	k141_7963	3471	92.537	134	10	197
MH569081.1	k141_33658	926	86.260	131	13	151
MH569081.1	k141_20708	2236	91.919	99	8	143
MH569081.1	k141_20708	2236	91.919	99	8	143
MH569081.1	k141_24103	1312	91.000	100	8	137
MH569081.1	k141_31737	776	78.049	164	17	124
MH569081.1	k141_31737	776	78.049	164	17	124
MH569081.1	k141_12228	922	84.685	111	12	120
MH569081.1	k141_12228	922	84.685	111	12	120
MH569081.1	k141_4696	1943	95.775	71	3	115
MH569081.1	k141_1269	3048	98.438	64	1	112
MH569081.1	k141_1269	3048	98.438	64	1	112
MH569081.1	k141_16090	1807	94.118	68	4	105
MH569081.1	k141_16090	1807	94.118	68	4	105
MH569081.1	k141_29406	1177	89.744	78	8	105
MH569081.1	k141_1766	927	78.261	115	24	92.4
MH569081.1	k141_33061	8757	77.391	115	23	85.1
MH569081.1	k141_33061	8757	77.391	115	23	85.1
MH569081.1	k141_33061	8757	82.812	64	11	67.1
MH569081.1	k141_33061	8757	82.812	64	11	67.1
MH569081.1	k141_30918	914	71.538	130	37	68.9
MH569081.1	k141_30918	914	71.538	130	37	68.9
MH569081.1	k141_27401	560	92.683	41	3	61.7
MH569081.1	k141_27401	560	92.683	41	3	61.7
MH569081.1	k141_2543	1904	88.889	45	5	59.9
MH569081.1	k141_2543	1904	88.889	45	5	59.9
NC_033978.1	k141_22320	25446	93.611	13429	480	20470
NC_033978.1	k141_22320	25446	93.611	13429	480	20470
NC_033978.1	k141_22320	25446	94.395	10597	348	16402
NC_033978.1	k141_22320	25446	94.843	10375	308	16269
NC_033978.1	k141_22320	25446	87.451	1028	33	1310
NC_033978.1	k141_22320	25446	87.451	1028	33	1310
NC_033978.1	k141_22320	25446	94.634	615	19	960
NC_033978.1	k141_22320	25446	94.685	508	13	794
NC_033978.1	k141_22320	25446	98.214	56	1	97.8
NC_033978.1	k141_22320	25446	98.214	56	1	97.8
NC_033978.1	k141_22320	25446	94.444	54	3	85.1
NC_033978.1	k141_22320	25446	94.444	54	3	85.1
NC_033978.1	k141_22320	25446	97.436	39	1	67.1
NC_033978.1	k141_22320	25446	90.476	42	4	59.0
NC_033978.1	k141_22320	25446	84.211	38	6	42.8
NC_033978.1	k141_19462	82452	85.856	13596	1500	15794
NC_033978.1	k141_19462	82452	92.010	5807	385	8371
NC_033978.1	k141_19462	82452	85.703	6484	627	7515
NC_033978.1	k141_19462	82452	80.450	6849	791	6273
NC_033978.1	k141_19462	82452	85.779	4655	520	5336
NC_033978.1	k141_19462	82452	88.292	3314	243	4246
NC_033978.1	k141_19462	82452	83.418	3558	425	3712
NC_033978.1	k141_19462	82452	86.703	2963	259	3595
NC_033978.1	k141_19462	82452	83.455	3143	316	3274
NC_033978.1	k141_19462	82452	84.602	2286	200	2525
NC_033978.1	k141_19462	82452	87.400	1873	180	2320
NC_033978.1	k141_19462	82452	78.375	2807	469	2302
NC_033978.1	k141_19462	82452	78.163	2537	338	2075
NC_033978.1	k141_19462	82452	92.395	1328	76	1931
NC_033978.1	k141_19462	82452	86.519	1313	129	1537
NC_033978.1	k141_19462	82452	81.665	1129	132	1108
NC_033978.1	k141_19462	82452	77.751	1263	160	990
NC_033978.1	k141_19462	82452	80.682	1056	107	983
NC_033978.1	k141_19462	82452	79.290	1014	126	873
NC_033978.1	k141_19462	82452	75.507	1282	183	871
NC_033978.1	k141_19462	82452	75.135	1110	173	734
NC_033978.1	k141_19462	82452	73.178	1290	195	728
NC_033978.1	k141_19462	82452	74.162	925	123	592
NC_033978.1	k141_19462	82452	73.950	714	96	468
NC_033978.1	k141_19462	82452	89.688	320	33	429
NC_033978.1	k141_19462	82452	84.824	369	35	406
NC_033978.1	k141_19462	82452	71.939	588	100	308
NC_033978.1	k141_19462	82452	77.919	394	50	303
NC_033978.1	k141_19462	82452	82.085	307	26	288
NC_033978.1	k141_19462	82452	87.500	200	19	241
NC_033978.1	k141_19462	82452	84.762	210	17	231
NC_033978.1	k141_19462	82452	73.497	366	63	214
NC_033978.1	k141_19462	82452	66.317	763	139	198
NC_033978.1	k141_19462	82452	78.988	257	29	198
NC_033978.1	k141_19462	82452	93.846	130	7	196
NC_033978.1	k141_19462	82452	79.474	190	17	178
NC_033978.1	k141_19462	82452	73.154	298	49	174
NC_033978.1	k141_19462	82452	86.260	131	11	153
NC_033978.1	k141_19462	82452	100.000	82	0	149
NC_033978.1	k141_19462	82452	81.746	126	23	124
NC_033978.1	k141_19462	82452	73.939	165	43	104
NC_033978.1	k141_19462	82452	74.046	131	22	77.0
NC_033978.1	k141_19462	82452	94.872	39	2	62.6
NC_033978.1	k141_19462	82452	94.872	39	2	62.6
NC_033978.1	k141_19462	82452	92.500	40	3	59.9
NC_033978.1	k141_19462	82452	86.364	44	6	53.6
NC_033978.1	k141_29175	17191	83.363	4556	529	4785
NC_033978.1	k141_29175	17191	84.255	3417	432	3680
NC_033978.1	k141_29175	17191	83.770	2329	320	2472
NC_033978.1	k141_29175	17191	69.713	3447	794	1533
NC_033978.1	k141_29175	17191	79.765	1359	214	1190
NC_033978.1	k141_29175	17191	73.011	993	217	566
NC_033978.1	k141_29175	17191	83.058	242	32	247
NC_033978.1	k141_29175	17191	100.000	42	0	77.0
NC_033978.1	k141_29175	17191	100.000	42	0	77.0
NC_033978.1	k141_29175	17191	92.857	42	3	63.5
NC_033978.1	k141_33809	734	87.294	425	45	514
NC_033978.1	k141_29487	957	91.785	353	25	506
NC_033978.1	k141_26907	1767	84.919	431	46	475
NC_033978.1	k141_26907	1767	77.323	269	46	220
NC_033978.1	k141_1374	1568	80.676	414	14	428
NC_033978.1	k141_916	597	90.847	295	19	409
NC_033978.1	k141_32986	2631	74.765	531	123	346
NC_033978.1	k141_32986	2631	74.765	531	123	346
NC_033978.1	k141_32986	2631	75.161	467	94	290
NC_033978.1	k141_32986	2631	75.161	467	94	290
NC_033978.1	k141_5981	2655	71.429	658	170	302
NC_033978.1	k141_5981	2655	71.429	658	170	302
NC_033978.1	k141_5981	2655	86.885	61	8	75.2
NC_033978.1	k141_5981	2655	86.885	61	8	75.2
NC_033978.1	k141_14601	3026	76.543	405	60	289
NC_033978.1	k141_18880	874	89.119	193	11	259
NC_033978.1	k141_18880	874	89.119	193	11	259
NC_033978.1	k141_19816	431	79.930	284	35	258
NC_033978.1	k141_19816	431	76.606	218	29	166
NC_033978.1	k141_7963	3471	99.265	136	1	242
NC_033978.1	k141_7963	3471	99.265	136	1	242
NC_033978.1	k141_31503	1333	94.118	153	9	236
NC_033978.1	k141_21028	566	78.648	281	58	230
NC_033978.1	k141_21028	566	78.648	281	58	230
NC_033978.1	k141_22204	11761	71.366	454	122	223
NC_033978.1	k141_22204	11761	68.657	134	42	53.6
NC_033978.1	k141_33658	926	89.764	127	9	170
NC_033978.1	k141_1766	927	91.736	121	9	170
NC_033978.1	k141_31737	776	75.897	195	5	165
NC_033978.1	k141_31737	776	75.897	195	5	165
NC_033978.1	k141_20708	2236	95.960	99	4	161
NC_033978.1	k141_20708	2236	95.960	99	4	161
NC_033978.1	k141_33354	605	85.938	128	17	147
NC_033978.1	k141_12228	922	91.589	107	7	146
NC_033978.1	k141_12228	922	91.589	107	7	146
NC_033978.1	k141_24103	1312	92.079	101	7	143
NC_033978.1	k141_29406	1177	98.718	78	1	137
NC_033978.1	k141_22418	423	91.011	89	6	118
NC_033978.1	k141_22418	423	91.011	89	6	118
NC_033978.1	k141_3440	785	83.810	105	14	107
NC_033978.1	k141_1269	3048	96.875	64	2	107
NC_033978.1	k141_1269	3048	96.875	64	2	107
NC_033978.1	k141_4696	1943	92.958	71	5	106
NC_033978.1	k141_16090	1807	94.118	68	4	105
NC_033978.1	k141_16090	1807	94.118	68	4	105
NC_033978.1	k141_12234	859	89.333	75	8	100
NC_033978.1	k141_33061	8757	77.391	115	23	85.1
NC_033978.1	k141_33061	8757	77.391	115	23	85.1
NC_033978.1	k141_2543	1904	97.778	45	1	77.9
NC_033978.1	k141_2543	1904	97.778	45	1	77.9
NC_033978.1	k141_12544	309	69.318	176	54	75.2
NC_033978.1	k141_30918	914	71.127	142	41	72.5
NC_033978.1	k141_30918	914	71.127	142	41	72.5
NC_033978.1	k141_11622	510	93.478	46	3	70.7
NC_033978.1	k141_6904	2628	87.037	54	7	67.1
NC_033978.1	k141_25861	2387	78.750	80	16	65.3
NC_033978.1	k141_25861	2387	78.750	80	16	65.3
NC_033978.1	k141_18543	2498	88.235	51	5	62.6
NC_033978.1	k141_27401	560	90.244	41	4	57.2
NC_033978.1	k141_27401	560	90.244	41	4	57.2
MW006668.1	k141_22320	25446	94.329	8270	265	12804
MW006668.1	k141_22320	25446	94.329	8270	265	12804
MW006668.1	k141_22320	25446	90.417	4967	341	6785
MW006668.1	k141_22320	25446	74.085	3033	436	1963
MW006668.1	k141_22320	25446	86.559	1302	126	1568
MW006668.1	k141_22320	25446	89.765	469	38	630
MW006668.1	k141_22320	25446	89.765	469	38	630
MW006668.1	k141_22320	25446	77.150	814	107	625
MW006668.1	k141_22320	25446	74.958	599	68	447
MW006668.1	k141_22320	25446	89.209	278	22	361
MW006668.1	k141_22320	25446	89.209	278	22	361
MW006668.1	k141_22320	25446	80.631	222	27	195
MW006668.1	k141_22320	25446	82.432	148	17	150
MW006668.1	k141_22320	25446	82.432	148	17	150
MW006668.1	k141_22320	25446	82.353	136	15	137
MW006668.1	k141_22320	25446	66.585	410	98	135
MW006668.1	k141_22320	25446	66.585	410	98	135
MW006668.1	k141_22320	25446	86.538	104	9	125
MW006668.1	k141_22320	25446	65.049	515	129	120
MW006668.1	k141_22320	25446	83.810	105	13	108
MW006668.1	k141_22320	25446	100.000	56	0	102
MW006668.1	k141_22320	25446	65.399	526	138	96.9
MW006668.1	k141_22320	25446	65.399	526	138	96.9
MW006668.1	k141_22320	25446	70.492	183	42	94.2
MW006668.1	k141_22320	25446	70.492	183	42	94.2
MW006668.1	k141_22320	25446	70.492	183	42	94.2
MW006668.1	k141_22320	25446	70.492	183	42	94.2
MW006668.1	k141_22320	25446	65.019	526	140	92.4
MW006668.1	k141_22320	25446	65.019	526	140	92.4
MW006668.1	k141_22320	25446	65.019	526	140	91.5
MW006668.1	k141_22320	25446	65.019	526	140	91.5
MW006668.1	k141_22320	25446	70.270	185	42	89.7
MW006668.1	k141_22320	25446	68.151	292	78	86.0
MW006668.1	k141_22320	25446	68.151	292	78	86.0
MW006668.1	k141_22320	25446	64.829	526	141	83.3
MW006668.1	k141_22320	25446	64.829	526	141	83.3
MW006668.1	k141_22320	25446	64.829	526	141	83.3
MW006668.1	k141_22320	25446	64.829	526	141	83.3
MW006668.1	k141_22320	25446	73.770	122	20	83.3
MW006668.1	k141_22320	25446	73.770	122	20	83.3
MW006668.1	k141_22320	25446	89.831	59	6	80.6
MW006668.1	k141_22320	25446	97.619	42	1	72.5
MW006668.1	k141_22320	25446	97.619	42	1	72.5
MW006668.1	k141_22320	25446	84.211	57	9	63.5
MW006668.1	k141_22320	25446	84.211	57	9	63.5
MW006668.1	k141_22320	25446	86.275	51	7	61.7
MW006668.1	k141_22320	25446	90.476	42	4	59.0
MW006668.1	k141_22320	25446	71.053	152	37	56.3
MW006668.1	k141_22320	25446	71.053	152	37	56.3
MW006668.1	k141_22320	25446	71.053	152	37	56.3
MW006668.1	k141_22320	25446	71.053	152	37	56.3
MW006668.1	k141_22320	25446	86.364	44	6	53.6
MW006668.1	k141_22320	25446	71.429	84	24	44.6
MW006668.1	k141_22320	25446	71.429	84	24	44.6
MW006668.1	k141_22320	25446	84.211	38	6	42.8
MW006668.1	k141_19462	82452	83.617	9339	1253	9910
MW006668.1	k141_19462	82452	90.942	5531	452	7680
MW006668.1	k141_19462	82452	83.297	5975	666	6238
MW006668.1	k141_19462	82452	87.488	4212	421	5194
MW006668.1	k141_19462	82452	86.425	3639	353	4319
MW006668.1	k141_19462	82452	88.062	3401	374	4287
MW006668.1	k141_19462	82452	81.482	4223	578	4036
MW006668.1	k141_19462	82452	77.452	3202	538	2506
MW006668.1	k141_19462	82452	83.221	2223	265	2290
MW006668.1	k141_19462	82452	88.483	1780	181	2277
MW006668.1	k141_19462	82452	85.963	1952	236	2270
MW006668.1	k141_19462	82452	76.622	3067	480	2233
MW006668.1	k141_19462	82452	79.584	1827	299	1622
MW006668.1	k141_19462	82452	89.118	1066	95	1392
MW006668.1	k141_19462	82452	74.915	2057	279	1372
MW006668.1	k141_19462	82452	93.265	876	54	1315
MW006668.1	k141_19462	82452	93.265	876	54	1315
MW006668.1	k141_19462	82452	74.167	1591	259	1068
MW006668.1	k141_19462	82452	79.140	1232	182	1028
MW006668.1	k141_19462	82452	77.294	1264	162	964
MW006668.1	k141_19462	82452	77.294	1264	162	964
MW006668.1	k141_19462	82452	76.312	1334	198	948
MW006668.1	k141_19462	82452	74.087	1478	261	856
MW006668.1	k141_19462	82452	73.113	1391	247	753
MW006668.1	k141_19462	82452	79.462	818	96	729
MW006668.1	k141_19462	82452	80.612	784	97	716
MW006668.1	k141_19462	82452	72.527	910	148	489
MW006668.1	k141_19462	82452	72.727	781	121	487
MW006668.1	k141_19462	82452	72.727	781	121	487
MW006668.1	k141_19462	82452	74.168	751	117	455
MW006668.1	k141_19462	82452	73.768	690	88	445
MW006668.1	k141_19462	82452	74.063	667	121	394
MW006668.1	k141_19462	82452	88.814	295	25	382
MW006668.1	k141_19462	82452	68.585	1025	199	369
MW006668.1	k141_19462	82452	81.818	352	37	353
MW006668.1	k141_19462	82452	81.818	352	37	353
MW006668.1	k141_19462	82452	74.932	367	56	253
MW006668.1	k141_19462	82452	81.250	208	34	200
MW006668.1	k141_19462	82452	85.976	164	18	184
MW006668.1	k141_19462	82452	81.095	201	29	173
MW006668.1	k141_19462	82452	77.209	215	31	166
MW006668.1	k141_19462	82452	75.417	240	57	165
MW006668.1	k141_19462	82452	76.959	217	32	165
MW006668.1	k141_19462	82452	73.541	257	41	164
MW006668.1	k141_19462	82452	89.344	122	13	162
MW006668.1	k141_19462	82452	76.526	213	34	160
MW006668.1	k141_19462	82452	91.346	104	9	148
MW006668.1	k141_19462	82452	86.885	122	12	139
MW006668.1	k141_19462	82452	74.641	209	36	127
MW006668.1	k141_19462	82452	94.937	79	4	125
MW006668.1	k141_19462	82452	94.937	79	4	125
MW006668.1	k141_19462	82452	75.882	170	41	123
MW006668.1	k141_19462	82452	80.159	126	25	115
MW006668.1	k141_19462	82452	76.101	159	36	113
MW006668.1	k141_19462	82452	79.286	140	24	113
MW006668.1	k141_19462	82452	79.286	140	24	113
MW006668.1	k141_19462	82452	80.556	108	8	95.1
MW006668.1	k141_19462	82452	84.416	77	12	86.0
MW006668.1	k141_19462	82452	87.719	57	7	72.5
MW006668.1	k141_19462	82452	89.796	49	5	67.1
MW006668.1	k141_19462	82452	89.796	49	5	67.1
MW006668.1	k141_19462	82452	84.211	57	9	63.5
MW006668.1	k141_19462	82452	84.211	57	9	63.5
MW006668.1	k141_19462	82452	89.362	47	5	63.5
MW006668.1	k141_19462	82452	94.872	39	2	62.6
MW006668.1	k141_19462	82452	68.362	177	54	60.8
MW006668.1	k141_19462	82452	86.957	46	6	57.2
MW006668.1	k141_29175	17191	84.226	4368	540	4739
MW006668.1	k141_29175	17191	84.226	4368	540	4739
MW006668.1	k141_29175	17191	81.601	4848	683	4672
MW006668.1	k141_29175	17191	81.601	4848	683	4672
MW006668.1	k141_29175	17191	79.579	2282	435	1984
MW006668.1	k141_29175	17191	84.211	133	20	142
MW006668.1	k141_29175	17191	100.000	42	0	77.0
MW006668.1	k141_29175	17191	92.857	42	3	63.5
MW006668.1	k141_29487	957	92.068	353	24	510
MW006668.1	k141_26907	1767	83.063	431	53	440
MW006668.1	k141_26907	1767	78.030	264	49	219
MW006668.1	k141_1374	1568	90.635	299	15	412
MW006668.1	k141_1374	1568	85.185	81	5	95.1
MW006668.1	k141_33809	734	79.817	436	70	389
MW006668.1	k141_916	597	87.713	293	28	365
MW006668.1	k141_32986	2631	74.388	531	125	337
MW006668.1	k141_32986	2631	74.388	531	125	337
MW006668.1	k141_32986	2631	74.732	467	102	280
MW006668.1	k141_32986	2631	74.732	467	102	280
MW006668.1	k141_14601	3026	74.882	422	56	288
MW006668.1	k141_5981	2655	70.242	662	172	279
MW006668.1	k141_5981	2655	70.242	662	172	279
MW006668.1	k141_5981	2655	85.246	61	9	70.7
MW006668.1	k141_5981	2655	85.246	61	9	70.7
MW006668.1	k141_31503	1333	94.118	153	9	236
MW006668.1	k141_7963	3471	97.059	136	4	228
MW006668.1	k141_7963	3471	97.059	136	4	228
MW006668.1	k141_21028	566	77.936	281	60	221
MW006668.1	k141_21028	566	77.936	281	60	221
MW006668.1	k141_22204	11761	69.841	441	127	193
MW006668.1	k141_22204	11761	80.328	61	12	57.2
MW006668.1	k141_31737	776	81.215	181	6	190
MW006668.1	k141_31737	776	81.215	181	6	190
MW006668.1	k141_24103	1312	89.781	137	13	181
MW006668.1	k141_33658	926	89.764	127	9	170
MW006668.1	k141_1766	927	86.992	123	15	147
MW006668.1	k141_1766	927	82.474	97	17	99.6
MW006668.1	k141_33354	605	84.375	128	19	138
MW006668.1	k141_29406	1177	98.701	77	1	135
MW006668.1	k141_18880	874	77.049	183	30	134
MW006668.1	k141_20708	2236	88.889	99	10	126
MW006668.1	k141_12228	922	85.047	107	14	114
MW006668.1	k141_1269	3048	98.438	64	1	112
MW006668.1	k141_1269	3048	98.438	64	1	112
MW006668.1	k141_4696	1943	94.286	70	4	109
MW006668.1	k141_16090	1807	94.118	68	4	105
MW006668.1	k141_16090	1807	94.118	68	4	105
MW006668.1	k141_12234	859	88.000	75	9	96.0
MW006668.1	k141_33061	8757	77.391	115	23	85.1
MW006668.1	k141_33061	8757	77.391	115	23	85.1
MW006668.1	k141_25861	2387	80.000	80	15	69.8
MW006668.1	k141_25861	2387	80.000	80	15	69.8
MW006668.1	k141_2543	1904	93.333	45	3	68.9
MW006668.1	k141_30918	914	70.423	142	42	68.0
MW006668.1	k141_11622	510	95.122	41	2	66.2
MW006668.1	k141_12544	309	69.863	146	44	66.2
MW006668.1	k141_27401	560	90.244	41	4	57.2
MW006668.1	k141_27401	560	90.244	41	4	57.2
MW435436.1	k141_22320	25446	96.394	8208	193	13462
MW435436.1	k141_22320	25446	96.394	8208	193	13462
MW435436.1	k141_22320	25446	92.717	8623	384	12814
MW435436.1	k141_22320	25446	92.717	8623	384	12814
MW435436.1	k141_22320	25446	94.361	3192	90	4941
MW435436.1	k141_22320	25446	94.361	3192	90	4941
MW435436.1	k141_22320	25446	88.425	2635	107	3439
MW435436.1	k141_22320	25446	88.425	2635	107	3439
MW435436.1	k141_22320	25446	85.068	2364	180	2702
MW435436.1	k141_22320	25446	85.068	2364	180	2702
MW435436.1	k141_22320	25446	92.727	605	39	893
MW435436.1	k141_22320	25446	92.727	605	39	893
MW435436.1	k141_22320	25446	98.148	54	1	94.2
MW435436.1	k141_22320	25446	98.148	54	1	94.2
MW435436.1	k141_22320	25446	92.857	42	3	63.5
MW435436.1	k141_22320	25446	89.744	39	4	53.6
MW435436.1	k141_19462	82452	86.336	10846	1225	12871
MW435436.1	k141_19462	82452	87.826	9857	868	12274
MW435436.1	k141_19462	82452	81.296	8089	984	7748
MW435436.1	k141_19462	82452	86.646	4553	421	5499
MW435436.1	k141_19462	82452	81.779	4363	515	4262
MW435436.1	k141_19462	82452	81.464	4030	554	3867
MW435436.1	k141_19462	82452	86.868	2018	233	2420
MW435436.1	k141_19462	82452	88.571	1890	202	2407
MW435436.1	k141_19462	82452	85.082	2011	241	2247
MW435436.1	k141_19462	82452	83.572	2027	236	2152
MW435436.1	k141_19462	82452	82.445	2102	201	2144
MW435436.1	k141_19462	82452	76.482	2683	427	1917
MW435436.1	k141_19462	82452	84.030	1578	212	1710
MW435436.1	k141_19462	82452	76.810	2113	352	1528
MW435436.1	k141_19462	82452	74.615	2206	305	1463
MW435436.1	k141_19462	82452	87.231	1206	125	1449
MW435436.1	k141_19462	82452	80.867	1223	134	1147
MW435436.1	k141_19462	82452	78.277	1381	186	1106
MW435436.1	k141_19462	82452	79.633	1036	129	911
MW435436.1	k141_19462	82452	73.956	1532	264	906
MW435436.1	k141_19462	82452	74.345	1107	168	673
MW435436.1	k141_19462	82452	77.957	744	104	599
MW435436.1	k141_19462	82452	80.273	512	61	469
MW435436.1	k141_19462	82452	88.162	321	35	407
MW435436.1	k141_19462	82452	88.162	321	35	407
MW435436.1	k141_19462	82452	87.147	319	37	386
MW435436.1	k141_19462	82452	73.102	606	88	354
MW435436.1	k141_19462	82452	75.229	327	37	233
MW435436.1	k141_19462	82452	91.463	164	13	230
MW435436.1	k141_19462	82452	83.412	211	24	220
MW435436.1	k141_19462	82452	88.235	170	20	217
MW435436.1	k141_19462	82452	70.998	431	75	201
MW435436.1	k141_19462	82452	85.333	150	18	171
MW435436.1	k141_19462	82452	88.462	130	15	168
MW435436.1	k141_19462	82452	88.462	130	15	168
MW435436.1	k141_19462	82452	86.364	132	18	158
MW435436.1	k141_19462	82452	94.949	99	5	157
MW435436.1	k141_19462	82452	87.603	121	15	151
MW435436.1	k141_19462	82452	95.506	89	2	141
MW435436.1	k141_19462	82452	97.500	80	2	136
MW435436.1	k141_19462	82452	81.119	143	14	135
MW435436.1	k141_19462	82452	76.984	126	29	97.8
MW435436.1	k141_19462	82452	87.013	77	10	95.1
MW435436.1	k141_19462	82452	88.235	68	8	87.8
MW435436.1	k141_19462	82452	94.872	39	2	62.6
MW435436.1	k141_19462	82452	94.872	39	2	62.6
MW435436.1	k141_29175	17191	82.988	4485	544	4657
MW435436.1	k141_29175	17191	81.152	4807	707	4525
MW435436.1	k141_29175	17191	82.288	2281	360	2292
MW435436.1	k141_29175	17191	82.096	1994	313	1986
MW435436.1	k141_29175	17191	67.878	2559	599	917
MW435436.1	k141_29175	17191	70.519	848	186	420
MW435436.1	k141_29175	17191	100.000	42	0	77.0
MW435436.1	k141_29175	17191	100.000	42	0	77.0
MW435436.1	k141_29175	17191	90.476	42	4	59.0
MW435436.1	k141_29487	957	92.351	353	23	515
MW435436.1	k141_33809	734	85.812	437	51	501
MW435436.1	k141_26907	1767	84.223	431	49	466
MW435436.1	k141_26907	1767	72.894	273	44	168
MW435436.1	k141_1374	1568	78.986	414	21	397
MW435436.1	k141_916	597	88.814	295	25	382
MW435436.1	k141_32986	2631	74.765	531	123	346
MW435436.1	k141_32986	2631	74.765	531	123	346
MW435436.1	k141_32986	2631	74.522	471	90	287
MW435436.1	k141_32986	2631	74.522	471	90	287
MW435436.1	k141_5981	2655	71.148	662	165	294
MW435436.1	k141_5981	2655	71.148	662	165	294
MW435436.1	k141_5981	2655	86.885	61	8	75.2
MW435436.1	k141_5981	2655	86.885	61	8	75.2
MW435436.1	k141_19816	431	88.679	212	24	275
MW435436.1	k141_19816	431	88.679	212	24	275
MW435436.1	k141_31503	1333	95.425	153	7	245
MW435436.1	k141_21028	566	78.292	281	59	225
MW435436.1	k141_21028	566	78.292	281	59	225
MW435436.1	k141_7963	3471	96.324	136	5	224
MW435436.1	k141_7963	3471	96.324	136	5	224
MW435436.1	k141_14601	3026	83.636	220	25	223
MW435436.1	k141_14601	3026	92.045	88	7	128
MW435436.1	k141_18880	874	85.263	190	21	214
MW435436.1	k141_18880	874	85.263	190	21	214
MW435436.1	k141_31737	776	88.554	166	6	213
MW435436.1	k141_31737	776	88.554	166	6	213
MW435436.1	k141_22204	11761	67.428	657	190	202
MW435436.1	k141_22204	11761	74.576	59	15	40.1
MW435436.1	k141_20708	2236	97.980	99	2	170
MW435436.1	k141_20708	2236	97.980	99	2	170
MW435436.1	k141_24103	1312	89.683	126	12	166
MW435436.1	k141_33658	926	87.023	131	12	156
MW435436.1	k141_1766	927	86.777	121	15	143
MW435436.1	k141_33354	605	85.156	128	18	142
MW435436.1	k141_12228	922	89.720	107	9	137
MW435436.1	k141_12228	922	89.720	107	9	137
MW435436.1	k141_29406	1177	97.436	78	2	132
MW435436.1	k141_22418	423	91.011	89	6	118
MW435436.1	k141_22418	423	91.011	89	6	118
MW435436.1	k141_4696	1943	95.775	71	3	115
MW435436.1	k141_1269	3048	98.438	64	1	112
MW435436.1	k141_1269	3048	98.438	64	1	112
MW435436.1	k141_12234	859	92.000	75	6	109
MW435436.1	k141_16090	1807	94.118	68	4	105
MW435436.1	k141_16090	1807	94.118	68	4	105
MW435436.1	k141_33061	8757	77.391	115	23	85.1
MW435436.1	k141_33061	8757	77.391	115	23	85.1
MW435436.1	k141_2543	1904	93.333	45	3	68.9
MW435436.1	k141_2543	1904	93.333	45	3	68.9
MW435436.1	k141_12544	309	69.863	146	44	66.2
MW435436.1	k141_25861	2387	78.750	80	16	65.3
MW435436.1	k141_25861	2387	78.750	80	16	65.3
MW435436.1	k141_11622	510	92.857	42	3	63.5
MW435436.1	k141_27401	560	90.244	41	4	57.2
MW435436.1	k141_27401	560	90.244	41	4	57.2
NC_037882.1	k141_19462	82452	89.983	20266	1206	27453
NC_037882.1	k141_19462	82452	90.685	11605	596	15997
NC_037882.1	k141_19462	82452	90.452	10484	616	14430
NC_037882.1	k141_19462	82452	92.346	4638	238	6780
NC_037882.1	k141_19462	82452	88.902	4253	299	5581
NC_037882.1	k141_19462	82452	86.960	4348	285	5274
NC_037882.1	k141_19462	82452	89.709	3362	202	4521
NC_037882.1	k141_19462	82452	83.020	4258	336	4449
NC_037882.1	k141_19462	82452	88.672	2560	127	3304
NC_037882.1	k141_19462	82452	87.972	2411	184	2993
NC_037882.1	k141_19462	82452	94.260	1690	95	2608
NC_037882.1	k141_19462	82452	81.566	2452	225	2378
NC_037882.1	k141_19462	82452	82.265	2075	182	2085
NC_037882.1	k141_19462	82452	87.338	1619	101	1995
NC_037882.1	k141_19462	82452	89.948	1343	88	1802
NC_037882.1	k141_19462	82452	85.004	1407	127	1563
NC_037882.1	k141_19462	82452	83.423	1490	135	1549
NC_037882.1	k141_19462	82452	82.570	1245	97	1281
NC_037882.1	k141_19462	82452	92.823	418	22	609
NC_037882.1	k141_19462	82452	76.829	328	30	242
NC_037882.1	k141_19462	82452	99.270	137	0	240
NC_037882.1	k141_19462	82452	99.270	137	0	240
NC_037882.1	k141_19462	82452	80.769	182	15	176
NC_037882.1	k141_19462	82452	95.283	106	5	169
NC_037882.1	k141_19462	82452	98.765	81	1	142
NC_037882.1	k141_19462	82452	78.571	126	27	106
NC_037882.1	k141_19462	82452	70.492	183	18	102
NC_037882.1	k141_19462	82452	77.778	126	28	102
NC_037882.1	k141_19462	82452	95.455	44	2	71.6
NC_037882.1	k141_19462	82452	95.238	42	2	68.0
NC_037882.1	k141_19462	82452	94.872	39	2	62.6
NC_037882.1	k141_19462	82452	92.308	39	3	58.1
NC_037882.1	k141_19462	82452	92.308	39	3	58.1
NC_037882.1	k141_22320	25446	97.447	10498	149	17719
NC_037882.1	k141_22320	25446	97.835	10299	119	17554
NC_037882.1	k141_22320	25446	96.672	8895	166	14761
NC_037882.1	k141_22320	25446	96.672	8895	166	14761
NC_037882.1	k141_22320	25446	97.095	4888	46	8181
NC_037882.1	k141_22320	25446	97.095	4888	46	8181
NC_037882.1	k141_22320	25446	88.482	929	17	1225
NC_037882.1	k141_22320	25446	88.482	929	17	1225
NC_037882.1	k141_22320	25446	100.000	42	0	77.0
NC_037882.1	k141_22320	25446	100.000	42	0	77.0
NC_037882.1	k141_22320	25446	95.238	42	2	68.0
NC_037882.1	k141_22320	25446	92.308	39	3	58.1
NC_037882.1	k141_22320	25446	86.842	38	5	47.3
NC_037882.1	k141_22320	25446	84.211	38	6	42.8
NC_037882.1	k141_29175	17191	86.221	14290	1224	16916
NC_037882.1	k141_29175	17191	77.761	3341	530	2719
NC_037882.1	k141_29175	17191	88.793	116	13	151
NC_037882.1	k141_29175	17191	97.619	42	1	72.5
NC_037882.1	k141_29175	17191	97.619	42	1	72.5
NC_037882.1	k141_29175	17191	92.857	42	3	63.5
NC_037882.1	k141_33809	734	91.647	431	31	611
NC_037882.1	k141_26907	1767	90.719	431	21	592
NC_037882.1	k141_26907	1767	86.643	277	28	337
NC_037882.1	k141_29487	957	94.051	353	17	542
NC_037882.1	k141_916	597	91.693	313	17	443
NC_037882.1	k141_1374	1568	81.159	414	12	437
NC_037882.1	k141_32986	2631	74.576	531	124	342
NC_037882.1	k141_32986	2631	74.576	531	124	342
NC_037882.1	k141_32986	2631	74.522	471	90	287
NC_037882.1	k141_32986	2631	74.522	471	90	287
NC_037882.1	k141_19816	431	83.019	318	24	340
NC_037882.1	k141_19816	431	84.942	259	14	301
NC_037882.1	k141_5981	2655	71.277	658	171	297
NC_037882.1	k141_5981	2655	71.277	658	171	297
NC_037882.1	k141_5981	2655	86.885	61	8	75.2
NC_037882.1	k141_5981	2655	86.885	61	8	75.2
NC_037882.1	k141_14601	3026	73.302	427	60	256
NC_037882.1	k141_24103	1312	85.990	207	11	246
NC_037882.1	k141_18880	874	88.950	181	11	236
NC_037882.1	k141_18880	874	88.950	181	11	236
NC_037882.1	k141_31503	1333	94.118	153	9	236
NC_037882.1	k141_7963	3471	97.794	136	3	233
NC_037882.1	k141_7963	3471	97.794	136	3	233
NC_037882.1	k141_21028	566	78.292	281	59	225
NC_037882.1	k141_21028	566	78.292	281	59	225
NC_037882.1	k141_22204	11761	70.199	453	129	205
NC_037882.1	k141_22204	11761	74.576	59	15	40.1
NC_037882.1	k141_1766	927	95.122	123	5	192
NC_037882.1	k141_33658	926	92.913	127	5	188
NC_037882.1	k141_31737	776	76.382	199	1	176
NC_037882.1	k141_31737	776	76.382	199	1	176
NC_037882.1	k141_20708	2236	97.980	99	2	170
NC_037882.1	k141_20708	2236	97.980	99	2	170
NC_037882.1	k141_33354	605	89.844	128	12	169
NC_037882.1	k141_12228	922	90.654	107	8	141
NC_037882.1	k141_12228	922	90.654	107	8	141
NC_037882.1	k141_29406	1177	97.403	77	2	131
NC_037882.1	k141_3440	785	87.619	105	10	125
NC_037882.1	k141_4696	1943	97.183	71	2	120
NC_037882.1	k141_22418	423	91.011	89	6	118
NC_037882.1	k141_22418	423	91.011	89	6	118
NC_037882.1	k141_1269	3048	98.438	64	1	112
NC_037882.1	k141_1269	3048	98.438	64	1	112
NC_037882.1	k141_14151	561	86.170	94	8	107
NC_037882.1	k141_16090	1807	94.118	68	4	105
NC_037882.1	k141_16090	1807	94.118	68	4	105
NC_037882.1	k141_33061	8757	77.391	115	23	85.1
NC_037882.1	k141_33061	8757	77.391	115	23	85.1
NC_037882.1	k141_18543	2498	92.857	56	4	84.2
NC_037882.1	k141_2543	1904	96.000	50	2	82.4
NC_037882.1	k141_2543	1904	96.000	50	2	82.4
NC_037882.1	k141_25861	2387	81.250	80	14	74.3
NC_037882.1	k141_25861	2387	81.250	80	14	74.3
NC_037882.1	k141_11622	510	95.122	41	2	66.2
NC_037882.1	k141_12544	309	69.863	146	44	66.2
NC_037882.1	k141_27401	560	90.244	41	4	57.2
NC_037882.1	k141_27401	560	90.244	41	4	57.2
NC_056190.1	k141_22320	25446	94.509	9871	308	15371
NC_056190.1	k141_22320	25446	94.509	9871	308	15371
NC_056190.1	k141_22320	25446	92.827	8183	379	12195
NC_056190.1	k141_22320	25446	92.827	8183	379	12195
NC_056190.1	k141_22320	25446	91.486	6037	201	8681
NC_056190.1	k141_22320	25446	91.486	6037	201	8681
NC_056190.1	k141_22320	25446	92.206	603	34	879
NC_056190.1	k141_22320	25446	93.284	536	23	808
NC_056190.1	k141_22320	25446	91.589	107	4	153
NC_056190.1	k141_22320	25446	91.589	107	4	153
NC_056190.1	k141_22320	25446	72.951	244	54	136
NC_056190.1	k141_22320	25446	72.951	244	54	136
NC_056190.1	k141_22320	25446	100.000	41	0	75.2
NC_056190.1	k141_22320	25446	89.744	39	4	53.6
NC_056190.1	k141_22320	25446	86.842	38	5	47.3
NC_056190.1	k141_19462	82452	85.078	12686	1512	14363
NC_056190.1	k141_19462	82452	89.728	5851	505	7808
NC_056190.1	k141_19462	82452	83.211	6534	802	6829
NC_056190.1	k141_19462	82452	81.112	6708	876	6346
NC_056190.1	k141_19462	82452	86.816	3618	365	4341
NC_056190.1	k141_19462	82452	86.126	2984	347	3486
NC_056190.1	k141_19462	82452	78.765	4031	647	3388
NC_056190.1	k141_19462	82452	76.173	4243	608	3039
NC_056190.1	k141_19462	82452	85.004	2394	273	2673
NC_056190.1	k141_19462	82452	82.778	2282	304	2321
NC_056190.1	k141_19462	82452	82.501	2103	225	2128
NC_056190.1	k141_19462	82452	85.519	1243	139	1387
NC_056190.1	k141_19462	82452	84.669	1011	104	1108
NC_056190.1	k141_19462	82452	75.189	1584	264	1103
NC_056190.1	k141_19462	82452	81.111	1080	135	1037
NC_056190.1	k141_19462	82452	78.843	1210	182	1014
NC_056190.1	k141_19462	82452	90.995	633	56	882
NC_056190.1	k141_19462	82452	78.684	1018	148	844
NC_056190.1	k141_19462	82452	77.130	1115	163	805
NC_056190.1	k141_19462	82452	74.239	1281	204	801
NC_056190.1	k141_19462	82452	76.829	1066	168	773
NC_056190.1	k141_19462	82452	77.471	870	123	666
NC_056190.1	k141_19462	82452	80.085	708	117	641
NC_056190.1	k141_19462	82452	75.241	727	114	492
NC_056190.1	k141_19462	82452	78.155	618	105	484
NC_056190.1	k141_19462	82452	73.110	688	105	380
NC_056190.1	k141_19462	82452	76.680	506	70	375
NC_056190.1	k141_19462	82452	87.415	294	35	361
NC_056190.1	k141_19462	82452	75.546	458	78	325
NC_056190.1	k141_19462	82452	92.063	189	14	270
NC_056190.1	k141_19462	82452	80.080	251	36	227
NC_056190.1	k141_19462	82452	82.775	209	27	210
NC_056190.1	k141_19462	82452	85.802	162	17	186
NC_056190.1	k141_19462	82452	76.856	229	34	169
NC_056190.1	k141_19462	82452	97.500	80	2	136
NC_056190.1	k141_19462	82452	89.899	99	10	134
NC_056190.1	k141_19462	82452	94.186	86	5	133
NC_056190.1	k141_19462	82452	72.986	211	39	118
NC_056190.1	k141_19462	82452	74.847	163	41	110
NC_056190.1	k141_19462	82452	74.545	165	42	109
NC_056190.1	k141_19462	82452	80.342	117	19	98.7
NC_056190.1	k141_19462	82452	79.710	69	7	59.9
NC_056190.1	k141_19462	82452	90.476	42	4	59.0
NC_056190.1	k141_19462	82452	92.308	39	3	58.1
NC_056190.1	k141_19462	82452	92.308	39	3	58.1
NC_056190.1	k141_29175	17191	82.006	2801	420	2747
NC_056190.1	k141_29175	17191	76.982	1299	245	972
NC_056190.1	k141_29175	17191	81.682	999	140	966
NC_056190.1	k141_29175	17191	83.104	728	94	749
NC_056190.1	k141_29175	17191	83.636	605	95	631
NC_056190.1	k141_29175	17191	64.808	2870	724	574
NC_056190.1	k141_29175	17191	83.662	355	47	380
NC_056190.1	k141_29175	17191	73.297	543	82	320
NC_056190.1	k141_29175	17191	67.840	824	227	299
NC_056190.1	k141_29175	17191	84.977	213	26	233
NC_056190.1	k141_29175	17191	83.333	120	20	127
NC_056190.1	k141_29175	17191	97.619	42	1	72.5
NC_056190.1	k141_29175	17191	97.619	42	1	72.5
NC_056190.1	k141_29175	17191	90.476	42	4	59.0
NC_056190.1	k141_26907	1767	86.124	418	39	479
NC_056190.1	k141_26907	1767	72.763	257	55	158
NC_056190.1	k141_29487	957	89.235	353	34	465
NC_056190.1	k141_33809	734	84.038	426	56	455
NC_056190.1	k141_1374	1568	90.635	299	15	412
NC_056190.1	k141_1374	1568	82.927	82	7	87.8
NC_056190.1	k141_916	597	87.458	295	29	364
NC_056190.1	k141_32986	2631	74.576	531	124	342
NC_056190.1	k141_32986	2631	74.576	531	124	342
NC_056190.1	k141_32986	2631	74.522	471	90	287
NC_056190.1	k141_32986	2631	74.522	471	90	287
NC_056190.1	k141_5981	2655	71.450	669	173	308
NC_056190.1	k141_5981	2655	71.450	669	173	308
NC_056190.1	k141_5981	2655	86.885	61	8	75.2
NC_056190.1	k141_5981	2655	86.885	61	8	75.2
NC_056190.1	k141_14601	3026	76.240	383	49	283
NC_056190.1	k141_31503	1333	94.118	153	9	236
NC_056190.1	k141_22204	11761	71.619	451	126	230
NC_056190.1	k141_22204	11761	77.049	61	14	48.2
NC_056190.1	k141_7963	3471	96.324	136	5	224
NC_056190.1	k141_7963	3471	96.324	136	5	224
NC_056190.1	k141_21028	566	77.936	281	60	221
NC_056190.1	k141_21028	566	77.936	281	60	221
NC_056190.1	k141_31737	776	88.957	163	8	214
NC_056190.1	k141_31737	776	88.957	163	8	214
NC_056190.1	k141_18880	874	86.957	161	15	197
NC_056190.1	k141_18880	874	86.957	161	15	197
NC_056190.1	k141_33658	926	89.764	127	9	170
NC_056190.1	k141_20708	2236	97.980	99	2	170
NC_056190.1	k141_20708	2236	97.980	99	2	170
NC_056190.1	k141_24103	1312	83.133	166	19	159
NC_056190.1	k141_1766	927	88.793	116	12	148
NC_056190.1	k141_12228	922	89.720	107	9	137
NC_056190.1	k141_12228	922	89.720	107	9	137
NC_056190.1	k141_19816	431	72.653	245	53	135
NC_056190.1	k141_19816	431	72.653	245	53	135
NC_056190.1	k141_29406	1177	98.649	74	1	130
NC_056190.1	k141_33354	605	80.469	128	24	115
NC_056190.1	k141_1269	3048	98.438	64	1	112
NC_056190.1	k141_1269	3048	98.438	64	1	112
NC_056190.1	k141_4696	1943	94.366	71	4	111
NC_056190.1	k141_22418	423	88.764	89	8	109
NC_056190.1	k141_22418	423	88.764	89	8	109
NC_056190.1	k141_16090	1807	94.118	68	4	105
NC_056190.1	k141_16090	1807	94.118	68	4	105
NC_056190.1	k141_12234	859	81.188	101	8	98.7
NC_056190.1	k141_33061	8757	77.391	115	23	85.1
NC_056190.1	k141_33061	8757	77.391	115	23	85.1
NC_056190.1	k141_2543	1904	94.000	50	3	77.9
NC_056190.1	k141_2543	1904	94.000	50	3	77.9
NC_056190.1	k141_11622	510	92.683	41	3	61.7
NC_056190.1	k141_12544	309	69.178	146	45	61.7
NC_056190.1	k141_27401	560	90.244	41	4	57.2
NC_056190.1	k141_27401	560	90.244	41	4	57.2
MN564931.1	k141_19462	82452	85.245	12796	1507	14521
MN564931.1	k141_19462	82452	80.114	12501	1652	11246
MN564931.1	k141_19462	82452	92.019	5388	414	7753
MN564931.1	k141_19462	82452	85.598	4291	477	4954
MN564931.1	k141_19462	82452	91.621	2709	196	3859
MN564931.1	k141_19462	82452	80.308	4027	607	3630
MN564931.1	k141_19462	82452	84.359	3005	351	3296
MN564931.1	k141_19462	82452	78.615	2815	366	2310
MN564931.1	k141_19462	82452	84.004	2038	256	2206
MN564931.1	k141_19462	82452	86.346	1787	205	2104
MN564931.1	k141_19462	82452	75.043	2897	438	1934
MN564931.1	k141_19462	82452	80.038	1583	245	1445
MN564931.1	k141_19462	82452	87.456	1132	110	1377
MN564931.1	k141_19462	82452	77.599	1308	187	994
MN564931.1	k141_19462	82452	77.412	1244	190	920
MN564931.1	k141_19462	82452	87.183	749	72	904
MN564931.1	k141_19462	82452	75.254	1083	128	755
MN564931.1	k141_19462	82452	82.759	725	106	726
MN564931.1	k141_19462	82452	77.491	853	129	663
MN564931.1	k141_19462	82452	74.895	956	153	613
MN564931.1	k141_19462	82452	72.246	1153	203	567
MN564931.1	k141_19462	82452	74.183	887	131	539
MN564931.1	k141_19462	82452	74.745	784	133	499
MN564931.1	k141_19462	82452	70.098	1020	147	481
MN564931.1	k141_19462	82452	73.519	827	126	471
MN564931.1	k141_19462	82452	74.254	637	85	409
MN564931.1	k141_19462	82452	87.888	322	37	403
MN564931.1	k141_19462	82452	78.307	378	42	317
MN564931.1	k141_19462	82452	76.562	448	77	315
MN564931.1	k141_19462	82452	91.489	188	16	268
MN564931.1	k141_19462	82452	89.444	180	19	240
MN564931.1	k141_19462	82452	78.014	282	41	222
MN564931.1	k141_19462	82452	68.326	663	133	220
MN564931.1	k141_19462	82452	93.846	130	8	199
MN564931.1	k141_19462	82452	94.400	125	7	195
MN564931.1	k141_19462	82452	94.400	125	7	195
MN564931.1	k141_19462	82452	72.404	366	62	191
MN564931.1	k141_19462	82452	78.319	226	25	173
MN564931.1	k141_19462	82452	82.036	167	24	159
MN564931.1	k141_19462	82452	94.681	94	5	148
MN564931.1	k141_19462	82452	88.136	118	13	147
MN564931.1	k141_19462	82452	100.000	81	0	147
MN564931.1	k141_19462	82452	65.247	587	184	122
MN564931.1	k141_19462	82452	74.359	156	40	102
MN564931.1	k141_19462	82452	72.868	129	35	76.1
MN564931.1	k141_19462	82452	92.857	42	3	63.5
MN564931.1	k141_19462	82452	94.872	39	2	62.6
MN564931.1	k141_19462	82452	94.872	39	2	62.6
MN564931.1	k141_19462	82452	78.667	75	15	60.8
MN564931.1	k141_19462	82452	82.979	47	8	50.0
MN564931.1	k141_19462	82452	75.000	72	18	50.0
MN564931.1	k141_22320	25446	94.152	9097	297	13994
MN564931.1	k141_22320	25446	94.152	9097	297	13994
MN564931.1	k141_22320	25446	91.995	6109	223	8850
MN564931.1	k141_22320	25446	91.995	6109	223	8850
MN564931.1	k141_22320	25446	87.361	3869	318	4801
MN564931.1	k141_22320	25446	87.361	3869	318	4801
MN564931.1	k141_22320	25446	93.107	1030	30	1539
MN564931.1	k141_22320	25446	93.107	1030	30	1539
MN564931.1	k141_22320	25446	85.585	1214	100	1437
MN564931.1	k141_22320	25446	85.585	1214	100	1437
MN564931.1	k141_22320	25446	80.515	1165	90	1148
MN564931.1	k141_22320	25446	80.515	1165	90	1148
MN564931.1	k141_22320	25446	92.893	605	31	904
MN564931.1	k141_22320	25446	92.893	605	31	904
MN564931.1	k141_22320	25446	86.883	709	43	874
MN564931.1	k141_22320	25446	86.883	709	43	874
MN564931.1	k141_22320	25446	87.759	482	50	608
MN564931.1	k141_22320	25446	87.759	482	50	608
MN564931.1	k141_22320	25446	85.672	335	36	390
MN564931.1	k141_22320	25446	85.672	335	36	390
MN564931.1	k141_22320	25446	86.977	215	28	262
MN564931.1	k141_22320	25446	86.977	215	28	262
MN564931.1	k141_22320	25446	98.214	56	1	97.8
MN564931.1	k141_22320	25446	98.214	56	1	97.8
MN564931.1	k141_22320	25446	97.619	42	1	72.5
MN564931.1	k141_22320	25446	90.476	42	4	59.0
MN564931.1	k141_22320	25446	84.211	38	6	42.8
MN564931.1	k141_29175	17191	82.313	3347	464	3316
MN564931.1	k141_29175	17191	82.904	2720	377	2803
MN564931.1	k141_29175	17191	81.211	2230	361	2118
MN564931.1	k141_29175	17191	84.172	1371	159	1511
MN564931.1	k141_29175	17191	76.799	1237	233	941
MN564931.1	k141_29175	17191	75.322	543	104	376
MN564931.1	k141_29175	17191	75.322	543	104	376
MN564931.1	k141_29175	17191	73.696	460	97	284
MN564931.1	k141_29175	17191	73.696	460	97	284
MN564931.1	k141_29175	17191	85.470	234	33	266
MN564931.1	k141_29175	17191	100.000	42	0	77.0
MN564931.1	k141_29175	17191	100.000	42	0	77.0
MN564931.1	k141_29175	17191	87.037	54	7	67.1
MN564931.1	k141_29175	17191	92.857	42	3	63.5
MN564931.1	k141_29487	957	90.085	353	31	479
MN564931.1	k141_33809	734	83.632	446	56	469
MN564931.1	k141_26907	1767	83.532	419	50	440
MN564931.1	k141_26907	1767	71.168	274	52	150
MN564931.1	k141_1374	1568	79.227	414	20	401
MN564931.1	k141_916	597	88.814	295	25	382
MN564931.1	k141_32986	2631	74.011	531	127	328
MN564931.1	k141_32986	2631	74.011	531	127	328
MN564931.1	k141_32986	2631	75.161	467	94	286
MN564931.1	k141_32986	2631	75.161	467	94	286
MN564931.1	k141_5981	2655	71.429	658	170	302
MN564931.1	k141_5981	2655	71.429	658	170	302
MN564931.1	k141_5981	2655	86.885	61	8	75.2
MN564931.1	k141_5981	2655	86.885	61	8	75.2
MN564931.1	k141_19816	431	86.512	215	29	258
MN564931.1	k141_19816	431	86.512	215	29	258
MN564931.1	k141_18880	874	91.954	174	14	251
MN564931.1	k141_18880	874	91.954	174	14	251
MN564931.1	k141_22204	11761	66.627	851	235	236
MN564931.1	k141_21028	566	77.580	281	61	216
MN564931.1	k141_21028	566	77.580	281	61	216
MN564931.1	k141_7963	3471	94.853	136	7	214
MN564931.1	k141_7963	3471	94.853	136	7	214
MN564931.1	k141_31503	1333	91.391	151	13	214
MN564931.1	k141_33658	926	90.551	127	8	175
MN564931.1	k141_14601	3026	73.764	263	47	161
MN564931.1	k141_14601	3026	98.837	86	1	151
MN564931.1	k141_20708	2236	95.050	101	3	158
MN564931.1	k141_20708	2236	95.050	101	3	158
MN564931.1	k141_33354	605	87.500	128	15	156
MN564931.1	k141_31737	776	94.845	97	5	153
MN564931.1	k141_31737	776	94.845	97	5	153
MN564931.1	k141_31737	776	96.000	25	1	41.9
MN564931.1	k141_31737	776	96.000	25	1	41.9
MN564931.1	k141_12228	922	90.654	107	8	141
MN564931.1	k141_12228	922	90.654	107	8	141
MN564931.1	k141_24103	1312	90.291	103	9	138
MN564931.1	k141_1766	927	85.246	122	17	136
MN564931.1	k141_29406	1177	97.436	78	2	132
MN564931.1	k141_4696	1943	98.507	67	1	117
MN564931.1	k141_16090	1807	94.118	68	4	105
MN564931.1	k141_16090	1807	94.118	68	4	105
MN564931.1	k141_1269	3048	95.312	64	3	103
MN564931.1	k141_1269	3048	95.312	64	3	103
MN564931.1	k141_33061	8757	77.391	115	23	85.1
MN564931.1	k141_33061	8757	77.391	115	23	85.1
MN564931.1	k141_2543	1904	96.000	50	2	82.4
MN564931.1	k141_2543	1904	96.000	50	2	82.4
MN564931.1	k141_30918	914	71.831	142	40	77.0
MN564931.1	k141_30918	914	71.831	142	40	77.0
MN564931.1	k141_12544	309	68.750	176	55	70.7
MN564931.1	k141_25861	2387	95.000	40	2	64.4
MN564931.1	k141_25861	2387	95.000	40	2	64.4
MN564931.1	k141_27401	560	90.244	41	4	57.2
MN564931.1	k141_27401	560	90.244	41	4	57.2
MN564931.1	k141_14151	561	75.581	86	13	55.4
MN564931.1	k141_11622	510	89.474	38	4	51.8
NC_031651.1	k141_19462	82452	85.166	12674	1576	14348
NC_031651.1	k141_19462	82452	89.152	5946	542	7760
NC_031651.1	k141_19462	82452	82.002	7501	1002	7390
NC_031651.1	k141_19462	82452	81.561	6161	813	5889
NC_031651.1	k141_19462	82452	77.744	7288	1027	5673
NC_031651.1	k141_19462	82452	86.405	3597	350	4282
NC_031651.1	k141_19462	82452	79.603	4035	619	3516
NC_031651.1	k141_19462	82452	84.983	2990	365	3323
NC_031651.1	k141_19462	82452	77.349	3779	629	2805
NC_031651.1	k141_19462	82452	81.713	2242	277	2158
NC_031651.1	k141_19462	82452	82.790	2057	273	2079
NC_031651.1	k141_19462	82452	82.976	2003	297	2066
NC_031651.1	k141_19462	82452	88.269	1040	87	1331
NC_031651.1	k141_19462	82452	80.017	1181	176	1049
NC_031651.1	k141_19462	82452	79.592	1127	136	1009
NC_031651.1	k141_19462	82452	76.731	1242	195	905
NC_031651.1	k141_19462	82452	77.927	1119	137	878
NC_031651.1	k141_19462	82452	72.966	1143	154	673
NC_031651.1	k141_19462	82452	77.490	733	113	540
NC_031651.1	k141_19462	82452	71.272	1093	178	508
NC_031651.1	k141_19462	82452	79.843	511	97	459
NC_031651.1	k141_19462	82452	73.043	690	123	378
NC_031651.1	k141_19462	82452	77.754	472	74	366
NC_031651.1	k141_19462	82452	76.531	490	84	362
NC_031651.1	k141_19462	82452	76.660	497	86	352
NC_031651.1	k141_19462	82452	71.654	635	107	319
NC_031651.1	k141_19462	82452	77.778	315	53	242
NC_031651.1	k141_19462	82452	92.000	150	12	217
NC_031651.1	k141_19462	82452	78.440	218	36	174
NC_031651.1	k141_19462	82452	87.218	133	16	160
NC_031651.1	k141_19462	82452	98.810	84	1	148
NC_031651.1	k141_19462	82452	93.000	100	5	147
NC_031651.1	k141_19462	82452	73.092	249	49	137
NC_031651.1	k141_19462	82452	98.684	76	1	133
NC_031651.1	k141_19462	82452	80.159	126	25	115
NC_031651.1	k141_19462	82452	74.545	165	42	109
NC_031651.1	k141_19462	82452	98.182	55	1	96.0
NC_031651.1	k141_19462	82452	94.872	39	2	62.6
NC_031651.1	k141_19462	82452	94.872	39	2	62.6
NC_031651.1	k141_22320	25446	94.431	9014	281	14035
NC_031651.1	k141_22320	25446	94.431	9014	281	14035
NC_031651.1	k141_22320	25446	92.239	7976	471	11633
NC_031651.1	k141_22320	25446	92.239	7976	471	11633
NC_031651.1	k141_22320	25446	90.740	6069	224	8514
NC_031651.1	k141_22320	25446	90.740	6069	224	8514
NC_031651.1	k141_22320	25446	80.070	1425	192	1306
NC_031651.1	k141_22320	25446	88.697	637	40	822
NC_031651.1	k141_22320	25446	96.811	439	14	729
NC_031651.1	k141_22320	25446	77.670	206	11	187
NC_031651.1	k141_22320	25446	77.670	206	11	187
NC_031651.1	k141_22320	25446	91.379	58	5	83.3
NC_031651.1	k141_22320	25446	90.566	53	5	74.3
NC_031651.1	k141_22320	25446	90.566	53	5	74.3
NC_031651.1	k141_22320	25446	95.238	42	2	68.0
NC_031651.1	k141_22320	25446	83.019	53	6	45.5
NC_031651.1	k141_22320	25446	83.019	53	6	45.5
NC_031651.1	k141_29175	17191	79.651	4816	773	4206
NC_031651.1	k141_29175	17191	81.772	2732	382	2692
NC_031651.1	k141_29175	17191	79.633	2234	404	1957
NC_031651.1	k141_29175	17191	82.311	1549	212	1543
NC_031651.1	k141_29175	17191	65.667	2601	643	647
NC_031651.1	k141_29175	17191	66.748	824	228	234
NC_031651.1	k141_29175	17191	80.083	241	43	214
NC_031651.1	k141_29175	17191	72.906	203	55	119
NC_031651.1	k141_29175	17191	100.000	42	0	77.0
NC_031651.1	k141_29175	17191	100.000	42	0	77.0
NC_031651.1	k141_29175	17191	100.000	39	0	71.6
NC_031651.1	k141_29487	957	90.652	353	29	488
NC_031651.1	k141_33809	734	84.028	432	63	465
NC_031651.1	k141_26907	1767	83.916	429	44	459
NC_031651.1	k141_26907	1767	76.515	264	53	201
NC_031651.1	k141_1374	1568	88.294	299	22	380
NC_031651.1	k141_1374	1568	86.420	81	4	99.6
NC_031651.1	k141_916	597	87.119	295	30	360
NC_031651.1	k141_32986	2631	74.388	531	125	337
NC_031651.1	k141_32986	2631	74.388	531	125	337
NC_031651.1	k141_32986	2631	74.304	467	98	286
NC_031651.1	k141_32986	2631	74.304	467	98	286
NC_031651.1	k141_14601	3026	77.404	416	49	332
NC_031651.1	k141_5981	2655	71.710	661	163	308
NC_031651.1	k141_5981	2655	71.710	661	163	308
NC_031651.1	k141_5981	2655	86.885	61	8	75.2
NC_031651.1	k141_5981	2655	86.885	61	8	75.2
NC_031651.1	k141_19816	431	85.214	257	32	294
NC_031651.1	k141_18880	874	92.593	162	11	235
NC_031651.1	k141_18880	874	92.593	162	11	235
NC_031651.1	k141_31737	776	91.772	158	3	227
NC_031651.1	k141_31737	776	91.772	158	3	227
NC_031651.1	k141_21028	566	78.292	281	59	225
NC_031651.1	k141_21028	566	78.292	281	59	225
NC_031651.1	k141_31503	1333	91.503	153	13	218
NC_031651.1	k141_7963	3471	94.737	133	7	209
NC_031651.1	k141_7963	3471	94.737	133	7	209
NC_031651.1	k141_22204	11761	67.638	652	197	206
NC_031651.1	k141_22204	11761	69.343	137	36	50.9
NC_031651.1	k141_24103	1312	84.177	158	19	169
NC_031651.1	k141_20708	2236	94.949	99	5	157
NC_031651.1	k141_20708	2236	94.949	99	5	157
NC_031651.1	k141_33658	926	87.023	131	12	156
NC_031651.1	k141_1766	927	86.885	122	15	145
NC_031651.1	k141_33354	605	84.375	128	19	138
NC_031651.1	k141_12228	922	88.785	107	10	132
NC_031651.1	k141_12228	922	88.785	107	10	132
NC_031651.1	k141_29406	1177	97.436	78	2	132
NC_031651.1	k141_4696	1943	94.366	71	4	111
NC_031651.1	k141_1269	3048	96.875	64	2	107
NC_031651.1	k141_1269	3048	96.875	64	2	107
NC_031651.1	k141_16090	1807	94.118	68	4	105
NC_031651.1	k141_16090	1807	94.118	68	4	105
NC_031651.1	k141_33061	8757	77.391	115	23	85.1
NC_031651.1	k141_33061	8757	77.391	115	23	85.1
NC_031651.1	k141_2543	1904	94.000	50	3	77.9
NC_031651.1	k141_2543	1904	94.000	50	3	77.9
NC_031651.1	k141_30918	914	71.528	144	41	76.1
NC_031651.1	k141_30918	914	71.528	144	41	76.1
NC_031651.1	k141_25861	2387	94.872	39	2	62.6
NC_031651.1	k141_25861	2387	94.872	39	2	62.6
NC_031651.1	k141_12544	309	69.178	146	45	61.7
NC_031651.1	k141_11622	510	88.889	45	5	59.9
NC_031651.1	k141_27401	560	90.244	41	4	57.2
NC_031651.1	k141_27401	560	90.244	41	4	57.2
MW366789.1	k141_19462	82452	80.065	8372	1421	7500
MW366789.1	k141_19462	82452	88.767	5199	525	6734
MW366789.1	k141_19462	82452	88.767	5199	525	6734
MW366789.1	k141_19462	82452	79.157	5767	861	4838
MW366789.1	k141_19462	82452	90.015	2624	249	3536
MW366789.1	k141_19462	82452	85.803	1923	267	2239
MW366789.1	k141_19462	82452	80.758	2323	377	2157
MW366789.1	k141_19462	82452	84.179	1833	226	1989
MW366789.1	k141_19462	82452	86.849	1460	161	1751
MW366789.1	k141_19462	82452	81.443	1719	275	1653
MW366789.1	k141_19462	82452	78.761	1921	363	1599
MW366789.1	k141_19462	82452	74.102	2116	429	1318
MW366789.1	k141_19462	82452	76.328	1732	290	1226
MW366789.1	k141_19462	82452	75.703	1601	313	1135
MW366789.1	k141_19462	82452	83.622	1038	131	1101
MW366789.1	k141_19462	82452	87.268	809	99	994
MW366789.1	k141_19462	82452	70.864	1620	412	749
MW366789.1	k141_19462	82452	81.696	672	107	645
MW366789.1	k141_19462	82452	74.319	1028	173	629
MW366789.1	k141_19462	82452	70.849	1084	255	527
MW366789.1	k141_19462	82452	72.166	1085	204	517
MW366789.1	k141_19462	82452	71.545	984	164	514
MW366789.1	k141_19462	82452	72.432	769	146	446
MW366789.1	k141_19462	82452	90.127	314	30	424
MW366789.1	k141_19462	82452	73.700	673	114	406
MW366789.1	k141_19462	82452	76.067	539	121	376
MW366789.1	k141_19462	82452	74.732	467	118	311
MW366789.1	k141_19462	82452	88.259	247	25	306
MW366789.1	k141_19462	82452	76.471	408	55	305
MW366789.1	k141_19462	82452	76.471	408	55	305
MW366789.1	k141_19462	82452	77.751	409	79	303
MW366789.1	k141_19462	82452	69.522	712	144	287
MW366789.1	k141_19462	82452	84.646	254	31	272
MW366789.1	k141_19462	82452	81.818	242	42	236
MW366789.1	k141_19462	82452	75.000	356	87	234
MW366789.1	k141_19462	82452	74.857	350	85	233
MW366789.1	k141_19462	82452	69.435	602	123	231
MW366789.1	k141_19462	82452	81.513	238	29	227
MW366789.1	k141_19462	82452	73.469	392	76	219
MW366789.1	k141_19462	82452	85.475	179	20	207
MW366789.1	k141_19462	82452	87.898	157	19	198
MW366789.1	k141_19462	82452	64.916	1314	309	195
MW366789.1	k141_19462	82452	86.709	158	21	191
MW366789.1	k141_19462	82452	88.435	147	17	189
MW366789.1	k141_19462	82452	67.657	606	179	189
MW366789.1	k141_19462	82452	67.657	606	179	189
MW366789.1	k141_19462	82452	73.262	374	65	188
MW366789.1	k141_19462	82452	72.836	335	53	188
MW366789.1	k141_19462	82452	90.370	135	12	182
MW366789.1	k141_19462	82452	76.154	260	48	180
MW366789.1	k141_19462	82452	90.152	132	10	178
MW366789.1	k141_19462	82452	75.385	260	50	171
MW366789.1	k141_19462	82452	74.048	289	62	168
MW366789.1	k141_19462	82452	94.175	103	2	150
MW366789.1	k141_19462	82452	94.175	103	2	150
MW366789.1	k141_19462	82452	92.857	98	4	144
MW366789.1	k141_19462	82452	91.000	100	9	141
MW366789.1	k141_19462	82452	92.632	95	6	137
MW366789.1	k141_19462	82452	83.333	132	21	136
MW366789.1	k141_19462	82452	96.296	81	3	133
MW366789.1	k141_19462	82452	89.691	97	10	131
MW366789.1	k141_19462	82452	85.088	114	17	130
MW366789.1	k141_19462	82452	73.182	220	41	125
MW366789.1	k141_19462	82452	94.805	77	4	122
MW366789.1	k141_19462	82452	75.904	166	40	120
MW366789.1	k141_19462	82452	75.904	166	40	120
MW366789.1	k141_19462	82452	95.833	72	3	117
MW366789.1	k141_19462	82452	76.282	156	37	115
MW366789.1	k141_19462	82452	76.282	156	37	115
MW366789.1	k141_19462	82452	87.879	99	8	115
MW366789.1	k141_19462	82452	91.667	84	5	113
MW366789.1	k141_19462	82452	85.714	98	13	111
MW366789.1	k141_19462	82452	78.912	147	19	105
MW366789.1	k141_19462	82452	76.812	138	30	103
MW366789.1	k141_19462	82452	77.778	126	28	102
MW366789.1	k141_19462	82452	77.778	126	28	102
MW366789.1	k141_19462	82452	75.591	127	31	90.6
MW366789.1	k141_19462	82452	75.591	127	31	90.6
MW366789.1	k141_19462	82452	86.301	73	10	87.8
MW366789.1	k141_19462	82452	77.344	128	22	85.1
MW366789.1	k141_19462	82452	81.250	80	15	77.9
MW366789.1	k141_19462	82452	81.250	80	15	77.9
MW366789.1	k141_19462	82452	85.714	56	8	66.2
MW366789.1	k141_19462	82452	68.063	191	59	63.5
MW366789.1	k141_19462	82452	68.063	191	59	63.5
MW366789.1	k141_19462	82452	77.612	67	15	54.5
MW366789.1	k141_19462	82452	77.612	67	15	54.5
MW366789.1	k141_22320	25446	90.591	5293	313	7242
MW366789.1	k141_22320	25446	90.591	5293	313	7242
MW366789.1	k141_22320	25446	88.619	4657	358	6034
MW366789.1	k141_22320	25446	88.619	4657	358	6034
MW366789.1	k141_22320	25446	91.597	1797	105	2553
MW366789.1	k141_22320	25446	91.597	1797	105	2553
MW366789.1	k141_22320	25446	87.697	634	52	793
MW366789.1	k141_22320	25446	87.697	634	52	793
MW366789.1	k141_22320	25446	84.044	633	56	687
MW366789.1	k141_22320	25446	84.044	633	56	687
MW366789.1	k141_22320	25446	89.231	455	41	594
MW366789.1	k141_22320	25446	89.207	454	43	590
MW366789.1	k141_22320	25446	82.463	479	43	482
MW366789.1	k141_22320	25446	82.463	479	43	482
MW366789.1	k141_22320	25446	82.463	479	43	482
MW366789.1	k141_22320	25446	81.311	305	34	297
MW366789.1	k141_22320	25446	81.311	305	34	297
MW366789.1	k141_22320	25446	90.116	172	17	234
MW366789.1	k141_22320	25446	90.116	172	17	234
MW366789.1	k141_22320	25446	84.951	206	21	228
MW366789.1	k141_22320	25446	96.350	137	5	225
MW366789.1	k141_22320	25446	96.350	137	5	225
MW366789.1	k141_22320	25446	86.932	176	22	211
MW366789.1	k141_22320	25446	86.932	176	22	211
MW366789.1	k141_22320	25446	88.435	147	17	189
MW366789.1	k141_22320	25446	88.435	147	17	189
MW366789.1	k141_22320	25446	82.836	134	14	142
MW366789.1	k141_22320	25446	82.836	134	14	142
MW366789.1	k141_22320	25446	83.333	132	11	142
MW366789.1	k141_22320	25446	83.333	132	11	141
MW366789.1	k141_22320	25446	90.217	92	9	126
MW366789.1	k141_22320	25446	90.217	92	9	126
MW366789.1	k141_22320	25446	86.076	79	6	94.2
MW366789.1	k141_22320	25446	86.076	79	6	94.2
MW366789.1	k141_22320	25446	91.837	49	4	71.6
MW366789.1	k141_22320	25446	91.837	49	4	71.6
MW366789.1	k141_22320	25446	91.837	49	4	71.6
MW366789.1	k141_22320	25446	97.368	38	1	65.3
MW366789.1	k141_22320	25446	89.744	39	4	53.6
MW366789.1	k141_29175	17191	80.516	4337	684	3964
MW366789.1	k141_29175	17191	80.516	4337	684	3964
MW366789.1	k141_29175	17191	78.924	2026	394	1696
MW366789.1	k141_29175	17191	76.005	2238	475	1590
MW366789.1	k141_29175	17191	74.086	1204	239	759
MW366789.1	k141_29175	17191	81.609	609	105	582
MW366789.1	k141_29175	17191	81.609	609	105	582
MW366789.1	k141_29175	17191	78.438	320	69	267
MW366789.1	k141_29175	17191	97.619	42	1	72.5
MW366789.1	k141_29175	17191	97.619	42	1	72.5
MW366789.1	k141_29175	17191	92.683	41	3	61.7
MW366789.1	k141_29487	957	87.252	353	41	434
MW366789.1	k141_1374	1568	89.632	299	18	398
MW366789.1	k141_1374	1568	89.632	299	18	398
MW366789.1	k141_1374	1568	84.615	78	5	89.7
MW366789.1	k141_1374	1568	84.615	78	5	89.7
MW366789.1	k141_26907	1767	81.030	427	62	396
MW366789.1	k141_916	597	87.797	295	28	369
MW366789.1	k141_33809	734	78.231	441	82	349
MW366789.1	k141_32986	2631	74.011	531	127	328
MW366789.1	k141_32986	2631	74.011	531	127	328
MW366789.1	k141_32986	2631	75.589	467	94	297
MW366789.1	k141_32986	2631	75.589	467	94	297
MW366789.1	k141_5981	2655	71.880	665	158	315
MW366789.1	k141_5981	2655	71.880	665	158	315
MW366789.1	k141_5981	2655	90.164	61	6	84.2
MW366789.1	k141_5981	2655	90.164	61	6	84.2
MW366789.1	k141_5981	2655	88.525	61	7	79.7
MW366789.1	k141_5981	2655	88.525	61	7	79.7
MW366789.1	k141_14601	3026	74.788	353	53	224
MW366789.1	k141_18880	874	90.741	162	14	222
MW366789.1	k141_18880	874	90.741	162	14	222
MW366789.1	k141_18880	874	90.741	162	14	222
MW366789.1	k141_31503	1333	90.196	153	15	209
MW366789.1	k141_31503	1333	90.196	153	15	209
MW366789.1	k141_22204	11761	64.929	844	229	190
MW366789.1	k141_33658	926	88.189	127	11	161
MW366789.1	k141_20708	2236	94.949	99	5	157
MW366789.1	k141_20708	2236	94.949	99	5	157
MW366789.1	k141_24103	1312	88.393	112	8	140
MW366789.1	k141_31737	776	77.193	171	15	137
MW366789.1	k141_31737	776	77.193	171	15	137
MW366789.1	k141_7963	3471	89.130	92	10	122
MW366789.1	k141_7963	3471	89.130	92	10	122
MW366789.1	k141_1766	927	83.784	111	18	120
MW366789.1	k141_33354	605	81.967	122	21	118
MW366789.1	k141_29406	1177	93.506	77	5	117
MW366789.1	k141_4696	1943	95.775	71	3	115
MW366789.1	k141_1269	3048	96.875	64	2	107
MW366789.1	k141_1269	3048	96.875	64	2	107
MW366789.1	k141_16090	1807	94.118	68	4	105
MW366789.1	k141_16090	1807	94.118	68	4	105
MW366789.1	k141_33061	8757	76.522	115	24	80.6
MW366789.1	k141_33061	8757	76.522	115	24	80.6
MW366789.1	k141_33061	8757	82.812	64	11	67.1
MW366789.1	k141_33061	8757	82.812	64	11	67.1
MW366789.1	k141_2543	1904	93.182	44	3	67.1
MW366789.1	k141_2543	1904	93.182	44	3	67.1
MW366789.1	k141_12544	309	69.863	146	44	66.2
MW366789.1	k141_6904	2628	85.455	55	8	64.4
MW366789.1	k141_27401	560	92.683	41	3	61.7
MW366789.1	k141_27401	560	92.683	41	3	61.7
MW366789.1	k141_33088	347	77.358	53	12	42.8
KT899950.1	k141_22320	25446	93.020	10545	420	15700
KT899950.1	k141_22320	25446	93.740	10176	354	15487
KT899950.1	k141_22320	25446	91.330	8604	487	12247
KT899950.1	k141_22320	25446	91.330	8604	487	12247
KT899950.1	k141_22320	25446	91.387	6084	226	8721
KT899950.1	k141_22320	25446	91.387	6084	226	8721
KT899950.1	k141_22320	25446	87.640	623	52	777
KT899950.1	k141_22320	25446	93.172	454	25	672
KT899950.1	k141_22320	25446	96.296	54	2	89.7
KT899950.1	k141_22320	25446	96.296	54	2	89.7
KT899950.1	k141_22320	25446	92.308	39	3	58.1
KT899950.1	k141_22320	25446	84.211	38	6	42.8
KT899950.1	k141_19462	82452	85.247	12696	1542	14408
KT899950.1	k141_19462	82452	86.095	8256	856	9630
KT899950.1	k141_19462	82452	79.014	10307	1350	8722
KT899950.1	k141_19462	82452	86.333	4251	454	5018
KT899950.1	k141_19462	82452	86.769	3507	332	4181
KT899950.1	k141_19462	82452	82.248	3870	556	3843
KT899950.1	k141_19462	82452	86.078	2320	283	2715
KT899950.1	k141_19462	82452	82.452	2137	320	2141
KT899950.1	k141_19462	82452	86.557	1763	220	2095
KT899950.1	k141_19462	82452	89.671	1278	107	1710
KT899950.1	k141_19462	82452	74.011	2478	430	1574
KT899950.1	k141_19462	82452	83.848	1263	183	1360
KT899950.1	k141_19462	82452	88.184	1041	85	1322
KT899950.1	k141_19462	82452	75.206	1944	419	1296
KT899950.1	k141_19462	82452	74.840	1566	226	1065
KT899950.1	k141_19462	82452	75.827	1270	188	852
KT899950.1	k141_19462	82452	86.384	683	83	809
KT899950.1	k141_19462	82452	77.005	1035	138	776
KT899950.1	k141_19462	82452	75.678	1032	168	701
KT899950.1	k141_19462	82452	80.363	662	84	596
KT899950.1	k141_19462	82452	72.578	1032	179	522
KT899950.1	k141_19462	82452	78.871	620	85	516
KT899950.1	k141_19462	82452	77.982	654	89	513
KT899950.1	k141_19462	82452	82.379	454	41	449
KT899950.1	k141_19462	82452	73.077	728	118	433
KT899950.1	k141_19462	82452	76.970	495	77	386
KT899950.1	k141_19462	82452	88.235	306	26	381
KT899950.1	k141_19462	82452	79.080	435	61	352
KT899950.1	k141_19462	82452	79.941	339	51	303
KT899950.1	k141_19462	82452	75.615	447	62	290
KT899950.1	k141_19462	82452	77.299	348	56	266
KT899950.1	k141_19462	82452	89.950	199	18	262
KT899950.1	k141_19462	82452	73.101	316	53	189
KT899950.1	k141_19462	82452	88.235	136	16	174
KT899950.1	k141_19462	82452	88.618	123	9	150
KT899950.1	k141_19462	82452	85.600	125	18	145
KT899950.1	k141_19462	82452	100.000	78	0	141
KT899950.1	k141_19462	82452	73.622	254	48	138
KT899950.1	k141_19462	82452	93.333	90	6	136
KT899950.1	k141_19462	82452	90.196	102	5	135
KT899950.1	k141_19462	82452	78.205	156	34	129
KT899950.1	k141_19462	82452	97.333	75	2	127
KT899950.1	k141_19462	82452	77.686	121	27	97.8
KT899950.1	k141_19462	82452	76.415	106	22	77.9
KT899950.1	k141_19462	82452	94.872	39	2	62.6
KT899950.1	k141_19462	82452	94.872	39	2	62.6
KT899950.1	k141_19462	82452	69.643	168	36	60.8
KT899950.1	k141_19462	82452	82.353	51	9	52.7
KT899950.1	k141_19462	82452	71.250	80	21	39.2
KT899950.1	k141_29175	17191	82.666	2723	408	2760
KT899950.1	k141_29175	17191	84.906	2067	277	2313
KT899950.1	k141_29175	17191	80.593	2293	397	2105
KT899950.1	k141_29175	17191	81.954	1402	203	1388
KT899950.1	k141_29175	17191	77.638	1270	209	1002
KT899950.1	k141_29175	17191	78.712	1165	186	976
KT899950.1	k141_29175	17191	65.859	3424	874	829
KT899950.1	k141_29175	17191	69.963	819	209	357
KT899950.1	k141_29175	17191	100.000	42	0	77.0
KT899950.1	k141_29175	17191	100.000	42	0	77.0
KT899950.1	k141_29175	17191	92.857	42	3	63.5
KT899950.1	k141_33809	734	86.333	439	50	508
KT899950.1	k141_26907	1767	84.149	429	49	462
KT899950.1	k141_26907	1767	73.462	260	54	163
KT899950.1	k141_29487	957	88.102	353	38	447
KT899950.1	k141_1374	1568	89.899	297	17	399
KT899950.1	k141_1374	1568	84.146	82	6	92.4
KT899950.1	k141_916	597	88.475	295	26	378
KT899950.1	k141_32986	2631	74.388	531	125	337
KT899950.1	k141_32986	2631	74.388	531	125	337
KT899950.1	k141_32986	2631	74.735	471	89	291
KT899950.1	k141_32986	2631	74.735	471	89	291
KT899950.1	k141_5981	2655	72.036	658	166	320
KT899950.1	k141_5981	2655	72.036	658	166	320
KT899950.1	k141_5981	2655	86.885	61	8	75.2
KT899950.1	k141_5981	2655	86.885	61	8	75.2
KT899950.1	k141_14601	3026	75.306	409	65	270
KT899950.1	k141_18880	874	89.444	180	14	231
KT899950.1	k141_18880	874	89.444	180	14	231
KT899950.1	k141_19816	431	81.590	239	43	230
KT899950.1	k141_21028	566	78.292	281	59	225
KT899950.1	k141_21028	566	78.292	281	59	225
KT899950.1	k141_31737	776	89.571	163	7	218
KT899950.1	k141_31737	776	89.571	163	7	218
KT899950.1	k141_7963	3471	95.522	134	6	215
KT899950.1	k141_7963	3471	95.522	134	6	215
KT899950.1	k141_31503	1333	90.850	153	14	214
KT899950.1	k141_22204	11761	69.683	442	126	183
KT899950.1	k141_22204	11761	69.461	167	45	64.4
KT899950.1	k141_33658	926	90.551	127	8	175
KT899950.1	k141_24103	1312	81.818	165	19	159
KT899950.1	k141_1766	927	88.618	123	13	156
KT899950.1	k141_20708	2236	93.939	99	6	152
KT899950.1	k141_20708	2236	93.939	99	6	152
KT899950.1	k141_33354	605	83.594	128	20	133
KT899950.1	k141_29406	1177	97.297	74	2	125
KT899950.1	k141_12228	922	85.586	111	11	124
KT899950.1	k141_12228	922	85.586	111	11	124
KT899950.1	k141_4696	1943	95.775	71	3	115
KT899950.1	k141_1269	3048	98.438	64	1	112
KT899950.1	k141_1269	3048	98.438	64	1	112
KT899950.1	k141_3440	785	85.149	101	12	109
KT899950.1	k141_16090	1807	94.118	68	4	105
KT899950.1	k141_16090	1807	94.118	68	4	105
KT899950.1	k141_12234	859	86.667	75	10	91.5
KT899950.1	k141_33061	8757	77.391	115	23	85.1
KT899950.1	k141_33061	8757	77.391	115	23	85.1
KT899950.1	k141_33061	8757	82.812	64	11	67.1
KT899950.1	k141_33061	8757	82.812	64	11	67.1
KT899950.1	k141_2543	1904	95.556	45	2	73.4
KT899950.1	k141_2543	1904	95.556	45	2	73.4
KT899950.1	k141_27401	560	92.683	41	3	61.7
KT899950.1	k141_27401	560	92.683	41	3	61.7
KT899950.1	k141_12544	309	68.493	146	46	57.2
KT899950.1	k141_14151	561	87.500	40	5	50.9
GU191334.1	k141_22320	25446	88.529	3740	322	4773
GU191334.1	k141_22320	25446	88.529	3740	322	4773
GU191334.1	k141_22320	25446	86.408	2656	248	3103
GU191334.1	k141_22320	25446	86.408	2656	248	3103
GU191334.1	k141_22320	25446	78.744	1035	162	851
GU191334.1	k141_22320	25446	78.744	1035	162	851
GU191334.1	k141_22320	25446	75.075	666	159	442
GU191334.1	k141_22320	25446	76.471	442	104	329
GU191334.1	k141_22320	25446	72.328	524	145	292
GU191334.1	k141_22320	25446	77.597	308	69	245
GU191334.1	k141_22320	25446	68.264	605	156	241
GU191334.1	k141_22320	25446	94.937	79	4	125
GU191334.1	k141_22320	25446	94.937	79	4	125
GU191334.1	k141_22320	25446	89.286	84	9	112
GU191334.1	k141_22320	25446	88.158	76	9	97.8
GU191334.1	k141_22320	25446	88.000	75	9	96.0
GU191334.1	k141_22320	25446	88.000	75	9	96.0
GU191334.1	k141_22320	25446	84.783	46	7	52.7
GU191334.1	k141_19462	82452	81.550	4542	834	4404
GU191334.1	k141_19462	82452	84.435	2435	379	2683
GU191334.1	k141_19462	82452	83.829	1447	234	1555
GU191334.1	k141_19462	82452	81.510	1563	286	1506
GU191334.1	k141_19462	82452	69.612	3689	1024	1493
GU191334.1	k141_19462	82452	89.556	1082	111	1440
GU191334.1	k141_19462	82452	78.110	1704	370	1381
GU191334.1	k141_19462	82452	73.798	2080	484	1291
GU191334.1	k141_19462	82452	83.876	707	112	755
GU191334.1	k141_19462	82452	72.167	1315	333	698
GU191334.1	k141_19462	82452	71.388	1412	376	692
GU191334.1	k141_19462	82452	77.074	868	195	655
GU191334.1	k141_19462	82452	74.013	912	191	591
GU191334.1	k141_19462	82452	82.162	555	92	539
GU191334.1	k141_19462	82452	77.042	710	152	534
GU191334.1	k141_19462	82452	79.924	523	103	468
GU191334.1	k141_19462	82452	69.719	1103	293	462
GU191334.1	k141_19462	82452	72.150	772	202	399
GU191334.1	k141_19462	82452	78.737	475	95	398
GU191334.1	k141_19462	82452	72.767	694	187	393
GU191334.1	k141_19462	82452	74.199	624	113	380
GU191334.1	k141_19462	82452	65.702	1589	418	366
GU191334.1	k141_19462	82452	78.539	438	90	361
GU191334.1	k141_19462	82452	69.559	680	179	288
GU191334.1	k141_19462	82452	69.023	665	202	257
GU191334.1	k141_19462	82452	81.641	256	47	251
GU191334.1	k141_19462	82452	72.749	422	115	243
GU191334.1	k141_19462	82452	76.645	304	71	229
GU191334.1	k141_19462	82452	70.655	443	109	205
GU191334.1	k141_19462	82452	67.334	649	198	201
GU191334.1	k141_19462	82452	77.523	218	49	173
GU191334.1	k141_19462	82452	78.818	203	43	173
GU191334.1	k141_19462	82452	77.778	216	45	168
GU191334.1	k141_19462	82452	70.513	390	74	164
GU191334.1	k141_19462	82452	78.534	191	41	160
GU191334.1	k141_19462	82452	66.962	451	105	159
GU191334.1	k141_19462	82452	97.333	75	2	127
GU191334.1	k141_19462	82452	66.047	592	136	126
GU191334.1	k141_19462	82452	89.362	94	10	125
GU191334.1	k141_19462	82452	92.045	88	6	124
GU191334.1	k141_19462	82452	81.746	126	23	124
GU191334.1	k141_19462	82452	67.308	416	98	123
GU191334.1	k141_19462	82452	93.671	79	5	121
GU191334.1	k141_19462	82452	95.890	73	3	119
GU191334.1	k141_19462	82452	79.259	135	28	118
GU191334.1	k141_19462	82452	94.667	75	4	118
GU191334.1	k141_19462	82452	94.595	74	4	116
GU191334.1	k141_19462	82452	80.469	128	24	115
GU191334.1	k141_19462	82452	94.521	73	4	114
GU191334.1	k141_19462	82452	87.097	93	12	114
GU191334.1	k141_19462	82452	87.234	94	10	113
GU191334.1	k141_19462	82452	66.667	390	128	111
GU191334.1	k141_19462	82452	85.714	98	11	108
GU191334.1	k141_19462	82452	78.295	129	28	107
GU191334.1	k141_19462	82452	90.789	76	7	106
GU191334.1	k141_19462	82452	76.056	142	26	102
GU191334.1	k141_19462	82452	88.462	78	9	101
GU191334.1	k141_19462	82452	79.825	114	19	97.8
GU191334.1	k141_19462	82452	66.516	221	30	92.4
GU191334.1	k141_19462	82452	67.296	318	94	83.3
GU191334.1	k141_19462	82452	75.630	119	22	82.4
GU191334.1	k141_19462	82452	85.897	78	7	82.4
GU191334.1	k141_19462	82452	79.070	86	18	75.2
GU191334.1	k141_19462	82452	85.000	60	6	67.1
GU191334.1	k141_19462	82452	69.630	135	41	59.9
GU191334.1	k141_19462	82452	88.636	44	5	58.1
GU191334.1	k141_19462	82452	82.692	52	9	54.5
GU191334.1	k141_29175	17191	75.943	1750	397	1240
GU191334.1	k141_29175	17191	70.358	1869	518	838
GU191334.1	k141_29175	17191	75.045	1102	263	737
GU191334.1	k141_29175	17191	74.365	1182	235	719
GU191334.1	k141_29175	17191	68.254	819	219	288
GU191334.1	k141_29175	17191	77.778	234	46	176
GU191334.1	k141_29175	17191	75.393	191	47	133
GU191334.1	k141_29175	17191	92.593	81	6	120
GU191334.1	k141_29175	17191	72.727	132	32	67.1
GU191334.1	k141_29487	957	82.670	352	57	360
GU191334.1	k141_32986	2631	74.340	530	127	334
GU191334.1	k141_32986	2631	74.340	530	127	334
GU191334.1	k141_32986	2631	74.518	467	97	286
GU191334.1	k141_32986	2631	74.518	467	97	286
GU191334.1	k141_5981	2655	71.791	670	169	316
GU191334.1	k141_5981	2655	71.791	670	169	316
GU191334.1	k141_5981	2655	88.525	61	7	79.7
GU191334.1	k141_5981	2655	88.525	61	7	79.7
GU191334.1	k141_1374	1568	81.967	305	42	301
GU191334.1	k141_1374	1568	81.081	74	7	73.4
GU191334.1	k141_916	597	78.405	301	57	249
GU191334.1	k141_22204	11761	66.323	971	280	248
GU191334.1	k141_26907	1767	77.273	308	60	236
GU191334.1	k141_21028	566	77.936	281	60	221
GU191334.1	k141_21028	566	77.936	281	60	221
GU191334.1	k141_31503	1333	86.275	153	21	182
GU191334.1	k141_33809	734	66.900	429	116	126
GU191334.1	k141_33658	926	81.102	127	20	121
GU191334.1	k141_14601	3026	91.358	81	7	115
GU191334.1	k141_14601	3026	87.342	79	10	98.7
GU191334.1	k141_16090	1807	94.118	68	4	105
GU191334.1	k141_16090	1807	94.118	68	4	105
GU191334.1	k141_1269	3048	95.312	64	3	103
GU191334.1	k141_1269	3048	95.312	64	3	103
GU191334.1	k141_7963	3471	86.486	74	10	89.7
GU191334.1	k141_7963	3471	86.486	74	10	89.7
GU191334.1	k141_33061	8757	78.261	115	22	89.7
GU191334.1	k141_33061	8757	78.261	115	22	89.7
GU191334.1	k141_33061	8757	82.812	64	11	67.1
GU191334.1	k141_33061	8757	82.812	64	11	67.1
GU191334.1	k141_4696	1943	87.324	71	9	88.7
GU191334.1	k141_33354	605	77.679	112	24	86.9
GU191334.1	k141_29406	1177	85.135	74	11	85.1
GU191334.1	k141_27401	560	92.683	41	3	61.7
GU191334.1	k141_27401	560	92.683	41	3	61.7
GU191334.1	k141_1766	927	75.581	86	21	61.7
