MZ962720.1	k141_53816	11662	90.327	7681	464	10488
MZ962720.1	k141_53816	11662	90.327	7681	464	10488
MZ962720.1	k141_53816	11662	82.239	777	73	789
MZ962720.1	k141_53816	11662	81.579	456	45	430
MZ962720.1	k141_53816	11662	81.579	456	45	430
MZ962720.1	k141_53816	11662	87.423	326	35	400
MZ962720.1	k141_53816	11662	87.423	326	35	400
MZ962720.1	k141_53816	11662	87.097	248	26	300
MZ962720.1	k141_53816	11662	87.097	248	26	300
MZ962720.1	k141_53816	11662	84.647	241	26	269
MZ962720.1	k141_53816	11662	74.935	383	46	254
MZ962720.1	k141_53816	11662	74.935	383	46	254
MZ962720.1	k141_53816	11662	79.693	261	32	233
MZ962720.1	k141_53816	11662	79.693	261	32	233
MZ962720.1	k141_53816	11662	83.575	207	34	221
MZ962720.1	k141_53816	11662	83.575	207	34	221
MZ962720.1	k141_53816	11662	85.714	98	9	114
MZ962720.1	k141_40051	28471	78.293	8449	1553	6880
MZ962720.1	k141_40051	28471	90.016	2564	251	3470
MZ962720.1	k141_40051	28471	77.180	3589	590	2658
MZ962720.1	k141_40051	28471	84.459	785	113	861
MZ962720.1	k141_40051	28471	78.067	962	205	776
MZ962720.1	k141_40051	28471	73.618	959	205	588
MZ962720.1	k141_40051	28471	83.527	431	58	456
MZ962720.1	k141_40051	28471	72.304	816	180	454
MZ962720.1	k141_40051	28471	72.689	714	106	399
MZ962720.1	k141_40051	28471	83.740	246	35	260
MZ962720.1	k141_40051	28471	75.487	359	69	228
MZ962720.1	k141_40051	28471	81.567	217	31	215
MZ962720.1	k141_40051	28471	81.567	217	31	215
MZ962720.1	k141_40051	28471	73.273	333	62	197
MZ962720.1	k141_40051	28471	72.792	283	25	175
MZ962720.1	k141_40051	28471	80.645	186	31	174
MZ962720.1	k141_40051	28471	88.806	134	8	168
MZ962720.1	k141_40051	28471	73.563	261	53	148
MZ962720.1	k141_40051	28471	97.403	77	2	131
MZ962720.1	k141_40051	28471	91.209	91	8	129
MZ962720.1	k141_40051	28471	85.714	105	14	119
MZ962720.1	k141_40051	28471	89.157	83	9	110
MZ962720.1	k141_40051	28471	86.458	96	11	108
MZ962720.1	k141_40051	28471	86.667	75	10	91.5
MZ962720.1	k141_61821	5108	87.495	4966	575	6153
MZ962720.1	k141_61821	5108	73.161	503	89	296
MZ962720.1	k141_61821	5108	82.065	184	26	186
MZ962720.1	k141_61821	5108	82.065	184	26	186
MZ962720.1	k141_61821	5108	73.939	165	43	104
MZ962720.1	k141_61821	5108	69.318	176	52	68.0
MZ962720.1	k141_41470	2539	91.709	2557	137	3679
MZ962720.1	k141_41470	2539	91.709	2557	137	3679
MZ962720.1	k141_41470	2539	100.000	49	0	89.7
MZ962720.1	k141_41470	2539	100.000	49	0	89.7
MZ962720.1	k141_30894	17580	78.877	4365	730	3632
MZ962720.1	k141_30894	17580	78.877	4365	730	3632
MZ962720.1	k141_30894	17580	76.033	2274	486	1594
MZ962720.1	k141_30894	17580	77.528	2047	422	1576
MZ962720.1	k141_30894	17580	73.814	970	218	606
MZ962720.1	k141_30894	17580	82.594	586	97	593
MZ962720.1	k141_30894	17580	82.594	586	97	593
MZ962720.1	k141_30894	17580	82.143	336	58	334
MZ962720.1	k141_30894	17580	91.489	94	7	131
MZ962720.1	k141_30894	17580	94.872	39	2	62.6
MZ962720.1	k141_30894	17580	94.872	39	2	62.6
MZ962720.1	k141_11555	17461	80.170	2935	417	2629
MZ962720.1	k141_11555	17461	76.541	2596	426	1849
MZ962720.1	k141_11555	17461	74.984	1607	332	1046
MZ962720.1	k141_11555	17461	73.071	687	99	393
MZ962720.1	k141_11555	17461	73.288	584	126	333
MZ962720.1	k141_11555	17461	69.851	670	122	303
MZ962720.1	k141_11555	17461	71.800	461	62	271
MZ962720.1	k141_11555	17461	66.977	645	131	224
MZ962720.1	k141_11555	17461	77.293	229	32	179
MZ962720.1	k141_11555	17461	77.293	229	32	179
MZ962720.1	k141_11555	17461	69.388	441	89	179
MZ962720.1	k141_11555	17461	81.034	174	29	165
MZ962720.1	k141_11555	17461	76.471	204	43	152
MZ962720.1	k141_11555	17461	76.190	189	45	139
MZ962720.1	k141_11555	17461	82.857	140	21	139
MZ962720.1	k141_11555	17461	82.857	140	21	139
MZ962720.1	k141_11555	17461	77.586	174	37	136
MZ962720.1	k141_11555	17461	93.750	64	4	98.7
MZ962720.1	k141_11555	17461	93.750	64	4	98.7
MZ962720.1	k141_11555	17461	91.525	59	5	85.1
MZ962720.1	k141_11555	17461	80.000	90	18	82.4
MZ962720.1	k141_11555	17461	80.000	90	18	82.4
MZ962720.1	k141_11555	17461	80.000	90	18	82.4
MZ962720.1	k141_11555	17461	76.923	104	18	81.5
MZ962720.1	k141_11555	17461	76.923	104	18	81.5
MZ962720.1	k141_11555	17461	72.993	137	31	77.9
MZ962720.1	k141_40722	21763	83.840	2005	298	2157
MZ962720.1	k141_40722	21763	85.387	1615	195	1859
MZ962720.1	k141_40722	21763	79.661	1829	315	1601
MZ962720.1	k141_40722	21763	77.418	1820	370	1408
MZ962720.1	k141_40722	21763	72.538	2214	336	1232
MZ962720.1	k141_40722	21763	80.539	668	117	613
MZ962720.1	k141_40722	21763	74.924	993	171	609
MZ962720.1	k141_40722	21763	76.199	563	134	412
MZ962720.1	k141_40722	21763	76.199	563	134	412
MZ962720.1	k141_40722	21763	71.252	727	163	343
MZ962720.1	k141_40722	21763	78.158	380	65	292
MZ962720.1	k141_40722	21763	74.352	386	88	251
MZ962720.1	k141_40722	21763	84.649	228	29	251
MZ962720.1	k141_40722	21763	91.275	149	10	205
MZ962720.1	k141_40722	21763	85.276	163	19	178
MZ962720.1	k141_40722	21763	97.727	88	2	150
MZ962720.1	k141_40722	21763	90.816	98	8	133
MZ962720.1	k141_40722	21763	76.543	162	38	122
MZ962720.1	k141_40722	21763	79.699	133	27	119
MZ962720.1	k141_40722	21763	93.506	77	5	117
MZ962720.1	k141_40722	21763	79.000	100	14	88.7
MZ962720.1	k141_40722	21763	74.400	125	32	82.4
MZ962720.1	k141_40722	21763	79.592	49	10	44.6
MZ962720.1	k141_40722	21763	84.211	38	6	42.8
MZ962720.1	k141_40722	21763	84.211	38	6	42.8
MZ962720.1	k141_4433	10197	87.255	1734	170	2123
MZ962720.1	k141_4433	10197	87.255	1734	170	2123
MZ962720.1	k141_4433	10197	73.317	802	110	508
MZ962720.1	k141_4433	10197	73.317	802	110	508
MZ962720.1	k141_4433	10197	87.629	291	32	362
MZ962720.1	k141_4433	10197	87.629	291	32	362
MZ962720.1	k141_4433	10197	84.146	82	9	89.7
MZ962720.1	k141_4433	10197	84.146	82	9	89.7
MZ962720.1	k141_51708	1134	91.782	1156	73	1663
MZ962720.1	k141_51708	1134	91.782	1156	73	1663
MZ962720.1	k141_8267	6245	89.811	1109	111	1484
MZ962720.1	k141_8267	6245	68.049	2435	599	811
MZ962720.1	k141_8267	6245	74.783	460	82	297
MZ962720.1	k141_8267	6245	80.435	230	20	208
MZ962720.1	k141_8267	6245	80.435	230	20	208
MZ962720.1	k141_8267	6245	84.530	181	27	197
MZ962720.1	k141_12868	2223	82.353	1071	141	1056
MZ962720.1	k141_12868	2223	86.893	206	27	251
MZ962720.1	k141_54733	17333	90.041	482	41	651
MZ962720.1	k141_54733	17333	71.783	886	208	424
MZ962720.1	k141_54733	17333	71.783	886	208	424
MZ962720.1	k141_54733	17333	88.525	61	7	79.7
MZ962720.1	k141_54733	17333	88.525	61	7	79.7
MZ962720.1	k141_54733	17333	88.525	61	7	79.7
MZ962720.1	k141_9618	39705	70.502	1156	276	508
MZ962720.1	k141_9618	39705	70.502	1156	276	508
MZ962720.1	k141_9618	39705	65.107	513	153	102
MZ962720.1	k141_9618	39705	65.107	513	153	102
MZ962720.1	k141_9618	39705	82.474	97	16	96.0
MZ962720.1	k141_9618	39705	82.474	97	16	96.0
MZ962720.1	k141_1871	4466	85.879	347	43	402
MZ962720.1	k141_8192	57161	89.199	287	31	379
MZ962720.1	k141_8192	57161	89.199	287	31	379
MZ962720.1	k141_8192	57161	97.872	141	3	242
MZ962720.1	k141_8192	57161	97.872	141	3	242
MZ962720.1	k141_8192	57161	97.500	80	2	136
MZ962720.1	k141_8192	57161	97.500	80	2	136
MZ962720.1	k141_8192	57161	89.831	59	2	79.7
MZ962720.1	k141_8192	57161	89.831	59	2	79.7
MZ962720.1	k141_25275	993	73.043	575	116	329
MZ962720.1	k141_25275	993	79.518	166	34	147
MZ962720.1	k141_12774	716	77.412	425	79	327
MZ962720.1	k141_12774	716	77.412	425	79	327
MZ962720.1	k141_12774	716	98.020	101	2	174
MZ962720.1	k141_12774	716	98.020	101	2	174
MZ962720.1	k141_33677	2495	71.429	644	92	325
MZ962720.1	k141_52617	32304	85.714	273	39	317
MZ962720.1	k141_52617	32304	84.932	73	11	83.3
MZ962720.1	k141_52617	32304	69.832	179	50	75.2
MZ962720.1	k141_52617	32304	69.832	179	50	75.2
MZ962720.1	k141_6326	2063	74.773	440	74	269
MZ962720.1	k141_6326	2063	74.074	216	44	126
MZ962720.1	k141_6326	2063	74.074	216	44	126
MZ962720.1	k141_6326	2063	94.667	75	3	114
MZ962720.1	k141_51250	8685	66.991	821	234	257
MZ962720.1	k141_10280	13251	80.071	281	43	253
MZ962720.1	k141_5556	20863	83.036	224	25	232
MZ962720.1	k141_5556	20863	83.036	224	25	232
MZ962720.1	k141_13107	4970	87.356	174	22	215
MZ962720.1	k141_33057	540	94.203	138	8	214
MZ962720.1	k141_33057	540	94.203	138	8	214
MZ962720.1	k141_39780	8620	88.652	141	16	183
MZ962720.1	k141_39780	8620	85.816	141	20	165
MZ962720.1	k141_39780	8620	85.816	141	20	165
MZ962720.1	k141_10723	7060	98.020	101	2	174
MZ962720.1	k141_10723	7060	98.020	101	2	174
MZ962720.1	k141_10723	7060	68.421	437	92	168
MZ962720.1	k141_2607	15784	94.495	109	6	170
MZ962720.1	k141_2607	15784	94.495	109	6	170
MZ962720.1	k141_2607	15784	92.208	77	6	113
MZ962720.1	k141_2607	15784	77.273	66	15	52.7
MZ962720.1	k141_2607	15784	80.435	46	9	43.7
MZ962720.1	k141_2607	15784	80.435	46	9	43.7
MZ962720.1	k141_9735	416	84.375	160	23	169
MZ962720.1	k141_8293	642	68.966	435	96	153
MZ962720.1	k141_8293	642	81.633	147	27	144
MZ962720.1	k141_8293	642	86.957	92	9	111
MZ962720.1	k141_8293	642	86.957	92	9	111
MZ962720.1	k141_8293	642	84.783	46	7	52.7
MZ962720.1	k141_8293	642	84.783	46	7	52.7
MZ962720.1	k141_38845	28345	96.739	92	3	153
MZ962720.1	k141_38845	28345	83.824	136	22	147
MZ962720.1	k141_38845	28345	82.639	144	22	146
MZ962720.1	k141_43896	7995	96.341	82	3	135
MZ962720.1	k141_43896	7995	96.341	82	3	135
MZ962720.1	k141_37161	33674	85.417	96	14	111
MZ962720.1	k141_12253	9714	91.892	74	6	107
MZ962720.1	k141_12253	9714	91.892	74	6	107
MZ962720.1	k141_12253	9714	91.892	74	6	107
MZ962720.1	k141_12253	9714	72.593	135	33	72.5
MZ962720.1	k141_17586	6642	76.522	115	24	80.6
MZ962720.1	k141_17586	6642	76.522	115	24	80.6
MZ962720.1	k141_17586	6642	82.812	64	11	67.1
MZ962720.1	k141_17586	6642	82.812	64	11	67.1
MZ962720.1	k141_29625	466	88.525	61	7	79.7
MZ962720.1	k141_61568	2159	80.488	82	12	71.6
MZ962720.1	k141_61568	2159	80.488	82	12	71.6
MZ962720.1	k141_61191	579	95.349	43	2	69.8
MZ962720.1	k141_9056	427	87.500	48	6	60.8
MZ962720.1	k141_20385	1004	85.366	41	6	48.2
MH569081.1	k141_61821	5108	87.070	5112	589	6214
MH569081.1	k141_61821	5108	66.216	444	134	113
MH569081.1	k141_61821	5108	75.630	119	29	85.1
MH569081.1	k141_61821	5108	68.790	157	47	56.3
MH569081.1	k141_53816	11662	87.271	3818	311	4650
MH569081.1	k141_53816	11662	87.271	3818	311	4650
MH569081.1	k141_53816	11662	92.912	3019	155	4448
MH569081.1	k141_53816	11662	92.912	3019	155	4448
MH569081.1	k141_53816	11662	89.139	2265	127	2975
MH569081.1	k141_53816	11662	89.139	2265	127	2975
MH569081.1	k141_53816	11662	77.239	804	117	613
MH569081.1	k141_53816	11662	77.239	804	117	613
MH569081.1	k141_53816	11662	85.491	448	46	501
MH569081.1	k141_53816	11662	85.491	448	46	501
MH569081.1	k141_11555	17461	77.470	5748	884	4412
MH569081.1	k141_11555	17461	70.598	2908	587	1316
MH569081.1	k141_11555	17461	76.179	1591	293	1167
MH569081.1	k141_11555	17461	69.818	1428	299	630
MH569081.1	k141_11555	17461	73.361	961	161	539
MH569081.1	k141_11555	17461	85.098	255	35	288
MH569081.1	k141_11555	17461	77.224	281	64	219
MH569081.1	k141_11555	17461	77.682	233	52	187
MH569081.1	k141_11555	17461	79.803	203	41	182
MH569081.1	k141_11555	17461	84.967	153	23	173
MH569081.1	k141_11555	17461	80.571	175	31	152
MH569081.1	k141_11555	17461	75.115	217	54	149
MH569081.1	k141_40051	28471	81.518	4004	640	3863
MH569081.1	k141_40051	28471	88.755	2570	285	3332
MH569081.1	k141_40051	28471	80.445	3329	575	3048
MH569081.1	k141_40051	28471	82.285	2337	346	2324
MH569081.1	k141_40051	28471	78.956	1763	306	1494
MH569081.1	k141_40051	28471	73.324	2223	492	1315
MH569081.1	k141_40051	28471	76.682	639	102	465
MH569081.1	k141_40051	28471	72.343	828	117	454
MH569081.1	k141_40051	28471	86.890	328	41	391
MH569081.1	k141_40051	28471	71.353	761	127	342
MH569081.1	k141_40051	28471	82.143	308	33	306
MH569081.1	k141_40051	28471	76.849	311	65	234
MH569081.1	k141_40051	28471	73.961	361	63	215
MH569081.1	k141_40051	28471	83.077	195	27	205
MH569081.1	k141_40051	28471	98.667	75	1	132
MH569081.1	k141_40051	28471	93.750	80	5	123
MH569081.1	k141_40051	28471	91.358	81	7	115
MH569081.1	k141_40051	28471	76.437	174	28	114
MH569081.1	k141_40051	28471	73.077	182	30	112
MH569081.1	k141_40051	28471	69.307	202	31	91.5
MH569081.1	k141_40051	28471	76.744	86	20	66.2
MH569081.1	k141_40051	28471	81.633	49	9	49.1
MH569081.1	k141_41470	2539	93.115	2469	104	3683
MH569081.1	k141_41470	2539	93.115	2469	104	3683
MH569081.1	k141_41470	2539	97.959	49	1	85.1
MH569081.1	k141_41470	2539	97.959	49	1	85.1
MH569081.1	k141_41470	2539	88.235	51	6	66.2
MH569081.1	k141_41470	2539	88.235	51	6	66.2
MH569081.1	k141_4433	10197	88.219	2207	216	2776
MH569081.1	k141_4433	10197	88.219	2207	216	2776
MH569081.1	k141_4433	10197	81.993	883	136	870
MH569081.1	k141_4433	10197	81.993	883	136	870
MH569081.1	k141_4433	10197	80.085	472	54	433
MH569081.1	k141_4433	10197	80.085	472	54	433
MH569081.1	k141_4433	10197	76.227	387	36	321
MH569081.1	k141_4433	10197	76.227	387	36	321
MH569081.1	k141_4433	10197	81.503	173	17	168
MH569081.1	k141_4433	10197	81.503	173	17	168
MH569081.1	k141_4433	10197	79.412	102	16	86.0
MH569081.1	k141_8267	6245	74.925	4008	762	2543
MH569081.1	k141_8267	6245	86.268	284	36	331
MH569081.1	k141_8267	6245	79.399	233	29	204
MH569081.1	k141_8267	6245	79.399	233	29	204
MH569081.1	k141_40722	21763	83.992	1924	302	2074
MH569081.1	k141_40722	21763	87.643	1489	182	1849
MH569081.1	k141_40722	21763	82.326	1737	275	1728
MH569081.1	k141_40722	21763	76.729	1865	366	1370
MH569081.1	k141_40722	21763	74.589	2066	310	1346
MH569081.1	k141_40722	21763	75.830	964	151	659
MH569081.1	k141_40722	21763	80.447	716	123	654
MH569081.1	k141_40722	21763	81.703	634	104	618
MH569081.1	k141_40722	21763	73.095	643	83	349
MH569081.1	k141_40722	21763	79.882	338	54	285
MH569081.1	k141_40722	21763	90.210	143	11	189
MH569081.1	k141_40722	21763	82.313	147	20	150
MH569081.1	k141_40722	21763	81.159	138	14	130
MH569081.1	k141_40722	21763	91.209	91	6	126
MH569081.1	k141_40722	21763	89.041	73	7	93.3
MH569081.1	k141_40722	21763	91.111	45	4	64.4
MH569081.1	k141_40722	21763	91.111	45	4	64.4
MH569081.1	k141_40722	21763	84.211	38	6	42.8
MH569081.1	k141_40722	21763	84.211	38	6	42.8
MH569081.1	k141_40722	21763	74.194	62	16	41.0
MH569081.1	k141_30894	17580	76.672	2692	517	1989
MH569081.1	k141_30894	17580	79.939	1969	355	1748
MH569081.1	k141_30894	17580	76.002	2296	487	1607
MH569081.1	k141_30894	17580	79.308	1416	237	1198
MH569081.1	k141_30894	17580	76.727	1057	210	785
MH569081.1	k141_30894	17580	75.501	1147	232	783
MH569081.1	k141_30894	17580	75.236	529	96	351
MH569081.1	k141_30894	17580	70.115	348	77	166
MH569081.1	k141_30894	17580	70.115	348	77	166
MH569081.1	k141_30894	17580	86.667	75	7	80.6
MH569081.1	k141_30894	17580	86.667	75	7	80.6
MH569081.1	k141_30894	17580	90.476	42	4	59.0
MH569081.1	k141_51708	1134	94.571	1142	53	1775
MH569081.1	k141_51708	1134	94.571	1142	53	1775
MH569081.1	k141_12868	2223	83.837	1058	137	1114
MH569081.1	k141_12868	2223	87.500	208	26	259
MH569081.1	k141_12774	716	80.000	805	67	762
MH569081.1	k141_12774	716	80.000	805	67	762
MH569081.1	k141_54733	17333	90.249	482	40	655
MH569081.1	k141_54733	17333	72.210	878	211	451
MH569081.1	k141_54733	17333	72.210	878	211	451
MH569081.1	k141_54733	17333	90.164	61	6	84.2
MH569081.1	k141_54733	17333	90.164	61	6	84.2
MH569081.1	k141_54733	17333	88.235	51	6	66.2
MH569081.1	k141_54733	17333	88.235	51	6	66.2
MH569081.1	k141_9618	39705	70.721	1151	278	502
MH569081.1	k141_9618	39705	70.721	1151	278	502
MH569081.1	k141_9618	39705	75.120	209	50	136
MH569081.1	k141_9618	39705	75.120	209	50	136
MH569081.1	k141_9618	39705	80.412	97	19	90.6
MH569081.1	k141_9618	39705	80.412	97	19	90.6
MH569081.1	k141_9618	39705	71.338	157	40	72.5
MH569081.1	k141_9618	39705	71.338	157	40	72.5
MH569081.1	k141_8192	57161	90.301	299	27	402
MH569081.1	k141_8192	57161	90.301	299	27	402
MH569081.1	k141_8192	57161	94.326	141	8	219
MH569081.1	k141_8192	57161	94.326	141	8	219
MH569081.1	k141_8192	57161	95.238	84	4	134
MH569081.1	k141_8192	57161	95.238	84	4	134
MH569081.1	k141_8192	57161	90.385	52	1	71.6
MH569081.1	k141_8192	57161	90.385	52	1	71.6
MH569081.1	k141_33677	2495	74.097	637	93	389
MH569081.1	k141_6326	2063	74.157	623	116	380
MH569081.1	k141_6326	2063	71.000	400	73	188
MH569081.1	k141_1871	4466	83.573	347	51	366
MH569081.1	k141_52617	32304	85.106	282	42	320
MH569081.1	k141_52617	32304	70.391	179	49	79.7
MH569081.1	k141_52617	32304	70.391	179	49	79.7
MH569081.1	k141_25275	993	72.678	549	118	303
MH569081.1	k141_25275	993	78.116	361	73	292
MH569081.1	k141_10280	13251	82.657	271	40	270
MH569081.1	k141_10723	7060	79.070	301	56	257
MH569081.1	k141_10723	7060	83.796	216	15	233
MH569081.1	k141_10723	7060	83.796	216	15	233
MH569081.1	k141_39780	8620	77.656	273	22	244
MH569081.1	k141_39780	8620	77.656	273	22	244
MH569081.1	k141_39780	8620	88.652	141	16	183
MH569081.1	k141_51250	8685	72.535	426	115	234
MH569081.1	k141_51250	8685	70.992	131	38	66.2
MH569081.1	k141_8293	642	77.244	312	58	233
MH569081.1	k141_8293	642	77.244	312	58	233
MH569081.1	k141_13107	4970	88.000	175	21	222
MH569081.1	k141_33057	540	94.286	140	8	217
MH569081.1	k141_33057	540	94.286	140	8	217
MH569081.1	k141_2607	15784	95.413	109	5	175
MH569081.1	k141_2607	15784	95.413	109	5	175
MH569081.1	k141_2607	15784	94.521	73	4	114
MH569081.1	k141_2607	15784	80.000	70	14	64.4
MH569081.1	k141_38845	28345	88.194	144	12	175
MH569081.1	k141_38845	28345	84.286	140	22	154
MH569081.1	k141_38845	28345	87.826	115	11	143
MH569081.1	k141_9735	416	82.051	156	26	149
MH569081.1	k141_43896	7995	97.561	82	2	140
MH569081.1	k141_43896	7995	97.561	82	2	140
MH569081.1	k141_12253	9714	90.541	74	7	103
MH569081.1	k141_12253	9714	90.541	74	7	103
MH569081.1	k141_12253	9714	74.766	107	25	65.3
MH569081.1	k141_57816	4109	86.667	75	10	91.5
MH569081.1	k141_17586	6642	77.391	115	23	85.1
MH569081.1	k141_17586	6642	77.391	115	23	85.1
MH569081.1	k141_17586	6642	82.812	64	11	67.1
MH569081.1	k141_17586	6642	82.812	64	11	67.1
MH569081.1	k141_61191	579	97.674	43	1	74.3
MH569081.1	k141_45214	4061	97.674	43	1	74.3
MH569081.1	k141_45214	4061	97.674	43	1	74.3
MH569081.1	k141_33934	1052	83.582	67	11	72.5
MH569081.1	k141_33934	1052	83.582	67	11	72.5
MH569081.1	k141_41499	432	85.714	56	8	66.2
MH569081.1	k141_6806	627	81.967	61	11	61.7
MH569081.1	k141_2178	379	75.949	79	19	58.1
MH569081.1	k141_2178	379	75.949	79	19	58.1
NC_033978.1	k141_53816	11662	94.861	10138	346	15880
NC_033978.1	k141_53816	11662	94.861	10138	346	15880
NC_033978.1	k141_53816	11662	85.586	999	50	1175
NC_033978.1	k141_53816	11662	85.586	999	50	1175
NC_033978.1	k141_53816	11662	93.617	235	15	357
NC_033978.1	k141_53816	11662	93.617	235	15	357
NC_033978.1	k141_53816	11662	97.436	39	1	67.1
NC_033978.1	k141_40051	28471	84.816	13988	1670	15537
NC_033978.1	k141_40051	28471	88.191	3294	297	4162
NC_033978.1	k141_40051	28471	86.081	2960	285	3483
NC_033978.1	k141_40051	28471	80.124	966	107	846
NC_033978.1	k141_40051	28471	76.225	959	143	702
NC_033978.1	k141_40051	28471	83.232	495	58	497
NC_033978.1	k141_40051	28471	75.170	737	102	479
NC_033978.1	k141_40051	28471	79.710	552	69	462
NC_033978.1	k141_40051	28471	82.308	390	53	385
NC_033978.1	k141_40051	28471	78.235	340	40	288
NC_033978.1	k141_40051	28471	68.313	587	70	253
NC_033978.1	k141_40051	28471	75.758	363	70	248
NC_033978.1	k141_40051	28471	95.050	101	3	158
NC_033978.1	k141_40051	28471	95.699	93	4	150
NC_033978.1	k141_40051	28471	92.079	101	8	147
NC_033978.1	k141_40051	28471	97.674	43	1	74.3
NC_033978.1	k141_4433	10197	93.953	9344	418	14351
NC_033978.1	k141_4433	10197	93.953	9344	418	14351
NC_033978.1	k141_4433	10197	82.479	605	30	633
NC_033978.1	k141_4433	10197	82.479	605	30	633
NC_033978.1	k141_4433	10197	88.889	99	5	131
NC_033978.1	k141_4433	10197	88.889	99	5	131
NC_033978.1	k141_61821	5108	92.019	5137	373	7409
NC_033978.1	k141_61821	5108	73.939	165	43	104
NC_033978.1	k141_61821	5108	76.984	126	29	97.8
NC_033978.1	k141_40722	21763	87.290	4280	392	5255
NC_033978.1	k141_40722	21763	84.957	1981	219	2224
NC_033978.1	k141_40722	21763	79.180	2464	270	2116
NC_033978.1	k141_40722	21763	83.127	1938	276	1995
NC_033978.1	k141_40722	21763	77.224	2068	328	1596
NC_033978.1	k141_40722	21763	81.519	1185	158	1133
NC_033978.1	k141_40722	21763	80.602	1196	148	1102
NC_033978.1	k141_40722	21763	81.541	1051	120	1012
NC_033978.1	k141_40722	21763	87.733	375	33	463
NC_033978.1	k141_40722	21763	74.297	747	115	453
NC_033978.1	k141_40722	21763	69.034	704	113	319
NC_033978.1	k141_40722	21763	81.463	205	33	186
NC_033978.1	k141_40722	21763	82.432	74	12	72.5
NC_033978.1	k141_40722	21763	94.872	39	2	62.6
NC_033978.1	k141_40722	21763	94.872	39	2	62.6
NC_033978.1	k141_40722	21763	92.500	40	3	59.9
NC_033978.1	k141_40722	21763	77.049	61	14	48.2
NC_033978.1	k141_40722	21763	84.211	38	6	42.8
NC_033978.1	k141_40722	21763	84.211	38	6	42.8
NC_033978.1	k141_40722	21763	74.194	62	16	41.0
NC_033978.1	k141_30894	17580	80.233	4634	675	4188
NC_033978.1	k141_30894	17580	82.256	3387	493	3361
NC_033978.1	k141_30894	17580	81.240	2468	396	2339
NC_033978.1	k141_30894	17580	70.438	4746	1060	2201
NC_033978.1	k141_30894	17580	79.762	1260	206	1113
NC_033978.1	k141_30894	17580	100.000	39	0	71.6
NC_033978.1	k141_30894	17580	100.000	39	0	71.6
NC_033978.1	k141_30894	17580	92.857	42	3	63.5
NC_033978.1	k141_41470	2539	95.280	2585	74	4106
NC_033978.1	k141_41470	2539	95.280	2585	74	4106
NC_033978.1	k141_11555	17461	82.787	3811	528	3887
NC_033978.1	k141_11555	17461	83.785	3583	405	3790
NC_033978.1	k141_11555	17461	77.117	4772	676	3576
NC_033978.1	k141_11555	17461	79.631	2003	225	1790
NC_033978.1	k141_11555	17461	91.104	652	53	915
NC_033978.1	k141_11555	17461	75.645	1162	175	801
NC_033978.1	k141_11555	17461	72.727	1221	188	719
NC_033978.1	k141_11555	17461	84.783	184	25	200
NC_033978.1	k141_11555	17461	87.179	39	5	49.1
NC_033978.1	k141_8267	6245	77.799	2626	472	2064
NC_033978.1	k141_8267	6245	89.308	1459	113	1904
NC_033978.1	k141_8267	6245	73.678	794	133	469
NC_033978.1	k141_8267	6245	89.583	144	9	189
NC_033978.1	k141_8267	6245	89.583	144	9	189
NC_033978.1	k141_8267	6245	98.810	84	1	148
NC_033978.1	k141_51708	1134	97.795	1134	25	1933
NC_033978.1	k141_51708	1134	97.795	1134	25	1933
NC_033978.1	k141_51708	1134	97.436	39	1	67.1
NC_033978.1	k141_12868	2223	77.411	2364	301	1810
NC_033978.1	k141_25275	993	80.019	1031	161	945
NC_033978.1	k141_12774	716	84.088	817	29	943
NC_033978.1	k141_12774	716	84.088	817	29	943
NC_033978.1	k141_54733	17333	92.946	482	27	714
NC_033978.1	k141_54733	17333	72.634	877	209	456
NC_033978.1	k141_54733	17333	72.634	877	209	456
NC_033978.1	k141_54733	17333	78.292	281	59	225
NC_033978.1	k141_54733	17333	78.292	281	59	225
NC_033978.1	k141_54733	17333	85.714	154	7	179
NC_033978.1	k141_54733	17333	85.714	154	7	179
NC_033978.1	k141_54733	17333	86.885	61	8	75.2
NC_033978.1	k141_54733	17333	86.885	61	8	75.2
NC_033978.1	k141_8293	642	80.000	680	95	615
NC_033978.1	k141_8293	642	89.583	144	9	189
NC_033978.1	k141_8192	57161	96.656	299	10	495
NC_033978.1	k141_8192	57161	96.656	299	10	495
NC_033978.1	k141_8192	57161	99.291	141	1	251
NC_033978.1	k141_8192	57161	99.291	141	1	251
NC_033978.1	k141_8192	57161	97.727	88	0	148
NC_033978.1	k141_8192	57161	97.727	88	0	148
NC_033978.1	k141_8192	57161	94.545	55	3	86.9
NC_033978.1	k141_8192	57161	94.545	55	3	86.9
NC_033978.1	k141_8192	57161	97.436	39	1	67.1
NC_033978.1	k141_33677	2495	76.513	694	104	489
NC_033978.1	k141_33677	2495	85.870	184	23	209
NC_033978.1	k141_33677	2495	77.692	130	13	105
NC_033978.1	k141_33677	2495	77.692	130	13	105
NC_033978.1	k141_10723	7060	81.992	472	58	466
NC_033978.1	k141_10723	7060	87.387	222	7	276
NC_033978.1	k141_10723	7060	87.387	222	7	276
NC_033978.1	k141_1871	4466	89.914	347	29	465
NC_033978.1	k141_52617	32304	90.813	283	26	394
NC_033978.1	k141_52617	32304	85.000	100	7	116
NC_033978.1	k141_52617	32304	69.948	193	54	82.4
NC_033978.1	k141_52617	32304	69.948	193	54	82.4
NC_033978.1	k141_52617	32304	87.037	54	7	67.1
NC_033978.1	k141_10280	13251	89.928	278	21	373
NC_033978.1	k141_6326	2063	73.127	614	102	371
NC_033978.1	k141_6326	2063	83.381	349	42	365
NC_033978.1	k141_6326	2063	69.846	650	98	297
NC_033978.1	k141_38845	28345	77.339	481	77	356
NC_033978.1	k141_38845	28345	70.950	537	78	273
NC_033978.1	k141_38845	28345	92.547	161	9	235
NC_033978.1	k141_38845	28345	71.242	153	22	71.6
NC_033978.1	k141_9618	39705	74.624	532	124	343
NC_033978.1	k141_9618	39705	74.624	532	124	343
NC_033978.1	k141_9618	39705	74.518	467	97	281
NC_033978.1	k141_9618	39705	74.518	467	97	281
NC_033978.1	k141_9618	39705	65.571	517	146	110
NC_033978.1	k141_9618	39705	65.571	517	146	110
NC_033978.1	k141_5556	20863	92.273	220	8	320
NC_033978.1	k141_5556	20863	92.273	220	8	320
NC_033978.1	k141_39780	8620	83.704	270	8	317
NC_033978.1	k141_39780	8620	83.704	270	8	317
NC_033978.1	k141_39780	8620	93.617	141	9	214
NC_033978.1	k141_51250	8685	67.758	825	227	288
NC_033978.1	k141_61568	2159	79.128	321	41	288
NC_033978.1	k141_61568	2159	79.128	321	41	288
NC_033978.1	k141_13107	4970	93.143	175	12	262
NC_033978.1	k141_33057	540	97.143	140	4	235
NC_033978.1	k141_33057	540	97.143	140	4	235
NC_033978.1	k141_2607	15784	98.165	109	2	188
NC_033978.1	k141_2607	15784	98.165	109	2	188
NC_033978.1	k141_2607	15784	93.750	80	5	123
NC_033978.1	k141_2607	15784	77.049	61	14	48.2
NC_033978.1	k141_50366	911	97.297	111	3	187
NC_033978.1	k141_50366	911	97.297	111	3	187
NC_033978.1	k141_9735	416	84.375	160	23	169
NC_033978.1	k141_43896	7995	97.561	82	2	140
NC_033978.1	k141_43896	7995	78.333	120	24	97.8
NC_033978.1	k141_57816	4109	80.851	141	19	136
NC_033978.1	k141_37161	33674	78.986	138	29	119
NC_033978.1	k141_12253	9714	91.892	74	6	107
NC_033978.1	k141_12253	9714	91.892	74	6	107
NC_033978.1	k141_12253	9714	78.750	80	17	68.9
NC_033978.1	k141_29625	466	95.000	60	3	96.0
NC_033978.1	k141_33934	1052	88.235	68	8	87.8
NC_033978.1	k141_33934	1052	88.235	68	8	87.8
NC_033978.1	k141_45214	4061	93.103	58	4	87.8
NC_033978.1	k141_45214	4061	93.103	58	4	87.8
NC_033978.1	k141_17586	6642	77.391	115	23	85.1
NC_033978.1	k141_17586	6642	77.391	115	23	85.1
NC_033978.1	k141_6806	627	84.932	73	11	83.3
NC_033978.1	k141_61191	579	100.000	43	0	78.8
NC_033978.1	k141_41499	432	89.286	56	6	75.2
NC_033978.1	k141_9056	427	93.617	47	3	72.5
NC_033978.1	k141_2178	379	75.949	79	19	58.1
NC_033978.1	k141_2178	379	75.949	79	19	58.1
NC_033978.1	k141_35667	666	82.927	41	7	43.7
MW006668.1	k141_53816	11662	94.410	8282	258	12817
MW006668.1	k141_53816	11662	94.410	8282	258	12817
MW006668.1	k141_53816	11662	80.462	865	110	775
MW006668.1	k141_53816	11662	85.239	481	39	559
MW006668.1	k141_53816	11662	85.239	481	39	559
MW006668.1	k141_53816	11662	87.324	426	38	522
MW006668.1	k141_53816	11662	75.478	314	47	206
MW006668.1	k141_53816	11662	83.108	148	16	154
MW006668.1	k141_53816	11662	83.108	148	16	154
MW006668.1	k141_53816	11662	83.088	136	14	141
MW006668.1	k141_53816	11662	65.366	410	103	113
MW006668.1	k141_53816	11662	65.366	410	103	113
MW006668.1	k141_53816	11662	64.410	517	129	100
MW006668.1	k141_53816	11662	70.721	222	53	96.9
MW006668.1	k141_53816	11662	70.721	222	53	96.9
MW006668.1	k141_53816	11662	65.655	527	135	91.5
MW006668.1	k141_53816	11662	65.655	527	135	91.5
MW006668.1	k141_53816	11662	70.536	224	50	90.6
MW006668.1	k141_53816	11662	70.536	224	50	90.6
MW006668.1	k141_53816	11662	70.536	224	50	90.6
MW006668.1	k141_53816	11662	70.536	224	50	90.6
MW006668.1	k141_53816	11662	69.643	224	52	86.0
MW006668.1	k141_53816	11662	69.643	224	52	86.0
MW006668.1	k141_53816	11662	69.643	224	52	86.0
MW006668.1	k141_53816	11662	69.643	224	52	86.0
MW006668.1	k141_53816	11662	69.399	183	44	85.1
MW006668.1	k141_53816	11662	69.399	183	44	85.1
MW006668.1	k141_53816	11662	69.399	183	44	85.1
MW006668.1	k141_53816	11662	69.399	183	44	85.1
MW006668.1	k141_53816	11662	69.189	185	44	80.6
MW006668.1	k141_53816	11662	87.500	64	8	80.6
MW006668.1	k141_53816	11662	87.500	64	8	80.6
MW006668.1	k141_53816	11662	97.619	42	1	72.5
MW006668.1	k141_53816	11662	97.619	42	1	72.5
MW006668.1	k141_53816	11662	68.444	225	56	64.4
MW006668.1	k141_53816	11662	68.444	225	56	64.4
MW006668.1	k141_53816	11662	68.444	225	56	64.4
MW006668.1	k141_53816	11662	68.444	225	56	64.4
MW006668.1	k141_53816	11662	68.263	167	47	59.9
MW006668.1	k141_53816	11662	68.263	167	47	59.9
MW006668.1	k141_53816	11662	68.263	167	47	59.0
MW006668.1	k141_53816	11662	68.263	167	47	59.0
MW006668.1	k141_53816	11662	82.456	57	10	59.0
MW006668.1	k141_53816	11662	82.456	57	10	59.0
MW006668.1	k141_53816	11662	84.314	51	8	57.2
MW006668.1	k141_53816	11662	68.263	167	47	55.4
MW006668.1	k141_53816	11662	68.263	167	47	55.4
MW006668.1	k141_53816	11662	68.263	167	47	55.4
MW006668.1	k141_53816	11662	68.263	167	47	55.4
MW006668.1	k141_53816	11662	84.444	45	7	50.9
MW006668.1	k141_53816	11662	72.619	84	23	49.1
MW006668.1	k141_53816	11662	72.619	84	23	49.1
MW006668.1	k141_40051	28471	83.915	9363	1221	10074
MW006668.1	k141_40051	28471	83.064	5255	663	5341
MW006668.1	k141_40051	28471	85.850	4092	393	4748
MW006668.1	k141_40051	28471	87.821	3383	388	4230
MW006668.1	k141_40051	28471	82.927	574	48	617
MW006668.1	k141_40051	28471	76.934	737	93	538
MW006668.1	k141_40051	28471	74.246	796	127	479
MW006668.1	k141_40051	28471	69.005	955	156	389
MW006668.1	k141_40051	28471	78.211	436	61	344
MW006668.1	k141_40051	28471	75.940	266	33	193
MW006668.1	k141_40051	28471	67.276	547	100	152
MW006668.1	k141_40051	28471	79.532	171	23	149
MW006668.1	k141_40051	28471	74.118	255	47	149
MW006668.1	k141_40051	28471	79.581	191	28	148
MW006668.1	k141_40051	28471	77.957	186	31	142
MW006668.1	k141_40051	28471	78.421	190	31	136
MW006668.1	k141_40051	28471	94.872	39	2	62.6
MW006668.1	k141_61821	5108	91.830	5141	385	7360
MW006668.1	k141_61821	5108	77.686	121	27	97.8
MW006668.1	k141_61821	5108	76.190	126	30	93.3
MW006668.1	k141_40722	21763	85.335	4637	513	5281
MW006668.1	k141_40722	21763	83.929	2209	272	2387
MW006668.1	k141_40722	21763	82.386	2129	221	2158
MW006668.1	k141_40722	21763	85.085	1817	245	2048
MW006668.1	k141_40722	21763	75.246	1624	235	1101
MW006668.1	k141_40722	21763	77.931	1382	209	1092
MW006668.1	k141_40722	21763	74.321	1363	209	841
MW006668.1	k141_40722	21763	84.358	748	84	802
MW006668.1	k141_40722	21763	84.737	380	46	413
MW006668.1	k141_40722	21763	70.833	336	74	159
MW006668.1	k141_40722	21763	79.412	170	35	150
MW006668.1	k141_40722	21763	73.729	118	26	69.8
MW006668.1	k141_40722	21763	89.796	49	5	67.1
MW006668.1	k141_40722	21763	89.796	49	5	67.1
MW006668.1	k141_40722	21763	94.872	39	2	62.6
MW006668.1	k141_40722	21763	94.872	39	2	62.6
MW006668.1	k141_40722	21763	87.179	39	5	49.1
MW006668.1	k141_40722	21763	86.842	38	5	47.3
MW006668.1	k141_40722	21763	75.000	68	17	47.3
MW006668.1	k141_30894	17580	84.016	4467	542	4754
MW006668.1	k141_30894	17580	84.016	4467	542	4754
MW006668.1	k141_30894	17580	81.901	4840	695	4740
MW006668.1	k141_30894	17580	81.901	4840	695	4740
MW006668.1	k141_30894	17580	79.587	2229	431	1950
MW006668.1	k141_30894	17580	80.455	220	38	195
MW006668.1	k141_30894	17580	80.455	220	38	195
MW006668.1	k141_30894	17580	85.000	120	17	132
MW006668.1	k141_30894	17580	100.000	39	0	71.6
MW006668.1	k141_30894	17580	92.857	42	3	63.5
MW006668.1	k141_41470	2539	93.466	2556	122	3844
MW006668.1	k141_11555	17461	81.750	3841	422	3753
MW006668.1	k141_11555	17461	86.939	2006	208	2414
MW006668.1	k141_11555	17461	74.967	3004	459	2003
MW006668.1	k141_11555	17461	80.480	1998	261	1854
MW006668.1	k141_11555	17461	79.088	1798	309	1541
MW006668.1	k141_11555	17461	79.981	1039	156	911
MW006668.1	k141_11555	17461	73.908	939	148	542
MW006668.1	k141_11555	17461	86.000	250	34	290
MW006668.1	k141_11555	17461	73.449	403	52	254
MW006668.1	k141_11555	17461	73.449	403	52	254
MW006668.1	k141_11555	17461	79.060	234	38	203
MW006668.1	k141_11555	17461	70.460	413	62	168
MW006668.1	k141_11555	17461	70.370	243	29	126
MW006668.1	k141_11555	17461	67.958	284	37	124
MW006668.1	k141_11555	17461	85.227	88	13	101
MW006668.1	k141_11555	17461	88.889	54	5	68.0
MW006668.1	k141_11555	17461	87.179	39	5	49.1
MW006668.1	k141_8267	6245	79.323	3100	461	2692
MW006668.1	k141_8267	6245	91.631	932	58	1321
MW006668.1	k141_8267	6245	91.631	932	58	1321
MW006668.1	k141_8267	6245	76.071	794	122	547
MW006668.1	k141_8267	6245	76.071	794	122	547
MW006668.1	k141_8267	6245	87.050	139	13	166
MW006668.1	k141_8267	6245	91.753	97	8	140
MW006668.1	k141_8267	6245	91.753	97	8	140
MW006668.1	k141_4433	10197	74.037	2958	443	1900
MW006668.1	k141_4433	10197	81.827	1040	108	1025
MW006668.1	k141_4433	10197	87.209	688	62	850
MW006668.1	k141_4433	10197	87.627	493	55	607
MW006668.1	k141_4433	10197	75.382	589	69	446
MW006668.1	k141_4433	10197	88.278	273	24	347
MW006668.1	k141_4433	10197	88.278	273	24	347
MW006668.1	k141_4433	10197	82.857	105	14	108
MW006668.1	k141_51708	1134	93.656	1135	71	1719
MW006668.1	k141_51708	1134	97.619	42	1	72.5
MW006668.1	k141_51708	1134	97.619	42	1	72.5
MW006668.1	k141_12868	2223	85.859	1280	140	1471
MW006668.1	k141_12868	2223	92.245	245	19	357
MW006668.1	k141_12868	2223	79.592	98	11	73.4
MW006668.1	k141_12774	716	78.166	829	67	733
MW006668.1	k141_25275	993	74.832	1041	179	713
MW006668.1	k141_25275	993	77.717	727	118	581
MW006668.1	k141_25275	993	77.717	727	118	581
MW006668.1	k141_54733	17333	91.250	480	35	674
MW006668.1	k141_54733	17333	71.623	881	212	429
MW006668.1	k141_54733	17333	71.623	881	212	429
MW006668.1	k141_54733	17333	78.292	281	59	225
MW006668.1	k141_54733	17333	78.292	281	59	225
MW006668.1	k141_54733	17333	79.592	147	14	127
MW006668.1	k141_54733	17333	85.246	61	9	70.7
MW006668.1	k141_54733	17333	85.246	61	9	70.7
MW006668.1	k141_33677	2495	82.395	693	74	667
MW006668.1	k141_33677	2495	84.615	182	27	199
MW006668.1	k141_6326	2063	74.481	1011	139	651
MW006668.1	k141_6326	2063	72.326	589	86	348
MW006668.1	k141_6326	2063	72.326	589	86	348
MW006668.1	k141_8293	642	81.875	640	81	618
MW006668.1	k141_9618	39705	70.573	1152	284	500
MW006668.1	k141_9618	39705	70.573	1152	284	500
MW006668.1	k141_9618	39705	75.556	135	31	93.3
MW006668.1	k141_9618	39705	75.556	135	31	93.3
MW006668.1	k141_9618	39705	64.603	517	146	87.8
MW006668.1	k141_9618	39705	64.603	517	146	87.8
MW006668.1	k141_38845	28345	76.547	614	90	449
MW006668.1	k141_38845	28345	75.198	504	88	334
MW006668.1	k141_38845	28345	90.419	167	12	229
MW006668.1	k141_1871	4466	88.473	347	34	443
MW006668.1	k141_52617	32304	91.873	283	23	407
MW006668.1	k141_52617	32304	84.000	100	8	112
MW006668.1	k141_52617	32304	70.157	191	57	88.7
MW006668.1	k141_10280	13251	90.110	273	25	364
MW006668.1	k141_8192	57161	81.395	301	25	306
MW006668.1	k141_8192	57161	98.582	141	2	246
MW006668.1	k141_8192	57161	95.455	88	2	139
MW006668.1	k141_8192	57161	95.455	88	2	139
MW006668.1	k141_8192	57161	84.553	123	16	135
MW006668.1	k141_8192	57161	84.553	123	16	135
MW006668.1	k141_8192	57161	98.182	55	1	96.0
MW006668.1	k141_8192	57161	98.182	55	1	96.0
MW006668.1	k141_8192	57161	97.619	42	1	72.5
MW006668.1	k141_8192	57161	97.619	42	1	72.5
MW006668.1	k141_10723	7060	84.733	262	37	287
MW006668.1	k141_10723	7060	85.520	221	11	256
MW006668.1	k141_10723	7060	73.477	279	44	152
MW006668.1	k141_10723	7060	72.954	281	44	144
MW006668.1	k141_51250	8685	73.041	434	117	256
MW006668.1	k141_51250	8685	69.433	494	85	189
MW006668.1	k141_51250	8685	69.433	494	85	189
MW006668.1	k141_51250	8685	77.174	92	21	72.5
MW006668.1	k141_13107	4970	92.398	171	13	251
MW006668.1	k141_39780	8620	78.022	273	21	249
MW006668.1	k141_39780	8620	92.199	141	11	205
MW006668.1	k141_33057	540	95.000	140	7	222
MW006668.1	k141_2607	15784	100.000	109	0	197
MW006668.1	k141_2607	15784	100.000	109	0	197
MW006668.1	k141_2607	15784	93.750	80	5	123
MW006668.1	k141_2607	15784	77.193	57	13	45.5
MW006668.1	k141_61568	2159	81.313	198	35	188
MW006668.1	k141_9735	416	84.713	157	22	168
MW006668.1	k141_5556	20863	87.603	121	14	148
MW006668.1	k141_37161	33674	82.963	135	15	134
MW006668.1	k141_43896	7995	94.937	79	4	125
MW006668.1	k141_43896	7995	94.937	79	4	125
MW006668.1	k141_12253	9714	90.541	74	7	103
MW006668.1	k141_12253	9714	90.541	74	7	103
MW006668.1	k141_12253	9714	72.180	133	35	67.1
MW006668.1	k141_45214	4061	92.063	63	5	92.4
MW006668.1	k141_45214	4061	92.063	63	5	92.4
MW006668.1	k141_6806	627	86.486	74	10	89.7
MW006668.1	k141_17586	6642	77.391	115	23	85.1
MW006668.1	k141_17586	6642	77.391	115	23	85.1
MW006668.1	k141_29625	466	94.340	53	3	83.3
MW006668.1	k141_61191	579	100.000	43	0	78.8
MW006668.1	k141_61191	579	100.000	43	0	78.8
MW006668.1	k141_33934	1052	91.489	47	4	68.0
MW006668.1	k141_9056	427	93.182	44	3	67.1
MW006668.1	k141_2178	379	75.949	79	19	58.1
MW006668.1	k141_2178	379	75.949	79	19	58.1
MW006668.1	k141_41499	432	82.143	56	10	57.2
MW006668.1	k141_62130	1211	80.952	42	8	41.0
MW435436.1	k141_4433	10197	93.391	9336	465	14098
MW435436.1	k141_4433	10197	93.391	9336	465	14098
MW435436.1	k141_4433	10197	84.496	1032	61	1140
MW435436.1	k141_4433	10197	84.496	1032	61	1140
MW435436.1	k141_4433	10197	98.333	60	1	104
MW435436.1	k141_4433	10197	98.333	60	1	104
MW435436.1	k141_53816	11662	95.717	8241	229	13252
MW435436.1	k141_53816	11662	95.717	8241	229	13252
MW435436.1	k141_53816	11662	87.901	1868	136	2337
MW435436.1	k141_53816	11662	87.901	1868	136	2337
MW435436.1	k141_53816	11662	83.877	1563	102	1746
MW435436.1	k141_53816	11662	83.877	1563	102	1746
MW435436.1	k141_40051	28471	85.473	10780	1323	12366
MW435436.1	k141_40051	28471	85.079	3780	406	4210
MW435436.1	k141_40051	28471	85.260	2958	329	3367
MW435436.1	k141_40051	28471	83.052	2012	259	2085
MW435436.1	k141_40051	28471	80.633	821	117	726
MW435436.1	k141_40051	28471	73.807	985	134	631
MW435436.1	k141_40051	28471	75.962	624	99	433
MW435436.1	k141_40051	28471	79.141	489	64	421
MW435436.1	k141_40051	28471	84.800	375	52	411
MW435436.1	k141_40051	28471	73.958	480	52	306
MW435436.1	k141_40051	28471	67.980	609	92	227
MW435436.1	k141_40051	28471	78.309	272	43	217
MW435436.1	k141_40051	28471	89.873	158	16	214
MW435436.1	k141_40051	28471	81.143	175	28	163
MW435436.1	k141_40051	28471	91.150	113	8	152
MW435436.1	k141_40051	28471	94.792	96	3	149
MW435436.1	k141_61821	5108	91.499	5129	405	7281
MW435436.1	k141_61821	5108	83.471	121	20	129
MW435436.1	k141_61821	5108	66.085	401	120	103
MW435436.1	k141_40722	21763	84.168	5590	606	6055
MW435436.1	k141_40722	21763	81.730	2277	301	2195
MW435436.1	k141_40722	21763	83.122	1890	274	1948
MW435436.1	k141_40722	21763	81.173	1535	257	1459
MW435436.1	k141_40722	21763	83.509	1231	158	1274
MW435436.1	k141_40722	21763	81.549	1046	125	1011
MW435436.1	k141_40722	21763	76.074	1467	244	1007
MW435436.1	k141_40722	21763	77.197	842	78	680
MW435436.1	k141_40722	21763	85.028	354	30	412
MW435436.1	k141_40722	21763	79.282	362	38	304
MW435436.1	k141_40722	21763	69.320	691	119	276
MW435436.1	k141_40722	21763	83.444	151	23	153
MW435436.1	k141_40722	21763	73.333	120	17	68.9
MW435436.1	k141_40722	21763	94.872	39	2	62.6
MW435436.1	k141_40722	21763	94.872	39	2	62.6
MW435436.1	k141_40722	21763	67.665	167	39	54.5
MW435436.1	k141_40722	21763	84.615	39	6	44.6
MW435436.1	k141_11555	17461	80.434	5995	709	5563
MW435436.1	k141_11555	17461	79.604	3383	513	2984
MW435436.1	k141_11555	17461	74.188	3111	456	1975
MW435436.1	k141_11555	17461	73.318	1694	231	1077
MW435436.1	k141_11555	17461	73.657	1154	192	686
MW435436.1	k141_11555	17461	88.333	480	56	614
MW435436.1	k141_11555	17461	77.236	738	104	537
MW435436.1	k141_11555	17461	79.510	449	68	386
MW435436.1	k141_11555	17461	85.000	200	24	223
MW435436.1	k141_11555	17461	85.119	168	24	187
MW435436.1	k141_11555	17461	84.615	39	6	44.6
MW435436.1	k141_30894	17580	78.351	6005	963	4921
MW435436.1	k141_30894	17580	78.684	4804	827	4009
MW435436.1	k141_30894	17580	80.825	2279	400	2138
MW435436.1	k141_30894	17580	80.622	1992	349	1850
MW435436.1	k141_30894	17580	69.448	2553	600	1102
MW435436.1	k141_30894	17580	70.588	578	158	274
MW435436.1	k141_30894	17580	70.588	578	158	274
MW435436.1	k141_30894	17580	100.000	39	0	71.6
MW435436.1	k141_30894	17580	100.000	39	0	71.6
MW435436.1	k141_30894	17580	90.476	42	4	59.0
MW435436.1	k141_41470	2539	95.615	2554	81	4098
MW435436.1	k141_41470	2539	95.615	2554	81	4098
MW435436.1	k141_8267	6245	79.281	4146	604	3555
MW435436.1	k141_8267	6245	90.780	141	13	196
MW435436.1	k141_8267	6245	90.780	141	13	196
MW435436.1	k141_8267	6245	97.468	79	2	134
MW435436.1	k141_51708	1134	96.225	1139	38	1856
MW435436.1	k141_51708	1134	96.225	1139	38	1856
MW435436.1	k141_12868	2223	87.751	1045	93	1286
MW435436.1	k141_12868	2223	91.176	238	20	332
MW435436.1	k141_25275	993	78.239	1011	178	834
MW435436.1	k141_54733	17333	91.079	482	36	673
MW435436.1	k141_54733	17333	72.418	881	204	448
MW435436.1	k141_54733	17333	72.418	881	204	448
MW435436.1	k141_54733	17333	77.936	281	60	221
MW435436.1	k141_54733	17333	77.936	281	60	221
MW435436.1	k141_54733	17333	85.906	149	11	175
MW435436.1	k141_54733	17333	85.906	149	11	175
MW435436.1	k141_54733	17333	86.885	61	8	75.2
MW435436.1	k141_54733	17333	86.885	61	8	75.2
MW435436.1	k141_8293	642	89.195	435	44	572
MW435436.1	k141_8293	642	89.195	435	44	572
MW435436.1	k141_8293	642	79.195	149	24	127
MW435436.1	k141_6326	2063	78.760	645	88	527
MW435436.1	k141_9618	39705	70.848	1156	268	525
MW435436.1	k141_9618	39705	70.848	1156	268	525
MW435436.1	k141_9618	39705	65.571	517	146	110
MW435436.1	k141_9618	39705	65.571	517	146	110
MW435436.1	k141_9618	39705	75.556	135	31	93.3
MW435436.1	k141_9618	39705	75.556	135	31	93.3
MW435436.1	k141_8192	57161	94.426	305	11	475
MW435436.1	k141_8192	57161	94.426	305	11	475
MW435436.1	k141_8192	57161	97.872	141	3	242
MW435436.1	k141_8192	57161	97.872	141	3	242
MW435436.1	k141_8192	57161	96.591	88	1	143
MW435436.1	k141_8192	57161	96.591	88	1	143
MW435436.1	k141_8192	57161	98.182	55	1	96.0
MW435436.1	k141_8192	57161	98.182	55	1	96.0
MW435436.1	k141_8192	57161	92.857	42	3	63.5
MW435436.1	k141_1871	4466	88.184	347	35	438
MW435436.1	k141_12774	716	96.429	252	8	411
MW435436.1	k141_12774	716	96.429	252	8	411
MW435436.1	k141_12774	716	82.759	261	14	260
MW435436.1	k141_12774	716	82.759	261	14	260
MW435436.1	k141_52617	32304	90.493	284	27	391
MW435436.1	k141_52617	32304	86.000	100	6	121
MW435436.1	k141_52617	32304	70.879	182	49	85.1
MW435436.1	k141_52617	32304	70.879	182	49	85.1
MW435436.1	k141_10280	13251	92.251	271	18	384
MW435436.1	k141_10723	7060	77.970	463	58	366
MW435436.1	k141_10723	7060	84.360	211	7	233
MW435436.1	k141_10723	7060	84.360	211	7	233
MW435436.1	k141_33677	2495	80.627	351	40	330
MW435436.1	k141_33677	2495	84.689	209	20	226
MW435436.1	k141_33677	2495	85.549	173	24	196
MW435436.1	k141_33677	2495	79.389	131	9	113
MW435436.1	k141_33677	2495	79.389	131	9	113
MW435436.1	k141_5556	20863	93.182	220	6	329
MW435436.1	k141_5556	20863	93.182	220	6	329
MW435436.1	k141_61568	2159	81.410	312	41	299
MW435436.1	k141_61568	2159	81.410	312	41	299
MW435436.1	k141_38845	28345	74.292	459	81	294
MW435436.1	k141_38845	28345	69.406	657	93	282
MW435436.1	k141_38845	28345	86.897	145	7	178
MW435436.1	k141_39780	8620	82.470	251	9	282
MW435436.1	k141_39780	8620	82.470	251	9	282
MW435436.1	k141_39780	8620	94.326	141	8	219
MW435436.1	k141_13107	4970	93.678	174	11	265
MW435436.1	k141_51250	8685	67.730	784	212	261
MW435436.1	k141_33057	540	95.714	140	6	226
MW435436.1	k141_33057	540	95.714	140	6	226
MW435436.1	k141_2607	15784	99.083	109	1	193
MW435436.1	k141_2607	15784	99.083	109	1	193
MW435436.1	k141_2607	15784	92.500	80	6	118
MW435436.1	k141_2607	15784	77.193	57	13	45.5
MW435436.1	k141_50366	911	94.595	111	6	174
MW435436.1	k141_50366	911	94.595	111	6	174
MW435436.1	k141_9735	416	84.416	154	22	163
MW435436.1	k141_57816	4109	84.615	143	12	159
MW435436.1	k141_43896	7995	95.000	80	4	127
MW435436.1	k141_37161	33674	83.621	116	19	124
MW435436.1	k141_12253	9714	91.892	74	6	107
MW435436.1	k141_12253	9714	91.892	74	6	107
MW435436.1	k141_12253	9714	75.000	80	20	55.4
MW435436.1	k141_12253	9714	75.000	80	20	55.4
MW435436.1	k141_29625	466	91.667	60	5	86.9
MW435436.1	k141_17586	6642	77.391	115	23	85.1
MW435436.1	k141_17586	6642	77.391	115	23	85.1
MW435436.1	k141_6806	627	83.117	77	13	81.5
MW435436.1	k141_33934	1052	86.765	68	8	79.7
MW435436.1	k141_33934	1052	86.765	68	8	79.7
MW435436.1	k141_61191	579	97.674	43	1	74.3
MW435436.1	k141_45214	4061	92.000	50	4	73.4
MW435436.1	k141_45214	4061	92.000	50	4	73.4
MW435436.1	k141_9056	427	91.489	47	4	68.0
MW435436.1	k141_2178	379	77.215	79	18	62.6
MW435436.1	k141_2178	379	77.215	79	18	62.6
MW435436.1	k141_42005	717	83.333	36	6	39.2
MW435436.1	k141_42005	717	83.333	36	6	39.2
NC_037882.1	k141_53816	11662	95.047	10094	306	15922
NC_037882.1	k141_53816	11662	95.047	10094	306	15922
NC_037882.1	k141_53816	11662	85.145	929	39	1076
NC_037882.1	k141_53816	11662	85.145	929	39	1076
NC_037882.1	k141_53816	11662	92.500	360	22	528
NC_037882.1	k141_53816	11662	92.500	360	22	528
NC_037882.1	k141_53816	11662	79.339	121	25	106
NC_037882.1	k141_53816	11662	79.339	121	25	106
NC_037882.1	k141_40051	28471	85.012	13477	1571	15143
NC_037882.1	k141_40051	28471	87.553	3559	339	4407
NC_037882.1	k141_40051	28471	83.033	4102	446	4202
NC_037882.1	k141_40051	28471	73.409	2200	358	1211
NC_037882.1	k141_40051	28471	89.836	305	28	405
NC_037882.1	k141_40051	28471	73.667	600	68	384
NC_037882.1	k141_40051	28471	76.765	439	60	334
NC_037882.1	k141_40051	28471	70.161	744	124	322
NC_037882.1	k141_40051	28471	79.070	301	36	270
NC_037882.1	k141_40051	28471	80.543	221	24	191
NC_037882.1	k141_40051	28471	90.909	121	9	167
NC_037882.1	k141_4433	10197	93.577	8205	329	12510
NC_037882.1	k141_4433	10197	93.577	8205	329	12510
NC_037882.1	k141_4433	10197	94.670	469	25	734
NC_037882.1	k141_4433	10197	94.670	469	25	734
NC_037882.1	k141_4433	10197	87.805	533	22	676
NC_037882.1	k141_4433	10197	87.805	533	22	676
NC_037882.1	k141_4433	10197	89.796	49	5	67.1
NC_037882.1	k141_4433	10197	89.796	49	5	67.1
NC_037882.1	k141_11555	17461	81.855	10245	1211	10129
NC_037882.1	k141_11555	17461	75.845	6127	901	4318
NC_037882.1	k141_11555	17461	76.620	1065	143	764
NC_037882.1	k141_11555	17461	89.691	97	10	131
NC_037882.1	k141_11555	17461	86.538	52	7	63.5
NC_037882.1	k141_11555	17461	87.179	39	5	49.1
NC_037882.1	k141_30894	17580	80.512	8159	1179	7515
NC_037882.1	k141_30894	17580	79.901	2632	415	2361
NC_037882.1	k141_30894	17580	67.745	4635	1162	1541
NC_037882.1	k141_30894	17580	77.153	1370	254	1050
NC_037882.1	k141_30894	17580	84.360	211	27	224
NC_037882.1	k141_30894	17580	78.882	161	34	138
NC_037882.1	k141_30894	17580	79.339	121	25	106
NC_037882.1	k141_30894	17580	97.436	39	1	67.1
NC_037882.1	k141_30894	17580	97.436	39	1	67.1
NC_037882.1	k141_30894	17580	92.857	42	3	63.5
NC_037882.1	k141_61821	5108	91.707	5125	396	7326
NC_037882.1	k141_61821	5108	72.727	165	45	96.0
NC_037882.1	k141_61821	5108	75.397	126	31	88.7
NC_037882.1	k141_40722	21763	84.972	5503	579	6185
NC_037882.1	k141_40722	21763	83.671	2125	266	2260
NC_037882.1	k141_40722	21763	77.246	2694	304	2117
NC_037882.1	k141_40722	21763	85.596	1812	224	2089
NC_037882.1	k141_40722	21763	82.819	1589	248	1627
NC_037882.1	k141_40722	21763	76.135	1542	226	1129
NC_037882.1	k141_40722	21763	91.602	643	52	910
NC_037882.1	k141_40722	21763	73.000	1000	154	588
NC_037882.1	k141_40722	21763	87.968	374	39	464
NC_037882.1	k141_40722	21763	78.853	279	37	231
NC_037882.1	k141_40722	21763	76.190	315	49	214
NC_037882.1	k141_40722	21763	84.667	150	17	155
NC_037882.1	k141_40722	21763	71.495	214	32	106
NC_037882.1	k141_40722	21763	95.238	42	2	68.0
NC_037882.1	k141_40722	21763	92.308	39	3	58.1
NC_037882.1	k141_40722	21763	92.308	39	3	58.1
NC_037882.1	k141_40722	21763	82.051	39	7	40.1
NC_037882.1	k141_41470	2539	97.205	2540	54	4259
NC_037882.1	k141_41470	2539	97.205	2540	54	4259
NC_037882.1	k141_8267	6245	86.946	1578	127	1903
NC_037882.1	k141_8267	6245	78.464	2317	419	1889
NC_037882.1	k141_8267	6245	74.264	781	139	487
NC_037882.1	k141_8267	6245	94.400	125	7	195
NC_037882.1	k141_8267	6245	94.400	125	7	195
NC_037882.1	k141_8267	6245	96.552	87	3	144
NC_037882.1	k141_8267	6245	77.273	132	11	94.2
NC_037882.1	k141_51708	1134	96.561	1134	23	1880
NC_037882.1	k141_51708	1134	96.561	1134	23	1880
NC_037882.1	k141_12868	2223	88.430	968	80	1230
NC_037882.1	k141_12868	2223	91.797	256	20	364
NC_037882.1	k141_12868	2223	91.463	82	7	117
NC_037882.1	k141_12868	2223	88.372	43	5	56.3
NC_037882.1	k141_25275	993	80.802	1047	141	996
NC_037882.1	k141_12774	716	83.894	832	17	962
NC_037882.1	k141_12774	716	83.894	832	17	962
NC_037882.1	k141_54733	17333	93.568	482	24	728
NC_037882.1	k141_54733	17333	72.520	877	210	452
NC_037882.1	k141_54733	17333	72.520	877	210	452
NC_037882.1	k141_54733	17333	77.936	281	60	221
NC_037882.1	k141_54733	17333	77.936	281	60	221
NC_037882.1	k141_54733	17333	91.275	149	3	211
NC_037882.1	k141_54733	17333	91.275	149	3	211
NC_037882.1	k141_54733	17333	86.885	61	8	75.2
NC_037882.1	k141_54733	17333	86.885	61	8	75.2
NC_037882.1	k141_8293	642	81.231	650	89	617
NC_037882.1	k141_8293	642	86.801	447	47	538
NC_037882.1	k141_33677	2495	77.410	695	80	544
NC_037882.1	k141_33677	2495	90.722	97	9	135
NC_037882.1	k141_33677	2495	72.845	232	42	132
NC_037882.1	k141_33677	2495	77.692	130	13	105
NC_037882.1	k141_33677	2495	77.692	130	13	105
NC_037882.1	k141_6326	2063	78.898	635	88	529
NC_037882.1	k141_6326	2063	73.701	616	98	394
NC_037882.1	k141_6326	2063	73.723	137	24	78.8
NC_037882.1	k141_8192	57161	95.098	306	8	487
NC_037882.1	k141_8192	57161	95.098	306	8	487
NC_037882.1	k141_8192	57161	98.582	141	2	246
NC_037882.1	k141_8192	57161	98.582	141	2	246
NC_037882.1	k141_8192	57161	95.455	88	2	139
NC_037882.1	k141_8192	57161	95.455	88	2	139
NC_037882.1	k141_8192	57161	100.000	55	0	100
NC_037882.1	k141_8192	57161	100.000	55	0	100
NC_037882.1	k141_8192	57161	92.308	52	4	77.0
NC_037882.1	k141_8192	57161	92.308	52	4	77.0
NC_037882.1	k141_8192	57161	95.238	42	2	68.0
NC_037882.1	k141_10723	7060	80.204	490	52	443
NC_037882.1	k141_10723	7060	88.235	221	5	279
NC_037882.1	k141_10723	7060	88.235	221	5	279
NC_037882.1	k141_52617	32304	91.558	308	23	437
NC_037882.1	k141_52617	32304	86.000	100	6	121
NC_037882.1	k141_52617	32304	70.466	193	53	86.9
NC_037882.1	k141_52617	32304	70.466	193	53	86.9
NC_037882.1	k141_1871	4466	87.896	347	36	434
NC_037882.1	k141_9618	39705	74.436	532	125	339
NC_037882.1	k141_9618	39705	74.436	532	125	339
NC_037882.1	k141_9618	39705	73.673	471	94	273
NC_037882.1	k141_9618	39705	73.673	471	94	273
NC_037882.1	k141_9618	39705	65.571	517	146	110
NC_037882.1	k141_9618	39705	65.571	517	146	110
NC_037882.1	k141_9618	39705	75.556	135	31	93.3
NC_037882.1	k141_9618	39705	75.556	135	31	93.3
NC_037882.1	k141_5556	20863	93.182	220	6	329
NC_037882.1	k141_5556	20863	93.182	220	6	329
NC_037882.1	k141_39780	8620	84.074	270	7	322
NC_037882.1	k141_39780	8620	84.074	270	7	322
NC_037882.1	k141_39780	8620	92.908	141	10	210
NC_037882.1	k141_13107	4970	95.429	175	8	280
NC_037882.1	k141_51250	8685	69.939	652	182	269
NC_037882.1	k141_51250	8685	70.513	390	76	153
NC_037882.1	k141_51250	8685	68.992	129	40	53.6
NC_037882.1	k141_38845	28345	74.554	448	85	267
NC_037882.1	k141_38845	28345	89.634	164	14	209
NC_037882.1	k141_38845	28345	78.082	219	22	180
NC_037882.1	k141_61568	2159	76.829	328	43	261
NC_037882.1	k141_61568	2159	76.829	328	43	261
NC_037882.1	k141_33057	540	96.429	140	5	231
NC_037882.1	k141_33057	540	96.429	140	5	231
NC_037882.1	k141_10280	13251	95.726	117	5	189
NC_037882.1	k141_10280	13251	91.463	82	7	117
NC_037882.1	k141_2607	15784	98.165	109	2	188
NC_037882.1	k141_2607	15784	98.165	109	2	188
NC_037882.1	k141_2607	15784	91.250	80	7	113
NC_037882.1	k141_2607	15784	77.193	57	13	45.5
NC_037882.1	k141_50366	911	95.495	111	5	178
NC_037882.1	k141_50366	911	95.495	111	5	178
NC_037882.1	k141_9735	416	84.375	160	23	169
NC_037882.1	k141_57816	4109	82.270	141	17	145
NC_037882.1	k141_43896	7995	98.750	80	1	141
NC_037882.1	k141_37161	33674	78.519	135	25	108
NC_037882.1	k141_12253	9714	91.892	74	6	107
NC_037882.1	k141_12253	9714	91.892	74	6	107
NC_037882.1	k141_12253	9714	81.250	80	15	77.9
NC_037882.1	k141_6806	627	85.897	78	11	92.4
NC_037882.1	k141_17586	6642	77.391	115	23	85.1
NC_037882.1	k141_17586	6642	77.391	115	23	85.1
NC_037882.1	k141_29625	466	91.525	59	5	85.1
NC_037882.1	k141_61191	579	100.000	43	0	78.8
NC_037882.1	k141_45214	4061	95.455	44	2	71.6
NC_037882.1	k141_45214	4061	95.455	44	2	71.6
NC_037882.1	k141_33934	1052	90.196	51	5	70.7
NC_037882.1	k141_33934	1052	90.196	51	5	70.7
NC_037882.1	k141_9056	427	91.304	46	4	66.2
NC_037882.1	k141_41499	432	85.714	56	8	66.2
NC_037882.1	k141_2178	379	75.949	79	19	58.1
NC_037882.1	k141_2178	379	75.949	79	19	58.1
NC_037882.1	k141_21339	975	74.603	63	14	40.1
NC_037882.1	k141_40287	614	75.000	60	13	39.2
NC_037882.1	k141_48878	474	75.000	60	13	39.2
NC_056190.1	k141_40051	28471	89.357	18999	1405	25090
NC_056190.1	k141_40051	28471	88.827	4484	311	5851
NC_056190.1	k141_40051	28471	80.929	1809	171	1720
NC_056190.1	k141_40051	28471	77.710	1633	194	1264
NC_056190.1	k141_40051	28471	75.563	1244	196	863
NC_056190.1	k141_40051	28471	80.779	770	92	687
NC_056190.1	k141_53816	11662	96.251	11391	206	18673
NC_056190.1	k141_53816	11662	96.251	11391	206	18673
NC_056190.1	k141_53816	11662	75.676	148	26	105
NC_056190.1	k141_53816	11662	75.676	148	26	105
NC_056190.1	k141_53816	11662	88.889	54	5	68.0
NC_056190.1	k141_53816	11662	88.889	54	5	68.0
NC_056190.1	k141_53816	11662	95.122	41	2	66.2
NC_056190.1	k141_4433	10197	95.998	10244	241	16693
NC_056190.1	k141_4433	10197	95.998	10244	241	16693
NC_056190.1	k141_11555	17461	85.395	12989	1170	14910
NC_056190.1	k141_11555	17461	87.406	5058	435	6266
NC_056190.1	k141_11555	17461	95.652	46	2	75.2
NC_056190.1	k141_11555	17461	87.179	39	5	49.1
NC_056190.1	k141_61821	5108	95.249	5115	228	8125
NC_056190.1	k141_61821	5108	72.727	165	45	96.0
NC_056190.1	k141_61821	5108	72.121	165	46	91.5
NC_056190.1	k141_40722	21763	88.706	5959	430	7747
NC_056190.1	k141_40722	21763	85.379	3023	223	3454
NC_056190.1	k141_40722	21763	88.770	2146	199	2782
NC_056190.1	k141_40722	21763	85.971	2060	212	2424
NC_056190.1	k141_40722	21763	83.698	1509	118	1634
NC_056190.1	k141_40722	21763	82.939	1565	186	1584
NC_056190.1	k141_40722	21763	76.986	2064	252	1557
NC_056190.1	k141_40722	21763	85.932	1180	109	1373
NC_056190.1	k141_40722	21763	97.436	39	1	67.1
NC_056190.1	k141_40722	21763	90.476	42	4	59.0
NC_056190.1	k141_40722	21763	92.308	39	3	58.1
NC_056190.1	k141_40722	21763	92.308	39	3	58.1
NC_056190.1	k141_40722	21763	86.842	38	5	47.3
NC_056190.1	k141_40722	21763	86.842	38	5	47.3
NC_056190.1	k141_40722	21763	74.194	62	16	41.0
NC_056190.1	k141_30894	17580	80.631	7760	1134	7236
NC_056190.1	k141_30894	17580	84.302	3268	336	3588
NC_056190.1	k141_30894	17580	82.405	1688	191	1689
NC_056190.1	k141_30894	17580	76.885	610	67	473
NC_056190.1	k141_30894	17580	72.673	666	142	390
NC_056190.1	k141_30894	17580	82.254	355	56	345
NC_056190.1	k141_30894	17580	75.714	140	24	100
NC_056190.1	k141_30894	17580	75.714	140	24	100
NC_056190.1	k141_30894	17580	97.436	39	1	67.1
NC_056190.1	k141_30894	17580	97.436	39	1	67.1
NC_056190.1	k141_30894	17580	90.476	42	4	59.0
NC_056190.1	k141_8267	6245	86.444	4094	394	4914
NC_056190.1	k141_8267	6245	76.333	1538	204	1088
NC_056190.1	k141_8267	6245	93.939	132	8	203
NC_056190.1	k141_8267	6245	93.939	132	8	203
NC_056190.1	k141_8267	6245	79.894	189	20	150
NC_056190.1	k141_41470	2539	97.768	2554	38	4340
NC_056190.1	k141_41470	2539	97.768	2554	38	4340
NC_056190.1	k141_41470	2539	97.959	49	1	85.1
NC_056190.1	k141_41470	2539	97.959	49	1	85.1
NC_056190.1	k141_51708	1134	98.942	1134	12	1992
NC_056190.1	k141_51708	1134	98.942	1134	12	1992
NC_056190.1	k141_51708	1134	95.122	41	2	66.2
NC_056190.1	k141_12868	2223	89.390	1376	92	1814
NC_056190.1	k141_12868	2223	78.754	626	96	505
NC_056190.1	k141_25275	993	85.645	1031	98	1197
NC_056190.1	k141_12774	716	92.792	763	8	1153
NC_056190.1	k141_12774	716	92.792	763	8	1153
NC_056190.1	k141_6326	2063	79.458	1217	142	1071
NC_056190.1	k141_6326	2063	80.492	610	73	574
NC_056190.1	k141_8293	642	87.558	643	41	799
NC_056190.1	k141_8293	642	92.391	184	9	269
NC_056190.1	k141_33677	2495	86.749	649	58	755
NC_056190.1	k141_33677	2495	79.823	793	96	704
NC_056190.1	k141_54733	17333	94.606	482	19	750
NC_056190.1	k141_54733	17333	72.635	888	212	462
NC_056190.1	k141_54733	17333	72.635	888	212	462
NC_056190.1	k141_54733	17333	97.872	141	1	239
NC_056190.1	k141_54733	17333	97.872	141	1	239
NC_056190.1	k141_54733	17333	77.580	281	61	216
NC_056190.1	k141_54733	17333	77.580	281	61	216
NC_056190.1	k141_54733	17333	86.885	61	8	75.2
NC_056190.1	k141_54733	17333	86.885	61	8	75.2
NC_056190.1	k141_10723	7060	87.949	473	41	584
NC_056190.1	k141_10723	7060	95.455	220	3	350
NC_056190.1	k141_10723	7060	95.455	220	3	350
NC_056190.1	k141_8192	57161	98.328	299	5	517
NC_056190.1	k141_8192	57161	98.328	299	5	517
NC_056190.1	k141_8192	57161	98.582	141	2	246
NC_056190.1	k141_8192	57161	98.582	141	2	246
NC_056190.1	k141_8192	57161	94.318	88	3	134
NC_056190.1	k141_8192	57161	94.318	88	3	134
NC_056190.1	k141_8192	57161	98.182	55	1	96.0
NC_056190.1	k141_8192	57161	98.182	55	1	96.0
NC_056190.1	k141_8192	57161	95.122	41	2	66.2
NC_056190.1	k141_9618	39705	70.675	1156	270	516
NC_056190.1	k141_9618	39705	70.675	1156	270	516
NC_056190.1	k141_9618	39705	65.010	523	145	104
NC_056190.1	k141_9618	39705	65.010	523	145	104
NC_056190.1	k141_9618	39705	80.412	97	19	90.6
NC_056190.1	k141_9618	39705	80.412	97	19	90.6
NC_056190.1	k141_38845	28345	81.474	502	73	473
NC_056190.1	k141_38845	28345	87.647	170	13	211
NC_056190.1	k141_38845	28345	86.154	130	11	156
NC_056190.1	k141_52617	32304	95.423	284	13	454
NC_056190.1	k141_52617	32304	89.000	100	3	134
NC_056190.1	k141_52617	32304	70.466	193	53	86.9
NC_056190.1	k141_52617	32304	70.466	193	53	86.9
NC_056190.1	k141_1871	4466	88.473	347	34	443
NC_056190.1	k141_10280	13251	94.465	271	15	422
NC_056190.1	k141_39780	8620	85.556	270	3	340
NC_056190.1	k141_39780	8620	85.556	270	3	340
NC_056190.1	k141_39780	8620	98.582	141	2	246
NC_056190.1	k141_5556	20863	92.273	220	7	316
NC_056190.1	k141_5556	20863	92.273	220	7	316
NC_056190.1	k141_51250	8685	68.788	833	209	314
NC_056190.1	k141_51250	8685	72.651	479	53	295
NC_056190.1	k141_61568	2159	80.938	320	35	313
NC_056190.1	k141_61568	2159	80.938	320	35	313
NC_056190.1	k141_13107	4970	97.041	169	5	283
NC_056190.1	k141_33057	540	96.429	140	5	231
NC_056190.1	k141_33057	540	96.429	140	5	231
NC_056190.1	k141_9735	416	91.096	146	13	205
NC_056190.1	k141_2607	15784	100.000	109	0	197
NC_056190.1	k141_2607	15784	100.000	109	0	197
NC_056190.1	k141_2607	15784	93.671	79	5	121
NC_056190.1	k141_2607	15784	77.193	57	13	45.5
NC_056190.1	k141_50366	911	98.198	111	2	192
NC_056190.1	k141_50366	911	98.198	111	2	192
NC_056190.1	k141_57816	4109	89.362	141	7	190
NC_056190.1	k141_37161	33674	89.051	137	12	178
NC_056190.1	k141_6261	352	77.021	235	32	174
NC_056190.1	k141_43896	7995	97.531	81	2	138
NC_056190.1	k141_43896	7995	76.000	125	25	82.4
NC_056190.1	k141_33934	1052	97.222	72	2	122
NC_056190.1	k141_33934	1052	97.222	72	2	122
NC_056190.1	k141_6806	627	91.026	78	7	110
NC_056190.1	k141_12253	9714	91.892	74	6	107
NC_056190.1	k141_12253	9714	91.892	74	6	107
NC_056190.1	k141_3694	312	87.356	87	10	104
NC_056190.1	k141_29625	466	94.915	59	3	94.2
NC_056190.1	k141_22974	528	93.333	60	4	91.5
NC_056190.1	k141_17586	6642	77.391	115	23	85.1
NC_056190.1	k141_17586	6642	77.391	115	23	85.1
NC_056190.1	k141_45214	4061	90.741	54	5	76.1
NC_056190.1	k141_45214	4061	90.741	54	5	76.1
NC_056190.1	k141_61191	579	97.674	43	1	74.3
NC_056190.1	k141_9056	427	93.478	46	3	70.7
NC_056190.1	k141_2139	1920	97.222	36	1	61.7
NC_056190.1	k141_41499	432	83.929	56	9	61.7
NC_056190.1	k141_2178	379	74.684	79	20	53.6
NC_056190.1	k141_2178	379	74.684	79	20	53.6
MN564931.1	k141_53816	11662	92.318	10740	462	15625
MN564931.1	k141_53816	11662	92.318	10740	462	15625
MN564931.1	k141_53816	11662	86.479	710	45	858
MN564931.1	k141_53816	11662	86.479	710	45	858
MN564931.1	k141_53816	11662	78.200	500	72	413
MN564931.1	k141_53816	11662	78.200	500	72	413
MN564931.1	k141_53816	11662	97.619	42	1	72.5
MN564931.1	k141_40051	28471	85.484	12510	1517	14328
MN564931.1	k141_40051	28471	83.141	4241	466	4384
MN564931.1	k141_40051	28471	82.709	3256	397	3322
MN564931.1	k141_40051	28471	77.016	831	126	620
MN564931.1	k141_40051	28471	80.877	570	84	515
MN564931.1	k141_40051	28471	83.239	352	48	375
MN564931.1	k141_40051	28471	79.148	446	76	374
MN564931.1	k141_40051	28471	78.774	424	61	341
MN564931.1	k141_40051	28471	82.156	269	39	273
MN564931.1	k141_40051	28471	69.163	681	129	229
MN564931.1	k141_40051	28471	98.058	103	2	178
MN564931.1	k141_40051	28471	74.113	282	53	158
MN564931.1	k141_40051	28471	93.902	82	4	123
MN564931.1	k141_40051	28471	77.570	107	7	92.4
MN564931.1	k141_61821	5108	91.113	5120	429	7175
MN564931.1	k141_61821	5108	65.913	531	161	124
MN564931.1	k141_61821	5108	72.727	165	45	96.0
MN564931.1	k141_61821	5108	74.757	103	24	62.6
MN564931.1	k141_4433	10197	85.094	5347	488	6126
MN564931.1	k141_4433	10197	85.094	5347	488	6126
MN564931.1	k141_4433	10197	93.263	2167	91	3246
MN564931.1	k141_4433	10197	93.263	2167	91	3246
MN564931.1	k141_4433	10197	79.457	1032	60	962
MN564931.1	k141_4433	10197	79.457	1032	60	962
MN564931.1	k141_4433	10197	87.449	733	74	911
MN564931.1	k141_4433	10197	87.449	733	74	911
MN564931.1	k141_4433	10197	87.759	482	44	609
MN564931.1	k141_4433	10197	87.759	482	44	609
MN564931.1	k141_4433	10197	93.333	45	3	68.9
MN564931.1	k141_4433	10197	93.333	45	3	68.9
MN564931.1	k141_11555	17461	80.675	6344	821	5855
MN564931.1	k141_11555	17461	81.258	3815	558	3654
MN564931.1	k141_11555	17461	75.094	2931	456	1945
MN564931.1	k141_11555	17461	73.604	1182	195	696
MN564931.1	k141_11555	17461	77.358	689	88	525
MN564931.1	k141_11555	17461	88.782	312	33	398
MN564931.1	k141_11555	17461	78.370	319	54	260
MN564931.1	k141_11555	17461	84.416	231	30	247
MN564931.1	k141_11555	17461	80.000	190	27	173
MN564931.1	k141_11555	17461	80.556	180	31	167
MN564931.1	k141_11555	17461	80.137	146	24	129
MN564931.1	k141_11555	17461	87.179	39	5	49.1
MN564931.1	k141_40722	21763	82.525	5505	662	5573
MN564931.1	k141_40722	21763	85.388	1882	244	2124
MN564931.1	k141_40722	21763	82.271	1929	280	1921
MN564931.1	k141_40722	21763	77.997	1568	256	1286
MN564931.1	k141_40722	21763	82.263	1246	153	1232
MN564931.1	k141_40722	21763	77.052	1194	180	904
MN564931.1	k141_40722	21763	82.750	771	92	788
MN564931.1	k141_40722	21763	79.350	862	100	737
MN564931.1	k141_40722	21763	72.222	1116	187	596
MN564931.1	k141_40722	21763	83.051	354	49	370
MN564931.1	k141_40722	21763	89.116	147	16	194
MN564931.1	k141_40722	21763	92.105	114	5	156
MN564931.1	k141_40722	21763	75.000	136	18	85.1
MN564931.1	k141_40722	21763	92.857	42	3	63.5
MN564931.1	k141_40722	21763	94.872	39	2	62.6
MN564931.1	k141_40722	21763	94.872	39	2	62.6
MN564931.1	k141_40722	21763	85.714	42	6	50.0
MN564931.1	k141_40722	21763	82.979	47	8	50.0
MN564931.1	k141_40722	21763	84.211	38	6	42.8
MN564931.1	k141_40722	21763	84.211	38	6	42.8
MN564931.1	k141_30894	17580	80.092	5003	765	4479
MN564931.1	k141_30894	17580	81.636	2701	441	2577
MN564931.1	k141_30894	17580	80.626	2235	389	2060
MN564931.1	k141_30894	17580	78.930	1234	220	1022
MN564931.1	k141_30894	17580	69.737	1216	268	512
MN564931.1	k141_30894	17580	69.737	1216	268	512
MN564931.1	k141_30894	17580	66.989	1033	275	318
MN564931.1	k141_30894	17580	66.989	1033	275	318
MN564931.1	k141_30894	17580	78.829	222	42	185
MN564931.1	k141_30894	17580	80.711	197	34	170
MN564931.1	k141_30894	17580	80.711	197	34	170
MN564931.1	k141_30894	17580	65.885	384	119	100
MN564931.1	k141_30894	17580	65.885	384	119	100
MN564931.1	k141_30894	17580	79.661	118	22	98.7
MN564931.1	k141_30894	17580	79.661	118	22	98.7
MN564931.1	k141_30894	17580	100.000	39	0	71.6
MN564931.1	k141_30894	17580	100.000	39	0	71.6
MN564931.1	k141_30894	17580	92.857	42	3	63.5
MN564931.1	k141_30894	17580	86.275	51	7	61.7
MN564931.1	k141_41470	2539	95.685	2549	74	4103
MN564931.1	k141_41470	2539	95.685	2549	74	4103
MN564931.1	k141_8267	6245	80.251	4061	602	3650
MN564931.1	k141_8267	6245	75.443	733	115	471
MN564931.1	k141_8267	6245	90.400	125	12	172
MN564931.1	k141_8267	6245	90.400	125	12	172
MN564931.1	k141_8267	6245	100.000	79	0	143
MN564931.1	k141_51708	1134	97.002	1134	25	1896
MN564931.1	k141_51708	1134	97.002	1134	25	1896
MN564931.1	k141_51708	1134	97.619	42	1	72.5
MN564931.1	k141_12868	2223	87.274	1053	86	1280
MN564931.1	k141_12868	2223	92.344	209	16	306
MN564931.1	k141_12868	2223	87.805	41	5	52.7
MN564931.1	k141_25275	993	81.474	977	158	936
MN564931.1	k141_12774	716	83.092	828	27	929
MN564931.1	k141_12774	716	83.092	828	27	929
MN564931.1	k141_54733	17333	90.269	483	40	657
MN564931.1	k141_54733	17333	72.748	877	208	461
MN564931.1	k141_54733	17333	72.748	877	208	461
MN564931.1	k141_54733	17333	77.936	281	60	221
MN564931.1	k141_54733	17333	77.936	281	60	221
MN564931.1	k141_54733	17333	85.235	149	12	170
MN564931.1	k141_54733	17333	85.235	149	12	170
MN564931.1	k141_54733	17333	86.885	61	8	75.2
MN564931.1	k141_54733	17333	86.885	61	8	75.2
MN564931.1	k141_8293	642	80.495	646	99	586
MN564931.1	k141_8293	642	86.614	254	24	306
MN564931.1	k141_8192	57161	96.656	299	10	495
MN564931.1	k141_8192	57161	96.656	299	10	495
MN564931.1	k141_8192	57161	98.582	141	2	246
MN564931.1	k141_8192	57161	98.582	141	2	246
MN564931.1	k141_8192	57161	97.619	84	2	143
MN564931.1	k141_8192	57161	97.619	84	2	143
MN564931.1	k141_8192	57161	94.545	55	3	86.9
MN564931.1	k141_8192	57161	94.545	55	3	86.9
MN564931.1	k141_8192	57161	97.619	42	1	72.5
MN564931.1	k141_1871	4466	88.761	347	33	447
MN564931.1	k141_6326	2063	75.120	623	87	437
MN564931.1	k141_6326	2063	72.697	608	104	346
MN564931.1	k141_52617	32304	88.850	287	29	372
MN564931.1	k141_52617	32304	93.333	75	5	113
MN564931.1	k141_52617	32304	70.466	193	53	86.9
MN564931.1	k141_52617	32304	70.466	193	53	86.9
MN564931.1	k141_10723	7060	77.223	461	61	367
MN564931.1	k141_10723	7060	85.455	220	11	254
MN564931.1	k141_10723	7060	85.455	220	11	254
MN564931.1	k141_33677	2495	79.024	410	48	346
MN564931.1	k141_33677	2495	73.881	268	42	167
MN564931.1	k141_33677	2495	81.481	135	20	127
MN564931.1	k141_33677	2495	77.586	116	18	86.9
MN564931.1	k141_33677	2495	77.586	116	18	86.9
MN564931.1	k141_10280	13251	87.546	273	28	332
MN564931.1	k141_9618	39705	73.872	532	128	325
MN564931.1	k141_9618	39705	73.872	532	128	325
MN564931.1	k141_9618	39705	74.518	467	97	277
MN564931.1	k141_9618	39705	74.518	467	97	277
MN564931.1	k141_9618	39705	65.571	517	146	110
MN564931.1	k141_9618	39705	65.571	517	146	110
MN564931.1	k141_9618	39705	75.556	135	31	93.3
MN564931.1	k141_9618	39705	75.556	135	31	93.3
MN564931.1	k141_39780	8620	82.963	270	10	308
MN564931.1	k141_39780	8620	82.963	270	10	308
MN564931.1	k141_39780	8620	90.000	140	14	190
MN564931.1	k141_5556	20863	90.950	221	10	305
MN564931.1	k141_5556	20863	90.950	221	10	305
MN564931.1	k141_51250	8685	67.811	845	235	296
MN564931.1	k141_51250	8685	70.819	281	50	117
MN564931.1	k141_61568	2159	78.816	321	42	283
MN564931.1	k141_61568	2159	78.816	321	42	283
MN564931.1	k141_13107	4970	91.860	172	14	248
MN564931.1	k141_38845	28345	74.265	408	68	233
MN564931.1	k141_38845	28345	81.313	198	30	193
MN564931.1	k141_38845	28345	86.624	157	20	186
MN564931.1	k141_38845	28345	74.634	205	25	129
MN564931.1	k141_33057	540	96.429	140	5	231
MN564931.1	k141_33057	540	96.429	140	5	231
MN564931.1	k141_2607	15784	99.083	109	1	193
MN564931.1	k141_2607	15784	99.083	109	1	193
MN564931.1	k141_2607	15784	94.521	73	4	114
MN564931.1	k141_2607	15784	77.193	57	13	45.5
MN564931.1	k141_9735	416	86.250	160	20	183
MN564931.1	k141_50366	911	92.793	111	8	165
MN564931.1	k141_50366	911	92.793	111	8	165
MN564931.1	k141_43896	7995	97.500	80	2	136
MN564931.1	k141_43896	7995	70.896	134	33	63.5
MN564931.1	k141_37161	33674	83.193	119	20	125
MN564931.1	k141_57816	4109	77.622	143	18	109
MN564931.1	k141_12253	9714	90.541	74	7	103
MN564931.1	k141_12253	9714	90.541	74	7	103
MN564931.1	k141_12253	9714	78.750	80	17	68.9
MN564931.1	k141_29625	466	94.915	59	3	94.2
MN564931.1	k141_17586	6642	77.391	115	23	85.1
MN564931.1	k141_17586	6642	77.391	115	23	85.1
MN564931.1	k141_6806	627	83.333	78	13	83.3
MN564931.1	k141_9056	427	97.826	46	1	79.7
MN564931.1	k141_45214	4061	87.097	62	8	77.0
MN564931.1	k141_45214	4061	87.097	62	8	77.0
MN564931.1	k141_61191	579	97.674	43	1	74.3
MN564931.1	k141_33934	1052	82.353	68	12	69.8
MN564931.1	k141_33934	1052	82.353	68	12	69.8
MN564931.1	k141_2178	379	75.949	79	19	58.1
MN564931.1	k141_2178	379	75.949	79	19	58.1
NC_031651.1	k141_40051	28471	84.304	12685	1672	13850
NC_031651.1	k141_40051	28471	81.190	4301	506	4153
NC_031651.1	k141_40051	28471	82.005	4140	536	4003
NC_031651.1	k141_40051	28471	73.312	948	168	534
NC_031651.1	k141_40051	28471	80.292	411	61	368
NC_031651.1	k141_40051	28471	75.655	534	86	354
NC_031651.1	k141_40051	28471	83.230	322	54	338
NC_031651.1	k141_40051	28471	84.091	220	28	242
NC_031651.1	k141_40051	28471	85.135	148	18	163
NC_031651.1	k141_40051	28471	93.333	105	5	156
NC_031651.1	k141_40051	28471	72.031	261	46	140
NC_031651.1	k141_40051	28471	90.909	99	9	139
NC_031651.1	k141_53816	11662	93.327	9127	344	13737
NC_031651.1	k141_53816	11662	93.327	9127	344	13737
NC_031651.1	k141_53816	11662	79.975	1598	120	1494
NC_031651.1	k141_53816	11662	79.975	1598	120	1494
NC_031651.1	k141_53816	11662	84.691	921	113	1029
NC_031651.1	k141_53816	11662	81.356	118	20	107
NC_031651.1	k141_53816	11662	91.228	57	5	81.5
NC_031651.1	k141_53816	11662	95.238	42	2	68.0
NC_031651.1	k141_4433	10197	92.217	9097	533	13255
NC_031651.1	k141_4433	10197	92.217	9097	533	13255
NC_031651.1	k141_4433	10197	82.932	1037	74	1094
NC_031651.1	k141_4433	10197	82.932	1037	74	1094
NC_031651.1	k141_61821	5108	90.263	5135	462	6996
NC_031651.1	k141_61821	5108	73.939	165	43	104
NC_031651.1	k141_61821	5108	77.686	121	27	97.8
NC_031651.1	k141_40722	21763	85.507	4271	482	4887
NC_031651.1	k141_40722	21763	84.989	1832	219	2057
NC_031651.1	k141_40722	21763	79.262	2141	246	1840
NC_031651.1	k141_40722	21763	81.157	1884	319	1767
NC_031651.1	k141_40722	21763	78.681	1562	286	1314
NC_031651.1	k141_40722	21763	80.690	1015	144	900
NC_031651.1	k141_40722	21763	77.963	1080	145	883
NC_031651.1	k141_40722	21763	76.336	1179	195	864
NC_031651.1	k141_40722	21763	72.355	1172	212	606
NC_031651.1	k141_40722	21763	87.433	374	34	462
NC_031651.1	k141_40722	21763	89.189	148	11	196
NC_031651.1	k141_40722	21763	94.872	39	2	62.6
NC_031651.1	k141_40722	21763	94.872	39	2	62.6
NC_031651.1	k141_40722	21763	77.049	61	14	48.2
NC_031651.1	k141_40722	21763	86.842	38	5	47.3
NC_031651.1	k141_40722	21763	86.842	38	5	47.3
NC_031651.1	k141_40722	21763	82.500	40	7	41.9
NC_031651.1	k141_41470	2539	94.277	2586	81	4003
NC_031651.1	k141_41470	2539	94.277	2586	81	4003
NC_031651.1	k141_41470	2539	100.000	49	0	89.7
NC_031651.1	k141_41470	2539	100.000	49	0	89.7
NC_031651.1	k141_11555	17461	81.777	3523	435	3439
NC_031651.1	k141_11555	17461	78.221	2755	392	2276
NC_031651.1	k141_11555	17461	80.497	2133	331	1963
NC_031651.1	k141_11555	17461	73.893	3003	495	1791
NC_031651.1	k141_11555	17461	76.343	1657	264	1188
NC_031651.1	k141_11555	17461	83.133	996	139	1025
NC_031651.1	k141_11555	17461	74.162	1134	199	688
NC_031651.1	k141_11555	17461	78.778	589	95	499
NC_031651.1	k141_11555	17461	69.561	1163	213	489
NC_031651.1	k141_11555	17461	78.409	176	35	141
NC_031651.1	k141_8267	6245	78.284	4020	655	3259
NC_031651.1	k141_8267	6245	70.626	783	147	356
NC_031651.1	k141_8267	6245	81.176	170	28	153
NC_031651.1	k141_8267	6245	91.429	105	7	147
NC_031651.1	k141_8267	6245	96.610	59	2	98.7
NC_031651.1	k141_30894	17580	80.150	2791	435	2522
NC_031651.1	k141_30894	17580	81.797	2549	404	2483
NC_031651.1	k141_30894	17580	80.000	2250	420	2016
NC_031651.1	k141_30894	17580	83.719	1382	185	1470
NC_031651.1	k141_30894	17580	66.684	3824	961	1052
NC_031651.1	k141_30894	17580	76.841	1222	242	911
NC_031651.1	k141_30894	17580	82.202	663	112	652
NC_031651.1	k141_30894	17580	71.047	449	119	212
NC_031651.1	k141_30894	17580	80.365	219	36	190
NC_031651.1	k141_30894	17580	81.356	118	20	107
NC_031651.1	k141_30894	17580	100.000	39	0	71.6
NC_031651.1	k141_30894	17580	100.000	39	0	71.6
NC_031651.1	k141_30894	17580	100.000	39	0	71.6
NC_031651.1	k141_51708	1134	96.649	1134	37	1871
NC_031651.1	k141_51708	1134	96.649	1134	37	1871
NC_031651.1	k141_51708	1134	95.238	42	2	68.0
NC_031651.1	k141_12868	2223	87.623	1018	90	1247
NC_031651.1	k141_12868	2223	89.474	209	22	279
NC_031651.1	k141_12774	716	83.804	815	32	934
NC_031651.1	k141_12774	716	83.804	815	32	934
NC_031651.1	k141_54733	17333	91.909	482	32	691
NC_031651.1	k141_54733	17333	72.955	880	201	467
NC_031651.1	k141_54733	17333	72.955	880	201	467
NC_031651.1	k141_54733	17333	77.936	281	60	221
NC_031651.1	k141_54733	17333	77.936	281	60	221
NC_031651.1	k141_54733	17333	88.667	150	6	191
NC_031651.1	k141_54733	17333	88.667	150	6	191
NC_031651.1	k141_54733	17333	86.885	61	8	75.2
NC_031651.1	k141_54733	17333	86.885	61	8	75.2
NC_031651.1	k141_25275	993	86.131	548	73	645
NC_031651.1	k141_25275	993	82.759	348	57	356
NC_031651.1	k141_33677	2495	77.369	707	100	541
NC_031651.1	k141_33677	2495	78.977	176	34	145
NC_031651.1	k141_6326	2063	80.098	613	96	535
NC_031651.1	k141_6326	2063	73.500	600	103	335
NC_031651.1	k141_9618	39705	70.390	1155	275	508
NC_031651.1	k141_9618	39705	70.390	1155	275	508
NC_031651.1	k141_9618	39705	65.377	517	147	110
NC_031651.1	k141_9618	39705	65.377	517	147	110
NC_031651.1	k141_9618	39705	75.373	134	31	91.5
NC_031651.1	k141_9618	39705	75.373	134	31	91.5
NC_031651.1	k141_8293	642	75.735	680	110	492
NC_031651.1	k141_8293	642	91.429	105	7	147
NC_031651.1	k141_8192	57161	96.321	299	11	490
NC_031651.1	k141_8192	57161	96.321	299	11	490
NC_031651.1	k141_8192	57161	97.872	141	3	242
NC_031651.1	k141_8192	57161	97.872	141	3	242
NC_031651.1	k141_8192	57161	94.318	88	3	134
NC_031651.1	k141_8192	57161	94.318	88	3	134
NC_031651.1	k141_8192	57161	98.182	55	1	96.0
NC_031651.1	k141_8192	57161	98.182	55	1	96.0
NC_031651.1	k141_8192	57161	95.238	42	2	68.0
NC_031651.1	k141_1871	4466	85.591	347	44	398
NC_031651.1	k141_10723	7060	77.254	488	63	374
NC_031651.1	k141_10723	7060	85.377	212	19	241
NC_031651.1	k141_10723	7060	85.377	212	19	241
NC_031651.1	k141_10280	13251	87.956	274	30	340
NC_031651.1	k141_39780	8620	84.074	270	7	322
NC_031651.1	k141_39780	8620	84.074	270	7	322
NC_031651.1	k141_39780	8620	94.326	141	8	219
NC_031651.1	k141_52617	32304	83.986	281	45	305
NC_031651.1	k141_52617	32304	83.000	100	9	107
NC_031651.1	k141_52617	32304	70.984	193	52	91.5
NC_031651.1	k141_52617	32304	70.984	193	52	91.5
NC_031651.1	k141_51250	8685	69.800	649	188	268
NC_031651.1	k141_51250	8685	68.862	167	46	59.9
NC_031651.1	k141_5556	20863	86.364	220	21	261
NC_031651.1	k141_5556	20863	86.364	220	21	261
NC_031651.1	k141_38845	28345	72.311	437	80	235
NC_031651.1	k141_38845	28345	90.411	146	9	201
NC_031651.1	k141_38845	28345	94.681	94	5	148
NC_031651.1	k141_13107	4970	89.143	175	19	231
NC_031651.1	k141_33057	540	94.286	140	8	217
NC_031651.1	k141_33057	540	94.286	140	8	217
NC_031651.1	k141_2607	15784	99.083	109	1	193
NC_031651.1	k141_2607	15784	99.083	109	1	193
NC_031651.1	k141_2607	15784	91.026	78	7	110
NC_031651.1	k141_2607	15784	77.193	57	13	45.5
NC_031651.1	k141_9735	416	86.250	160	20	183
NC_031651.1	k141_50366	911	93.694	111	7	169
NC_031651.1	k141_50366	911	93.694	111	7	169
NC_031651.1	k141_61568	2159	86.131	137	17	155
NC_031651.1	k141_61568	2159	86.131	137	17	155
NC_031651.1	k141_57816	4109	79.433	141	21	123
NC_031651.1	k141_37161	33674	82.759	116	20	120
NC_031651.1	k141_12253	9714	91.892	74	6	107
NC_031651.1	k141_12253	9714	91.892	74	6	107
NC_031651.1	k141_12253	9714	75.200	125	29	79.7
NC_031651.1	k141_43896	7995	76.812	138	26	102
NC_031651.1	k141_43896	7995	100.000	55	0	100
NC_031651.1	k141_29625	466	85.185	81	9	91.5
NC_031651.1	k141_6806	627	84.615	78	12	87.8
NC_031651.1	k141_17586	6642	77.391	115	23	85.1
NC_031651.1	k141_17586	6642	77.391	115	23	85.1
NC_031651.1	k141_33934	1052	85.294	68	10	78.8
NC_031651.1	k141_33934	1052	85.294	68	10	78.8
NC_031651.1	k141_61191	579	100.000	43	0	78.8
NC_031651.1	k141_45214	4061	92.308	52	4	77.0
NC_031651.1	k141_45214	4061	92.308	52	4	77.0
NC_031651.1	k141_41499	432	89.286	56	6	75.2
NC_031651.1	k141_9056	427	91.304	46	4	66.2
NC_031651.1	k141_2178	379	75.949	79	19	58.1
NC_031651.1	k141_2178	379	75.949	79	19	58.1
MW366789.1	k141_53816	11662	89.894	5284	315	7081
MW366789.1	k141_53816	11662	89.894	5284	315	7081
MW366789.1	k141_53816	11662	90.924	1807	104	2520
MW366789.1	k141_53816	11662	90.924	1807	104	2520
MW366789.1	k141_53816	11662	83.252	615	63	650
MW366789.1	k141_53816	11662	83.252	615	63	650
MW366789.1	k141_53816	11662	84.189	487	63	522
MW366789.1	k141_53816	11662	84.189	487	63	522
MW366789.1	k141_53816	11662	84.335	466	45	506
MW366789.1	k141_53816	11662	84.335	466	45	506
MW366789.1	k141_53816	11662	84.335	466	45	506
MW366789.1	k141_53816	11662	96.350	137	5	225
MW366789.1	k141_53816	11662	96.350	137	5	225
MW366789.1	k141_53816	11662	83.173	208	26	217
MW366789.1	k141_53816	11662	83.523	176	28	184
MW366789.1	k141_53816	11662	83.523	176	28	184
MW366789.1	k141_53816	11662	86.207	116	10	141
MW366789.1	k141_53816	11662	86.207	116	10	139
MW366789.1	k141_53816	11662	92.391	92	7	135
MW366789.1	k141_53816	11662	92.391	92	7	135
MW366789.1	k141_40051	28471	78.875	8374	1521	7053
MW366789.1	k141_40051	28471	89.794	2567	257	3444
MW366789.1	k141_40051	28471	76.742	3530	622	2561
MW366789.1	k141_40051	28471	72.316	2077	471	1117
MW366789.1	k141_40051	28471	84.318	829	119	897
MW366789.1	k141_40051	28471	70.988	1134	243	554
MW366789.1	k141_40051	28471	84.375	416	54	450
MW366789.1	k141_40051	28471	71.819	731	129	374
MW366789.1	k141_40051	28471	85.020	247	35	272
MW366789.1	k141_40051	28471	77.987	318	54	242
MW366789.1	k141_40051	28471	75.967	362	65	236
MW366789.1	k141_40051	28471	75.627	279	51	195
MW366789.1	k141_40051	28471	77.406	239	39	170
MW366789.1	k141_40051	28471	95.192	104	5	166
MW366789.1	k141_40051	28471	81.944	144	18	137
MW366789.1	k141_40051	28471	90.816	98	6	135
MW366789.1	k141_40051	28471	98.684	76	1	133
MW366789.1	k141_40051	28471	94.667	75	4	118
MW366789.1	k141_40051	28471	87.368	95	11	114
MW366789.1	k141_40051	28471	82.171	129	17	113
MW366789.1	k141_40051	28471	84.259	108	14	108
MW366789.1	k141_40051	28471	83.019	53	9	56.3
MW366789.1	k141_40051	28471	83.019	53	9	56.3
MW366789.1	k141_40051	28471	79.032	62	13	54.5
MW366789.1	k141_40051	28471	79.032	62	13	54.5
MW366789.1	k141_61821	5108	88.321	4966	533	6339
MW366789.1	k141_61821	5108	88.321	4966	533	6339
MW366789.1	k141_61821	5108	73.333	165	44	100
MW366789.1	k141_61821	5108	73.333	165	44	100
MW366789.1	k141_61821	5108	64.884	430	135	92.4
MW366789.1	k141_61821	5108	64.884	430	135	92.4
MW366789.1	k141_61821	5108	67.059	170	54	48.2
MW366789.1	k141_61821	5108	67.059	170	54	48.2
MW366789.1	k141_41470	2539	90.390	2591	168	3556
MW366789.1	k141_41470	2539	90.390	2591	168	3556
MW366789.1	k141_41470	2539	100.000	49	0	89.7
MW366789.1	k141_41470	2539	100.000	49	0	89.7
MW366789.1	k141_30894	17580	78.691	4355	760	3547
MW366789.1	k141_30894	17580	78.691	4355	760	3547
MW366789.1	k141_30894	17580	78.641	1943	380	1602
MW366789.1	k141_30894	17580	75.190	2233	505	1516
MW366789.1	k141_30894	17580	75.043	1158	220	781
MW366789.1	k141_30894	17580	79.154	638	115	550
MW366789.1	k141_30894	17580	79.154	638	115	550
MW366789.1	k141_30894	17580	78.107	338	74	277
MW366789.1	k141_30894	17580	97.436	39	1	67.1
MW366789.1	k141_30894	17580	97.436	39	1	67.1
MW366789.1	k141_30894	17580	92.683	41	3	61.7
MW366789.1	k141_11555	17461	80.269	2904	410	2639
MW366789.1	k141_11555	17461	75.343	2770	474	1844
MW366789.1	k141_11555	17461	73.749	1619	317	1003
MW366789.1	k141_11555	17461	71.086	958	160	468
MW366789.1	k141_11555	17461	75.101	494	118	328
MW366789.1	k141_11555	17461	86.070	201	19	236
MW366789.1	k141_11555	17461	86.070	201	19	236
MW366789.1	k141_11555	17461	82.162	185	29	180
MW366789.1	k141_11555	17461	74.823	282	61	180
MW366789.1	k141_11555	17461	66.772	635	144	160
MW366789.1	k141_11555	17461	64.303	818	176	133
MW366789.1	k141_11555	17461	84.211	114	18	125
MW366789.1	k141_11555	17461	68.286	391	109	124
MW366789.1	k141_11555	17461	68.286	391	109	124
MW366789.1	k141_11555	17461	90.000	60	6	82.4
MW366789.1	k141_11555	17461	90.000	60	6	82.4
MW366789.1	k141_11555	17461	68.037	219	63	68.9
MW366789.1	k141_8267	6245	74.544	4003	762	2524
MW366789.1	k141_8267	6245	74.569	464	86	289
MW366789.1	k141_8267	6245	82.906	234	21	228
MW366789.1	k141_8267	6245	82.403	233	24	224
MW366789.1	k141_4433	10197	88.722	1729	146	2239
MW366789.1	k141_4433	10197	88.837	1720	146	2238
MW366789.1	k141_4433	10197	79.765	341	41	303
MW366789.1	k141_4433	10197	79.765	341	41	303
MW366789.1	k141_4433	10197	90.698	172	16	239
MW366789.1	k141_4433	10197	90.698	172	16	239
MW366789.1	k141_4433	10197	88.000	150	12	191
MW366789.1	k141_4433	10197	88.000	150	12	191
MW366789.1	k141_4433	10197	78.090	178	19	146
MW366789.1	k141_4433	10197	78.090	178	19	146
MW366789.1	k141_40722	21763	84.706	1942	287	2150
MW366789.1	k141_40722	21763	85.529	1776	215	2024
MW366789.1	k141_40722	21763	81.420	1733	293	1651
MW366789.1	k141_40722	21763	77.178	1779	366	1352
MW366789.1	k141_40722	21763	77.442	1157	189	876
MW366789.1	k141_40722	21763	74.569	987	192	608
MW366789.1	k141_40722	21763	78.955	670	129	562
MW366789.1	k141_40722	21763	72.836	751	144	422
MW366789.1	k141_40722	21763	74.946	467	115	308
MW366789.1	k141_40722	21763	77.748	373	70	288
MW366789.1	k141_40722	21763	77.748	373	70	288
MW366789.1	k141_40722	21763	86.697	218	27	260
MW366789.1	k141_40722	21763	74.533	428	62	260
MW366789.1	k141_40722	21763	80.882	272	33	238
MW366789.1	k141_40722	21763	87.943	141	14	172
MW366789.1	k141_40722	21763	87.770	139	16	171
MW366789.1	k141_40722	21763	85.811	148	19	166
MW366789.1	k141_40722	21763	93.333	90	6	136
MW366789.1	k141_40722	21763	92.208	77	6	113
MW366789.1	k141_40722	21763	82.353	68	7	69.8
MW366789.1	k141_40722	21763	81.250	48	9	47.3
MW366789.1	k141_40722	21763	79.592	49	10	44.6
MW366789.1	k141_40722	21763	84.211	38	6	42.8
MW366789.1	k141_40722	21763	84.211	38	6	42.8
MW366789.1	k141_51708	1134	90.666	1157	84	1599
MW366789.1	k141_51708	1134	90.666	1157	84	1599
MW366789.1	k141_12868	2223	83.028	1090	144	1115
MW366789.1	k141_12868	2223	81.481	243	45	236
MW366789.1	k141_54733	17333	91.561	474	33	673
MW366789.1	k141_54733	17333	72.054	891	204	435
MW366789.1	k141_54733	17333	72.054	891	204	435
MW366789.1	k141_54733	17333	82.270	141	15	142
MW366789.1	k141_54733	17333	82.270	141	15	142
MW366789.1	k141_54733	17333	90.164	61	6	84.2
MW366789.1	k141_54733	17333	90.164	61	6	84.2
MW366789.1	k141_54733	17333	88.525	61	7	79.7
MW366789.1	k141_54733	17333	88.525	61	7	79.7
MW366789.1	k141_12774	716	73.497	815	116	524
MW366789.1	k141_12774	716	73.497	815	116	524
MW366789.1	k141_8192	57161	89.286	308	24	407
MW366789.1	k141_8192	57161	89.286	308	24	407
MW366789.1	k141_8192	57161	94.326	141	8	219
MW366789.1	k141_8192	57161	94.326	141	8	219
MW366789.1	k141_8192	57161	94.667	75	4	118
MW366789.1	k141_8192	57161	94.667	75	4	118
MW366789.1	k141_8192	57161	91.228	57	1	80.6
MW366789.1	k141_8192	57161	91.228	57	1	80.6
MW366789.1	k141_1871	4466	84.438	347	48	379
MW366789.1	k141_9618	39705	73.872	532	128	325
MW366789.1	k141_9618	39705	73.872	532	128	325
MW366789.1	k141_9618	39705	74.732	467	98	284
MW366789.1	k141_9618	39705	74.732	467	98	284
MW366789.1	k141_9618	39705	66.998	503	147	132
MW366789.1	k141_9618	39705	66.998	503	147	132
MW366789.1	k141_9618	39705	80.412	97	19	90.6
MW366789.1	k141_9618	39705	80.412	97	19	90.6
MW366789.1	k141_33677	2495	71.248	633	100	324
MW366789.1	k141_52617	32304	85.053	281	42	318
MW366789.1	k141_52617	32304	69.634	191	58	84.2
MW366789.1	k141_52617	32304	69.634	191	58	84.2
MW366789.1	k141_52617	32304	85.455	55	8	64.4
MW366789.1	k141_25275	993	72.054	594	145	302
MW366789.1	k141_51250	8685	67.668	832	226	282
MW366789.1	k141_10280	13251	81.720	279	41	274
MW366789.1	k141_6326	2063	73.256	430	75	249
MW366789.1	k141_6326	2063	76.357	258	32	177
MW366789.1	k141_6326	2063	87.671	73	9	92.4
MW366789.1	k141_6326	2063	73.723	137	23	79.7
MW366789.1	k141_10723	7060	83.258	221	16	233
MW366789.1	k141_10723	7060	83.258	221	16	233
MW366789.1	k141_10723	7060	68.326	442	109	132
MW366789.1	k141_5556	20863	87.730	163	19	201
MW366789.1	k141_5556	20863	87.730	163	19	201
MW366789.1	k141_33057	540	91.429	140	12	199
MW366789.1	k141_33057	540	91.429	140	12	199
MW366789.1	k141_13107	4970	84.571	175	27	195
MW366789.1	k141_38845	28345	90.152	132	11	178
MW366789.1	k141_38845	28345	72.394	355	80	175
MW366789.1	k141_38845	28345	75.349	215	32	146
MW366789.1	k141_38845	28345	79.032	62	13	54.5
MW366789.1	k141_38845	28345	79.032	62	13	54.5
MW366789.1	k141_9735	416	85.000	160	22	174
MW366789.1	k141_2607	15784	94.495	109	6	170
MW366789.1	k141_2607	15784	94.495	109	6	170
MW366789.1	k141_2607	15784	91.139	79	6	108
MW366789.1	k141_2607	15784	75.758	66	16	48.2
MW366789.1	k141_2607	15784	82.609	46	8	48.2
MW366789.1	k141_2607	15784	82.609	46	8	48.2
MW366789.1	k141_39780	8620	86.111	144	17	168
MW366789.1	k141_39780	8620	86.111	144	17	168
MW366789.1	k141_39780	8620	83.571	140	23	150
MW366789.1	k141_39780	8620	83.571	140	23	150
MW366789.1	k141_8293	642	76.446	242	47	167
MW366789.1	k141_8293	642	75.309	243	48	152
MW366789.1	k141_8293	642	86.957	92	9	111
MW366789.1	k141_8293	642	89.157	83	9	110
MW366789.1	k141_8293	642	77.119	118	27	92.4
MW366789.1	k141_43896	7995	97.561	82	2	140
MW366789.1	k141_43896	7995	97.561	82	2	140
MW366789.1	k141_12253	9714	96.721	61	2	102
MW366789.1	k141_12253	9714	96.721	61	2	102
MW366789.1	k141_12253	9714	90.411	73	7	101
MW366789.1	k141_12253	9714	90.411	73	7	101
MW366789.1	k141_12253	9714	71.724	145	35	69.8
MW366789.1	k141_37161	33674	77.119	118	27	92.4
MW366789.1	k141_17586	6642	76.522	115	24	80.6
MW366789.1	k141_17586	6642	76.522	115	24	80.6
MW366789.1	k141_17586	6642	82.812	64	11	67.1
MW366789.1	k141_17586	6642	82.812	64	11	67.1
MW366789.1	k141_29625	466	86.154	65	8	74.3
MW366789.1	k141_61191	579	93.023	43	3	65.3
MW366789.1	k141_2178	379	75.581	86	21	61.7
MW366789.1	k141_2178	379	75.581	86	21	61.7
MW366789.1	k141_45214	4061	78.788	66	5	51.8
MW366789.1	k141_45214	4061	78.788	66	5	51.8
KT899950.1	k141_53816	11662	93.226	10142	422	15175
KT899950.1	k141_53816	11662	93.226	10142	422	15175
KT899950.1	k141_53816	11662	84.659	1584	97	1794
KT899950.1	k141_53816	11662	84.659	1584	97	1794
KT899950.1	k141_40051	28471	83.634	12764	1703	13557
KT899950.1	k141_40051	28471	91.174	2572	221	3617
KT899950.1	k141_40051	28471	83.496	2866	374	2968
KT899950.1	k141_40051	28471	78.049	697	94	554
KT899950.1	k141_40051	28471	75.000	780	106	500
KT899950.1	k141_40051	28471	79.388	621	102	495
KT899950.1	k141_40051	28471	73.518	759	109	447
KT899950.1	k141_40051	28471	82.323	396	49	391
KT899950.1	k141_40051	28471	73.488	645	106	379
KT899950.1	k141_40051	28471	76.499	417	75	291
KT899950.1	k141_40051	28471	70.524	553	86	260
KT899950.1	k141_40051	28471	81.919	271	45	254
KT899950.1	k141_40051	28471	74.786	234	33	140
KT899950.1	k141_40051	28471	93.333	90	5	132
KT899950.1	k141_40051	28471	73.043	230	32	127
KT899950.1	k141_40051	28471	92.771	83	6	123
KT899950.1	k141_40051	28471	96.000	75	3	123
KT899950.1	k141_40051	28471	77.895	95	20	74.3
KT899950.1	k141_4433	10197	91.537	9323	568	13316
KT899950.1	k141_4433	10197	91.537	9323	568	13316
KT899950.1	k141_4433	10197	80.718	1058	79	1021
KT899950.1	k141_4433	10197	80.718	1058	79	1021
KT899950.1	k141_61821	5108	89.606	5157	478	6891
KT899950.1	k141_61821	5108	74.545	165	42	109
KT899950.1	k141_61821	5108	73.718	156	41	97.8
KT899950.1	k141_11555	17461	79.635	6413	847	5632
KT899950.1	k141_11555	17461	80.926	3843	584	3567
KT899950.1	k141_11555	17461	75.483	3724	583	2596
KT899950.1	k141_11555	17461	74.487	1121	192	687
KT899950.1	k141_11555	17461	69.694	1145	207	515
KT899950.1	k141_11555	17461	82.288	271	42	269
KT899950.1	k141_11555	17461	86.486	148	18	175
KT899950.1	k141_11555	17461	84.247	146	22	157
KT899950.1	k141_11555	17461	87.179	39	5	49.1
KT899950.1	k141_40722	21763	83.183	5441	666	5619
KT899950.1	k141_40722	21763	84.835	1853	248	2065
KT899950.1	k141_40722	21763	80.527	2126	256	1944
KT899950.1	k141_40722	21763	80.305	1970	334	1781
KT899950.1	k141_40722	21763	81.781	1235	207	1216
KT899950.1	k141_40722	21763	77.437	1077	158	834
KT899950.1	k141_40722	21763	81.793	725	117	709
KT899950.1	k141_40722	21763	71.841	1005	152	498
KT899950.1	k141_40722	21763	85.311	354	41	406
KT899950.1	k141_40722	21763	85.897	156	20	176
KT899950.1	k141_40722	21763	83.553	152	18	150
KT899950.1	k141_40722	21763	95.455	88	4	141
KT899950.1	k141_40722	21763	72.727	143	26	68.0
KT899950.1	k141_40722	21763	97.436	39	1	67.1
KT899950.1	k141_40722	21763	94.872	39	2	62.6
KT899950.1	k141_40722	21763	94.872	39	2	62.6
KT899950.1	k141_40722	21763	84.211	38	6	42.8
KT899950.1	k141_40722	21763	84.211	38	6	42.8
KT899950.1	k141_40722	21763	74.194	62	16	41.0
KT899950.1	k141_41470	2539	94.762	2539	89	3988
KT899950.1	k141_41470	2539	94.762	2539	89	3988
KT899950.1	k141_41470	2539	97.959	49	1	85.1
KT899950.1	k141_41470	2539	97.959	49	1	85.1
KT899950.1	k141_30894	17580	72.644	6971	1518	3865
KT899950.1	k141_30894	17580	81.034	2262	397	2107
KT899950.1	k141_30894	17580	82.883	1963	320	2013
KT899950.1	k141_30894	17580	80.154	1426	226	1276
KT899950.1	k141_30894	17580	77.031	1280	238	971
KT899950.1	k141_30894	17580	80.579	726	108	673
KT899950.1	k141_30894	17580	83.854	384	60	407
KT899950.1	k141_30894	17580	100.000	39	0	71.6
KT899950.1	k141_30894	17580	100.000	39	0	71.6
KT899950.1	k141_30894	17580	92.857	42	3	63.5
KT899950.1	k141_8267	6245	79.086	3237	538	2767
KT899950.1	k141_8267	6245	76.962	586	93	433
KT899950.1	k141_8267	6245	72.032	758	151	386
KT899950.1	k141_8267	6245	100.000	78	0	141
KT899950.1	k141_8267	6245	82.301	113	14	111
KT899950.1	k141_8267	6245	82.301	113	14	111
KT899950.1	k141_51708	1134	96.241	1144	33	1870
KT899950.1	k141_51708	1134	96.241	1144	33	1870
KT899950.1	k141_12868	2223	87.887	1065	98	1309
KT899950.1	k141_12868	2223	82.650	317	42	314
KT899950.1	k141_12774	716	81.650	812	48	844
KT899950.1	k141_12774	716	81.650	812	48	844
KT899950.1	k141_25275	993	78.571	994	181	817
KT899950.1	k141_54733	17333	91.701	482	33	687
KT899950.1	k141_54733	17333	73.090	877	205	474
KT899950.1	k141_54733	17333	73.090	877	205	474
KT899950.1	k141_54733	17333	77.936	281	60	221
KT899950.1	k141_54733	17333	77.936	281	60	221
KT899950.1	k141_54733	17333	83.893	149	14	161
KT899950.1	k141_54733	17333	83.893	149	14	161
KT899950.1	k141_54733	17333	86.885	61	8	75.2
KT899950.1	k141_54733	17333	86.885	61	8	75.2
KT899950.1	k141_6326	2063	77.409	633	89	492
KT899950.1	k141_6326	2063	77.462	599	103	452
KT899950.1	k141_8192	57161	95.318	299	14	477
KT899950.1	k141_8192	57161	95.318	299	14	477
KT899950.1	k141_8192	57161	98.582	141	2	246
KT899950.1	k141_8192	57161	98.582	141	2	246
KT899950.1	k141_8192	57161	96.429	84	3	139
KT899950.1	k141_8192	57161	96.429	84	3	139
KT899950.1	k141_8192	57161	98.039	51	1	88.7
KT899950.1	k141_8192	57161	98.039	51	1	88.7
KT899950.1	k141_33677	2495	75.139	720	99	474
KT899950.1	k141_33677	2495	84.932	146	21	161
KT899950.1	k141_8293	642	75.405	679	111	464
KT899950.1	k141_8293	642	82.301	113	14	111
KT899950.1	k141_10723	7060	82.022	445	53	435
KT899950.1	k141_10723	7060	98.077	104	2	179
KT899950.1	k141_10723	7060	98.077	104	2	179
KT899950.1	k141_1871	4466	86.744	347	40	416
KT899950.1	k141_52617	32304	89.437	284	30	378
KT899950.1	k141_52617	32304	88.000	75	9	96.0
KT899950.1	k141_52617	32304	70.466	193	53	86.9
KT899950.1	k141_52617	32304	70.466	193	53	86.9
KT899950.1	k141_10280	13251	89.493	276	24	363
KT899950.1	k141_9618	39705	74.248	532	126	334
KT899950.1	k141_9618	39705	74.248	532	126	334
KT899950.1	k141_9618	39705	73.885	471	93	278
KT899950.1	k141_9618	39705	73.885	471	93	278
KT899950.1	k141_9618	39705	65.504	516	147	107
KT899950.1	k141_9618	39705	65.504	516	147	107
KT899950.1	k141_9618	39705	81.443	97	18	95.1
KT899950.1	k141_9618	39705	81.443	97	18	95.1
KT899950.1	k141_39780	8620	82.963	270	10	308
KT899950.1	k141_39780	8620	82.963	270	10	308
KT899950.1	k141_39780	8620	92.857	140	10	208
KT899950.1	k141_38845	28345	71.014	621	108	288
KT899950.1	k141_38845	28345	71.605	405	96	189
KT899950.1	k141_38845	28345	90.580	138	10	185
KT899950.1	k141_5556	20863	88.182	220	17	279
KT899950.1	k141_5556	20863	88.182	220	17	279
KT899950.1	k141_61568	2159	77.301	326	43	265
KT899950.1	k141_61568	2159	77.301	326	43	265
KT899950.1	k141_13107	4970	92.000	175	14	253
KT899950.1	k141_33057	540	97.143	140	4	235
KT899950.1	k141_33057	540	97.143	140	4	235
KT899950.1	k141_51250	8685	71.364	440	124	219
KT899950.1	k141_51250	8685	70.659	167	43	73.4
KT899950.1	k141_2607	15784	99.083	109	1	193
KT899950.1	k141_2607	15784	99.083	109	1	193
KT899950.1	k141_2607	15784	93.590	78	5	119
KT899950.1	k141_2607	15784	77.193	57	13	45.5
KT899950.1	k141_50366	911	94.595	111	6	174
KT899950.1	k141_50366	911	94.595	111	6	174
KT899950.1	k141_9735	416	84.076	157	23	164
KT899950.1	k141_43896	7995	97.436	78	2	132
KT899950.1	k141_37161	33674	83.621	116	19	124
KT899950.1	k141_12253	9714	91.892	74	6	107
KT899950.1	k141_12253	9714	91.892	74	6	107
KT899950.1	k141_12253	9714	74.400	125	30	75.2
KT899950.1	k141_57816	4109	76.596	141	25	104
KT899950.1	k141_29625	466	94.915	59	3	94.2
KT899950.1	k141_17586	6642	77.391	115	23	85.1
KT899950.1	k141_17586	6642	77.391	115	23	85.1
KT899950.1	k141_17586	6642	82.812	64	11	67.1
KT899950.1	k141_17586	6642	82.812	64	11	67.1
KT899950.1	k141_61191	579	100.000	43	0	78.8
KT899950.1	k141_6806	627	82.051	78	14	78.8
KT899950.1	k141_9056	427	93.478	46	3	70.7
KT899950.1	k141_2178	379	75.949	79	19	58.1
KT899950.1	k141_2178	379	75.949	79	19	58.1
GU191334.1	k141_53816	11662	87.894	3742	329	4661
GU191334.1	k141_53816	11662	87.894	3742	329	4661
GU191334.1	k141_53816	11662	86.111	2664	249	3079
GU191334.1	k141_53816	11662	86.111	2664	249	3079
GU191334.1	k141_53816	11662	78.995	995	153	827
GU191334.1	k141_53816	11662	78.995	995	153	827
GU191334.1	k141_53816	11662	94.937	79	4	125
GU191334.1	k141_53816	11662	94.937	79	4	125
GU191334.1	k141_53816	11662	92.000	75	6	109
GU191334.1	k141_53816	11662	92.000	75	6	109
GU191334.1	k141_53816	11662	75.000	128	32	87.8
GU191334.1	k141_61821	5108	81.274	4507	839	4305
GU191334.1	k141_61821	5108	81.746	126	23	124
GU191334.1	k141_40051	28471	83.496	2466	403	2599
GU191334.1	k141_40051	28471	70.060	3644	1016	1581
GU191334.1	k141_40051	28471	72.423	2629	585	1406
GU191334.1	k141_40051	28471	71.707	1230	330	635
GU191334.1	k141_40051	28471	71.207	1292	342	631
GU191334.1	k141_40051	28471	75.813	707	166	496
GU191334.1	k141_40051	28471	71.714	700	184	356
GU191334.1	k141_40051	28471	83.740	246	40	264
GU191334.1	k141_40051	28471	66.916	668	217	199
GU191334.1	k141_40051	28471	77.966	177	39	144
GU191334.1	k141_40051	28471	97.260	73	2	123
GU191334.1	k141_40051	28471	90.909	88	8	123
GU191334.1	k141_40051	28471	79.851	134	27	121
GU191334.1	k141_40051	28471	95.890	73	3	119
GU191334.1	k141_40051	28471	93.421	76	5	115
GU191334.1	k141_40051	28471	87.778	90	9	111
GU191334.1	k141_40051	28471	81.579	114	16	103
GU191334.1	k141_40051	28471	87.179	78	10	96.9
GU191334.1	k141_40051	28471	80.435	92	18	86.0
GU191334.1	k141_40051	28471	77.907	86	19	70.7
GU191334.1	k141_40051	28471	94.737	38	2	60.8
GU191334.1	k141_40051	28471	83.333	48	8	51.8
GU191334.1	k141_40722	21763	83.183	1439	242	1505
GU191334.1	k141_40722	21763	78.345	1704	354	1397
GU191334.1	k141_40722	21763	75.417	899	194	609
GU191334.1	k141_40722	21763	75.128	780	192	526
GU191334.1	k141_40722	21763	75.806	620	109	416
GU191334.1	k141_40722	21763	70.904	763	205	355
GU191334.1	k141_40722	21763	78.032	437	92	351
GU191334.1	k141_40722	21763	73.333	405	108	244
GU191334.1	k141_40722	21763	71.429	448	95	234
GU191334.1	k141_40722	21763	77.222	180	36	132
GU191334.1	k141_40722	21763	97.260	73	2	123
GU191334.1	k141_40722	21763	90.909	88	7	120
GU191334.1	k141_40722	21763	97.183	71	2	120
GU191334.1	k141_40722	21763	93.243	74	5	112
GU191334.1	k141_40722	21763	75.735	136	33	97.8
GU191334.1	k141_40722	21763	67.742	217	30	95.1
GU191334.1	k141_40722	21763	78.992	119	19	95.1
GU191334.1	k141_40722	21763	77.108	83	19	65.3
GU191334.1	k141_40722	21763	85.714	42	6	50.0
GU191334.1	k141_40722	21763	77.419	62	14	50.0
GU191334.1	k141_40722	21763	71.134	97	28	50.0
GU191334.1	k141_11555	17461	80.315	1585	307	1443
GU191334.1	k141_11555	17461	82.603	707	113	717
GU191334.1	k141_11555	17461	80.859	559	100	515
GU191334.1	k141_11555	17461	69.499	1118	294	459
GU191334.1	k141_11555	17461	79.536	474	95	411
GU191334.1	k141_11555	17461	66.225	1584	387	403
GU191334.1	k141_11555	17461	75.987	304	73	220
GU191334.1	k141_11555	17461	77.169	219	50	170
GU191334.1	k141_11555	17461	78.109	201	44	165
GU191334.1	k141_11555	17461	66.958	572	129	144
GU191334.1	k141_11555	17461	66.742	445	110	143
GU191334.1	k141_11555	17461	82.727	110	18	110
GU191334.1	k141_11555	17461	78.788	99	21	85.1
GU191334.1	k141_8267	6245	89.002	1082	114	1411
GU191334.1	k141_8267	6245	77.698	139	29	104
GU191334.1	k141_8267	6245	72.619	168	31	83.3
GU191334.1	k141_30894	17580	74.957	1741	418	1159
GU191334.1	k141_30894	17580	70.327	1803	499	801
GU191334.1	k141_30894	17580	74.795	1099	271	712
GU191334.1	k141_30894	17580	73.872	1175	250	701
GU191334.1	k141_30894	17580	75.828	302	73	216
GU191334.1	k141_30894	17580	77.328	247	50	186
GU191334.1	k141_30894	17580	91.209	91	7	125
GU191334.1	k141_30894	17580	77.586	116	26	93.3
GU191334.1	k141_54733	17333	86.307	482	59	570
GU191334.1	k141_54733	17333	72.870	892	203	472
GU191334.1	k141_54733	17333	72.870	892	203	472
GU191334.1	k141_54733	17333	77.580	281	61	216
GU191334.1	k141_54733	17333	77.580	281	61	216
GU191334.1	k141_54733	17333	88.525	61	7	79.7
GU191334.1	k141_54733	17333	88.525	61	7	79.7
GU191334.1	k141_12868	2223	73.886	808	156	511
GU191334.1	k141_12868	2223	77.723	202	45	162
GU191334.1	k141_41470	2539	75.826	666	154	464
GU191334.1	k141_41470	2539	72.328	524	145	292
GU191334.1	k141_41470	2539	87.500	40	5	50.9
GU191334.1	k141_9618	39705	74.200	531	128	331
GU191334.1	k141_9618	39705	74.200	531	128	331
GU191334.1	k141_9618	39705	73.876	467	100	272
GU191334.1	k141_9618	39705	73.876	467	100	272
GU191334.1	k141_9618	39705	64.969	491	140	99.6
GU191334.1	k141_9618	39705	64.969	491	140	99.6
GU191334.1	k141_9618	39705	76.119	134	30	96.0
GU191334.1	k141_9618	39705	76.119	134	30	96.0
GU191334.1	k141_51250	8685	68.396	848	225	306
GU191334.1	k141_12774	716	75.604	414	101	292
GU191334.1	k141_1871	4466	78.448	348	69	287
GU191334.1	k141_4433	10197	71.815	518	142	271
GU191334.1	k141_4433	10197	69.944	356	100	140
GU191334.1	k141_4433	10197	89.286	84	9	112
GU191334.1	k141_4433	10197	88.158	76	9	97.8
GU191334.1	k141_8293	642	80.797	276	49	254
GU191334.1	k141_51708	1134	76.948	308	71	236
GU191334.1	k141_51708	1134	82.249	169	30	170
GU191334.1	k141_52617	32304	76.056	284	66	199
GU191334.1	k141_2607	15784	94.495	109	6	170
GU191334.1	k141_2607	15784	94.495	109	6	170
GU191334.1	k141_2607	15784	97.297	74	2	125
GU191334.1	k141_2607	15784	82.979	47	8	50.0
GU191334.1	k141_9735	416	79.114	158	31	130
GU191334.1	k141_13107	4970	76.506	166	39	124
GU191334.1	k141_25275	993	65.761	552	169	122
GU191334.1	k141_38845	28345	90.909	88	7	120
GU191334.1	k141_38845	28345	79.104	134	28	116
GU191334.1	k141_38845	28345	93.421	76	5	115
GU191334.1	k141_10280	13251	83.186	113	19	119
GU191334.1	k141_33677	2495	88.764	89	10	116
GU191334.1	k141_33677	2495	84.810	79	9	87.8
GU191334.1	k141_33677	2495	77.570	107	24	86.0
GU191334.1	k141_39780	8620	78.571	140	29	114
GU191334.1	k141_6326	2063	93.056	72	5	108
GU191334.1	k141_43896	7995	87.342	79	10	98.7
GU191334.1	k141_8192	57161	85.714	84	11	95.1
GU191334.1	k141_8192	57161	85.714	84	11	95.1
GU191334.1	k141_8192	57161	75.000	128	32	87.8
GU191334.1	k141_17586	6642	78.261	115	22	89.7
GU191334.1	k141_17586	6642	78.261	115	22	89.7
GU191334.1	k141_17586	6642	82.812	64	11	67.1
GU191334.1	k141_17586	6642	82.812	64	11	67.1
GU191334.1	k141_12253	9714	79.012	81	17	70.7
GU191334.1	k141_61191	579	93.023	43	3	65.3
GU191334.1	k141_6806	627	80.702	57	11	54.5
GU191334.1	k141_43682	329	74.576	59	15	40.1
GU191334.1	k141_13584	364	77.551	49	11	40.1
GU191334.1	k141_10120	423	74.576	59	15	40.1
