MZ962720.1	k141_118009	85130	77.780	8290	1527	6606
MZ962720.1	k141_118009	85130	87.562	5218	592	6451
MZ962720.1	k141_118009	85130	78.363	5047	722	4094
MZ962720.1	k141_118009	85130	89.474	2622	263	3483
MZ962720.1	k141_118009	85130	80.342	2574	416	2321
MZ962720.1	k141_118009	85130	83.341	2077	318	2171
MZ962720.1	k141_118009	85130	87.356	1471	186	1815
MZ962720.1	k141_118009	85130	78.582	1961	358	1605
MZ962720.1	k141_118009	85130	79.371	1813	314	1571
MZ962720.1	k141_118009	85130	90.876	1107	101	1542
MZ962720.1	k141_118009	85130	73.758	2214	344	1308
MZ962720.1	k141_118009	85130	74.558	2036	411	1271
MZ962720.1	k141_118009	85130	76.415	1590	310	1146
MZ962720.1	k141_118009	85130	83.043	1091	136	1115
MZ962720.1	k141_118009	85130	85.214	771	111	875
MZ962720.1	k141_118009	85130	89.231	585	59	771
MZ962720.1	k141_118009	85130	69.494	1639	412	691
MZ962720.1	k141_118009	85130	80.210	667	107	600
MZ962720.1	k141_118009	85130	74.390	984	175	582
MZ962720.1	k141_118009	85130	70.792	1212	245	581
MZ962720.1	k141_118009	85130	85.545	422	56	473
MZ962720.1	k141_118009	85130	72.385	851	148	455
MZ962720.1	k141_118009	85130	73.736	712	95	444
MZ962720.1	k141_118009	85130	77.345	565	128	443
MZ962720.1	k141_118009	85130	77.345	565	128	443
MZ962720.1	k141_118009	85130	71.398	923	148	413
MZ962720.1	k141_118009	85130	70.394	939	229	408
MZ962720.1	k141_118009	85130	70.815	699	92	348
MZ962720.1	k141_118009	85130	74.953	527	93	342
MZ962720.1	k141_118009	85130	72.673	666	136	337
MZ962720.1	k141_118009	85130	70.904	708	136	317
MZ962720.1	k141_118009	85130	76.923	390	79	299
MZ962720.1	k141_118009	85130	86.179	246	29	287
MZ962720.1	k141_118009	85130	71.354	576	137	280
MZ962720.1	k141_118009	85130	74.934	379	56	273
MZ962720.1	k141_118009	85130	75.381	394	58	264
MZ962720.1	k141_118009	85130	64.667	1200	270	261
MZ962720.1	k141_118009	85130	82.353	255	38	255
MZ962720.1	k141_118009	85130	72.834	427	61	234
MZ962720.1	k141_118009	85130	72.834	427	61	234
MZ962720.1	k141_118009	85130	73.815	401	63	234
MZ962720.1	k141_118009	85130	72.906	406	72	231
MZ962720.1	k141_118009	85130	82.857	210	27	221
MZ962720.1	k141_118009	85130	82.857	210	27	221
MZ962720.1	k141_118009	85130	73.816	359	92	217
MZ962720.1	k141_118009	85130	90.196	153	10	200
MZ962720.1	k141_118009	85130	80.822	219	36	198
MZ962720.1	k141_118009	85130	84.066	182	28	195
MZ962720.1	k141_118009	85130	84.795	171	19	185
MZ962720.1	k141_118009	85130	79.310	203	34	176
MZ962720.1	k141_118009	85130	79.310	203	34	176
MZ962720.1	k141_118009	85130	82.184	174	27	169
MZ962720.1	k141_118009	85130	89.394	132	11	169
MZ962720.1	k141_118009	85130	71.661	307	45	159
MZ962720.1	k141_118009	85130	76.329	207	42	155
MZ962720.1	k141_118009	85130	97.727	88	2	150
MZ962720.1	k141_118009	85130	80.247	162	32	149
MZ962720.1	k141_118009	85130	80.392	153	30	141
MZ962720.1	k141_118009	85130	80.392	153	30	141
MZ962720.1	k141_118009	85130	79.747	158	32	141
MZ962720.1	k141_118009	85130	95.455	88	4	141
MZ962720.1	k141_118009	85130	78.161	174	36	141
MZ962720.1	k141_118009	85130	73.984	246	46	141
MZ962720.1	k141_118009	85130	98.750	80	1	141
MZ962720.1	k141_118009	85130	98.750	80	1	141
MZ962720.1	k141_118009	85130	79.474	190	16	139
MZ962720.1	k141_118009	85130	93.258	89	6	134
MZ962720.1	k141_118009	85130	78.947	152	22	131
MZ962720.1	k141_118009	85130	80.690	145	26	129
MZ962720.1	k141_118009	85130	80.690	145	26	129
MZ962720.1	k141_118009	85130	66.044	589	176	129
MZ962720.1	k141_118009	85130	73.303	221	40	128
MZ962720.1	k141_118009	85130	73.303	221	40	128
MZ962720.1	k141_118009	85130	91.111	90	8	127
MZ962720.1	k141_118009	85130	94.667	75	4	118
MZ962720.1	k141_118009	85130	94.805	77	3	118
MZ962720.1	k141_118009	85130	84.906	106	15	116
MZ962720.1	k141_118009	85130	92.208	77	6	113
MZ962720.1	k141_118009	85130	77.953	127	18	104
MZ962720.1	k141_118009	85130	76.692	133	31	101
MZ962720.1	k141_118009	85130	68.493	292	76	100
MZ962720.1	k141_118009	85130	88.608	79	8	99.6
MZ962720.1	k141_118009	85130	90.411	73	6	97.8
MZ962720.1	k141_118009	85130	83.146	89	15	94.2
MZ962720.1	k141_118009	85130	83.146	89	15	94.2
MZ962720.1	k141_118009	85130	83.146	89	15	94.2
MZ962720.1	k141_118009	85130	71.795	156	27	90.6
MZ962720.1	k141_118009	85130	71.795	156	27	90.6
MZ962720.1	k141_118009	85130	79.000	100	14	88.7
MZ962720.1	k141_118009	85130	69.286	280	52	86.0
MZ962720.1	k141_118009	85130	75.000	124	31	85.1
MZ962720.1	k141_118009	85130	72.800	125	34	73.4
MZ962720.1	k141_118009	85130	90.385	52	5	72.5
MZ962720.1	k141_118009	85130	68.639	169	51	59.9
MZ962720.1	k141_118009	85130	77.612	67	15	54.5
MZ962720.1	k141_118009	85130	77.612	67	15	54.5
MZ962720.1	k141_118009	85130	75.758	66	16	48.2
MZ962720.1	k141_118009	85130	79.592	49	10	44.6
MZ962720.1	k141_118009	85130	79.592	49	10	44.6
MZ962720.1	k141_67144	3935	92.064	3377	186	4844
MZ962720.1	k141_67144	3935	92.064	3377	186	4844
MZ962720.1	k141_67144	3935	90.409	636	45	847
MZ962720.1	k141_67144	3935	90.409	636	45	847
MZ962720.1	k141_7563	18389	80.804	4376	620	4087
MZ962720.1	k141_7563	18389	80.804	4376	620	4087
MZ962720.1	k141_7563	18389	76.602	2231	476	1640
MZ962720.1	k141_7563	18389	78.305	1959	390	1595
MZ962720.1	k141_7563	18389	84.549	576	88	635
MZ962720.1	k141_7563	18389	84.549	576	88	635
MZ962720.1	k141_7563	18389	74.481	964	214	623
MZ962720.1	k141_7563	18389	83.386	319	53	337
MZ962720.1	k141_7563	18389	81.022	137	23	124
MZ962720.1	k141_7563	18389	92.683	41	3	61.7
MZ962720.1	k141_7563	18389	81.132	53	10	51.8
MZ962720.1	k141_7563	18389	86.842	38	5	47.3
MZ962720.1	k141_7563	18389	86.842	38	5	47.3
MZ962720.1	k141_101059	17699	88.587	3093	208	4028
MZ962720.1	k141_101059	17699	88.587	3093	208	4028
MZ962720.1	k141_101059	17699	88.775	2138	157	2768
MZ962720.1	k141_101059	17699	88.775	2138	157	2768
MZ962720.1	k141_101059	17699	87.464	1739	168	2150
MZ962720.1	k141_101059	17699	87.464	1739	168	2150
MZ962720.1	k141_101059	17699	87.356	1558	148	1908
MZ962720.1	k141_101059	17699	87.356	1558	148	1908
MZ962720.1	k141_101059	17699	86.733	603	50	732
MZ962720.1	k141_101059	17699	85.843	332	35	385
MZ962720.1	k141_101059	17699	85.843	332	35	385
MZ962720.1	k141_101059	17699	85.223	291	39	331
MZ962720.1	k141_101059	17699	85.223	291	39	331
MZ962720.1	k141_101059	17699	76.359	368	40	283
MZ962720.1	k141_101059	17699	76.359	368	40	283
MZ962720.1	k141_101059	17699	84.646	254	27	280
MZ962720.1	k141_101059	17699	84.646	254	27	280
MZ962720.1	k141_101059	17699	82.186	247	27	250
MZ962720.1	k141_101059	17699	75.460	163	24	106
MZ962720.1	k141_101059	17699	75.460	163	24	106
MZ962720.1	k141_101059	17699	73.846	130	25	81.5
MZ962720.1	k141_101059	17699	73.846	130	25	81.5
MZ962720.1	k141_101059	17699	95.238	42	2	68.0
MZ962720.1	k141_101059	17699	95.238	42	2	68.0
MZ962720.1	k141_101059	17699	94.737	38	2	60.8
MZ962720.1	k141_60942	3346	91.405	1687	87	2401
MZ962720.1	k141_60942	3346	91.405	1687	87	2401
MZ962720.1	k141_60942	3346	73.300	397	65	249
MZ962720.1	k141_60942	3346	73.300	397	65	249
MZ962720.1	k141_60942	3346	86.667	180	24	217
MZ962720.1	k141_60942	3346	86.667	180	24	217
MZ962720.1	k141_56262	23450	70.909	1155	272	523
MZ962720.1	k141_56262	23450	70.909	1155	272	523
MZ962720.1	k141_56262	23450	71.493	884	214	421
MZ962720.1	k141_56262	23450	71.493	884	214	421
MZ962720.1	k141_56262	23450	88.525	61	7	79.7
MZ962720.1	k141_56262	23450	88.525	61	7	79.7
MZ962720.1	k141_56262	23450	88.525	61	7	79.7
MZ962720.1	k141_56262	23450	82.609	46	8	48.2
MZ962720.1	k141_56262	23450	82.609	46	8	48.2
MZ962720.1	k141_71079	46388	84.674	261	24	297
MZ962720.1	k141_71079	46388	96.386	83	3	137
MZ962720.1	k141_71079	46388	92.771	83	6	123
MZ962720.1	k141_71079	46388	73.684	133	35	83.3
MZ962720.1	k141_101183	3301	80.251	319	59	278
MZ962720.1	k141_101183	3301	80.251	319	59	278
MZ962720.1	k141_101183	3301	90.909	143	11	193
MZ962720.1	k141_101183	3301	90.909	143	11	193
MZ962720.1	k141_69040	37993	78.154	325	40	254
MZ962720.1	k141_69040	37993	82.317	164	25	160
MZ962720.1	k141_69040	37993	83.673	147	24	158
MZ962720.1	k141_69040	37993	87.234	47	6	59.0
MZ962720.1	k141_20123	18789	97.872	141	3	242
MZ962720.1	k141_20123	18789	97.872	141	3	242
MZ962720.1	k141_20123	18789	96.341	82	3	135
MZ962720.1	k141_20123	18789	96.341	82	3	135
MZ962720.1	k141_64891	3885	66.788	822	234	238
MZ962720.1	k141_32608	401	97.458	118	3	200
MZ962720.1	k141_32608	401	97.458	118	3	200
MZ962720.1	k141_26815	361	91.971	137	11	198
MZ962720.1	k141_74962	471	86.395	147	20	176
MZ962720.1	k141_2958	658	95.918	98	4	159
MZ962720.1	k141_2958	658	95.918	98	4	159
MZ962720.1	k141_88310	429	94.624	93	5	146
MZ962720.1	k141_88310	429	94.624	93	5	146
MZ962720.1	k141_24084	44138	96.250	80	3	132
MZ962720.1	k141_24084	44138	96.250	80	3	132
MZ962720.1	k141_100113	33566	96.053	76	3	124
MZ962720.1	k141_100113	33566	92.105	76	6	111
MZ962720.1	k141_100113	33566	85.106	94	9	107
MZ962720.1	k141_78571	14271	92.308	78	6	114
MZ962720.1	k141_78571	14271	77.273	66	15	52.7
MZ962720.1	k141_111189	269	76.259	139	33	103
MZ962720.1	k141_65098	4482	78.261	115	25	96.0
MZ962720.1	k141_27541	400	98.039	51	1	88.7
MZ962720.1	k141_27541	400	98.039	51	1	88.7
MZ962720.1	k141_60001	6951	79.381	97	19	82.4
MZ962720.1	k141_60001	6951	79.381	97	19	82.4
MZ962720.1	k141_91590	9710	76.522	115	24	80.6
MZ962720.1	k141_91590	9710	76.522	115	24	80.6
MZ962720.1	k141_91590	9710	82.812	64	11	67.1
MZ962720.1	k141_91590	9710	82.812	64	11	67.1
MZ962720.1	k141_78704	559	86.154	65	9	77.9
MZ962720.1	k141_37438	853	83.099	71	12	75.2
MZ962720.1	k141_49033	339	83.333	60	10	64.4
MZ962720.1	k141_49033	339	83.333	60	10	64.4
MZ962720.1	k141_31941	457	70.312	128	38	60.8
MH569081.1	k141_118009	85130	87.316	5440	624	6647
MH569081.1	k141_118009	85130	80.988	3703	613	3506
MH569081.1	k141_118009	85130	88.251	2579	300	3275
MH569081.1	k141_118009	85130	81.193	3185	457	2969
MH569081.1	k141_118009	85130	81.573	2339	386	2249
MH569081.1	k141_118009	85130	84.392	1858	283	2037
MH569081.1	k141_118009	85130	87.690	1511	186	1887
MH569081.1	k141_118009	85130	76.692	2394	420	1828
MH569081.1	k141_118009	85130	83.162	1746	252	1808
MH569081.1	k141_118009	85130	85.705	1497	159	1709
MH569081.1	k141_118009	85130	78.958	1977	356	1627
MH569081.1	k141_118009	85130	82.557	1588	243	1606
MH569081.1	k141_118009	85130	76.082	2103	308	1467
MH569081.1	k141_118009	85130	79.510	1591	315	1392
MH569081.1	k141_118009	85130	72.917	2256	509	1289
MH569081.1	k141_118009	85130	77.445	1667	247	1257
MH569081.1	k141_118009	85130	77.855	1585	270	1232
MH569081.1	k141_118009	85130	85.899	1007	118	1158
MH569081.1	k141_118009	85130	84.263	896	123	975
MH569081.1	k141_118009	85130	70.064	2031	494	822
MH569081.1	k141_118009	85130	74.528	1272	225	815
MH569081.1	k141_118009	85130	82.201	736	130	734
MH569081.1	k141_118009	85130	74.141	1164	222	706
MH569081.1	k141_118009	85130	76.330	959	134	678
MH569081.1	k141_118009	85130	71.621	1413	250	674
MH569081.1	k141_118009	85130	83.392	566	91	596
MH569081.1	k141_118009	85130	79.186	663	88	534
MH569081.1	k141_118009	85130	68.800	1375	285	523
MH569081.1	k141_118009	85130	88.608	316	33	407
MH569081.1	k141_118009	85130	73.971	680	123	370
MH569081.1	k141_118009	85130	87.458	295	31	358
MH569081.1	k141_118009	85130	71.468	722	122	355
MH569081.1	k141_118009	85130	72.491	578	124	313
MH569081.1	k141_118009	85130	84.411	263	37	285
MH569081.1	k141_118009	85130	70.859	652	118	281
MH569081.1	k141_118009	85130	70.103	679	121	276
MH569081.1	k141_118009	85130	78.797	316	55	270
MH569081.1	k141_118009	85130	86.192	239	23	269
MH569081.1	k141_118009	85130	73.387	372	69	225
MH569081.1	k141_118009	85130	78.125	288	58	223
MH569081.1	k141_118009	85130	75.949	316	64	221
MH569081.1	k141_118009	85130	75.949	316	64	221
MH569081.1	k141_118009	85130	94.964	139	7	220
MH569081.1	k141_118009	85130	85.405	185	27	213
MH569081.1	k141_118009	85130	76.157	281	67	205
MH569081.1	k141_118009	85130	78.970	233	49	200
MH569081.1	k141_118009	85130	80.788	203	39	191
MH569081.1	k141_118009	85130	75.758	297	60	191
MH569081.1	k141_118009	85130	77.642	246	41	178
MH569081.1	k141_118009	85130	78.857	175	37	150
MH569081.1	k141_118009	85130	96.667	90	3	150
MH569081.1	k141_118009	85130	100.000	80	0	145
MH569081.1	k141_118009	85130	100.000	80	0	145
MH569081.1	k141_118009	85130	79.605	152	25	136
MH569081.1	k141_118009	85130	92.308	91	7	133
MH569081.1	k141_118009	85130	77.576	165	37	132
MH569081.1	k141_118009	85130	79.710	138	16	125
MH569081.1	k141_118009	85130	91.765	85	7	123
MH569081.1	k141_118009	85130	75.287	174	32	117
MH569081.1	k141_118009	85130	93.333	75	5	113
MH569081.1	k141_118009	85130	74.269	171	44	111
MH569081.1	k141_118009	85130	74.026	154	40	98.7
MH569081.1	k141_118009	85130	71.585	183	40	94.2
MH569081.1	k141_118009	85130	87.500	72	9	90.6
MH569081.1	k141_118009	85130	85.333	75	10	83.3
MH569081.1	k141_118009	85130	82.927	82	13	82.4
MH569081.1	k141_118009	85130	95.556	45	2	73.4
MH569081.1	k141_118009	85130	95.556	45	2	73.4
MH569081.1	k141_118009	85130	81.013	79	13	73.4
MH569081.1	k141_118009	85130	67.672	232	71	67.1
MH569081.1	k141_118009	85130	78.571	70	15	59.9
MH569081.1	k141_118009	85130	69.828	116	35	52.7
MH569081.1	k141_118009	85130	81.633	49	9	49.1
MH569081.1	k141_101059	17699	91.406	4282	241	6066
MH569081.1	k141_101059	17699	91.406	4282	241	6066
MH569081.1	k141_101059	17699	91.193	2430	132	3415
MH569081.1	k141_101059	17699	91.193	2430	132	3415
MH569081.1	k141_101059	17699	89.771	2053	180	2734
MH569081.1	k141_101059	17699	89.771	2053	180	2734
MH569081.1	k141_101059	17699	81.038	886	134	831
MH569081.1	k141_101059	17699	81.038	886	134	831
MH569081.1	k141_101059	17699	77.083	912	92	714
MH569081.1	k141_101059	17699	77.083	912	92	714
MH569081.1	k141_101059	17699	83.333	480	51	487
MH569081.1	k141_101059	17699	83.333	480	51	487
MH569081.1	k141_101059	17699	77.261	387	32	339
MH569081.1	k141_101059	17699	77.261	387	32	339
MH569081.1	k141_101059	17699	86.047	129	14	151
MH569081.1	k141_101059	17699	86.047	129	14	151
MH569081.1	k141_101059	17699	79.412	102	16	86.0
MH569081.1	k141_101059	17699	92.857	42	3	63.5
MH569081.1	k141_101059	17699	92.857	42	3	63.5
MH569081.1	k141_101059	17699	92.308	39	3	58.1
MH569081.1	k141_67144	3935	92.107	3674	185	5283
MH569081.1	k141_67144	3935	92.107	3674	185	5283
MH569081.1	k141_67144	3935	97.199	357	5	595
MH569081.1	k141_67144	3935	97.199	357	5	595
MH569081.1	k141_60942	3346	88.363	2071	124	2628
MH569081.1	k141_60942	3346	88.363	2071	124	2628
MH569081.1	k141_60942	3346	77.778	684	89	552
MH569081.1	k141_60942	3346	77.778	684	89	552
MH569081.1	k141_60942	3346	94.340	53	2	79.7
MH569081.1	k141_60942	3346	94.340	53	2	79.7
MH569081.1	k141_7563	18389	79.569	2692	446	2316
MH569081.1	k141_7563	18389	81.292	1935	329	1843
MH569081.1	k141_7563	18389	77.875	2174	390	1704
MH569081.1	k141_7563	18389	77.110	2228	465	1697
MH569081.1	k141_7563	18389	75.510	1176	231	784
MH569081.1	k141_7563	18389	77.881	538	66	433
MH569081.1	k141_7563	18389	83.516	364	58	384
MH569081.1	k141_7563	18389	69.883	342	82	145
MH569081.1	k141_7563	18389	69.883	342	82	145
MH569081.1	k141_7563	18389	73.307	251	31	139
MH569081.1	k141_7563	18389	93.617	47	2	68.9
MH569081.1	k141_7563	18389	93.617	47	2	68.9
MH569081.1	k141_7563	18389	92.857	42	3	63.5
MH569081.1	k141_7563	18389	87.500	40	5	50.9
MH569081.1	k141_7563	18389	87.500	40	5	50.9
MH569081.1	k141_7563	18389	80.000	55	10	47.3
MH569081.1	k141_56262	23450	71.156	1151	272	526
MH569081.1	k141_56262	23450	71.156	1151	272	526
MH569081.1	k141_56262	23450	72.032	876	216	444
MH569081.1	k141_56262	23450	72.032	876	216	444
MH569081.1	k141_56262	23450	75.875	257	60	178
MH569081.1	k141_56262	23450	75.875	257	60	178
MH569081.1	k141_56262	23450	75.120	209	50	136
MH569081.1	k141_56262	23450	75.120	209	50	136
MH569081.1	k141_56262	23450	90.164	61	6	84.2
MH569081.1	k141_56262	23450	90.164	61	6	84.2
MH569081.1	k141_56262	23450	80.488	41	8	39.2
MH569081.1	k141_69040	37993	74.842	632	102	403
MH569081.1	k141_69040	37993	86.957	115	15	141
MH569081.1	k141_69040	37993	91.489	47	4	68.0
MH569081.1	k141_71079	46388	84.411	263	25	296
MH569081.1	k141_71079	46388	89.091	110	4	134
MH569081.1	k141_71079	46388	73.729	118	31	74.3
MH569081.1	k141_64891	3885	73.239	426	112	248
MH569081.1	k141_64891	3885	75.281	89	22	62.6
MH569081.1	k141_20123	18789	98.582	141	2	246
MH569081.1	k141_20123	18789	98.582	141	2	246
MH569081.1	k141_20123	18789	97.561	82	2	140
MH569081.1	k141_20123	18789	97.561	82	2	140
MH569081.1	k141_74962	471	88.435	147	17	189
MH569081.1	k141_32608	401	94.915	118	6	187
MH569081.1	k141_32608	401	94.915	118	6	187
MH569081.1	k141_101183	3301	87.755	147	12	186
MH569081.1	k141_101183	3301	87.755	147	12	186
MH569081.1	k141_101183	3301	71.186	295	70	136
MH569081.1	k141_101183	3301	71.186	295	70	136
MH569081.1	k141_2958	658	97.959	98	2	168
MH569081.1	k141_2958	658	97.959	98	2	168
MH569081.1	k141_26815	361	85.401	137	20	158
MH569081.1	k141_28220	442	77.561	205	24	151
MH569081.1	k141_28220	442	77.561	205	24	151
MH569081.1	k141_88310	429	95.699	93	4	150
MH569081.1	k141_88310	429	95.699	93	4	150
MH569081.1	k141_24084	44138	94.118	85	5	132
MH569081.1	k141_24084	44138	94.118	85	5	132
MH569081.1	k141_100113	33566	97.368	76	2	129
MH569081.1	k141_100113	33566	82.609	115	8	120
MH569081.1	k141_78571	14271	94.521	73	4	114
MH569081.1	k141_78571	14271	80.000	70	14	64.4
MH569081.1	k141_65098	4482	79.130	115	24	100
MH569081.1	k141_91590	9710	77.391	115	23	85.1
MH569081.1	k141_91590	9710	77.391	115	23	85.1
MH569081.1	k141_91590	9710	82.812	64	11	67.1
MH569081.1	k141_91590	9710	82.812	64	11	67.1
MH569081.1	k141_91590	9710	80.702	57	11	54.5
MH569081.1	k141_91590	9710	80.702	57	11	54.5
MH569081.1	k141_27541	400	96.078	51	2	84.2
MH569081.1	k141_27541	400	96.078	51	2	84.2
MH569081.1	k141_60001	6951	78.351	97	21	81.5
MH569081.1	k141_60001	6951	78.351	97	21	81.5
MH569081.1	k141_78704	559	89.831	59	6	80.6
MH569081.1	k141_49033	339	88.333	60	7	77.9
MH569081.1	k141_52934	427	72.000	150	39	76.1
MH569081.1	k141_39393	883	81.538	65	12	64.4
MH569081.1	k141_107548	1325	69.841	126	38	57.2
MH569081.1	k141_107548	1325	69.841	126	38	57.2
MH569081.1	k141_31941	457	69.531	128	39	56.3
NC_033978.1	k141_118009	85130	83.349	14161	1802	14895
NC_033978.1	k141_118009	85130	87.476	8464	725	10445
NC_033978.1	k141_118009	85130	80.578	7579	1007	6942
NC_033978.1	k141_118009	85130	84.367	4983	509	5461
NC_033978.1	k141_118009	85130	85.746	4560	435	5343
NC_033978.1	k141_118009	85130	83.357	4284	487	4445
NC_033978.1	k141_118009	85130	77.342	4890	594	3823
NC_033978.1	k141_118009	85130	85.355	2943	291	3401
NC_033978.1	k141_118009	85130	78.166	3261	440	2646
NC_033978.1	k141_118009	85130	81.421	2772	347	2645
NC_033978.1	k141_118009	85130	77.098	2729	457	2067
NC_033978.1	k141_118009	85130	92.033	1318	76	1894
NC_033978.1	k141_118009	85130	81.742	1676	227	1656
NC_033978.1	k141_118009	85130	89.157	1162	97	1500
NC_033978.1	k141_118009	85130	81.349	1201	148	1140
NC_033978.1	k141_118009	85130	82.250	1138	137	1133
NC_033978.1	k141_118009	85130	81.980	1010	112	979
NC_033978.1	k141_118009	85130	76.085	1313	201	924
NC_033978.1	k141_118009	85130	81.935	930	96	891
NC_033978.1	k141_118009	85130	75.380	1251	151	843
NC_033978.1	k141_118009	85130	78.228	1061	145	842
NC_033978.1	k141_118009	85130	75.973	745	103	502
NC_033978.1	k141_118009	85130	80.762	499	45	469
NC_033978.1	k141_118009	85130	74.769	650	84	425
NC_033978.1	k141_118009	85130	75.128	390	45	273
NC_033978.1	k141_118009	85130	70.175	627	105	272
NC_033978.1	k141_118009	85130	74.490	392	48	268
NC_033978.1	k141_118009	85130	83.691	233	26	247
NC_033978.1	k141_118009	85130	82.178	202	27	197
NC_033978.1	k141_118009	85130	77.366	243	41	181
NC_033978.1	k141_118009	85130	83.230	161	7	174
NC_033978.1	k141_118009	85130	85.811	148	14	170
NC_033978.1	k141_118009	85130	98.824	85	1	150
NC_033978.1	k141_118009	85130	76.238	202	28	149
NC_033978.1	k141_118009	85130	80.952	126	24	120
NC_033978.1	k141_118009	85130	88.889	81	9	106
NC_033978.1	k141_118009	85130	77.778	126	28	102
NC_033978.1	k141_118009	85130	97.826	46	1	79.7
NC_033978.1	k141_118009	85130	97.561	41	1	70.7
NC_033978.1	k141_118009	85130	97.561	41	1	70.7
NC_033978.1	k141_118009	85130	97.500	40	1	68.9
NC_033978.1	k141_118009	85130	74.242	66	17	43.7
NC_033978.1	k141_101059	17699	92.930	9265	445	13828
NC_033978.1	k141_101059	17699	93.085	9169	439	13745
NC_033978.1	k141_101059	17699	93.344	4838	163	7313
NC_033978.1	k141_101059	17699	93.344	4838	163	7313
NC_033978.1	k141_101059	17699	94.462	2546	72	3978
NC_033978.1	k141_101059	17699	94.462	2546	72	3978
NC_033978.1	k141_101059	17699	89.016	437	24	572
NC_033978.1	k141_101059	17699	89.016	437	24	572
NC_033978.1	k141_101059	17699	88.614	404	35	527
NC_033978.1	k141_101059	17699	88.614	404	35	527
NC_033978.1	k141_101059	17699	90.741	54	5	76.1
NC_033978.1	k141_101059	17699	90.741	54	5	76.1
NC_033978.1	k141_101059	17699	100.000	39	0	71.6
NC_033978.1	k141_101059	17699	92.857	42	3	63.5
NC_033978.1	k141_67144	3935	96.856	3372	66	5590
NC_033978.1	k141_67144	3935	96.856	3372	66	5590
NC_033978.1	k141_67144	3935	96.233	584	21	951
NC_033978.1	k141_67144	3935	96.233	584	21	951
NC_033978.1	k141_7563	18389	81.039	4910	693	4629
NC_033978.1	k141_7563	18389	80.757	4677	560	4414
NC_033978.1	k141_7563	18389	81.687	2430	365	2359
NC_033978.1	k141_7563	18389	69.662	1925	385	897
NC_033978.1	k141_7563	18389	75.380	723	127	503
NC_033978.1	k141_7563	18389	85.410	329	36	370
NC_033978.1	k141_7563	18389	85.410	329	36	370
NC_033978.1	k141_7563	18389	74.795	488	107	318
NC_033978.1	k141_7563	18389	76.235	324	50	235
NC_033978.1	k141_7563	18389	92.908	141	10	210
NC_033978.1	k141_7563	18389	92.908	141	10	210
NC_033978.1	k141_7563	18389	68.399	481	106	170
NC_033978.1	k141_7563	18389	95.238	42	2	68.0
NC_033978.1	k141_7563	18389	97.436	39	1	67.1
NC_033978.1	k141_7563	18389	97.436	39	1	67.1
NC_033978.1	k141_7563	18389	84.444	45	7	50.9
NC_033978.1	k141_7563	18389	86.842	38	5	47.3
NC_033978.1	k141_7563	18389	86.842	38	5	47.3
NC_033978.1	k141_60942	3346	93.383	2433	93	3647
NC_033978.1	k141_60942	3346	93.383	2433	93	3647
NC_033978.1	k141_60942	3346	92.798	972	58	1440
NC_033978.1	k141_60942	3346	92.798	972	58	1440
NC_033978.1	k141_69040	37993	77.504	689	99	500
NC_033978.1	k141_69040	37993	71.859	398	61	219
NC_033978.1	k141_69040	37993	71.429	182	48	89.7
NC_033978.1	k141_69040	37993	71.429	182	48	89.7
NC_033978.1	k141_69040	37993	80.851	47	9	45.5
NC_033978.1	k141_56262	23450	72.531	881	203	453
NC_033978.1	k141_56262	23450	72.531	881	203	453
NC_033978.1	k141_56262	23450	74.812	532	123	348
NC_033978.1	k141_56262	23450	74.812	532	123	348
NC_033978.1	k141_56262	23450	75.161	467	94	290
NC_033978.1	k141_56262	23450	75.161	467	94	290
NC_033978.1	k141_56262	23450	78.788	264	54	217
NC_033978.1	k141_56262	23450	78.788	264	54	217
NC_033978.1	k141_56262	23450	86.885	61	8	75.2
NC_033978.1	k141_56262	23450	86.885	61	8	75.2
NC_033978.1	k141_56262	23450	78.723	47	10	41.0
NC_033978.1	k141_71079	46388	89.734	263	11	359
NC_033978.1	k141_71079	46388	80.000	210	36	187
NC_033978.1	k141_71079	46388	98.750	80	1	141
NC_033978.1	k141_71079	46388	80.000	80	16	73.4
NC_033978.1	k141_101183	3301	84.965	286	41	315
NC_033978.1	k141_101183	3301	84.965	286	41	315
NC_033978.1	k141_101183	3301	95.745	141	6	228
NC_033978.1	k141_101183	3301	95.745	141	6	228
NC_033978.1	k141_64891	3885	67.688	783	214	262
NC_033978.1	k141_78876	530	93.220	177	11	262
NC_033978.1	k141_78876	530	93.220	177	11	262
NC_033978.1	k141_20123	18789	99.291	141	1	251
NC_033978.1	k141_20123	18789	99.291	141	1	251
NC_033978.1	k141_20123	18789	97.561	82	2	140
NC_033978.1	k141_28220	442	79.832	238	16	220
NC_033978.1	k141_28220	442	79.832	238	16	220
NC_033978.1	k141_32608	401	97.458	118	3	200
NC_033978.1	k141_32608	401	97.458	118	3	200
NC_033978.1	k141_26815	361	91.971	137	11	198
NC_033978.1	k141_74962	471	88.435	147	17	189
NC_033978.1	k141_88310	429	100.000	93	0	168
NC_033978.1	k141_88310	429	100.000	93	0	168
NC_033978.1	k141_65098	4482	88.889	126	14	165
NC_033978.1	k141_2958	658	95.918	98	4	159
NC_033978.1	k141_2958	658	95.918	98	4	159
NC_033978.1	k141_24084	44138	97.590	83	2	141
NC_033978.1	k141_24084	44138	97.590	83	2	141
NC_033978.1	k141_24084	44138	76.000	75	18	55.4
NC_033978.1	k141_111189	269	80.392	153	28	139
NC_033978.1	k141_100113	33566	98.684	76	1	133
NC_033978.1	k141_100113	33566	80.556	108	8	104
NC_033978.1	k141_78571	14271	93.671	79	5	121
NC_033978.1	k141_78571	14271	77.049	61	14	48.2
NC_033978.1	k141_52934	427	76.667	150	32	107
NC_033978.1	k141_49033	339	93.333	60	4	91.5
NC_033978.1	k141_91590	9710	77.391	115	23	85.1
NC_033978.1	k141_91590	9710	77.391	115	23	85.1
NC_033978.1	k141_91590	9710	80.702	57	11	54.5
NC_033978.1	k141_91590	9710	80.702	57	11	54.5
NC_033978.1	k141_39393	883	80.000	90	18	82.4
NC_033978.1	k141_78704	559	87.692	65	8	82.4
NC_033978.1	k141_27541	400	92.157	51	4	75.2
NC_033978.1	k141_31941	457	73.077	104	28	62.6
NC_033978.1	k141_107548	1325	70.635	126	37	61.7
NC_033978.1	k141_107548	1325	70.635	126	37	61.7
NC_033978.1	k141_3477	426	92.308	39	3	58.1
NC_033978.1	k141_3477	426	92.308	39	3	58.1
NC_033978.1	k141_96221	441	76.271	59	13	41.0
MW006668.1	k141_118009	85130	83.076	9460	1253	9836
MW006668.1	k141_118009	85130	91.342	5613	409	7902
MW006668.1	k141_118009	85130	84.827	4686	508	5267
MW006668.1	k141_118009	85130	87.395	3919	357	4762
MW006668.1	k141_118009	85130	81.481	4401	557	4248
MW006668.1	k141_118009	85130	86.774	3236	388	3907
MW006668.1	k141_118009	85130	83.248	3110	313	3272
MW006668.1	k141_118009	85130	77.450	3561	563	2762
MW006668.1	k141_118009	85130	77.808	3267	432	2581
MW006668.1	k141_118009	85130	90.554	1842	160	2524
MW006668.1	k141_118009	85130	87.159	1978	206	2425
MW006668.1	k141_118009	85130	87.879	1881	200	2363
MW006668.1	k141_118009	85130	84.114	2134	229	2307
MW006668.1	k141_118009	85130	80.702	1995	233	1883
MW006668.1	k141_118009	85130	79.512	1845	297	1620
MW006668.1	k141_118009	85130	75.954	2017	269	1466
MW006668.1	k141_118009	85130	92.291	921	56	1333
MW006668.1	k141_118009	85130	92.291	921	56	1333
MW006668.1	k141_118009	85130	76.363	1688	277	1194
MW006668.1	k141_118009	85130	79.037	1288	161	1087
MW006668.1	k141_118009	85130	79.037	1288	161	1087
MW006668.1	k141_118009	85130	73.644	1715	222	1074
MW006668.1	k141_118009	85130	94.595	666	31	1035
MW006668.1	k141_118009	85130	82.663	969	134	972
MW006668.1	k141_118009	85130	76.821	1208	185	962
MW006668.1	k141_118009	85130	82.483	862	88	873
MW006668.1	k141_118009	85130	86.704	722	70	853
MW006668.1	k141_118009	85130	73.521	1352	205	841
MW006668.1	k141_118009	85130	74.518	985	153	630
MW006668.1	k141_118009	85130	78.297	728	119	614
MW006668.1	k141_118009	85130	78.297	728	119	614
MW006668.1	k141_118009	85130	77.116	756	106	554
MW006668.1	k141_118009	85130	73.561	851	139	513
MW006668.1	k141_118009	85130	74.510	612	84	398
MW006668.1	k141_118009	85130	84.703	353	53	390
MW006668.1	k141_118009	85130	85.627	327	37	374
MW006668.1	k141_118009	85130	85.627	327	37	374
MW006668.1	k141_118009	85130	70.300	633	133	272
MW006668.1	k141_118009	85130	76.099	364	44	268
MW006668.1	k141_118009	85130	81.614	223	35	219
MW006668.1	k141_118009	85130	71.498	414	61	217
MW006668.1	k141_118009	85130	83.854	192	29	205
MW006668.1	k141_118009	85130	69.061	543	120	203
MW006668.1	k141_118009	85130	81.517	211	31	190
MW006668.1	k141_118009	85130	70.361	388	67	180
MW006668.1	k141_118009	85130	81.095	201	26	176
MW006668.1	k141_118009	85130	72.755	323	70	167
MW006668.1	k141_118009	85130	78.894	199	32	166
MW006668.1	k141_118009	85130	76.712	219	35	158
MW006668.1	k141_118009	85130	88.496	113	8	141
MW006668.1	k141_118009	85130	94.937	79	4	125
MW006668.1	k141_118009	85130	94.937	79	4	125
MW006668.1	k141_118009	85130	92.857	84	5	122
MW006668.1	k141_118009	85130	75.294	170	42	118
MW006668.1	k141_118009	85130	79.365	126	26	111
MW006668.1	k141_118009	85130	75.472	159	37	109
MW006668.1	k141_118009	85130	83.951	81	13	88.7
MW006668.1	k141_118009	85130	86.301	73	10	87.8
MW006668.1	k141_118009	85130	93.878	49	3	76.1
MW006668.1	k141_118009	85130	93.878	49	3	76.1
MW006668.1	k141_118009	85130	93.750	48	3	74.3
MW006668.1	k141_118009	85130	97.561	41	1	70.7
MW006668.1	k141_118009	85130	91.667	48	4	69.8
MW006668.1	k141_118009	85130	75.000	108	25	67.1
MW006668.1	k141_118009	85130	84.211	57	9	63.5
MW006668.1	k141_118009	85130	84.211	57	9	63.5
MW006668.1	k141_118009	85130	94.737	38	2	60.8
MW006668.1	k141_118009	85130	87.805	41	5	52.7
MW006668.1	k141_118009	85130	74.194	62	16	41.0
MW006668.1	k141_101059	17699	89.702	5234	378	6997
MW006668.1	k141_101059	17699	96.540	2052	49	3374
MW006668.1	k141_101059	17699	96.540	2052	49	3374
MW006668.1	k141_101059	17699	73.907	2882	426	1804
MW006668.1	k141_101059	17699	87.013	693	59	859
MW006668.1	k141_101059	17699	88.869	566	61	730
MW006668.1	k141_101059	17699	80.485	784	116	686
MW006668.1	k141_101059	17699	76.061	589	88	425
MW006668.1	k141_101059	17699	88.129	278	25	352
MW006668.1	k141_101059	17699	88.129	278	25	352
MW006668.1	k141_101059	17699	79.379	354	47	297
MW006668.1	k141_101059	17699	84.354	147	14	161
MW006668.1	k141_101059	17699	84.354	147	14	161
MW006668.1	k141_101059	17699	84.559	136	12	150
MW006668.1	k141_101059	17699	91.429	105	6	139
MW006668.1	k141_101059	17699	81.905	105	15	104
MW006668.1	k141_101059	17699	100.000	42	0	77.0
MW006668.1	k141_101059	17699	100.000	42	0	77.0
MW006668.1	k141_101059	17699	92.857	42	3	63.5
MW006668.1	k141_67144	3935	96.392	3381	72	5539
MW006668.1	k141_67144	3935	96.392	3381	72	5539
MW006668.1	k141_67144	3935	96.068	585	17	939
MW006668.1	k141_67144	3935	96.068	585	17	939
MW006668.1	k141_7563	18389	85.885	4442	465	5110
MW006668.1	k141_7563	18389	85.885	4442	465	5110
MW006668.1	k141_7563	18389	83.069	4861	613	5011
MW006668.1	k141_7563	18389	83.069	4861	613	5011
MW006668.1	k141_7563	18389	80.043	2320	431	2085
MW006668.1	k141_7563	18389	85.167	209	22	242
MW006668.1	k141_7563	18389	85.167	209	22	242
MW006668.1	k141_7563	18389	89.313	131	13	170
MW006668.1	k141_7563	18389	88.525	61	7	79.7
MW006668.1	k141_7563	18389	88.525	61	7	79.7
MW006668.1	k141_7563	18389	88.525	61	7	79.7
MW006668.1	k141_7563	18389	88.525	61	7	79.7
MW006668.1	k141_7563	18389	85.246	61	9	70.7
MW006668.1	k141_7563	18389	85.246	61	9	70.7
MW006668.1	k141_7563	18389	85.246	61	9	70.7
MW006668.1	k141_7563	18389	85.246	61	9	70.7
MW006668.1	k141_7563	18389	95.238	42	2	68.0
MW006668.1	k141_7563	18389	83.871	62	10	68.0
MW006668.1	k141_7563	18389	97.436	39	1	67.1
MW006668.1	k141_7563	18389	83.607	61	10	66.2
MW006668.1	k141_7563	18389	83.607	61	10	66.2
MW006668.1	k141_7563	18389	83.607	61	10	66.2
MW006668.1	k141_7563	18389	83.607	61	10	66.2
MW006668.1	k141_7563	18389	83.607	61	10	66.2
MW006668.1	k141_7563	18389	83.607	61	10	66.2
MW006668.1	k141_7563	18389	83.607	61	10	66.2
MW006668.1	k141_7563	18389	83.607	61	10	66.2
MW006668.1	k141_7563	18389	85.455	55	8	64.4
MW006668.1	k141_7563	18389	85.455	55	8	64.4
MW006668.1	k141_7563	18389	83.636	55	9	59.9
MW006668.1	k141_7563	18389	83.636	55	9	59.9
MW006668.1	k141_7563	18389	83.636	55	9	59.9
MW006668.1	k141_7563	18389	83.636	55	9	59.9
MW006668.1	k141_7563	18389	83.636	55	9	59.9
MW006668.1	k141_7563	18389	83.636	55	9	59.9
MW006668.1	k141_7563	18389	83.636	55	9	59.9
MW006668.1	k141_7563	18389	83.636	55	9	59.9
MW006668.1	k141_7563	18389	83.636	55	9	59.9
MW006668.1	k141_7563	18389	83.636	55	9	59.9
MW006668.1	k141_7563	18389	89.474	38	4	51.8
MW006668.1	k141_7563	18389	82.222	45	8	46.4
MW006668.1	k141_60942	3346	91.847	2355	102	3369
MW006668.1	k141_60942	3346	91.847	2355	102	3369
MW006668.1	k141_60942	3346	87.637	364	24	464
MW006668.1	k141_60942	3346	87.637	364	24	464
MW006668.1	k141_60942	3346	64.247	551	147	115
MW006668.1	k141_60942	3346	64.247	551	147	115
MW006668.1	k141_60942	3346	63.098	523	135	86.9
MW006668.1	k141_60942	3346	88.525	61	7	79.7
MW006668.1	k141_60942	3346	88.525	61	7	79.7
MW006668.1	k141_60942	3346	68.122	229	56	77.9
MW006668.1	k141_60942	3346	68.122	229	56	77.9
MW006668.1	k141_60942	3346	68.306	183	46	76.1
MW006668.1	k141_60942	3346	68.306	183	46	76.1
MW006668.1	k141_60942	3346	68.306	183	46	76.1
MW006668.1	k141_60942	3346	68.306	183	46	76.1
MW006668.1	k141_60942	3346	76.923	65	15	50.9
MW006668.1	k141_60942	3346	76.923	65	15	50.9
MW006668.1	k141_60942	3346	76.923	65	15	50.9
MW006668.1	k141_60942	3346	76.923	65	15	50.9
MW006668.1	k141_69040	37993	79.887	711	89	615
MW006668.1	k141_69040	37993	77.966	354	38	274
MW006668.1	k141_69040	37993	70.000	180	54	82.4
MW006668.1	k141_69040	37993	82.979	47	8	50.0
MW006668.1	k141_56262	23450	71.525	885	206	425
MW006668.1	k141_56262	23450	71.525	885	206	425
MW006668.1	k141_56262	23450	74.436	532	125	339
MW006668.1	k141_56262	23450	74.436	532	125	339
MW006668.1	k141_56262	23450	74.732	467	102	280
MW006668.1	k141_56262	23450	74.732	467	102	280
MW006668.1	k141_56262	23450	78.788	264	54	217
MW006668.1	k141_56262	23450	78.788	264	54	217
MW006668.1	k141_56262	23450	85.246	61	9	70.7
MW006668.1	k141_56262	23450	85.246	61	9	70.7
MW006668.1	k141_71079	46388	87.833	263	16	336
MW006668.1	k141_71079	46388	76.667	210	43	155
MW006668.1	k141_71079	46388	76.667	210	43	155
MW006668.1	k141_71079	46388	97.619	84	2	143
MW006668.1	k141_71079	46388	72.727	132	36	77.0
MW006668.1	k141_20123	18789	98.582	141	2	246
MW006668.1	k141_20123	18789	98.582	141	2	246
MW006668.1	k141_20123	18789	94.937	79	4	125
MW006668.1	k141_20123	18789	94.937	79	4	125
MW006668.1	k141_101183	3301	77.597	308	48	246
MW006668.1	k141_101183	3301	77.597	308	48	246
MW006668.1	k141_101183	3301	96.479	142	4	231
MW006668.1	k141_101183	3301	96.479	142	4	231
MW006668.1	k141_64891	3885	66.711	760	214	234
MW006668.1	k141_78876	530	88.827	179	19	230
MW006668.1	k141_74962	471	91.156	147	13	207
MW006668.1	k141_26815	361	92.029	138	11	200
MW006668.1	k141_32608	401	97.458	118	3	200
MW006668.1	k141_88310	429	97.826	92	2	158
MW006668.1	k141_2958	658	94.898	98	5	155
MW006668.1	k141_65098	4482	87.402	127	15	154
MW006668.1	k141_28220	442	87.097	124	9	145
MW006668.1	k141_24084	44138	95.181	83	4	132
MW006668.1	k141_24084	44138	95.181	83	4	132
MW006668.1	k141_100113	33566	97.368	76	2	129
MW006668.1	k141_100113	33566	83.838	99	6	112
MW006668.1	k141_78571	14271	93.671	79	5	121
MW006668.1	k141_78571	14271	77.193	57	13	45.5
MW006668.1	k141_39393	883	82.222	90	16	91.5
MW006668.1	k141_49033	339	91.667	60	5	86.9
MW006668.1	k141_91590	9710	77.391	115	23	85.1
MW006668.1	k141_91590	9710	77.391	115	23	85.1
MW006668.1	k141_91590	9710	80.702	57	11	54.5
MW006668.1	k141_91590	9710	80.702	57	11	54.5
MW006668.1	k141_37438	853	85.135	74	11	85.1
MW006668.1	k141_27541	400	94.118	51	3	79.7
MW006668.1	k141_27541	400	94.118	51	3	79.7
MW006668.1	k141_95725	835	79.381	97	18	78.8
MW006668.1	k141_78704	559	89.474	57	6	77.0
MW006668.1	k141_60001	6951	77.320	97	22	77.0
MW006668.1	k141_60001	6951	77.320	97	22	77.0
MW006668.1	k141_28877	361	87.719	57	7	72.5
MW006668.1	k141_28877	361	87.719	57	7	72.5
MW006668.1	k141_3477	426	92.308	39	3	58.1
MW006668.1	k141_3477	426	92.308	39	3	58.1
MW006668.1	k141_107548	1325	69.841	126	38	57.2
MW006668.1	k141_31941	457	80.000	50	10	46.4
MW006668.1	k141_74170	382	87.500	32	4	41.0
MW006668.1	k141_74170	382	87.500	32	4	41.0
MW435436.1	k141_101059	17699	92.540	9249	489	13624
MW435436.1	k141_101059	17699	92.540	9249	489	13624
MW435436.1	k141_101059	17699	91.868	3640	138	5247
MW435436.1	k141_101059	17699	91.868	3640	138	5247
MW435436.1	k141_101059	17699	90.903	3133	103	4449
MW435436.1	k141_101059	17699	90.903	3133	103	4449
MW435436.1	k141_101059	17699	95.345	1375	55	2173
MW435436.1	k141_101059	17699	95.345	1375	55	2173
MW435436.1	k141_101059	17699	86.916	428	27	519
MW435436.1	k141_101059	17699	86.916	428	27	519
MW435436.1	k141_101059	17699	95.238	42	2	68.0
MW435436.1	k141_101059	17699	92.308	39	3	58.1
MW435436.1	k141_118009	85130	83.870	10496	1413	11310
MW435436.1	k141_118009	85130	80.102	11569	1498	10422
MW435436.1	k141_118009	85130	91.139	5586	416	7846
MW435436.1	k141_118009	85130	83.534	5745	643	6067
MW435436.1	k141_118009	85130	85.558	3926	421	4467
MW435436.1	k141_118009	85130	78.881	4380	650	3644
MW435436.1	k141_118009	85130	85.593	2936	322	3376
MW435436.1	k141_118009	85130	76.279	3461	542	2445
MW435436.1	k141_118009	85130	82.757	2227	281	2284
MW435436.1	k141_118009	85130	84.356	2103	288	2270
MW435436.1	k141_118009	85130	83.996	2037	237	2195
MW435436.1	k141_118009	85130	76.261	2578	423	1809
MW435436.1	k141_118009	85130	81.008	1785	208	1647
MW435436.1	k141_118009	85130	81.626	1562	229	1531
MW435436.1	k141_118009	85130	86.591	1141	121	1348
MW435436.1	k141_118009	85130	83.429	1044	133	1099
MW435436.1	k141_118009	85130	73.062	1522	236	896
MW435436.1	k141_118009	85130	76.117	1231	180	836
MW435436.1	k141_118009	85130	81.657	845	109	827
MW435436.1	k141_118009	85130	72.782	1330	208	712
MW435436.1	k141_118009	85130	89.027	483	51	626
MW435436.1	k141_118009	85130	75.918	735	103	527
MW435436.1	k141_118009	85130	77.893	579	95	453
MW435436.1	k141_118009	85130	86.464	362	40	432
MW435436.1	k141_118009	85130	79.007	443	77	368
MW435436.1	k141_118009	85130	72.549	612	87	343
MW435436.1	k141_118009	85130	70.151	727	133	301
MW435436.1	k141_118009	85130	81.107	307	41	272
MW435436.1	k141_118009	85130	73.536	427	75	246
MW435436.1	k141_118009	85130	87.500	200	19	245
MW435436.1	k141_118009	85130	66.868	661	128	206
MW435436.1	k141_118009	85130	86.957	161	15	193
MW435436.1	k141_118009	85130	85.890	163	23	191
MW435436.1	k141_118009	85130	86.000	150	12	176
MW435436.1	k141_118009	85130	86.000	150	12	176
MW435436.1	k141_118009	85130	78.689	183	29	155
MW435436.1	k141_118009	85130	66.300	546	158	134
MW435436.1	k141_118009	85130	90.196	102	6	134
MW435436.1	k141_118009	85130	90.625	96	7	131
MW435436.1	k141_118009	85130	88.235	85	10	109
MW435436.1	k141_118009	85130	66.256	406	121	107
MW435436.1	k141_118009	85130	85.526	76	11	88.7
MW435436.1	k141_118009	85130	97.561	41	1	70.7
MW435436.1	k141_118009	85130	97.561	41	1	70.7
MW435436.1	k141_118009	85130	91.489	47	4	68.0
MW435436.1	k141_118009	85130	74.194	62	16	41.0
MW435436.1	k141_67144	3935	97.018	3354	77	5588
MW435436.1	k141_67144	3935	97.018	3354	77	5588
MW435436.1	k141_67144	3935	97.436	585	14	985
MW435436.1	k141_67144	3935	97.436	585	14	985
MW435436.1	k141_7563	18389	82.632	4468	574	4525
MW435436.1	k141_7563	18389	80.833	3360	494	3134
MW435436.1	k141_7563	18389	81.181	2269	386	2173
MW435436.1	k141_7563	18389	81.029	1982	335	1885
MW435436.1	k141_7563	18389	79.298	1367	230	1152
MW435436.1	k141_7563	18389	72.610	931	219	504
MW435436.1	k141_7563	18389	73.464	716	150	431
MW435436.1	k141_7563	18389	84.022	363	43	394
MW435436.1	k141_7563	18389	84.022	363	43	394
MW435436.1	k141_7563	18389	69.268	833	198	352
MW435436.1	k141_7563	18389	70.360	722	144	347
MW435436.1	k141_7563	18389	70.360	722	144	347
MW435436.1	k141_7563	18389	94.326	141	8	219
MW435436.1	k141_7563	18389	94.326	141	8	219
MW435436.1	k141_7563	18389	70.539	241	56	120
MW435436.1	k141_7563	18389	97.436	39	1	67.1
MW435436.1	k141_7563	18389	97.436	39	1	67.1
MW435436.1	k141_7563	18389	92.857	42	3	63.5
MW435436.1	k141_7563	18389	86.667	45	6	55.4
MW435436.1	k141_7563	18389	84.211	38	6	42.8
MW435436.1	k141_7563	18389	84.211	38	6	42.8
MW435436.1	k141_60942	3346	94.160	2072	54	3212
MW435436.1	k141_60942	3346	94.160	2072	54	3212
MW435436.1	k141_60942	3346	93.617	987	48	1497
MW435436.1	k141_60942	3346	93.617	987	48	1497
MW435436.1	k141_60942	3346	80.800	375	41	340
MW435436.1	k141_60942	3346	80.800	375	41	340
MW435436.1	k141_56262	23450	71.107	1156	264	535
MW435436.1	k141_56262	23450	71.107	1156	264	535
MW435436.1	k141_56262	23450	72.316	885	198	444
MW435436.1	k141_56262	23450	72.316	885	198	444
MW435436.1	k141_56262	23450	78.409	264	55	213
MW435436.1	k141_56262	23450	78.409	264	55	213
MW435436.1	k141_56262	23450	86.885	61	8	75.2
MW435436.1	k141_56262	23450	86.885	61	8	75.2
MW435436.1	k141_69040	37993	82.621	351	46	350
MW435436.1	k141_69040	37993	85.556	180	15	205
MW435436.1	k141_69040	37993	69.802	404	59	187
MW435436.1	k141_69040	37993	71.978	182	47	94.2
MW435436.1	k141_69040	37993	71.978	182	47	94.2
MW435436.1	k141_69040	37993	85.106	47	7	54.5
MW435436.1	k141_101183	3301	83.742	326	49	340
MW435436.1	k141_101183	3301	83.742	326	49	340
MW435436.1	k141_101183	3301	97.183	142	3	235
MW435436.1	k141_101183	3301	97.183	142	3	235
MW435436.1	k141_71079	46388	87.833	263	16	336
MW435436.1	k141_71079	46388	77.143	210	42	159
MW435436.1	k141_71079	46388	92.391	92	6	132
MW435436.1	k141_71079	46388	76.250	80	19	59.9
MW435436.1	k141_71079	46388	76.250	80	19	59.9
MW435436.1	k141_28220	442	81.818	308	38	293
MW435436.1	k141_28220	442	81.818	308	38	293
MW435436.1	k141_78876	530	93.820	178	10	269
MW435436.1	k141_78876	530	93.820	178	10	269
MW435436.1	k141_20123	18789	100.000	141	0	255
MW435436.1	k141_20123	18789	100.000	141	0	255
MW435436.1	k141_20123	18789	95.000	80	4	127
MW435436.1	k141_64891	3885	67.347	784	215	243
MW435436.1	k141_32608	401	98.305	118	2	205
MW435436.1	k141_32608	401	98.305	118	2	205
MW435436.1	k141_26815	361	91.971	137	11	198
MW435436.1	k141_74962	471	88.435	147	17	189
MW435436.1	k141_88310	429	98.925	93	1	164
MW435436.1	k141_88310	429	98.925	93	1	164
MW435436.1	k141_2958	658	96.939	98	3	164
MW435436.1	k141_2958	658	96.939	98	3	164
MW435436.1	k141_65098	4482	89.256	121	13	160
MW435436.1	k141_24084	44138	96.386	83	3	137
MW435436.1	k141_24084	44138	96.386	83	3	137
MW435436.1	k141_24084	44138	75.000	84	21	58.1
MW435436.1	k141_111189	269	80.435	138	27	128
MW435436.1	k141_111189	269	80.435	138	27	128
MW435436.1	k141_100113	33566	96.104	77	3	126
MW435436.1	k141_100113	33566	85.417	96	7	113
MW435436.1	k141_109732	315	93.103	87	4	123
MW435436.1	k141_78571	14271	92.405	79	6	116
MW435436.1	k141_78571	14271	77.193	57	13	45.5
MW435436.1	k141_39393	883	81.111	90	17	86.9
MW435436.1	k141_91590	9710	77.391	115	23	85.1
MW435436.1	k141_91590	9710	77.391	115	23	85.1
MW435436.1	k141_91590	9710	77.027	74	17	58.1
MW435436.1	k141_91590	9710	77.027	74	17	58.1
MW435436.1	k141_49033	339	90.000	60	6	82.4
MW435436.1	k141_27541	400	94.231	52	3	81.5
MW435436.1	k141_78704	559	87.302	63	8	78.8
MW435436.1	k141_95725	835	79.798	99	17	78.8
MW435436.1	k141_60001	6951	77.320	97	22	77.0
MW435436.1	k141_60001	6951	77.320	97	22	77.0
MW435436.1	k141_60001	6951	78.667	75	16	64.4
MW435436.1	k141_60001	6951	78.667	75	16	64.4
MW435436.1	k141_69976	424	86.207	58	8	69.8
MW435436.1	k141_107548	1325	71.429	126	36	66.2
MW435436.1	k141_107548	1325	71.429	126	36	66.2
MW435436.1	k141_3477	426	92.308	39	3	58.1
MW435436.1	k141_3477	426	92.308	39	3	58.1
MW435436.1	k141_31941	457	68.750	128	40	51.8
NC_037882.1	k141_118009	85130	84.764	12746	1559	14184
NC_037882.1	k141_118009	85130	90.530	5966	470	8190
NC_037882.1	k141_118009	85130	83.608	7589	833	8083
NC_037882.1	k141_118009	85130	84.201	5032	530	5514
NC_037882.1	k141_118009	85130	87.971	3633	323	4523
NC_037882.1	k141_118009	85130	84.512	3874	425	4282
NC_037882.1	k141_118009	85130	82.287	4223	487	4200
NC_037882.1	k141_118009	85130	79.805	4610	711	3991
NC_037882.1	k141_118009	85130	80.189	2756	382	2472
NC_037882.1	k141_118009	85130	86.589	1976	203	2389
NC_037882.1	k141_118009	85130	83.380	2142	226	2245
NC_037882.1	k141_118009	85130	80.264	2498	330	2214
NC_037882.1	k141_118009	85130	78.101	1959	271	1602
NC_037882.1	k141_118009	85130	88.644	951	56	1222
NC_037882.1	k141_118009	85130	76.223	1615	202	1215
NC_037882.1	k141_118009	85130	78.415	1325	179	1085
NC_037882.1	k141_118009	85130	79.259	1268	176	1054
NC_037882.1	k141_118009	85130	71.457	2011	335	989
NC_037882.1	k141_118009	85130	72.759	1718	231	964
NC_037882.1	k141_118009	85130	90.014	711	56	954
NC_037882.1	k141_118009	85130	89.645	676	66	890
NC_037882.1	k141_118009	85130	80.814	860	105	785
NC_037882.1	k141_118009	85130	77.508	618	94	448
NC_037882.1	k141_118009	85130	84.906	371	38	425
NC_037882.1	k141_118009	85130	84.906	371	38	425
NC_037882.1	k141_118009	85130	68.059	1077	165	418
NC_037882.1	k141_118009	85130	81.122	392	44	370
NC_037882.1	k141_118009	85130	79.781	366	44	300
NC_037882.1	k141_118009	85130	78.485	330	49	273
NC_037882.1	k141_118009	85130	77.429	350	32	273
NC_037882.1	k141_118009	85130	89.286	196	13	262
NC_037882.1	k141_118009	85130	84.483	232	31	248
NC_037882.1	k141_118009	85130	90.370	135	13	186
NC_037882.1	k141_118009	85130	83.648	159	8	178
NC_037882.1	k141_118009	85130	83.648	159	8	178
NC_037882.1	k141_118009	85130	86.806	144	17	172
NC_037882.1	k141_118009	85130	86.131	137	15	157
NC_037882.1	k141_118009	85130	92.157	102	7	145
NC_037882.1	k141_118009	85130	95.506	89	4	143
NC_037882.1	k141_118009	85130	93.548	93	6	141
NC_037882.1	k141_118009	85130	87.719	114	11	137
NC_037882.1	k141_118009	85130	77.778	126	28	102
NC_037882.1	k141_118009	85130	76.984	126	29	97.8
NC_037882.1	k141_118009	85130	85.185	81	12	93.3
NC_037882.1	k141_118009	85130	82.143	84	14	81.5
NC_037882.1	k141_118009	85130	100.000	42	0	77.0
NC_037882.1	k141_118009	85130	95.122	41	2	66.2
NC_037882.1	k141_118009	85130	95.122	41	2	66.2
NC_037882.1	k141_118009	85130	83.051	59	9	59.0
NC_037882.1	k141_118009	85130	74.194	62	16	41.0
NC_037882.1	k141_101059	17699	92.878	8003	382	11934
NC_037882.1	k141_101059	17699	92.878	8003	382	11934
NC_037882.1	k141_101059	17699	93.977	4798	124	7414
NC_037882.1	k141_101059	17699	93.977	4798	124	7414
NC_037882.1	k141_101059	17699	92.308	3549	139	5183
NC_037882.1	k141_101059	17699	92.308	3549	139	5183
NC_037882.1	k141_101059	17699	94.077	574	16	890
NC_037882.1	k141_101059	17699	94.077	574	16	890
NC_037882.1	k141_101059	17699	97.619	42	1	72.5
NC_037882.1	k141_101059	17699	94.872	39	2	62.6
NC_037882.1	k141_67144	3935	97.379	3357	55	5652
NC_037882.1	k141_67144	3935	97.379	3357	55	5652
NC_037882.1	k141_67144	3935	96.581	585	17	959
NC_037882.1	k141_67144	3935	96.581	585	17	959
NC_037882.1	k141_7563	18389	83.957	4438	537	4767
NC_037882.1	k141_7563	18389	80.485	4904	757	4458
NC_037882.1	k141_7563	18389	82.220	2351	368	2338
NC_037882.1	k141_7563	18389	74.785	698	151	457
NC_037882.1	k141_7563	18389	83.240	358	40	371
NC_037882.1	k141_7563	18389	83.240	358	40	371
NC_037882.1	k141_7563	18389	70.614	684	168	335
NC_037882.1	k141_7563	18389	73.651	482	113	288
NC_037882.1	k141_7563	18389	86.854	213	18	259
NC_037882.1	k141_7563	18389	66.393	854	212	247
NC_037882.1	k141_7563	18389	94.326	141	8	219
NC_037882.1	k141_7563	18389	94.326	141	8	219
NC_037882.1	k141_7563	18389	77.689	251	42	191
NC_037882.1	k141_7563	18389	95.238	42	2	68.0
NC_037882.1	k141_7563	18389	94.872	39	2	62.6
NC_037882.1	k141_7563	18389	94.872	39	2	62.6
NC_037882.1	k141_7563	18389	82.222	45	8	46.4
NC_037882.1	k141_60942	3346	93.257	2432	95	3637
NC_037882.1	k141_60942	3346	93.257	2432	95	3637
NC_037882.1	k141_60942	3346	93.456	978	44	1480
NC_037882.1	k141_60942	3346	93.456	978	44	1480
NC_037882.1	k141_69040	37993	76.197	773	105	551
NC_037882.1	k141_69040	37993	94.737	95	5	150
NC_037882.1	k141_69040	37993	71.978	182	47	94.2
NC_037882.1	k141_69040	37993	71.978	182	47	94.2
NC_037882.1	k141_69040	37993	82.979	47	8	50.0
NC_037882.1	k141_56262	23450	72.418	881	204	448
NC_037882.1	k141_56262	23450	72.418	881	204	448
NC_037882.1	k141_56262	23450	74.624	532	124	343
NC_037882.1	k141_56262	23450	74.624	532	124	343
NC_037882.1	k141_56262	23450	74.522	471	90	287
NC_037882.1	k141_56262	23450	74.522	471	90	287
NC_037882.1	k141_56262	23450	78.409	264	55	213
NC_037882.1	k141_56262	23450	78.409	264	55	213
NC_037882.1	k141_56262	23450	86.885	61	8	75.2
NC_037882.1	k141_56262	23450	86.885	61	8	75.2
NC_037882.1	k141_71079	46388	88.213	263	15	341
NC_037882.1	k141_71079	46388	79.048	210	38	178
NC_037882.1	k141_71079	46388	86.066	122	14	142
NC_037882.1	k141_71079	46388	75.630	119	29	85.1
NC_037882.1	k141_101183	3301	84.429	289	43	312
NC_037882.1	k141_101183	3301	84.429	289	43	312
NC_037882.1	k141_101183	3301	97.183	142	3	235
NC_037882.1	k141_101183	3301	97.183	142	3	235
NC_037882.1	k141_78876	530	93.258	178	11	264
NC_037882.1	k141_78876	530	93.258	178	11	264
NC_037882.1	k141_20123	18789	99.291	141	1	251
NC_037882.1	k141_20123	18789	99.291	141	1	251
NC_037882.1	k141_20123	18789	98.750	80	1	141
NC_037882.1	k141_64891	3885	68.558	652	191	229
NC_037882.1	k141_64891	3885	69.748	119	36	53.6
NC_037882.1	k141_32608	401	98.305	118	2	205
NC_037882.1	k141_32608	401	98.305	118	2	205
NC_037882.1	k141_74962	471	89.116	147	16	194
NC_037882.1	k141_26815	361	91.241	137	12	194
NC_037882.1	k141_88310	429	100.000	93	0	168
NC_037882.1	k141_88310	429	100.000	93	0	168
NC_037882.1	k141_2958	658	95.918	98	4	159
NC_037882.1	k141_2958	658	95.918	98	4	159
NC_037882.1	k141_65098	4482	87.402	127	16	158
NC_037882.1	k141_24084	44138	95.181	83	4	132
NC_037882.1	k141_24084	44138	95.181	83	4	132
NC_037882.1	k141_100113	33566	95.946	74	3	121
NC_037882.1	k141_100113	33566	85.417	96	4	115
NC_037882.1	k141_78571	14271	91.139	79	7	112
NC_037882.1	k141_78571	14271	77.193	57	13	45.5
NC_037882.1	k141_52934	427	75.168	149	34	96.9
NC_037882.1	k141_49033	339	93.333	60	4	91.5
NC_037882.1	k141_39393	883	81.111	90	17	86.9
NC_037882.1	k141_91590	9710	77.391	115	23	85.1
NC_037882.1	k141_91590	9710	77.391	115	23	85.1
NC_037882.1	k141_91590	9710	80.702	57	11	54.5
NC_037882.1	k141_91590	9710	80.702	57	11	54.5
NC_037882.1	k141_28220	442	87.500	64	2	81.5
NC_037882.1	k141_28220	442	87.500	64	2	81.5
NC_037882.1	k141_37438	853	83.784	74	12	80.6
NC_037882.1	k141_27541	400	94.118	51	3	79.7
NC_037882.1	k141_69976	424	88.333	60	7	77.9
NC_037882.1	k141_60001	6951	77.320	97	22	77.0
NC_037882.1	k141_60001	6951	77.320	97	22	77.0
NC_037882.1	k141_78704	559	84.127	63	10	69.8
NC_037882.1	k141_107548	1325	71.429	126	36	66.2
NC_037882.1	k141_107548	1325	71.429	126	36	66.2
NC_037882.1	k141_28877	361	86.792	53	7	65.3
NC_037882.1	k141_3477	426	92.308	39	3	58.1
NC_037882.1	k141_3477	426	92.308	39	3	58.1
NC_037882.1	k141_51206	382	89.744	39	4	53.6
NC_037882.1	k141_107684	539	83.673	49	8	53.6
NC_037882.1	k141_31941	457	70.192	104	31	49.1
NC_037882.1	k141_60066	540	84.211	38	6	42.8
NC_056190.1	k141_118009	85130	84.873	12448	1487	14010
NC_056190.1	k141_118009	85130	92.724	5525	358	8142
NC_056190.1	k141_118009	85130	84.112	5822	631	6315
NC_056190.1	k141_118009	85130	85.531	4596	512	5244
NC_056190.1	k141_118009	85130	84.494	4740	502	5202
NC_056190.1	k141_118009	85130	85.440	4224	376	4827
NC_056190.1	k141_118009	85130	82.889	4243	487	4347
NC_056190.1	k141_118009	85130	80.810	4023	556	3758
NC_056190.1	k141_118009	85130	82.290	2428	305	2409
NC_056190.1	k141_118009	85130	80.750	2348	268	2201
NC_056190.1	k141_118009	85130	77.791	2526	294	2056
NC_056190.1	k141_118009	85130	81.714	1739	233	1717
NC_056190.1	k141_118009	85130	77.997	1977	298	1598
NC_056190.1	k141_118009	85130	90.421	1117	79	1490
NC_056190.1	k141_118009	85130	76.505	1711	244	1259
NC_056190.1	k141_118009	85130	75.620	1694	226	1177
NC_056190.1	k141_118009	85130	82.905	1129	127	1168
NC_056190.1	k141_118009	85130	82.009	1145	142	1086
NC_056190.1	k141_118009	85130	76.448	1329	189	1003
NC_056190.1	k141_118009	85130	75.037	1350	205	913
NC_056190.1	k141_118009	85130	74.615	1430	218	902
NC_056190.1	k141_118009	85130	79.686	891	112	768
NC_056190.1	k141_118009	85130	72.899	1166	163	673
NC_056190.1	k141_118009	85130	81.590	478	64	461
NC_056190.1	k141_118009	85130	87.166	374	46	452
NC_056190.1	k141_118009	85130	84.890	364	49	397
NC_056190.1	k141_118009	85130	80.189	318	31	283
NC_056190.1	k141_118009	85130	78.914	313	49	256
NC_056190.1	k141_118009	85130	68.471	628	113	227
NC_056190.1	k141_118009	85130	87.363	182	17	226
NC_056190.1	k141_118009	85130	92.254	142	10	204
NC_056190.1	k141_118009	85130	74.351	308	68	178
NC_056190.1	k141_118009	85130	95.370	108	4	169
NC_056190.1	k141_118009	85130	95.370	108	4	169
NC_056190.1	k141_118009	85130	93.617	94	6	143
NC_056190.1	k141_118009	85130	84.921	126	17	140
NC_056190.1	k141_118009	85130	81.343	134	16	124
NC_056190.1	k141_118009	85130	80.292	137	16	123
NC_056190.1	k141_118009	85130	73.939	165	43	104
NC_056190.1	k141_118009	85130	74.834	151	38	102
NC_056190.1	k141_118009	85130	93.617	47	3	72.5
NC_056190.1	k141_118009	85130	95.238	42	2	68.0
NC_056190.1	k141_118009	85130	95.122	41	2	66.2
NC_056190.1	k141_118009	85130	95.122	41	2	66.2
NC_056190.1	k141_118009	85130	74.194	62	16	41.0
NC_056190.1	k141_101059	17699	93.138	9225	420	13822
NC_056190.1	k141_101059	17699	93.178	9191	414	13788
NC_056190.1	k141_101059	17699	93.369	5173	151	7817
NC_056190.1	k141_101059	17699	93.369	5173	151	7817
NC_056190.1	k141_101059	17699	95.372	2355	52	3772
NC_056190.1	k141_101059	17699	95.372	2355	52	3772
NC_056190.1	k141_101059	17699	90.872	493	29	688
NC_056190.1	k141_101059	17699	90.872	493	29	688
NC_056190.1	k141_101059	17699	91.045	402	22	563
NC_056190.1	k141_101059	17699	91.045	402	22	563
NC_056190.1	k141_101059	17699	97.561	41	1	70.7
NC_056190.1	k141_101059	17699	92.308	39	3	58.1
NC_056190.1	k141_67144	3935	96.272	3380	63	5517
NC_056190.1	k141_67144	3935	96.272	3380	63	5517
NC_056190.1	k141_67144	3935	96.763	587	16	967
NC_056190.1	k141_67144	3935	96.763	587	16	967
NC_056190.1	k141_60942	3346	92.502	2414	85	3557
NC_056190.1	k141_60942	3346	92.502	2414	85	3557
NC_056190.1	k141_60942	3346	93.930	972	49	1488
NC_056190.1	k141_60942	3346	93.930	972	49	1488
NC_056190.1	k141_7563	18389	81.883	2942	383	2881
NC_056190.1	k141_7563	18389	81.388	1268	194	1207
NC_056190.1	k141_7563	18389	82.179	982	132	994
NC_056190.1	k141_7563	18389	79.029	1154	189	976
NC_056190.1	k141_7563	18389	87.518	681	70	837
NC_056190.1	k141_7563	18389	68.407	1896	413	707
NC_056190.1	k141_7563	18389	71.844	895	185	471
NC_056190.1	k141_7563	18389	71.844	895	185	471
NC_056190.1	k141_7563	18389	72.818	699	160	405
NC_056190.1	k141_7563	18389	72.760	558	75	328
NC_056190.1	k141_7563	18389	79.054	296	45	252
NC_056190.1	k141_7563	18389	94.286	140	8	217
NC_056190.1	k141_7563	18389	94.286	140	8	217
NC_056190.1	k141_7563	18389	87.903	124	15	157
NC_056190.1	k141_7563	18389	76.087	138	33	101
NC_056190.1	k141_7563	18389	92.857	42	3	63.5
NC_056190.1	k141_7563	18389	94.872	39	2	62.6
NC_056190.1	k141_7563	18389	94.872	39	2	62.6
NC_056190.1	k141_7563	18389	89.474	38	4	51.8
NC_056190.1	k141_7563	18389	89.474	38	4	51.8
NC_056190.1	k141_69040	37993	80.564	638	86	568
NC_056190.1	k141_69040	37993	86.154	130	14	149
NC_056190.1	k141_69040	37993	71.429	182	48	89.7
NC_056190.1	k141_69040	37993	71.429	182	48	89.7
NC_056190.1	k141_69040	37993	82.979	47	8	50.0
NC_056190.1	k141_56262	23450	72.534	892	206	459
NC_056190.1	k141_56262	23450	72.534	892	206	459
NC_056190.1	k141_56262	23450	74.624	532	124	343
NC_056190.1	k141_56262	23450	74.624	532	124	343
NC_056190.1	k141_56262	23450	74.522	471	90	287
NC_056190.1	k141_56262	23450	74.522	471	90	287
NC_056190.1	k141_56262	23450	78.030	264	56	208
NC_056190.1	k141_56262	23450	78.030	264	56	208
NC_056190.1	k141_56262	23450	86.885	61	8	75.2
NC_056190.1	k141_56262	23450	86.885	61	8	75.2
NC_056190.1	k141_71079	46388	88.593	263	14	345
NC_056190.1	k141_71079	46388	90.909	110	9	150
NC_056190.1	k141_101183	3301	82.407	324	54	317
NC_056190.1	k141_101183	3301	82.407	324	54	317
NC_056190.1	k141_101183	3301	97.887	142	2	240
NC_056190.1	k141_101183	3301	97.887	142	2	240
NC_056190.1	k141_28220	442	78.249	354	22	310
NC_056190.1	k141_28220	442	78.249	354	22	310
NC_056190.1	k141_64891	3885	67.682	919	234	295
NC_056190.1	k141_78876	530	93.296	179	11	266
NC_056190.1	k141_78876	530	93.296	179	11	266
NC_056190.1	k141_20123	18789	100.000	141	0	255
NC_056190.1	k141_20123	18789	100.000	141	0	255
NC_056190.1	k141_20123	18789	97.531	81	2	138
NC_056190.1	k141_74962	471	91.156	147	13	207
NC_056190.1	k141_32608	401	98.305	118	2	205
NC_056190.1	k141_32608	401	98.305	118	2	205
NC_056190.1	k141_26815	361	89.781	137	14	185
NC_056190.1	k141_2958	658	97.959	98	2	168
NC_056190.1	k141_2958	658	97.959	98	2	168
NC_056190.1	k141_65098	4482	86.765	136	18	165
NC_056190.1	k141_88310	429	97.849	93	2	159
NC_056190.1	k141_88310	429	97.849	93	2	159
NC_056190.1	k141_24084	44138	93.976	83	5	128
NC_056190.1	k141_24084	44138	93.976	83	5	128
NC_056190.1	k141_100113	33566	97.297	74	2	125
NC_056190.1	k141_100113	33566	83.333	108	5	117
NC_056190.1	k141_78571	14271	93.590	78	5	119
NC_056190.1	k141_78571	14271	77.193	57	13	45.5
NC_056190.1	k141_39393	883	83.333	90	15	96.0
NC_056190.1	k141_91590	9710	77.391	115	23	85.1
NC_056190.1	k141_91590	9710	77.391	115	23	85.1
NC_056190.1	k141_91590	9710	80.702	57	11	54.5
NC_056190.1	k141_91590	9710	80.702	57	11	54.5
NC_056190.1	k141_27541	400	96.078	51	2	84.2
NC_056190.1	k141_78704	559	88.889	63	7	83.3
NC_056190.1	k141_60001	6951	77.320	97	22	77.0
NC_056190.1	k141_60001	6951	77.320	97	22	77.0
NC_056190.1	k141_69976	424	86.667	60	8	73.4
NC_056190.1	k141_49033	339	86.667	60	8	73.4
NC_056190.1	k141_107684	539	88.000	50	6	64.4
NC_056190.1	k141_31941	457	70.312	128	38	60.8
NC_056190.1	k141_28877	361	85.185	54	7	59.0
NC_056190.1	k141_3477	426	92.308	39	3	58.1
NC_056190.1	k141_3477	426	92.308	39	3	58.1
NC_056190.1	k141_51206	382	89.744	39	4	53.6
MN564931.1	k141_118009	85130	83.743	12462	1616	13336
MN564931.1	k141_118009	85130	91.308	5419	427	7644
MN564931.1	k141_118009	85130	81.866	5724	665	5619
MN564931.1	k141_118009	85130	81.944	5112	588	5058
MN564931.1	k141_118009	85130	82.720	4618	577	4696
MN564931.1	k141_118009	85130	83.939	3960	404	4272
MN564931.1	k141_118009	85130	80.054	4081	592	3643
MN564931.1	k141_118009	85130	82.663	3259	402	3302
MN564931.1	k141_118009	85130	86.181	1838	223	2167
MN564931.1	k141_118009	85130	82.353	2074	283	2085
MN564931.1	k141_118009	85130	80.287	2161	267	1954
MN564931.1	k141_118009	85130	77.676	2513	388	1952
MN564931.1	k141_118009	85130	75.950	2079	272	1485
MN564931.1	k141_118009	85130	80.141	1556	249	1414
MN564931.1	k141_118009	85130	89.413	1039	82	1372
MN564931.1	k141_118009	85130	77.796	1207	188	933
MN564931.1	k141_118009	85130	74.853	1360	201	921
MN564931.1	k141_118009	85130	76.643	1263	212	879
MN564931.1	k141_118009	85130	84.048	746	88	810
MN564931.1	k141_118009	85130	71.405	1224	179	645
MN564931.1	k141_118009	85130	75.913	876	123	632
MN564931.1	k141_118009	85130	79.714	700	84	608
MN564931.1	k141_118009	85130	73.307	1004	182	545
MN564931.1	k141_118009	85130	74.867	752	141	467
MN564931.1	k141_118009	85130	73.803	752	119	467
MN564931.1	k141_118009	85130	76.099	523	79	368
MN564931.1	k141_118009	85130	91.444	187	15	262
MN564931.1	k141_118009	85130	79.443	287	52	254
MN564931.1	k141_118009	85130	78.333	300	41	248
MN564931.1	k141_118009	85130	72.519	393	60	239
MN564931.1	k141_118009	85130	88.043	184	18	228
MN564931.1	k141_118009	85130	90.323	155	15	213
MN564931.1	k141_118009	85130	82.632	190	22	191
MN564931.1	k141_118009	85130	74.306	288	47	175
MN564931.1	k141_118009	85130	85.256	156	14	173
MN564931.1	k141_118009	85130	92.727	110	8	163
MN564931.1	k141_118009	85130	71.242	306	60	150
MN564931.1	k141_118009	85130	94.681	94	5	148
MN564931.1	k141_118009	85130	100.000	79	0	143
MN564931.1	k141_118009	85130	65.849	530	163	121
MN564931.1	k141_118009	85130	88.764	89	9	113
MN564931.1	k141_118009	85130	80.165	121	20	105
MN564931.1	k141_118009	85130	73.939	165	43	104
MN564931.1	k141_118009	85130	79.787	94	14	80.6
MN564931.1	k141_118009	85130	97.619	42	1	72.5
MN564931.1	k141_118009	85130	97.561	41	1	70.7
MN564931.1	k141_118009	85130	97.561	41	1	70.7
MN564931.1	k141_118009	85130	72.816	103	26	53.6
MN564931.1	k141_118009	85130	82.979	47	8	50.0
MN564931.1	k141_118009	85130	74.194	62	16	41.0
MN564931.1	k141_101059	17699	91.985	5228	201	7606
MN564931.1	k141_101059	17699	91.985	5228	201	7606
MN564931.1	k141_101059	17699	84.868	5320	492	6018
MN564931.1	k141_101059	17699	84.868	5320	492	6018
MN564931.1	k141_101059	17699	94.269	2408	75	3719
MN564931.1	k141_101059	17699	94.269	2408	75	3719
MN564931.1	k141_101059	17699	91.925	2254	115	3242
MN564931.1	k141_101059	17699	91.925	2254	115	3242
MN564931.1	k141_101059	17699	83.143	961	57	1053
MN564931.1	k141_101059	17699	83.143	961	57	1053
MN564931.1	k141_101059	17699	85.538	567	64	656
MN564931.1	k141_101059	17699	85.538	567	64	656
MN564931.1	k141_101059	17699	87.759	482	44	609
MN564931.1	k141_101059	17699	87.759	482	44	609
MN564931.1	k141_101059	17699	100.000	42	0	77.0
MN564931.1	k141_101059	17699	92.857	42	3	63.5
MN564931.1	k141_67144	3935	96.555	3367	68	5525
MN564931.1	k141_67144	3935	96.555	3367	68	5525
MN564931.1	k141_67144	3935	95.897	585	19	939
MN564931.1	k141_67144	3935	95.897	585	19	939
MN564931.1	k141_60942	3346	92.292	2439	122	3530
MN564931.1	k141_60942	3346	92.292	2439	122	3530
MN564931.1	k141_60942	3346	88.889	612	39	801
MN564931.1	k141_60942	3346	88.889	612	39	801
MN564931.1	k141_60942	3346	91.692	325	27	465
MN564931.1	k141_60942	3346	91.692	325	27	465
MN564931.1	k141_60942	3346	87.097	62	6	69.8
MN564931.1	k141_60942	3346	87.097	62	6	69.8
MN564931.1	k141_7563	18389	80.893	3360	462	3175
MN564931.1	k141_7563	18389	82.765	2727	355	2764
MN564931.1	k141_7563	18389	80.399	2306	403	2107
MN564931.1	k141_7563	18389	83.321	1397	168	1465
MN564931.1	k141_7563	18389	79.299	1227	217	1052
MN564931.1	k141_7563	18389	78.315	558	109	459
MN564931.1	k141_7563	18389	78.315	558	109	459
MN564931.1	k141_7563	18389	72.655	501	98	299
MN564931.1	k141_7563	18389	72.655	501	98	299
MN564931.1	k141_7563	18389	83.137	255	30	269
MN564931.1	k141_7563	18389	86.473	207	28	248
MN564931.1	k141_7563	18389	86.473	207	28	248
MN564931.1	k141_7563	18389	92.857	140	10	208
MN564931.1	k141_7563	18389	92.857	140	10	208
MN564931.1	k141_7563	18389	77.682	233	44	180
MN564931.1	k141_7563	18389	77.682	233	44	180
MN564931.1	k141_7563	18389	65.776	786	203	175
MN564931.1	k141_7563	18389	65.776	786	203	175
MN564931.1	k141_7563	18389	78.626	131	21	108
MN564931.1	k141_7563	18389	78.626	131	21	108
MN564931.1	k141_7563	18389	88.679	53	6	69.8
MN564931.1	k141_7563	18389	95.238	42	2	68.0
MN564931.1	k141_7563	18389	68.452	168	40	68.0
MN564931.1	k141_7563	18389	68.452	168	40	68.0
MN564931.1	k141_7563	18389	97.436	39	1	67.1
MN564931.1	k141_7563	18389	97.436	39	1	67.1
MN564931.1	k141_7563	18389	86.842	38	5	47.3
MN564931.1	k141_7563	18389	86.842	38	5	47.3
MN564931.1	k141_56262	23450	72.634	877	209	456
MN564931.1	k141_56262	23450	72.634	877	209	456
MN564931.1	k141_56262	23450	74.060	532	127	330
MN564931.1	k141_56262	23450	74.060	532	127	330
MN564931.1	k141_56262	23450	75.161	467	94	286
MN564931.1	k141_56262	23450	75.161	467	94	286
MN564931.1	k141_56262	23450	79.167	264	53	222
MN564931.1	k141_56262	23450	79.167	264	53	222
MN564931.1	k141_56262	23450	86.885	61	8	75.2
MN564931.1	k141_56262	23450	86.885	61	8	75.2
MN564931.1	k141_69040	37993	78.450	413	53	345
MN564931.1	k141_69040	37993	82.143	196	27	190
MN564931.1	k141_69040	37993	80.220	182	20	168
MN564931.1	k141_69040	37993	71.978	182	47	94.2
MN564931.1	k141_69040	37993	71.978	182	47	94.2
MN564931.1	k141_69040	37993	80.851	47	9	45.5
MN564931.1	k141_71079	46388	87.405	262	17	330
MN564931.1	k141_71079	46388	96.429	84	3	139
MN564931.1	k141_71079	46388	74.346	191	43	121
MN564931.1	k141_71079	46388	72.932	133	36	78.8
MN564931.1	k141_101183	3301	85.315	286	40	320
MN564931.1	k141_101183	3301	85.315	286	40	320
MN564931.1	k141_101183	3301	96.479	142	4	231
MN564931.1	k141_101183	3301	96.479	142	4	231
MN564931.1	k141_28220	442	79.063	363	33	315
MN564931.1	k141_28220	442	79.063	363	33	315
MN564931.1	k141_64891	3885	67.730	846	234	290
MN564931.1	k141_20123	18789	99.291	141	1	251
MN564931.1	k141_20123	18789	99.291	141	1	251
MN564931.1	k141_20123	18789	97.500	80	2	136
MN564931.1	k141_78876	530	89.326	178	18	233
MN564931.1	k141_78876	530	89.326	178	18	233
MN564931.1	k141_32608	401	98.305	118	2	205
MN564931.1	k141_32608	401	98.305	118	2	205
MN564931.1	k141_74962	471	87.755	147	18	185
MN564931.1	k141_26815	361	88.321	137	16	176
MN564931.1	k141_88310	429	100.000	93	0	168
MN564931.1	k141_88310	429	100.000	93	0	168
MN564931.1	k141_65098	4482	88.136	118	14	150
MN564931.1	k141_2958	658	93.814	97	6	149
MN564931.1	k141_2958	658	93.814	97	6	149
MN564931.1	k141_24084	44138	96.471	85	3	141
MN564931.1	k141_24084	44138	96.471	85	3	141
MN564931.1	k141_100113	33566	97.368	76	2	129
MN564931.1	k141_100113	33566	87.912	91	6	115
MN564931.1	k141_78571	14271	94.521	73	4	114
MN564931.1	k141_78571	14271	77.193	57	13	45.5
MN564931.1	k141_49033	339	95.000	60	3	96.0
MN564931.1	k141_78704	559	89.231	65	7	86.9
MN564931.1	k141_91590	9710	77.391	115	23	85.1
MN564931.1	k141_91590	9710	77.391	115	23	85.1
MN564931.1	k141_91590	9710	80.702	57	11	54.5
MN564931.1	k141_91590	9710	80.702	57	11	54.5
MN564931.1	k141_27541	400	96.078	51	2	84.2
MN564931.1	k141_37438	853	81.707	82	15	81.5
MN564931.1	k141_39393	883	78.889	90	19	77.9
MN564931.1	k141_60001	6951	77.320	97	22	77.0
MN564931.1	k141_60001	6951	77.320	97	22	77.0
MN564931.1	k141_69976	424	87.931	58	7	74.3
MN564931.1	k141_107548	1325	71.094	128	37	65.3
MN564931.1	k141_107548	1325	71.094	128	37	65.3
MN564931.1	k141_55617	316	85.185	54	8	62.6
MN564931.1	k141_107684	539	87.755	49	6	62.6
MN564931.1	k141_3477	426	92.308	39	3	58.1
MN564931.1	k141_3477	426	92.308	39	3	58.1
MN564931.1	k141_31941	457	67.969	128	41	47.3
NC_031651.1	k141_101059	17699	91.174	9257	585	13072
NC_031651.1	k141_101059	17699	91.689	9096	570	13046
NC_031651.1	k141_101059	17699	90.981	5300	232	7468
NC_031651.1	k141_101059	17699	90.981	5300	232	7468
NC_031651.1	k141_101059	17699	91.756	3093	130	4433
NC_031651.1	k141_101059	17699	91.756	3093	130	4433
NC_031651.1	k141_101059	17699	93.333	360	16	531
NC_031651.1	k141_101059	17699	93.333	360	16	531
NC_031651.1	k141_101059	17699	97.619	42	1	72.5
NC_031651.1	k141_101059	17699	95.238	42	2	68.0
NC_031651.1	k141_101059	17699	95.238	42	2	68.0
NC_031651.1	k141_118009	85130	82.947	12496	1744	12966
NC_031651.1	k141_118009	85130	90.592	5527	458	7598
NC_031651.1	k141_118009	85130	81.825	5128	660	4994
NC_031651.1	k141_118009	85130	83.367	4521	587	4745
NC_031651.1	k141_118009	85130	84.970	3666	376	4092
NC_031651.1	k141_118009	85130	77.560	4385	738	3378
NC_031651.1	k141_118009	85130	84.721	2978	367	3268
NC_031651.1	k141_118009	85130	82.043	2957	401	2921
NC_031651.1	k141_118009	85130	84.705	1896	226	2116
NC_031651.1	k141_118009	85130	81.334	2084	330	1995
NC_031651.1	k141_118009	85130	81.294	2133	277	1992
NC_031651.1	k141_118009	85130	74.135	3120	487	1890
NC_031651.1	k141_118009	85130	79.391	1543	252	1360
NC_031651.1	k141_118009	85130	89.794	1019	78	1357
NC_031651.1	k141_118009	85130	77.208	1619	252	1232
NC_031651.1	k141_118009	85130	85.256	997	119	1116
NC_031651.1	k141_118009	85130	75.287	1566	280	1055
NC_031651.1	k141_118009	85130	80.441	1089	150	980
NC_031651.1	k141_118009	85130	82.147	969	128	923
NC_031651.1	k141_118009	85130	73.125	1507	256	851
NC_031651.1	k141_118009	85130	74.962	1322	218	841
NC_031651.1	k141_118009	85130	84.174	714	95	773
NC_031651.1	k141_118009	85130	73.864	1232	164	755
NC_031651.1	k141_118009	85130	77.636	863	114	686
NC_031651.1	k141_118009	85130	73.794	912	155	535
NC_031651.1	k141_118009	85130	78.702	601	90	506
NC_031651.1	k141_118009	85130	86.970	330	43	402
NC_031651.1	k141_118009	85130	81.769	373	58	362
NC_031651.1	k141_118009	85130	72.713	623	97	356
NC_031651.1	k141_118009	85130	84.262	305	45	333
NC_031651.1	k141_118009	85130	69.668	722	131	305
NC_031651.1	k141_118009	85130	84.018	219	22	236
NC_031651.1	k141_118009	85130	86.316	190	21	213
NC_031651.1	k141_118009	85130	88.514	148	17	191
NC_031651.1	k141_118009	85130	83.140	172	15	170
NC_031651.1	k141_118009	85130	73.944	284	58	162
NC_031651.1	k141_118009	85130	81.325	166	24	158
NC_031651.1	k141_118009	85130	93.939	99	6	152
NC_031651.1	k141_118009	85130	95.349	86	4	138
NC_031651.1	k141_118009	85130	98.684	76	1	133
NC_031651.1	k141_118009	85130	90.805	87	8	122
NC_031651.1	k141_118009	85130	66.841	383	115	121
NC_031651.1	k141_118009	85130	79.365	126	26	111
NC_031651.1	k141_118009	85130	79.439	107	17	95.1
NC_031651.1	k141_118009	85130	97.561	41	1	70.7
NC_031651.1	k141_118009	85130	97.561	41	1	70.7
NC_031651.1	k141_118009	85130	85.714	42	6	50.0
NC_031651.1	k141_118009	85130	74.194	62	16	41.0
NC_031651.1	k141_67144	3935	96.402	3363	82	5515
NC_031651.1	k141_67144	3935	96.402	3363	82	5515
NC_031651.1	k141_67144	3935	94.701	585	26	902
NC_031651.1	k141_67144	3935	94.701	585	26	902
NC_031651.1	k141_60942	3346	89.256	2420	105	3265
NC_031651.1	k141_60942	3346	89.256	2420	105	3265
NC_031651.1	k141_60942	3346	87.845	543	54	684
NC_031651.1	k141_60942	3346	83.465	381	44	398
NC_031651.1	k141_60942	3346	83.465	381	44	398
NC_031651.1	k141_60942	3346	87.931	58	7	74.3
NC_031651.1	k141_7563	18389	81.189	3365	528	3134
NC_031651.1	k141_7563	18389	83.087	2566	324	2681
NC_031651.1	k141_7563	18389	80.652	2238	402	2072
NC_031651.1	k141_7563	18389	83.081	1519	191	1560
NC_031651.1	k141_7563	18389	77.691	1282	226	992
NC_031651.1	k141_7563	18389	72.526	677	160	357
NC_031651.1	k141_7563	18389	66.462	1142	289	306
NC_031651.1	k141_7563	18389	68.213	733	169	276
NC_031651.1	k141_7563	18389	77.391	345	60	274
NC_031651.1	k141_7563	18389	71.279	477	119	246
NC_031651.1	k141_7563	18389	82.096	229	32	233
NC_031651.1	k141_7563	18389	89.209	139	15	184
NC_031651.1	k141_7563	18389	97.436	39	1	67.1
NC_031651.1	k141_7563	18389	97.436	39	1	67.1
NC_031651.1	k141_7563	18389	97.436	39	1	67.1
NC_031651.1	k141_7563	18389	82.353	51	9	52.7
NC_031651.1	k141_7563	18389	89.474	38	4	51.8
NC_031651.1	k141_7563	18389	89.474	38	4	51.8
NC_031651.1	k141_69040	37993	76.657	724	96	525
NC_031651.1	k141_69040	37993	94.681	94	5	148
NC_031651.1	k141_69040	37993	72.527	182	46	98.7
NC_031651.1	k141_69040	37993	72.527	182	46	98.7
NC_031651.1	k141_69040	37993	80.851	47	9	45.5
NC_031651.1	k141_56262	23450	72.955	880	201	467
NC_031651.1	k141_56262	23450	72.955	880	201	467
NC_031651.1	k141_56262	23450	74.436	532	125	339
NC_031651.1	k141_56262	23450	74.436	532	125	339
NC_031651.1	k141_56262	23450	74.304	467	98	286
NC_031651.1	k141_56262	23450	74.304	467	98	286
NC_031651.1	k141_56262	23450	78.409	264	55	213
NC_031651.1	k141_56262	23450	78.409	264	55	213
NC_031651.1	k141_56262	23450	86.885	61	8	75.2
NC_031651.1	k141_56262	23450	86.885	61	8	75.2
NC_031651.1	k141_101183	3301	83.642	324	50	335
NC_031651.1	k141_101183	3301	83.642	324	50	335
NC_031651.1	k141_101183	3301	95.775	142	4	223
NC_031651.1	k141_101183	3301	95.775	142	4	223
NC_031651.1	k141_71079	46388	85.824	261	21	310
NC_031651.1	k141_71079	46388	89.076	119	10	150
NC_031651.1	k141_71079	46388	75.200	125	31	86.9
NC_031651.1	k141_71079	46388	83.721	43	7	47.3
NC_031651.1	k141_20123	18789	98.582	141	2	246
NC_031651.1	k141_20123	18789	98.582	141	2	246
NC_031651.1	k141_20123	18789	100.000	55	0	100
NC_031651.1	k141_64891	3885	68.567	649	196	232
NC_031651.1	k141_64891	3885	68.862	167	46	59.9
NC_031651.1	k141_78876	530	91.071	168	12	225
NC_031651.1	k141_78876	530	91.071	168	12	225
NC_031651.1	k141_32608	401	99.153	118	1	209
NC_031651.1	k141_32608	401	99.153	118	1	209
NC_031651.1	k141_28220	442	69.543	394	37	200
NC_031651.1	k141_28220	442	69.543	394	37	200
NC_031651.1	k141_74962	471	89.796	147	15	198
NC_031651.1	k141_26815	361	87.681	138	17	173
NC_031651.1	k141_88310	429	98.925	93	1	164
NC_031651.1	k141_88310	429	98.925	93	1	164
NC_031651.1	k141_2958	658	96.939	98	3	164
NC_031651.1	k141_2958	658	96.939	98	3	164
NC_031651.1	k141_100113	33566	97.368	76	2	129
NC_031651.1	k141_100113	33566	82.828	99	7	107
NC_031651.1	k141_24084	44138	93.976	83	5	128
NC_031651.1	k141_24084	44138	93.976	83	5	128
NC_031651.1	k141_65098	4482	83.478	115	19	123
NC_031651.1	k141_78571	14271	90.909	77	7	108
NC_031651.1	k141_78571	14271	77.193	57	13	45.5
NC_031651.1	k141_91590	9710	77.391	115	23	85.1
NC_031651.1	k141_91590	9710	77.391	115	23	85.1
NC_031651.1	k141_91590	9710	80.702	57	11	54.5
NC_031651.1	k141_91590	9710	80.702	57	11	54.5
NC_031651.1	k141_37438	853	83.784	74	12	80.6
NC_031651.1	k141_27541	400	94.118	51	3	79.7
NC_031651.1	k141_69976	424	88.333	60	7	77.9
NC_031651.1	k141_49033	339	88.333	60	7	77.9
NC_031651.1	k141_60001	6951	77.320	97	22	77.0
NC_031651.1	k141_60001	6951	77.320	97	22	77.0
NC_031651.1	k141_78704	559	81.579	76	10	74.3
NC_031651.1	k141_31941	457	71.875	128	36	69.8
NC_031651.1	k141_39393	883	78.750	80	17	68.9
NC_031651.1	k141_107548	1325	70.635	126	37	61.7
NC_031651.1	k141_107548	1325	70.635	126	37	61.7
NC_031651.1	k141_3477	426	92.308	39	3	58.1
NC_031651.1	k141_3477	426	92.308	39	3	58.1
NC_031651.1	k141_51206	382	84.615	39	6	44.6
MW366789.1	k141_118009	85130	88.619	5219	553	6699
MW366789.1	k141_118009	85130	88.619	5219	553	6699
MW366789.1	k141_118009	85130	77.873	8207	1499	6588
MW366789.1	k141_118009	85130	78.202	5005	786	4049
MW366789.1	k141_118009	85130	88.807	2698	280	3493
MW366789.1	k141_118009	85130	73.592	4120	817	2472
MW366789.1	k141_118009	85130	79.399	2563	413	2224
MW366789.1	k141_118009	85130	85.821	1869	264	2173
MW366789.1	k141_118009	85130	85.266	1785	222	2012
MW366789.1	k141_118009	85130	81.497	1724	294	1663
MW366789.1	k141_118009	85130	76.915	1971	382	1471
MW366789.1	k141_118009	85130	73.990	2080	436	1254
MW366789.1	k141_118009	85130	77.069	1583	292	1193
MW366789.1	k141_118009	85130	75.571	1707	267	1159
MW366789.1	k141_118009	85130	83.806	1093	138	1150
MW366789.1	k141_118009	85130	84.927	889	118	987
MW366789.1	k141_118009	85130	86.425	663	79	783
MW366789.1	k141_118009	85130	74.895	952	168	596
MW366789.1	k141_118009	85130	78.711	667	122	559
MW366789.1	k141_118009	85130	72.810	879	143	487
MW366789.1	k141_118009	85130	70.570	982	150	486
MW366789.1	k141_118009	85130	85.472	413	57	469
MW366789.1	k141_118009	85130	70.661	893	195	427
MW366789.1	k141_118009	85130	76.672	583	102	416
MW366789.1	k141_118009	85130	73.596	659	150	395
MW366789.1	k141_118009	85130	70.173	808	168	392
MW366789.1	k141_118009	85130	76.609	466	109	350
MW366789.1	k141_118009	85130	71.096	730	121	348
MW366789.1	k141_118009	85130	73.466	603	145	340
MW366789.1	k141_118009	85130	70.982	703	152	319
MW366789.1	k141_118009	85130	76.485	421	66	312
MW366789.1	k141_118009	85130	76.485	421	66	312
MW366789.1	k141_118009	85130	71.327	565	112	280
MW366789.1	k141_118009	85130	76.862	376	67	273
MW366789.1	k141_118009	85130	84.322	236	35	257
MW366789.1	k141_118009	85130	66.939	856	201	248
MW366789.1	k141_118009	85130	72.167	503	87	243
MW366789.1	k141_118009	85130	81.250	272	34	241
MW366789.1	k141_118009	85130	75.198	379	67	235
MW366789.1	k141_118009	85130	86.782	174	23	211
MW366789.1	k141_118009	85130	81.279	219	33	196
MW366789.1	k141_118009	85130	81.000	200	28	190
MW366789.1	k141_118009	85130	71.545	369	74	176
MW366789.1	k141_118009	85130	75.620	242	49	158
MW366789.1	k141_118009	85130	85.106	141	16	156
MW366789.1	k141_118009	85130	83.448	145	23	150
MW366789.1	k141_118009	85130	74.793	242	51	149
MW366789.1	k141_118009	85130	93.617	94	6	143
MW366789.1	k141_118009	85130	100.000	79	0	143
MW366789.1	k141_118009	85130	100.000	79	0	143
MW366789.1	k141_118009	85130	94.444	90	5	141
MW366789.1	k141_118009	85130	82.456	114	20	116
MW366789.1	k141_118009	85130	94.521	73	4	114
MW366789.1	k141_118009	85130	85.149	101	12	113
MW366789.1	k141_118009	85130	92.208	77	6	113
MW366789.1	k141_118009	85130	80.165	121	24	111
MW366789.1	k141_118009	85130	67.733	344	102	111
MW366789.1	k141_118009	85130	67.733	344	102	111
MW366789.1	k141_118009	85130	74.545	165	42	109
MW366789.1	k141_118009	85130	74.545	165	42	109
MW366789.1	k141_118009	85130	85.567	97	13	109
MW366789.1	k141_118009	85130	86.170	94	9	106
MW366789.1	k141_118009	85130	91.781	73	5	102
MW366789.1	k141_118009	85130	68.996	229	40	99.6
MW366789.1	k141_118009	85130	76.984	126	29	97.8
MW366789.1	k141_118009	85130	76.984	126	29	97.8
MW366789.1	k141_118009	85130	92.063	63	5	92.4
MW366789.1	k141_118009	85130	87.671	73	9	92.4
MW366789.1	k141_118009	85130	85.542	83	10	89.7
MW366789.1	k141_118009	85130	75.000	136	28	85.1
MW366789.1	k141_118009	85130	85.484	62	9	72.5
MW366789.1	k141_118009	85130	85.484	62	9	72.5
MW366789.1	k141_118009	85130	84.211	57	9	63.5
MW366789.1	k141_118009	85130	79.104	67	14	59.0
MW366789.1	k141_118009	85130	79.104	67	14	59.0
MW366789.1	k141_118009	85130	68.966	116	36	48.2
MW366789.1	k141_118009	85130	68.966	116	36	48.2
MW366789.1	k141_118009	85130	74.648	71	17	44.6
MW366789.1	k141_101059	17699	88.022	4433	363	5617
MW366789.1	k141_101059	17699	88.022	4433	363	5617
MW366789.1	k141_101059	17699	91.643	1795	102	2560
MW366789.1	k141_101059	17699	91.643	1795	102	2560
MW366789.1	k141_101059	17699	89.100	1734	141	2274
MW366789.1	k141_101059	17699	89.211	1724	141	2271
MW366789.1	k141_101059	17699	90.515	369	29	500
MW366789.1	k141_101059	17699	90.515	369	29	500
MW366789.1	k141_101059	17699	90.515	369	29	500
MW366789.1	k141_101059	17699	81.845	336	37	331
MW366789.1	k141_101059	17699	81.845	336	37	331
MW366789.1	k141_101059	17699	85.714	203	25	231
MW366789.1	k141_101059	17699	85.714	203	25	231
MW366789.1	k141_101059	17699	96.350	137	5	225
MW366789.1	k141_101059	17699	96.350	137	5	225
MW366789.1	k141_101059	17699	88.372	172	20	221
MW366789.1	k141_101059	17699	88.372	172	20	221
MW366789.1	k141_101059	17699	91.667	144	12	206
MW366789.1	k141_101059	17699	91.667	144	12	206
MW366789.1	k141_101059	17699	84.091	176	26	185
MW366789.1	k141_101059	17699	84.091	176	26	185
MW366789.1	k141_101059	17699	89.706	136	13	179
MW366789.1	k141_101059	17699	83.544	158	12	168
MW366789.1	k141_101059	17699	83.544	158	12	168
MW366789.1	k141_101059	17699	87.603	121	15	153
MW366789.1	k141_101059	17699	87.603	121	15	151
MW366789.1	k141_101059	17699	84.810	79	7	89.7
MW366789.1	k141_101059	17699	84.810	79	7	89.7
MW366789.1	k141_101059	17699	91.837	49	4	71.6
MW366789.1	k141_101059	17699	91.837	49	4	71.6
MW366789.1	k141_101059	17699	91.837	49	4	71.6
MW366789.1	k141_101059	17699	95.238	42	2	68.0
MW366789.1	k141_101059	17699	95.238	42	2	68.0
MW366789.1	k141_101059	17699	94.737	38	2	60.8
MW366789.1	k141_67144	3935	91.576	3324	203	4690
MW366789.1	k141_67144	3935	91.576	3324	203	4690
MW366789.1	k141_67144	3935	84.710	569	46	636
MW366789.1	k141_67144	3935	84.710	569	46	636
MW366789.1	k141_7563	18389	80.493	4383	623	4011
MW366789.1	k141_7563	18389	80.493	4383	623	4011
MW366789.1	k141_7563	18389	79.316	1900	360	1649
MW366789.1	k141_7563	18389	76.486	2220	475	1612
MW366789.1	k141_7563	18389	73.204	1183	254	708
MW366789.1	k141_7563	18389	80.452	619	114	569
MW366789.1	k141_7563	18389	80.452	619	114	569
MW366789.1	k141_7563	18389	79.688	320	65	285
MW366789.1	k141_7563	18389	95.122	41	2	66.2
MW366789.1	k141_7563	18389	83.019	53	9	56.3
MW366789.1	k141_7563	18389	86.842	38	5	47.3
MW366789.1	k141_7563	18389	86.842	38	5	47.3
MW366789.1	k141_60942	3346	88.249	2102	139	2676
MW366789.1	k141_60942	3346	88.249	2102	139	2676
MW366789.1	k141_60942	3346	93.478	92	6	140
MW366789.1	k141_60942	3346	93.478	92	6	140
MW366789.1	k141_56262	23450	72.116	893	200	438
MW366789.1	k141_56262	23450	72.116	893	200	438
MW366789.1	k141_56262	23450	74.060	532	127	330
MW366789.1	k141_56262	23450	74.060	532	127	330
MW366789.1	k141_56262	23450	75.589	467	94	297
MW366789.1	k141_56262	23450	75.589	467	94	297
MW366789.1	k141_56262	23450	90.164	61	6	84.2
MW366789.1	k141_56262	23450	90.164	61	6	84.2
MW366789.1	k141_56262	23450	88.525	61	7	79.7
MW366789.1	k141_56262	23450	88.525	61	7	79.7
MW366789.1	k141_56262	23450	84.783	46	7	52.7
MW366789.1	k141_56262	23450	84.783	46	7	52.7
MW366789.1	k141_69040	37993	72.213	601	111	328
MW366789.1	k141_69040	37993	84.091	132	19	137
MW366789.1	k141_69040	37993	87.234	47	6	59.0
MW366789.1	k141_71079	46388	84.615	260	24	295
MW366789.1	k141_71079	46388	86.441	118	10	138
MW366789.1	k141_71079	46388	72.143	140	39	77.9
MW366789.1	k141_71079	46388	69.919	123	33	46.4
MW366789.1	k141_64891	3885	67.368	760	209	248
MW366789.1	k141_20123	18789	95.745	141	6	228
MW366789.1	k141_20123	18789	95.745	141	6	228
MW366789.1	k141_20123	18789	97.561	82	2	140
MW366789.1	k141_20123	18789	97.561	82	2	140
MW366789.1	k141_20123	18789	85.455	55	8	64.4
MW366789.1	k141_101183	3301	76.324	321	66	224
MW366789.1	k141_101183	3301	76.324	321	66	224
MW366789.1	k141_101183	3301	88.732	142	15	181
MW366789.1	k141_101183	3301	88.732	142	15	181
MW366789.1	k141_32608	401	97.458	118	3	200
MW366789.1	k141_32608	401	97.458	118	3	200
MW366789.1	k141_74962	471	88.435	147	17	189
MW366789.1	k141_26815	361	85.821	134	19	157
MW366789.1	k141_2958	658	94.898	98	5	155
MW366789.1	k141_2958	658	94.898	98	5	155
MW366789.1	k141_28220	442	83.673	147	17	150
MW366789.1	k141_28220	442	83.673	147	17	150
MW366789.1	k141_88310	429	92.473	93	7	137
MW366789.1	k141_88310	429	92.473	93	7	137
MW366789.1	k141_100113	33566	98.684	76	1	133
MW366789.1	k141_100113	33566	83.871	93	8	103
MW366789.1	k141_24084	44138	93.333	75	5	113
MW366789.1	k141_24084	44138	93.333	75	5	113
MW366789.1	k141_78571	14271	91.026	78	6	106
MW366789.1	k141_78571	14271	75.758	66	16	48.2
MW366789.1	k141_65098	4482	77.391	115	26	91.5
MW366789.1	k141_60001	6951	78.351	97	21	81.5
MW366789.1	k141_60001	6951	78.351	97	21	81.5
MW366789.1	k141_91590	9710	76.522	115	24	80.6
MW366789.1	k141_91590	9710	76.522	115	24	80.6
MW366789.1	k141_91590	9710	82.812	64	11	67.1
MW366789.1	k141_91590	9710	82.812	64	11	67.1
MW366789.1	k141_91590	9710	73.626	91	24	57.2
MW366789.1	k141_91590	9710	73.626	91	24	57.2
MW366789.1	k141_37438	853	84.507	71	11	79.7
MW366789.1	k141_78704	559	86.154	65	9	77.9
MW366789.1	k141_27541	400	92.157	51	4	75.2
MW366789.1	k141_27541	400	92.157	51	4	75.2
MW366789.1	k141_69976	424	85.000	60	9	68.9
MW366789.1	k141_49033	339	80.000	60	12	55.4
KT899950.1	k141_118009	85130	83.130	12478	1733	12979
KT899950.1	k141_118009	85130	90.172	5576	466	7542
KT899950.1	k141_118009	85130	81.866	5134	629	5010
KT899950.1	k141_118009	85130	84.901	4252	492	4783
KT899950.1	k141_118009	85130	85.960	3540	347	4144
KT899950.1	k141_118009	85130	81.452	3828	576	3662
KT899950.1	k141_118009	85130	75.538	4325	662	2941
KT899950.1	k141_118009	85130	84.269	2530	315	2745
KT899950.1	k141_118009	85130	85.487	1826	238	2101
KT899950.1	k141_118009	85130	80.755	2224	333	2059
KT899950.1	k141_118009	85130	79.963	2136	268	1919
KT899950.1	k141_118009	85130	85.884	1516	152	1758
KT899950.1	k141_118009	85130	75.198	2403	433	1600
KT899950.1	k141_118009	85130	88.704	1080	89	1374
KT899950.1	k141_118009	85130	75.626	1957	390	1368
KT899950.1	k141_118009	85130	81.804	1264	173	1259
KT899950.1	k141_118009	85130	78.422	1052	170	876
KT899950.1	k141_118009	85130	75.735	1327	212	875
KT899950.1	k141_118009	85130	72.036	1577	234	854
KT899950.1	k141_118009	85130	88.467	659	62	850
KT899950.1	k141_118009	85130	79.584	1009	131	847
KT899950.1	k141_118009	85130	84.232	723	93	783
KT899950.1	k141_118009	85130	75.337	965	145	657
KT899950.1	k141_118009	85130	83.844	588	64	611
KT899950.1	k141_118009	85130	75.200	750	117	496
KT899950.1	k141_118009	85130	82.135	459	65	452
KT899950.1	k141_118009	85130	74.671	608	92	382
KT899950.1	k141_118009	85130	75.218	573	98	361
KT899950.1	k141_118009	85130	82.670	352	48	354
KT899950.1	k141_118009	85130	77.296	392	48	294
KT899950.1	k141_118009	85130	81.185	287	49	275
KT899950.1	k141_118009	85130	89.109	202	22	266
KT899950.1	k141_118009	85130	82.197	264	37	260
KT899950.1	k141_118009	85130	77.328	247	34	196
KT899950.1	k141_118009	85130	89.516	124	9	160
KT899950.1	k141_118009	85130	77.419	217	38	154
KT899950.1	k141_118009	85130	81.633	147	16	150
KT899950.1	k141_118009	85130	95.556	90	4	145
KT899950.1	k141_118009	85130	89.423	104	11	139
KT899950.1	k141_118009	85130	97.436	78	2	132
KT899950.1	k141_118009	85130	76.364	165	39	123
KT899950.1	k141_118009	85130	90.667	75	7	104
KT899950.1	k141_118009	85130	64.991	537	158	99.6
KT899950.1	k141_118009	85130	87.500	72	9	90.6
KT899950.1	k141_118009	85130	97.561	41	1	70.7
KT899950.1	k141_118009	85130	97.561	41	1	70.7
KT899950.1	k141_118009	85130	69.880	166	33	63.5
KT899950.1	k141_118009	85130	74.194	62	16	41.0
KT899950.1	k141_101059	17699	90.641	9253	603	12867
KT899950.1	k141_101059	17699	90.906	9138	593	12804
KT899950.1	k141_101059	17699	90.563	5309	239	7395
KT899950.1	k141_101059	17699	90.563	5309	239	7395
KT899950.1	k141_101059	17699	91.531	3141	115	4471
KT899950.1	k141_101059	17699	91.531	3141	115	4471
KT899950.1	k141_101059	17699	91.379	406	26	565
KT899950.1	k141_101059	17699	91.379	406	26	565
KT899950.1	k141_101059	17699	94.872	39	2	62.6
KT899950.1	k141_67144	3935	96.222	3362	80	5470
KT899950.1	k141_67144	3935	96.222	3362	80	5470
KT899950.1	k141_67144	3935	95.051	586	22	920
KT899950.1	k141_67144	3935	95.051	586	22	920
KT899950.1	k141_60942	3346	90.976	2438	119	3420
KT899950.1	k141_60942	3346	90.976	2438	119	3420
KT899950.1	k141_60942	3346	91.452	971	62	1383
KT899950.1	k141_60942	3346	91.452	971	62	1383
KT899950.1	k141_7563	18389	82.501	2743	349	2771
KT899950.1	k141_7563	18389	80.137	2336	407	2114
KT899950.1	k141_7563	18389	83.846	1950	290	2088
KT899950.1	k141_7563	18389	83.382	1378	183	1427
KT899950.1	k141_7563	18389	77.733	1244	229	980
KT899950.1	k141_7563	18389	85.185	594	78	680
KT899950.1	k141_7563	18389	83.990	406	59	436
KT899950.1	k141_7563	18389	72.543	692	172	386
KT899950.1	k141_7563	18389	82.229	332	44	334
KT899950.1	k141_7563	18389	82.229	332	44	334
KT899950.1	k141_7563	18389	69.108	751	185	302
KT899950.1	k141_7563	18389	72.325	542	131	288
KT899950.1	k141_7563	18389	81.116	233	31	225
KT899950.1	k141_7563	18389	73.404	376	82	217
KT899950.1	k141_7563	18389	93.617	141	9	214
KT899950.1	k141_7563	18389	93.617	141	9	214
KT899950.1	k141_7563	18389	95.238	42	2	68.0
KT899950.1	k141_7563	18389	97.436	39	1	67.1
KT899950.1	k141_7563	18389	97.436	39	1	67.1
KT899950.1	k141_7563	18389	86.842	38	5	47.3
KT899950.1	k141_7563	18389	86.842	38	5	47.3
KT899950.1	k141_69040	37993	75.266	752	104	498
KT899950.1	k141_69040	37993	73.316	386	64	205
KT899950.1	k141_69040	37993	72.353	340	56	161
KT899950.1	k141_69040	37993	71.978	182	47	94.2
KT899950.1	k141_69040	37993	71.978	182	47	94.2
KT899950.1	k141_69040	37993	87.234	47	6	59.0
KT899950.1	k141_56262	23450	72.985	881	199	471
KT899950.1	k141_56262	23450	72.985	881	199	471
KT899950.1	k141_56262	23450	74.436	532	125	339
KT899950.1	k141_56262	23450	74.436	532	125	339
KT899950.1	k141_56262	23450	74.735	471	89	291
KT899950.1	k141_56262	23450	74.735	471	89	291
KT899950.1	k141_56262	23450	78.409	264	55	213
KT899950.1	k141_56262	23450	78.409	264	55	213
KT899950.1	k141_56262	23450	86.885	61	8	75.2
KT899950.1	k141_56262	23450	86.885	61	8	75.2
KT899950.1	k141_28220	442	78.238	386	39	323
KT899950.1	k141_28220	442	78.238	386	39	323
KT899950.1	k141_71079	46388	86.207	261	20	315
KT899950.1	k141_71079	46388	80.952	210	34	196
KT899950.1	k141_71079	46388	96.386	83	3	137
KT899950.1	k141_71079	46388	74.400	125	32	82.4
KT899950.1	k141_101183	3301	82.099	324	55	313
KT899950.1	k141_101183	3301	82.099	324	55	313
KT899950.1	k141_101183	3301	94.406	143	6	215
KT899950.1	k141_101183	3301	94.406	143	6	215
KT899950.1	k141_20123	18789	100.000	141	0	255
KT899950.1	k141_20123	18789	100.000	141	0	255
KT899950.1	k141_20123	18789	97.436	78	2	132
KT899950.1	k141_78876	530	91.620	179	13	249
KT899950.1	k141_78876	530	91.620	179	13	249
KT899950.1	k141_64891	3885	65.724	849	246	206
KT899950.1	k141_32608	401	97.458	118	3	200
KT899950.1	k141_32608	401	97.458	118	3	200
KT899950.1	k141_74962	471	89.116	147	16	194
KT899950.1	k141_26815	361	89.130	138	15	182
KT899950.1	k141_88310	429	97.849	93	2	159
KT899950.1	k141_88310	429	97.849	93	2	159
KT899950.1	k141_2958	658	95.918	98	4	159
KT899950.1	k141_2958	658	95.918	98	4	159
KT899950.1	k141_24084	44138	95.294	85	4	136
KT899950.1	k141_24084	44138	95.294	85	4	136
KT899950.1	k141_100113	33566	97.368	76	2	129
KT899950.1	k141_100113	33566	83.673	98	6	110
KT899950.1	k141_65098	4482	84.348	115	18	127
KT899950.1	k141_78571	14271	93.506	77	5	117
KT899950.1	k141_78571	14271	77.193	57	13	45.5
KT899950.1	k141_78704	559	90.769	65	6	91.5
KT899950.1	k141_27541	400	98.039	51	1	88.7
KT899950.1	k141_37438	853	86.301	73	10	87.8
KT899950.1	k141_49033	339	91.667	60	5	86.9
KT899950.1	k141_91590	9710	77.391	115	23	85.1
KT899950.1	k141_91590	9710	77.391	115	23	85.1
KT899950.1	k141_91590	9710	82.812	64	11	67.1
KT899950.1	k141_91590	9710	82.812	64	11	67.1
KT899950.1	k141_91590	9710	80.702	57	11	54.5
KT899950.1	k141_91590	9710	80.702	57	11	54.5
KT899950.1	k141_60001	6951	78.351	97	21	81.5
KT899950.1	k141_60001	6951	78.351	97	21	81.5
KT899950.1	k141_107684	539	93.878	49	3	76.1
KT899950.1	k141_31941	457	71.875	128	36	69.8
KT899950.1	k141_69976	424	83.333	60	10	64.4
KT899950.1	k141_107548	1325	70.635	126	37	61.7
KT899950.1	k141_107548	1325	70.635	126	37	61.7
KT899950.1	k141_51206	382	89.744	39	4	53.6
KT899950.1	k141_109732	315	70.000	100	13	52.7
KT899950.1	k141_39393	883	71.951	82	23	45.5
GU191334.1	k141_118009	85130	81.986	4541	814	4488
GU191334.1	k141_118009	85130	83.620	2442	400	2601
GU191334.1	k141_118009	85130	84.017	1439	230	1559
GU191334.1	k141_118009	85130	80.525	1561	302	1443
GU191334.1	k141_118009	85130	69.312	3679	1040	1432
GU191334.1	k141_118009	85130	89.372	1082	113	1431
GU191334.1	k141_118009	85130	77.914	1793	377	1430
GU191334.1	k141_118009	85130	72.451	2334	541	1304
GU191334.1	k141_118009	85130	83.451	707	106	749
GU191334.1	k141_118009	85130	71.661	1228	334	632
GU191334.1	k141_118009	85130	76.092	870	206	625
GU191334.1	k141_118009	85130	75.164	914	189	615
GU191334.1	k141_118009	85130	70.305	1310	360	586
GU191334.1	k141_118009	85130	82.226	557	92	552
GU191334.1	k141_118009	85130	76.691	695	151	511
GU191334.1	k141_118009	85130	73.540	805	159	505
GU191334.1	k141_118009	85130	67.424	1541	406	454
GU191334.1	k141_118009	85130	68.663	1152	295	420
GU191334.1	k141_118009	85130	79.158	499	98	415
GU191334.1	k141_118009	85130	73.601	697	174	415
GU191334.1	k141_118009	85130	75.283	619	104	404
GU191334.1	k141_118009	85130	71.261	769	214	379
GU191334.1	k141_118009	85130	76.339	448	106	331
GU191334.1	k141_118009	85130	83.268	257	43	270
GU191334.1	k141_118009	85130	73.460	422	112	257
GU191334.1	k141_118009	85130	69.369	666	194	255
GU191334.1	k141_118009	85130	67.388	647	203	205
GU191334.1	k141_118009	85130	69.723	469	105	204
GU191334.1	k141_118009	85130	74.751	301	76	201
GU191334.1	k141_118009	85130	75.357	280	69	195
GU191334.1	k141_118009	85130	68.694	444	104	188
GU191334.1	k141_118009	85130	79.426	209	43	184
GU191334.1	k141_118009	85130	79.167	216	42	177
GU191334.1	k141_118009	85130	73.853	218	57	137
GU191334.1	k141_118009	85130	80.000	145	16	134
GU191334.1	k141_118009	85130	93.333	90	5	132
GU191334.1	k141_118009	85130	68.677	431	102	132
GU191334.1	k141_118009	85130	80.147	136	27	124
GU191334.1	k141_118009	85130	76.364	165	39	123
GU191334.1	k141_118009	85130	93.671	79	5	121
GU191334.1	k141_118009	85130	92.771	83	4	121
GU191334.1	k141_118009	85130	84.685	111	16	121
GU191334.1	k141_118009	85130	79.851	134	27	121
GU191334.1	k141_118009	85130	81.679	131	19	120
GU191334.1	k141_118009	85130	93.421	76	5	115
GU191334.1	k141_118009	85130	91.250	80	7	113
GU191334.1	k141_118009	85130	89.286	84	9	112
GU191334.1	k141_118009	85130	82.569	109	18	108
GU191334.1	k141_118009	85130	91.892	74	6	107
GU191334.1	k141_118009	85130	76.761	142	30	106
GU191334.1	k141_118009	85130	76.027	146	20	102
GU191334.1	k141_118009	85130	88.312	77	9	99.6
GU191334.1	k141_118009	85130	76.978	139	21	99.6
GU191334.1	k141_118009	85130	85.897	78	11	92.4
GU191334.1	k141_118009	85130	73.077	156	40	90.6
GU191334.1	k141_118009	85130	66.964	224	29	89.7
GU191334.1	k141_118009	85130	78.151	119	18	87.8
GU191334.1	k141_118009	85130	85.915	71	10	84.2
GU191334.1	k141_118009	85130	76.852	108	25	83.3
GU191334.1	k141_118009	85130	79.545	88	18	78.8
GU191334.1	k141_118009	85130	72.650	117	32	68.0
GU191334.1	k141_118009	85130	85.000	60	6	67.1
GU191334.1	k141_118009	85130	77.108	83	19	65.3
GU191334.1	k141_118009	85130	81.250	48	8	43.7
GU191334.1	k141_67144	3935	89.749	2234	160	2987
GU191334.1	k141_67144	3935	89.749	2234	160	2987
GU191334.1	k141_67144	3935	78.815	996	151	823
GU191334.1	k141_67144	3935	78.815	996	151	823
GU191334.1	k141_67144	3935	79.475	609	80	513
GU191334.1	k141_67144	3935	79.475	609	80	513
GU191334.1	k141_101059	17699	88.553	2184	173	2769
GU191334.1	k141_101059	17699	88.553	2184	173	2769
GU191334.1	k141_101059	17699	75.976	666	153	469
GU191334.1	k141_101059	17699	75.566	442	108	311
GU191334.1	k141_101059	17699	72.150	535	148	290
GU191334.1	k141_101059	17699	71.429	518	144	267
GU191334.1	k141_101059	17699	76.948	308	70	233
GU191334.1	k141_101059	17699	90.476	84	8	116
GU191334.1	k141_101059	17699	89.474	76	8	102
GU191334.1	k141_101059	17699	84.783	46	7	52.7
GU191334.1	k141_60942	3346	91.680	1298	101	1843
GU191334.1	k141_60942	3346	91.680	1298	101	1843
GU191334.1	k141_60942	3346	88.485	165	16	206
GU191334.1	k141_60942	3346	88.485	165	16	206
GU191334.1	k141_60942	3346	94.937	79	4	125
GU191334.1	k141_60942	3346	94.937	79	4	125
GU191334.1	k141_60942	3346	92.000	75	6	109
GU191334.1	k141_60942	3346	92.000	75	6	109
GU191334.1	k141_7563	18389	76.994	1743	391	1309
GU191334.1	k141_7563	18389	70.817	1823	494	861
GU191334.1	k141_7563	18389	75.064	1175	238	763
GU191334.1	k141_7563	18389	74.029	1159	289	722
GU191334.1	k141_7563	18389	67.654	810	227	253
GU191334.1	k141_7563	18389	74.516	310	79	204
GU191334.1	k141_7563	18389	92.593	81	6	120
GU191334.1	k141_7563	18389	70.400	250	70	113
GU191334.1	k141_7563	18389	77.570	107	24	86.0
GU191334.1	k141_7563	18389	81.395	43	8	42.8
GU191334.1	k141_7563	18389	81.395	43	8	42.8
GU191334.1	k141_56262	23450	73.154	894	197	480
GU191334.1	k141_56262	23450	73.154	894	197	480
GU191334.1	k141_56262	23450	74.388	531	127	335
GU191334.1	k141_56262	23450	74.388	531	127	335
GU191334.1	k141_56262	23450	74.518	467	97	286
GU191334.1	k141_56262	23450	74.518	467	97	286
GU191334.1	k141_56262	23450	78.030	264	56	208
GU191334.1	k141_56262	23450	78.030	264	56	208
GU191334.1	k141_56262	23450	88.525	61	7	79.7
GU191334.1	k141_56262	23450	88.525	61	7	79.7
GU191334.1	k141_64891	3885	68.083	918	238	313
GU191334.1	k141_71079	46388	81.048	248	31	242
GU191334.1	k141_71079	46388	93.506	77	5	117
GU191334.1	k141_71079	46388	80.247	81	16	75.2
GU191334.1	k141_20123	18789	94.326	141	8	219
GU191334.1	k141_20123	18789	94.326	141	8	219
GU191334.1	k141_26815	361	85.496	131	19	151
GU191334.1	k141_74962	471	80.952	147	28	140
GU191334.1	k141_101183	3301	82.432	148	19	139
GU191334.1	k141_101183	3301	82.432	148	19	139
GU191334.1	k141_78571	14271	97.297	74	2	125
GU191334.1	k141_32608	401	88.000	100	9	121
GU191334.1	k141_100113	33566	93.421	76	5	115
GU191334.1	k141_100113	33566	79.787	94	10	88.7
GU191334.1	k141_69040	37993	93.421	76	5	115
GU191334.1	k141_69040	37993	86.316	95	9	113
GU191334.1	k141_69040	37993	88.608	79	9	103
GU191334.1	k141_69040	37993	73.984	123	27	74.3
GU191334.1	k141_69040	37993	85.106	47	7	54.5
GU191334.1	k141_37438	853	87.500	72	9	90.6
GU191334.1	k141_91590	9710	78.261	115	22	89.7
GU191334.1	k141_91590	9710	78.261	115	22	89.7
GU191334.1	k141_91590	9710	82.812	64	11	67.1
GU191334.1	k141_91590	9710	82.812	64	11	67.1
GU191334.1	k141_24084	44138	86.486	74	10	89.7
GU191334.1	k141_24084	44138	86.486	74	10	89.7
GU191334.1	k141_60001	6951	78.351	97	21	81.5
GU191334.1	k141_60001	6951	78.351	97	21	81.5
GU191334.1	k141_27541	400	86.275	51	7	61.7
GU191334.1	k141_2958	658	77.465	71	16	57.2
GU191334.1	k141_3477	426	89.744	39	4	53.6
GU191334.1	k141_3477	426	89.744	39	4	53.6
GU191334.1	k141_104466	664	82.927	41	7	43.7
GU191334.1	k141_116284	720	76.271	59	12	41.9
GU191334.1	k141_85289	541	75.862	58	13	39.2
GU191334.1	k141_23846	417	75.862	58	13	39.2
