MZ962720.1	k141_260	32149	91.414	7605	451	10737
MZ962720.1	k141_260	32149	91.414	7605	451	10737
MZ962720.1	k141_260	32149	90.218	3261	227	4441
MZ962720.1	k141_260	32149	90.218	3261	227	4441
MZ962720.1	k141_260	32149	87.836	1751	167	2190
MZ962720.1	k141_260	32149	87.836	1751	167	2190
MZ962720.1	k141_260	32149	87.946	1626	147	2035
MZ962720.1	k141_260	32149	87.946	1626	147	2035
MZ962720.1	k141_260	32149	76.757	1622	301	1200
MZ962720.1	k141_260	32149	81.709	831	73	836
MZ962720.1	k141_260	32149	68.653	1225	266	454
MZ962720.1	k141_260	32149	90.785	293	23	407
MZ962720.1	k141_260	32149	90.785	293	23	407
MZ962720.1	k141_260	32149	83.239	352	32	376
MZ962720.1	k141_260	32149	83.239	352	32	376
MZ962720.1	k141_260	32149	71.510	702	166	355
MZ962720.1	k141_260	32149	78.372	393	45	322
MZ962720.1	k141_260	32149	78.372	393	45	322
MZ962720.1	k141_260	32149	81.387	274	24	271
MZ962720.1	k141_260	32149	81.387	274	24	271
MZ962720.1	k141_260	32149	76.620	355	36	264
MZ962720.1	k141_260	32149	76.620	355	36	264
MZ962720.1	k141_260	32149	90.110	182	18	248
MZ962720.1	k141_260	32149	79.487	273	50	237
MZ962720.1	k141_260	32149	79.487	273	50	237
MZ962720.1	k141_260	32149	78.390	236	51	196
MZ962720.1	k141_260	32149	84.000	150	24	163
MZ962720.1	k141_260	32149	97.959	49	1	85.1
MZ962720.1	k141_260	32149	97.959	49	1	85.1
MZ962720.1	k141_260	32149	96.078	51	2	84.2
MZ962720.1	k141_260	32149	96.078	51	2	84.2
MZ962720.1	k141_260	32149	91.892	37	3	54.5
MZ962720.1	k141_38023	79994	80.134	8336	1397	7508
MZ962720.1	k141_38023	79994	88.113	5216	563	6582
MZ962720.1	k141_38023	79994	79.411	5843	827	4975
MZ962720.1	k141_38023	79994	90.743	2625	227	3635
MZ962720.1	k141_38023	79994	80.460	3086	458	2802
MZ962720.1	k141_38023	79994	77.635	3568	592	2721
MZ962720.1	k141_38023	79994	87.636	1472	182	1835
MZ962720.1	k141_38023	79994	80.979	1819	281	1712
MZ962720.1	k141_38023	79994	90.810	1099	101	1527
MZ962720.1	k141_38023	79994	75.726	2204	357	1498
MZ962720.1	k141_38023	79994	76.587	1969	370	1452
MZ962720.1	k141_38023	79994	82.511	1155	145	1148
MZ962720.1	k141_38023	79994	86.881	808	95	967
MZ962720.1	k141_38023	79994	79.981	1034	199	921
MZ962720.1	k141_38023	79994	67.436	2469	621	782
MZ962720.1	k141_38023	79994	83.188	690	103	711
MZ962720.1	k141_38023	79994	72.963	1117	238	662
MZ962720.1	k141_38023	79994	76.848	825	146	623
MZ962720.1	k141_38023	79994	85.185	405	58	453
MZ962720.1	k141_38023	79994	74.251	734	113	446
MZ962720.1	k141_38023	79994	75.039	645	106	438
MZ962720.1	k141_38023	79994	76.909	563	130	430
MZ962720.1	k141_38023	79994	76.909	563	130	430
MZ962720.1	k141_38023	79994	79.431	457	68	398
MZ962720.1	k141_38023	79994	76.954	499	103	379
MZ962720.1	k141_38023	79994	76.634	505	86	368
MZ962720.1	k141_38023	79994	70.845	710	104	351
MZ962720.1	k141_38023	79994	72.508	622	110	348
MZ962720.1	k141_38023	79994	89.212	241	21	314
MZ962720.1	k141_38023	79994	73.739	476	74	292
MZ962720.1	k141_38023	79994	73.739	476	74	292
MZ962720.1	k141_38023	79994	78.320	369	52	286
MZ962720.1	k141_38023	79994	69.461	668	134	277
MZ962720.1	k141_38023	79994	75.422	415	75	269
MZ962720.1	k141_38023	79994	75.258	388	85	269
MZ962720.1	k141_38023	79994	74.406	379	58	264
MZ962720.1	k141_38023	79994	83.333	228	33	241
MZ962720.1	k141_38023	79994	84.762	210	23	239
MZ962720.1	k141_38023	79994	84.762	210	23	239
MZ962720.1	k141_38023	79994	76.923	273	34	213
MZ962720.1	k141_38023	79994	83.085	201	34	210
MZ962720.1	k141_38023	79994	83.152	184	24	195
MZ962720.1	k141_38023	79994	83.152	184	24	195
MZ962720.1	k141_38023	79994	81.500	200	33	194
MZ962720.1	k141_38023	79994	87.117	163	19	193
MZ962720.1	k141_38023	79994	81.868	182	29	179
MZ962720.1	k141_38023	79994	71.176	340	42	178
MZ962720.1	k141_38023	79994	70.647	402	82	177
MZ962720.1	k141_38023	79994	89.313	131	7	171
MZ962720.1	k141_38023	79994	95.238	105	5	168
MZ962720.1	k141_38023	79994	70.588	391	66	159
MZ962720.1	k141_38023	79994	84.892	139	19	154
MZ962720.1	k141_38023	79994	82.237	152	21	150
MZ962720.1	k141_38023	79994	80.247	162	32	149
MZ962720.1	k141_38023	79994	77.660	188	40	143
MZ962720.1	k141_38023	79994	77.660	188	40	143
MZ962720.1	k141_38023	79994	66.496	585	180	141
MZ962720.1	k141_38023	79994	98.750	80	1	141
MZ962720.1	k141_38023	79994	98.750	80	1	141
MZ962720.1	k141_38023	79994	93.478	92	6	140
MZ962720.1	k141_38023	79994	94.318	88	5	137
MZ962720.1	k141_38023	79994	80.420	143	21	130
MZ962720.1	k141_38023	79994	80.420	143	21	130
MZ962720.1	k141_38023	79994	80.420	143	21	130
MZ962720.1	k141_38023	79994	94.805	77	4	122
MZ962720.1	k141_38023	79994	84.615	104	10	117
MZ962720.1	k141_38023	79994	84.615	104	10	117
MZ962720.1	k141_38023	79994	90.361	83	8	114
MZ962720.1	k141_38023	79994	79.528	127	19	110
MZ962720.1	k141_38023	79994	85.417	96	9	106
MZ962720.1	k141_38023	79994	76.871	147	29	104
MZ962720.1	k141_38023	79994	80.000	115	22	101
MZ962720.1	k141_38023	79994	80.000	115	22	101
MZ962720.1	k141_38023	79994	73.333	165	44	100
MZ962720.1	k141_38023	79994	87.013	77	10	95.1
MZ962720.1	k141_38023	79994	86.842	76	10	93.3
MZ962720.1	k141_38023	79994	79.000	100	14	88.7
MZ962720.1	k141_38023	79994	81.111	90	17	86.9
MZ962720.1	k141_38023	79994	81.111	90	17	86.9
MZ962720.1	k141_38023	79994	81.111	90	17	86.9
MZ962720.1	k141_38023	79994	74.242	132	34	86.0
MZ962720.1	k141_38023	79994	82.418	91	14	86.0
MZ962720.1	k141_38023	79994	74.400	125	32	82.4
MZ962720.1	k141_38023	79994	78.723	94	20	80.6
MZ962720.1	k141_38023	79994	76.596	94	20	64.4
MZ962720.1	k141_38023	79994	70.370	135	40	64.4
MZ962720.1	k141_38023	79994	84.783	46	7	52.7
MZ962720.1	k141_38023	79994	84.783	46	7	52.7
MZ962720.1	k141_71367	15050	81.408	2883	423	2750
MZ962720.1	k141_71367	15050	81.408	2883	423	2750
MZ962720.1	k141_71367	15050	79.396	2019	366	1766
MZ962720.1	k141_71367	15050	76.342	2236	465	1643
MZ962720.1	k141_71367	15050	83.436	1461	201	1527
MZ962720.1	k141_71367	15050	83.436	1461	201	1527
MZ962720.1	k141_71367	15050	76.660	964	200	725
MZ962720.1	k141_71367	15050	83.051	649	103	668
MZ962720.1	k141_71367	15050	83.051	649	103	668
MZ962720.1	k141_71367	15050	79.437	355	69	306
MZ962720.1	k141_71367	15050	82.677	127	19	124
MZ962720.1	k141_23651	860	73.289	745	175	410
MZ962720.1	k141_23651	860	73.289	745	175	410
MZ962720.1	k141_51619	840	74.414	512	122	324
MZ962720.1	k141_51619	840	74.414	512	122	324
MZ962720.1	k141_24669	1620	74.772	329	57	203
MZ962720.1	k141_24669	1620	74.772	329	57	203
MZ962720.1	k141_54975	418	69.900	402	66	198
MZ962720.1	k141_54833	837	94.505	91	4	139
MZ962720.1	k141_54833	837	94.505	91	4	139
MZ962720.1	k141_26370	948	94.872	78	4	123
MZ962720.1	k141_26370	948	94.872	78	4	123
MZ962720.1	k141_25692	465	89.247	93	9	120
MZ962720.1	k141_25692	465	89.247	93	9	120
MZ962720.1	k141_33351	486	88.372	86	10	111
MZ962720.1	k141_47776	337	93.220	59	4	89.7
MZ962720.1	k141_47776	337	93.220	59	4	89.7
MH569081.1	k141_38023	79994	88.273	5398	562	6855
MH569081.1	k141_38023	79994	77.997	7499	1175	6018
MH569081.1	k141_38023	79994	82.402	4046	575	4107
MH569081.1	k141_38023	79994	89.297	2644	267	3480
MH569081.1	k141_38023	79994	81.106	3345	550	3190
MH569081.1	k141_38023	79994	74.951	4072	766	2677
MH569081.1	k141_38023	79994	82.318	2381	359	2367
MH569081.1	k141_38023	79994	82.428	2117	330	2130
MH569081.1	k141_38023	79994	86.884	1502	196	1818
MH569081.1	k141_38023	79994	80.688	1890	286	1745
MH569081.1	k141_38023	79994	81.377	1815	283	1737
MH569081.1	k141_38023	79994	77.501	2089	306	1617
MH569081.1	k141_38023	79994	75.912	2275	476	1612
MH569081.1	k141_38023	79994	77.529	1967	356	1534
MH569081.1	k141_38023	79994	84.888	1072	137	1181
MH569081.1	k141_38023	79994	77.396	960	146	750
MH569081.1	k141_38023	79994	82.464	633	98	640
MH569081.1	k141_38023	79994	72.869	1091	214	590
MH569081.1	k141_38023	79994	78.187	706	115	583
MH569081.1	k141_38023	79994	71.875	1056	175	550
MH569081.1	k141_38023	79994	78.615	650	98	534
MH569081.1	k141_38023	79994	72.476	832	120	454
MH569081.1	k141_38023	79994	76.432	611	113	423
MH569081.1	k141_38023	79994	88.785	321	35	414
MH569081.1	k141_38023	79994	72.845	696	112	388
MH569081.1	k141_38023	79994	73.128	681	125	357
MH569081.1	k141_38023	79994	83.784	333	35	348
MH569081.1	k141_38023	79994	80.374	321	51	293
MH569081.1	k141_38023	79994	79.692	325	50	281
MH569081.1	k141_38023	79994	78.214	280	61	231
MH569081.1	k141_38023	79994	87.363	182	23	225
MH569081.1	k141_38023	79994	86.243	189	26	224
MH569081.1	k141_38023	79994	77.778	261	36	221
MH569081.1	k141_38023	79994	81.860	215	32	205
MH569081.1	k141_38023	79994	73.333	330	70	202
MH569081.1	k141_38023	79994	73.130	361	66	197
MH569081.1	k141_38023	79994	74.539	271	56	186
MH569081.1	k141_38023	79994	85.897	156	19	172
MH569081.1	k141_38023	79994	80.105	191	22	166
MH569081.1	k141_38023	79994	100.000	80	0	145
MH569081.1	k141_38023	79994	100.000	80	0	145
MH569081.1	k141_38023	79994	81.457	151	21	144
MH569081.1	k141_38023	79994	77.083	192	37	137
MH569081.1	k141_38023	79994	78.488	172	26	132
MH569081.1	k141_38023	79994	92.135	89	7	130
MH569081.1	k141_38023	79994	76.970	165	38	127
MH569081.1	k141_38023	79994	91.860	86	7	124
MH569081.1	k141_38023	79994	77.108	166	33	124
MH569081.1	k141_38023	79994	91.765	85	5	120
MH569081.1	k141_38023	79994	74.233	163	42	105
MH569081.1	k141_38023	79994	74.138	174	34	104
MH569081.1	k141_38023	79994	76.033	121	10	87.8
MH569081.1	k141_38023	79994	84.507	71	11	79.7
MH569081.1	k141_38023	79994	95.652	46	2	75.2
MH569081.1	k141_38023	79994	95.652	46	2	75.2
MH569081.1	k141_38023	79994	92.000	50	4	73.4
MH569081.1	k141_38023	79994	70.811	185	41	71.6
MH569081.1	k141_38023	79994	81.967	61	11	61.7
MH569081.1	k141_38023	79994	75.714	70	17	50.9
MH569081.1	k141_38023	79994	81.633	49	9	49.1
MH569081.1	k141_38023	79994	66.879	157	50	42.8
MH569081.1	k141_260	32149	91.746	4495	243	6410
MH569081.1	k141_260	32149	91.746	4495	243	6410
MH569081.1	k141_260	32149	93.744	3005	141	4538
MH569081.1	k141_260	32149	93.744	3005	141	4538
MH569081.1	k141_260	32149	91.757	2960	163	4235
MH569081.1	k141_260	32149	91.757	2960	163	4235
MH569081.1	k141_260	32149	90.742	2236	124	3067
MH569081.1	k141_260	32149	90.742	2236	124	3067
MH569081.1	k141_260	32149	90.018	2204	180	2938
MH569081.1	k141_260	32149	90.018	2204	180	2938
MH569081.1	k141_260	32149	80.648	1018	154	951
MH569081.1	k141_260	32149	83.523	880	126	924
MH569081.1	k141_260	32149	83.523	880	126	924
MH569081.1	k141_260	32149	80.250	800	106	724
MH569081.1	k141_260	32149	80.250	800	106	724
MH569081.1	k141_260	32149	78.731	851	107	700
MH569081.1	k141_260	32149	78.731	851	107	700
MH569081.1	k141_260	32149	70.862	1462	279	660
MH569081.1	k141_260	32149	83.191	470	42	503
MH569081.1	k141_260	32149	83.191	470	42	503
MH569081.1	k141_260	32149	78.585	523	90	427
MH569081.1	k141_260	32149	77.261	387	32	339
MH569081.1	k141_260	32149	77.261	387	32	339
MH569081.1	k141_260	32149	81.311	305	48	288
MH569081.1	k141_260	32149	81.311	305	48	288
MH569081.1	k141_260	32149	87.054	224	20	269
MH569081.1	k141_260	32149	87.054	224	20	269
MH569081.1	k141_260	32149	76.708	322	71	238
MH569081.1	k141_260	32149	87.975	158	19	200
MH569081.1	k141_260	32149	79.612	103	16	87.8
MH569081.1	k141_260	32149	92.727	55	4	82.4
MH569081.1	k141_260	32149	92.727	55	4	82.4
MH569081.1	k141_260	32149	95.918	49	2	80.6
MH569081.1	k141_260	32149	95.918	49	2	80.6
MH569081.1	k141_260	32149	95.455	44	2	71.6
MH569081.1	k141_260	32149	95.455	44	2	71.6
MH569081.1	k141_260	32149	89.583	48	5	65.3
MH569081.1	k141_260	32149	92.308	39	3	58.1
MH569081.1	k141_71367	15050	77.428	3398	594	2664
MH569081.1	k141_71367	15050	77.892	2723	465	2177
MH569081.1	k141_71367	15050	76.838	2258	451	1676
MH569081.1	k141_71367	15050	80.000	1455	250	1282
MH569081.1	k141_71367	15050	79.636	604	118	522
MH569081.1	k141_71367	15050	77.985	536	77	432
MH569081.1	k141_71367	15050	83.578	341	56	363
MH569081.1	k141_71367	15050	69.014	355	80	154
MH569081.1	k141_71367	15050	69.014	355	80	154
MH569081.1	k141_23651	860	73.289	745	173	416
MH569081.1	k141_23651	860	73.289	745	173	416
MH569081.1	k141_51619	840	74.219	512	123	319
MH569081.1	k141_51619	840	74.219	512	123	319
MH569081.1	k141_54975	418	79.009	343	59	288
MH569081.1	k141_24669	1620	75.077	325	62	203
MH569081.1	k141_24669	1620	75.077	325	62	203
MH569081.1	k141_54833	837	95.181	83	4	132
MH569081.1	k141_54833	837	95.181	83	4	132
MH569081.1	k141_26370	948	96.154	78	3	128
MH569081.1	k141_26370	948	96.154	78	3	128
MH569081.1	k141_25692	465	87.368	95	9	112
MH569081.1	k141_25692	465	87.368	95	9	112
MH569081.1	k141_33351	486	88.235	85	8	106
MH569081.1	k141_47776	337	96.610	59	2	98.7
MH569081.1	k141_47776	337	96.610	59	2	98.7
MH569081.1	k141_66123	417	89.855	69	7	94.2
MH569081.1	k141_66123	417	89.855	69	7	94.2
MH569081.1	k141_27442	665	67.873	221	35	89.7
NC_033978.1	k141_260	32149	90.446	12424	785	17052
NC_033978.1	k141_260	32149	93.824	10686	422	16272
NC_033978.1	k141_260	32149	93.766	4828	177	7381
NC_033978.1	k141_260	32149	93.766	4828	177	7381
NC_033978.1	k141_260	32149	93.723	4668	214	7115
NC_033978.1	k141_260	32149	93.723	4668	214	7115
NC_033978.1	k141_260	32149	86.318	5825	550	6878
NC_033978.1	k141_260	32149	93.470	3231	174	4878
NC_033978.1	k141_260	32149	80.227	1942	248	1791
NC_033978.1	k141_260	32149	94.015	1036	47	1590
NC_033978.1	k141_260	32149	94.015	1036	47	1590
NC_033978.1	k141_260	32149	84.608	1007	69	1137
NC_033978.1	k141_260	32149	84.608	1007	69	1137
NC_033978.1	k141_260	32149	92.857	196	11	285
NC_033978.1	k141_260	32149	92.857	196	11	285
NC_033978.1	k141_260	32149	98.182	55	1	96.0
NC_033978.1	k141_260	32149	98.182	55	1	96.0
NC_033978.1	k141_260	32149	96.296	54	2	89.7
NC_033978.1	k141_260	32149	96.296	54	2	89.7
NC_033978.1	k141_260	32149	100.000	39	0	71.6
NC_033978.1	k141_260	32149	92.857	42	3	63.5
NC_033978.1	k141_38023	79994	83.176	15454	1935	16040
NC_033978.1	k141_38023	79994	79.020	10672	1366	9074
NC_033978.1	k141_38023	79994	91.162	5759	433	8065
NC_033978.1	k141_38023	79994	84.659	4628	494	5129
NC_033978.1	k141_38023	79994	89.432	3066	231	4090
NC_033978.1	k141_38023	79994	85.223	2964	315	3392
NC_033978.1	k141_38023	79994	86.582	1893	228	2252
NC_033978.1	k141_38023	79994	80.610	2393	275	2223
NC_033978.1	k141_38023	79994	82.187	2094	301	2079
NC_033978.1	k141_38023	79994	85.171	1814	223	2033
NC_033978.1	k141_38023	79994	76.310	2748	496	1976
NC_033978.1	k141_38023	79994	88.400	1431	118	1822
NC_033978.1	k141_38023	79994	79.335	1655	277	1457
NC_033978.1	k141_38023	79994	87.652	1069	98	1342
NC_033978.1	k141_38023	79994	79.709	1237	173	1062
NC_033978.1	k141_38023	79994	82.241	1053	113	1047
NC_033978.1	k141_38023	79994	87.447	701	79	863
NC_033978.1	k141_38023	79994	81.116	842	99	798
NC_033978.1	k141_38023	79994	75.290	1206	183	774
NC_033978.1	k141_38023	79994	78.499	893	114	730
NC_033978.1	k141_38023	79994	72.290	1061	176	560
NC_033978.1	k141_38023	79994	80.934	514	52	478
NC_033978.1	k141_38023	79994	74.341	721	96	466
NC_033978.1	k141_38023	79994	86.684	383	38	451
NC_033978.1	k141_38023	79994	79.634	383	58	322
NC_033978.1	k141_38023	79994	77.635	389	44	308
NC_033978.1	k141_38023	79994	68.707	735	122	251
NC_033978.1	k141_38023	79994	90.395	177	17	243
NC_033978.1	k141_38023	79994	92.199	141	10	202
NC_033978.1	k141_38023	79994	76.210	248	25	186
NC_033978.1	k141_38023	79994	91.667	120	9	168
NC_033978.1	k141_38023	79994	79.474	190	16	166
NC_033978.1	k141_38023	79994	91.304	115	7	161
NC_033978.1	k141_38023	79994	81.928	166	21	155
NC_033978.1	k141_38023	79994	100.000	80	0	145
NC_033978.1	k141_38023	79994	89.720	107	6	144
NC_033978.1	k141_38023	79994	76.018	221	36	144
NC_033978.1	k141_38023	79994	81.746	126	23	124
NC_033978.1	k141_38023	79994	76.364	165	39	123
NC_033978.1	k141_38023	79994	84.071	113	9	118
NC_033978.1	k141_38023	79994	71.277	188	49	87.8
NC_033978.1	k141_38023	79994	100.000	39	0	71.6
NC_033978.1	k141_38023	79994	100.000	39	0	71.6
NC_033978.1	k141_38023	79994	97.500	40	1	68.9
NC_033978.1	k141_38023	79994	94.737	38	2	60.8
NC_033978.1	k141_71367	15050	76.243	6217	1145	4483
NC_033978.1	k141_71367	15050	84.494	2541	322	2777
NC_033978.1	k141_71367	15050	81.586	2308	379	2230
NC_033978.1	k141_71367	15050	86.093	1359	158	1582
NC_033978.1	k141_71367	15050	79.210	1241	195	1087
NC_033978.1	k141_71367	15050	86.688	616	75	735
NC_033978.1	k141_71367	15050	82.014	139	25	139
NC_033978.1	k141_23651	860	73.585	742	176	415
NC_033978.1	k141_23651	860	73.585	742	176	415
NC_033978.1	k141_54975	418	82.086	374	51	370
NC_033978.1	k141_51619	840	75.049	513	117	341
NC_033978.1	k141_51619	840	75.049	513	117	341
NC_033978.1	k141_24669	1620	74.769	325	62	199
NC_033978.1	k141_24669	1620	74.769	325	62	199
NC_033978.1	k141_54833	837	98.810	84	1	148
NC_033978.1	k141_54833	837	98.810	84	1	148
NC_033978.1	k141_25692	465	94.737	95	4	146
NC_033978.1	k141_25692	465	94.737	95	4	146
NC_033978.1	k141_26370	948	98.718	78	1	137
NC_033978.1	k141_26370	948	98.718	78	1	137
NC_033978.1	k141_27442	665	69.915	236	33	118
NC_033978.1	k141_33351	486	93.506	77	5	117
NC_033978.1	k141_66123	417	90.541	74	7	103
NC_033978.1	k141_66123	417	90.541	74	7	103
NC_033978.1	k141_47776	337	98.305	59	1	103
NC_033978.1	k141_47776	337	98.305	59	1	103
NC_033978.1	k141_25372	1342	100.000	40	0	73.4
NC_033978.1	k141_25372	1342	100.000	40	0	73.4
NC_033978.1	k141_26545	435	89.796	49	5	67.1
MW006668.1	k141_260	32149	93.810	8272	311	12575
MW006668.1	k141_260	32149	93.810	8272	311	12575
MW006668.1	k141_260	32149	89.147	5473	428	7180
MW006668.1	k141_260	32149	77.683	1882	264	1516
MW006668.1	k141_260	32149	74.894	1888	263	1292
MW006668.1	k141_260	32149	80.908	1278	192	1203
MW006668.1	k141_260	32149	75.725	1380	183	963
MW006668.1	k141_260	32149	86.580	693	62	846
MW006668.1	k141_260	32149	89.263	475	35	633
MW006668.1	k141_260	32149	89.263	475	35	633
MW006668.1	k141_260	32149	78.096	767	120	625
MW006668.1	k141_260	32149	72.184	1021	164	539
MW006668.1	k141_260	32149	75.565	708	103	516
MW006668.1	k141_260	32149	71.248	793	121	423
MW006668.1	k141_260	32149	71.248	793	121	423
MW006668.1	k141_260	32149	89.209	278	22	365
MW006668.1	k141_260	32149	89.209	278	22	365
MW006668.1	k141_260	32149	79.268	328	48	286
MW006668.1	k141_260	32149	70.413	436	69	192
MW006668.1	k141_260	32149	84.393	173	27	191
MW006668.1	k141_260	32149	83.221	149	15	152
MW006668.1	k141_260	32149	83.221	149	15	152
MW006668.1	k141_260	32149	83.212	137	13	140
MW006668.1	k141_260	32149	66.829	410	97	126
MW006668.1	k141_260	32149	66.829	410	97	126
MW006668.1	k141_260	32149	82.857	105	14	108
MW006668.1	k141_260	32149	64.023	517	131	100
MW006668.1	k141_260	32149	65.472	530	131	93.3
MW006668.1	k141_260	32149	65.472	530	131	93.3
MW006668.1	k141_260	32149	96.364	55	2	91.5
MW006668.1	k141_260	32149	71.515	165	34	89.7
MW006668.1	k141_260	32149	65.406	529	133	89.7
MW006668.1	k141_260	32149	65.406	529	133	89.7
MW006668.1	k141_260	32149	65.094	530	133	87.8
MW006668.1	k141_260	32149	65.094	530	133	87.8
MW006668.1	k141_260	32149	70.552	163	36	85.1
MW006668.1	k141_260	32149	70.552	163	36	85.1
MW006668.1	k141_260	32149	70.552	163	36	85.1
MW006668.1	k141_260	32149	70.552	163	36	85.1
MW006668.1	k141_260	32149	89.062	64	7	85.1
MW006668.1	k141_260	32149	89.062	64	7	85.1
MW006668.1	k141_260	32149	100.000	42	0	77.0
MW006668.1	k141_260	32149	100.000	42	0	77.0
MW006668.1	k141_260	32149	64.650	529	137	76.1
MW006668.1	k141_260	32149	64.650	529	137	76.1
MW006668.1	k141_260	32149	64.650	529	137	76.1
MW006668.1	k141_260	32149	64.650	529	137	76.1
MW006668.1	k141_260	32149	85.965	57	8	68.0
MW006668.1	k141_260	32149	85.965	57	8	68.0
MW006668.1	k141_260	32149	92.857	42	3	63.5
MW006668.1	k141_260	32149	86.275	51	7	61.7
MW006668.1	k141_260	32149	82.456	57	10	59.0
MW006668.1	k141_260	32149	82.456	57	10	59.0
MW006668.1	k141_38023	79994	83.609	9316	1298	9848
MW006668.1	k141_38023	79994	90.311	5491	476	7478
MW006668.1	k141_38023	79994	79.339	5111	734	4391
MW006668.1	k141_38023	79994	85.304	3688	364	4215
MW006668.1	k141_38023	79994	87.500	3336	386	4120
MW006668.1	k141_38023	79994	80.179	3804	510	3433
MW006668.1	k141_38023	79994	85.038	2259	272	2547
MW006668.1	k141_38023	79994	89.653	1846	179	2452
MW006668.1	k141_38023	79994	88.510	1732	193	2219
MW006668.1	k141_38023	79994	81.146	2355	291	2213
MW006668.1	k141_38023	79994	84.435	1966	236	2171
MW006668.1	k141_38023	79994	82.454	1915	304	1941
MW006668.1	k141_38023	79994	74.255	2750	524	1713
MW006668.1	k141_38023	79994	76.868	1820	339	1382
MW006668.1	k141_38023	79994	88.520	1054	101	1352
MW006668.1	k141_38023	79994	93.435	853	56	1287
MW006668.1	k141_38023	79994	93.435	853	56	1287
MW006668.1	k141_38023	79994	71.692	2169	383	1082
MW006668.1	k141_38023	79994	77.010	1331	232	971
MW006668.1	k141_38023	79994	78.709	1193	196	960
MW006668.1	k141_38023	79994	74.132	1411	249	838
MW006668.1	k141_38023	79994	84.048	746	89	778
MW006668.1	k141_38023	79994	77.858	691	100	560
MW006668.1	k141_38023	79994	75.983	687	99	497
MW006668.1	k141_38023	79994	86.979	384	28	474
MW006668.1	k141_38023	79994	74.571	700	94	451
MW006668.1	k141_38023	79994	87.761	335	36	416
MW006668.1	k141_38023	79994	87.451	255	29	315
MW006668.1	k141_38023	79994	77.168	346	53	274
MW006668.1	k141_38023	79994	77.168	346	53	274
MW006668.1	k141_38023	79994	88.406	207	24	266
MW006668.1	k141_38023	79994	88.406	207	24	266
MW006668.1	k141_38023	79994	80.669	269	42	251
MW006668.1	k141_38023	79994	86.705	173	22	205
MW006668.1	k141_38023	79994	92.537	134	9	194
MW006668.1	k141_38023	79994	70.246	447	89	179
MW006668.1	k141_38023	79994	77.778	234	35	172
MW006668.1	k141_38023	79994	81.461	178	20	162
MW006668.1	k141_38023	79994	76.522	230	37	160
MW006668.1	k141_38023	79994	79.235	183	27	156
MW006668.1	k141_38023	79994	75.104	241	56	155
MW006668.1	k141_38023	79994	88.333	120	14	154
MW006668.1	k141_38023	79994	86.400	125	15	142
MW006668.1	k141_38023	79994	75.566	221	35	137
MW006668.1	k141_38023	79994	79.870	154	26	134
MW006668.1	k141_38023	79994	95.062	81	4	129
MW006668.1	k141_38023	79994	95.062	81	4	129
MW006668.1	k141_38023	79994	66.995	406	118	125
MW006668.1	k141_38023	79994	72.072	222	39	124
MW006668.1	k141_38023	79994	77.358	159	34	123
MW006668.1	k141_38023	79994	72.093	215	37	121
MW006668.1	k141_38023	79994	75.294	170	42	118
MW006668.1	k141_38023	79994	76.923	117	20	83.3
MW006668.1	k141_38023	79994	76.190	105	11	81.5
MW006668.1	k141_38023	79994	76.190	105	11	81.5
MW006668.1	k141_38023	79994	97.619	42	1	72.5
MW006668.1	k141_38023	79994	97.619	42	1	72.5
MW006668.1	k141_38023	79994	100.000	39	0	71.6
MW006668.1	k141_38023	79994	87.755	49	6	62.6
MW006668.1	k141_38023	79994	86.792	53	6	61.7
MW006668.1	k141_71367	15050	80.553	4011	594	3705
MW006668.1	k141_71367	15050	80.553	4011	594	3705
MW006668.1	k141_71367	15050	82.911	2721	398	2773
MW006668.1	k141_71367	15050	82.911	2721	398	2773
MW006668.1	k141_71367	15050	78.534	2278	449	1873
MW006668.1	k141_71367	15050	84.373	1427	172	1565
MW006668.1	k141_71367	15050	84.373	1427	172	1565
MW006668.1	k141_71367	15050	86.212	631	83	737
MW006668.1	k141_71367	15050	86.212	631	83	737
MW006668.1	k141_71367	15050	84.932	146	20	158
MW006668.1	k141_71367	15050	77.551	49	11	40.1
MW006668.1	k141_71367	15050	77.551	49	11	40.1
MW006668.1	k141_23651	860	72.386	746	179	388
MW006668.1	k141_23651	860	72.386	746	179	388
MW006668.1	k141_51619	840	74.854	513	118	336
MW006668.1	k141_51619	840	74.854	513	118	336
MW006668.1	k141_54975	418	78.892	379	56	318
MW006668.1	k141_24669	1620	75.385	325	66	203
MW006668.1	k141_24669	1620	75.385	325	66	203
MW006668.1	k141_25692	465	95.745	94	4	152
MW006668.1	k141_25692	465	95.745	94	4	152
MW006668.1	k141_54833	837	96.429	84	3	139
MW006668.1	k141_54833	837	96.429	84	3	139
MW006668.1	k141_26370	948	96.154	78	3	128
MW006668.1	k141_33351	486	88.235	85	10	109
MW006668.1	k141_27442	665	68.487	238	37	104
MW006668.1	k141_27442	665	68.487	238	37	104
MW006668.1	k141_47776	337	96.610	59	2	98.7
MW006668.1	k141_47776	337	96.610	59	2	98.7
MW006668.1	k141_66123	417	81.690	71	13	70.7
MW435436.1	k141_260	32149	93.366	11215	406	16924
MW435436.1	k141_260	32149	93.366	11215	406	16924
MW435436.1	k141_260	32149	92.545	4668	263	6868
MW435436.1	k141_260	32149	92.545	4668	263	6868
MW435436.1	k141_260	32149	91.866	3799	174	5463
MW435436.1	k141_260	32149	91.866	3799	174	5463
MW435436.1	k141_260	32149	92.596	3552	207	5226
MW435436.1	k141_260	32149	92.596	3552	207	5226
MW435436.1	k141_260	32149	86.446	2420	212	2892
MW435436.1	k141_260	32149	86.446	2420	212	2892
MW435436.1	k141_260	32149	93.243	1036	55	1553
MW435436.1	k141_260	32149	93.243	1036	55	1553
MW435436.1	k141_260	32149	75.360	2086	361	1385
MW435436.1	k141_260	32149	80.392	1071	122	1024
MW435436.1	k141_260	32149	71.551	1051	200	574
MW435436.1	k141_260	32149	76.218	698	133	491
MW435436.1	k141_260	32149	94.737	57	1	87.8
MW435436.1	k141_260	32149	94.737	57	1	87.8
MW435436.1	k141_260	32149	95.238	42	2	68.0
MW435436.1	k141_260	32149	92.308	39	3	58.1
MW435436.1	k141_38023	79994	85.425	10916	1311	12504
MW435436.1	k141_38023	79994	90.368	5679	471	7768
MW435436.1	k141_38023	79994	82.055	7846	975	7760
MW435436.1	k141_38023	79994	81.362	5859	692	5639
MW435436.1	k141_38023	79994	86.070	3618	337	4259
MW435436.1	k141_38023	79994	78.452	4200	684	3419
MW435436.1	k141_38023	79994	84.959	2952	334	3327
MW435436.1	k141_38023	79994	81.291	2309	316	2195
MW435436.1	k141_38023	79994	84.226	1978	261	2149
MW435436.1	k141_38023	79994	83.758	1964	262	2093
MW435436.1	k141_38023	79994	79.109	2178	251	1899
MW435436.1	k141_38023	79994	77.282	1862	296	1422
MW435436.1	k141_38023	79994	78.964	1545	277	1338
MW435436.1	k141_38023	79994	86.040	1053	100	1239
MW435436.1	k141_38023	79994	72.421	1929	322	1054
MW435436.1	k141_38023	79994	79.222	1208	204	1018
MW435436.1	k141_38023	79994	72.902	1454	279	788
MW435436.1	k141_38023	79994	83.453	695	82	752
MW435436.1	k141_38023	79994	77.742	921	144	716
MW435436.1	k141_38023	79994	76.623	847	129	603
MW435436.1	k141_38023	79994	83.784	518	70	537
MW435436.1	k141_38023	79994	74.211	729	118	463
MW435436.1	k141_38023	79994	76.717	597	80	427
MW435436.1	k141_38023	79994	71.538	780	108	406
MW435436.1	k141_38023	79994	87.774	319	35	399
MW435436.1	k141_38023	79994	83.088	272	19	286
MW435436.1	k141_38023	79994	80.556	216	23	205
MW435436.1	k141_38023	79994	79.372	223	25	201
MW435436.1	k141_38023	79994	90.909	121	8	168
MW435436.1	k141_38023	79994	77.828	221	32	167
MW435436.1	k141_38023	79994	79.000	200	25	165
MW435436.1	k141_38023	79994	84.828	145	11	164
MW435436.1	k141_38023	79994	93.137	102	7	153
MW435436.1	k141_38023	79994	93.000	100	6	146
MW435436.1	k141_38023	79994	84.127	126	20	138
MW435436.1	k141_38023	79994	97.468	79	2	134
MW435436.1	k141_38023	79994	77.778	180	30	127
MW435436.1	k141_38023	79994	82.645	121	21	124
MW435436.1	k141_38023	79994	68.571	280	50	116
MW435436.1	k141_38023	79994	69.959	243	48	105
MW435436.1	k141_38023	79994	100.000	39	0	71.6
MW435436.1	k141_38023	79994	100.000	39	0	71.6
MW435436.1	k141_38023	79994	92.857	42	3	63.5
MW435436.1	k141_71367	15050	81.012	3992	626	3694
MW435436.1	k141_71367	15050	80.330	2847	421	2618
MW435436.1	k141_71367	15050	80.193	2277	403	2063
MW435436.1	k141_71367	15050	80.572	1992	341	1840
MW435436.1	k141_71367	15050	83.005	1524	198	1564
MW435436.1	k141_71367	15050	71.482	1606	401	811
MW435436.1	k141_71367	15050	86.833	562	74	681
MW435436.1	k141_71367	15050	71.091	1228	304	589
MW435436.1	k141_71367	15050	83.088	136	23	142
MW435436.1	k141_23651	860	73.217	743	177	405
MW435436.1	k141_23651	860	73.217	743	177	405
MW435436.1	k141_51619	840	75.244	513	116	345
MW435436.1	k141_51619	840	75.244	513	116	345
MW435436.1	k141_54975	418	78.364	379	56	311
MW435436.1	k141_24669	1620	74.468	329	56	200
MW435436.1	k141_24669	1620	74.468	329	56	200
MW435436.1	k141_25692	465	94.681	94	5	148
MW435436.1	k141_25692	465	94.681	94	5	148
MW435436.1	k141_54833	837	97.619	84	2	143
MW435436.1	k141_54833	837	97.619	84	2	143
MW435436.1	k141_26370	948	98.718	78	1	137
MW435436.1	k141_26370	948	98.718	78	1	137
MW435436.1	k141_33351	486	89.412	85	9	113
MW435436.1	k141_27442	665	68.908	238	36	108
MW435436.1	k141_47776	337	98.305	59	1	103
MW435436.1	k141_47776	337	98.305	59	1	103
MW435436.1	k141_25372	1342	100.000	40	0	73.4
MW435436.1	k141_25372	1342	100.000	40	0	73.4
MW435436.1	k141_26545	435	86.275	51	7	61.7
MW435436.1	k141_8380	725	86.000	50	7	59.9
MW435436.1	k141_8380	725	86.000	50	7	59.9
NC_037882.1	k141_260	32149	90.069	12879	803	17542
NC_037882.1	k141_260	32149	93.607	11168	397	16996
NC_037882.1	k141_260	32149	95.060	4838	141	7682
NC_037882.1	k141_260	32149	95.060	4838	141	7682
NC_037882.1	k141_260	32149	93.763	4650	217	7100
NC_037882.1	k141_260	32149	93.763	4650	217	7100
NC_037882.1	k141_260	32149	93.317	2080	110	3124
NC_037882.1	k141_260	32149	93.317	2080	110	3124
NC_037882.1	k141_260	32149	81.390	2907	358	2757
NC_037882.1	k141_260	32149	81.042	1862	258	1749
NC_037882.1	k141_260	32149	94.208	1036	45	1599
NC_037882.1	k141_260	32149	94.208	1036	45	1599
NC_037882.1	k141_260	32149	88.926	903	61	1182
NC_037882.1	k141_260	32149	89.209	417	25	541
NC_037882.1	k141_260	32149	89.209	417	25	541
NC_037882.1	k141_260	32149	96.364	55	2	91.5
NC_037882.1	k141_260	32149	96.364	55	2	91.5
NC_037882.1	k141_260	32149	97.619	42	1	72.5
NC_037882.1	k141_260	32149	94.872	39	2	62.6
NC_037882.1	k141_38023	79994	84.656	13862	1618	15350
NC_037882.1	k141_38023	79994	90.406	5837	466	7988
NC_037882.1	k141_38023	79994	81.743	7586	926	7418
NC_037882.1	k141_38023	79994	82.608	5836	714	5932
NC_037882.1	k141_38023	79994	88.273	3590	310	4569
NC_037882.1	k141_38023	79994	81.757	4166	533	4017
NC_037882.1	k141_38023	79994	80.288	4023	619	3580
NC_037882.1	k141_38023	79994	76.084	4775	635	3420
NC_037882.1	k141_38023	79994	87.146	2365	231	2853
NC_037882.1	k141_38023	79994	80.484	2644	320	2389
NC_037882.1	k141_38023	79994	83.325	2075	256	2178
NC_037882.1	k141_38023	79994	83.919	1965	259	2126
NC_037882.1	k141_38023	79994	83.248	1176	157	1193
NC_037882.1	k141_38023	79994	88.208	865	56	1120
NC_037882.1	k141_38023	79994	74.402	1422	236	873
NC_037882.1	k141_38023	79994	76.857	1158	181	829
NC_037882.1	k141_38023	79994	85.268	672	71	778
NC_037882.1	k141_38023	79994	76.139	1119	169	777
NC_037882.1	k141_38023	79994	74.457	783	114	489
NC_037882.1	k141_38023	79994	75.219	686	91	453
NC_037882.1	k141_38023	79994	72.818	699	111	408
NC_037882.1	k141_38023	79994	86.957	207	27	252
NC_037882.1	k141_38023	79994	81.951	205	24	206
NC_037882.1	k141_38023	79994	81.592	201	25	185
NC_037882.1	k141_38023	79994	88.966	145	13	179
NC_037882.1	k141_38023	79994	91.803	122	7	174
NC_037882.1	k141_38023	79994	90.566	106	10	147
NC_037882.1	k141_38023	79994	98.734	79	1	139
NC_037882.1	k141_38023	79994	95.181	83	4	132
NC_037882.1	k141_38023	79994	80.690	145	20	130
NC_037882.1	k141_38023	79994	81.746	126	23	124
NC_037882.1	k141_38023	79994	78.808	151	24	118
NC_037882.1	k141_38023	79994	83.784	111	7	116
NC_037882.1	k141_38023	79994	73.333	165	44	100
NC_037882.1	k141_38023	79994	73.239	142	28	81.5
NC_037882.1	k141_38023	79994	95.238	42	2	68.0
NC_037882.1	k141_38023	79994	97.436	39	1	67.1
NC_037882.1	k141_38023	79994	97.436	39	1	67.1
NC_037882.1	k141_71367	15050	83.459	2793	392	2914
NC_037882.1	k141_71367	15050	84.656	2092	254	2319
NC_037882.1	k141_71367	15050	81.486	2301	389	2182
NC_037882.1	k141_71367	15050	81.762	1623	217	1579
NC_037882.1	k141_71367	15050	80.739	1137	150	1072
NC_037882.1	k141_71367	15050	78.560	1236	202	1042
NC_037882.1	k141_71367	15050	68.279	1923	469	697
NC_037882.1	k141_71367	15050	72.091	928	224	471
NC_037882.1	k141_23651	860	73.450	742	177	410
NC_037882.1	k141_23651	860	73.450	742	177	410
NC_037882.1	k141_54975	418	83.880	366	43	400
NC_037882.1	k141_51619	840	75.049	513	117	341
NC_037882.1	k141_51619	840	75.049	513	117	341
NC_037882.1	k141_24669	1620	74.164	329	57	196
NC_037882.1	k141_24669	1620	74.164	329	57	196
NC_037882.1	k141_25692	465	94.681	94	4	144
NC_037882.1	k141_25692	465	94.681	94	4	144
NC_037882.1	k141_54833	837	96.429	84	3	139
NC_037882.1	k141_54833	837	96.429	84	3	139
NC_037882.1	k141_26370	948	98.718	78	1	137
NC_037882.1	k141_26370	948	98.718	78	1	137
NC_037882.1	k141_27442	665	71.967	239	27	130
NC_037882.1	k141_33351	486	92.208	77	6	113
NC_037882.1	k141_66123	417	93.243	74	5	112
NC_037882.1	k141_66123	417	93.243	74	5	112
NC_037882.1	k141_47776	337	98.305	59	1	103
NC_037882.1	k141_47776	337	98.305	59	1	103
NC_037882.1	k141_8380	725	96.000	50	2	82.4
NC_037882.1	k141_8380	725	96.000	50	2	82.4
NC_037882.1	k141_25372	1342	100.000	40	0	73.4
NC_037882.1	k141_25372	1342	100.000	40	0	73.4
NC_056190.1	k141_260	32149	94.057	9928	389	15246
NC_056190.1	k141_260	32149	94.057	9928	389	15246
NC_056190.1	k141_260	32149	90.451	6095	273	8453
NC_056190.1	k141_260	32149	90.451	6095	273	8453
NC_056190.1	k141_260	32149	83.020	7715	918	7946
NC_056190.1	k141_260	32149	91.913	4662	250	6742
NC_056190.1	k141_260	32149	91.913	4662	250	6742
NC_056190.1	k141_260	32149	92.777	3281	187	4845
NC_056190.1	k141_260	32149	92.375	1036	55	1517
NC_056190.1	k141_260	32149	92.375	1036	55	1517
NC_056190.1	k141_260	32149	70.648	1080	230	512
NC_056190.1	k141_260	32149	88.295	393	29	495
NC_056190.1	k141_260	32149	88.295	393	29	495
NC_056190.1	k141_260	32149	67.391	460	125	145
NC_056190.1	k141_260	32149	67.391	460	125	145
NC_056190.1	k141_260	32149	98.182	55	1	96.0
NC_056190.1	k141_260	32149	98.182	55	1	96.0
NC_056190.1	k141_260	32149	95.918	49	2	80.6
NC_056190.1	k141_260	32149	95.918	49	2	80.6
NC_056190.1	k141_260	32149	97.561	41	1	70.7
NC_056190.1	k141_260	32149	92.308	39	3	58.1
NC_056190.1	k141_38023	79994	84.120	13035	1710	14108
NC_056190.1	k141_38023	79994	87.348	9611	920	11852
NC_056190.1	k141_38023	79994	80.348	8335	1116	7572
NC_056190.1	k141_38023	79994	80.589	4245	572	3839
NC_056190.1	k141_38023	79994	81.418	3428	452	3302
NC_056190.1	k141_38023	79994	77.652	4054	666	3101
NC_056190.1	k141_38023	79994	74.208	4230	709	2631
NC_056190.1	k141_38023	79994	85.236	2032	243	2287
NC_056190.1	k141_38023	79994	80.388	2218	244	2022
NC_056190.1	k141_38023	79994	83.524	1924	282	2010
NC_056190.1	k141_38023	79994	79.070	1548	272	1347
NC_056190.1	k141_38023	79994	87.441	1059	105	1287
NC_056190.1	k141_38023	79994	76.278	1408	219	1016
NC_056190.1	k141_38023	79994	75.951	1235	211	885
NC_056190.1	k141_38023	79994	76.164	1095	187	748
NC_056190.1	k141_38023	79994	82.883	666	85	696
NC_056190.1	k141_38023	79994	71.357	1393	270	664
NC_056190.1	k141_38023	79994	72.871	951	158	548
NC_056190.1	k141_38023	79994	77.414	642	88	493
NC_056190.1	k141_38023	79994	86.510	341	39	406
NC_056190.1	k141_38023	79994	73.573	613	114	356
NC_056190.1	k141_38023	79994	74.818	413	71	270
NC_056190.1	k141_38023	79994	82.353	204	36	206
NC_056190.1	k141_38023	79994	83.069	189	23	201
NC_056190.1	k141_38023	79994	88.079	151	13	187
NC_056190.1	k141_38023	79994	96.809	94	3	157
NC_056190.1	k141_38023	79994	80.220	182	28	156
NC_056190.1	k141_38023	79994	89.831	118	9	153
NC_056190.1	k141_38023	79994	84.733	131	16	146
NC_056190.1	k141_38023	79994	97.500	80	2	136
NC_056190.1	k141_38023	79994	98.630	73	1	128
NC_056190.1	k141_38023	79994	76.364	165	39	123
NC_056190.1	k141_38023	79994	77.483	151	19	120
NC_056190.1	k141_38023	79994	75.152	165	41	113
NC_056190.1	k141_38023	79994	82.883	111	8	112
NC_056190.1	k141_38023	79994	77.692	130	26	94.2
NC_056190.1	k141_38023	79994	77.320	97	18	76.1
NC_056190.1	k141_38023	79994	77.895	95	20	74.3
NC_056190.1	k141_38023	79994	84.127	63	7	68.0
NC_056190.1	k141_38023	79994	95.238	42	2	68.0
NC_056190.1	k141_38023	79994	97.436	39	1	67.1
NC_056190.1	k141_38023	79994	97.436	39	1	67.1
NC_056190.1	k141_38023	79994	94.737	38	2	60.8
NC_056190.1	k141_71367	15050	77.732	3431	574	2690
NC_056190.1	k141_71367	15050	75.485	2321	365	1634
NC_056190.1	k141_71367	15050	68.537	2940	730	1047
NC_056190.1	k141_71367	15050	75.748	1270	219	915
NC_056190.1	k141_71367	15050	82.674	733	100	738
NC_056190.1	k141_71367	15050	83.212	137	23	144
NC_056190.1	k141_71367	15050	82.963	135	22	137
NC_056190.1	k141_23651	860	73.572	753	179	421
NC_056190.1	k141_23651	860	73.572	753	179	421
NC_056190.1	k141_54975	418	80.759	369	54	343
NC_056190.1	k141_51619	840	75.049	513	117	341
NC_056190.1	k141_51619	840	75.049	513	117	341
NC_056190.1	k141_24669	1620	74.468	329	56	200
NC_056190.1	k141_24669	1620	74.468	329	56	200
NC_056190.1	k141_54833	837	95.238	84	4	134
NC_056190.1	k141_54833	837	95.238	84	4	134
NC_056190.1	k141_26370	948	94.872	78	4	123
NC_056190.1	k141_26370	948	94.872	78	4	123
NC_056190.1	k141_66123	417	93.243	74	5	112
NC_056190.1	k141_66123	417	93.243	74	5	112
NC_056190.1	k141_33351	486	91.667	72	6	104
NC_056190.1	k141_47776	337	98.305	59	1	103
NC_056190.1	k141_47776	337	98.305	59	1	103
NC_056190.1	k141_25692	465	82.979	94	6	103
NC_056190.1	k141_25692	465	82.979	94	6	103
NC_056190.1	k141_27442	665	76.159	151	24	95.1
NC_056190.1	k141_25372	1342	97.500	40	1	68.9
NC_056190.1	k141_25372	1342	97.500	40	1	68.9
NC_056190.1	k141_58291	402	83.784	37	6	41.0
MN564931.1	k141_38023	79994	84.779	12851	1602	14347
MN564931.1	k141_38023	79994	86.714	9484	910	11486
MN564931.1	k141_38023	79994	79.982	6634	867	5937
MN564931.1	k141_38023	79994	80.566	5583	731	5185
MN564931.1	k141_38023	79994	80.914	4003	542	3714
MN564931.1	k141_38023	79994	78.474	4088	685	3293
MN564931.1	k141_38023	79994	74.188	3479	616	2088
MN564931.1	k141_38023	79994	80.697	2238	310	2059
MN564931.1	k141_38023	79994	82.893	1894	275	1937
MN564931.1	k141_38023	79994	79.098	2306	323	1913
MN564931.1	k141_38023	79994	81.349	1839	274	1756
MN564931.1	k141_38023	79994	78.444	1568	274	1272
MN564931.1	k141_38023	79994	86.111	1044	95	1243
MN564931.1	k141_38023	79994	77.085	1187	174	891
MN564931.1	k141_38023	79994	81.504	665	87	664
MN564931.1	k141_38023	79994	75.613	857	130	567
MN564931.1	k141_38023	79994	74.507	761	119	499
MN564931.1	k141_38023	79994	72.328	842	114	463
MN564931.1	k141_38023	79994	78.066	579	81	446
MN564931.1	k141_38023	79994	74.576	649	98	434
MN564931.1	k141_38023	79994	69.940	672	90	317
MN564931.1	k141_38023	79994	80.233	344	55	308
MN564931.1	k141_38023	79994	84.651	215	20	247
MN564931.1	k141_38023	79994	70.652	460	65	235
MN564931.1	k141_38023	79994	85.024	207	31	234
MN564931.1	k141_38023	79994	79.545	264	44	233
MN564931.1	k141_38023	79994	75.646	271	47	173
MN564931.1	k141_38023	79994	87.324	142	17	172
MN564931.1	k141_38023	79994	92.079	101	8	147
MN564931.1	k141_38023	79994	98.780	82	1	144
MN564931.1	k141_38023	79994	87.719	114	9	139
MN564931.1	k141_38023	79994	92.308	91	7	133
MN564931.1	k141_38023	79994	65.700	586	183	132
MN564931.1	k141_38023	79994	85.714	119	10	132
MN564931.1	k141_38023	79994	84.545	110	8	117
MN564931.1	k141_38023	79994	73.333	165	44	100
MN564931.1	k141_38023	79994	75.000	124	26	80.6
MN564931.1	k141_38023	79994	97.619	42	1	72.5
MN564931.1	k141_38023	79994	100.000	39	0	71.6
MN564931.1	k141_38023	79994	100.000	39	0	71.6
MN564931.1	k141_38023	79994	69.412	170	50	66.2
MN564931.1	k141_38023	79994	82.979	47	8	50.0
MN564931.1	k141_260	32149	93.411	9212	364	13866
MN564931.1	k141_260	32149	93.411	9212	364	13866
MN564931.1	k141_260	32149	90.674	6155	264	8616
MN564931.1	k141_260	32149	90.674	6155	264	8616
MN564931.1	k141_260	32149	89.354	2893	237	3812
MN564931.1	k141_260	32149	91.496	2293	138	3250
MN564931.1	k141_260	32149	85.268	2783	267	3201
MN564931.1	k141_260	32149	85.268	2783	267	3201
MN564931.1	k141_260	32149	85.075	1206	111	1404
MN564931.1	k141_260	32149	85.075	1206	111	1404
MN564931.1	k141_260	32149	75.735	2007	328	1388
MN564931.1	k141_260	32149	90.992	988	77	1379
MN564931.1	k141_260	32149	90.992	988	77	1379
MN564931.1	k141_260	32149	86.842	684	45	838
MN564931.1	k141_260	32149	86.842	684	45	838
MN564931.1	k141_260	32149	86.910	657	86	798
MN564931.1	k141_260	32149	85.612	556	61	642
MN564931.1	k141_260	32149	85.612	556	61	642
MN564931.1	k141_260	32149	81.155	658	97	621
MN564931.1	k141_260	32149	86.789	492	29	600
MN564931.1	k141_260	32149	86.789	492	29	600
MN564931.1	k141_260	32149	85.714	490	46	568
MN564931.1	k141_260	32149	85.714	490	46	568
MN564931.1	k141_260	32149	74.753	507	92	352
MN564931.1	k141_260	32149	74.753	507	92	352
MN564931.1	k141_260	32149	79.891	368	41	347
MN564931.1	k141_260	32149	79.891	368	41	347
MN564931.1	k141_260	32149	74.706	170	38	104
MN564931.1	k141_260	32149	74.706	170	38	104
MN564931.1	k141_260	32149	98.182	55	1	96.0
MN564931.1	k141_260	32149	98.182	55	1	96.0
MN564931.1	k141_260	32149	100.000	42	0	77.0
MN564931.1	k141_260	32149	88.679	53	5	66.2
MN564931.1	k141_260	32149	88.679	53	5	66.2
MN564931.1	k141_260	32149	92.857	42	3	63.5
MN564931.1	k141_260	32149	94.737	38	2	60.8
MN564931.1	k141_260	32149	94.737	38	2	60.8
MN564931.1	k141_71367	15050	80.716	3993	602	3670
MN564931.1	k141_71367	15050	80.160	2868	460	2562
MN564931.1	k141_71367	15050	78.021	2234	450	1799
MN564931.1	k141_71367	15050	82.744	1385	189	1430
MN564931.1	k141_71367	15050	83.418	591	95	618
MN564931.1	k141_71367	15050	76.415	636	127	447
MN564931.1	k141_71367	15050	76.415	636	127	447
MN564931.1	k141_71367	15050	70.075	929	212	419
MN564931.1	k141_71367	15050	70.075	929	212	419
MN564931.1	k141_71367	15050	69.408	304	72	117
MN564931.1	k141_71367	15050	69.408	304	72	117
MN564931.1	k141_71367	15050	79.167	72	15	63.5
MN564931.1	k141_71367	15050	79.167	72	15	63.5
MN564931.1	k141_71367	15050	78.000	50	11	41.9
MN564931.1	k141_23651	860	72.506	822	193	417
MN564931.1	k141_23651	860	72.506	822	193	417
MN564931.1	k141_51619	840	74.464	513	120	327
MN564931.1	k141_51619	840	74.464	513	120	327
MN564931.1	k141_54975	418	79.282	362	67	309
MN564931.1	k141_24669	1620	74.769	325	62	199
MN564931.1	k141_24669	1620	74.769	325	62	199
MN564931.1	k141_54833	837	97.590	83	2	141
MN564931.1	k141_54833	837	97.590	83	2	141
MN564931.1	k141_26370	948	98.718	78	1	137
MN564931.1	k141_26370	948	98.718	78	1	137
MN564931.1	k141_33351	486	92.857	84	4	123
MN564931.1	k141_66123	417	93.056	72	5	108
MN564931.1	k141_66123	417	93.056	72	5	108
MN564931.1	k141_47776	337	98.305	59	1	103
MN564931.1	k141_47776	337	98.305	59	1	103
MN564931.1	k141_25692	465	88.158	76	6	96.0
MN564931.1	k141_25692	465	88.158	76	6	96.0
MN564931.1	k141_27442	665	65.948	232	41	70.7
MN564931.1	k141_31625	725	91.667	36	3	52.7
MN564931.1	k141_31625	725	91.667	36	3	52.7
NC_031651.1	k141_260	32149	95.659	20618	477	33227
NC_031651.1	k141_260	32149	95.659	20618	477	33227
NC_031651.1	k141_260	32149	90.179	7718	394	10523
NC_031651.1	k141_260	32149	97.422	3181	66	5359
NC_031651.1	k141_260	32149	86.241	1628	194	1931
NC_031651.1	k141_260	32149	95.367	1036	33	1653
NC_031651.1	k141_260	32149	95.367	1036	33	1653
NC_031651.1	k141_260	32149	80.742	971	157	909
NC_031651.1	k141_260	32149	86.000	100	7	115
NC_031651.1	k141_260	32149	82.955	88	7	95.1
NC_031651.1	k141_260	32149	97.959	49	1	85.1
NC_031651.1	k141_260	32149	97.959	49	1	85.1
NC_031651.1	k141_260	32149	91.525	59	1	84.2
NC_031651.1	k141_260	32149	91.525	59	1	84.2
NC_031651.1	k141_260	32149	91.379	58	5	83.3
NC_031651.1	k141_260	32149	97.619	42	1	72.5
NC_031651.1	k141_260	32149	84.000	50	6	48.2
NC_031651.1	k141_260	32149	84.000	50	6	48.2
NC_031651.1	k141_38023	79994	89.916	13863	1002	18744
NC_031651.1	k141_38023	79994	89.163	13150	895	17232
NC_031651.1	k141_38023	79994	85.528	14621	1286	16729
NC_031651.1	k141_38023	79994	88.650	4652	282	6051
NC_031651.1	k141_38023	79994	85.830	4446	464	5107
NC_031651.1	k141_38023	79994	84.132	4109	420	4464
NC_031651.1	k141_38023	79994	90.677	2982	216	4095
NC_031651.1	k141_38023	79994	86.547	2334	202	2760
NC_031651.1	k141_38023	79994	87.988	1715	156	2169
NC_031651.1	k141_38023	79994	83.139	1459	140	1497
NC_031651.1	k141_38023	79994	83.749	1403	139	1462
NC_031651.1	k141_38023	79994	86.789	1143	93	1366
NC_031651.1	k141_38023	79994	85.702	1133	84	1276
NC_031651.1	k141_38023	79994	79.822	1234	147	1056
NC_031651.1	k141_38023	79994	72.538	1777	189	1040
NC_031651.1	k141_38023	79994	83.550	845	77	900
NC_031651.1	k141_38023	79994	78.465	1003	129	806
NC_031651.1	k141_38023	79994	82.869	718	92	710
NC_031651.1	k141_38023	79994	75.276	453	43	316
NC_031651.1	k141_38023	79994	72.941	595	73	315
NC_031651.1	k141_38023	79994	81.703	317	20	314
NC_031651.1	k141_38023	79994	87.037	216	28	264
NC_031651.1	k141_38023	79994	83.146	178	17	180
NC_031651.1	k141_38023	79994	78.922	204	20	178
NC_031651.1	k141_38023	79994	81.287	171	13	159
NC_031651.1	k141_38023	79994	83.108	148	16	145
NC_031651.1	k141_38023	79994	71.886	281	45	128
NC_031651.1	k141_38023	79994	86.000	100	7	115
NC_031651.1	k141_38023	79994	74.545	165	42	109
NC_031651.1	k141_38023	79994	76.712	146	32	104
NC_031651.1	k141_38023	79994	73.333	165	44	100
NC_031651.1	k141_38023	79994	100.000	39	0	71.6
NC_031651.1	k141_38023	79994	100.000	39	0	71.6
NC_031651.1	k141_38023	79994	95.238	42	2	68.0
NC_031651.1	k141_38023	79994	97.436	39	1	67.1
NC_031651.1	k141_38023	79994	80.952	42	8	41.0
NC_031651.1	k141_71367	15050	81.939	7768	984	7692
NC_031651.1	k141_71367	15050	85.972	4042	423	4661
NC_031651.1	k141_71367	15050	86.331	2246	267	2663
NC_031651.1	k141_71367	15050	87.500	656	67	814
NC_031651.1	k141_71367	15050	80.576	139	27	130
NC_031651.1	k141_23651	860	72.628	822	192	422
NC_031651.1	k141_23651	860	72.628	822	192	422
NC_031651.1	k141_51619	840	74.854	513	118	336
NC_031651.1	k141_51619	840	74.854	513	118	336
NC_031651.1	k141_54975	418	79.427	384	53	334
NC_031651.1	k141_52592	382	75.568	352	62	238
NC_031651.1	k141_24669	1620	73.846	325	65	195
NC_031651.1	k141_24669	1620	73.846	325	65	195
NC_031651.1	k141_25692	465	96.842	95	2	155
NC_031651.1	k141_25692	465	96.842	95	2	155
NC_031651.1	k141_26370	948	98.718	78	1	137
NC_031651.1	k141_26370	948	98.718	78	1	137
NC_031651.1	k141_54833	837	95.238	84	4	134
NC_031651.1	k141_54833	837	95.238	84	4	134
NC_031651.1	k141_27442	665	71.008	238	31	126
NC_031651.1	k141_66123	417	93.243	74	5	112
NC_031651.1	k141_66123	417	93.243	74	5	112
NC_031651.1	k141_33351	486	89.610	77	8	104
NC_031651.1	k141_47776	337	98.305	59	1	103
NC_031651.1	k141_47776	337	98.305	59	1	103
NC_031651.1	k141_8380	725	96.000	50	2	82.4
NC_031651.1	k141_8380	725	96.000	50	2	82.4
NC_031651.1	k141_25372	1342	100.000	40	0	73.4
NC_031651.1	k141_25372	1342	100.000	40	0	73.4
MW366789.1	k141_38023	79994	80.749	8363	1361	7769
MW366789.1	k141_38023	79994	89.053	5216	515	6820
MW366789.1	k141_38023	79994	89.053	5216	515	6820
MW366789.1	k141_38023	79994	79.770	5739	851	5008
MW366789.1	k141_38023	79994	90.558	2616	231	3592
MW366789.1	k141_38023	79994	77.034	3540	621	2640
MW366789.1	k141_38023	79994	77.276	3142	605	2393
MW366789.1	k141_38023	79994	76.506	3137	581	2296
MW366789.1	k141_38023	79994	85.722	1919	264	2222
MW366789.1	k141_38023	79994	84.751	1810	242	1984
MW366789.1	k141_38023	79994	80.701	1855	276	1734
MW366789.1	k141_38023	79994	77.320	1918	381	1480
MW366789.1	k141_38023	79994	78.667	1711	260	1387
MW366789.1	k141_38023	79994	85.996	1014	126	1168
MW366789.1	k141_38023	79994	77.015	1005	176	736
MW366789.1	k141_38023	79994	73.647	1127	230	669
MW366789.1	k141_38023	79994	79.442	681	125	580
MW366789.1	k141_38023	79994	73.431	685	120	426
MW366789.1	k141_38023	79994	83.294	419	62	421
MW366789.1	k141_38023	79994	73.286	700	127	407
MW366789.1	k141_38023	79994	71.676	692	112	373
MW366789.1	k141_38023	79994	76.015	517	118	366
MW366789.1	k141_38023	79994	76.433	471	111	350
MW366789.1	k141_38023	79994	78.220	427	50	350
MW366789.1	k141_38023	79994	78.220	427	50	350
MW366789.1	k141_38023	79994	85.668	307	37	340
MW366789.1	k141_38023	79994	80.168	358	63	315
MW366789.1	k141_38023	79994	72.072	555	90	289
MW366789.1	k141_38023	79994	75.949	395	81	266
MW366789.1	k141_38023	79994	82.731	249	36	249
MW366789.1	k141_38023	79994	69.113	654	151	243
MW366789.1	k141_38023	79994	82.800	250	34	234
MW366789.1	k141_38023	79994	78.161	261	28	227
MW366789.1	k141_38023	79994	87.719	171	20	211
MW366789.1	k141_38023	79994	67.973	587	165	187
MW366789.1	k141_38023	79994	67.973	587	165	187
MW366789.1	k141_38023	79994	75.089	281	62	186
MW366789.1	k141_38023	79994	73.204	362	69	183
MW366789.1	k141_38023	79994	83.425	181	25	183
MW366789.1	k141_38023	79994	87.417	151	14	178
MW366789.1	k141_38023	79994	78.922	204	43	175
MW366789.1	k141_38023	79994	91.270	126	6	169
MW366789.1	k141_38023	79994	75.794	252	48	165
MW366789.1	k141_38023	79994	86.765	136	11	162
MW366789.1	k141_38023	79994	85.517	145	19	160
MW366789.1	k141_38023	79994	87.931	116	14	147
MW366789.1	k141_38023	79994	100.000	79	0	143
MW366789.1	k141_38023	79994	100.000	79	0	143
MW366789.1	k141_38023	79994	91.837	98	5	140
MW366789.1	k141_38023	79994	85.827	127	12	136
MW366789.1	k141_38023	79994	77.844	167	28	134
MW366789.1	k141_38023	79994	91.398	93	7	129
MW366789.1	k141_38023	79994	86.239	109	14	126
MW366789.1	k141_38023	79994	75.758	165	40	118
MW366789.1	k141_38023	79994	75.758	165	40	118
MW366789.1	k141_38023	79994	92.500	80	6	118
MW366789.1	k141_38023	79994	81.452	124	21	118
MW366789.1	k141_38023	79994	79.545	132	27	117
MW366789.1	k141_38023	79994	80.159	126	25	115
MW366789.1	k141_38023	79994	80.159	126	25	115
MW366789.1	k141_38023	79994	88.235	85	10	109
MW366789.1	k141_38023	79994	84.848	99	9	108
MW366789.1	k141_38023	79994	91.781	73	5	102
MW366789.1	k141_38023	79994	87.671	73	9	92.4
MW366789.1	k141_38023	79994	77.586	116	13	91.5
MW366789.1	k141_38023	79994	85.135	74	11	85.1
MW366789.1	k141_38023	79994	85.135	74	11	85.1
MW366789.1	k141_38023	79994	97.436	39	1	67.1
MW366789.1	k141_38023	79994	97.436	39	1	67.1
MW366789.1	k141_38023	79994	83.019	53	9	56.3
MW366789.1	k141_38023	79994	83.019	53	9	56.3
MW366789.1	k141_38023	79994	68.217	129	41	49.1
MW366789.1	k141_38023	79994	68.217	129	41	49.1
MW366789.1	k141_260	32149	91.039	5256	322	7305
MW366789.1	k141_260	32149	91.039	5256	322	7305
MW366789.1	k141_260	32149	89.137	4658	372	6096
MW366789.1	k141_260	32149	89.137	4658	372	6096
MW366789.1	k141_260	32149	91.375	1797	105	2543
MW366789.1	k141_260	32149	91.375	1797	105	2543
MW366789.1	k141_260	32149	89.754	1747	133	2341
MW366789.1	k141_260	32149	89.697	1747	134	2336
MW366789.1	k141_260	32149	82.418	1001	157	998
MW366789.1	k141_260	32149	82.938	633	62	656
MW366789.1	k141_260	32149	82.938	633	62	656
MW366789.1	k141_260	32149	84.679	483	31	550
MW366789.1	k141_260	32149	84.679	483	31	550
MW366789.1	k141_260	32149	84.679	483	31	550
MW366789.1	k141_260	32149	68.189	1314	282	433
MW366789.1	k141_260	32149	75.696	539	101	382
MW366789.1	k141_260	32149	83.041	342	37	352
MW366789.1	k141_260	32149	83.041	342	37	352
MW366789.1	k141_260	32149	79.421	311	40	268
MW366789.1	k141_260	32149	90.805	174	16	242
MW366789.1	k141_260	32149	90.805	174	16	242
MW366789.1	k141_260	32149	75.000	356	86	240
MW366789.1	k141_260	32149	96.350	137	5	225
MW366789.1	k141_260	32149	96.350	137	5	225
MW366789.1	k141_260	32149	75.728	309	51	224
MW366789.1	k141_260	32149	91.667	144	12	206
MW366789.1	k141_260	32149	91.667	144	12	206
MW366789.1	k141_260	32149	74.434	309	55	205
MW366789.1	k141_260	32149	85.714	147	21	171
MW366789.1	k141_260	32149	81.395	172	18	166
MW366789.1	k141_260	32149	81.395	172	18	166
MW366789.1	k141_260	32149	77.487	191	27	161
MW366789.1	k141_260	32149	77.487	191	27	161
MW366789.1	k141_260	32149	84.028	144	11	160
MW366789.1	k141_260	32149	84.028	144	11	159
MW366789.1	k141_260	32149	92.391	92	7	135
MW366789.1	k141_260	32149	92.391	92	7	135
MW366789.1	k141_260	32149	97.959	49	1	85.1
MW366789.1	k141_260	32149	97.959	49	1	85.1
MW366789.1	k141_260	32149	94.118	51	3	79.7
MW366789.1	k141_260	32149	94.118	51	3	79.7
MW366789.1	k141_260	32149	89.796	49	5	67.1
MW366789.1	k141_260	32149	89.796	49	5	67.1
MW366789.1	k141_260	32149	89.796	49	5	67.1
MW366789.1	k141_260	32149	94.737	38	2	60.8
MW366789.1	k141_260	32149	79.245	53	11	47.3
MW366789.1	k141_260	32149	79.245	53	11	47.3
MW366789.1	k141_260	32149	77.358	53	12	42.8
MW366789.1	k141_260	32149	77.358	53	12	42.8
MW366789.1	k141_260	32149	77.358	53	12	42.8
MW366789.1	k141_260	32149	77.358	53	12	42.8
MW366789.1	k141_260	32149	77.358	53	12	42.8
MW366789.1	k141_71367	15050	82.219	2767	412	2741
MW366789.1	k141_71367	15050	82.219	2767	412	2741
MW366789.1	k141_71367	15050	78.983	2046	374	1744
MW366789.1	k141_71367	15050	75.210	2263	488	1542
MW366789.1	k141_71367	15050	83.961	1434	201	1535
MW366789.1	k141_71367	15050	83.961	1434	201	1535
MW366789.1	k141_71367	15050	76.307	1186	242	849
MW366789.1	k141_71367	15050	81.587	668	110	636
MW366789.1	k141_71367	15050	81.587	668	110	636
MW366789.1	k141_71367	15050	79.495	317	65	279
MW366789.1	k141_23651	860	74.163	747	166	439
MW366789.1	k141_23651	860	74.163	747	166	439
MW366789.1	k141_51619	840	73.888	517	116	324
MW366789.1	k141_51619	840	73.888	517	116	324
MW366789.1	k141_54975	418	78.012	332	48	266
MW366789.1	k141_24669	1620	75.385	325	62	206
MW366789.1	k141_24669	1620	75.385	325	62	206
MW366789.1	k141_26370	948	93.590	78	5	119
MW366789.1	k141_26370	948	93.590	78	5	119
MW366789.1	k141_54833	837	94.667	75	4	118
MW366789.1	k141_54833	837	94.667	75	4	118
MW366789.1	k141_33351	486	90.411	73	7	101
MW366789.1	k141_47776	337	91.525	59	5	85.1
MW366789.1	k141_47776	337	91.525	59	5	85.1
MW366789.1	k141_25692	465	85.714	70	5	82.4
MW366789.1	k141_25692	465	85.714	70	5	82.4
KT899950.1	k141_260	32149	91.063	19135	1023	26864
KT899950.1	k141_260	32149	93.334	17192	639	25889
KT899950.1	k141_260	32149	95.220	4623	194	7348
KT899950.1	k141_260	32149	95.220	4623	194	7348
KT899950.1	k141_260	32149	85.772	5728	482	6708
KT899950.1	k141_260	32149	94.099	3203	128	4930
KT899950.1	k141_260	32149	82.395	1829	214	1859
KT899950.1	k141_260	32149	92.293	1038	62	1510
KT899950.1	k141_260	32149	92.293	1038	62	1510
KT899950.1	k141_260	32149	96.364	55	2	91.5
KT899950.1	k141_260	32149	96.364	55	2	91.5
KT899950.1	k141_260	32149	95.918	49	2	80.6
KT899950.1	k141_260	32149	95.918	49	2	80.6
KT899950.1	k141_260	32149	94.872	39	2	62.6
KT899950.1	k141_38023	79994	84.878	13781	1572	15392
KT899950.1	k141_38023	79994	81.212	8979	1096	8467
KT899950.1	k141_38023	79994	90.736	5786	476	8005
KT899950.1	k141_38023	79994	92.436	2631	182	3850
KT899950.1	k141_38023	79994	81.633	3577	446	3477
KT899950.1	k141_38023	79994	86.253	2306	221	2745
KT899950.1	k141_38023	79994	82.060	2291	268	2269
KT899950.1	k141_38023	79994	83.529	2125	263	2248
KT899950.1	k141_38023	79994	85.189	1931	204	2186
KT899950.1	k141_38023	79994	82.689	2045	288	2085
KT899950.1	k141_38023	79994	83.111	1871	254	1939
KT899950.1	k141_38023	79994	88.922	1327	118	1730
KT899950.1	k141_38023	79994	79.214	1934	356	1641
KT899950.1	k141_38023	79994	88.007	1134	108	1408
KT899950.1	k141_38023	79994	84.679	1201	157	1348
KT899950.1	k141_38023	79994	80.584	1164	180	1055
KT899950.1	k141_38023	79994	74.900	1502	221	966
KT899950.1	k141_38023	79994	81.579	988	127	935
KT899950.1	k141_38023	79994	85.910	731	83	841
KT899950.1	k141_38023	79994	82.739	701	93	731
KT899950.1	k141_38023	79994	80.851	658	91	606
KT899950.1	k141_38023	79994	78.947	684	75	580
KT899950.1	k141_38023	79994	75.116	860	139	542
KT899950.1	k141_38023	79994	75.464	701	107	489
KT899950.1	k141_38023	79994	76.462	650	95	472
KT899950.1	k141_38023	79994	74.249	699	95	432
KT899950.1	k141_38023	79994	85.311	354	37	400
KT899950.1	k141_38023	79994	72.740	697	106	387
KT899950.1	k141_38023	79994	77.049	427	69	315
KT899950.1	k141_38023	79994	85.057	261	32	293
KT899950.1	k141_38023	79994	76.179	403	61	272
KT899950.1	k141_38023	79994	85.784	204	29	238
KT899950.1	k141_38023	79994	76.780	323	61	231
KT899950.1	k141_38023	79994	83.028	218	25	224
KT899950.1	k141_38023	79994	66.535	759	190	178
KT899950.1	k141_38023	79994	88.489	139	8	173
KT899950.1	k141_38023	79994	77.232	224	33	168
KT899950.1	k141_38023	79994	93.519	108	4	162
KT899950.1	k141_38023	79994	79.310	174	24	150
KT899950.1	k141_38023	79994	88.430	121	12	149
KT899950.1	k141_38023	79994	100.000	78	0	141
KT899950.1	k141_38023	79994	72.277	303	63	138
KT899950.1	k141_38023	79994	84.545	110	7	123
KT899950.1	k141_38023	79994	75.152	165	41	113
KT899950.1	k141_38023	79994	77.686	121	27	97.8
KT899950.1	k141_38023	79994	80.233	86	12	75.2
KT899950.1	k141_38023	79994	100.000	39	0	71.6
KT899950.1	k141_38023	79994	100.000	39	0	71.6
KT899950.1	k141_71367	15050	75.978	6132	1110	4304
KT899950.1	k141_71367	15050	81.254	3542	474	3395
KT899950.1	k141_71367	15050	81.915	2350	338	2266
KT899950.1	k141_71367	15050	81.649	2256	386	2192
KT899950.1	k141_71367	15050	88.372	344	40	441
KT899950.1	k141_23651	860	74.124	742	172	433
KT899950.1	k141_23651	860	74.124	742	172	433
KT899950.1	k141_54975	418	86.667	360	40	427
KT899950.1	k141_51619	840	74.854	513	118	336
KT899950.1	k141_51619	840	74.854	513	118	336
KT899950.1	k141_24669	1620	74.468	329	56	200
KT899950.1	k141_24669	1620	74.468	329	56	200
KT899950.1	k141_27442	665	73.305	236	25	154
KT899950.1	k141_26370	948	98.718	78	1	137
KT899950.1	k141_26370	948	98.718	78	1	137
KT899950.1	k141_54833	837	96.386	83	3	137
KT899950.1	k141_54833	837	96.386	83	3	137
KT899950.1	k141_25692	465	89.130	92	5	117
KT899950.1	k141_25692	465	89.130	92	5	117
KT899950.1	k141_66123	417	91.892	74	6	107
KT899950.1	k141_66123	417	91.892	74	6	107
KT899950.1	k141_47776	337	98.305	59	1	103
KT899950.1	k141_47776	337	98.305	59	1	103
KT899950.1	k141_33351	486	85.882	85	12	100
KT899950.1	k141_8380	725	87.273	55	2	68.9
KT899950.1	k141_8380	725	87.273	55	2	68.9
KT899950.1	k141_25372	1342	97.500	40	1	68.9
KT899950.1	k141_25372	1342	97.500	40	1	68.9
KT899950.1	k141_66851	488	86.486	37	5	45.5
GU191334.1	k141_260	32149	88.952	3720	300	4830
GU191334.1	k141_260	32149	88.952	3720	300	4830
GU191334.1	k141_260	32149	85.880	2677	235	3068
GU191334.1	k141_260	32149	85.880	2677	235	3068
GU191334.1	k141_260	32149	78.937	997	153	827
GU191334.1	k141_260	32149	78.937	997	153	827
GU191334.1	k141_260	32149	75.976	666	153	469
GU191334.1	k141_260	32149	68.070	1259	340	456
GU191334.1	k141_260	32149	79.060	468	96	396
GU191334.1	k141_260	32149	78.553	387	80	318
GU191334.1	k141_260	32149	75.566	442	108	311
GU191334.1	k141_260	32149	72.519	524	144	297
GU191334.1	k141_260	32149	77.922	308	68	250
GU191334.1	k141_260	32149	93.671	79	5	121
GU191334.1	k141_260	32149	93.671	79	5	121
GU191334.1	k141_260	32149	90.476	84	8	116
GU191334.1	k141_260	32149	92.000	75	6	109
GU191334.1	k141_260	32149	92.000	75	6	109
GU191334.1	k141_260	32149	87.838	74	9	94.2
GU191334.1	k141_38023	79994	81.593	4520	829	4395
GU191334.1	k141_38023	79994	81.207	2735	466	2591
GU191334.1	k141_38023	79994	69.489	3638	1053	1496
GU191334.1	k141_38023	79994	81.238	1567	289	1488
GU191334.1	k141_38023	79994	78.219	1786	384	1450
GU191334.1	k141_38023	79994	72.582	2626	609	1442
GU191334.1	k141_38023	79994	82.032	1447	260	1438
GU191334.1	k141_38023	79994	88.992	1081	117	1411
GU191334.1	k141_38023	79994	83.333	708	114	736
GU191334.1	k141_38023	79994	73.466	1108	274	646
GU191334.1	k141_38023	79994	70.884	1312	356	627
GU191334.1	k141_38023	79994	75.111	904	194	600
GU191334.1	k141_38023	79994	75.431	871	210	592
GU191334.1	k141_38023	79994	77.825	708	150	554
GU191334.1	k141_38023	79994	81.982	555	93	544
GU191334.1	k141_38023	79994	74.490	784	163	510
GU191334.1	k141_38023	79994	68.481	1415	360	489
GU191334.1	k141_38023	79994	75.040	621	105	404
GU191334.1	k141_38023	79994	73.235	680	176	394
GU191334.1	k141_38023	79994	72.869	704	178	385
GU191334.1	k141_38023	79994	78.032	437	92	351
GU191334.1	k141_38023	79994	83.268	257	43	270
GU191334.1	k141_38023	79994	68.563	668	206	244
GU191334.1	k141_38023	79994	72.530	415	114	235
GU191334.1	k141_38023	79994	75.884	311	75	224
GU191334.1	k141_38023	79994	71.154	468	109	219
GU191334.1	k141_38023	79994	78.866	194	41	166
GU191334.1	k141_38023	79994	66.970	439	116	156
GU191334.1	k141_38023	79994	75.000	224	56	152
GU191334.1	k141_38023	79994	77.540	187	42	149
GU191334.1	k141_38023	79994	75.799	219	49	147
GU191334.1	k141_38023	79994	66.796	515	160	128
GU191334.1	k141_38023	79994	97.333	75	2	127
GU191334.1	k141_38023	79994	92.045	88	6	124
GU191334.1	k141_38023	79994	97.260	73	2	123
GU191334.1	k141_38023	79994	90.805	87	8	122
GU191334.1	k141_38023	79994	89.130	92	6	121
GU191334.1	k141_38023	79994	93.671	79	5	121
GU191334.1	k141_38023	79994	79.412	136	28	120
GU191334.1	k141_38023	79994	95.890	73	3	119
GU191334.1	k141_38023	79994	93.421	76	5	115
GU191334.1	k141_38023	79994	88.172	93	10	115
GU191334.1	k141_38023	79994	78.358	134	29	112
GU191334.1	k141_38023	79994	77.027	148	33	111
GU191334.1	k141_38023	79994	89.412	85	7	111
GU191334.1	k141_38023	79994	89.157	83	9	110
GU191334.1	k141_38023	79994	91.892	74	6	107
GU191334.1	k141_38023	79994	77.863	131	29	106
GU191334.1	k141_38023	79994	77.863	131	28	103
GU191334.1	k141_38023	79994	77.778	126	28	102
GU191334.1	k141_38023	79994	76.552	145	24	100
GU191334.1	k141_38023	79994	88.158	76	9	97.8
GU191334.1	k141_38023	79994	78.195	133	23	97.8
GU191334.1	k141_38023	79994	82.292	96	17	97.8
GU191334.1	k141_38023	79994	78.505	107	23	90.6
GU191334.1	k141_38023	79994	85.915	71	10	84.2
GU191334.1	k141_38023	79994	81.395	86	16	84.2
GU191334.1	k141_38023	79994	85.000	60	6	67.1
GU191334.1	k141_38023	79994	84.091	44	7	49.1
GU191334.1	k141_71367	15050	75.888	1746	399	1235
GU191334.1	k141_71367	15050	75.453	1104	255	753
GU191334.1	k141_71367	15050	70.905	1447	411	703
GU191334.1	k141_71367	15050	73.828	1173	248	682
GU191334.1	k141_71367	15050	68.414	782	212	293
GU191334.1	k141_71367	15050	79.920	249	50	224
GU191334.1	k141_71367	15050	73.913	299	78	188
GU191334.1	k141_71367	15050	67.573	478	134	133
GU191334.1	k141_71367	15050	92.593	81	6	120
GU191334.1	k141_71367	15050	76.364	110	26	82.4
GU191334.1	k141_71367	15050	72.993	137	33	71.6
GU191334.1	k141_23651	860	74.138	754	173	438
GU191334.1	k141_23651	860	74.138	754	173	438
GU191334.1	k141_51619	840	74.609	512	121	328
GU191334.1	k141_51619	840	74.609	512	121	328
GU191334.1	k141_24669	1620	74.154	325	64	195
GU191334.1	k141_24669	1620	74.154	325	64	195
GU191334.1	k141_47776	337	96.552	58	2	96.9
GU191334.1	k141_47776	337	96.552	58	2	96.9
GU191334.1	k141_54833	837	87.838	74	9	94.2
GU191334.1	k141_54833	837	87.838	74	9	94.2
GU191334.1	k141_25692	465	97.778	45	1	77.9
GU191334.1	k141_25692	465	97.778	45	1	77.9
GU191334.1	k141_26370	948	80.000	75	15	68.9
GU191334.1	k141_15796	1250	79.545	44	9	40.1
