MZ962720.1	k141_5947	18585	90.759	7672	440	10630
MZ962720.1	k141_5947	18585	90.759	7672	440	10630
MZ962720.1	k141_5947	18585	87.356	3298	227	4095
MZ962720.1	k141_5947	18585	87.356	3298	227	4095
MZ962720.1	k141_5947	18585	85.296	1775	182	2006
MZ962720.1	k141_5947	18585	85.296	1775	182	2006
MZ962720.1	k141_5947	18585	82.266	812	72	822
MZ962720.1	k141_5947	18585	85.498	331	25	379
MZ962720.1	k141_5947	18585	85.498	331	25	379
MZ962720.1	k141_5947	18585	79.949	389	48	342
MZ962720.1	k141_5947	18585	79.949	389	48	342
MZ962720.1	k141_5947	18585	83.525	261	20	276
MZ962720.1	k141_5947	18585	83.525	261	20	276
MZ962720.1	k141_5947	18585	81.377	247	21	243
MZ962720.1	k141_5947	18585	75.143	350	40	242
MZ962720.1	k141_5947	18585	75.143	350	40	242
MZ962720.1	k141_5947	18585	80.114	176	26	155
MZ962720.1	k141_5947	18585	80.114	176	26	155
MZ962720.1	k141_5947	18585	80.180	111	8	101
MZ962720.1	k141_5947	18585	84.146	82	9	89.7
MZ962720.1	k141_5947	18585	84.146	82	9	89.7
MZ962720.1	k141_5947	18585	100.000	42	0	77.0
MZ962720.1	k141_5947	18585	100.000	42	0	77.0
MZ962720.1	k141_30765	60531	87.913	5204	568	6506
MZ962720.1	k141_30765	60531	78.228	5801	827	4638
MZ962720.1	k141_30765	60531	91.159	2477	219	3480
MZ962720.1	k141_30765	60531	78.967	3157	502	2657
MZ962720.1	k141_30765	60531	80.403	2235	408	2039
MZ962720.1	k141_30765	60531	87.967	1471	177	1856
MZ962720.1	k141_30765	60531	80.254	1808	317	1629
MZ962720.1	k141_30765	60531	78.560	1945	365	1594
MZ962720.1	k141_30765	60531	74.934	2266	354	1426
MZ962720.1	k141_30765	60531	84.073	1036	121	1115
MZ962720.1	k141_30765	60531	74.736	1611	322	1053
MZ962720.1	k141_30765	60531	81.818	660	107	648
MZ962720.1	k141_30765	60531	70.393	1297	246	589
MZ962720.1	k141_30765	60531	68.389	1471	241	574
MZ962720.1	k141_30765	60531	77.184	561	128	435
MZ962720.1	k141_30765	60531	77.184	561	128	435
MZ962720.1	k141_30765	60531	70.457	941	154	434
MZ962720.1	k141_30765	60531	72.802	728	150	388
MZ962720.1	k141_30765	60531	69.533	942	203	351
MZ962720.1	k141_30765	60531	73.674	509	95	296
MZ962720.1	k141_30765	60531	69.625	586	120	285
MZ962720.1	k141_30765	60531	72.017	461	61	276
MZ962720.1	k141_30765	60531	85.892	241	28	274
MZ962720.1	k141_30765	60531	85.294	238	31	271
MZ962720.1	k141_30765	60531	65.189	1218	263	251
MZ962720.1	k141_30765	60531	72.750	400	67	233
MZ962720.1	k141_30765	60531	76.736	288	52	214
MZ962720.1	k141_30765	60531	71.765	425	69	209
MZ962720.1	k141_30765	60531	71.765	425	69	209
MZ962720.1	k141_30765	60531	84.615	182	27	199
MZ962720.1	k141_30765	60531	71.649	388	101	195
MZ962720.1	k141_30765	60531	88.125	160	14	195
MZ962720.1	k141_30765	60531	88.571	140	12	176
MZ962720.1	k141_30765	60531	73.469	294	47	176
MZ962720.1	k141_30765	60531	85.034	147	22	167
MZ962720.1	k141_30765	60531	77.340	203	39	161
MZ962720.1	k141_30765	60531	77.340	203	39	161
MZ962720.1	k141_30765	60531	80.952	168	15	161
MZ962720.1	k141_30765	60531	100.000	88	0	159
MZ962720.1	k141_30765	60531	85.938	128	11	148
MZ962720.1	k141_30765	60531	73.507	268	56	146
MZ962720.1	k141_30765	60531	77.249	189	35	141
MZ962720.1	k141_30765	60531	77.249	189	35	141
MZ962720.1	k141_30765	60531	78.161	174	36	141
MZ962720.1	k141_30765	60531	90.000	100	10	136
MZ962720.1	k141_30765	60531	98.701	77	1	135
MZ962720.1	k141_30765	60531	66.327	588	176	134
MZ962720.1	k141_30765	60531	77.778	162	36	131
MZ962720.1	k141_30765	60531	87.379	103	10	126
MZ962720.1	k141_30765	60531	87.379	103	10	126
MZ962720.1	k141_30765	60531	94.805	77	4	122
MZ962720.1	k141_30765	60531	68.770	317	45	121
MZ962720.1	k141_30765	60531	77.483	151	23	112
MZ962720.1	k141_30765	60531	77.333	150	24	109
MZ962720.1	k141_30765	60531	88.636	88	8	107
MZ962720.1	k141_30765	60531	89.873	79	8	107
MZ962720.1	k141_30765	60531	86.517	89	12	107
MZ962720.1	k141_30765	60531	76.692	133	31	101
MZ962720.1	k141_30765	60531	80.769	104	14	99.6
MZ962720.1	k141_30765	60531	80.769	104	14	99.6
MZ962720.1	k141_30765	60531	82.222	90	16	91.5
MZ962720.1	k141_30765	60531	82.222	90	16	91.5
MZ962720.1	k141_30765	60531	82.222	90	16	91.5
MZ962720.1	k141_30765	60531	86.111	72	10	86.0
MZ962720.1	k141_30765	60531	70.909	165	48	82.4
MZ962720.1	k141_30765	60531	69.832	179	54	80.6
MZ962720.1	k141_30765	60531	77.551	98	15	80.6
MZ962720.1	k141_30765	60531	86.667	60	8	73.4
MZ962720.1	k141_30765	60531	69.277	166	51	70.7
MZ962720.1	k141_30765	60531	69.697	165	48	66.2
MZ962720.1	k141_30765	60531	89.130	46	5	61.7
MZ962720.1	k141_30765	60531	89.130	46	5	61.7
MZ962720.1	k141_30765	60531	67.539	191	60	59.0
MZ962720.1	k141_30765	60531	76.119	67	16	50.0
MZ962720.1	k141_35552	17986	80.292	4389	690	3917
MZ962720.1	k141_35552	17986	80.292	4389	690	3917
MZ962720.1	k141_35552	17986	77.328	2223	468	1711
MZ962720.1	k141_35552	17986	79.212	2006	388	1710
MZ962720.1	k141_35552	17986	74.522	993	214	627
MZ962720.1	k141_35552	17986	83.646	587	95	623
MZ962720.1	k141_35552	17986	83.646	587	95	623
MZ962720.1	k141_35552	17986	79.947	374	68	330
MZ962720.1	k141_35552	17986	81.395	129	21	119
MZ962720.1	k141_26081	23588	77.399	3553	594	2724
MZ962720.1	k141_26081	23588	79.082	2027	371	1738
MZ962720.1	k141_26081	23588	77.817	2006	372	1606
MZ962720.1	k141_26081	23588	89.544	1119	107	1491
MZ962720.1	k141_26081	23588	74.821	2093	441	1346
MZ962720.1	k141_26081	23588	86.917	772	98	936
MZ962720.1	k141_26081	23588	67.103	2444	584	707
MZ962720.1	k141_26081	23588	71.227	1133	248	581
MZ962720.1	k141_26081	23588	83.408	446	66	456
MZ962720.1	k141_26081	23588	79.665	477	61	407
MZ962720.1	k141_26081	23588	69.902	711	162	284
MZ962720.1	k141_26081	23588	76.075	372	64	261
MZ962720.1	k141_26081	23588	74.878	410	76	260
MZ962720.1	k141_26081	23588	85.714	210	21	248
MZ962720.1	k141_26081	23588	85.714	210	21	248
MZ962720.1	k141_26081	23588	84.659	176	26	193
MZ962720.1	k141_26081	23588	85.714	126	15	145
MZ962720.1	k141_26081	23588	97.468	79	2	134
MZ962720.1	k141_26081	23588	97.468	79	2	134
MZ962720.1	k141_26081	23588	87.379	103	10	126
MZ962720.1	k141_26081	23588	87.379	103	10	126
MZ962720.1	k141_26081	23588	73.094	223	37	117
MZ962720.1	k141_26081	23588	73.094	223	37	117
MZ962720.1	k141_26081	23588	91.781	73	5	102
MZ962720.1	k141_26081	23588	81.132	53	10	51.8
MZ962720.1	k141_26081	23588	81.132	53	10	51.8
MZ962720.1	k141_94	2055	87.384	1728	170	2119
MZ962720.1	k141_94	2055	87.384	1728	170	2119
MZ962720.1	k141_94	2055	88.542	288	29	370
MZ962720.1	k141_94	2055	88.542	288	29	370
MZ962720.1	k141_30711	1883	81.943	1894	310	1858
MZ962720.1	k141_33203	9817	70.909	1155	272	523
MZ962720.1	k141_33203	9817	70.909	1155	272	523
MZ962720.1	k141_33203	9817	65.302	513	152	106
MZ962720.1	k141_33203	9817	65.302	513	152	106
MZ962720.1	k141_33203	9817	82.474	97	16	96.0
MZ962720.1	k141_33203	9817	82.474	97	16	96.0
MZ962720.1	k141_4423	3298	72.009	886	206	433
MZ962720.1	k141_4423	3298	72.009	886	206	433
MZ962720.1	k141_4423	3298	88.525	61	7	79.7
MZ962720.1	k141_4423	3298	88.525	61	7	79.7
MZ962720.1	k141_4423	3298	88.525	61	7	79.7
MZ962720.1	k141_20892	7932	76.149	348	43	241
MZ962720.1	k141_20892	7932	80.000	115	11	106
MZ962720.1	k141_20892	7932	86.885	61	8	75.2
MZ962720.1	k141_7081	488	71.800	500	96	231
MZ962720.1	k141_15869	2353	85.938	192	27	225
MZ962720.1	k141_15869	2353	85.938	192	27	225
MZ962720.1	k141_24869	3588	93.056	144	10	215
MZ962720.1	k141_24869	3588	93.056	144	10	215
MZ962720.1	k141_10381	1912	66.058	822	240	211
MZ962720.1	k141_28840	2513	92.908	141	10	210
MZ962720.1	k141_28840	2513	92.908	141	10	210
MZ962720.1	k141_19935	7191	84.892	139	21	157
MZ962720.1	k141_28121	12676	79.429	175	33	152
MZ962720.1	k141_26966	6329	93.814	97	6	149
MZ962720.1	k141_26966	6329	93.814	97	6	149
MZ962720.1	k141_3047	642	98.750	80	1	141
MZ962720.1	k141_3047	642	98.750	80	1	141
MZ962720.1	k141_21699	13320	85.156	128	10	136
MZ962720.1	k141_23898	7788	87.379	103	11	125
MZ962720.1	k141_33601	3783	92.308	78	6	114
MZ962720.1	k141_33601	3783	82.432	74	13	76.1
MZ962720.1	k141_23553	10561	88.406	69	8	89.7
MZ962720.1	k141_22024	6519	86.567	67	4	81.5
MZ962720.1	k141_22024	6519	86.567	67	4	81.5
MZ962720.1	k141_32379	4643	72.593	135	33	72.5
MZ962720.1	k141_18809	9239	72.932	133	19	71.6
MZ962720.1	k141_12432	405	85.484	62	8	68.9
MZ962720.1	k141_12432	405	85.484	62	8	68.9
MZ962720.1	k141_14186	8209	93.023	43	3	65.3
MZ962720.1	k141_14186	8209	93.023	43	3	65.3
MZ962720.1	k141_16856	551	85.714	42	6	50.0
MZ962720.1	k141_32025	9467	82.609	46	8	48.2
MZ962720.1	k141_32025	9467	82.609	46	8	48.2
MH569081.1	k141_30765	60531	87.092	5454	607	6637
MH569081.1	k141_30765	60531	78.659	5684	878	4674
MH569081.1	k141_30765	60531	88.613	2573	290	3309
MH569081.1	k141_30765	60531	80.492	2399	395	2220
MH569081.1	k141_30765	60531	83.394	1933	316	2030
MH569081.1	k141_30765	60531	87.240	1489	190	1829
MH569081.1	k141_30765	60531	82.524	1751	260	1766
MH569081.1	k141_30765	60531	76.383	2151	316	1519
MH569081.1	k141_30765	60531	84.398	1096	159	1195
MH569081.1	k141_30765	60531	85.588	1020	124	1167
MH569081.1	k141_30765	60531	76.592	1555	308	1165
MH569081.1	k141_30765	60531	75.311	1608	272	1124
MH569081.1	k141_30765	60531	74.298	1424	232	877
MH569081.1	k141_30765	60531	76.017	959	131	679
MH569081.1	k141_30765	60531	71.139	1431	242	671
MH569081.1	k141_30765	60531	80.389	719	120	645
MH569081.1	k141_30765	60531	83.922	566	88	609
MH569081.1	k141_30765	60531	76.447	743	153	540
MH569081.1	k141_30765	60531	68.298	1410	278	487
MH569081.1	k141_30765	60531	72.597	697	130	370
MH569081.1	k141_30765	60531	71.891	587	121	301
MH569081.1	k141_30765	60531	85.171	263	35	294
MH569081.1	k141_30765	60531	79.062	320	53	261
MH569081.1	k141_30765	60531	81.227	277	44	260
MH569081.1	k141_30765	60531	81.132	265	37	247
MH569081.1	k141_30765	60531	78.656	253	26	221
MH569081.1	k141_30765	60531	75.884	311	63	216
MH569081.1	k141_30765	60531	75.884	311	63	216
MH569081.1	k141_30765	60531	76.512	281	66	210
MH569081.1	k141_30765	60531	76.071	280	52	208
MH569081.1	k141_30765	60531	81.281	203	38	196
MH569081.1	k141_30765	60531	78.541	233	45	187
MH569081.1	k141_30765	60531	78.182	220	48	181
MH569081.1	k141_30765	60531	90.769	130	10	178
MH569081.1	k141_30765	60531	86.667	120	16	145
MH569081.1	k141_30765	60531	80.263	152	24	141
MH569081.1	k141_30765	60531	100.000	75	0	136
MH569081.1	k141_30765	60531	90.099	101	9	134
MH569081.1	k141_30765	60531	90.099	101	9	134
MH569081.1	k141_30765	60531	97.260	73	2	123
MH569081.1	k141_30765	60531	76.879	173	30	123
MH569081.1	k141_30765	60531	76.364	165	39	123
MH569081.1	k141_30765	60531	87.129	101	12	121
MH569081.1	k141_30765	60531	88.889	90	10	118
MH569081.1	k141_30765	60531	90.476	84	6	113
MH569081.1	k141_30765	60531	74.233	163	42	105
MH569081.1	k141_30765	60531	70.968	186	48	85.1
MH569081.1	k141_30765	60531	82.857	70	11	69.8
MH569081.1	k141_30765	60531	93.333	45	3	68.9
MH569081.1	k141_30765	60531	93.333	45	3	68.9
MH569081.1	k141_30765	60531	78.873	71	15	61.7
MH569081.1	k141_30765	60531	68.103	116	37	43.7
MH569081.1	k141_5947	18585	91.141	4504	254	6297
MH569081.1	k141_5947	18585	91.141	4504	254	6297
MH569081.1	k141_5947	18585	92.947	3020	140	4449
MH569081.1	k141_5947	18585	92.947	3020	140	4449
MH569081.1	k141_5947	18585	92.104	2951	159	4258
MH569081.1	k141_5947	18585	92.104	2951	159	4258
MH569081.1	k141_5947	18585	89.612	2243	129	2990
MH569081.1	k141_5947	18585	89.612	2243	129	2990
MH569081.1	k141_5947	18585	82.500	880	135	884
MH569081.1	k141_5947	18585	82.500	880	135	884
MH569081.1	k141_5947	18585	78.736	870	84	732
MH569081.1	k141_5947	18585	78.736	870	84	732
MH569081.1	k141_5947	18585	81.702	470	46	456
MH569081.1	k141_5947	18585	81.702	470	46	456
MH569081.1	k141_5947	18585	77.261	387	32	339
MH569081.1	k141_5947	18585	77.261	387	32	339
MH569081.1	k141_5947	18585	85.990	207	28	240
MH569081.1	k141_5947	18585	85.990	207	28	240
MH569081.1	k141_5947	18585	82.759	174	19	171
MH569081.1	k141_5947	18585	82.759	174	19	171
MH569081.1	k141_5947	18585	97.619	42	1	72.5
MH569081.1	k141_5947	18585	97.619	42	1	72.5
MH569081.1	k141_5947	18585	89.744	39	4	53.6
MH569081.1	k141_35552	17986	76.977	4400	764	3341
MH569081.1	k141_35552	17986	82.867	1932	301	1988
MH569081.1	k141_35552	17986	77.634	2240	453	1753
MH569081.1	k141_35552	17986	75.841	1159	238	821
MH569081.1	k141_35552	17986	79.592	588	112	505
MH569081.1	k141_35552	17986	83.085	402	66	416
MH569081.1	k141_35552	17986	74.589	547	100	355
MH569081.1	k141_35552	17986	81.818	99	12	99.6
MH569081.1	k141_35552	17986	81.818	99	12	99.6
MH569081.1	k141_35552	17986	97.619	42	1	72.5
MH569081.1	k141_35552	17986	97.619	42	1	72.5
MH569081.1	k141_26081	23588	79.923	3367	583	3032
MH569081.1	k141_26081	23588	73.893	4087	784	2491
MH569081.1	k141_26081	23588	81.671	2406	366	2347
MH569081.1	k141_26081	23588	80.643	1803	278	1671
MH569081.1	k141_26081	23588	74.693	2280	488	1497
MH569081.1	k141_26081	23588	78.990	614	79	517
MH569081.1	k141_26081	23588	69.323	1255	213	485
MH569081.1	k141_26081	23588	74.335	752	139	441
MH569081.1	k141_26081	23588	71.698	848	131	438
MH569081.1	k141_26081	23588	88.060	335	38	422
MH569081.1	k141_26081	23588	73.051	449	82	255
MH569081.1	k141_26081	23588	75.377	199	43	140
MH569081.1	k141_26081	23588	98.734	79	1	139
MH569081.1	k141_26081	23588	98.734	79	1	139
MH569081.1	k141_26081	23588	90.099	101	9	134
MH569081.1	k141_26081	23588	90.099	101	9	134
MH569081.1	k141_26081	23588	76.768	99	22	72.5
MH569081.1	k141_26081	23588	81.633	49	9	49.1
MH569081.1	k141_94	2055	90.308	2043	162	2771
MH569081.1	k141_94	2055	90.308	2043	162	2771
MH569081.1	k141_94	2055	80.392	102	15	90.6
MH569081.1	k141_94	2055	89.583	48	5	65.3
MH569081.1	k141_30711	1883	82.656	1747	277	1786
MH569081.1	k141_15869	2353	78.243	740	106	600
MH569081.1	k141_15869	2353	78.243	740	106	600
MH569081.1	k141_33203	9817	71.130	1150	274	526
MH569081.1	k141_33203	9817	71.130	1150	274	526
MH569081.1	k141_33203	9817	75.120	209	50	136
MH569081.1	k141_33203	9817	75.120	209	50	136
MH569081.1	k141_33203	9817	80.412	97	19	90.6
MH569081.1	k141_33203	9817	80.412	97	19	90.6
MH569081.1	k141_33203	9817	71.338	157	40	72.5
MH569081.1	k141_33203	9817	71.338	157	40	72.5
MH569081.1	k141_4423	3298	72.551	878	208	464
MH569081.1	k141_4423	3298	72.551	878	208	464
MH569081.1	k141_4423	3298	76.265	257	59	182
MH569081.1	k141_4423	3298	76.265	257	59	182
MH569081.1	k141_4423	3298	90.164	61	6	84.2
MH569081.1	k141_4423	3298	90.164	61	6	84.2
MH569081.1	k141_20892	7932	79.037	353	54	295
MH569081.1	k141_20892	7932	82.353	119	9	123
MH569081.1	k141_20892	7932	83.696	92	14	96.0
MH569081.1	k141_20892	7932	91.111	45	4	64.4
MH569081.1	k141_20892	7932	91.111	45	4	64.4
MH569081.1	k141_10381	1912	67.835	799	214	259
MH569081.1	k141_24869	3588	75.862	348	51	230
MH569081.1	k141_24869	3588	75.862	348	51	230
MH569081.1	k141_19935	7191	88.489	139	16	179
MH569081.1	k141_26966	6329	86.486	148	19	174
MH569081.1	k141_26966	6329	86.486	148	19	174
MH569081.1	k141_28840	2513	86.207	145	16	171
MH569081.1	k141_28840	2513	86.207	145	16	171
MH569081.1	k141_3047	642	100.000	80	0	145
MH569081.1	k141_3047	642	100.000	80	0	145
MH569081.1	k141_21699	13320	86.957	115	12	139
MH569081.1	k141_29716	685	81.633	147	14	133
MH569081.1	k141_29716	685	81.633	147	14	133
MH569081.1	k141_28121	12676	74.866	187	32	126
MH569081.1	k141_33601	3783	94.521	73	4	114
MH569081.1	k141_33601	3783	80.000	70	14	64.4
MH569081.1	k141_23898	7788	84.466	103	14	112
MH569081.1	k141_23553	10561	88.571	70	8	91.5
MH569081.1	k141_23553	10561	71.508	179	47	88.7
MH569081.1	k141_23553	10561	71.508	179	47	88.7
MH569081.1	k141_22024	6519	86.765	68	4	83.3
MH569081.1	k141_22024	6519	86.765	68	4	83.3
MH569081.1	k141_14186	8209	95.349	43	2	69.8
MH569081.1	k141_14186	8209	95.349	43	2	69.8
MH569081.1	k141_32379	4643	74.766	107	25	65.3
MH569081.1	k141_32025	9467	80.488	41	8	39.2
NC_033978.1	k141_30765	60531	79.111	17234	2102	14677
NC_033978.1	k141_30765	60531	88.313	8411	682	10702
NC_033978.1	k141_30765	60531	86.822	4591	417	5569
NC_033978.1	k141_30765	60531	85.987	4082	359	4768
NC_033978.1	k141_30765	60531	82.815	3829	471	3968
NC_033978.1	k141_30765	60531	83.109	3487	416	3591
NC_033978.1	k141_30765	60531	80.291	2684	379	2397
NC_033978.1	k141_30765	60531	85.714	2023	214	2355
NC_033978.1	k141_30765	60531	83.086	1620	222	1698
NC_033978.1	k141_30765	60531	77.233	1814	256	1353
NC_033978.1	k141_30765	60531	82.199	1219	175	1177
NC_033978.1	k141_30765	60531	82.325	1041	107	1023
NC_033978.1	k141_30765	60531	91.018	668	41	934
NC_033978.1	k141_30765	60531	79.086	722	95	614
NC_033978.1	k141_30765	60531	73.844	822	131	513
NC_033978.1	k141_30765	60531	74.965	707	105	457
NC_033978.1	k141_30765	60531	75.276	453	50	324
NC_033978.1	k141_30765	60531	73.166	559	103	312
NC_033978.1	k141_30765	60531	74.893	466	64	312
NC_033978.1	k141_30765	60531	84.615	169	7	192
NC_033978.1	k141_30765	60531	82.036	167	19	163
NC_033978.1	k141_30765	60531	98.864	88	1	155
NC_033978.1	k141_30765	60531	80.159	126	25	115
NC_033978.1	k141_30765	60531	74.545	165	42	109
NC_033978.1	k141_30765	60531	95.238	42	2	68.0
NC_033978.1	k141_30765	60531	95.238	42	2	68.0
NC_033978.1	k141_30765	60531	93.023	43	3	65.3
NC_033978.1	k141_30765	60531	75.581	86	21	61.7
NC_033978.1	k141_30765	60531	73.874	111	19	52.7
NC_033978.1	k141_30765	60531	74.242	66	17	43.7
NC_033978.1	k141_5947	18585	95.421	9085	249	14466
NC_033978.1	k141_5947	18585	95.421	9085	249	14466
NC_033978.1	k141_5947	18585	94.352	4798	163	7443
NC_033978.1	k141_5947	18585	94.352	4798	163	7443
NC_033978.1	k141_5947	18585	94.510	3242	130	5070
NC_033978.1	k141_5947	18585	94.510	3242	130	5070
NC_033978.1	k141_5947	18585	87.052	1004	52	1232
NC_033978.1	k141_5947	18585	87.052	1004	52	1232
NC_033978.1	k141_5947	18585	87.379	103	7	124
NC_033978.1	k141_5947	18585	87.379	103	7	124
NC_033978.1	k141_5947	18585	97.436	39	1	67.1
NC_033978.1	k141_5947	18585	90.476	42	4	59.0
NC_033978.1	k141_5947	18585	86.842	38	5	47.3
NC_033978.1	k141_26081	23588	83.412	10224	1206	10819
NC_033978.1	k141_26081	23588	86.505	2964	262	3563
NC_033978.1	k141_26081	23588	78.156	2646	442	2104
NC_033978.1	k141_26081	23588	92.621	1301	83	1903
NC_033978.1	k141_26081	23588	75.723	1314	207	898
NC_033978.1	k141_26081	23588	78.617	1099	153	884
NC_033978.1	k141_26081	23588	80.757	951	113	864
NC_033978.1	k141_26081	23588	79.834	362	53	324
NC_033978.1	k141_26081	23588	85.156	256	17	292
NC_033978.1	k141_26081	23588	85.207	169	7	196
NC_033978.1	k141_26081	23588	97.826	92	2	158
NC_033978.1	k141_26081	23588	94.444	90	5	141
NC_033978.1	k141_35552	17986	83.557	3570	465	3749
NC_033978.1	k141_35552	17986	82.411	3019	418	3004
NC_033978.1	k141_35552	17986	82.734	2473	363	2535
NC_033978.1	k141_35552	17986	86.508	1386	162	1644
NC_033978.1	k141_35552	17986	72.401	2732	604	1492
NC_033978.1	k141_35552	17986	80.472	1398	208	1273
NC_033978.1	k141_35552	17986	74.783	805	158	528
NC_033978.1	k141_35552	17986	82.090	268	42	251
NC_033978.1	k141_35552	17986	97.561	41	1	70.7
NC_033978.1	k141_35552	17986	97.561	41	1	70.7
NC_033978.1	k141_94	2055	94.437	2103	69	3273
NC_033978.1	k141_94	2055	94.437	2103	69	3273
NC_033978.1	k141_24869	3588	92.955	1831	87	2741
NC_033978.1	k141_24869	3588	92.955	1831	87	2741
NC_033978.1	k141_24869	3588	95.175	974	47	1545
NC_033978.1	k141_24869	3588	95.175	974	47	1545
NC_033978.1	k141_24869	3588	96.020	804	32	1306
NC_033978.1	k141_24869	3588	96.020	804	32	1306
NC_033978.1	k141_30711	1883	91.928	1883	149	2709
NC_033978.1	k141_15869	2353	91.910	1471	74	2126
NC_033978.1	k141_15869	2353	91.910	1471	74	2126
NC_033978.1	k141_15869	2353	73.660	877	195	546
NC_033978.1	k141_15869	2353	79.695	197	31	175
NC_033978.1	k141_4423	3298	72.976	877	206	470
NC_033978.1	k141_4423	3298	72.976	877	206	470
NC_033978.1	k141_4423	3298	78.292	281	59	225
NC_033978.1	k141_4423	3298	78.292	281	59	225
NC_033978.1	k141_4423	3298	86.885	61	8	75.2
NC_033978.1	k141_4423	3298	86.885	61	8	75.2
NC_033978.1	k141_7081	488	80.306	523	64	465
NC_033978.1	k141_20892	7932	82.222	360	29	348
NC_033978.1	k141_20892	7932	84.375	128	7	140
NC_033978.1	k141_20892	7932	81.132	106	11	96.9
NC_033978.1	k141_20892	7932	75.182	137	16	93.3
NC_033978.1	k141_20892	7932	75.182	137	16	93.3
NC_033978.1	k141_33203	9817	74.812	532	123	348
NC_033978.1	k141_33203	9817	74.812	532	123	348
NC_033978.1	k141_33203	9817	75.375	467	93	295
NC_033978.1	k141_33203	9817	75.375	467	93	295
NC_033978.1	k141_33203	9817	65.764	517	145	114
NC_033978.1	k141_33203	9817	65.764	517	145	114
NC_033978.1	k141_28840	2513	99.291	141	1	251
NC_033978.1	k141_28840	2513	99.291	141	1	251
NC_033978.1	k141_10381	1912	66.545	825	237	234
NC_033978.1	k141_2247	8948	93.793	145	9	222
NC_033978.1	k141_2247	8948	93.793	145	9	222
NC_033978.1	k141_21699	13320	72.080	351	41	221
NC_033978.1	k141_29716	685	90.541	148	6	198
NC_033978.1	k141_29716	685	90.541	148	6	198
NC_033978.1	k141_26966	6329	89.796	147	10	198
NC_033978.1	k141_26966	6329	89.796	147	10	198
NC_033978.1	k141_28121	12676	84.091	176	28	192
NC_033978.1	k141_19935	7191	90.071	141	14	192
NC_033978.1	k141_24619	483	82.222	180	31	178
NC_033978.1	k141_24619	483	82.222	180	31	178
NC_033978.1	k141_7056	1934	82.530	166	25	164
NC_033978.1	k141_3047	642	95.652	92	4	149
NC_033978.1	k141_18809	9239	79.487	156	16	134
NC_033978.1	k141_23898	7788	89.320	103	9	134
NC_033978.1	k141_33601	3783	93.671	79	5	121
NC_033978.1	k141_23553	10561	90.000	70	7	96.0
NC_033978.1	k141_23553	10561	71.429	182	48	89.7
NC_033978.1	k141_23553	10561	71.429	182	48	89.7
NC_033978.1	k141_12432	405	92.063	63	4	88.7
NC_033978.1	k141_12432	405	92.063	63	4	88.7
NC_033978.1	k141_22024	6519	86.567	67	4	81.5
NC_033978.1	k141_22024	6519	86.567	67	4	81.5
NC_033978.1	k141_1518	5469	93.333	45	3	68.9
NC_033978.1	k141_32379	4643	78.750	80	17	68.9
NC_033978.1	k141_14186	8209	95.238	42	2	68.0
NC_033978.1	k141_32025	9467	78.723	47	10	41.0
MW006668.1	k141_5947	18585	94.652	8264	229	12914
MW006668.1	k141_5947	18585	94.652	8264	229	12914
MW006668.1	k141_5947	18585	90.071	5459	394	7377
MW006668.1	k141_5947	18585	75.919	2014	275	1460
MW006668.1	k141_5947	18585	78.489	1390	168	1151
MW006668.1	k141_5947	18585	78.618	767	107	646
MW006668.1	k141_5947	18585	94.000	200	7	307
MW006668.1	k141_5947	18585	94.000	200	7	307
MW006668.1	k141_5947	18585	88.652	141	13	177
MW006668.1	k141_5947	18585	88.652	141	13	177
MW006668.1	k141_5947	18585	89.147	129	11	164
MW006668.1	k141_5947	18585	97.619	42	1	72.5
MW006668.1	k141_5947	18585	97.619	42	1	72.5
MW006668.1	k141_5947	18585	86.275	51	7	61.7
MW006668.1	k141_5947	18585	90.476	42	4	59.0
MW006668.1	k141_5947	18585	86.842	38	5	47.3
MW006668.1	k141_26081	23588	84.447	8635	1052	9532
MW006668.1	k141_26081	23588	82.182	4445	561	4420
MW006668.1	k141_26081	23588	79.866	3134	467	2775
MW006668.1	k141_26081	23588	77.649	1727	262	1320
MW006668.1	k141_26081	23588	91.939	918	62	1315
MW006668.1	k141_26081	23588	91.930	917	62	1314
MW006668.1	k141_26081	23588	84.922	902	95	997
MW006668.1	k141_26081	23588	77.312	1265	174	950
MW006668.1	k141_26081	23588	77.312	1265	174	950
MW006668.1	k141_26081	23588	85.000	240	22	266
MW006668.1	k141_26081	23588	70.044	454	108	168
MW006668.1	k141_26081	23588	96.203	79	3	130
MW006668.1	k141_26081	23588	96.203	79	3	130
MW006668.1	k141_26081	23588	75.904	166	33	108
MW006668.1	k141_26081	23588	94.872	39	2	62.6
MW006668.1	k141_30765	60531	91.106	5667	417	7946
MW006668.1	k141_30765	60531	86.287	4667	481	5513
MW006668.1	k141_30765	60531	84.584	4599	453	5067
MW006668.1	k141_30765	60531	85.228	3845	358	4347
MW006668.1	k141_30765	60531	89.633	2209	221	2950
MW006668.1	k141_30765	60531	91.117	1835	153	2566
MW006668.1	k141_30765	60531	88.345	1939	190	2475
MW006668.1	k141_30765	60531	85.734	2152	221	2467
MW006668.1	k141_30765	60531	87.176	1965	207	2417
MW006668.1	k141_30765	60531	74.694	3106	490	1987
MW006668.1	k141_30765	60531	80.350	2056	266	1840
MW006668.1	k141_30765	60531	80.181	1993	235	1832
MW006668.1	k141_30765	60531	80.898	1738	265	1640
MW006668.1	k141_30765	60531	76.680	1994	259	1519
MW006668.1	k141_30765	60531	77.979	1712	233	1437
MW006668.1	k141_30765	60531	76.986	1699	231	1284
MW006668.1	k141_30765	60531	74.830	1915	283	1154
MW006668.1	k141_30765	60531	77.867	1500	227	1146
MW006668.1	k141_30765	60531	74.196	1616	225	1037
MW006668.1	k141_30765	60531	86.003	743	69	858
MW006668.1	k141_30765	60531	76.305	996	160	693
MW006668.1	k141_30765	60531	79.240	737	105	670
MW006668.1	k141_30765	60531	79.240	737	105	670
MW006668.1	k141_30765	60531	71.090	927	171	444
MW006668.1	k141_30765	60531	73.810	630	73	417
MW006668.1	k141_30765	60531	83.003	353	38	364
MW006668.1	k141_30765	60531	83.003	353	38	364
MW006668.1	k141_30765	60531	74.453	411	74	256
MW006668.1	k141_30765	60531	84.906	212	26	226
MW006668.1	k141_30765	60531	79.909	219	36	191
MW006668.1	k141_30765	60531	79.911	224	29	189
MW006668.1	k141_30765	60531	81.517	211	30	187
MW006668.1	k141_30765	60531	76.364	220	33	149
MW006668.1	k141_30765	60531	86.842	114	13	136
MW006668.1	k141_30765	60531	77.914	163	36	132
MW006668.1	k141_30765	60531	65.863	539	160	111
MW006668.1	k141_30765	60531	74.843	159	38	104
MW006668.1	k141_30765	60531	91.837	49	4	71.6
MW006668.1	k141_30765	60531	91.837	49	4	71.6
MW006668.1	k141_30765	60531	91.489	47	4	68.0
MW006668.1	k141_30765	60531	95.238	42	2	68.0
MW006668.1	k141_30765	60531	84.211	57	9	63.5
MW006668.1	k141_30765	60531	84.211	57	9	63.5
MW006668.1	k141_30765	60531	74.194	62	16	41.0
MW006668.1	k141_35552	17986	84.645	4995	608	5514
MW006668.1	k141_35552	17986	84.645	4995	608	5514
MW006668.1	k141_35552	17986	85.474	4406	497	5023
MW006668.1	k141_35552	17986	85.474	4406	497	5023
MW006668.1	k141_35552	17986	80.986	2272	406	2138
MW006668.1	k141_35552	17986	86.937	222	29	270
MW006668.1	k141_35552	17986	86.937	222	29	270
MW006668.1	k141_35552	17986	97.561	41	1	70.7
MW006668.1	k141_30711	1883	88.034	1312	143	1654
MW006668.1	k141_30711	1883	88.136	708	80	893
MW006668.1	k141_94	2055	87.734	693	54	882
MW006668.1	k141_94	2055	88.730	488	47	622
MW006668.1	k141_94	2055	89.209	278	22	365
MW006668.1	k141_94	2055	89.209	278	22	365
MW006668.1	k141_94	2055	90.833	120	11	168
MW006668.1	k141_94	2055	83.810	105	13	113
MW006668.1	k141_15869	2353	91.753	388	21	557
MW006668.1	k141_15869	2353	91.753	388	21	557
MW006668.1	k141_15869	2353	66.585	410	98	135
MW006668.1	k141_15869	2353	66.585	410	98	135
MW006668.1	k141_15869	2353	70.492	183	42	94.2
MW006668.1	k141_15869	2353	70.492	183	42	94.2
MW006668.1	k141_15869	2353	70.492	183	42	94.2
MW006668.1	k141_15869	2353	70.492	183	42	94.2
MW006668.1	k141_15869	2353	65.849	530	129	93.3
MW006668.1	k141_15869	2353	65.849	530	129	93.3
MW006668.1	k141_15869	2353	70.270	185	42	89.7
MW006668.1	k141_15869	2353	65.472	530	131	88.7
MW006668.1	k141_15869	2353	65.472	530	131	88.7
MW006668.1	k141_15869	2353	65.472	530	131	87.8
MW006668.1	k141_15869	2353	65.472	530	131	87.8
MW006668.1	k141_15869	2353	74.590	122	19	87.8
MW006668.1	k141_15869	2353	74.590	122	19	87.8
MW006668.1	k141_15869	2353	70.136	221	56	84.2
MW006668.1	k141_15869	2353	70.136	221	56	84.2
MW006668.1	k141_15869	2353	69.643	224	52	81.5
MW006668.1	k141_15869	2353	69.643	224	52	81.5
MW006668.1	k141_15869	2353	69.643	224	52	81.5
MW006668.1	k141_15869	2353	69.643	224	52	81.5
MW006668.1	k141_15869	2353	84.211	57	9	63.5
MW006668.1	k141_15869	2353	84.211	57	9	63.5
MW006668.1	k141_15869	2353	68.862	167	46	59.9
MW006668.1	k141_15869	2353	68.862	167	46	59.9
MW006668.1	k141_15869	2353	68.862	167	46	59.9
MW006668.1	k141_15869	2353	68.862	167	46	59.9
MW006668.1	k141_15869	2353	85.714	42	6	50.0
MW006668.1	k141_20892	7932	85.511	421	46	480
MW006668.1	k141_20892	7932	81.890	127	10	124
MW006668.1	k141_20892	7932	83.871	93	10	101
MW006668.1	k141_24869	3588	76.061	589	65	469
MW006668.1	k141_4423	3298	71.964	881	209	443
MW006668.1	k141_4423	3298	71.964	881	209	443
MW006668.1	k141_4423	3298	78.292	281	59	225
MW006668.1	k141_4423	3298	78.292	281	59	225
MW006668.1	k141_4423	3298	85.246	61	9	70.7
MW006668.1	k141_4423	3298	85.246	61	9	70.7
MW006668.1	k141_7081	488	79.134	508	57	434
MW006668.1	k141_33203	9817	74.436	532	125	339
MW006668.1	k141_33203	9817	74.436	532	125	339
MW006668.1	k141_33203	9817	74.732	467	102	280
MW006668.1	k141_33203	9817	74.732	467	102	280
MW006668.1	k141_33203	9817	75.556	135	31	93.3
MW006668.1	k141_33203	9817	75.556	135	31	93.3
MW006668.1	k141_33203	9817	64.797	517	145	92.4
MW006668.1	k141_33203	9817	64.797	517	145	92.4
MW006668.1	k141_21699	13320	80.368	326	45	290
MW006668.1	k141_26966	6329	93.793	145	4	222
MW006668.1	k141_26966	6329	93.793	145	4	222
MW006668.1	k141_28121	12676	87.209	172	22	212
MW006668.1	k141_10381	1912	66.053	760	219	212
MW006668.1	k141_29716	685	91.549	142	10	196
MW006668.1	k141_29716	685	91.549	142	10	196
MW006668.1	k141_19935	7191	88.652	141	16	183
MW006668.1	k141_7056	1934	83.735	166	23	173
MW006668.1	k141_28840	2513	90.833	120	11	168
MW006668.1	k141_23898	7788	89.320	103	9	134
MW006668.1	k141_3047	642	94.937	79	4	125
MW006668.1	k141_3047	642	94.937	79	4	125
MW006668.1	k141_18809	9239	80.986	142	18	125
MW006668.1	k141_33601	3783	93.671	79	5	121
MW006668.1	k141_23553	10561	70.556	180	53	86.9
MW006668.1	k141_23553	10561	78.302	106	17	85.1
MW006668.1	k141_12432	405	90.476	63	5	84.2
MW006668.1	k141_22024	6519	86.567	67	4	81.5
MW006668.1	k141_22024	6519	86.567	67	4	81.5
MW006668.1	k141_1518	5469	93.333	45	3	68.9
MW006668.1	k141_32379	4643	72.180	133	35	67.1
MW006668.1	k141_14186	8209	92.683	41	3	61.7
MW006668.1	k141_14186	8209	92.683	41	3	61.7
MW435436.1	k141_5947	18585	93.909	11196	324	17182
MW435436.1	k141_5947	18585	93.909	11196	324	17182
MW435436.1	k141_5947	18585	92.797	3679	146	5431
MW435436.1	k141_5947	18585	92.797	3679	146	5431
MW435436.1	k141_5947	18585	93.461	3242	155	4920
MW435436.1	k141_5947	18585	93.461	3242	155	4920
MW435436.1	k141_5947	18585	81.973	588	50	562
MW435436.1	k141_5947	18585	81.973	588	50	562
MW435436.1	k141_5947	18585	89.744	39	4	53.6
MW435436.1	k141_30765	60531	81.289	9540	1160	9117
MW435436.1	k141_30765	60531	90.170	5758	457	7818
MW435436.1	k141_30765	60531	84.749	5744	599	6358
MW435436.1	k141_30765	60531	88.137	3279	302	4135
MW435436.1	k141_30765	60531	86.876	2545	277	3055
MW435436.1	k141_30765	60531	79.569	2692	382	2383
MW435436.1	k141_30765	60531	86.357	1913	216	2269
MW435436.1	k141_30765	60531	79.594	2362	275	2089
MW435436.1	k141_30765	60531	77.413	2683	401	2067
MW435436.1	k141_30765	60531	81.361	1572	246	1517
MW435436.1	k141_30765	60531	78.208	1808	255	1462
MW435436.1	k141_30765	60531	85.691	1209	125	1377
MW435436.1	k141_30765	60531	75.170	2062	338	1370
MW435436.1	k141_30765	60531	75.039	1915	280	1275
MW435436.1	k141_30765	60531	80.730	1261	154	1169
MW435436.1	k141_30765	60531	78.516	1294	182	1059
MW435436.1	k141_30765	60531	69.693	1696	236	758
MW435436.1	k141_30765	60531	90.000	500	50	677
MW435436.1	k141_30765	60531	84.932	511	60	568
MW435436.1	k141_30765	60531	75.000	884	135	563
MW435436.1	k141_30765	60531	75.668	674	97	465
MW435436.1	k141_30765	60531	81.304	460	65	439
MW435436.1	k141_30765	60531	69.385	699	127	289
MW435436.1	k141_30765	60531	74.265	408	49	273
MW435436.1	k141_30765	60531	76.901	342	64	248
MW435436.1	k141_30765	60531	79.339	242	22	228
MW435436.1	k141_30765	60531	89.600	125	12	164
MW435436.1	k141_30765	60531	86.232	138	14	164
MW435436.1	k141_30765	60531	98.851	87	1	153
MW435436.1	k141_30765	60531	66.421	542	164	138
MW435436.1	k141_30765	60531	80.165	121	24	111
MW435436.1	k141_30765	60531	84.211	76	12	84.2
MW435436.1	k141_30765	60531	73.228	127	32	69.8
MW435436.1	k141_30765	60531	95.238	42	2	68.0
MW435436.1	k141_30765	60531	95.238	42	2	68.0
MW435436.1	k141_30765	60531	70.199	151	33	68.0
MW435436.1	k141_30765	60531	74.194	62	16	41.0
MW435436.1	k141_26081	23588	84.318	6466	836	7142
MW435436.1	k141_26081	23588	85.251	2963	315	3380
MW435436.1	k141_26081	23588	84.060	2064	256	2229
MW435436.1	k141_26081	23588	87.832	1504	125	1891
MW435436.1	k141_26081	23588	74.945	2710	514	1764
MW435436.1	k141_26081	23588	74.567	1502	215	957
MW435436.1	k141_26081	23588	81.148	854	129	776
MW435436.1	k141_26081	23588	72.502	1411	225	763
MW435436.1	k141_26081	23588	88.980	245	17	312
MW435436.1	k141_26081	23588	88.980	245	17	312
MW435436.1	k141_26081	23588	96.512	86	3	142
MW435436.1	k141_35552	17986	77.927	6048	936	4870
MW435436.1	k141_35552	17986	81.184	4815	710	4560
MW435436.1	k141_35552	17986	83.142	2260	362	2362
MW435436.1	k141_35552	17986	82.841	1999	324	2063
MW435436.1	k141_35552	17986	71.126	2310	541	1120
MW435436.1	k141_35552	17986	97.561	41	1	70.7
MW435436.1	k141_35552	17986	97.561	41	1	70.7
MW435436.1	k141_94	2055	95.156	2085	70	3306
MW435436.1	k141_94	2055	95.156	2085	70	3306
MW435436.1	k141_30711	1883	90.813	1883	170	2615
MW435436.1	k141_24869	3588	91.407	1827	115	2603
MW435436.1	k141_24869	3588	91.407	1827	115	2603
MW435436.1	k141_24869	3588	95.082	976	48	1544
MW435436.1	k141_24869	3588	95.082	976	48	1544
MW435436.1	k141_24869	3588	95.556	810	30	1300
MW435436.1	k141_24869	3588	95.556	810	30	1300
MW435436.1	k141_15869	2353	91.594	1487	66	2118
MW435436.1	k141_15869	2353	91.594	1487	66	2118
MW435436.1	k141_15869	2353	76.949	603	108	471
MW435436.1	k141_15869	2353	76.949	603	108	471
MW435436.1	k141_33203	9817	71.255	1155	264	540
MW435436.1	k141_33203	9817	71.255	1155	264	540
MW435436.1	k141_33203	9817	65.764	517	145	114
MW435436.1	k141_33203	9817	65.764	517	145	114
MW435436.1	k141_33203	9817	75.556	135	31	93.3
MW435436.1	k141_33203	9817	75.556	135	31	93.3
MW435436.1	k141_4423	3298	72.758	881	201	462
MW435436.1	k141_4423	3298	72.758	881	201	462
MW435436.1	k141_4423	3298	77.936	281	60	221
MW435436.1	k141_4423	3298	77.936	281	60	221
MW435436.1	k141_4423	3298	86.885	61	8	75.2
MW435436.1	k141_4423	3298	86.885	61	8	75.2
MW435436.1	k141_7081	488	77.169	438	62	343
MW435436.1	k141_20892	7932	81.844	358	45	340
MW435436.1	k141_20892	7932	83.594	128	7	136
MW435436.1	k141_20892	7932	84.466	103	10	106
MW435436.1	k141_20892	7932	75.912	137	15	97.8
MW435436.1	k141_20892	7932	75.912	137	15	97.8
MW435436.1	k141_28840	2513	99.291	141	1	251
MW435436.1	k141_28840	2513	99.291	141	1	251
MW435436.1	k141_10381	1912	67.557	786	210	237
MW435436.1	k141_26966	6329	93.197	147	5	221
MW435436.1	k141_26966	6329	93.197	147	5	221
MW435436.1	k141_19935	7191	90.780	141	13	196
MW435436.1	k141_29716	685	90.845	142	10	187
MW435436.1	k141_29716	685	90.845	142	10	187
MW435436.1	k141_24619	483	83.333	180	29	187
MW435436.1	k141_24619	483	83.333	180	29	187
MW435436.1	k141_2247	8948	88.276	145	17	186
MW435436.1	k141_2247	8948	88.276	145	17	186
MW435436.1	k141_21699	13320	70.195	359	40	186
MW435436.1	k141_28121	12676	82.386	176	31	178
MW435436.1	k141_7056	1934	82.424	165	26	166
MW435436.1	k141_3047	642	97.500	80	2	136
MW435436.1	k141_23898	7788	87.379	103	11	125
MW435436.1	k141_33601	3783	92.405	79	6	116
MW435436.1	k141_23553	10561	83.333	96	12	96.9
MW435436.1	k141_12432	405	90.476	63	5	84.2
MW435436.1	k141_12432	405	90.476	63	5	84.2
MW435436.1	k141_22024	6519	86.567	67	4	81.5
MW435436.1	k141_22024	6519	86.567	67	4	81.5
MW435436.1	k141_1518	5469	93.333	45	3	68.9
MW435436.1	k141_18809	9239	85.714	49	7	58.1
MW435436.1	k141_32379	4643	75.000	80	20	55.4
MW435436.1	k141_32379	4643	75.000	80	20	55.4
NC_037882.1	k141_5947	18585	94.421	10055	255	15668
NC_037882.1	k141_5947	18585	94.421	10055	255	15668
NC_037882.1	k141_5947	18585	95.104	4861	126	7718
NC_037882.1	k141_5947	18585	95.104	4861	126	7718
NC_037882.1	k141_5947	18585	93.505	3264	130	4956
NC_037882.1	k141_5947	18585	93.505	3264	130	4956
NC_037882.1	k141_5947	18585	95.238	42	2	68.0
NC_037882.1	k141_5947	18585	92.308	39	3	58.1
NC_037882.1	k141_5947	18585	89.474	38	4	51.8
NC_037882.1	k141_5947	18585	86.842	38	5	47.3
NC_037882.1	k141_30765	60531	82.996	10333	1071	10791
NC_037882.1	k141_30765	60531	88.639	8318	674	10701
NC_037882.1	k141_30765	60531	83.917	7909	905	8472
NC_037882.1	k141_30765	60531	81.092	5220	598	4896
NC_037882.1	k141_30765	60531	83.473	3110	347	3240
NC_037882.1	k141_30765	60531	79.981	3142	357	2801
NC_037882.1	k141_30765	60531	87.847	1983	197	2494
NC_037882.1	k141_30765	60531	86.509	1942	208	2321
NC_037882.1	k141_30765	60531	78.478	2588	329	2137
NC_037882.1	k141_30765	60531	87.979	965	77	1199
NC_037882.1	k141_30765	60531	80.383	1305	179	1179
NC_037882.1	k141_30765	60531	72.486	1919	298	1045
NC_037882.1	k141_30765	60531	78.995	1214	161	1017
NC_037882.1	k141_30765	60531	82.006	967	108	957
NC_037882.1	k141_30765	60531	77.668	1012	148	783
NC_037882.1	k141_30765	60531	87.417	453	37	565
NC_037882.1	k141_30765	60531	75.043	585	52	419
NC_037882.1	k141_30765	60531	80.952	378	48	330
NC_037882.1	k141_30765	60531	77.045	379	42	283
NC_037882.1	k141_30765	60531	78.549	317	27	267
NC_037882.1	k141_30765	60531	84.163	221	27	244
NC_037882.1	k141_30765	60531	81.513	238	25	226
NC_037882.1	k141_30765	60531	87.162	148	17	179
NC_037882.1	k141_30765	60531	98.876	89	1	157
NC_037882.1	k141_30765	60531	92.453	106	8	156
NC_037882.1	k141_30765	60531	73.939	165	43	104
NC_037882.1	k141_30765	60531	77.778	126	28	102
NC_037882.1	k141_30765	60531	74.138	116	30	75.2
NC_037882.1	k141_30765	60531	97.619	42	1	72.5
NC_037882.1	k141_30765	60531	92.857	42	3	63.5
NC_037882.1	k141_30765	60531	92.857	42	3	63.5
NC_037882.1	k141_30765	60531	73.256	86	23	52.7
NC_037882.1	k141_30765	60531	74.194	62	16	41.0
NC_037882.1	k141_26081	23588	85.430	8744	963	10004
NC_037882.1	k141_26081	23588	83.285	4164	431	4359
NC_037882.1	k141_26081	23588	81.275	4064	526	3876
NC_037882.1	k141_26081	23588	74.550	1835	257	1141
NC_037882.1	k141_26081	23588	75.803	1339	198	924
NC_037882.1	k141_26081	23588	78.731	1166	176	897
NC_037882.1	k141_26081	23588	85.039	254	19	291
NC_037882.1	k141_26081	23588	85.039	254	19	291
NC_037882.1	k141_26081	23588	78.541	233	33	170
NC_037882.1	k141_26081	23588	100.000	78	0	141
NC_037882.1	k141_35552	17986	83.144	8098	1036	8414
NC_037882.1	k141_35552	17986	81.064	2593	404	2420
NC_037882.1	k141_35552	17986	69.094	3611	852	1435
NC_037882.1	k141_35552	17986	78.672	1416	229	1191
NC_037882.1	k141_35552	17986	84.034	238	30	261
NC_037882.1	k141_35552	17986	95.122	41	2	66.2
NC_037882.1	k141_35552	17986	95.122	41	2	66.2
NC_037882.1	k141_30711	1883	91.707	1881	153	2688
NC_037882.1	k141_24869	3588	91.708	1821	94	2642
NC_037882.1	k141_24869	3588	91.708	1821	94	2642
NC_037882.1	k141_24869	3588	95.473	972	44	1555
NC_037882.1	k141_24869	3588	95.473	972	44	1555
NC_037882.1	k141_24869	3588	96.517	804	28	1324
NC_037882.1	k141_24869	3588	96.517	804	28	1324
NC_037882.1	k141_15869	2353	92.454	1471	61	2153
NC_037882.1	k141_15869	2353	92.454	1471	61	2153
NC_037882.1	k141_15869	2353	71.685	890	201	457
NC_037882.1	k141_15869	2353	86.047	172	24	203
NC_037882.1	k141_94	2055	97.018	939	19	1567
NC_037882.1	k141_94	2055	97.018	939	19	1567
NC_037882.1	k141_94	2055	95.522	469	13	755
NC_037882.1	k141_94	2055	95.522	469	13	755
NC_037882.1	k141_4423	3298	72.862	877	207	465
NC_037882.1	k141_4423	3298	72.862	877	207	465
NC_037882.1	k141_4423	3298	77.936	281	60	221
NC_037882.1	k141_4423	3298	77.936	281	60	221
NC_037882.1	k141_4423	3298	86.885	61	8	75.2
NC_037882.1	k141_4423	3298	86.885	61	8	75.2
NC_037882.1	k141_20892	7932	77.043	514	61	402
NC_037882.1	k141_20892	7932	81.102	127	11	120
NC_037882.1	k141_20892	7932	83.486	109	12	108
NC_037882.1	k141_20892	7932	75.182	137	16	93.3
NC_037882.1	k141_20892	7932	75.182	137	16	93.3
NC_037882.1	k141_20892	7932	95.238	42	2	68.0
NC_037882.1	k141_7081	488	78.020	505	64	386
NC_037882.1	k141_33203	9817	74.624	532	124	343
NC_037882.1	k141_33203	9817	74.624	532	124	343
NC_037882.1	k141_33203	9817	74.522	471	90	287
NC_037882.1	k141_33203	9817	74.522	471	90	287
NC_037882.1	k141_33203	9817	65.764	517	145	114
NC_037882.1	k141_33203	9817	65.764	517	145	114
NC_037882.1	k141_33203	9817	75.556	135	31	93.3
NC_037882.1	k141_33203	9817	75.556	135	31	93.3
NC_037882.1	k141_28840	2513	99.291	141	1	251
NC_037882.1	k141_28840	2513	99.291	141	1	251
NC_037882.1	k141_26966	6329	92.517	147	6	216
NC_037882.1	k141_26966	6329	92.517	147	6	216
NC_037882.1	k141_10381	1912	67.791	652	196	206
NC_037882.1	k141_10381	1912	70.588	119	35	58.1
NC_037882.1	k141_29716	685	92.908	141	8	203
NC_037882.1	k141_29716	685	92.908	141	8	203
NC_037882.1	k141_19935	7191	91.489	141	12	201
NC_037882.1	k141_24619	483	82.778	180	30	182
NC_037882.1	k141_24619	483	82.778	180	30	182
NC_037882.1	k141_2247	8948	86.897	145	19	177
NC_037882.1	k141_2247	8948	86.897	145	19	177
NC_037882.1	k141_28121	12676	80.874	183	23	175
NC_037882.1	k141_7056	1934	81.212	165	24	156
NC_037882.1	k141_21699	13320	80.114	176	33	153
NC_037882.1	k141_3047	642	98.750	80	1	141
NC_037882.1	k141_23898	7788	89.320	103	9	134
NC_037882.1	k141_33601	3783	91.139	79	7	112
NC_037882.1	k141_23553	10561	81.731	104	15	97.8
NC_037882.1	k141_12432	405	92.063	63	4	88.7
NC_037882.1	k141_12432	405	92.063	63	4	88.7
NC_037882.1	k141_22024	6519	86.567	67	4	81.5
NC_037882.1	k141_22024	6519	86.567	67	4	81.5
NC_037882.1	k141_32379	4643	81.250	80	15	77.9
NC_037882.1	k141_14186	8209	97.500	40	1	68.9
NC_037882.1	k141_1518	5469	93.333	45	3	68.9
NC_037882.1	k141_17159	7042	84.746	59	6	65.3
NC_037882.1	k141_35132	420	87.500	32	4	41.0
NC_037882.1	k141_15807	469	75.410	61	10	39.2
NC_056190.1	k141_5947	18585	92.724	9662	340	14335
NC_056190.1	k141_5947	18585	92.724	9662	340	14335
NC_056190.1	k141_5947	18585	94.939	8852	234	13966
NC_056190.1	k141_5947	18585	94.939	8852	234	13966
NC_056190.1	k141_5947	18585	97.619	42	1	72.5
NC_056190.1	k141_5947	18585	97.619	42	1	72.5
NC_056190.1	k141_5947	18585	90.741	54	4	72.5
NC_056190.1	k141_5947	18585	90.741	54	4	72.5
NC_056190.1	k141_5947	18585	95.122	41	2	66.2
NC_056190.1	k141_5947	18585	89.744	39	4	53.6
NC_056190.1	k141_5947	18585	89.474	38	4	51.8
NC_056190.1	k141_30765	60531	89.500	9838	814	13039
NC_056190.1	k141_30765	60531	81.966	13070	1520	12901
NC_056190.1	k141_30765	60531	85.215	5756	605	6532
NC_056190.1	k141_30765	60531	78.834	4219	520	3527
NC_056190.1	k141_30765	60531	86.786	2505	276	3030
NC_056190.1	k141_30765	60531	79.134	3326	494	2816
NC_056190.1	k141_30765	60531	83.069	2398	294	2483
NC_056190.1	k141_30765	60531	80.871	2389	254	2260
NC_056190.1	k141_30765	60531	79.751	1684	211	1460
NC_056190.1	k141_30765	60531	82.918	1124	138	1143
NC_056190.1	k141_30765	60531	81.747	1145	137	1130
NC_056190.1	k141_30765	60531	76.573	1319	183	992
NC_056190.1	k141_30765	60531	72.548	1570	263	838
NC_056190.1	k141_30765	60531	78.356	596	84	467
NC_056190.1	k141_30765	60531	76.020	588	62	434
NC_056190.1	k141_30765	60531	68.126	1051	175	399
NC_056190.1	k141_30765	60531	71.326	694	118	347
NC_056190.1	k141_30765	60531	77.342	459	71	344
NC_056190.1	k141_30765	60531	87.168	226	17	275
NC_056190.1	k141_30765	60531	88.660	194	9	250
NC_056190.1	k141_30765	60531	72.325	271	40	138
NC_056190.1	k141_30765	60531	64.966	588	184	107
NC_056190.1	k141_30765	60531	73.333	165	44	100
NC_056190.1	k141_30765	60531	69.110	191	57	72.5
NC_056190.1	k141_30765	60531	92.857	42	3	63.5
NC_056190.1	k141_30765	60531	92.857	42	3	63.5
NC_056190.1	k141_30765	60531	92.857	42	3	63.5
NC_056190.1	k141_30765	60531	73.529	68	18	42.8
NC_056190.1	k141_26081	23588	84.692	8943	1035	9955
NC_056190.1	k141_26081	23588	82.602	5288	619	5332
NC_056190.1	k141_26081	23588	76.896	6146	911	4641
NC_056190.1	k141_26081	23588	75.075	1657	258	1055
NC_056190.1	k141_26081	23588	86.008	243	20	285
NC_056190.1	k141_26081	23588	88.205	195	9	248
NC_056190.1	k141_26081	23588	90.385	104	7	141
NC_056190.1	k141_35552	17986	74.682	6999	1314	4569
NC_056190.1	k141_35552	17986	78.450	3341	484	2758
NC_056190.1	k141_35552	17986	78.065	1623	286	1300
NC_056190.1	k141_35552	17986	71.836	561	81	297
NC_056190.1	k141_35552	17986	83.673	245	28	255
NC_056190.1	k141_35552	17986	76.506	166	26	127
NC_056190.1	k141_35552	17986	95.122	41	2	66.2
NC_056190.1	k141_35552	17986	95.122	41	2	66.2
NC_056190.1	k141_94	2055	95.413	2093	50	3339
NC_056190.1	k141_94	2055	95.413	2093	50	3339
NC_056190.1	k141_30711	1883	91.928	1883	149	2709
NC_056190.1	k141_24869	3588	92.367	1821	85	2684
NC_056190.1	k141_24869	3588	92.367	1821	85	2684
NC_056190.1	k141_24869	3588	93.943	974	50	1495
NC_056190.1	k141_24869	3588	93.943	974	50	1495
NC_056190.1	k141_24869	3588	96.642	804	27	1329
NC_056190.1	k141_24869	3588	96.642	804	27	1329
NC_056190.1	k141_15869	2353	93.003	1272	57	1891
NC_056190.1	k141_15869	2353	93.003	1272	57	1891
NC_056190.1	k141_15869	2353	65.464	970	234	245
NC_056190.1	k141_15869	2353	67.610	636	147	241
NC_056190.1	k141_4423	3298	72.973	888	209	476
NC_056190.1	k141_4423	3298	72.973	888	209	476
NC_056190.1	k141_4423	3298	77.580	281	61	216
NC_056190.1	k141_4423	3298	77.580	281	61	216
NC_056190.1	k141_4423	3298	86.885	61	8	75.2
NC_056190.1	k141_4423	3298	86.885	61	8	75.2
NC_056190.1	k141_20892	7932	81.481	486	62	452
NC_056190.1	k141_20892	7932	80.315	127	10	117
NC_056190.1	k141_20892	7932	81.443	97	13	95.1
NC_056190.1	k141_7081	488	79.673	428	62	371
NC_056190.1	k141_33203	9817	74.624	532	124	343
NC_056190.1	k141_33203	9817	74.624	532	124	343
NC_056190.1	k141_33203	9817	74.735	471	89	291
NC_056190.1	k141_33203	9817	74.735	471	89	291
NC_056190.1	k141_33203	9817	65.201	523	144	108
NC_056190.1	k141_33203	9817	65.201	523	144	108
NC_056190.1	k141_33203	9817	80.412	97	19	90.6
NC_056190.1	k141_33203	9817	80.412	97	19	90.6
NC_056190.1	k141_10381	1912	67.541	915	242	280
NC_056190.1	k141_28840	2513	100.000	141	0	255
NC_056190.1	k141_28840	2513	100.000	141	0	255
NC_056190.1	k141_19935	7191	94.964	139	7	220
NC_056190.1	k141_28121	12676	86.364	176	24	210
NC_056190.1	k141_26966	6329	90.196	153	9	210
NC_056190.1	k141_26966	6329	90.196	153	9	210
NC_056190.1	k141_29716	685	90.845	142	11	191
NC_056190.1	k141_29716	685	90.845	142	11	191
NC_056190.1	k141_24619	483	83.333	180	29	187
NC_056190.1	k141_24619	483	83.333	180	29	187
NC_056190.1	k141_2247	8948	86.207	145	11	176
NC_056190.1	k141_2247	8948	86.207	145	11	176
NC_056190.1	k141_21699	13320	87.603	121	8	149
NC_056190.1	k141_3047	642	96.386	83	3	137
NC_056190.1	k141_23898	7788	88.350	103	10	130
NC_056190.1	k141_33601	3783	93.590	78	5	119
NC_056190.1	k141_23553	10561	88.571	70	8	91.5
NC_056190.1	k141_18809	9239	85.135	74	8	83.3
NC_056190.1	k141_22024	6519	86.567	67	4	81.5
NC_056190.1	k141_22024	6519	86.567	67	4	81.5
NC_056190.1	k141_12432	405	88.889	63	6	79.7
NC_056190.1	k141_12432	405	88.889	63	6	79.7
NC_056190.1	k141_14186	8209	97.619	42	1	72.5
NC_056190.1	k141_23657	499	86.207	58	6	62.6
NC_056190.1	k141_17159	7042	83.051	59	7	60.8
MN564931.1	k141_5947	18585	94.392	8952	283	13849
MN564931.1	k141_5947	18585	94.392	8952	283	13849
MN564931.1	k141_5947	18585	91.093	6523	270	9209
MN564931.1	k141_5947	18585	91.093	6523	270	9209
MN564931.1	k141_5947	18585	85.879	1211	102	1453
MN564931.1	k141_5947	18585	85.879	1211	102	1453
MN564931.1	k141_5947	18585	84.220	1166	139	1283
MN564931.1	k141_5947	18585	84.220	1166	139	1283
MN564931.1	k141_5947	18585	88.212	755	71	964
MN564931.1	k141_5947	18585	88.212	755	71	964
MN564931.1	k141_5947	18585	97.619	42	1	72.5
MN564931.1	k141_5947	18585	90.476	42	4	59.0
MN564931.1	k141_5947	18585	86.842	38	5	47.3
MN564931.1	k141_30765	60531	80.163	13379	1766	12075
MN564931.1	k141_30765	60531	87.323	9726	878	11995
MN564931.1	k141_30765	60531	82.864	5678	679	5826
MN564931.1	k141_30765	60531	86.785	2588	304	3102
MN564931.1	k141_30765	60531	86.140	1912	238	2224
MN564931.1	k141_30765	60531	76.664	2914	432	2116
MN564931.1	k141_30765	60531	80.721	2220	287	2039
MN564931.1	k141_30765	60531	89.459	1072	110	1423
MN564931.1	k141_30765	60531	87.855	1128	84	1407
MN564931.1	k141_30765	60531	79.923	1549	249	1398
MN564931.1	k141_30765	60531	78.715	1198	169	990
MN564931.1	k141_30765	60531	78.500	1093	169	909
MN564931.1	k141_30765	60531	77.922	1155	178	909
MN564931.1	k141_30765	60531	75.132	1138	170	735
MN564931.1	k141_30765	60531	75.796	942	138	627
MN564931.1	k141_30765	60531	84.080	402	40	441
MN564931.1	k141_30765	60531	75.205	609	75	419
MN564931.1	k141_30765	60531	70.238	924	166	399
MN564931.1	k141_30765	60531	78.497	386	60	316
MN564931.1	k141_30765	60531	85.827	254	18	299
MN564931.1	k141_30765	60531	84.015	269	31	289
MN564931.1	k141_30765	60531	81.851	281	28	267
MN564931.1	k141_30765	60531	68.031	635	132	187
MN564931.1	k141_30765	60531	85.811	148	15	169
MN564931.1	k141_30765	60531	94.393	107	6	167
MN564931.1	k141_30765	60531	83.439	157	20	159
MN564931.1	k141_30765	60531	82.000	150	19	148
MN564931.1	k141_30765	60531	66.263	578	171	141
MN564931.1	k141_30765	60531	65.247	587	184	122
MN564931.1	k141_30765	60531	76.344	186	38	116
MN564931.1	k141_30765	60531	70.440	159	45	68.9
MN564931.1	k141_30765	60531	95.238	42	2	68.0
MN564931.1	k141_30765	60531	95.238	42	2	68.0
MN564931.1	k141_30765	60531	95.238	42	2	68.0
MN564931.1	k141_30765	60531	82.979	47	8	50.0
MN564931.1	k141_30765	60531	74.194	62	16	41.0
MN564931.1	k141_26081	23588	84.219	8428	1020	9226
MN564931.1	k141_26081	23588	79.916	4063	615	3587
MN564931.1	k141_26081	23588	83.349	3207	392	3356
MN564931.1	k141_26081	23588	76.416	1289	196	912
MN564931.1	k141_26081	23588	79.643	840	110	728
MN564931.1	k141_26081	23588	73.446	1062	175	615
MN564931.1	k141_26081	23588	76.789	629	73	489
MN564931.1	k141_26081	23588	76.923	481	56	381
MN564931.1	k141_26081	23588	84.716	229	16	260
MN564931.1	k141_26081	23588	84.716	229	16	260
MN564931.1	k141_26081	23588	98.718	78	1	137
MN564931.1	k141_35552	17986	80.132	6523	985	5859
MN564931.1	k141_35552	17986	83.133	2739	384	2824
MN564931.1	k141_35552	17986	80.733	2320	382	2183
MN564931.1	k141_35552	17986	69.027	1059	252	415
MN564931.1	k141_35552	17986	69.027	1059	252	415
MN564931.1	k141_35552	17986	75.801	562	121	401
MN564931.1	k141_35552	17986	75.801	562	121	401
MN564931.1	k141_35552	17986	84.190	253	31	276
MN564931.1	k141_35552	17986	71.284	296	73	153
MN564931.1	k141_35552	17986	71.284	296	73	153
MN564931.1	k141_35552	17986	97.561	41	1	70.7
MN564931.1	k141_35552	17986	97.561	41	1	70.7
MN564931.1	k141_94	2055	93.362	2094	71	3144
MN564931.1	k141_94	2055	93.362	2094	71	3144
MN564931.1	k141_30711	1883	90.218	1881	181	2562
MN564931.1	k141_24869	3588	84.509	1872	146	2122
MN564931.1	k141_24869	3588	84.509	1872	146	2122
MN564931.1	k141_24869	3588	91.154	1447	113	2038
MN564931.1	k141_24869	3588	91.154	1447	113	2038
MN564931.1	k141_24869	3588	95.475	221	4	355
MN564931.1	k141_24869	3588	95.475	221	4	355
MN564931.1	k141_24869	3588	93.617	47	3	72.5
MN564931.1	k141_24869	3588	93.617	47	3	72.5
MN564931.1	k141_15869	2353	87.216	704	40	874
MN564931.1	k141_15869	2353	87.216	704	40	874
MN564931.1	k141_15869	2353	75.615	853	146	608
MN564931.1	k141_15869	2353	75.615	853	146	608
MN564931.1	k141_15869	2353	89.647	425	39	555
MN564931.1	k141_15869	2353	89.647	425	39	555
MN564931.1	k141_4423	3298	73.090	877	205	474
MN564931.1	k141_4423	3298	73.090	877	205	474
MN564931.1	k141_4423	3298	77.936	281	60	221
MN564931.1	k141_4423	3298	77.936	281	60	221
MN564931.1	k141_4423	3298	86.885	61	8	75.2
MN564931.1	k141_4423	3298	86.885	61	8	75.2
MN564931.1	k141_7081	488	79.417	515	67	433
MN564931.1	k141_20892	7932	78.043	419	53	341
MN564931.1	k141_20892	7932	82.677	127	9	129
MN564931.1	k141_20892	7932	89.189	74	8	98.7
MN564931.1	k141_33203	9817	74.060	532	127	330
MN564931.1	k141_33203	9817	74.060	532	127	330
MN564931.1	k141_33203	9817	75.375	467	93	290
MN564931.1	k141_33203	9817	75.375	467	93	290
MN564931.1	k141_33203	9817	65.764	517	145	114
MN564931.1	k141_33203	9817	65.764	517	145	114
MN564931.1	k141_33203	9817	75.556	135	31	93.3
MN564931.1	k141_33203	9817	75.556	135	31	93.3
MN564931.1	k141_10381	1912	67.258	846	238	272
MN564931.1	k141_28840	2513	95.238	147	1	235
MN564931.1	k141_28840	2513	95.238	147	1	235
MN564931.1	k141_28121	12676	88.953	172	19	225
MN564931.1	k141_26966	6329	93.878	147	8	222
MN564931.1	k141_26966	6329	93.878	147	8	222
MN564931.1	k141_19935	7191	91.367	139	12	197
MN564931.1	k141_29716	685	90.141	142	11	183
MN564931.1	k141_29716	685	90.141	142	11	183
MN564931.1	k141_21699	13320	78.166	229	38	168
MN564931.1	k141_7056	1934	81.818	165	27	161
MN564931.1	k141_24619	483	80.460	174	33	158
MN564931.1	k141_24619	483	80.460	174	33	158
MN564931.1	k141_3047	642	100.000	80	0	145
MN564931.1	k141_33601	3783	94.521	73	4	114
MN564931.1	k141_23898	7788	83.495	103	15	107
MN564931.1	k141_2247	8948	82.979	94	16	98.7
MN564931.1	k141_2247	8948	82.979	94	16	98.7
MN564931.1	k141_23553	10561	82.692	104	15	96.9
MN564931.1	k141_23553	10561	71.978	182	47	94.2
MN564931.1	k141_23553	10561	71.978	182	47	94.2
MN564931.1	k141_18809	9239	73.548	155	21	96.0
MN564931.1	k141_22024	6519	86.567	67	4	81.5
MN564931.1	k141_22024	6519	86.567	67	4	81.5
MN564931.1	k141_12432	405	88.889	63	6	79.7
MN564931.1	k141_12432	405	88.889	63	6	79.7
MN564931.1	k141_1518	5469	97.778	45	1	77.9
MN564931.1	k141_32379	4643	78.750	80	17	68.9
MN564931.1	k141_14186	8209	95.000	40	2	64.4
MN564931.1	k141_17159	7042	83.051	59	7	60.8
NC_031651.1	k141_5947	18585	92.263	15329	585	22384
NC_031651.1	k141_5947	18585	92.263	15329	585	22384
NC_031651.1	k141_5947	18585	92.192	3061	160	4474
NC_031651.1	k141_5947	18585	92.192	3061	160	4474
NC_031651.1	k141_5947	18585	88.110	328	25	416
NC_031651.1	k141_5947	18585	88.110	328	25	416
NC_031651.1	k141_5947	18585	100.000	42	0	77.0
NC_031651.1	k141_5947	18585	100.000	42	0	77.0
NC_031651.1	k141_5947	18585	95.238	42	2	68.0
NC_031651.1	k141_30765	60531	77.547	12867	1776	10016
NC_031651.1	k141_30765	60531	85.936	8454	856	9803
NC_031651.1	k141_30765	60531	85.023	4547	514	5119
NC_031651.1	k141_30765	60531	84.130	3806	420	4127
NC_031651.1	k141_30765	60531	85.664	2532	277	2900
NC_031651.1	k141_30765	60531	85.345	1897	212	2169
NC_031651.1	k141_30765	60531	81.000	2121	294	2017
NC_031651.1	k141_30765	60531	80.955	2095	333	1976
NC_031651.1	k141_30765	60531	78.896	1649	264	1432
NC_031651.1	k141_30765	60531	89.484	1027	91	1363
NC_031651.1	k141_30765	60531	78.819	1270	161	1081
NC_031651.1	k141_30765	60531	83.719	995	113	1077
NC_031651.1	k141_30765	60531	77.257	1407	233	1061
NC_031651.1	k141_30765	60531	80.933	1007	133	910
NC_031651.1	k141_30765	60531	77.381	1176	179	902
NC_031651.1	k141_30765	60531	77.385	933	128	757
NC_031651.1	k141_30765	60531	70.631	1505	272	686
NC_031651.1	k141_30765	60531	79.553	582	97	502
NC_031651.1	k141_30765	60531	77.468	466	71	362
NC_031651.1	k141_30765	60531	83.712	264	18	292
NC_031651.1	k141_30765	60531	83.665	251	27	263
NC_031651.1	k141_30765	60531	69.903	515	105	199
NC_031651.1	k141_30765	60531	94.286	105	6	163
NC_031651.1	k141_30765	60531	92.105	114	4	161
NC_031651.1	k141_30765	60531	75.745	235	45	160
NC_031651.1	k141_30765	60531	91.509	106	9	151
NC_031651.1	k141_30765	60531	95.402	87	4	140
NC_031651.1	k141_30765	60531	75.758	165	40	118
NC_031651.1	k141_30765	60531	74.269	171	44	111
NC_031651.1	k141_30765	60531	95.238	42	2	68.0
NC_031651.1	k141_30765	60531	95.238	42	2	68.0
NC_031651.1	k141_30765	60531	74.194	62	16	41.0
NC_031651.1	k141_26081	23588	83.114	8510	1105	8952
NC_031651.1	k141_26081	23588	82.774	3216	379	3271
NC_031651.1	k141_26081	23588	92.062	1222	84	1761
NC_031651.1	k141_26081	23588	73.614	2687	508	1588
NC_031651.1	k141_26081	23588	74.933	1500	234	958
NC_031651.1	k141_26081	23588	82.203	826	107	783
NC_031651.1	k141_26081	23588	74.045	1283	241	756
NC_031651.1	k141_26081	23588	74.251	1002	167	618
NC_031651.1	k141_26081	23588	73.050	282	29	182
NC_031651.1	k141_26081	23588	94.286	105	6	163
NC_031651.1	k141_26081	23588	100.000	55	0	100
NC_031651.1	k141_26081	23588	75.610	123	25	78.8
NC_031651.1	k141_35552	17986	80.151	4766	747	4271
NC_031651.1	k141_35552	17986	81.421	2815	399	2714
NC_031651.1	k141_35552	17986	80.454	2246	406	2070
NC_031651.1	k141_35552	17986	81.800	1500	203	1480
NC_031651.1	k141_35552	17986	68.800	2734	685	1003
NC_031651.1	k141_35552	17986	69.098	809	212	308
NC_031651.1	k141_35552	17986	81.481	216	40	210
NC_031651.1	k141_35552	17986	97.561	41	1	70.7
NC_031651.1	k141_35552	17986	97.561	41	1	70.7
NC_031651.1	k141_35552	17986	97.436	39	1	67.1
NC_031651.1	k141_94	2055	94.390	2032	96	3145
NC_031651.1	k141_94	2055	94.390	2032	96	3145
NC_031651.1	k141_30711	1883	89.254	1889	193	2488
NC_031651.1	k141_24869	3588	88.254	1839	132	2383
NC_031651.1	k141_24869	3588	88.254	1839	132	2383
NC_031651.1	k141_24869	3588	93.634	974	62	1478
NC_031651.1	k141_24869	3588	93.634	974	62	1478
NC_031651.1	k141_24869	3588	91.542	804	63	1144
NC_031651.1	k141_24869	3588	91.542	804	63	1144
NC_031651.1	k141_15869	2353	83.848	972	106	1051
NC_031651.1	k141_15869	2353	84.199	443	46	479
NC_031651.1	k141_15869	2353	84.199	443	46	479
NC_031651.1	k141_15869	2353	76.139	461	104	333
NC_031651.1	k141_15869	2353	89.655	58	6	78.8
NC_031651.1	k141_4423	3298	73.295	880	198	480
NC_031651.1	k141_4423	3298	73.295	880	198	480
NC_031651.1	k141_4423	3298	77.936	281	60	221
NC_031651.1	k141_4423	3298	77.936	281	60	221
NC_031651.1	k141_4423	3298	86.885	61	8	75.2
NC_031651.1	k141_4423	3298	86.885	61	8	75.2
NC_031651.1	k141_7081	488	77.092	502	77	372
NC_031651.1	k141_20892	7932	75.198	504	69	347
NC_031651.1	k141_20892	7932	82.400	125	9	125
NC_031651.1	k141_20892	7932	89.231	65	7	86.9
NC_031651.1	k141_33203	9817	74.436	532	125	339
NC_031651.1	k141_33203	9817	74.436	532	125	339
NC_031651.1	k141_33203	9817	74.304	467	98	286
NC_031651.1	k141_33203	9817	74.304	467	98	286
NC_031651.1	k141_33203	9817	65.571	517	146	114
NC_031651.1	k141_33203	9817	65.571	517	146	114
NC_031651.1	k141_33203	9817	75.373	134	31	91.5
NC_031651.1	k141_33203	9817	75.373	134	31	91.5
NC_031651.1	k141_28121	12676	86.932	176	23	214
NC_031651.1	k141_28840	2513	93.617	141	9	214
NC_031651.1	k141_28840	2513	93.617	141	9	214
NC_031651.1	k141_10381	1912	65.891	859	252	212
NC_031651.1	k141_26966	6329	89.796	147	10	198
NC_031651.1	k141_26966	6329	89.796	147	10	198
NC_031651.1	k141_19935	7191	89.362	141	15	187
NC_031651.1	k141_24619	483	81.667	180	32	173
NC_031651.1	k141_24619	483	81.667	180	32	173
NC_031651.1	k141_29716	685	88.028	142	11	172
NC_031651.1	k141_29716	685	88.028	142	11	172
NC_031651.1	k141_2247	8948	81.529	157	17	155
NC_031651.1	k141_2247	8948	81.529	157	17	155
NC_031651.1	k141_7056	1934	78.488	172	27	144
NC_031651.1	k141_21699	13320	100.000	76	0	138
NC_031651.1	k141_23898	7788	88.462	104	10	132
NC_031651.1	k141_33601	3783	90.909	77	7	108
NC_031651.1	k141_23553	10561	72.527	182	46	98.7
NC_031651.1	k141_23553	10561	72.527	182	46	98.7
NC_031651.1	k141_23553	10561	88.571	70	8	91.5
NC_031651.1	k141_3047	642	98.182	55	1	96.0
NC_031651.1	k141_12432	405	90.476	63	5	84.2
NC_031651.1	k141_12432	405	90.476	63	5	84.2
NC_031651.1	k141_32379	4643	75.200	125	29	79.7
NC_031651.1	k141_1518	5469	89.474	57	6	77.0
NC_031651.1	k141_22024	6519	85.075	67	5	77.0
NC_031651.1	k141_22024	6519	85.075	67	5	77.0
NC_031651.1	k141_32025	9467	83.721	43	7	47.3
MW366789.1	k141_5947	18585	89.802	5315	312	7111
MW366789.1	k141_5947	18585	89.802	5315	312	7111
MW366789.1	k141_5947	18585	88.447	4631	385	5931
MW366789.1	k141_5947	18585	88.447	4631	385	5931
MW366789.1	k141_5947	18585	91.815	1796	98	2576
MW366789.1	k141_5947	18585	91.815	1796	98	2576
MW366789.1	k141_5947	18585	84.169	638	57	695
MW366789.1	k141_5947	18585	84.169	638	57	695
MW366789.1	k141_5947	18585	83.906	466	36	516
MW366789.1	k141_5947	18585	83.906	466	36	516
MW366789.1	k141_5947	18585	83.906	466	36	516
MW366789.1	k141_5947	18585	80.923	325	36	304
MW366789.1	k141_5947	18585	80.923	325	36	304
MW366789.1	k141_5947	18585	77.273	308	46	235
MW366789.1	k141_5947	18585	96.350	137	5	225
MW366789.1	k141_5947	18585	96.350	137	5	225
MW366789.1	k141_5947	18585	91.667	144	12	206
MW366789.1	k141_5947	18585	91.667	144	12	206
MW366789.1	k141_5947	18585	85.227	176	25	197
MW366789.1	k141_5947	18585	85.227	176	25	197
MW366789.1	k141_5947	18585	90.083	121	12	167
MW366789.1	k141_5947	18585	81.395	172	18	166
MW366789.1	k141_5947	18585	81.395	172	18	166
MW366789.1	k141_5947	18585	90.083	121	12	165
MW366789.1	k141_5947	18585	94.595	74	4	116
MW366789.1	k141_5947	18585	94.595	74	4	116
MW366789.1	k141_5947	18585	86.076	79	6	94.2
MW366789.1	k141_5947	18585	86.076	79	6	94.2
MW366789.1	k141_5947	18585	100.000	42	0	77.0
MW366789.1	k141_5947	18585	100.000	42	0	77.0
MW366789.1	k141_5947	18585	91.837	49	4	71.6
MW366789.1	k141_5947	18585	91.837	49	4	71.6
MW366789.1	k141_5947	18585	91.837	49	4	71.6
MW366789.1	k141_5947	18585	100.000	32	0	59.0
MW366789.1	k141_5947	18585	100.000	32	0	59.0
MW366789.1	k141_5947	18585	92.308	39	3	58.1
MW366789.1	k141_5947	18585	92.105	38	3	56.3
MW366789.1	k141_30765	60531	88.589	5232	533	6717
MW366789.1	k141_30765	60531	88.589	5232	533	6717
MW366789.1	k141_30765	60531	78.341	5739	853	4679
MW366789.1	k141_30765	60531	89.808	2610	252	3503
MW366789.1	k141_30765	60531	82.440	2221	358	2227
MW366789.1	k141_30765	60531	84.557	1962	292	2169
MW366789.1	k141_30765	60531	87.274	1658	190	2022
MW366789.1	k141_30765	60531	82.081	1730	279	1706
MW366789.1	k141_30765	60531	77.925	1957	370	1566
MW366789.1	k141_30765	60531	76.663	1744	250	1232
MW366789.1	k141_30765	60531	84.971	1038	127	1155
MW366789.1	k141_30765	60531	75.093	1614	277	1113
MW366789.1	k141_30765	60531	74.446	947	173	594
MW366789.1	k141_30765	60531	79.098	665	121	572
MW366789.1	k141_30765	60531	71.815	1146	195	569
MW366789.1	k141_30765	60531	73.393	778	157	457
MW366789.1	k141_30765	60531	69.079	912	144	363
MW366789.1	k141_30765	60531	72.214	673	149	352
MW366789.1	k141_30765	60531	74.233	489	124	307
MW366789.1	k141_30765	60531	76.904	407	59	302
MW366789.1	k141_30765	60531	76.904	407	59	302
MW366789.1	k141_30765	60531	71.611	627	160	296
MW366789.1	k141_30765	60531	86.531	245	31	287
MW366789.1	k141_30765	60531	83.824	272	36	282
MW366789.1	k141_30765	60531	75.789	380	65	264
MW366789.1	k141_30765	60531	70.396	581	115	257
MW366789.1	k141_30765	60531	82.500	240	35	242
MW366789.1	k141_30765	60531	66.974	869	215	222
MW366789.1	k141_30765	60531	72.539	386	101	205
MW366789.1	k141_30765	60531	81.982	222	31	202
MW366789.1	k141_30765	60531	87.821	156	14	192
MW366789.1	k141_30765	60531	79.167	216	37	181
MW366789.1	k141_30765	60531	79.167	216	37	177
MW366789.1	k141_30765	60531	74.694	245	37	154
MW366789.1	k141_30765	60531	93.617	94	6	143
MW366789.1	k141_30765	60531	93.750	96	5	143
MW366789.1	k141_30765	60531	94.505	91	5	142
MW366789.1	k141_30765	60531	65.705	589	178	138
MW366789.1	k141_30765	60531	65.705	589	178	138
MW366789.1	k141_30765	60531	98.701	77	1	135
MW366789.1	k141_30765	60531	75.439	171	23	128
MW366789.1	k141_30765	60531	87.379	103	10	126
MW366789.1	k141_30765	60531	89.247	93	10	123
MW366789.1	k141_30765	60531	88.660	97	10	123
MW366789.1	k141_30765	60531	83.333	114	19	121
MW366789.1	k141_30765	60531	79.433	141	28	121
MW366789.1	k141_30765	60531	81.667	120	22	118
MW366789.1	k141_30765	60531	93.506	77	5	117
MW366789.1	k141_30765	60531	68.339	319	85	117
MW366789.1	k141_30765	60531	68.339	319	85	117
MW366789.1	k141_30765	60531	88.542	96	9	117
MW366789.1	k141_30765	60531	86.598	97	12	113
MW366789.1	k141_30765	60531	92.405	79	4	109
MW366789.1	k141_30765	60531	76.033	121	29	88.7
MW366789.1	k141_30765	60531	76.033	121	29	88.7
MW366789.1	k141_30765	60531	92.857	42	3	63.5
MW366789.1	k141_30765	60531	92.857	42	3	63.5
MW366789.1	k141_30765	60531	67.539	191	60	59.0
MW366789.1	k141_30765	60531	67.539	191	60	59.0
MW366789.1	k141_30765	60531	68.992	129	40	53.6
MW366789.1	k141_30765	60531	68.992	129	40	53.6
MW366789.1	k141_30765	60531	74.627	67	17	45.5
MW366789.1	k141_35552	17986	79.964	4387	693	3846
MW366789.1	k141_35552	17986	79.964	4387	693	3846
MW366789.1	k141_35552	17986	80.409	1955	352	1760
MW366789.1	k141_35552	17986	76.668	2233	465	1644
MW366789.1	k141_35552	17986	74.419	1161	228	755
MW366789.1	k141_35552	17986	81.230	618	111	583
MW366789.1	k141_35552	17986	81.230	618	111	583
MW366789.1	k141_35552	17986	78.592	341	70	285
MW366789.1	k141_35552	17986	79.137	139	23	117
MW366789.1	k141_35552	17986	95.122	41	2	66.2
MW366789.1	k141_35552	17986	95.122	41	2	66.2
MW366789.1	k141_26081	23588	78.076	4137	732	3377
MW366789.1	k141_26081	23588	77.698	3502	600	2719
MW366789.1	k141_26081	23588	76.467	3187	597	2311
MW366789.1	k141_26081	23588	76.491	3135	573	2259
MW366789.1	k141_26081	23588	71.948	1155	243	615
MW366789.1	k141_26081	23588	82.831	431	64	440
MW366789.1	k141_26081	23588	75.311	644	105	417
MW366789.1	k141_26081	23588	72.810	548	116	284
MW366789.1	k141_26081	23588	70.031	644	128	265
MW366789.1	k141_26081	23588	76.676	373	64	243
MW366789.1	k141_26081	23588	71.519	474	87	232
MW366789.1	k141_26081	23588	72.703	370	63	193
MW366789.1	k141_26081	23588	98.734	79	1	139
MW366789.1	k141_26081	23588	98.734	79	1	139
MW366789.1	k141_26081	23588	87.379	103	10	126
MW366789.1	k141_26081	23588	89.247	93	10	123
MW366789.1	k141_26081	23588	87.500	72	9	90.6
MW366789.1	k141_26081	23588	70.899	189	32	83.3
MW366789.1	k141_26081	23588	83.019	53	9	56.3
MW366789.1	k141_26081	23588	83.019	53	9	56.3
MW366789.1	k141_94	2055	89.523	1718	144	2266
MW366789.1	k141_94	2055	89.637	1708	144	2263
MW366789.1	k141_94	2055	91.124	169	15	238
MW366789.1	k141_94	2055	91.124	169	15	238
MW366789.1	k141_30711	1883	81.088	1893	330	1785
MW366789.1	k141_4423	3298	72.441	889	204	451
MW366789.1	k141_4423	3298	72.441	889	204	451
MW366789.1	k141_4423	3298	90.164	61	6	84.2
MW366789.1	k141_4423	3298	90.164	61	6	84.2
MW366789.1	k141_4423	3298	88.525	61	7	79.7
MW366789.1	k141_4423	3298	88.525	61	7	79.7
MW366789.1	k141_33203	9817	74.060	532	127	330
MW366789.1	k141_33203	9817	74.060	532	127	330
MW366789.1	k141_33203	9817	75.589	467	94	297
MW366789.1	k141_33203	9817	75.589	467	94	297
MW366789.1	k141_33203	9817	67.197	503	146	136
MW366789.1	k141_33203	9817	67.197	503	146	136
MW366789.1	k141_33203	9817	80.412	97	19	90.6
MW366789.1	k141_33203	9817	80.412	97	19	90.6
MW366789.1	k141_10381	1912	66.708	802	228	233
MW366789.1	k141_24869	3588	93.056	144	10	215
MW366789.1	k141_24869	3588	93.056	144	10	215
MW366789.1	k141_20892	7932	74.777	337	66	215
MW366789.1	k141_20892	7932	78.295	129	12	104
MW366789.1	k141_20892	7932	82.418	91	15	89.7
MW366789.1	k141_28840	2513	92.908	141	10	210
MW366789.1	k141_28840	2513	92.908	141	10	210
MW366789.1	k141_28121	12676	80.110	181	30	166
MW366789.1	k141_28121	12676	85.455	55	8	64.4
MW366789.1	k141_19935	7191	85.106	141	21	160
MW366789.1	k141_3047	642	100.000	79	0	143
MW366789.1	k141_3047	642	100.000	79	0	143
MW366789.1	k141_29716	685	82.270	141	19	134
MW366789.1	k141_29716	685	82.270	141	19	134
MW366789.1	k141_21699	13320	74.408	211	34	133
MW366789.1	k141_26966	6329	94.667	75	4	118
MW366789.1	k141_26966	6329	94.667	75	4	118
MW366789.1	k141_15869	2353	88.043	92	11	117
MW366789.1	k141_15869	2353	88.043	92	11	117
MW366789.1	k141_23898	7788	85.437	103	13	116
MW366789.1	k141_33601	3783	91.026	78	6	106
MW366789.1	k141_23553	10561	71.186	177	51	90.6
MW366789.1	k141_23553	10561	71.186	177	51	90.6
MW366789.1	k141_23553	10561	81.053	95	12	87.8
MW366789.1	k141_22024	6519	86.567	67	4	81.5
MW366789.1	k141_22024	6519	86.567	67	4	81.5
MW366789.1	k141_14186	8209	95.455	44	2	71.6
MW366789.1	k141_14186	8209	95.455	44	2	71.6
MW366789.1	k141_32379	4643	71.724	145	35	69.8
MW366789.1	k141_32025	9467	84.783	46	7	52.7
MW366789.1	k141_32025	9467	84.783	46	7	52.7
KT899950.1	k141_5947	18585	92.429	15731	620	23037
KT899950.1	k141_5947	18585	92.429	15731	620	23037
KT899950.1	k141_5947	18585	93.095	3244	174	4846
KT899950.1	k141_5947	18585	93.095	3244	174	4846
KT899950.1	k141_5947	18585	97.619	42	1	72.5
KT899950.1	k141_5947	18585	97.619	42	1	72.5
KT899950.1	k141_5947	18585	92.308	39	3	58.1
KT899950.1	k141_5947	18585	86.842	38	5	47.3
KT899950.1	k141_30765	60531	79.202	10756	1434	9148
KT899950.1	k141_30765	60531	88.732	5884	546	7597
KT899950.1	k141_30765	60531	83.534	5411	630	5725
KT899950.1	k141_30765	60531	85.556	3614	349	4167
KT899950.1	k141_30765	60531	80.420	3810	559	3510
KT899950.1	k141_30765	60531	86.169	2574	292	2992
KT899950.1	k141_30765	60531	84.568	1944	260	2150
KT899950.1	k141_30765	60531	80.569	2285	351	2100
KT899950.1	k141_30765	60531	81.308	2172	258	2081
KT899950.1	k141_30765	60531	74.698	2569	463	1660
KT899950.1	k141_30765	60531	90.499	1042	79	1416
KT899950.1	k141_30765	60531	81.790	1274	197	1252
KT899950.1	k141_30765	60531	78.418	1214	183	990
KT899950.1	k141_30765	60531	73.250	1671	280	947
KT899950.1	k141_30765	60531	84.384	730	97	796
KT899950.1	k141_30765	60531	75.248	1010	170	659
KT899950.1	k141_30765	60531	77.433	483	72	373
KT899950.1	k141_30765	60531	76.471	357	47	272
KT899950.1	k141_30765	60531	83.083	266	34	269
KT899950.1	k141_30765	60531	76.144	306	45	217
KT899950.1	k141_30765	60531	74.048	289	50	184
KT899950.1	k141_30765	60531	90.244	123	11	165
KT899950.1	k141_30765	60531	96.591	88	3	146
KT899950.1	k141_30765	60531	90.291	103	7	140
KT899950.1	k141_30765	60531	89.320	103	11	137
KT899950.1	k141_30765	60531	90.196	102	9	136
KT899950.1	k141_30765	60531	73.568	227	42	129
KT899950.1	k141_30765	60531	97.333	75	2	127
KT899950.1	k141_30765	60531	76.364	165	39	123
KT899950.1	k141_30765	60531	80.159	126	25	115
KT899950.1	k141_30765	60531	72.527	182	39	96.0
KT899950.1	k141_30765	60531	95.238	42	2	68.0
KT899950.1	k141_30765	60531	95.238	42	2	68.0
KT899950.1	k141_30765	60531	74.194	62	16	41.0
KT899950.1	k141_26081	23588	83.022	8505	1133	8861
KT899950.1	k141_26081	23588	80.527	3569	482	3279
KT899950.1	k141_26081	23588	78.784	3554	534	2966
KT899950.1	k141_26081	23588	73.100	1316	204	751
KT899950.1	k141_26081	23588	78.871	691	70	581
KT899950.1	k141_26081	23588	77.015	757	110	558
KT899950.1	k141_26081	23588	74.519	832	136	510
KT899950.1	k141_26081	23588	77.342	587	80	440
KT899950.1	k141_26081	23588	79.459	370	51	307
KT899950.1	k141_26081	23588	77.395	261	33	206
KT899950.1	k141_26081	23588	90.291	103	7	140
KT899950.1	k141_94	2055	93.811	2036	100	3096
KT899950.1	k141_94	2055	93.811	2036	100	3096
KT899950.1	k141_35552	17986	82.574	2766	381	2772
KT899950.1	k141_35552	17986	78.832	2792	445	2345
KT899950.1	k141_35552	17986	84.454	2052	290	2244
KT899950.1	k141_35552	17986	81.369	2265	390	2176
KT899950.1	k141_35552	17986	67.955	3623	847	1232
KT899950.1	k141_35552	17986	79.062	1237	216	1058
KT899950.1	k141_35552	17986	97.561	41	1	70.7
KT899950.1	k141_35552	17986	97.561	41	1	70.7
KT899950.1	k141_30711	1883	89.437	1884	195	2496
KT899950.1	k141_24869	3588	89.689	1833	117	2488
KT899950.1	k141_24869	3588	89.689	1833	117	2488
KT899950.1	k141_24869	3588	92.938	977	66	1450
KT899950.1	k141_24869	3588	92.938	977	66	1450
KT899950.1	k141_24869	3588	89.133	819	54	1099
KT899950.1	k141_24869	3588	89.133	819	54	1099
KT899950.1	k141_15869	2353	84.032	2004	206	2207
KT899950.1	k141_15869	2353	88.949	1475	103	1939
KT899950.1	k141_4423	3298	73.432	877	202	488
KT899950.1	k141_4423	3298	73.432	877	202	488
KT899950.1	k141_4423	3298	77.936	281	60	221
KT899950.1	k141_4423	3298	77.936	281	60	221
KT899950.1	k141_4423	3298	86.885	61	8	75.2
KT899950.1	k141_4423	3298	86.885	61	8	75.2
KT899950.1	k141_20892	7932	78.029	487	59	372
KT899950.1	k141_20892	7932	94.915	59	3	94.2
KT899950.1	k141_7081	488	78.200	500	71	369
KT899950.1	k141_33203	9817	74.436	532	125	339
KT899950.1	k141_33203	9817	74.436	532	125	339
KT899950.1	k141_33203	9817	74.735	471	89	291
KT899950.1	k141_33203	9817	74.735	471	89	291
KT899950.1	k141_33203	9817	65.698	516	146	112
KT899950.1	k141_33203	9817	65.698	516	146	112
KT899950.1	k141_33203	9817	81.443	97	18	95.1
KT899950.1	k141_33203	9817	81.443	97	18	95.1
KT899950.1	k141_21699	13320	72.834	427	75	235
KT899950.1	k141_28840	2513	96.454	141	5	233
KT899950.1	k141_28840	2513	96.454	141	5	233
KT899950.1	k141_28121	12676	84.615	182	22	204
KT899950.1	k141_26966	6329	89.116	147	16	194
KT899950.1	k141_26966	6329	89.116	147	16	194
KT899950.1	k141_19935	7191	90.071	141	14	192
KT899950.1	k141_10381	1912	65.687	851	243	191
KT899950.1	k141_24619	483	81.111	180	33	168
KT899950.1	k141_24619	483	81.111	180	33	168
KT899950.1	k141_29716	685	87.324	142	11	164
KT899950.1	k141_29716	685	87.324	142	11	164
KT899950.1	k141_2247	8948	83.439	157	14	164
KT899950.1	k141_2247	8948	83.439	157	14	164
KT899950.1	k141_3047	642	100.000	78	0	141
KT899950.1	k141_23898	7788	89.320	103	9	134
KT899950.1	k141_33601	3783	93.506	77	5	117
KT899950.1	k141_23553	10561	86.585	82	9	96.9
KT899950.1	k141_22024	6519	86.567	67	4	81.5
KT899950.1	k141_22024	6519	86.567	67	4	81.5
KT899950.1	k141_12432	405	88.889	63	6	79.7
KT899950.1	k141_12432	405	88.889	63	6	79.7
KT899950.1	k141_32379	4643	74.400	125	30	75.2
KT899950.1	k141_1518	5469	93.333	45	3	68.9
KT899950.1	k141_17159	7042	84.746	59	6	65.3
KT899950.1	k141_14186	8209	94.872	39	2	62.6
GU191334.1	k141_5947	18585	88.606	3730	319	4776
GU191334.1	k141_5947	18585	88.606	3730	319	4776
GU191334.1	k141_5947	18585	86.494	2658	244	3117
GU191334.1	k141_5947	18585	86.494	2658	244	3117
GU191334.1	k141_5947	18585	78.378	1036	165	836
GU191334.1	k141_5947	18585	78.378	1036	165	836
GU191334.1	k141_5947	18585	76.029	680	151	480
GU191334.1	k141_5947	18585	76.018	442	106	320
GU191334.1	k141_5947	18585	72.519	524	144	297
GU191334.1	k141_5947	18585	77.597	308	69	245
GU191334.1	k141_5947	18585	94.937	79	4	125
GU191334.1	k141_5947	18585	94.937	79	4	125
GU191334.1	k141_5947	18585	89.286	84	9	112
GU191334.1	k141_5947	18585	90.667	75	7	104
GU191334.1	k141_5947	18585	90.667	75	7	104
GU191334.1	k141_5947	18585	86.957	46	6	57.2
GU191334.1	k141_30765	60531	82.226	4529	802	4528
GU191334.1	k141_30765	60531	83.415	2442	405	2579
GU191334.1	k141_30765	60531	83.483	1447	239	1533
GU191334.1	k141_30765	60531	78.735	1707	354	1428
GU191334.1	k141_30765	60531	80.140	1566	307	1408
GU191334.1	k141_30765	60531	82.603	707	113	721
GU191334.1	k141_30765	60531	68.403	1997	599	710
GU191334.1	k141_30765	60531	75.618	890	213	613
GU191334.1	k141_30765	60531	75.333	900	190	602
GU191334.1	k141_30765	60531	83.184	559	87	573
GU191334.1	k141_30765	60531	80.295	543	105	495
GU191334.1	k141_30765	60531	69.410	1118	290	445
GU191334.1	k141_30765	60531	78.947	494	100	413
GU191334.1	k141_30765	60531	74.404	629	110	383
GU191334.1	k141_30765	60531	71.222	761	212	374
GU191334.1	k141_30765	60531	75.459	436	103	299
GU191334.1	k141_30765	60531	75.718	383	92	269
GU191334.1	k141_30765	60531	71.991	457	103	252
GU191334.1	k141_30765	60531	75.472	318	78	223
GU191334.1	k141_30765	60531	68.006	647	197	221
GU191334.1	k141_30765	60531	71.429	441	109	216
GU191334.1	k141_30765	60531	65.489	991	263	214
GU191334.1	k141_30765	60531	74.671	304	77	202
GU191334.1	k141_30765	60531	68.539	445	104	182
GU191334.1	k141_30765	60531	77.990	209	46	170
GU191334.1	k141_30765	60531	79.581	191	39	169
GU191334.1	k141_30765	60531	76.606	218	51	164
GU191334.1	k141_30765	60531	77.315	216	46	159
GU191334.1	k141_30765	60531	94.118	85	5	132
GU191334.1	k141_30765	60531	93.182	88	5	129
GU191334.1	k141_30765	60531	86.792	106	13	125
GU191334.1	k141_30765	60531	94.872	78	4	123
GU191334.1	k141_30765	60531	97.260	73	2	123
GU191334.1	k141_30765	60531	97.222	72	2	122
GU191334.1	k141_30765	60531	79.412	136	28	120
GU191334.1	k141_30765	60531	94.737	76	4	120
GU191334.1	k141_30765	60531	67.055	343	49	118
GU191334.1	k141_30765	60531	91.463	82	7	117
GU191334.1	k141_30765	60531	83.333	114	16	114
GU191334.1	k141_30765	60531	94.521	73	4	114
GU191334.1	k141_30765	60531	89.412	85	7	111
GU191334.1	k141_30765	60531	79.675	123	25	110
GU191334.1	k141_30765	60531	78.571	126	27	106
GU191334.1	k141_30765	60531	89.744	78	8	105
GU191334.1	k141_30765	60531	67.742	217	30	95.1
GU191334.1	k141_30765	60531	78.182	110	22	88.7
GU191334.1	k141_30765	60531	77.311	119	20	86.9
GU191334.1	k141_30765	60531	69.378	209	61	83.3
GU191334.1	k141_30765	60531	77.907	86	19	70.7
GU191334.1	k141_30765	60531	77.108	83	19	65.3
GU191334.1	k141_30765	60531	79.730	74	14	63.5
GU191334.1	k141_26081	23588	89.187	1082	115	1422
GU191334.1	k141_26081	23588	72.657	2593	608	1405
GU191334.1	k141_26081	23588	72.417	1229	325	670
GU191334.1	k141_26081	23588	71.682	1296	330	663
GU191334.1	k141_26081	23588	76.725	739	154	534
GU191334.1	k141_26081	23588	73.971	680	171	416
GU191334.1	k141_26081	23588	82.490	257	45	261
GU191334.1	k141_26081	23588	68.491	676	193	237
GU191334.1	k141_26081	23588	79.259	135	28	118
GU191334.1	k141_26081	23588	79.231	130	27	113
GU191334.1	k141_26081	23588	93.056	72	5	108
GU191334.1	k141_26081	23588	76.087	138	24	96.0
GU191334.1	k141_26081	23588	85.714	70	10	82.4
GU191334.1	k141_26081	23588	95.238	42	2	68.0
GU191334.1	k141_26081	23588	87.500	48	6	60.8
GU191334.1	k141_35552	17986	76.968	1728	390	1303
GU191334.1	k141_35552	17986	71.491	1824	483	916
GU191334.1	k141_35552	17986	74.555	1179	251	728
GU191334.1	k141_35552	17986	74.081	1142	284	710
GU191334.1	k141_35552	17986	67.946	808	214	263
GU191334.1	k141_35552	17986	75.962	312	75	225
GU191334.1	k141_35552	17986	91.358	81	7	115
GU191334.1	k141_35552	17986	66.527	478	151	113
GU191334.1	k141_35552	17986	81.053	95	18	91.5
GU191334.1	k141_30711	1883	71.993	1771	455	928
GU191334.1	k141_4423	3298	73.228	889	205	484
GU191334.1	k141_4423	3298	73.228	889	205	484
GU191334.1	k141_4423	3298	77.580	281	61	216
GU191334.1	k141_4423	3298	77.580	281	61	216
GU191334.1	k141_4423	3298	88.525	61	7	79.7
GU191334.1	k141_4423	3298	88.525	61	7	79.7
GU191334.1	k141_33203	9817	74.388	531	127	335
GU191334.1	k141_33203	9817	74.388	531	127	335
GU191334.1	k141_33203	9817	74.518	467	97	286
GU191334.1	k141_33203	9817	74.518	467	97	286
GU191334.1	k141_33203	9817	65.173	491	139	104
GU191334.1	k141_33203	9817	65.173	491	139	104
GU191334.1	k141_33203	9817	76.119	134	30	96.0
GU191334.1	k141_33203	9817	76.119	134	30	96.0
GU191334.1	k141_10381	1912	67.807	848	230	284
GU191334.1	k141_94	2055	71.429	518	144	262
GU191334.1	k141_94	2055	69.382	356	102	131
GU191334.1	k141_94	2055	87.838	74	9	94.2
GU191334.1	k141_33601	3783	97.297	74	2	125
GU191334.1	k141_19935	7191	78.417	139	30	116
GU191334.1	k141_21699	13320	93.421	76	5	115
GU191334.1	k141_20892	7932	89.157	83	9	110
GU191334.1	k141_3047	642	90.789	76	7	106
GU191334.1	k141_15869	2353	90.667	75	7	104
GU191334.1	k141_15869	2353	90.667	75	7	104
GU191334.1	k141_26966	6329	90.667	75	7	104
GU191334.1	k141_26966	6329	90.667	75	7	104
GU191334.1	k141_24869	3588	88.158	76	9	97.8
GU191334.1	k141_28840	2513	87.838	74	9	94.2
GU191334.1	k141_23898	7788	78.641	103	20	85.1
GU191334.1	k141_32379	4643	79.012	81	17	70.7
GU191334.1	k141_22024	6519	91.489	47	4	68.0
GU191334.1	k141_22024	6519	91.489	47	4	68.0
GU191334.1	k141_14186	8209	82.000	50	9	50.9
