MZ962720.1	k141_3067	25191	91.298	7665	435	10787
MZ962720.1	k141_3067	25191	91.298	7665	435	10787
MZ962720.1	k141_3067	25191	90.092	3028	189	4146
MZ962720.1	k141_3067	25191	90.092	3028	189	4146
MZ962720.1	k141_3067	25191	86.116	1635	154	1933
MZ962720.1	k141_3067	25191	86.116	1635	154	1933
MZ962720.1	k141_3067	25191	86.241	705	52	844
MZ962720.1	k141_3067	25191	87.087	635	63	780
MZ962720.1	k141_3067	25191	87.087	635	63	780
MZ962720.1	k141_3067	25191	89.703	437	42	584
MZ962720.1	k141_3067	25191	89.703	437	42	584
MZ962720.1	k141_3067	25191	87.629	291	27	362
MZ962720.1	k141_3067	25191	87.629	291	27	362
MZ962720.1	k141_3067	25191	89.963	269	20	361
MZ962720.1	k141_3067	25191	89.963	269	20	361
MZ962720.1	k141_3067	25191	91.457	199	16	279
MZ962720.1	k141_3067	25191	91.457	199	16	279
MZ962720.1	k141_3067	25191	74.750	400	56	267
MZ962720.1	k141_3067	25191	74.750	400	56	267
MZ962720.1	k141_3067	25191	79.139	302	57	258
MZ962720.1	k141_3067	25191	79.139	302	57	258
MZ962720.1	k141_3067	25191	90.052	191	18	256
MZ962720.1	k141_3067	25191	78.970	233	28	201
MZ962720.1	k141_3067	25191	78.970	233	28	201
MZ962720.1	k141_3067	25191	78.736	174	22	143
MZ962720.1	k141_3067	25191	78.736	174	22	143
MZ962720.1	k141_3067	25191	81.618	136	19	130
MZ962720.1	k141_3067	25191	81.618	136	19	130
MZ962720.1	k141_3067	25191	87.805	82	6	103
MZ962720.1	k141_3067	25191	87.805	82	6	103
MZ962720.1	k141_3067	25191	89.474	76	7	98.7
MZ962720.1	k141_26293	82714	79.995	8403	1473	7493
MZ962720.1	k141_26293	82714	88.091	5223	574	6591
MZ962720.1	k141_26293	82714	79.371	5783	758	4997
MZ962720.1	k141_26293	82714	89.832	2626	244	3531
MZ962720.1	k141_26293	82714	80.622	3184	430	2886
MZ962720.1	k141_26293	82714	82.839	2325	351	2370
MZ962720.1	k141_26293	82714	88.263	1474	173	1879
MZ962720.1	k141_26293	82714	80.918	1787	265	1687
MZ962720.1	k141_26293	82714	78.841	1933	365	1619
MZ962720.1	k141_26293	82714	76.070	2173	334	1526
MZ962720.1	k141_26293	82714	89.820	1110	111	1486
MZ962720.1	k141_26293	82714	75.074	2018	412	1342
MZ962720.1	k141_26293	82714	76.381	1575	313	1127
MZ962720.1	k141_26293	82714	82.749	1026	119	1051
MZ962720.1	k141_26293	82714	87.516	785	92	971
MZ962720.1	k141_26293	82714	68.247	2447	605	854
MZ962720.1	k141_26293	82714	84.218	678	94	735
MZ962720.1	k141_26293	82714	70.702	1239	246	591
MZ962720.1	k141_26293	82714	73.033	953	212	579
MZ962720.1	k141_26293	82714	75.253	691	102	457
MZ962720.1	k141_26293	82714	78.664	539	115	454
MZ962720.1	k141_26293	82714	78.664	539	115	454
MZ962720.1	k141_26293	82714	74.079	706	94	453
MZ962720.1	k141_26293	82714	71.181	923	153	437
MZ962720.1	k141_26293	82714	69.618	1152	211	418
MZ962720.1	k141_26293	82714	81.609	435	61	415
MZ962720.1	k141_26293	82714	68.839	982	213	390
MZ962720.1	k141_26293	82714	68.212	1208	246	383
MZ962720.1	k141_26293	82714	72.950	695	144	379
MZ962720.1	k141_26293	82714	75.629	517	99	349
MZ962720.1	k141_26293	82714	66.137	1258	274	310
MZ962720.1	k141_26293	82714	76.804	388	79	296
MZ962720.1	k141_26293	82714	70.571	666	144	293
MZ962720.1	k141_26293	82714	86.066	244	29	283
MZ962720.1	k141_26293	82714	75.462	379	54	282
MZ962720.1	k141_26293	82714	86.087	230	27	271
MZ962720.1	k141_26293	82714	85.903	227	22	257
MZ962720.1	k141_26293	82714	70.275	545	116	254
MZ962720.1	k141_26293	82714	75.385	390	70	250
MZ962720.1	k141_26293	82714	85.714	210	21	248
MZ962720.1	k141_26293	82714	85.714	210	21	248
MZ962720.1	k141_26293	82714	83.262	233	38	242
MZ962720.1	k141_26293	82714	82.645	242	29	233
MZ962720.1	k141_26293	82714	83.333	216	24	221
MZ962720.1	k141_26293	82714	83.333	216	24	221
MZ962720.1	k141_26293	82714	68.980	490	79	215
MZ962720.1	k141_26293	82714	68.980	490	79	215
MZ962720.1	k141_26293	82714	90.123	162	9	214
MZ962720.1	k141_26293	82714	86.111	180	20	208
MZ962720.1	k141_26293	82714	81.313	198	30	193
MZ962720.1	k141_26293	82714	81.313	198	30	193
MZ962720.1	k141_26293	82714	77.642	246	47	190
MZ962720.1	k141_26293	82714	90.299	134	12	180
MZ962720.1	k141_26293	82714	78.281	221	43	178
MZ962720.1	k141_26293	82714	79.474	190	31	157
MZ962720.1	k141_26293	82714	79.474	190	31	157
MZ962720.1	k141_26293	82714	70.886	316	43	155
MZ962720.1	k141_26293	82714	96.703	91	3	151
MZ962720.1	k141_26293	82714	76.355	203	48	150
MZ962720.1	k141_26293	82714	97.727	88	2	150
MZ962720.1	k141_26293	82714	75.701	214	40	150
MZ962720.1	k141_26293	82714	80.247	162	32	149
MZ962720.1	k141_26293	82714	92.308	104	7	149
MZ962720.1	k141_26293	82714	76.168	214	33	146
MZ962720.1	k141_26293	82714	94.444	90	5	141
MZ962720.1	k141_26293	82714	69.037	436	80	138
MZ962720.1	k141_26293	82714	79.012	162	33	136
MZ962720.1	k141_26293	82714	66.545	550	160	131
MZ962720.1	k141_26293	82714	85.981	107	14	123
MZ962720.1	k141_26293	82714	92.593	81	6	120
MZ962720.1	k141_26293	82714	89.888	89	6	119
MZ962720.1	k141_26293	82714	89.888	89	6	119
MZ962720.1	k141_26293	82714	79.167	144	23	118
MZ962720.1	k141_26293	82714	95.890	73	2	115
MZ962720.1	k141_26293	82714	94.521	73	4	114
MZ962720.1	k141_26293	82714	93.333	75	4	110
MZ962720.1	k141_26293	82714	77.622	143	26	106
MZ962720.1	k141_26293	82714	77.397	146	28	106
MZ962720.1	k141_26293	82714	78.740	127	20	101
MZ962720.1	k141_26293	82714	73.006	163	44	96.9
MZ962720.1	k141_26293	82714	81.111	90	17	86.9
MZ962720.1	k141_26293	82714	81.111	90	17	86.9
MZ962720.1	k141_26293	82714	81.111	90	17	86.9
MZ962720.1	k141_26293	82714	77.885	104	17	86.0
MZ962720.1	k141_26293	82714	77.885	104	17	86.0
MZ962720.1	k141_26293	82714	86.111	72	10	86.0
MZ962720.1	k141_26293	82714	78.218	101	22	84.2
MZ962720.1	k141_26293	82714	78.947	95	13	84.2
MZ962720.1	k141_26293	82714	73.333	135	36	82.4
MZ962720.1	k141_26293	82714	74.528	106	27	70.7
MZ962720.1	k141_26293	82714	73.529	102	27	63.5
MZ962720.1	k141_26293	82714	73.529	102	27	63.5
MZ962720.1	k141_26293	82714	73.134	67	18	41.0
MZ962720.1	k141_4360	12385	80.536	4475	679	4110
MZ962720.1	k141_4360	12385	80.536	4475	679	4110
MZ962720.1	k141_4360	12385	79.528	1993	386	1721
MZ962720.1	k141_4360	12385	84.654	593	89	653
MZ962720.1	k141_4360	12385	84.654	593	89	653
MZ962720.1	k141_4360	12385	79.156	379	73	320
MZ962720.1	k141_10905	9996	76.597	2239	477	1633
MZ962720.1	k141_10905	9996	76.597	2239	477	1633
MZ962720.1	k141_10905	9996	75.497	955	211	644
MZ962720.1	k141_10905	9996	75.497	955	211	644
MZ962720.1	k141_10905	9996	88.776	98	10	124
MZ962720.1	k141_10905	9996	88.776	98	10	124
MZ962720.1	k141_944	2017	71.535	1479	359	740
MZ962720.1	k141_944	2017	71.535	1479	359	740
MZ962720.1	k141_51471	1308	73.214	952	191	535
MZ962720.1	k141_51471	1308	73.214	952	191	535
MZ962720.1	k141_18139	89957	70.823	1155	273	514
MZ962720.1	k141_18139	89957	70.823	1155	273	514
MZ962720.1	k141_18139	89957	72.009	886	206	433
MZ962720.1	k141_18139	89957	72.009	886	206	433
MZ962720.1	k141_18139	89957	92.308	78	6	114
MZ962720.1	k141_18139	89957	64.854	515	153	98.7
MZ962720.1	k141_18139	89957	64.854	515	153	98.7
MZ962720.1	k141_18139	89957	82.474	97	16	96.0
MZ962720.1	k141_18139	89957	82.474	97	16	96.0
MZ962720.1	k141_18139	89957	85.542	83	10	94.2
MZ962720.1	k141_18139	89957	88.525	61	7	79.7
MZ962720.1	k141_18139	89957	88.525	61	7	79.7
MZ962720.1	k141_18139	89957	88.525	61	7	79.7
MZ962720.1	k141_18139	89957	77.273	66	15	52.7
MZ962720.1	k141_50780	378	81.266	379	40	365
MZ962720.1	k141_50780	378	81.266	379	40	365
MZ962720.1	k141_31232	15650	82.569	327	34	332
MZ962720.1	k141_31232	15650	82.569	327	34	332
MZ962720.1	k141_31232	15650	89.888	178	11	242
MZ962720.1	k141_31232	15650	89.888	178	11	242
MZ962720.1	k141_48530	1084	71.143	700	153	315
MZ962720.1	k141_48530	1084	71.143	700	153	315
MZ962720.1	k141_54427	965	74.359	429	76	264
MZ962720.1	k141_54427	965	74.359	429	76	264
MZ962720.1	k141_54427	965	70.968	310	58	142
MZ962720.1	k141_764	7665	97.857	140	3	240
MZ962720.1	k141_764	7665	97.857	140	3	240
MZ962720.1	k141_55683	23885	66.018	771	223	205
MZ962720.1	k141_28677	415	86.992	123	16	150
MZ962720.1	k141_28677	415	86.992	123	16	150
MZ962720.1	k141_16107	10877	88.136	118	14	150
MZ962720.1	k141_16107	10877	84.848	66	7	73.4
MZ962720.1	k141_4842	7492	93.684	95	6	145
MZ962720.1	k141_4842	7492	93.684	95	6	145
MZ962720.1	k141_20203	21450	97.619	84	2	143
MZ962720.1	k141_20203	21450	78.226	124	13	106
MZ962720.1	k141_35970	20882	96.341	82	3	135
MZ962720.1	k141_35970	20882	96.341	82	3	135
MZ962720.1	k141_35970	20882	90.698	43	4	60.8
MZ962720.1	k141_35398	307	77.381	168	35	122
MZ962720.1	k141_35398	307	77.381	168	35	122
MZ962720.1	k141_48529	38892	89.157	83	9	110
MZ962720.1	k141_48529	38892	84.783	46	7	52.7
MZ962720.1	k141_48529	38892	84.783	46	7	52.7
MZ962720.1	k141_56660	1030	93.750	64	4	98.7
MZ962720.1	k141_56660	1030	93.750	64	4	98.7
MZ962720.1	k141_56660	1030	93.750	64	4	98.7
MZ962720.1	k141_43864	389	90.141	71	7	97.8
MZ962720.1	k141_43864	389	90.141	71	7	97.8
MZ962720.1	k141_20900	618	91.045	67	5	91.5
MZ962720.1	k141_27205	13658	71.508	179	47	88.7
MZ962720.1	k141_27205	13658	71.508	179	47	88.7
MZ962720.1	k141_5628	420	73.723	137	36	86.0
MZ962720.1	k141_37740	9158	88.333	60	7	77.9
MZ962720.1	k141_7653	5516	71.852	135	34	68.0
MZ962720.1	k141_53079	342	76.744	86	17	59.9
MZ962720.1	k141_42020	554	77.778	63	14	51.8
MZ962720.1	k141_42020	554	77.778	63	14	51.8
MZ962720.1	k141_27252	417	76.190	63	15	47.3
MZ962720.1	k141_27252	417	76.190	63	15	47.3
MZ962720.1	k141_51168	399	82.927	41	7	43.7
MH569081.1	k141_26293	82714	87.665	5440	596	6763
MH569081.1	k141_26293	82714	79.034	7431	1151	6307
MH569081.1	k141_26293	82714	83.026	3965	598	4112
MH569081.1	k141_26293	82714	89.341	2580	265	3409
MH569081.1	k141_26293	82714	84.503	2123	303	2329
MH569081.1	k141_26293	82714	85.803	1930	262	2243
MH569081.1	k141_26293	82714	87.508	1505	188	1867
MH569081.1	k141_26293	82714	83.102	1728	238	1786
MH569081.1	k141_26293	82714	84.823	1555	210	1746
MH569081.1	k141_26293	82714	86.553	1465	147	1728
MH569081.1	k141_26293	82714	77.773	2236	320	1695
MH569081.1	k141_26293	82714	79.293	1951	351	1687
MH569081.1	k141_26293	82714	81.093	1756	262	1675
MH569081.1	k141_26293	82714	74.800	2246	485	1496
MH569081.1	k141_26293	82714	80.074	1611	299	1452
MH569081.1	k141_26293	82714	78.125	1568	286	1239
MH569081.1	k141_26293	82714	85.207	1014	113	1137
MH569081.1	k141_26293	82714	70.675	2370	542	1058
MH569081.1	k141_26293	82714	73.305	1652	311	920
MH569081.1	k141_26293	82714	84.984	626	82	703
MH569081.1	k141_26293	82714	76.337	972	143	691
MH569081.1	k141_26293	82714	81.583	695	124	676
MH569081.1	k141_26293	82714	72.217	1051	195	559
MH569081.1	k141_26293	82714	70.000	1220	200	543
MH569081.1	k141_26293	82714	77.948	653	101	496
MH569081.1	k141_26293	82714	69.184	1311	285	480
MH569081.1	k141_26293	82714	71.498	828	111	421
MH569081.1	k141_26293	82714	87.342	316	35	390
MH569081.1	k141_26293	82714	81.325	332	35	313
MH569081.1	k141_26293	82714	71.315	631	115	310
MH569081.1	k141_26293	82714	81.150	313	50	294
MH569081.1	k141_26293	82714	78.249	354	63	278
MH569081.1	k141_26293	82714	74.194	403	81	243
MH569081.1	k141_26293	82714	77.778	306	67	242
MH569081.1	k141_26293	82714	74.611	386	56	234
MH569081.1	k141_26293	82714	79.828	233	15	224
MH569081.1	k141_26293	82714	84.772	197	24	222
MH569081.1	k141_26293	82714	83.036	224	26	222
MH569081.1	k141_26293	82714	83.036	224	26	222
MH569081.1	k141_26293	82714	74.839	310	69	207
MH569081.1	k141_26293	82714	74.839	310	69	207
MH569081.1	k141_26293	82714	83.854	192	21	203
MH569081.1	k141_26293	82714	79.399	233	47	201
MH569081.1	k141_26293	82714	69.305	518	87	197
MH569081.1	k141_26293	82714	75.445	281	69	196
MH569081.1	k141_26293	82714	87.342	158	20	196
MH569081.1	k141_26293	82714	84.337	166	26	183
MH569081.1	k141_26293	82714	88.652	141	16	183
MH569081.1	k141_26293	82714	76.923	221	32	159
MH569081.1	k141_26293	82714	95.506	89	3	140
MH569081.1	k141_26293	82714	83.969	131	20	139
MH569081.1	k141_26293	82714	100.000	74	0	134
MH569081.1	k141_26293	82714	66.983	421	125	128
MH569081.1	k141_26293	82714	90.110	91	9	124
MH569081.1	k141_26293	82714	80.435	138	22	123
MH569081.1	k141_26293	82714	89.247	93	10	123
MH569081.1	k141_26293	82714	72.430	214	47	123
MH569081.1	k141_26293	82714	75.287	174	32	117
MH569081.1	k141_26293	82714	93.243	74	5	112
MH569081.1	k141_26293	82714	73.939	165	43	104
MH569081.1	k141_26293	82714	74.757	103	26	69.8
MH569081.1	k141_26293	82714	82.090	67	12	68.0
MH569081.1	k141_26293	82714	91.111	45	4	64.4
MH569081.1	k141_26293	82714	91.111	45	4	64.4
MH569081.1	k141_26293	82714	76.056	71	17	52.7
MH569081.1	k141_26293	82714	67.516	157	49	47.3
MH569081.1	k141_26293	82714	79.592	49	10	44.6
MH569081.1	k141_3067	25191	91.640	4354	232	6209
MH569081.1	k141_3067	25191	91.640	4354	232	6209
MH569081.1	k141_3067	25191	93.296	3028	126	4534
MH569081.1	k141_3067	25191	93.296	3028	126	4534
MH569081.1	k141_3067	25191	92.310	2848	150	4135
MH569081.1	k141_3067	25191	92.310	2848	150	4135
MH569081.1	k141_3067	25191	90.342	2278	117	3102
MH569081.1	k141_3067	25191	90.342	2278	117	3102
MH569081.1	k141_3067	25191	85.117	1149	121	1266
MH569081.1	k141_3067	25191	85.117	1149	121	1266
MH569081.1	k141_3067	25191	83.523	880	126	924
MH569081.1	k141_3067	25191	83.523	880	126	924
MH569081.1	k141_3067	25191	81.054	797	98	742
MH569081.1	k141_3067	25191	81.054	797	98	742
MH569081.1	k141_3067	25191	78.288	806	104	639
MH569081.1	k141_3067	25191	78.288	806	104	639
MH569081.1	k141_3067	25191	91.034	435	38	606
MH569081.1	k141_3067	25191	91.034	435	38	606
MH569081.1	k141_3067	25191	83.117	462	50	471
MH569081.1	k141_3067	25191	83.117	462	50	471
MH569081.1	k141_3067	25191	76.010	396	36	326
MH569081.1	k141_3067	25191	76.010	396	36	326
MH569081.1	k141_3067	25191	83.929	224	18	250
MH569081.1	k141_3067	25191	83.929	224	18	250
MH569081.1	k141_3067	25191	79.412	102	16	86.0
MH569081.1	k141_3067	25191	97.674	43	1	74.3
MH569081.1	k141_3067	25191	97.674	43	1	74.3
MH569081.1	k141_3067	25191	94.872	39	2	62.6
MH569081.1	k141_4360	12385	77.537	4385	767	3425
MH569081.1	k141_4360	12385	82.591	1953	303	1974
MH569081.1	k141_4360	12385	76.110	1126	229	801
MH569081.1	k141_4360	12385	77.695	538	89	426
MH569081.1	k141_4360	12385	91.000	100	9	141
MH569081.1	k141_4360	12385	91.000	100	9	141
MH569081.1	k141_4360	12385	93.023	43	3	65.3
MH569081.1	k141_4360	12385	93.023	43	3	65.3
MH569081.1	k141_4360	12385	80.851	47	9	45.5
MH569081.1	k141_10905	9996	77.461	2245	445	1751
MH569081.1	k141_10905	9996	77.461	2245	445	1751
MH569081.1	k141_10905	9996	75.265	1132	245	753
MH569081.1	k141_10905	9996	75.265	1132	245	753
MH569081.1	k141_944	2017	73.499	1249	292	751
MH569081.1	k141_944	2017	73.499	1249	292	751
MH569081.1	k141_944	2017	77.083	144	31	109
MH569081.1	k141_944	2017	77.083	144	31	109
MH569081.1	k141_51471	1308	78.170	907	190	724
MH569081.1	k141_51471	1308	78.170	907	190	724
MH569081.1	k141_18139	89957	71.043	1150	275	517
MH569081.1	k141_18139	89957	71.043	1150	275	517
MH569081.1	k141_18139	89957	72.551	878	208	460
MH569081.1	k141_18139	89957	72.551	878	208	460
MH569081.1	k141_18139	89957	75.120	209	50	136
MH569081.1	k141_18139	89957	75.120	209	50	136
MH569081.1	k141_18139	89957	94.521	73	4	114
MH569081.1	k141_18139	89957	80.412	97	19	90.6
MH569081.1	k141_18139	89957	80.412	97	19	90.6
MH569081.1	k141_18139	89957	83.750	80	13	86.9
MH569081.1	k141_18139	89957	90.164	61	6	84.2
MH569081.1	k141_18139	89957	90.164	61	6	84.2
MH569081.1	k141_18139	89957	71.338	157	40	72.5
MH569081.1	k141_18139	89957	71.338	157	40	72.5
MH569081.1	k141_18139	89957	80.000	70	14	64.4
MH569081.1	k141_50780	378	84.169	379	23	420
MH569081.1	k141_50780	378	84.169	379	23	420
MH569081.1	k141_48530	1084	68.536	963	225	324
MH569081.1	k141_48530	1084	68.536	963	225	324
MH569081.1	k141_54427	965	74.648	426	78	273
MH569081.1	k141_54427	965	74.648	426	78	273
MH569081.1	k141_31232	15650	91.351	185	9	264
MH569081.1	k141_31232	15650	91.351	185	9	264
MH569081.1	k141_31232	15650	76.873	307	35	231
MH569081.1	k141_31232	15650	76.873	307	35	231
MH569081.1	k141_764	7665	97.857	140	3	240
MH569081.1	k141_764	7665	97.857	140	3	240
MH569081.1	k141_55683	23885	72.727	429	109	236
MH569081.1	k141_55683	23885	75.281	89	22	62.6
MH569081.1	k141_20203	21450	67.935	552	85	191
MH569081.1	k141_4842	7492	86.232	138	13	160
MH569081.1	k141_4842	7492	86.232	138	13	160
MH569081.1	k141_16107	10877	90.435	115	11	159
MH569081.1	k141_28677	415	87.395	119	15	148
MH569081.1	k141_45153	418	85.600	125	18	145
MH569081.1	k141_35398	307	75.664	226	47	145
MH569081.1	k141_35398	307	75.664	226	47	145
MH569081.1	k141_35970	20882	97.561	82	2	140
MH569081.1	k141_35970	20882	97.561	82	2	140
MH569081.1	k141_35970	20882	93.023	43	3	65.3
MH569081.1	k141_48529	38892	90.361	83	8	114
MH569081.1	k141_48529	38892	82.927	41	7	43.7
MH569081.1	k141_56660	1030	96.875	64	2	107
MH569081.1	k141_56660	1030	96.875	64	2	107
MH569081.1	k141_27205	13658	73.184	179	44	102
MH569081.1	k141_27205	13658	73.184	179	44	102
MH569081.1	k141_37740	9158	91.667	60	5	86.9
MH569081.1	k141_53079	342	79.245	106	15	86.0
MH569081.1	k141_20900	618	82.192	73	13	74.3
MH569081.1	k141_5628	420	71.034	145	42	73.4
MH569081.1	k141_7653	5516	73.832	107	26	60.8
MH569081.1	k141_42628	486	74.648	71	18	48.2
MH569081.1	k141_42628	486	74.648	71	18	48.2
NC_033978.1	k141_26293	82714	86.864	13886	1347	16825
NC_033978.1	k141_26293	82714	81.859	10115	1000	10014
NC_033978.1	k141_26293	82714	89.219	6706	493	8785
NC_033978.1	k141_26293	82714	84.282	6960	652	7689
NC_033978.1	k141_26293	82714	85.412	4730	481	5433
NC_033978.1	k141_26293	82714	86.989	3520	299	4278
NC_033978.1	k141_26293	82714	87.265	2984	254	3701
NC_033978.1	k141_26293	82714	85.845	2402	208	2774
NC_033978.1	k141_26293	82714	85.437	2321	276	2628
NC_033978.1	k141_26293	82714	81.787	2641	393	2566
NC_033978.1	k141_26293	82714	81.369	2673	307	2559
NC_033978.1	k141_26293	82714	86.667	2025	200	2440
NC_033978.1	k141_26293	82714	91.229	1334	98	1878
NC_033978.1	k141_26293	82714	78.933	1818	195	1573
NC_033978.1	k141_26293	82714	85.328	1220	129	1371
NC_033978.1	k141_26293	82714	81.804	1308	143	1291
NC_033978.1	k141_26293	82714	73.785	2037	285	1270
NC_033978.1	k141_26293	82714	79.778	1261	139	1104
NC_033978.1	k141_26293	82714	83.578	1023	98	1079
NC_033978.1	k141_26293	82714	78.760	1097	112	911
NC_033978.1	k141_26293	82714	73.661	1363	193	859
NC_033978.1	k141_26293	82714	77.135	1054	130	825
NC_033978.1	k141_26293	82714	69.831	1538	175	763
NC_033978.1	k141_26293	82714	79.522	669	85	569
NC_033978.1	k141_26293	82714	78.907	659	70	539
NC_033978.1	k141_26293	82714	80.392	459	52	412
NC_033978.1	k141_26293	82714	71.818	550	75	298
NC_033978.1	k141_26293	82714	77.879	330	40	256
NC_033978.1	k141_26293	82714	92.908	141	5	210
NC_033978.1	k141_26293	82714	92.908	141	5	210
NC_033978.1	k141_26293	82714	92.908	141	5	210
NC_033978.1	k141_26293	82714	72.222	342	59	190
NC_033978.1	k141_26293	82714	74.717	265	42	168
NC_033978.1	k141_26293	82714	89.600	125	12	164
NC_033978.1	k141_26293	82714	77.778	207	27	161
NC_033978.1	k141_26293	82714	95.960	99	3	158
NC_033978.1	k141_26293	82714	75.664	226	31	155
NC_033978.1	k141_26293	82714	81.046	153	25	145
NC_033978.1	k141_26293	82714	80.488	123	20	113
NC_033978.1	k141_26293	82714	65.455	550	166	113
NC_033978.1	k141_26293	82714	65.909	440	142	107
NC_033978.1	k141_26293	82714	93.182	44	3	67.1
NC_033978.1	k141_26293	82714	94.872	39	2	62.6
NC_033978.1	k141_26293	82714	94.872	39	2	62.6
NC_033978.1	k141_26293	82714	92.500	40	3	59.9
NC_033978.1	k141_26293	82714	72.619	84	10	47.3
NC_033978.1	k141_3067	25191	94.628	10666	348	16643
NC_033978.1	k141_3067	25191	95.018	10417	294	16438
NC_033978.1	k141_3067	25191	94.357	6131	215	9539
NC_033978.1	k141_3067	25191	94.357	6131	215	9539
NC_033978.1	k141_3067	25191	95.044	4782	129	7559
NC_033978.1	k141_3067	25191	95.044	4782	129	7559
NC_033978.1	k141_3067	25191	96.137	2304	62	3761
NC_033978.1	k141_3067	25191	96.137	2304	62	3761
NC_033978.1	k141_3067	25191	91.221	729	25	1044
NC_033978.1	k141_3067	25191	91.221	729	25	1044
NC_033978.1	k141_3067	25191	96.920	487	10	811
NC_033978.1	k141_3067	25191	96.920	487	10	811
NC_033978.1	k141_3067	25191	94.444	54	3	85.1
NC_033978.1	k141_3067	25191	94.444	54	3	85.1
NC_033978.1	k141_3067	25191	97.436	39	1	67.1
NC_033978.1	k141_3067	25191	90.476	42	4	59.0
NC_033978.1	k141_3067	25191	84.211	38	6	42.8
NC_033978.1	k141_4360	12385	80.883	5822	739	5535
NC_033978.1	k141_4360	12385	85.637	3335	389	3797
NC_033978.1	k141_4360	12385	73.269	2918	592	1790
NC_033978.1	k141_4360	12385	73.066	349	79	211
NC_033978.1	k141_10905	9996	84.213	2445	313	2663
NC_033978.1	k141_10905	9996	84.213	2445	313	2663
NC_033978.1	k141_10905	9996	79.783	1380	234	1214
NC_033978.1	k141_10905	9996	79.783	1380	234	1214
NC_033978.1	k141_10905	9996	81.557	244	33	226
NC_033978.1	k141_10905	9996	81.557	244	33	226
NC_033978.1	k141_10905	9996	78.014	141	31	115
NC_033978.1	k141_10905	9996	78.014	141	31	115
NC_033978.1	k141_51471	1308	79.890	905	178	802
NC_033978.1	k141_51471	1308	79.890	905	178	802
NC_033978.1	k141_944	2017	71.534	1486	357	752
NC_033978.1	k141_944	2017	71.534	1486	357	752
NC_033978.1	k141_50780	378	89.683	378	14	502
NC_033978.1	k141_50780	378	89.683	378	14	502
NC_033978.1	k141_18139	89957	72.862	877	207	465
NC_033978.1	k141_18139	89957	72.862	877	207	465
NC_033978.1	k141_18139	89957	74.436	532	125	339
NC_033978.1	k141_18139	89957	74.436	532	125	339
NC_033978.1	k141_18139	89957	75.161	467	94	290
NC_033978.1	k141_18139	89957	75.161	467	94	290
NC_033978.1	k141_18139	89957	78.292	281	59	225
NC_033978.1	k141_18139	89957	78.292	281	59	225
NC_033978.1	k141_18139	89957	93.671	79	5	121
NC_033978.1	k141_18139	89957	92.500	80	6	118
NC_033978.1	k141_18139	89957	65.896	519	143	115
NC_033978.1	k141_18139	89957	65.896	519	143	115
NC_033978.1	k141_18139	89957	86.885	61	8	75.2
NC_033978.1	k141_18139	89957	86.885	61	8	75.2
NC_033978.1	k141_18139	89957	77.049	61	14	48.2
NC_033978.1	k141_18139	89957	85.714	35	5	41.9
NC_033978.1	k141_18139	89957	85.714	35	5	41.9
NC_033978.1	k141_31232	15650	87.291	299	16	370
NC_033978.1	k141_31232	15650	87.291	299	16	370
NC_033978.1	k141_31232	15650	91.892	185	8	269
NC_033978.1	k141_31232	15650	91.892	185	8	269
NC_033978.1	k141_48530	1084	69.592	957	215	366
NC_033978.1	k141_48530	1084	69.592	957	215	366
NC_033978.1	k141_54427	965	75.176	427	74	277
NC_033978.1	k141_54427	965	75.176	427	74	277
NC_033978.1	k141_20203	21450	70.956	544	73	269
NC_033978.1	k141_764	7665	98.571	140	2	244
NC_033978.1	k141_764	7665	98.571	140	2	244
NC_033978.1	k141_55683	23885	66.794	786	216	237
NC_033978.1	k141_52097	489	95.804	143	6	232
NC_033978.1	k141_52097	489	95.804	143	6	232
NC_033978.1	k141_45153	418	95.588	136	6	219
NC_033978.1	k141_4842	7492	86.471	170	21	201
NC_033978.1	k141_4842	7492	86.471	170	21	201
NC_033978.1	k141_28677	415	91.525	118	10	168
NC_033978.1	k141_16107	10877	83.453	139	14	147
NC_033978.1	k141_16107	10877	78.626	131	18	102
NC_033978.1	k141_16107	10877	71.809	188	43	101
NC_033978.1	k141_35970	20882	97.561	82	2	140
NC_033978.1	k141_35970	20882	83.117	77	7	77.9
NC_033978.1	k141_48529	38892	95.181	83	4	132
NC_033978.1	k141_35398	307	76.344	186	42	131
NC_033978.1	k141_35398	307	76.344	186	42	131
NC_033978.1	k141_53079	342	84.906	106	9	113
NC_033978.1	k141_56660	1030	96.875	64	2	107
NC_033978.1	k141_56660	1030	96.875	64	2	107
NC_033978.1	k141_27205	13658	72.539	193	49	104
NC_033978.1	k141_27205	13658	72.539	193	49	104
NC_033978.1	k141_20900	618	90.667	75	7	104
NC_033978.1	k141_5628	420	76.224	143	33	102
NC_033978.1	k141_37740	9158	96.667	60	2	100
NC_033978.1	k141_43864	389	90.278	72	7	99.6
NC_033978.1	k141_7653	5516	77.500	80	18	64.4
NC_033978.1	k141_20449	487	88.372	43	5	56.3
NC_033978.1	k141_20449	487	88.372	43	5	56.3
NC_033978.1	k141_42628	486	74.648	71	18	48.2
NC_033978.1	k141_42628	486	74.648	71	18	48.2
MW006668.1	k141_3067	25191	94.325	8299	242	12874
MW006668.1	k141_3067	25191	94.325	8299	242	12874
MW006668.1	k141_3067	25191	91.145	4856	329	6789
MW006668.1	k141_3067	25191	88.265	1176	103	1513
MW006668.1	k141_3067	25191	75.120	2078	288	1443
MW006668.1	k141_3067	25191	80.101	794	114	697
MW006668.1	k141_3067	25191	90.192	469	36	639
MW006668.1	k141_3067	25191	90.192	469	36	639
MW006668.1	k141_3067	25191	77.027	814	115	627
MW006668.1	k141_3067	25191	76.061	589	60	469
MW006668.1	k141_3067	25191	84.343	396	51	432
MW006668.1	k141_3067	25191	88.136	295	24	367
MW006668.1	k141_3067	25191	88.136	295	24	367
MW006668.1	k141_3067	25191	79.060	234	31	191
MW006668.1	k141_3067	25191	83.784	148	15	159
MW006668.1	k141_3067	25191	83.784	148	15	159
MW006668.1	k141_3067	25191	83.824	136	13	146
MW006668.1	k141_3067	25191	65.854	410	101	122
MW006668.1	k141_3067	25191	65.854	410	101	122
MW006668.1	k141_3067	25191	84.762	105	12	113
MW006668.1	k141_3067	25191	64.453	512	137	104
MW006668.1	k141_3067	25191	69.820	222	55	87.8
MW006668.1	k141_3067	25191	69.820	222	55	87.8
MW006668.1	k141_3067	25191	69.820	222	55	87.8
MW006668.1	k141_3067	25191	69.820	222	55	87.8
MW006668.1	k141_3067	25191	69.820	222	55	87.8
MW006668.1	k141_3067	25191	69.820	222	55	87.8
MW006668.1	k141_3067	25191	69.091	220	60	85.1
MW006668.1	k141_3067	25191	69.091	220	60	85.1
MW006668.1	k141_3067	25191	69.399	183	44	85.1
MW006668.1	k141_3067	25191	69.399	183	44	85.1
MW006668.1	k141_3067	25191	69.399	183	44	85.1
MW006668.1	k141_3067	25191	69.399	183	44	85.1
MW006668.1	k141_3067	25191	69.369	222	56	83.3
MW006668.1	k141_3067	25191	69.369	222	56	83.3
MW006668.1	k141_3067	25191	69.369	222	56	83.3
MW006668.1	k141_3067	25191	69.369	222	56	83.3
MW006668.1	k141_3067	25191	73.770	122	20	83.3
MW006668.1	k141_3067	25191	73.770	122	20	83.3
MW006668.1	k141_3067	25191	69.189	185	44	80.6
MW006668.1	k141_3067	25191	97.619	42	1	72.5
MW006668.1	k141_3067	25191	97.619	42	1	72.5
MW006668.1	k141_3067	25191	90.476	42	4	59.0
MW006668.1	k141_3067	25191	84.314	51	8	57.2
MW006668.1	k141_3067	25191	75.000	80	20	55.4
MW006668.1	k141_3067	25191	75.000	80	20	55.4
MW006668.1	k141_3067	25191	75.000	80	20	55.4
MW006668.1	k141_3067	25191	75.000	80	20	55.4
MW006668.1	k141_3067	25191	86.364	44	6	53.6
MW006668.1	k141_3067	25191	71.429	84	24	44.6
MW006668.1	k141_3067	25191	71.429	84	24	44.6
MW006668.1	k141_3067	25191	84.211	38	6	42.8
MW006668.1	k141_26293	82714	84.231	9316	1186	10181
MW006668.1	k141_26293	82714	91.187	5560	434	7774
MW006668.1	k141_26293	82714	84.557	5763	547	6438
MW006668.1	k141_26293	82714	86.468	4567	456	5443
MW006668.1	k141_26293	82714	88.522	3389	367	4351
MW006668.1	k141_26293	82714	86.539	3603	343	4314
MW006668.1	k141_26293	82714	81.165	4205	536	3987
MW006668.1	k141_26293	82714	79.231	3173	476	2732
MW006668.1	k141_26293	82714	75.479	3915	570	2701
MW006668.1	k141_26293	82714	85.103	2289	258	2544
MW006668.1	k141_26293	82714	84.622	2224	257	2429
MW006668.1	k141_26293	82714	76.346	3251	427	2385
MW006668.1	k141_26293	82714	86.305	1935	244	2278
MW006668.1	k141_26293	82714	74.365	2637	397	1690
MW006668.1	k141_26293	82714	79.817	1863	287	1678
MW006668.1	k141_26293	82714	78.047	1690	240	1386
MW006668.1	k141_26293	82714	91.247	914	72	1282
MW006668.1	k141_26293	82714	91.247	914	72	1282
MW006668.1	k141_26293	82714	80.060	1339	206	1154
MW006668.1	k141_26293	82714	73.767	1643	261	1003
MW006668.1	k141_26293	82714	78.394	1208	152	997
MW006668.1	k141_26293	82714	78.394	1208	152	997
MW006668.1	k141_26293	82714	75.945	1376	203	966
MW006668.1	k141_26293	82714	85.450	756	80	850
MW006668.1	k141_26293	82714	75.102	1221	184	832
MW006668.1	k141_26293	82714	76.354	757	109	554
MW006668.1	k141_26293	82714	76.354	757	109	554
MW006668.1	k141_26293	82714	73.072	739	109	450
MW006668.1	k141_26293	82714	88.474	321	18	412
MW006668.1	k141_26293	82714	73.466	603	84	381
MW006668.1	k141_26293	82714	80.051	396	54	354
MW006668.1	k141_26293	82714	80.000	390	49	343
MW006668.1	k141_26293	82714	80.000	390	49	343
MW006668.1	k141_26293	82714	71.218	476	49	285
MW006668.1	k141_26293	82714	66.469	1011	191	271
MW006668.1	k141_26293	82714	78.205	312	40	255
MW006668.1	k141_26293	82714	71.724	435	62	227
MW006668.1	k141_26293	82714	70.354	452	97	209
MW006668.1	k141_26293	82714	67.572	663	135	209
MW006668.1	k141_26293	82714	80.660	212	32	179
MW006668.1	k141_26293	82714	74.460	278	32	172
MW006668.1	k141_26293	82714	89.313	131	13	170
MW006668.1	k141_26293	82714	77.674	215	30	166
MW006668.1	k141_26293	82714	79.006	181	27	157
MW006668.1	k141_26293	82714	80.571	175	23	155
MW006668.1	k141_26293	82714	76.818	220	34	151
MW006668.1	k141_26293	82714	72.047	254	43	137
MW006668.1	k141_26293	82714	76.471	170	40	127
MW006668.1	k141_26293	82714	92.941	85	6	127
MW006668.1	k141_26293	82714	77.922	154	24	125
MW006668.1	k141_26293	82714	94.872	78	4	123
MW006668.1	k141_26293	82714	94.872	78	4	123
MW006668.1	k141_26293	82714	76.433	157	35	114
MW006668.1	k141_26293	82714	78.322	143	19	112
MW006668.1	k141_26293	82714	78.322	143	19	112
MW006668.1	k141_26293	82714	66.339	407	119	102
MW006668.1	k141_26293	82714	81.481	81	15	79.7
MW006668.1	k141_26293	82714	93.478	46	3	70.7
MW006668.1	k141_26293	82714	89.796	49	5	67.1
MW006668.1	k141_26293	82714	89.796	49	5	67.1
MW006668.1	k141_26293	82714	68.927	177	53	65.3
MW006668.1	k141_26293	82714	84.211	57	9	63.5
MW006668.1	k141_26293	82714	84.211	57	9	63.5
MW006668.1	k141_26293	82714	94.872	39	2	62.6
MW006668.1	k141_26293	82714	94.872	39	2	62.6
MW006668.1	k141_26293	82714	89.130	46	5	61.7
MW006668.1	k141_26293	82714	92.500	40	3	59.9
MW006668.1	k141_26293	82714	86.000	50	6	56.3
MW006668.1	k141_26293	82714	86.486	37	5	45.5
MW006668.1	k141_26293	82714	78.431	51	11	43.7
MW006668.1	k141_4360	12385	84.518	4360	541	4783
MW006668.1	k141_4360	12385	84.518	4360	541	4783
MW006668.1	k141_4360	12385	84.833	3323	406	3715
MW006668.1	k141_4360	12385	84.833	3323	406	3715
MW006668.1	k141_4360	12385	83.333	126	20	130
MW006668.1	k141_4360	12385	80.851	47	9	45.5
MW006668.1	k141_10905	9996	80.199	2308	411	2058
MW006668.1	k141_10905	9996	80.199	2308	411	2058
MW006668.1	k141_10905	9996	73.921	2109	348	1317
MW006668.1	k141_10905	9996	73.921	2109	348	1317
MW006668.1	k141_10905	9996	73.921	2109	348	1317
MW006668.1	k141_10905	9996	73.921	2109	348	1317
MW006668.1	k141_10905	9996	88.636	44	5	58.1
MW006668.1	k141_10905	9996	88.636	44	5	58.1
MW006668.1	k141_10905	9996	88.636	44	5	58.1
MW006668.1	k141_10905	9996	88.636	44	5	58.1
MW006668.1	k141_51471	1308	79.670	910	171	784
MW006668.1	k141_51471	1308	79.670	910	171	784
MW006668.1	k141_944	2017	71.486	1501	354	746
MW006668.1	k141_944	2017	71.486	1501	354	746
MW006668.1	k141_50780	378	88.360	378	15	492
MW006668.1	k141_50780	378	88.360	378	15	492
MW006668.1	k141_18139	89957	71.850	881	210	438
MW006668.1	k141_18139	89957	71.850	881	210	438
MW006668.1	k141_18139	89957	74.388	531	127	335
MW006668.1	k141_18139	89957	74.388	531	127	335
MW006668.1	k141_18139	89957	74.518	467	103	276
MW006668.1	k141_18139	89957	74.518	467	103	276
MW006668.1	k141_18139	89957	78.292	281	59	225
MW006668.1	k141_18139	89957	78.292	281	59	225
MW006668.1	k141_18139	89957	93.671	79	5	121
MW006668.1	k141_18139	89957	90.789	76	7	106
MW006668.1	k141_18139	89957	64.933	519	143	93.3
MW006668.1	k141_18139	89957	64.933	519	143	93.3
MW006668.1	k141_18139	89957	75.556	135	31	93.3
MW006668.1	k141_18139	89957	75.556	135	31	93.3
MW006668.1	k141_18139	89957	85.246	61	9	70.7
MW006668.1	k141_18139	89957	85.246	61	9	70.7
MW006668.1	k141_18139	89957	77.193	57	13	45.5
MW006668.1	k141_20203	21450	75.185	540	79	352
MW006668.1	k141_48530	1084	68.568	964	208	324
MW006668.1	k141_48530	1084	68.568	964	208	324
MW006668.1	k141_31232	15650	80.757	317	20	307
MW006668.1	k141_31232	15650	80.757	317	20	307
MW006668.1	k141_31232	15650	89.189	185	13	246
MW006668.1	k141_54427	965	75.303	413	78	262
MW006668.1	k141_54427	965	75.303	413	78	262
MW006668.1	k141_764	7665	97.857	140	3	240
MW006668.1	k141_764	7665	97.857	140	3	240
MW006668.1	k141_4842	7492	88.235	170	18	214
MW006668.1	k141_4842	7492	88.235	170	18	214
MW006668.1	k141_55683	23885	66.184	760	212	213
MW006668.1	k141_16107	10877	78.404	213	20	165
MW006668.1	k141_16107	10877	77.143	70	8	53.6
MW006668.1	k141_28677	415	89.916	119	12	161
MW006668.1	k141_28677	415	89.916	119	12	161
MW006668.1	k141_48529	38892	95.238	84	4	134
MW006668.1	k141_48529	38892	95.238	84	4	134
MW006668.1	k141_35398	307	76.344	186	42	131
MW006668.1	k141_35398	307	76.344	186	42	131
MW006668.1	k141_35970	20882	94.937	79	4	125
MW006668.1	k141_35970	20882	94.937	79	4	125
MW006668.1	k141_35970	20882	97.826	46	1	79.7
MW006668.1	k141_35970	20882	97.826	46	1	79.7
MW006668.1	k141_56660	1030	98.438	64	1	112
MW006668.1	k141_56660	1030	98.438	64	1	112
MW006668.1	k141_56660	1030	85.714	42	6	50.0
MW006668.1	k141_20900	618	92.000	75	6	109
MW006668.1	k141_27205	13658	71.204	191	55	97.8
MW006668.1	k141_5628	420	75.000	144	35	95.1
MW006668.1	k141_43864	389	88.889	72	8	95.1
MW006668.1	k141_43864	389	88.889	72	8	95.1
MW006668.1	k141_37740	9158	93.443	61	4	93.3
MW006668.1	k141_37740	9158	93.443	61	4	93.3
MW006668.1	k141_7653	5516	71.429	133	36	62.6
MW006668.1	k141_45153	418	87.805	41	5	52.7
MW006668.1	k141_19047	619	86.111	36	5	43.7
MW006668.1	k141_19047	619	86.111	36	5	43.7
MW006668.1	k141_49301	1696	86.111	36	5	43.7
MW006668.1	k141_9305	605	79.167	48	10	42.8
MW006668.1	k141_42628	486	71.831	71	20	39.2
MW006668.1	k141_42628	486	71.831	71	20	39.2
MW435436.1	k141_3067	25191	96.620	8225	176	13573
MW435436.1	k141_3067	25191	96.620	8225	176	13573
MW435436.1	k141_3067	25191	93.119	6453	260	9676
MW435436.1	k141_3067	25191	93.119	6453	260	9676
MW435436.1	k141_3067	25191	94.865	3174	100	4993
MW435436.1	k141_3067	25191	94.865	3174	100	4993
MW435436.1	k141_3067	25191	95.596	2316	63	3726
MW435436.1	k141_3067	25191	95.596	2316	63	3726
MW435436.1	k141_3067	25191	88.525	2379	181	3048
MW435436.1	k141_3067	25191	88.525	2379	181	3048
MW435436.1	k141_3067	25191	94.487	1451	44	2262
MW435436.1	k141_3067	25191	94.487	1451	44	2262
MW435436.1	k141_3067	25191	83.010	824	29	915
MW435436.1	k141_3067	25191	83.010	824	29	915
MW435436.1	k141_3067	25191	95.445	483	22	773
MW435436.1	k141_3067	25191	95.445	483	22	773
MW435436.1	k141_3067	25191	92.857	42	3	63.5
MW435436.1	k141_3067	25191	89.744	39	4	53.6
MW435436.1	k141_26293	82714	86.856	10910	1186	13209
MW435436.1	k141_26293	82714	80.302	13859	1634	12799
MW435436.1	k141_26293	82714	91.223	5731	396	8065
MW435436.1	k141_26293	82714	83.810	6121	596	6594
MW435436.1	k141_26293	82714	89.703	3059	229	4103
MW435436.1	k141_26293	82714	80.323	4396	604	3957
MW435436.1	k141_26293	82714	86.747	2973	288	3605
MW435436.1	k141_26293	82714	79.615	3380	413	2995
MW435436.1	k141_26293	82714	79.485	2871	331	2535
MW435436.1	k141_26293	82714	84.950	2093	182	2371
MW435436.1	k141_26293	82714	84.879	2103	256	2343
MW435436.1	k141_26293	82714	77.555	2192	317	1727
MW435436.1	k141_26293	82714	83.333	1578	202	1675
MW435436.1	k141_26293	82714	88.065	1106	92	1396
MW435436.1	k141_26293	82714	78.131	1477	190	1197
MW435436.1	k141_26293	82714	81.332	1216	127	1161
MW435436.1	k141_26293	82714	83.810	1050	100	1146
MW435436.1	k141_26293	82714	82.010	806	98	780
MW435436.1	k141_26293	82714	70.954	1174	159	609
MW435436.1	k141_26293	82714	88.300	453	49	573
MW435436.1	k141_26293	82714	88.300	453	49	573
MW435436.1	k141_26293	82714	77.285	722	83	555
MW435436.1	k141_26293	82714	81.818	495	56	482
MW435436.1	k141_26293	82714	71.444	907	143	470
MW435436.1	k141_26293	82714	77.719	570	76	453
MW435436.1	k141_26293	82714	78.207	569	82	452
MW435436.1	k141_26293	82714	81.839	435	48	421
MW435436.1	k141_26293	82714	67.511	671	93	255
MW435436.1	k141_26293	82714	65.940	596	64	241
MW435436.1	k141_26293	82714	92.453	159	12	233
MW435436.1	k141_26293	82714	76.224	286	32	220
MW435436.1	k141_26293	82714	92.414	145	11	213
MW435436.1	k141_26293	82714	92.414	145	11	213
MW435436.1	k141_26293	82714	89.241	158	17	209
MW435436.1	k141_26293	82714	67.023	655	122	180
MW435436.1	k141_26293	82714	93.750	96	5	143
MW435436.1	k141_26293	82714	71.160	319	55	141
MW435436.1	k141_26293	82714	84.615	130	11	135
MW435436.1	k141_26293	82714	67.419	399	116	129
MW435436.1	k141_26293	82714	78.226	124	27	103
MW435436.1	k141_26293	82714	91.489	47	4	68.0
MW435436.1	k141_26293	82714	89.362	47	5	63.5
MW435436.1	k141_26293	82714	94.872	39	2	62.6
MW435436.1	k141_26293	82714	94.872	39	2	62.6
MW435436.1	k141_26293	82714	85.366	41	6	48.2
MW435436.1	k141_4360	12385	80.943	9440	1284	8896
MW435436.1	k141_4360	12385	73.696	2589	508	1589
MW435436.1	k141_4360	12385	76.596	329	55	240
MW435436.1	k141_4360	12385	76.596	329	55	240
MW435436.1	k141_10905	9996	83.575	2277	323	2413
MW435436.1	k141_10905	9996	83.575	2277	323	2413
MW435436.1	k141_10905	9996	83.467	1990	278	2098
MW435436.1	k141_10905	9996	83.467	1990	278	2098
MW435436.1	k141_10905	9996	76.827	1437	243	1104
MW435436.1	k141_10905	9996	76.827	1437	243	1104
MW435436.1	k141_51471	1308	80.022	906	175	801
MW435436.1	k141_51471	1308	80.022	906	175	801
MW435436.1	k141_944	2017	71.553	1487	355	755
MW435436.1	k141_944	2017	71.553	1487	355	755
MW435436.1	k141_18139	89957	71.082	1155	266	531
MW435436.1	k141_18139	89957	71.082	1155	266	531
MW435436.1	k141_18139	89957	72.645	881	202	457
MW435436.1	k141_18139	89957	72.645	881	202	457
MW435436.1	k141_18139	89957	77.936	281	60	221
MW435436.1	k141_18139	89957	77.936	281	60	221
MW435436.1	k141_18139	89957	92.405	79	6	116
MW435436.1	k141_18139	89957	65.896	519	143	115
MW435436.1	k141_18139	89957	65.896	519	143	115
MW435436.1	k141_18139	89957	88.750	80	9	104
MW435436.1	k141_18139	89957	75.556	135	31	93.3
MW435436.1	k141_18139	89957	75.556	135	31	93.3
MW435436.1	k141_18139	89957	86.885	61	8	75.2
MW435436.1	k141_18139	89957	86.885	61	8	75.2
MW435436.1	k141_18139	89957	91.429	35	3	50.9
MW435436.1	k141_18139	89957	91.429	35	3	50.9
MW435436.1	k141_18139	89957	77.193	57	13	45.5
MW435436.1	k141_50780	378	88.889	378	12	498
MW435436.1	k141_50780	378	88.889	378	12	498
MW435436.1	k141_31232	15650	86.306	314	18	373
MW435436.1	k141_31232	15650	86.306	314	18	373
MW435436.1	k141_31232	15650	91.351	185	9	264
MW435436.1	k141_31232	15650	91.351	185	9	264
MW435436.1	k141_48530	1084	69.488	957	216	357
MW435436.1	k141_48530	1084	69.488	957	216	357
MW435436.1	k141_54427	965	75.234	428	72	276
MW435436.1	k141_54427	965	75.234	428	72	276
MW435436.1	k141_764	7665	99.286	140	1	249
MW435436.1	k141_764	7665	99.286	140	1	249
MW435436.1	k141_55683	23885	67.217	787	211	241
MW435436.1	k141_4842	7492	88.554	166	17	212
MW435436.1	k141_4842	7492	88.554	166	17	212
MW435436.1	k141_52097	489	92.414	145	7	207
MW435436.1	k141_52097	489	92.414	145	7	207
MW435436.1	k141_45153	418	92.647	136	10	201
MW435436.1	k141_28677	415	89.431	123	13	164
MW435436.1	k141_20203	21450	74.627	268	39	150
MW435436.1	k141_20203	21450	74.866	187	17	135
MW435436.1	k141_16107	10877	83.582	134	9	146
MW435436.1	k141_48529	38892	96.386	83	3	137
MW435436.1	k141_35398	307	73.778	225	53	132
MW435436.1	k141_35398	307	73.778	225	53	132
MW435436.1	k141_35970	20882	95.000	80	4	127
MW435436.1	k141_35970	20882	97.674	43	1	74.3
MW435436.1	k141_56660	1030	96.875	64	2	107
MW435436.1	k141_56660	1030	96.875	64	2	107
MW435436.1	k141_20900	618	91.549	71	6	102
MW435436.1	k141_37740	9158	96.667	60	2	100
MW435436.1	k141_43864	389	90.278	72	7	99.6
MW435436.1	k141_27205	13658	72.527	182	46	98.7
MW435436.1	k141_27205	13658	72.527	182	46	98.7
MW435436.1	k141_53079	342	84.270	89	12	96.0
MW435436.1	k141_5628	420	74.825	143	35	93.3
MW435436.1	k141_20449	487	88.372	43	5	56.3
MW435436.1	k141_20449	487	88.372	43	5	56.3
MW435436.1	k141_7653	5516	73.750	80	21	50.9
MW435436.1	k141_7653	5516	73.750	80	21	50.9
MW435436.1	k141_42628	486	74.648	71	18	48.2
MW435436.1	k141_42628	486	74.648	71	18	48.2
NC_037882.1	k141_26293	82714	91.089	13489	872	18894
NC_037882.1	k141_26293	82714	88.796	10434	696	13658
NC_037882.1	k141_26293	82714	93.036	8343	427	12363
NC_037882.1	k141_26293	82714	89.041	6077	366	8002
NC_037882.1	k141_26293	82714	87.773	4171	277	5244
NC_037882.1	k141_26293	82714	92.145	3603	195	5234
NC_037882.1	k141_26293	82714	87.491	4149	391	5105
NC_037882.1	k141_26293	82714	85.340	4277	346	4838
NC_037882.1	k141_26293	82714	82.893	2993	243	3184
NC_037882.1	k141_26293	82714	86.804	2569	190	3077
NC_037882.1	k141_26293	82714	89.968	2183	160	2958
NC_037882.1	k141_26293	82714	80.029	2779	250	2524
NC_037882.1	k141_26293	82714	88.384	1825	151	2346
NC_037882.1	k141_26293	82714	84.733	1703	167	1893
NC_037882.1	k141_26293	82714	79.599	2142	218	1888
NC_037882.1	k141_26293	82714	79.577	1748	175	1559
NC_037882.1	k141_26293	82714	79.055	1714	181	1467
NC_037882.1	k141_26293	82714	83.047	1398	126	1436
NC_037882.1	k141_26293	82714	93.303	866	28	1306
NC_037882.1	k141_26293	82714	82.118	878	78	875
NC_037882.1	k141_26293	82714	89.725	545	33	720
NC_037882.1	k141_26293	82714	79.531	640	67	577
NC_037882.1	k141_26293	82714	83.902	528	57	563
NC_037882.1	k141_26293	82714	71.336	771	78	389
NC_037882.1	k141_26293	82714	89.000	200	19	256
NC_037882.1	k141_26293	82714	94.771	153	8	241
NC_037882.1	k141_26293	82714	86.070	201	22	224
NC_037882.1	k141_26293	82714	98.374	123	2	214
NC_037882.1	k141_26293	82714	98.374	123	2	214
NC_037882.1	k141_26293	82714	71.739	276	42	152
NC_037882.1	k141_26293	82714	91.509	106	9	151
NC_037882.1	k141_26293	82714	98.780	82	1	144
NC_037882.1	k141_26293	82714	74.684	158	19	106
NC_037882.1	k141_26293	82714	77.419	124	28	98.7
NC_037882.1	k141_26293	82714	75.397	126	31	88.7
NC_037882.1	k141_26293	82714	75.188	133	19	86.9
NC_037882.1	k141_26293	82714	97.872	47	1	81.5
NC_037882.1	k141_26293	82714	97.619	42	1	72.5
NC_037882.1	k141_26293	82714	95.238	42	2	68.0
NC_037882.1	k141_26293	82714	93.182	44	3	67.1
NC_037882.1	k141_26293	82714	92.308	39	3	58.1
NC_037882.1	k141_26293	82714	92.308	39	3	58.1
NC_037882.1	k141_3067	25191	96.650	10597	197	17558
NC_037882.1	k141_3067	25191	97.028	10365	150	17352
NC_037882.1	k141_3067	25191	96.417	5833	120	9613
NC_037882.1	k141_3067	25191	96.417	5833	120	9613
NC_037882.1	k141_3067	25191	97.155	4850	68	8134
NC_037882.1	k141_3067	25191	97.155	4850	68	8134
NC_037882.1	k141_3067	25191	97.126	2818	47	4717
NC_037882.1	k141_3067	25191	97.126	2818	47	4717
NC_037882.1	k141_3067	25191	95.633	458	14	737
NC_037882.1	k141_3067	25191	95.633	458	14	737
NC_037882.1	k141_3067	25191	91.185	363	6	512
NC_037882.1	k141_3067	25191	91.185	363	6	512
NC_037882.1	k141_3067	25191	95.238	42	2	68.0
NC_037882.1	k141_3067	25191	92.308	39	3	58.1
NC_037882.1	k141_3067	25191	86.842	38	5	47.3
NC_037882.1	k141_3067	25191	84.211	38	6	42.8
NC_037882.1	k141_3067	25191	82.143	56	6	42.8
NC_037882.1	k141_3067	25191	82.143	56	6	42.8
NC_037882.1	k141_4360	12385	87.930	8277	685	10409
NC_037882.1	k141_4360	12385	75.377	3911	688	2744
NC_037882.1	k141_4360	12385	79.320	353	57	305
NC_037882.1	k141_4360	12385	86.667	45	6	55.4
NC_037882.1	k141_4360	12385	78.723	47	10	41.0
NC_037882.1	k141_10905	9996	87.117	2546	273	3091
NC_037882.1	k141_10905	9996	87.117	2546	273	3091
NC_037882.1	k141_10905	9996	78.581	2143	291	1803
NC_037882.1	k141_10905	9996	78.581	2143	291	1803
NC_037882.1	k141_10905	9996	85.816	141	20	165
NC_037882.1	k141_10905	9996	85.816	141	20	165
NC_037882.1	k141_51471	1308	80.110	905	176	811
NC_037882.1	k141_51471	1308	80.110	905	176	811
NC_037882.1	k141_944	2017	71.938	1486	351	779
NC_037882.1	k141_944	2017	71.938	1486	351	779
NC_037882.1	k141_50780	378	90.212	378	8	524
NC_037882.1	k141_50780	378	90.212	378	8	524
NC_037882.1	k141_18139	89957	72.748	877	208	461
NC_037882.1	k141_18139	89957	72.748	877	208	461
NC_037882.1	k141_18139	89957	74.436	532	125	339
NC_037882.1	k141_18139	89957	74.436	532	125	339
NC_037882.1	k141_18139	89957	74.310	471	91	282
NC_037882.1	k141_18139	89957	74.310	471	91	282
NC_037882.1	k141_18139	89957	77.936	281	60	221
NC_037882.1	k141_18139	89957	77.936	281	60	221
NC_037882.1	k141_18139	89957	65.896	519	143	115
NC_037882.1	k141_18139	89957	65.896	519	143	115
NC_037882.1	k141_18139	89957	91.250	80	7	113
NC_037882.1	k141_18139	89957	91.139	79	7	112
NC_037882.1	k141_18139	89957	75.556	135	31	93.3
NC_037882.1	k141_18139	89957	75.556	135	31	93.3
NC_037882.1	k141_18139	89957	86.885	61	8	75.2
NC_037882.1	k141_18139	89957	86.885	61	8	75.2
NC_037882.1	k141_18139	89957	91.429	35	3	50.9
NC_037882.1	k141_18139	89957	91.429	35	3	50.9
NC_037882.1	k141_18139	89957	77.193	57	13	45.5
NC_037882.1	k141_31232	15650	87.375	301	16	374
NC_037882.1	k141_31232	15650	87.375	301	16	374
NC_037882.1	k141_31232	15650	91.892	185	8	269
NC_037882.1	k141_31232	15650	91.892	185	8	269
NC_037882.1	k141_48530	1084	69.561	956	217	358
NC_037882.1	k141_48530	1084	69.561	956	217	358
NC_037882.1	k141_20203	21450	72.563	554	73	323
NC_037882.1	k141_54427	965	75.303	413	68	267
NC_037882.1	k141_54427	965	75.303	413	68	267
NC_037882.1	k141_764	7665	100.000	140	0	253
NC_037882.1	k141_764	7665	100.000	140	0	253
NC_037882.1	k141_4842	7492	88.824	170	17	219
NC_037882.1	k141_4842	7492	88.824	170	17	219
NC_037882.1	k141_45153	418	95.588	136	6	219
NC_037882.1	k141_52097	489	91.946	149	6	216
NC_037882.1	k141_52097	489	91.946	149	6	216
NC_037882.1	k141_55683	23885	67.939	655	190	208
NC_037882.1	k141_55683	23885	74.026	77	20	50.0
NC_037882.1	k141_28677	415	95.161	124	6	197
NC_037882.1	k141_48529	38892	98.795	83	1	146
NC_037882.1	k141_35970	20882	98.750	80	1	141
NC_037882.1	k141_35970	20882	95.349	43	2	69.8
NC_037882.1	k141_16107	10877	97.500	80	2	136
NC_037882.1	k141_35398	307	76.344	186	42	131
NC_037882.1	k141_35398	307	76.344	186	42	131
NC_037882.1	k141_43864	389	97.222	72	2	122
NC_037882.1	k141_56660	1030	98.438	64	1	112
NC_037882.1	k141_56660	1030	98.438	64	1	112
NC_037882.1	k141_53079	342	84.314	102	13	106
NC_037882.1	k141_20900	618	90.667	75	7	104
NC_037882.1	k141_37740	9158	98.333	60	1	104
NC_037882.1	k141_27205	13658	72.021	193	50	100
NC_037882.1	k141_27205	13658	72.021	193	50	100
NC_037882.1	k141_5628	420	75.182	137	34	95.1
NC_037882.1	k141_7653	5516	80.000	80	16	73.4
NC_037882.1	k141_20449	487	88.372	43	5	56.3
NC_037882.1	k141_20449	487	88.372	43	5	56.3
NC_037882.1	k141_42628	486	74.648	71	18	48.2
NC_037882.1	k141_42628	486	74.648	71	18	48.2
NC_037882.1	k141_30481	427	78.182	55	12	46.4
NC_037882.1	k141_18336	417	81.395	43	8	42.8
NC_037882.1	k141_32029	495	80.488	41	8	39.2
NC_056190.1	k141_3067	25191	94.734	9931	309	15578
NC_056190.1	k141_3067	25191	94.734	9931	309	15578
NC_056190.1	k141_3067	25191	92.866	5733	234	8563
NC_056190.1	k141_3067	25191	92.866	5733	234	8563
NC_056190.1	k141_3067	25191	93.620	5235	154	7981
NC_056190.1	k141_3067	25191	93.620	5235	154	7981
NC_056190.1	k141_3067	25191	95.065	2310	80	3656
NC_056190.1	k141_3067	25191	95.065	2310	80	3656
NC_056190.1	k141_3067	25191	88.372	774	46	1003
NC_056190.1	k141_3067	25191	88.372	774	46	1003
NC_056190.1	k141_3067	25191	96.674	481	15	792
NC_056190.1	k141_3067	25191	96.674	481	15	792
NC_056190.1	k141_3067	25191	100.000	41	0	75.2
NC_056190.1	k141_3067	25191	89.744	39	4	53.6
NC_056190.1	k141_3067	25191	86.842	38	5	47.3
NC_056190.1	k141_26293	82714	80.544	10480	1356	9624
NC_056190.1	k141_26293	82714	85.072	8280	1003	9358
NC_056190.1	k141_26293	82714	82.863	7691	971	7899
NC_056190.1	k141_26293	82714	92.045	5443	398	7864
NC_056190.1	k141_26293	82714	88.645	4377	428	5639
NC_056190.1	k141_26293	82714	86.381	3642	343	4322
NC_056190.1	k141_26293	82714	83.479	3995	499	4158
NC_056190.1	k141_26293	82714	79.302	4300	671	3589
NC_056190.1	k141_26293	82714	76.540	4220	541	3142
NC_056190.1	k141_26293	82714	85.014	2429	255	2748
NC_056190.1	k141_26293	82714	82.676	2511	245	2550
NC_056190.1	k141_26293	82714	82.605	2288	322	2333
NC_056190.1	k141_26293	82714	88.805	1063	88	1360
NC_056190.1	k141_26293	82714	78.952	1240	179	1062
NC_056190.1	k141_26293	82714	77.158	1309	160	1040
NC_056190.1	k141_26293	82714	77.243	1204	175	900
NC_056190.1	k141_26293	82714	90.683	644	60	892
NC_056190.1	k141_26293	82714	78.172	1072	159	838
NC_056190.1	k141_26293	82714	76.122	1181	183	822
NC_056190.1	k141_26293	82714	73.097	1353	209	786
NC_056190.1	k141_26293	82714	81.549	439	58	421
NC_056190.1	k141_26293	82714	75.385	520	72	349
NC_056190.1	k141_26293	82714	84.810	237	10	276
NC_056190.1	k141_26293	82714	91.160	181	16	255
NC_056190.1	k141_26293	82714	68.777	695	130	242
NC_056190.1	k141_26293	82714	80.769	260	44	236
NC_056190.1	k141_26293	82714	88.108	185	14	229
NC_056190.1	k141_26293	82714	85.279	197	28	222
NC_056190.1	k141_26293	82714	67.742	620	99	209
NC_056190.1	k141_26293	82714	92.593	135	9	196
NC_056190.1	k141_26293	82714	92.593	135	9	196
NC_056190.1	k141_26293	82714	72.699	326	61	163
NC_056190.1	k141_26293	82714	70.915	306	46	159
NC_056190.1	k141_26293	82714	77.419	217	33	159
NC_056190.1	k141_26293	82714	89.720	107	11	144
NC_056190.1	k141_26293	82714	93.548	93	5	138
NC_056190.1	k141_26293	82714	74.847	163	41	110
NC_056190.1	k141_26293	82714	64.686	589	180	92.4
NC_056190.1	k141_26293	82714	72.393	163	38	76.1
NC_056190.1	k141_26293	82714	90.476	42	4	59.0
NC_056190.1	k141_26293	82714	92.308	39	3	58.1
NC_056190.1	k141_26293	82714	92.308	39	3	58.1
NC_056190.1	k141_4360	12385	73.735	6979	1363	4282
NC_056190.1	k141_4360	12385	79.870	1078	163	966
NC_056190.1	k141_4360	12385	78.114	1156	192	914
NC_056190.1	k141_4360	12385	82.811	797	104	805
NC_056190.1	k141_4360	12385	72.171	539	89	293
NC_056190.1	k141_4360	12385	80.833	120	23	113
NC_056190.1	k141_10905	9996	76.808	1341	246	981
NC_056190.1	k141_10905	9996	76.808	1341	246	981
NC_056190.1	k141_10905	9996	84.507	213	26	229
NC_056190.1	k141_10905	9996	84.507	213	26	229
NC_056190.1	k141_10905	9996	74.233	163	28	109
NC_056190.1	k141_51471	1308	79.779	905	179	798
NC_056190.1	k141_51471	1308	79.779	905	179	798
NC_056190.1	k141_944	2017	71.621	1487	355	759
NC_056190.1	k141_944	2017	71.621	1487	355	759
NC_056190.1	k141_18139	89957	72.860	888	210	471
NC_056190.1	k141_18139	89957	72.860	888	210	471
NC_056190.1	k141_18139	89957	74.436	532	125	339
NC_056190.1	k141_18139	89957	74.436	532	125	339
NC_056190.1	k141_18139	89957	74.522	471	90	287
NC_056190.1	k141_18139	89957	74.522	471	90	287
NC_056190.1	k141_18139	89957	77.580	281	61	216
NC_056190.1	k141_18139	89957	77.580	281	61	216
NC_056190.1	k141_18139	89957	93.590	78	5	119
NC_056190.1	k141_18139	89957	91.250	80	7	113
NC_056190.1	k141_18139	89957	65.333	525	142	109
NC_056190.1	k141_18139	89957	65.333	525	142	109
NC_056190.1	k141_18139	89957	80.412	97	19	90.6
NC_056190.1	k141_18139	89957	80.412	97	19	90.6
NC_056190.1	k141_18139	89957	86.885	61	8	75.2
NC_056190.1	k141_18139	89957	86.885	61	8	75.2
NC_056190.1	k141_18139	89957	77.193	57	13	45.5
NC_056190.1	k141_50780	378	86.684	383	17	470
NC_056190.1	k141_50780	378	86.684	383	17	470
NC_056190.1	k141_31232	15650	86.495	311	20	374
NC_056190.1	k141_31232	15650	86.495	311	20	374
NC_056190.1	k141_31232	15650	91.351	185	9	264
NC_056190.1	k141_31232	15650	91.351	185	9	264
NC_056190.1	k141_48530	1084	69.488	957	216	357
NC_056190.1	k141_48530	1084	69.488	957	216	357
NC_056190.1	k141_20203	21450	72.978	544	79	304
NC_056190.1	k141_54427	965	75.485	412	69	272
NC_056190.1	k141_54427	965	75.485	412	69	272
NC_056190.1	k141_55683	23885	67.067	917	243	265
NC_056190.1	k141_764	7665	99.286	140	1	249
NC_056190.1	k141_764	7665	99.286	140	1	249
NC_056190.1	k141_52097	489	93.706	143	9	218
NC_056190.1	k141_52097	489	93.706	143	9	218
NC_056190.1	k141_45153	418	91.176	136	12	192
NC_056190.1	k141_4842	7492	84.277	159	23	172
NC_056190.1	k141_4842	7492	84.277	159	23	172
NC_056190.1	k141_28677	415	89.431	123	13	164
NC_056190.1	k141_35970	20882	97.531	81	2	138
NC_056190.1	k141_35970	20882	97.674	43	1	74.3
NC_056190.1	k141_35398	307	76.882	186	41	135
NC_056190.1	k141_35398	307	76.882	186	41	135
NC_056190.1	k141_16107	10877	84.426	122	15	134
NC_056190.1	k141_48529	38892	95.181	83	4	132
NC_056190.1	k141_48529	38892	78.723	47	10	41.0
NC_056190.1	k141_20900	618	94.667	75	4	118
NC_056190.1	k141_56660	1030	98.438	64	1	112
NC_056190.1	k141_56660	1030	98.438	64	1	112
NC_056190.1	k141_37740	9158	96.667	60	2	100
NC_056190.1	k141_27205	13658	71.503	193	51	96.0
NC_056190.1	k141_27205	13658	71.503	193	51	96.0
NC_056190.1	k141_5628	420	74.126	143	36	88.7
NC_056190.1	k141_43864	389	84.722	72	11	81.5
NC_056190.1	k141_20449	487	88.372	43	5	56.3
NC_056190.1	k141_20449	487	88.372	43	5	56.3
NC_056190.1	k141_42628	486	74.648	71	18	48.2
NC_056190.1	k141_42628	486	74.648	71	18	48.2
MN564931.1	k141_26293	82714	86.271	12878	1405	15220
MN564931.1	k141_26293	82714	80.821	13343	1660	12539
MN564931.1	k141_26293	82714	90.082	5747	460	7790
MN564931.1	k141_26293	82714	85.085	4539	450	5158
MN564931.1	k141_26293	82714	91.873	2670	199	3827
MN564931.1	k141_26293	82714	80.474	4138	652	3758
MN564931.1	k141_26293	82714	84.002	3238	373	3487
MN564931.1	k141_26293	82714	75.266	3477	504	2368
MN564931.1	k141_26293	82714	83.582	2278	255	2368
MN564931.1	k141_26293	82714	86.897	1885	211	2274
MN564931.1	k141_26293	82714	82.674	2199	296	2244
MN564931.1	k141_26293	82714	78.915	1622	226	1403
MN564931.1	k141_26293	82714	78.996	1633	233	1368
MN564931.1	k141_26293	82714	77.840	1435	203	1119
MN564931.1	k141_26293	82714	77.331	1244	172	923
MN564931.1	k141_26293	82714	80.704	995	122	916
MN564931.1	k141_26293	82714	86.685	721	77	863
MN564931.1	k141_26293	82714	75.566	1105	168	746
MN564931.1	k141_26293	82714	74.088	1069	164	682
MN564931.1	k141_26293	82714	71.468	1076	178	552
MN564931.1	k141_26293	82714	73.630	876	110	513
MN564931.1	k141_26293	82714	71.795	858	134	460
MN564931.1	k141_26293	82714	71.964	774	115	411
MN564931.1	k141_26293	82714	72.159	704	112	377
MN564931.1	k141_26293	82714	70.621	725	96	368
MN564931.1	k141_26293	82714	91.339	254	15	357
MN564931.1	k141_26293	82714	81.234	389	44	354
MN564931.1	k141_26293	82714	72.476	614	101	349
MN564931.1	k141_26293	82714	76.139	461	71	326
MN564931.1	k141_26293	82714	75.104	482	73	322
MN564931.1	k141_26293	82714	92.021	188	15	272
MN564931.1	k141_26293	82714	86.441	177	23	208
MN564931.1	k141_26293	82714	90.000	150	14	200
MN564931.1	k141_26293	82714	68.519	594	111	194
MN564931.1	k141_26293	82714	90.769	130	9	179
MN564931.1	k141_26293	82714	90.769	130	9	179
MN564931.1	k141_26293	82714	100.000	81	0	147
MN564931.1	k141_26293	82714	72.180	266	44	142
MN564931.1	k141_26293	82714	88.235	102	11	127
MN564931.1	k141_26293	82714	65.901	566	181	126
MN564931.1	k141_26293	82714	64.717	547	175	97.8
MN564931.1	k141_26293	82714	73.643	129	34	80.6
MN564931.1	k141_26293	82714	80.460	87	16	77.9
MN564931.1	k141_26293	82714	92.857	42	3	63.5
MN564931.1	k141_26293	82714	94.872	39	2	62.6
MN564931.1	k141_26293	82714	94.872	39	2	62.6
MN564931.1	k141_3067	25191	94.279	9124	284	14104
MN564931.1	k141_3067	25191	94.279	9124	284	14104
MN564931.1	k141_3067	25191	91.731	6337	260	9124
MN564931.1	k141_3067	25191	91.731	6337	260	9124
MN564931.1	k141_3067	25191	87.514	3652	264	4587
MN564931.1	k141_3067	25191	87.514	3652	264	4587
MN564931.1	k141_3067	25191	92.913	1030	25	1536
MN564931.1	k141_3067	25191	92.913	1030	25	1536
MN564931.1	k141_3067	25191	86.589	1208	93	1489
MN564931.1	k141_3067	25191	86.589	1208	93	1489
MN564931.1	k141_3067	25191	86.618	822	41	1013
MN564931.1	k141_3067	25191	86.618	822	41	1013
MN564931.1	k141_3067	25191	86.742	709	44	865
MN564931.1	k141_3067	25191	86.742	709	44	865
MN564931.1	k141_3067	25191	95.218	481	20	763
MN564931.1	k141_3067	25191	95.218	481	20	763
MN564931.1	k141_3067	25191	88.797	482	39	631
MN564931.1	k141_3067	25191	88.797	482	39	631
MN564931.1	k141_3067	25191	89.552	335	35	447
MN564931.1	k141_3067	25191	89.552	335	35	447
MN564931.1	k141_3067	25191	73.409	440	81	281
MN564931.1	k141_3067	25191	73.409	440	81	281
MN564931.1	k141_3067	25191	97.619	42	1	72.5
MN564931.1	k141_3067	25191	90.385	52	4	68.9
MN564931.1	k141_3067	25191	90.385	52	4	68.9
MN564931.1	k141_3067	25191	90.476	42	4	59.0
MN564931.1	k141_3067	25191	84.211	38	6	42.8
MN564931.1	k141_4360	12385	82.827	3325	466	3355
MN564931.1	k141_4360	12385	83.083	2725	385	2819
MN564931.1	k141_4360	12385	83.599	1378	166	1476
MN564931.1	k141_4360	12385	78.157	586	111	473
MN564931.1	k141_4360	12385	78.157	586	111	473
MN564931.1	k141_4360	12385	70.020	507	102	230
MN564931.1	k141_4360	12385	70.020	507	102	230
MN564931.1	k141_4360	12385	77.273	242	54	186
MN564931.1	k141_4360	12385	77.273	242	54	186
MN564931.1	k141_4360	12385	76.889	225	52	172
MN564931.1	k141_4360	12385	76.889	225	52	172
MN564931.1	k141_4360	12385	65.127	628	158	151
MN564931.1	k141_4360	12385	65.127	628	158	151
MN564931.1	k141_4360	12385	70.758	277	62	139
MN564931.1	k141_4360	12385	70.758	277	62	139
MN564931.1	k141_4360	12385	76.730	159	37	121
MN564931.1	k141_4360	12385	76.730	159	37	121
MN564931.1	k141_4360	12385	78.723	47	10	41.0
MN564931.1	k141_10905	9996	81.516	2283	353	2201
MN564931.1	k141_10905	9996	81.516	2283	353	2201
MN564931.1	k141_10905	9996	78.427	1233	205	1026
MN564931.1	k141_10905	9996	78.427	1233	205	1026
MN564931.1	k141_10905	9996	85.043	234	33	258
MN564931.1	k141_10905	9996	85.043	234	33	258
MN564931.1	k141_10905	9996	90.909	44	4	62.6
MN564931.1	k141_10905	9996	90.909	44	4	62.6
MN564931.1	k141_51471	1308	79.669	905	180	793
MN564931.1	k141_51471	1308	79.669	905	180	793
MN564931.1	k141_944	2017	71.669	1486	355	761
MN564931.1	k141_944	2017	71.669	1486	355	761
MN564931.1	k141_50780	378	88.918	379	12	495
MN564931.1	k141_50780	378	88.918	379	12	495
MN564931.1	k141_18139	89957	72.976	877	206	470
MN564931.1	k141_18139	89957	72.976	877	206	470
MN564931.1	k141_18139	89957	73.872	532	128	325
MN564931.1	k141_18139	89957	73.872	532	128	325
MN564931.1	k141_18139	89957	75.161	467	94	286
MN564931.1	k141_18139	89957	75.161	467	94	286
MN564931.1	k141_18139	89957	77.936	281	60	221
MN564931.1	k141_18139	89957	77.936	281	60	221
MN564931.1	k141_18139	89957	93.750	80	5	123
MN564931.1	k141_18139	89957	65.896	519	143	115
MN564931.1	k141_18139	89957	65.896	519	143	115
MN564931.1	k141_18139	89957	94.521	73	4	114
MN564931.1	k141_18139	89957	75.556	135	31	93.3
MN564931.1	k141_18139	89957	75.556	135	31	93.3
MN564931.1	k141_18139	89957	86.885	61	8	75.2
MN564931.1	k141_18139	89957	86.885	61	8	75.2
MN564931.1	k141_18139	89957	77.193	57	13	45.5
MN564931.1	k141_31232	15650	87.291	299	16	370
MN564931.1	k141_31232	15650	87.291	299	16	370
MN564931.1	k141_31232	15650	90.164	183	11	251
MN564931.1	k141_31232	15650	90.164	183	11	251
MN564931.1	k141_31232	15650	91.667	36	3	52.7
MN564931.1	k141_31232	15650	91.667	36	3	52.7
MN564931.1	k141_48530	1084	69.592	957	217	360
MN564931.1	k141_48530	1084	69.592	957	217	360
MN564931.1	k141_54427	965	75.061	413	69	262
MN564931.1	k141_54427	965	75.061	413	69	262
MN564931.1	k141_55683	23885	67.020	849	235	260
MN564931.1	k141_764	7665	98.571	140	2	244
MN564931.1	k141_764	7665	98.571	140	2	244
MN564931.1	k141_4842	7492	85.795	176	17	204
MN564931.1	k141_4842	7492	85.795	176	17	204
MN564931.1	k141_20203	21450	95.082	122	6	194
MN564931.1	k141_20203	21450	75.275	182	24	123
MN564931.1	k141_28677	415	89.831	118	12	159
MN564931.1	k141_16107	10877	90.654	107	7	147
MN564931.1	k141_16107	10877	70.093	214	51	87.8
MN564931.1	k141_45153	418	82.353	136	24	138
MN564931.1	k141_35970	20882	97.500	80	2	136
MN564931.1	k141_35970	20882	90.244	41	4	57.2
MN564931.1	k141_48529	38892	95.181	83	4	132
MN564931.1	k141_35398	307	73.778	225	53	132
MN564931.1	k141_35398	307	73.778	225	53	132
MN564931.1	k141_52097	489	84.211	114	12	126
MN564931.1	k141_52097	489	84.211	114	12	126
MN564931.1	k141_20900	618	96.000	75	3	123
MN564931.1	k141_56660	1030	98.438	64	1	112
MN564931.1	k141_56660	1030	98.438	64	1	112
MN564931.1	k141_27205	13658	73.057	193	48	109
MN564931.1	k141_27205	13658	73.057	193	48	109
MN564931.1	k141_5628	420	76.224	143	33	102
MN564931.1	k141_53079	342	85.714	91	10	100
MN564931.1	k141_37740	9158	95.000	60	3	96.0
MN564931.1	k141_43864	389	90.909	66	6	93.3
MN564931.1	k141_7653	5516	77.500	80	18	64.4
MN564931.1	k141_42628	486	74.648	71	18	48.2
MN564931.1	k141_42628	486	74.648	71	18	48.2
NC_031651.1	k141_26293	82714	84.351	13464	1631	14733
NC_031651.1	k141_26293	82714	87.274	8259	798	10114
NC_031651.1	k141_26293	82714	83.114	8054	934	8377
NC_031651.1	k141_26293	82714	82.259	7542	908	7592
NC_031651.1	k141_26293	82714	86.351	3612	319	4286
NC_031651.1	k141_26293	82714	80.149	4035	606	3621
NC_031651.1	k141_26293	82714	85.724	2921	350	3363
NC_031651.1	k141_26293	82714	78.174	3899	567	3059
NC_031651.1	k141_26293	82714	77.395	3654	480	2822
NC_031651.1	k141_26293	82714	86.130	1889	204	2220
NC_031651.1	k141_26293	82714	82.336	2072	302	2095
NC_031651.1	k141_26293	82714	88.714	1019	82	1323
NC_031651.1	k141_26293	82714	81.700	1153	146	1138
NC_031651.1	k141_26293	82714	75.166	1659	267	1081
NC_031651.1	k141_26293	82714	78.467	1305	185	1061
NC_031651.1	k141_26293	82714	78.111	1101	139	870
NC_031651.1	k141_26293	82714	75.574	1220	177	840
NC_031651.1	k141_26293	82714	72.892	1435	203	822
NC_031651.1	k141_26293	82714	78.191	995	131	764
NC_031651.1	k141_26293	82714	82.677	508	79	519
NC_031651.1	k141_26293	82714	79.896	577	53	517
NC_031651.1	k141_26293	82714	84.615	390	39	421
NC_031651.1	k141_26293	82714	76.295	502	75	360
NC_031651.1	k141_26293	82714	79.808	312	34	279
NC_031651.1	k141_26293	82714	83.404	235	15	266
NC_031651.1	k141_26293	82714	67.064	671	112	236
NC_031651.1	k141_26293	82714	77.778	315	40	235
NC_031651.1	k141_26293	82714	95.699	93	4	150
NC_031651.1	k141_26293	82714	74.502	251	35	150
NC_031651.1	k141_26293	82714	93.269	104	4	150
NC_031651.1	k141_26293	82714	95.699	93	4	150
NC_031651.1	k141_26293	82714	95.699	93	4	150
NC_031651.1	k141_26293	82714	76.498	217	37	143
NC_031651.1	k141_26293	82714	89.320	103	8	131
NC_031651.1	k141_26293	82714	77.124	153	30	114
NC_031651.1	k141_26293	82714	74.847	163	41	110
NC_031651.1	k141_26293	82714	98.182	55	1	96.0
NC_031651.1	k141_26293	82714	76.190	126	30	93.3
NC_031651.1	k141_26293	82714	94.872	39	2	62.6
NC_031651.1	k141_26293	82714	94.872	39	2	62.6
NC_031651.1	k141_3067	25191	94.898	9035	248	14264
NC_031651.1	k141_3067	25191	94.898	9035	248	14264
NC_031651.1	k141_3067	25191	92.785	5530	284	8202
NC_031651.1	k141_3067	25191	92.785	5530	284	8202
NC_031651.1	k141_3067	25191	93.989	4874	162	7497
NC_031651.1	k141_3067	25191	93.989	4874	162	7497
NC_031651.1	k141_3067	25191	93.186	2304	125	3454
NC_031651.1	k141_3067	25191	93.186	2304	125	3454
NC_031651.1	k141_3067	25191	81.484	1469	203	1441
NC_031651.1	k141_3067	25191	88.050	795	43	994
NC_031651.1	k141_3067	25191	88.050	795	43	994
NC_031651.1	k141_3067	25191	97.267	439	12	738
NC_031651.1	k141_3067	25191	97.267	439	12	738
NC_031651.1	k141_3067	25191	91.134	485	24	685
NC_031651.1	k141_3067	25191	91.134	485	24	685
NC_031651.1	k141_3067	25191	91.379	58	5	83.3
NC_031651.1	k141_3067	25191	95.238	42	2	68.0
NC_031651.1	k141_3067	25191	83.019	53	6	45.5
NC_031651.1	k141_3067	25191	83.019	53	6	45.5
NC_031651.1	k141_4360	12385	81.762	3416	496	3291
NC_031651.1	k141_4360	12385	77.427	3996	659	3112
NC_031651.1	k141_4360	12385	82.933	1582	216	1622
NC_031651.1	k141_4360	12385	67.775	3218	725	1140
NC_031651.1	k141_10905	9996	81.270	2237	382	2130
NC_031651.1	k141_10905	9996	81.270	2237	382	2130
NC_031651.1	k141_10905	9996	76.817	1238	218	925
NC_031651.1	k141_10905	9996	76.817	1238	218	925
NC_031651.1	k141_10905	9996	81.690	213	37	202
NC_031651.1	k141_10905	9996	81.690	213	37	202
NC_031651.1	k141_10905	9996	78.261	138	30	114
NC_031651.1	k141_51471	1308	80.000	905	177	807
NC_031651.1	k141_51471	1308	80.000	905	177	807
NC_031651.1	k141_944	2017	72.073	1486	349	788
NC_031651.1	k141_944	2017	72.073	1486	349	788
NC_031651.1	k141_50780	378	87.335	379	13	477
NC_031651.1	k141_50780	378	87.335	379	13	477
NC_031651.1	k141_18139	89957	73.182	880	199	476
NC_031651.1	k141_18139	89957	73.182	880	199	476
NC_031651.1	k141_18139	89957	74.248	532	126	334
NC_031651.1	k141_18139	89957	74.248	532	126	334
NC_031651.1	k141_18139	89957	74.090	467	99	281
NC_031651.1	k141_18139	89957	74.090	467	99	281
NC_031651.1	k141_18139	89957	77.936	281	60	221
NC_031651.1	k141_18139	89957	77.936	281	60	221
NC_031651.1	k141_18139	89957	65.703	519	144	115
NC_031651.1	k141_18139	89957	65.703	519	144	115
NC_031651.1	k141_18139	89957	90.000	80	8	109
NC_031651.1	k141_18139	89957	90.909	77	7	108
NC_031651.1	k141_18139	89957	75.373	134	31	91.5
NC_031651.1	k141_18139	89957	75.373	134	31	91.5
NC_031651.1	k141_18139	89957	86.885	61	8	75.2
NC_031651.1	k141_18139	89957	86.885	61	8	75.2
NC_031651.1	k141_18139	89957	77.193	57	13	45.5
NC_031651.1	k141_31232	15650	87.138	311	18	383
NC_031651.1	k141_31232	15650	87.138	311	18	383
NC_031651.1	k141_31232	15650	91.892	185	8	269
NC_031651.1	k141_31232	15650	91.892	185	8	269
NC_031651.1	k141_20203	21450	75.461	542	75	363
NC_031651.1	k141_48530	1084	69.415	958	215	356
NC_031651.1	k141_48530	1084	69.415	958	215	356
NC_031651.1	k141_54427	965	75.000	428	73	271
NC_031651.1	k141_54427	965	75.000	428	73	271
NC_031651.1	k141_764	7665	99.286	140	1	249
NC_031651.1	k141_764	7665	99.286	140	1	249
NC_031651.1	k141_45153	418	94.853	136	7	214
NC_031651.1	k141_55683	23885	67.588	651	199	207
NC_031651.1	k141_55683	23885	68.263	167	47	55.4
NC_031651.1	k141_4842	7492	86.145	166	21	194
NC_031651.1	k141_4842	7492	86.145	166	21	194
NC_031651.1	k141_16107	10877	90.400	125	10	169
NC_031651.1	k141_16107	10877	70.507	217	30	112
NC_031651.1	k141_28677	415	90.244	123	12	168
NC_031651.1	k141_35398	307	73.778	225	53	132
NC_031651.1	k141_35398	307	73.778	225	53	132
NC_031651.1	k141_52097	489	76.224	143	16	117
NC_031651.1	k141_48529	38892	90.361	83	8	114
NC_031651.1	k141_48529	38892	78.723	47	10	41.0
NC_031651.1	k141_27205	13658	73.575	193	47	113
NC_031651.1	k141_27205	13658	73.575	193	47	113
NC_031651.1	k141_56660	1030	98.438	64	1	112
NC_031651.1	k141_56660	1030	98.438	64	1	112
NC_031651.1	k141_20900	618	90.667	75	7	104
NC_031651.1	k141_35970	20882	100.000	55	0	100
NC_031651.1	k141_35970	20882	95.349	43	2	69.8
NC_031651.1	k141_37740	9158	95.000	60	3	96.0
NC_031651.1	k141_43864	389	94.915	59	3	94.2
NC_031651.1	k141_5628	420	74.126	143	36	88.7
NC_031651.1	k141_7653	5516	74.400	125	30	75.2
NC_031651.1	k141_20449	487	86.047	43	6	51.8
NC_031651.1	k141_20449	487	86.047	43	6	51.8
NC_031651.1	k141_30481	427	80.000	55	11	50.9
NC_031651.1	k141_42628	486	74.648	71	18	48.2
NC_031651.1	k141_42628	486	74.648	71	18	48.2
MW366789.1	k141_26293	82714	80.533	8404	1428	7689
MW366789.1	k141_26293	82714	89.220	5195	513	6833
MW366789.1	k141_26293	82714	89.220	5195	513	6833
MW366789.1	k141_26293	82714	79.909	5704	788	5065
MW366789.1	k141_26293	82714	90.218	2566	235	3489
MW366789.1	k141_26293	82714	80.764	3088	461	2858
MW366789.1	k141_26293	82714	77.078	3573	592	2659
MW366789.1	k141_26293	82714	76.258	3298	627	2329
MW366789.1	k141_26293	82714	76.541	3001	530	2224
MW366789.1	k141_26293	82714	88.041	1639	177	2058
MW366789.1	k141_26293	82714	81.797	1714	266	1691
MW366789.1	k141_26293	82714	78.281	1943	379	1578
MW366789.1	k141_26293	82714	78.389	1726	265	1367
MW366789.1	k141_26293	82714	77.968	1575	286	1264
MW366789.1	k141_26293	82714	83.237	1038	133	1080
MW366789.1	k141_26293	82714	82.743	678	107	691
MW366789.1	k141_26293	82714	72.405	1127	244	619
MW366789.1	k141_26293	82714	70.200	1198	221	548
MW366789.1	k141_26293	82714	73.082	769	145	470
MW366789.1	k141_26293	82714	73.770	671	125	409
MW366789.1	k141_26293	82714	81.368	424	62	402
MW366789.1	k141_26293	82714	73.383	665	146	380
MW366789.1	k141_26293	82714	76.395	466	110	345
MW366789.1	k141_26293	82714	71.540	643	117	327
MW366789.1	k141_26293	82714	71.243	692	142	326
MW366789.1	k141_26293	82714	87.755	245	28	300
MW366789.1	k141_26293	82714	74.172	453	69	297
MW366789.1	k141_26293	82714	74.172	453	69	297
MW366789.1	k141_26293	82714	65.504	1290	288	291
MW366789.1	k141_26293	82714	72.408	598	125	290
MW366789.1	k141_26293	82714	87.124	233	28	283
MW366789.1	k141_26293	82714	76.667	360	78	272
MW366789.1	k141_26293	82714	75.123	406	80	260
MW366789.1	k141_26293	82714	75.457	383	62	251
MW366789.1	k141_26293	82714	75.562	356	85	243
MW366789.1	k141_26293	82714	76.139	373	59	241
MW366789.1	k141_26293	82714	85.000	220	18	235
MW366789.1	k141_26293	82714	80.658	243	19	234
MW366789.1	k141_26293	82714	84.545	220	19	231
MW366789.1	k141_26293	82714	85.405	185	20	210
MW366789.1	k141_26293	82714	75.585	299	63	197
MW366789.1	k141_26293	82714	81.166	223	36	196
MW366789.1	k141_26293	82714	91.176	136	11	188
MW366789.1	k141_26293	82714	81.959	194	24	185
MW366789.1	k141_26293	82714	86.275	153	21	182
MW366789.1	k141_26293	82714	76.639	244	47	175
MW366789.1	k141_26293	82714	71.788	358	58	171
MW366789.1	k141_26293	82714	75.820	244	49	166
MW366789.1	k141_26293	82714	95.699	93	4	150
MW366789.1	k141_26293	82714	81.595	163	27	149
MW366789.1	k141_26293	82714	66.063	607	187	148
MW366789.1	k141_26293	82714	66.063	607	187	148
MW366789.1	k141_26293	82714	76.233	223	38	146
MW366789.1	k141_26293	82714	91.262	103	8	142
MW366789.1	k141_26293	82714	93.407	91	6	138
MW366789.1	k141_26293	82714	98.718	78	1	137
MW366789.1	k141_26293	82714	85.345	116	17	133
MW366789.1	k141_26293	82714	89.888	89	6	119
MW366789.1	k141_26293	82714	87.629	97	11	118
MW366789.1	k141_26293	82714	92.405	79	6	116
MW366789.1	k141_26293	82714	87.000	100	10	116
MW366789.1	k141_26293	82714	94.444	72	4	113
MW366789.1	k141_26293	82714	87.356	87	11	108
MW366789.1	k141_26293	82714	94.203	69	4	107
MW366789.1	k141_26293	82714	92.105	76	5	107
MW366789.1	k141_26293	82714	68.440	282	77	105
MW366789.1	k141_26293	82714	68.440	282	77	105
MW366789.1	k141_26293	82714	77.519	129	29	103
MW366789.1	k141_26293	82714	78.226	124	27	103
MW366789.1	k141_26293	82714	78.226	124	27	103
MW366789.1	k141_26293	82714	79.231	130	20	97.8
MW366789.1	k141_26293	82714	83.951	81	13	88.7
MW366789.1	k141_26293	82714	82.667	75	9	77.0
MW366789.1	k141_26293	82714	82.667	75	9	77.0
MW366789.1	k141_26293	82714	72.093	129	36	71.6
MW366789.1	k141_26293	82714	72.093	129	36	71.6
MW366789.1	k141_26293	82714	74.286	105	20	66.2
MW366789.1	k141_26293	82714	79.412	68	12	53.6
MW366789.1	k141_26293	82714	79.412	68	12	53.6
MW366789.1	k141_3067	25191	90.760	5314	297	7315
MW366789.1	k141_3067	25191	90.760	5314	297	7315
MW366789.1	k141_3067	25191	89.218	4489	345	5927
MW366789.1	k141_3067	25191	89.218	4489	345	5927
MW366789.1	k141_3067	25191	91.597	1797	101	2561
MW366789.1	k141_3067	25191	91.597	1797	101	2561
MW366789.1	k141_3067	25191	88.170	634	49	807
MW366789.1	k141_3067	25191	88.170	634	49	807
MW366789.1	k141_3067	25191	83.254	633	61	669
MW366789.1	k141_3067	25191	83.254	633	61	669
MW366789.1	k141_3067	25191	90.618	437	38	602
MW366789.1	k141_3067	25191	91.101	427	38	600
MW366789.1	k141_3067	25191	85.287	435	28	493
MW366789.1	k141_3067	25191	85.287	435	28	493
MW366789.1	k141_3067	25191	85.287	435	28	493
MW366789.1	k141_3067	25191	80.831	313	32	297
MW366789.1	k141_3067	25191	80.831	313	32	297
MW366789.1	k141_3067	25191	96.350	137	5	225
MW366789.1	k141_3067	25191	96.350	137	5	225
MW366789.1	k141_3067	25191	87.209	172	17	212
MW366789.1	k141_3067	25191	87.209	172	17	212
MW366789.1	k141_3067	25191	82.857	210	22	212
MW366789.1	k141_3067	25191	89.474	152	16	203
MW366789.1	k141_3067	25191	89.474	152	16	203
MW366789.1	k141_3067	25191	83.889	180	24	190
MW366789.1	k141_3067	25191	83.889	180	24	190
MW366789.1	k141_3067	25191	84.173	139	13	156
MW366789.1	k141_3067	25191	84.173	139	13	156
MW366789.1	k141_3067	25191	90.217	92	9	126
MW366789.1	k141_3067	25191	90.217	92	9	126
MW366789.1	k141_3067	25191	86.170	94	7	114
MW366789.1	k141_3067	25191	86.170	94	7	113
MW366789.1	k141_3067	25191	85.714	84	7	98.7
MW366789.1	k141_3067	25191	85.714	84	7	98.7
MW366789.1	k141_3067	25191	90.385	52	5	72.5
MW366789.1	k141_3067	25191	90.385	52	5	72.5
MW366789.1	k141_3067	25191	90.385	52	5	72.5
MW366789.1	k141_3067	25191	97.368	38	1	65.3
MW366789.1	k141_3067	25191	90.000	40	4	55.4
MW366789.1	k141_3067	25191	90.000	40	4	55.4
MW366789.1	k141_3067	25191	89.744	39	4	53.6
MW366789.1	k141_4360	12385	80.305	4463	689	4046
MW366789.1	k141_4360	12385	80.305	4463	689	4046
MW366789.1	k141_4360	12385	80.965	1886	342	1767
MW366789.1	k141_4360	12385	82.264	592	102	589
MW366789.1	k141_4360	12385	82.264	592	102	589
MW366789.1	k141_4360	12385	79.375	320	66	280
MW366789.1	k141_10905	9996	75.884	2235	490	1591
MW366789.1	k141_10905	9996	75.884	2235	490	1591
MW366789.1	k141_10905	9996	74.674	1149	235	762
MW366789.1	k141_10905	9996	74.674	1149	235	762
MW366789.1	k141_944	2017	72.062	1489	348	782
MW366789.1	k141_944	2017	72.062	1489	348	782
MW366789.1	k141_51471	1308	74.468	940	194	592
MW366789.1	k141_51471	1308	74.468	940	194	592
MW366789.1	k141_18139	89957	72.291	895	195	445
MW366789.1	k141_18139	89957	72.291	895	195	445
MW366789.1	k141_18139	89957	74.060	532	127	325
MW366789.1	k141_18139	89957	74.060	532	127	325
MW366789.1	k141_18139	89957	75.375	467	95	293
MW366789.1	k141_18139	89957	75.375	467	95	293
MW366789.1	k141_18139	89957	66.733	505	147	128
MW366789.1	k141_18139	89957	66.733	505	147	128
MW366789.1	k141_18139	89957	89.157	83	7	107
MW366789.1	k141_18139	89957	91.026	78	6	106
MW366789.1	k141_18139	89957	80.412	97	19	90.6
MW366789.1	k141_18139	89957	80.412	97	19	90.6
MW366789.1	k141_18139	89957	90.164	61	6	84.2
MW366789.1	k141_18139	89957	90.164	61	6	84.2
MW366789.1	k141_18139	89957	88.525	61	7	79.7
MW366789.1	k141_18139	89957	88.525	61	7	79.7
MW366789.1	k141_18139	89957	75.758	66	16	48.2
MW366789.1	k141_50780	378	82.850	379	34	388
MW366789.1	k141_50780	378	82.850	379	34	388
MW366789.1	k141_48530	1084	68.783	961	220	341
MW366789.1	k141_48530	1084	68.783	961	220	341
MW366789.1	k141_54427	965	75.058	429	73	278
MW366789.1	k141_54427	965	75.058	429	73	278
MW366789.1	k141_54427	965	75.893	112	14	84.2
MW366789.1	k141_54427	965	75.893	112	14	84.2
MW366789.1	k141_31232	15650	78.899	327	40	274
MW366789.1	k141_31232	15650	78.899	327	40	274
MW366789.1	k141_31232	15650	88.649	185	14	242
MW366789.1	k141_31232	15650	88.649	185	14	242
MW366789.1	k141_764	7665	95.714	140	6	226
MW366789.1	k141_764	7665	95.714	140	6	226
MW366789.1	k141_55683	23885	66.757	734	195	214
MW366789.1	k141_16107	10877	91.525	118	9	165
MW366789.1	k141_16107	10877	81.250	80	11	72.5
MW366789.1	k141_28677	415	88.618	123	14	159
MW366789.1	k141_28677	415	88.618	123	14	159
MW366789.1	k141_20203	21450	87.805	123	12	144
MW366789.1	k141_20203	21450	78.899	109	9	97.8
MW366789.1	k141_35970	20882	97.561	82	2	140
MW366789.1	k141_35970	20882	97.561	82	2	140
MW366789.1	k141_35970	20882	93.023	43	3	65.3
MW366789.1	k141_48529	38892	91.566	83	7	119
MW366789.1	k141_48529	38892	86.957	46	6	57.2
MW366789.1	k141_48529	38892	86.957	46	6	57.2
MW366789.1	k141_35398	307	72.444	225	56	119
MW366789.1	k141_35398	307	72.444	225	56	119
MW366789.1	k141_4842	7492	94.667	75	4	118
MW366789.1	k141_4842	7492	94.667	75	4	118
MW366789.1	k141_27205	13658	71.204	191	55	97.8
MW366789.1	k141_27205	13658	71.204	191	55	97.8
MW366789.1	k141_43864	389	90.909	66	6	93.3
MW366789.1	k141_43864	389	90.909	66	6	93.3
MW366789.1	k141_37740	9158	93.333	60	4	91.5
MW366789.1	k141_53079	342	81.250	96	12	89.7
MW366789.1	k141_20900	618	85.333	75	11	86.9
MW366789.1	k141_5628	420	72.993	137	37	81.5
MW366789.1	k141_56660	1030	95.349	43	2	69.8
MW366789.1	k141_56660	1030	95.349	43	2	69.8
MW366789.1	k141_56660	1030	95.349	43	2	69.8
MW366789.1	k141_56660	1030	95.349	43	2	69.8
MW366789.1	k141_7653	5516	71.034	145	36	65.3
MW366789.1	k141_25539	8767	85.455	55	8	64.4
KT899950.1	k141_3067	25191	93.534	10640	430	16067
KT899950.1	k141_3067	25191	94.548	10179	341	15827
KT899950.1	k141_3067	25191	92.552	6418	318	9451
KT899950.1	k141_3067	25191	92.552	6418	318	9451
KT899950.1	k141_3067	25191	93.714	4868	178	7421
KT899950.1	k141_3067	25191	93.714	4868	178	7421
KT899950.1	k141_3067	25191	92.228	2316	118	3395
KT899950.1	k141_3067	25191	92.228	2316	118	3395
KT899950.1	k141_3067	25191	87.820	821	37	1042
KT899950.1	k141_3067	25191	87.820	821	37	1042
KT899950.1	k141_3067	25191	93.013	458	26	679
KT899950.1	k141_3067	25191	93.013	458	26	679
KT899950.1	k141_3067	25191	92.308	39	3	58.1
KT899950.1	k141_3067	25191	84.211	38	6	42.8
KT899950.1	k141_26293	82714	84.516	13433	1656	14802
KT899950.1	k141_26293	82714	85.365	9846	1053	11218
KT899950.1	k141_26293	82714	80.000	10290	1250	9295
KT899950.1	k141_26293	82714	83.013	5716	652	5912
KT899950.1	k141_26293	82714	83.803	3797	497	4051
KT899950.1	k141_26293	82714	88.199	3076	272	3912
KT899950.1	k141_26293	82714	82.839	2902	340	2992
KT899950.1	k141_26293	82714	82.880	2132	306	2186
KT899950.1	k141_26293	82714	81.421	2266	297	2179
KT899950.1	k141_26293	82714	75.889	2588	382	1865
KT899950.1	k141_26293	82714	85.424	1523	146	1743
KT899950.1	k141_26293	82714	77.168	1949	366	1463
KT899950.1	k141_26293	82714	83.503	1279	179	1362
KT899950.1	k141_26293	82714	87.969	1039	85	1306
KT899950.1	k141_26293	82714	75.471	1594	229	1078
KT899950.1	k141_26293	82714	87.645	688	80	858
KT899950.1	k141_26293	82714	75.139	1259	178	833
KT899950.1	k141_26293	82714	78.940	679	83	572
KT899950.1	k141_26293	82714	78.056	679	109	535
KT899950.1	k141_26293	82714	75.142	704	106	471
KT899950.1	k141_26293	82714	83.333	456	57	466
KT899950.1	k141_26293	82714	71.374	779	108	418
KT899950.1	k141_26293	82714	83.721	387	46	416
KT899950.1	k141_26293	82714	81.841	402	48	392
KT899950.1	k141_26293	82714	76.125	511	64	370
KT899950.1	k141_26293	82714	78.923	427	61	351
KT899950.1	k141_26293	82714	70.274	656	85	341
KT899950.1	k141_26293	82714	83.648	318	40	328
KT899950.1	k141_26293	82714	90.104	192	18	258
KT899950.1	k141_26293	82714	87.310	197	25	243
KT899950.1	k141_26293	82714	72.611	471	69	242
KT899950.1	k141_26293	82714	82.550	149	13	146
KT899950.1	k141_26293	82714	90.385	104	10	143
KT899950.1	k141_26293	82714	86.607	112	9	132
KT899950.1	k141_26293	82714	86.607	112	9	132
KT899950.1	k141_26293	82714	86.607	112	9	132
KT899950.1	k141_26293	82714	74.208	221	40	131
KT899950.1	k141_26293	82714	74.528	212	30	130
KT899950.1	k141_26293	82714	97.297	74	2	125
KT899950.1	k141_26293	82714	68.085	282	78	105
KT899950.1	k141_26293	82714	78.151	119	26	98.7
KT899950.1	k141_26293	82714	94.872	39	2	62.6
KT899950.1	k141_26293	82714	94.872	39	2	62.6
KT899950.1	k141_4360	12385	82.126	2831	398	2782
KT899950.1	k141_4360	12385	85.296	2047	284	2319
KT899950.1	k141_4360	12385	82.405	1455	207	1452
KT899950.1	k141_4360	12385	69.595	2891	636	1250
KT899950.1	k141_4360	12385	79.816	1194	178	1057
KT899950.1	k141_4360	12385	75.381	853	165	570
KT899950.1	k141_4360	12385	74.892	231	52	152
KT899950.1	k141_10905	9996	80.973	2344	387	2207
KT899950.1	k141_10905	9996	80.973	2344	387	2207
KT899950.1	k141_10905	9996	79.046	1174	188	998
KT899950.1	k141_10905	9996	78.961	1174	189	998
KT899950.1	k141_10905	9996	83.333	234	37	240
KT899950.1	k141_10905	9996	73.611	144	32	86.0
KT899950.1	k141_10905	9996	73.611	144	32	86.0
KT899950.1	k141_51471	1308	80.132	906	174	806
KT899950.1	k141_51471	1308	80.132	906	174	806
KT899950.1	k141_944	2017	71.938	1486	351	779
KT899950.1	k141_944	2017	71.938	1486	351	779
KT899950.1	k141_18139	89957	73.318	877	203	483
KT899950.1	k141_18139	89957	73.318	877	203	483
KT899950.1	k141_18139	89957	74.248	532	126	334
KT899950.1	k141_18139	89957	74.248	532	126	334
KT899950.1	k141_18139	89957	74.522	471	90	287
KT899950.1	k141_18139	89957	74.522	471	90	287
KT899950.1	k141_18139	89957	77.936	281	60	221
KT899950.1	k141_18139	89957	77.936	281	60	221
KT899950.1	k141_18139	89957	92.500	80	6	118
KT899950.1	k141_18139	89957	93.506	77	5	117
KT899950.1	k141_18139	89957	65.830	518	144	113
KT899950.1	k141_18139	89957	65.830	518	144	113
KT899950.1	k141_18139	89957	81.443	97	18	95.1
KT899950.1	k141_18139	89957	81.443	97	18	95.1
KT899950.1	k141_18139	89957	86.885	61	8	75.2
KT899950.1	k141_18139	89957	86.885	61	8	75.2
KT899950.1	k141_18139	89957	77.193	57	13	45.5
KT899950.1	k141_50780	378	87.071	379	12	470
KT899950.1	k141_50780	378	87.071	379	12	470
KT899950.1	k141_48530	1084	69.561	956	218	361
KT899950.1	k141_48530	1084	69.561	956	218	361
KT899950.1	k141_31232	15650	85.531	311	23	361
KT899950.1	k141_31232	15650	85.531	311	23	361
KT899950.1	k141_31232	15650	90.270	185	11	255
KT899950.1	k141_31232	15650	90.270	185	11	255
KT899950.1	k141_20203	21450	72.212	547	85	299
KT899950.1	k141_54427	965	75.000	412	71	268
KT899950.1	k141_54427	965	75.000	412	71	268
KT899950.1	k141_764	7665	99.286	140	1	249
KT899950.1	k141_764	7665	99.286	140	1	249
KT899950.1	k141_45153	418	94.074	135	8	208
KT899950.1	k141_55683	23885	69.977	443	125	189
KT899950.1	k141_55683	23885	77.528	89	20	71.6
KT899950.1	k141_16107	10877	77.328	247	34	178
KT899950.1	k141_16107	10877	79.048	210	33	173
KT899950.1	k141_52097	489	88.514	148	10	175
KT899950.1	k141_52097	489	88.514	148	10	175
KT899950.1	k141_4842	7492	82.286	175	24	174
KT899950.1	k141_4842	7492	82.286	175	24	174
KT899950.1	k141_28677	415	88.525	122	14	158
KT899950.1	k141_35970	20882	97.436	78	2	132
KT899950.1	k141_35970	20882	90.698	43	4	60.8
KT899950.1	k141_35398	307	73.778	225	53	132
KT899950.1	k141_35398	307	73.778	225	53	132
KT899950.1	k141_56660	1030	98.438	64	1	112
KT899950.1	k141_56660	1030	98.438	64	1	112
KT899950.1	k141_48529	38892	89.157	83	9	110
KT899950.1	k141_27205	13658	72.021	193	50	100
KT899950.1	k141_27205	13658	72.021	193	50	100
KT899950.1	k141_20900	618	86.667	75	10	91.5
KT899950.1	k141_37740	9158	91.667	60	5	86.9
KT899950.1	k141_43864	389	85.915	71	10	84.2
KT899950.1	k141_5628	420	72.993	137	37	81.5
KT899950.1	k141_7653	5516	73.600	125	31	70.7
KT899950.1	k141_42628	486	74.648	71	18	48.2
KT899950.1	k141_42628	486	74.648	71	18	48.2
GU191334.1	k141_3067	25191	88.698	3734	306	4801
GU191334.1	k141_3067	25191	88.698	3734	306	4801
GU191334.1	k141_3067	25191	86.370	2656	249	3098
GU191334.1	k141_3067	25191	86.370	2656	249	3098
GU191334.1	k141_3067	25191	79.049	1031	162	854
GU191334.1	k141_3067	25191	79.049	1031	162	854
GU191334.1	k141_3067	25191	75.676	666	155	460
GU191334.1	k141_3067	25191	75.792	442	107	315
GU191334.1	k141_3067	25191	72.519	524	144	297
GU191334.1	k141_3067	25191	77.597	308	69	245
GU191334.1	k141_3067	25191	70.787	445	129	214
GU191334.1	k141_3067	25191	94.937	79	4	125
GU191334.1	k141_3067	25191	94.937	79	4	125
GU191334.1	k141_3067	25191	89.286	84	9	112
GU191334.1	k141_3067	25191	88.158	76	9	97.8
GU191334.1	k141_3067	25191	88.000	75	9	96.0
GU191334.1	k141_3067	25191	88.000	75	9	96.0
GU191334.1	k141_3067	25191	84.783	46	7	52.7
GU191334.1	k141_26293	82714	81.674	4529	827	4420
GU191334.1	k141_26293	82714	84.107	2435	381	2648
GU191334.1	k141_26293	82714	84.243	1447	228	1582
GU191334.1	k141_26293	82714	70.103	3686	1016	1581
GU191334.1	k141_26293	82714	81.519	1580	287	1520
GU191334.1	k141_26293	82714	78.809	1713	348	1440
GU191334.1	k141_26293	82714	88.725	1082	120	1399
GU191334.1	k141_26293	82714	74.844	2079	464	1387
GU191334.1	k141_26293	82714	66.761	2837	777	749
GU191334.1	k141_26293	82714	83.593	707	114	746
GU191334.1	k141_26293	82714	77.624	867	192	682
GU191334.1	k141_26293	82714	72.080	1293	328	681
GU191334.1	k141_26293	82714	72.498	1149	298	633
GU191334.1	k141_26293	82714	74.314	911	190	588
GU191334.1	k141_26293	82714	82.342	555	91	548
GU191334.1	k141_26293	82714	76.977	708	156	526
GU191334.1	k141_26293	82714	72.460	817	164	465
GU191334.1	k141_26293	82714	75.241	622	107	416
GU191334.1	k141_26293	82714	73.094	695	183	406
GU191334.1	k141_26293	82714	78.344	471	100	383
GU191334.1	k141_26293	82714	71.169	770	213	370
GU191334.1	k141_26293	82714	78.767	438	89	366
GU191334.1	k141_26293	82714	67.722	821	207	285
GU191334.1	k141_26293	82714	81.641	256	47	251
GU191334.1	k141_26293	82714	72.902	417	111	241
GU191334.1	k141_26293	82714	68.120	665	208	230
GU191334.1	k141_26293	82714	75.658	304	74	215
GU191334.1	k141_26293	82714	71.167	437	111	207
GU191334.1	k141_26293	82714	67.421	663	199	202
GU191334.1	k141_26293	82714	77.637	237	50	178
GU191334.1	k141_26293	82714	78.469	209	45	175
GU191334.1	k141_26293	82714	77.523	218	49	173
GU191334.1	k141_26293	82714	67.640	445	109	172
GU191334.1	k141_26293	82714	79.058	191	40	165
GU191334.1	k141_26293	82714	69.251	387	63	145
GU191334.1	k141_26293	82714	76.190	189	31	138
GU191334.1	k141_26293	82714	68.750	352	108	132
GU191334.1	k141_26293	82714	89.362	94	10	125
GU191334.1	k141_26293	82714	80.147	136	27	124
GU191334.1	k141_26293	82714	93.671	79	5	121
GU191334.1	k141_26293	82714	90.909	88	7	120
GU191334.1	k141_26293	82714	95.890	73	3	119
GU191334.1	k141_26293	82714	94.667	75	4	118
GU191334.1	k141_26293	82714	89.655	87	9	117
GU191334.1	k141_26293	82714	80.645	124	24	116
GU191334.1	k141_26293	82714	94.521	73	4	114
GU191334.1	k141_26293	82714	78.519	135	29	113
GU191334.1	k141_26293	82714	94.444	72	4	113
GU191334.1	k141_26293	82714	87.912	91	9	113
GU191334.1	k141_26293	82714	94.444	72	4	113
GU191334.1	k141_26293	82714	93.243	74	5	112
GU191334.1	k141_26293	82714	89.157	83	9	110
GU191334.1	k141_26293	82714	82.143	112	19	109
GU191334.1	k141_26293	82714	76.471	136	29	100
GU191334.1	k141_26293	82714	75.000	144	28	96.9
GU191334.1	k141_26293	82714	87.838	74	9	94.2
GU191334.1	k141_26293	82714	78.151	119	20	86.0
GU191334.1	k141_26293	82714	72.289	166	35	85.1
GU191334.1	k141_26293	82714	80.233	86	17	79.7
GU191334.1	k141_26293	82714	76.136	88	21	65.3
GU191334.1	k141_26293	82714	97.368	38	1	65.3
GU191334.1	k141_26293	82714	65.831	319	97	64.4
GU191334.1	k141_26293	82714	73.267	101	27	61.7
GU191334.1	k141_26293	82714	83.333	48	8	51.8
GU191334.1	k141_4360	12385	76.133	1743	397	1254
GU191334.1	k141_4360	12385	70.998	1824	481	885
GU191334.1	k141_4360	12385	74.281	1182	241	719
GU191334.1	k141_4360	12385	74.905	263	60	169
GU191334.1	k141_4360	12385	66.598	485	135	120
GU191334.1	k141_4360	12385	70.707	198	56	89.7
GU191334.1	k141_4360	12385	90.476	42	4	59.0
GU191334.1	k141_4360	12385	87.805	41	5	52.7
GU191334.1	k141_51471	1308	80.199	904	175	814
GU191334.1	k141_51471	1308	80.199	904	175	814
GU191334.1	k141_944	2017	72.418	1472	350	776
GU191334.1	k141_944	2017	72.418	1472	350	776
GU191334.1	k141_10905	9996	75.227	1102	261	746
GU191334.1	k141_10905	9996	75.136	1102	262	746
GU191334.1	k141_10905	9996	71.228	570	132	260
GU191334.1	k141_10905	9996	71.228	570	132	260
GU191334.1	k141_10905	9996	92.593	81	6	120
GU191334.1	k141_10905	9996	92.593	81	6	120
GU191334.1	k141_18139	89957	73.206	892	200	486
GU191334.1	k141_18139	89957	73.206	892	200	486
GU191334.1	k141_18139	89957	74.200	531	128	331
GU191334.1	k141_18139	89957	74.200	531	128	331
GU191334.1	k141_18139	89957	74.304	467	98	281
GU191334.1	k141_18139	89957	74.304	467	98	281
GU191334.1	k141_18139	89957	77.580	281	61	216
GU191334.1	k141_18139	89957	77.580	281	61	216
GU191334.1	k141_18139	89957	97.297	74	2	125
GU191334.1	k141_18139	89957	64.909	493	139	96.0
GU191334.1	k141_18139	89957	64.909	493	139	96.0
GU191334.1	k141_18139	89957	76.119	134	30	96.0
GU191334.1	k141_18139	89957	76.119	134	30	96.0
GU191334.1	k141_18139	89957	82.927	82	12	83.3
GU191334.1	k141_18139	89957	88.525	61	7	79.7
GU191334.1	k141_18139	89957	88.525	61	7	79.7
GU191334.1	k141_48530	1084	69.583	960	216	376
GU191334.1	k141_48530	1084	69.583	960	216	376
GU191334.1	k141_54427	965	76.581	427	74	303
GU191334.1	k141_54427	965	76.581	427	74	303
GU191334.1	k141_55683	23885	67.335	848	234	266
GU191334.1	k141_764	7665	95.714	140	6	226
GU191334.1	k141_764	7665	95.714	140	6	226
GU191334.1	k141_31232	15650	77.406	239	32	186
GU191334.1	k141_31232	15650	77.406	239	32	186
GU191334.1	k141_31232	15650	75.148	169	35	109
GU191334.1	k141_50780	378	94.118	119	7	184
GU191334.1	k141_50780	378	94.118	119	7	184
GU191334.1	k141_50780	378	82.716	81	14	84.2
GU191334.1	k141_50780	378	82.716	81	14	84.2
GU191334.1	k141_35398	307	74.348	230	51	134
GU191334.1	k141_35398	307	74.348	230	51	134
GU191334.1	k141_28677	415	82.787	122	21	126
GU191334.1	k141_16107	10877	93.421	76	5	115
GU191334.1	k141_48529	38892	90.361	83	8	114
GU191334.1	k141_45153	418	87.097	93	12	114
GU191334.1	k141_20203	21450	89.157	83	9	110
GU191334.1	k141_20203	21450	90.164	61	6	84.2
GU191334.1	k141_35970	20882	87.342	79	10	98.7
GU191334.1	k141_35970	20882	88.372	43	5	56.3
GU191334.1	k141_4842	7492	88.000	75	9	96.0
GU191334.1	k141_4842	7492	88.000	75	9	96.0
GU191334.1	k141_56660	1030	90.625	64	6	89.7
GU191334.1	k141_56660	1030	90.625	64	6	89.7
GU191334.1	k141_37740	9158	92.593	54	4	80.6
GU191334.1	k141_27205	13658	66.920	263	83	68.9
GU191334.1	k141_5628	420	70.199	151	44	67.1
GU191334.1	k141_7653	5516	77.778	81	18	66.2
GU191334.1	k141_42628	486	76.056	71	17	52.7
GU191334.1	k141_42628	486	76.056	71	17	52.7
GU191334.1	k141_25313	322	84.091	44	7	49.1
