MZ962720.1	k141_72557	56513	88.326	5268	534	6689
MZ962720.1	k141_72557	56513	85.170	3520	382	3986
MZ962720.1	k141_72557	56513	80.778	3881	642	3626
MZ962720.1	k141_72557	56513	79.116	4094	627	3437
MZ962720.1	k141_72557	56513	80.172	3374	559	3069
MZ962720.1	k141_72557	56513	86.054	1893	247	2226
MZ962720.1	k141_72557	56513	89.024	1485	163	1944
MZ962720.1	k141_72557	56513	83.241	1802	250	1868
MZ962720.1	k141_72557	56513	91.431	1132	93	1604
MZ962720.1	k141_72557	56513	76.584	2178	322	1569
MZ962720.1	k141_72557	56513	73.724	2135	442	1258
MZ962720.1	k141_72557	56513	85.316	933	112	1052
MZ962720.1	k141_72557	56513	83.387	933	149	976
MZ962720.1	k141_72557	56513	76.453	981	157	682
MZ962720.1	k141_72557	56513	76.943	759	151	575
MZ962720.1	k141_72557	56513	70.546	1117	244	536
MZ962720.1	k141_72557	56513	73.882	850	137	515
MZ962720.1	k141_72557	56513	73.300	794	140	470
MZ962720.1	k141_72557	56513	70.964	923	167	431
MZ962720.1	k141_72557	56513	73.615	686	122	398
MZ962720.1	k141_72557	56513	76.000	550	93	365
MZ962720.1	k141_72557	56513	76.119	469	77	315
MZ962720.1	k141_72557	56513	86.885	244	30	294
MZ962720.1	k141_72557	56513	85.938	256	29	284
MZ962720.1	k141_72557	56513	75.231	432	71	276
MZ962720.1	k141_72557	56513	85.714	210	21	248
MZ962720.1	k141_72557	56513	85.714	210	21	248
MZ962720.1	k141_72557	56513	75.862	319	49	227
MZ962720.1	k141_72557	56513	75.962	312	63	227
MZ962720.1	k141_72557	56513	81.818	231	31	215
MZ962720.1	k141_72557	56513	81.818	231	31	215
MZ962720.1	k141_72557	56513	80.500	200	27	187
MZ962720.1	k141_72557	56513	80.500	200	27	187
MZ962720.1	k141_72557	56513	83.429	175	25	185
MZ962720.1	k141_72557	56513	73.529	272	21	181
MZ962720.1	k141_72557	56513	89.062	128	13	165
MZ962720.1	k141_72557	56513	76.339	224	38	161
MZ962720.1	k141_72557	56513	76.339	224	38	161
MZ962720.1	k141_72557	56513	96.809	94	3	157
MZ962720.1	k141_72557	56513	80.606	165	27	154
MZ962720.1	k141_72557	56513	89.474	114	9	150
MZ962720.1	k141_72557	56513	85.714	126	17	143
MZ962720.1	k141_72557	56513	92.632	95	5	138
MZ962720.1	k141_72557	56513	86.047	129	9	138
MZ962720.1	k141_72557	56513	65.535	589	179	120
MZ962720.1	k141_72557	56513	67.976	331	88	109
MZ962720.1	k141_72557	56513	86.316	95	9	108
MZ962720.1	k141_72557	56513	75.676	148	31	101
MZ962720.1	k141_72557	56513	81.000	100	18	92.4
MZ962720.1	k141_72557	56513	86.667	75	10	91.5
MZ962720.1	k141_72557	56513	87.838	74	8	90.6
MZ962720.1	k141_72557	56513	68.534	232	69	76.1
MZ962720.1	k141_72557	56513	80.702	57	11	54.5
MZ962720.1	k141_72557	56513	76.119	67	16	50.0
MZ962720.1	k141_72557	56513	66.879	157	50	42.8
MZ962720.1	k141_6409	24674	80.316	5761	745	5209
MZ962720.1	k141_6409	24674	79.076	2122	374	1812
MZ962720.1	k141_6409	24674	87.144	1089	108	1331
MZ962720.1	k141_6409	24674	77.672	1581	280	1241
MZ962720.1	k141_6409	24674	71.201	1441	203	757
MZ962720.1	k141_6409	24674	73.525	1288	240	751
MZ962720.1	k141_6409	24674	82.650	634	102	646
MZ962720.1	k141_6409	24674	74.914	869	134	580
MZ962720.1	k141_6409	24674	67.542	1257	237	402
MZ962720.1	k141_6409	24674	74.635	548	113	354
MZ962720.1	k141_6409	24674	76.781	379	49	305
MZ962720.1	k141_6409	24674	72.454	432	66	255
MZ962720.1	k141_6409	24674	72.454	432	66	255
MZ962720.1	k141_6409	24674	70.863	556	132	255
MZ962720.1	k141_6409	24674	74.286	280	64	170
MZ962720.1	k141_6409	24674	74.359	273	34	165
MZ962720.1	k141_6409	24674	81.618	136	25	133
MZ962720.1	k141_6409	24674	85.577	104	9	122
MZ962720.1	k141_6409	24674	85.577	104	9	122
MZ962720.1	k141_6409	24674	78.523	149	22	121
MZ962720.1	k141_6409	24674	78.523	149	22	121
MZ962720.1	k141_6409	24674	76.974	152	31	116
MZ962720.1	k141_6409	24674	78.740	127	14	106
MZ962720.1	k141_6409	24674	75.630	119	29	85.1
MZ962720.1	k141_6409	24674	75.630	119	29	85.1
MZ962720.1	k141_6409	24674	79.775	89	18	80.6
MZ962720.1	k141_6409	24674	79.775	89	18	80.6
MZ962720.1	k141_6409	24674	79.775	89	18	80.6
MZ962720.1	k141_98875	21411	92.589	3009	135	4406
MZ962720.1	k141_98875	21411	92.589	3009	135	4406
MZ962720.1	k141_98875	21411	91.366	2803	165	3993
MZ962720.1	k141_98875	21411	91.366	2803	165	3993
MZ962720.1	k141_98875	21411	89.366	2633	180	3478
MZ962720.1	k141_98875	21411	89.366	2633	180	3478
MZ962720.1	k141_98875	21411	92.098	1873	105	2664
MZ962720.1	k141_98875	21411	92.098	1873	105	2664
MZ962720.1	k141_98875	21411	86.277	2055	185	2383
MZ962720.1	k141_98875	21411	86.277	2055	185	2383
MZ962720.1	k141_98875	21411	79.659	821	80	753
MZ962720.1	k141_98875	21411	80.000	715	82	646
MZ962720.1	k141_98875	21411	80.000	715	82	646
MZ962720.1	k141_98875	21411	81.069	449	44	415
MZ962720.1	k141_98875	21411	81.069	449	44	415
MZ962720.1	k141_98875	21411	82.902	386	54	388
MZ962720.1	k141_98875	21411	82.902	386	54	388
MZ962720.1	k141_98875	21411	83.824	272	40	283
MZ962720.1	k141_98875	21411	83.824	272	40	283
MZ962720.1	k141_98875	21411	75.881	369	47	267
MZ962720.1	k141_98875	21411	75.881	369	47	267
MZ962720.1	k141_98875	21411	85.864	191	21	224
MZ962720.1	k141_98875	21411	77.570	214	19	165
MZ962720.1	k141_98875	21411	77.570	214	19	165
MZ962720.1	k141_98875	21411	88.679	53	5	66.2
MZ962720.1	k141_98875	21411	88.679	53	5	66.2
MZ962720.1	k141_98875	21411	88.636	44	5	58.1
MZ962720.1	k141_44763	12961	83.598	3969	515	4220
MZ962720.1	k141_44763	12961	83.598	3969	515	4220
MZ962720.1	k141_44763	12961	81.638	2015	333	1950
MZ962720.1	k141_44763	12961	78.144	2274	450	1836
MZ962720.1	k141_44763	12961	76.705	1056	214	789
MZ962720.1	k141_44763	12961	83.647	691	101	721
MZ962720.1	k141_44763	12961	83.647	691	101	721
MZ962720.1	k141_44763	12961	81.875	320	58	316
MZ962720.1	k141_44763	12961	95.745	141	6	228
MZ962720.1	k141_44763	12961	95.745	141	6	228
MZ962720.1	k141_44763	12961	88.542	96	10	121
MZ962720.1	k141_28448	5490	87.165	1901	190	2315
MZ962720.1	k141_28448	5490	87.165	1901	190	2315
MZ962720.1	k141_28448	5490	80.080	251	46	218
MZ962720.1	k141_28448	5490	80.080	251	46	218
MZ962720.1	k141_28448	5490	79.167	120	25	104
MZ962720.1	k141_28448	5490	79.167	120	25	104
MZ962720.1	k141_28448	5490	75.833	120	22	88.7
MZ962720.1	k141_28448	5490	75.833	120	22	88.7
MZ962720.1	k141_60837	871	86.140	873	114	1022
MZ962720.1	k141_81270	1789	82.704	503	71	517
MZ962720.1	k141_9505	19013	70.761	1156	273	512
MZ962720.1	k141_9505	19013	70.761	1156	273	512
MZ962720.1	k141_86215	585	77.897	561	88	441
MZ962720.1	k141_86215	585	93.333	45	3	68.9
MZ962720.1	k141_58689	1451	90.291	309	30	423
MZ962720.1	k141_13278	18543	71.590	887	211	420
MZ962720.1	k141_13278	18543	71.590	887	211	420
MZ962720.1	k141_13278	18543	88.449	303	35	389
MZ962720.1	k141_13278	18543	88.333	60	7	77.9
MZ962720.1	k141_13278	18543	88.333	60	7	77.9
MZ962720.1	k141_13278	18543	88.333	60	7	77.9
MZ962720.1	k141_78196	538	76.130	553	108	411
MZ962720.1	k141_3000	8704	81.937	382	46	386
MZ962720.1	k141_3000	8704	81.937	382	46	386
MZ962720.1	k141_3000	8704	85.473	296	30	339
MZ962720.1	k141_3000	8704	85.473	296	30	339
MZ962720.1	k141_3000	8704	68.562	299	39	143
MZ962720.1	k141_48528	3196	76.884	398	67	304
MZ962720.1	k141_48528	3196	77.119	118	26	88.7
MZ962720.1	k141_105826	4552	72.530	415	81	242
MZ962720.1	k141_93611	4109	66.545	822	236	229
MZ962720.1	k141_17793	371	81.000	200	26	192
MZ962720.1	k141_17793	371	81.000	200	26	192
MZ962720.1	k141_28195	1838	86.093	151	21	178
MZ962720.1	k141_37255	4562	90.083	121	10	162
MZ962720.1	k141_37255	4562	85.455	55	7	60.8
MZ962720.1	k141_10422	3604	98.901	91	1	160
MZ962720.1	k141_28210	8889	72.318	289	50	157
MZ962720.1	k141_42902	389	95.652	92	4	149
MZ962720.1	k141_30978	4620	86.885	122	15	145
MZ962720.1	k141_30978	4620	80.292	137	23	121
MZ962720.1	k141_55879	1696	96.000	75	3	123
MZ962720.1	k141_886	4632	92.308	78	6	114
MZ962720.1	k141_886	4632	82.432	74	13	76.1
MZ962720.1	k141_18000	1842	77.301	163	28	109
MZ962720.1	k141_7178	2117	85.870	92	9	107
MZ962720.1	k141_7178	2117	85.870	92	9	107
MZ962720.1	k141_69764	567	78.947	114	21	92.4
MZ962720.1	k141_59230	6514	70.056	177	53	81.5
MZ962720.1	k141_59230	6514	70.056	177	53	81.5
MZ962720.1	k141_49745	1116	72.932	133	36	78.8
MZ962720.1	k141_2963	455	90.909	55	5	77.9
MZ962720.1	k141_2604	2369	87.273	55	7	68.9
MZ962720.1	k141_66338	928	74.737	95	24	64.4
MZ962720.1	k141_27763	834	94.872	39	2	62.6
MZ962720.1	k141_27763	834	94.872	39	2	62.6
MZ962720.1	k141_14457	620	92.683	41	3	61.7
MZ962720.1	k141_14457	620	92.683	41	3	61.7
MZ962720.1	k141_14200	2999	94.595	37	2	59.0
MZ962720.1	k141_14200	2999	94.595	37	2	59.0
MZ962720.1	k141_25204	1799	82.609	46	8	48.2
MZ962720.1	k141_25204	1799	82.609	46	8	48.2
MH569081.1	k141_72557	56513	95.633	16098	425	25878
MH569081.1	k141_72557	56513	95.504	14656	364	23464
MH569081.1	k141_72557	56513	94.910	12457	399	19584
MH569081.1	k141_72557	56513	96.239	5583	139	9141
MH569081.1	k141_72557	56513	93.281	3676	117	5534
MH569081.1	k141_72557	56513	89.411	1681	63	2261
MH569081.1	k141_72557	56513	90.091	1534	55	2097
MH569081.1	k141_72557	56513	98.485	264	4	459
MH569081.1	k141_72557	56513	98.485	264	4	459
MH569081.1	k141_72557	56513	94.161	137	7	208
MH569081.1	k141_72557	56513	94.161	137	7	208
MH569081.1	k141_72557	56513	71.429	210	33	120
MH569081.1	k141_72557	56513	74.847	163	41	110
MH569081.1	k141_72557	56513	72.081	197	37	106
MH569081.1	k141_72557	56513	73.006	163	44	96.9
MH569081.1	k141_72557	56513	70.861	151	29	79.7
MH569081.1	k141_72557	56513	70.779	154	30	76.1
MH569081.1	k141_72557	56513	82.609	69	11	68.0
MH569081.1	k141_72557	56513	78.873	71	15	61.7
MH569081.1	k141_72557	56513	87.500	48	6	60.8
MH569081.1	k141_72557	56513	88.889	45	5	59.9
MH569081.1	k141_72557	56513	88.889	45	5	59.9
MH569081.1	k141_72557	56513	68.153	157	48	51.8
MH569081.1	k141_72557	56513	66.879	157	50	42.8
MH569081.1	k141_72557	56513	77.551	49	11	40.1
MH569081.1	k141_6409	24674	95.442	15754	414	25160
MH569081.1	k141_6409	24674	93.712	5773	157	8830
MH569081.1	k141_6409	24674	94.750	2324	73	3641
MH569081.1	k141_6409	24674	99.387	163	0	287
MH569081.1	k141_6409	24674	99.387	163	0	287
MH569081.1	k141_6409	24674	94.000	150	9	231
MH569081.1	k141_6409	24674	94.161	137	7	208
MH569081.1	k141_6409	24674	91.304	46	4	66.2
MH569081.1	k141_6409	24674	94.595	37	2	59.0
MH569081.1	k141_6409	24674	86.957	46	4	50.0
MH569081.1	k141_6409	24674	82.051	39	7	40.1
MH569081.1	k141_98875	21411	99.021	10519	76	18485
MH569081.1	k141_98875	21411	99.020	10507	76	18464
MH569081.1	k141_98875	21411	99.207	4921	28	8696
MH569081.1	k141_98875	21411	99.207	4921	28	8696
MH569081.1	k141_98875	21411	98.592	355	5	618
MH569081.1	k141_98875	21411	98.592	355	5	618
MH569081.1	k141_98875	21411	85.020	247	4	291
MH569081.1	k141_98875	21411	85.020	247	4	291
MH569081.1	k141_98875	21411	91.489	47	4	68.0
MH569081.1	k141_98875	21411	91.489	47	4	68.0
MH569081.1	k141_98875	21411	88.889	45	5	59.9
MH569081.1	k141_44763	12961	94.672	5274	175	8255
MH569081.1	k141_44763	12961	96.094	3943	126	6397
MH569081.1	k141_44763	12961	91.935	3608	168	5261
MH569081.1	k141_44763	12961	100.000	141	0	255
MH569081.1	k141_44763	12961	100.000	129	0	233
MH569081.1	k141_44763	12961	91.667	48	4	69.8
MH569081.1	k141_44763	12961	77.551	49	11	40.1
MH569081.1	k141_3000	8704	97.484	3100	35	5265
MH569081.1	k141_3000	8704	97.484	3100	35	5265
MH569081.1	k141_3000	8704	73.333	375	27	256
MH569081.1	k141_28448	5490	98.545	2199	28	3817
MH569081.1	k141_28448	5490	98.545	2199	28	3817
MH569081.1	k141_28448	5490	80.392	102	15	90.6
MH569081.1	k141_60837	871	93.694	888	37	1353
MH569081.1	k141_30978	4620	84.540	815	60	881
MH569081.1	k141_86215	585	90.000	560	33	756
MH569081.1	k141_86215	585	95.556	45	2	73.4
MH569081.1	k141_81270	1789	92.263	517	27	742
MH569081.1	k141_17793	371	99.461	371	2	661
MH569081.1	k141_17793	371	99.461	371	2	661
MH569081.1	k141_17793	371	95.833	48	2	78.8
MH569081.1	k141_105826	4552	88.702	416	26	549
MH569081.1	k141_14966	5900	94.444	342	10	531
MH569081.1	k141_14966	5900	94.444	342	10	531
MH569081.1	k141_58689	1451	97.125	313	9	525
MH569081.1	k141_9505	19013	71.069	1151	274	516
MH569081.1	k141_9505	19013	71.069	1151	274	516
MH569081.1	k141_9505	19013	74.641	209	51	132
MH569081.1	k141_9505	19013	74.641	209	51	132
MH569081.1	k141_13278	18543	97.039	304	9	508
MH569081.1	k141_13278	18543	72.127	879	213	447
MH569081.1	k141_13278	18543	72.127	879	213	447
MH569081.1	k141_13278	18543	91.096	292	9	421
MH569081.1	k141_13278	18543	91.096	292	9	421
MH569081.1	k141_13278	18543	90.000	60	6	82.4
MH569081.1	k141_13278	18543	90.000	60	6	82.4
MH569081.1	k141_7178	2117	99.615	260	1	465
MH569081.1	k141_7178	2117	99.615	260	1	465
MH569081.1	k141_7178	2117	95.833	48	2	78.8
MH569081.1	k141_78196	538	94.737	266	14	417
MH569081.1	k141_78196	538	92.574	202	15	297
MH569081.1	k141_48528	3196	74.948	479	70	319
MH569081.1	k141_48528	3196	85.000	120	17	132
MH569081.1	k141_28195	1838	97.159	176	5	296
MH569081.1	k141_93611	4109	67.280	761	198	233
MH569081.1	k141_24377	535	92.053	151	9	217
MH569081.1	k141_17107	443	91.216	148	6	206
MH569081.1	k141_46027	3336	97.479	119	3	202
MH569081.1	k141_46027	3336	97.479	119	3	202
MH569081.1	k141_18000	1842	82.659	173	16	177
MH569081.1	k141_37255	4562	85.065	154	17	171
MH569081.1	k141_10422	3604	100.000	93	0	168
MH569081.1	k141_99983	1204	96.939	98	1	157
MH569081.1	k141_42902	389	87.500	128	11	155
MH569081.1	k141_42902	389	91.111	45	4	64.4
MH569081.1	k141_55879	1696	88.034	117	13	145
MH569081.1	k141_43363	448	96.591	88	0	144
MH569081.1	k141_43363	448	96.591	88	0	144
MH569081.1	k141_34848	692	100.000	73	0	132
MH569081.1	k141_886	4632	94.521	73	4	114
MH569081.1	k141_886	4632	80.000	70	14	64.4
MH569081.1	k141_69764	567	81.250	112	11	113
MH569081.1	k141_17725	414	92.208	77	6	113
MH569081.1	k141_17725	414	92.208	77	6	113
MH569081.1	k141_66338	928	85.417	96	14	111
MH569081.1	k141_44598	4458	75.610	164	23	104
MH569081.1	k141_82086	323	98.182	55	1	96.0
MH569081.1	k141_82086	323	98.182	55	1	96.0
MH569081.1	k141_4345	519	90.909	66	6	93.3
MH569081.1	k141_4345	519	76.056	71	11	53.6
MH569081.1	k141_24825	309	79.825	114	17	90.6
MH569081.1	k141_3898	695	96.226	53	2	87.8
MH569081.1	k141_3898	695	96.226	53	2	87.8
MH569081.1	k141_2963	455	96.226	53	2	87.8
MH569081.1	k141_2604	2369	93.333	60	3	87.8
MH569081.1	k141_61545	2159	97.959	49	1	85.1
MH569081.1	k141_59230	6514	70.950	179	48	84.2
MH569081.1	k141_59230	6514	70.950	179	48	84.2
MH569081.1	k141_94394	305	97.872	47	1	81.5
MH569081.1	k141_99192	1280	92.857	56	3	80.6
MH569081.1	k141_57669	553	79.775	89	14	79.7
MH569081.1	k141_9072	426	80.000	80	6	77.9
MH569081.1	k141_81532	733	90.741	54	5	76.1
MH569081.1	k141_66920	1420	90.741	54	5	76.1
MH569081.1	k141_49745	1116	72.180	133	37	74.3
MH569081.1	k141_45768	571	84.375	64	10	71.6
MH569081.1	k141_87714	244	97.500	40	1	68.9
MH569081.1	k141_40433	942	97.500	40	1	68.9
MH569081.1	k141_22015	204	97.500	40	1	68.9
MH569081.1	k141_46356	331	82.812	64	11	67.1
MH569081.1	k141_39830	348	97.436	39	1	67.1
MH569081.1	k141_14457	620	95.122	41	2	66.2
MH569081.1	k141_14457	620	95.122	41	2	66.2
MH569081.1	k141_14200	2999	97.297	37	1	63.5
MH569081.1	k141_14200	2999	97.297	37	1	63.5
MH569081.1	k141_70139	393	88.889	45	5	59.9
MH569081.1	k141_25204	1799	80.488	41	8	39.2
NC_033978.1	k141_72557	56513	87.461	5447	600	6720
NC_033978.1	k141_72557	56513	83.501	3867	560	4101
NC_033978.1	k141_72557	56513	90.104	2587	246	3503
NC_033978.1	k141_72557	56513	80.930	3356	553	3183
NC_033978.1	k141_72557	56513	82.498	2314	352	2328
NC_033978.1	k141_72557	56513	83.278	2093	299	2194
NC_033978.1	k141_72557	56513	87.785	1490	182	1867
NC_033978.1	k141_72557	56513	81.729	1839	269	1795
NC_033978.1	k141_72557	56513	82.449	1772	258	1783
NC_033978.1	k141_72557	56513	78.453	2107	285	1694
NC_033978.1	k141_72557	56513	88.383	1274	135	1616
NC_033978.1	k141_72557	56513	75.415	2229	458	1550
NC_033978.1	k141_72557	56513	69.985	2722	623	1176
NC_033978.1	k141_72557	56513	75.230	1086	145	714
NC_033978.1	k141_72557	56513	83.486	654	104	692
NC_033978.1	k141_72557	56513	68.612	1268	196	472
NC_033978.1	k141_72557	56513	75.332	677	99	458
NC_033978.1	k141_72557	56513	87.066	317	40	384
NC_033978.1	k141_72557	56513	73.174	671	116	358
NC_033978.1	k141_72557	56513	84.365	307	27	339
NC_033978.1	k141_72557	56513	88.462	260	30	334
NC_033978.1	k141_72557	56513	88.462	260	30	334
NC_033978.1	k141_72557	56513	88.532	218	25	281
NC_033978.1	k141_72557	56513	78.550	331	51	273
NC_033978.1	k141_72557	56513	80.496	282	30	257
NC_033978.1	k141_72557	56513	75.068	365	70	241
NC_033978.1	k141_72557	56513	95.556	135	6	217
NC_033978.1	k141_72557	56513	78.378	259	41	211
NC_033978.1	k141_72557	56513	77.857	280	49	211
NC_033978.1	k141_72557	56513	80.088	226	29	202
NC_033978.1	k141_72557	56513	93.798	129	8	197
NC_033978.1	k141_72557	56513	82.126	207	29	196
NC_033978.1	k141_72557	56513	72.819	298	75	174
NC_033978.1	k141_72557	56513	72.964	307	49	157
NC_033978.1	k141_72557	56513	83.688	141	17	152
NC_033978.1	k141_72557	56513	95.745	94	3	149
NC_033978.1	k141_72557	56513	78.182	165	36	136
NC_033978.1	k141_72557	56513	100.000	75	0	136
NC_033978.1	k141_72557	56513	93.023	86	6	129
NC_033978.1	k141_72557	56513	91.304	92	5	129
NC_033978.1	k141_72557	56513	80.000	150	24	128
NC_033978.1	k141_72557	56513	88.660	97	11	126
NC_033978.1	k141_72557	56513	79.032	124	26	107
NC_033978.1	k141_72557	56513	69.643	224	49	88.7
NC_033978.1	k141_72557	56513	89.286	56	6	75.2
NC_033978.1	k141_72557	56513	83.607	61	10	66.2
NC_033978.1	k141_72557	56513	70.064	157	45	65.3
NC_033978.1	k141_72557	56513	74.257	101	20	62.6
NC_033978.1	k141_72557	56513	92.308	39	3	58.1
NC_033978.1	k141_72557	56513	92.308	39	3	58.1
NC_033978.1	k141_72557	56513	90.000	40	4	55.4
NC_033978.1	k141_72557	56513	74.242	66	17	43.7
NC_033978.1	k141_98875	21411	91.028	4514	258	6299
NC_033978.1	k141_98875	21411	91.028	4514	258	6299
NC_033978.1	k141_98875	21411	93.702	3017	137	4556
NC_033978.1	k141_98875	21411	93.702	3017	137	4556
NC_033978.1	k141_98875	21411	91.613	3100	179	4384
NC_033978.1	k141_98875	21411	91.613	3100	179	4384
NC_033978.1	k141_98875	21411	89.730	2298	131	3054
NC_033978.1	k141_98875	21411	89.730	2298	131	3054
NC_033978.1	k141_98875	21411	77.367	866	76	724
NC_033978.1	k141_98875	21411	77.367	866	76	724
NC_033978.1	k141_98875	21411	79.167	816	99	689
NC_033978.1	k141_98875	21411	79.167	816	99	689
NC_033978.1	k141_98875	21411	78.584	551	94	457
NC_033978.1	k141_98875	21411	86.111	108	14	124
NC_033978.1	k141_98875	21411	94.340	53	3	83.3
NC_033978.1	k141_98875	21411	94.340	53	3	83.3
NC_033978.1	k141_98875	21411	89.655	58	5	75.2
NC_033978.1	k141_98875	21411	100.000	40	0	73.4
NC_033978.1	k141_98875	21411	100.000	40	0	73.4
NC_033978.1	k141_98875	21411	91.111	45	4	64.4
NC_033978.1	k141_98875	21411	84.211	38	6	42.8
NC_033978.1	k141_6409	24674	78.952	4998	722	4199
NC_033978.1	k141_6409	24674	74.969	4778	857	3220
NC_033978.1	k141_6409	24674	78.635	2008	376	1659
NC_033978.1	k141_6409	24674	86.081	1013	115	1184
NC_033978.1	k141_6409	24674	83.670	643	92	685
NC_033978.1	k141_6409	24674	74.131	1036	175	614
NC_033978.1	k141_6409	24674	70.948	1308	265	574
NC_033978.1	k141_6409	24674	80.606	495	85	444
NC_033978.1	k141_6409	24674	73.684	722	120	437
NC_033978.1	k141_6409	24674	85.833	240	31	279
NC_033978.1	k141_6409	24674	76.868	281	65	214
NC_033978.1	k141_6409	24674	73.502	317	63	199
NC_033978.1	k141_6409	24674	89.103	156	15	198
NC_033978.1	k141_6409	24674	89.103	156	15	198
NC_033978.1	k141_6409	24674	79.545	220	45	195
NC_033978.1	k141_6409	24674	83.240	179	23	190
NC_033978.1	k141_6409	24674	85.526	152	22	176
NC_033978.1	k141_6409	24674	86.869	99	13	121
NC_033978.1	k141_6409	24674	74.257	101	20	62.6
NC_033978.1	k141_28448	5490	90.485	1650	119	2262
NC_033978.1	k141_28448	5490	90.485	1650	119	2262
NC_033978.1	k141_28448	5490	77.705	305	59	239
NC_033978.1	k141_28448	5490	100.000	81	0	147
NC_033978.1	k141_44763	12961	81.689	1966	311	1913
NC_033978.1	k141_44763	12961	77.811	2321	416	1855
NC_033978.1	k141_44763	12961	76.827	2326	451	1737
NC_033978.1	k141_44763	12961	82.197	1247	194	1242
NC_033978.1	k141_44763	12961	76.951	1115	225	823
NC_033978.1	k141_44763	12961	75.325	1155	231	807
NC_033978.1	k141_44763	12961	90.071	141	14	192
NC_033978.1	k141_44763	12961	74.390	82	19	51.8
NC_033978.1	k141_60837	871	85.959	876	113	1017
NC_033978.1	k141_3000	8704	82.506	886	131	890
NC_033978.1	k141_3000	8704	82.506	886	131	890
NC_033978.1	k141_3000	8704	87.696	382	32	482
NC_033978.1	k141_3000	8704	87.696	382	32	482
NC_033978.1	k141_3000	8704	83.161	386	38	401
NC_033978.1	k141_3000	8704	83.161	386	38	401
NC_033978.1	k141_3000	8704	77.328	494	72	369
NC_033978.1	k141_3000	8704	77.328	494	72	369
NC_033978.1	k141_3000	8704	88.462	130	9	164
NC_033978.1	k141_3000	8704	88.462	130	9	164
NC_033978.1	k141_3000	8704	67.033	364	47	141
NC_033978.1	k141_81270	1789	81.312	503	81	473
NC_033978.1	k141_13278	18543	72.614	880	207	455
NC_033978.1	k141_13278	18543	72.614	880	207	455
NC_033978.1	k141_13278	18543	88.816	304	34	396
NC_033978.1	k141_13278	18543	77.936	281	60	221
NC_033978.1	k141_13278	18543	77.936	281	60	221
NC_033978.1	k141_13278	18543	83.721	86	8	94.2
NC_033978.1	k141_13278	18543	83.721	86	8	94.2
NC_033978.1	k141_13278	18543	70.996	231	47	93.3
NC_033978.1	k141_13278	18543	70.996	231	47	93.3
NC_033978.1	k141_13278	18543	86.667	60	8	73.4
NC_033978.1	k141_13278	18543	86.667	60	8	73.4
NC_033978.1	k141_17793	371	86.612	366	44	435
NC_033978.1	k141_17793	371	86.612	366	44	435
NC_033978.1	k141_58689	1451	89.935	308	31	416
NC_033978.1	k141_86215	585	81.773	406	71	398
NC_033978.1	k141_86215	585	95.556	45	2	73.4
NC_033978.1	k141_48528	3196	78.509	456	60	366
NC_033978.1	k141_48528	3196	83.333	120	19	123
NC_033978.1	k141_105826	4552	78.708	418	65	357
NC_033978.1	k141_9505	19013	74.436	532	125	339
NC_033978.1	k141_9505	19013	74.436	532	125	339
NC_033978.1	k141_9505	19013	75.427	468	92	293
NC_033978.1	k141_9505	19013	75.427	468	92	293
NC_033978.1	k141_9505	19013	65.125	800	205	144
NC_033978.1	k141_9505	19013	65.125	800	205	144
NC_033978.1	k141_78196	538	73.606	538	130	333
NC_033978.1	k141_7178	2117	84.496	258	35	281
NC_033978.1	k141_7178	2117	84.496	258	35	281
NC_033978.1	k141_93611	4109	67.500	840	222	263
NC_033978.1	k141_28195	1838	85.465	172	25	198
NC_033978.1	k141_42902	389	93.966	116	5	176
NC_033978.1	k141_18000	1842	83.333	156	14	167
NC_033978.1	k141_30978	4620	77.523	218	40	163
NC_033978.1	k141_30978	4620	76.515	132	18	97.8
NC_033978.1	k141_28210	8889	73.418	237	40	151
NC_033978.1	k141_10422	3604	96.629	89	3	148
NC_033978.1	k141_55879	1696	94.318	88	5	137
NC_033978.1	k141_37255	4562	90.722	97	8	132
NC_033978.1	k141_46027	3336	89.247	93	10	123
NC_033978.1	k141_46027	3336	89.247	93	10	123
NC_033978.1	k141_886	4632	93.671	79	5	121
NC_033978.1	k141_69764	567	82.456	114	13	113
NC_033978.1	k141_66338	928	80.208	96	19	88.7
NC_033978.1	k141_59230	6514	69.634	191	58	84.2
NC_033978.1	k141_59230	6514	69.634	191	58	84.2
NC_033978.1	k141_34848	692	94.231	52	3	81.5
NC_033978.1	k141_3898	695	92.157	51	4	75.2
NC_033978.1	k141_3898	695	92.157	51	4	75.2
NC_033978.1	k141_2604	2369	93.750	48	3	74.3
NC_033978.1	k141_2963	455	87.273	55	7	68.9
NC_033978.1	k141_14457	620	95.122	41	2	66.2
NC_033978.1	k141_14457	620	95.122	41	2	66.2
NC_033978.1	k141_94108	497	91.111	45	4	64.4
NC_033978.1	k141_94108	497	91.111	45	4	64.4
NC_033978.1	k141_94108	497	88.000	50	5	60.8
NC_033978.1	k141_94108	497	88.000	50	5	60.8
NC_033978.1	k141_49745	1116	77.500	80	18	64.4
NC_033978.1	k141_25204	1799	78.723	47	10	41.0
MW006668.1	k141_98875	21411	90.078	5352	305	7219
MW006668.1	k141_98875	21411	90.078	5352	305	7219
MW006668.1	k141_98875	21411	88.036	4756	400	5984
MW006668.1	k141_98875	21411	92.110	2573	142	3695
MW006668.1	k141_98875	21411	92.110	2573	142	3695
MW006668.1	k141_98875	21411	71.654	1076	158	550
MW006668.1	k141_98875	21411	80.412	485	62	441
MW006668.1	k141_98875	21411	80.412	485	62	441
MW006668.1	k141_98875	21411	76.095	548	95	395
MW006668.1	k141_98875	21411	76.095	548	95	395
MW006668.1	k141_98875	21411	74.352	347	59	203
MW006668.1	k141_98875	21411	100.000	43	0	78.8
MW006668.1	k141_98875	21411	100.000	43	0	78.8
MW006668.1	k141_98875	21411	100.000	42	0	77.0
MW006668.1	k141_98875	21411	91.111	45	4	64.4
MW006668.1	k141_98875	21411	86.275	51	7	61.7
MW006668.1	k141_98875	21411	84.211	38	6	42.8
MW006668.1	k141_72557	56513	86.549	5457	644	6492
MW006668.1	k141_72557	56513	82.593	3401	520	3435
MW006668.1	k141_72557	56513	89.431	2479	262	3290
MW006668.1	k141_72557	56513	79.266	3381	574	2944
MW006668.1	k141_72557	56513	80.954	2536	413	2347
MW006668.1	k141_72557	56513	84.603	1903	290	2110
MW006668.1	k141_72557	56513	82.365	1877	294	1864
MW006668.1	k141_72557	56513	86.379	1483	202	1764
MW006668.1	k141_72557	56513	80.388	1754	286	1611
MW006668.1	k141_72557	56513	77.504	2067	333	1562
MW006668.1	k141_72557	56513	73.336	2269	509	1352
MW006668.1	k141_72557	56513	91.015	857	77	1199
MW006668.1	k141_72557	56513	91.015	857	77	1199
MW006668.1	k141_72557	56513	69.952	2273	528	1007
MW006668.1	k141_72557	56513	79.920	752	111	658
MW006668.1	k141_72557	56513	72.551	1133	226	606
MW006668.1	k141_72557	56513	81.834	578	88	567
MW006668.1	k141_72557	56513	78.523	596	82	499
MW006668.1	k141_72557	56513	77.329	644	99	497
MW006668.1	k141_72557	56513	72.684	842	123	457
MW006668.1	k141_72557	56513	74.456	689	131	396
MW006668.1	k141_72557	56513	87.500	304	35	376
MW006668.1	k141_72557	56513	89.003	291	29	375
MW006668.1	k141_72557	56513	89.003	291	29	375
MW006668.1	k141_72557	56513	74.103	641	105	369
MW006668.1	k141_72557	56513	82.831	332	35	340
MW006668.1	k141_72557	56513	70.026	774	165	316
MW006668.1	k141_72557	56513	70.026	774	165	316
MW006668.1	k141_72557	56513	85.714	259	37	301
MW006668.1	k141_72557	56513	84.791	263	32	288
MW006668.1	k141_72557	56513	84.791	263	32	288
MW006668.1	k141_72557	56513	75.058	429	79	277
MW006668.1	k141_72557	56513	82.114	246	27	239
MW006668.1	k141_72557	56513	75.410	366	68	239
MW006668.1	k141_72557	56513	79.705	271	39	229
MW006668.1	k141_72557	56513	80.335	239	34	209
MW006668.1	k141_72557	56513	74.254	268	66	171
MW006668.1	k141_72557	56513	78.212	179	19	148
MW006668.1	k141_72557	56513	83.846	130	14	142
MW006668.1	k141_72557	56513	90.099	101	7	136
MW006668.1	k141_72557	56513	100.000	75	0	136
MW006668.1	k141_72557	56513	77.576	165	37	132
MW006668.1	k141_72557	56513	90.698	86	8	120
MW006668.1	k141_72557	56513	69.136	324	78	118
MW006668.1	k141_72557	56513	87.640	89	9	109
MW006668.1	k141_72557	56513	71.493	221	53	102
MW006668.1	k141_72557	56513	88.732	71	8	93.3
MW006668.1	k141_72557	56513	87.324	71	9	88.7
MW006668.1	k141_72557	56513	87.324	71	9	88.7
MW006668.1	k141_72557	56513	79.167	96	19	80.6
MW006668.1	k141_72557	56513	84.286	70	10	74.3
MW006668.1	k141_72557	56513	80.282	71	14	66.2
MW006668.1	k141_72557	56513	70.064	157	45	65.3
MW006668.1	k141_72557	56513	87.755	49	6	62.6
MW006668.1	k141_72557	56513	87.755	49	6	62.6
MW006668.1	k141_72557	56513	92.308	39	3	58.1
MW006668.1	k141_72557	56513	71.698	106	27	50.9
MW006668.1	k141_72557	56513	74.194	62	16	41.0
MW006668.1	k141_6409	24674	78.641	5726	868	4754
MW006668.1	k141_6409	24674	78.451	1963	380	1618
MW006668.1	k141_6409	24674	70.061	3113	569	1307
MW006668.1	k141_6409	24674	85.837	1052	133	1209
MW006668.1	k141_6409	24674	73.736	1523	312	942
MW006668.1	k141_6409	24674	81.504	665	111	643
MW006668.1	k141_6409	24674	70.385	1273	251	584
MW006668.1	k141_6409	24674	70.971	1123	249	531
MW006668.1	k141_6409	24674	72.106	1054	187	510
MW006668.1	k141_6409	24674	69.928	552	118	264
MW006668.1	k141_6409	24674	69.928	552	118	264
MW006668.1	k141_6409	24674	82.917	240	35	245
MW006668.1	k141_6409	24674	85.811	148	20	169
MW006668.1	k141_6409	24674	85.135	148	17	164
MW006668.1	k141_6409	24674	85.135	148	17	164
MW006668.1	k141_6409	24674	84.211	152	23	163
MW006668.1	k141_6409	24674	80.925	173	25	158
MW006668.1	k141_6409	24674	82.609	115	20	118
MW006668.1	k141_6409	24674	74.790	119	27	78.8
MW006668.1	k141_6409	24674	74.790	119	27	78.8
MW006668.1	k141_6409	24674	80.851	47	9	45.5
MW006668.1	k141_44763	12961	78.710	3969	672	3306
MW006668.1	k141_44763	12961	78.710	3969	672	3306
MW006668.1	k141_44763	12961	82.075	1947	305	1929
MW006668.1	k141_44763	12961	82.075	1947	305	1929
MW006668.1	k141_44763	12961	75.391	2239	502	1513
MW006668.1	k141_44763	12961	75.844	1155	232	805
MW006668.1	k141_44763	12961	75.844	1155	232	805
MW006668.1	k141_44763	12961	76.642	1096	219	798
MW006668.1	k141_44763	12961	76.642	1096	219	798
MW006668.1	k141_44763	12961	90.780	141	13	196
MW006668.1	k141_44763	12961	90.780	141	13	196
MW006668.1	k141_44763	12961	85.217	115	12	123
MW006668.1	k141_44763	12961	85.217	115	12	123
MW006668.1	k141_60837	871	84.361	876	127	954
MW006668.1	k141_28448	5490	82.129	526	61	533
MW006668.1	k141_28448	5490	84.944	445	65	494
MW006668.1	k141_28448	5490	78.491	265	48	221
MW006668.1	k141_28448	5490	87.850	107	12	132
MW006668.1	k141_28448	5490	87.850	107	12	132
MW006668.1	k141_28448	5490	94.937	79	4	125
MW006668.1	k141_28448	5490	94.937	79	4	125
MW006668.1	k141_81270	1789	83.164	493	70	509
MW006668.1	k141_86215	585	77.338	556	112	434
MW006668.1	k141_86215	585	91.111	45	4	64.4
MW006668.1	k141_13278	18543	71.606	884	210	428
MW006668.1	k141_13278	18543	71.606	884	210	428
MW006668.1	k141_13278	18543	86.513	304	41	364
MW006668.1	k141_13278	18543	77.936	281	60	221
MW006668.1	k141_13278	18543	77.936	281	60	221
MW006668.1	k141_13278	18543	85.000	60	9	68.9
MW006668.1	k141_13278	18543	85.000	60	9	68.9
MW006668.1	k141_13278	18543	78.082	73	10	61.7
MW006668.1	k141_3000	8704	70.999	831	152	416
MW006668.1	k141_3000	8704	83.333	372	38	387
MW006668.1	k141_3000	8704	75.062	401	66	281
MW006668.1	k141_3000	8704	82.081	173	27	172
MW006668.1	k141_3000	8704	66.209	364	50	141
MW006668.1	k141_3000	8704	66.209	364	50	141
MW006668.1	k141_3000	8704	77.011	174	40	134
MW006668.1	k141_58689	1451	87.055	309	40	378
MW006668.1	k141_9505	19013	74.248	532	126	334
MW006668.1	k141_9505	19013	74.248	532	126	334
MW006668.1	k141_9505	19013	74.786	468	101	279
MW006668.1	k141_9505	19013	74.786	468	101	279
MW006668.1	k141_9505	19013	78.519	135	27	111
MW006668.1	k141_9505	19013	78.519	135	27	111
MW006668.1	k141_78196	538	73.832	535	128	332
MW006668.1	k141_17793	371	86.692	263	35	317
MW006668.1	k141_17793	371	85.768	267	30	305
MW006668.1	k141_17793	371	85.768	267	30	305
MW006668.1	k141_48528	3196	73.171	492	58	310
MW006668.1	k141_48528	3196	81.667	120	21	114
MW006668.1	k141_105826	4552	73.697	422	82	251
MW006668.1	k141_93611	4109	66.711	760	214	221
MW006668.1	k141_28195	1838	87.059	170	22	208
MW006668.1	k141_7178	2117	87.097	155	20	190
MW006668.1	k141_7178	2117	85.906	149	17	169
MW006668.1	k141_7178	2117	85.906	149	17	169
MW006668.1	k141_7178	2117	80.952	105	16	95.1
MW006668.1	k141_28210	8889	72.468	316	66	161
MW006668.1	k141_42902	389	91.304	115	8	160
MW006668.1	k141_18000	1842	82.803	157	24	160
MW006668.1	k141_10422	3604	95.604	91	4	147
MW006668.1	k141_30978	4620	80.851	141	20	135
MW006668.1	k141_30978	4620	80.180	111	16	98.7
MW006668.1	k141_37255	4562	87.129	101	12	121
MW006668.1	k141_886	4632	93.671	79	5	121
MW006668.1	k141_55879	1696	91.566	83	7	119
MW006668.1	k141_69764	567	76.522	115	17	86.9
MW006668.1	k141_59230	6514	69.634	191	58	84.2
MW006668.1	k141_34848	692	83.333	78	8	83.3
MW006668.1	k141_34848	692	83.333	78	8	83.3
MW006668.1	k141_66338	928	78.351	97	21	81.5
MW006668.1	k141_2963	455	90.909	55	5	77.9
MW006668.1	k141_3898	695	91.667	48	4	69.8
MW006668.1	k141_3898	695	91.667	48	4	69.8
MW006668.1	k141_3898	695	86.275	51	7	61.7
MW006668.1	k141_2604	2369	91.667	48	4	69.8
MW006668.1	k141_14457	620	95.122	41	2	66.2
MW006668.1	k141_14457	620	95.122	41	2	66.2
MW006668.1	k141_49745	1116	71.795	117	33	63.5
MW006668.1	k141_94394	305	85.106	47	7	54.5
MW006668.1	k141_94394	305	85.106	47	7	54.5
MW006668.1	k141_40433	942	86.486	37	5	45.5
MW006668.1	k141_40433	942	86.486	37	5	45.5
MW435436.1	k141_72557	56513	86.554	5429	629	6519
MW435436.1	k141_72557	56513	82.436	3883	600	3926
MW435436.1	k141_72557	56513	89.066	2579	274	3365
MW435436.1	k141_72557	56513	81.474	2321	367	2228
MW435436.1	k141_72557	56513	85.088	1938	278	2185
MW435436.1	k141_72557	56513	87.257	1491	190	1833
MW435436.1	k141_72557	56513	83.420	1731	250	1812
MW435436.1	k141_72557	56513	90.500	1200	112	1644
MW435436.1	k141_72557	56513	83.140	1554	238	1630
MW435436.1	k141_72557	56513	79.757	1813	314	1618
MW435436.1	k141_72557	56513	77.372	2055	281	1528
MW435436.1	k141_72557	56513	80.258	1626	307	1480
MW435436.1	k141_72557	56513	73.650	2277	497	1387
MW435436.1	k141_72557	56513	68.519	2430	594	849
MW435436.1	k141_72557	56513	76.594	1051	190	774
MW435436.1	k141_72557	56513	72.407	993	153	562
MW435436.1	k141_72557	56513	77.519	645	106	487
MW435436.1	k141_72557	56513	89.905	317	31	425
MW435436.1	k141_72557	56513	70.299	835	136	390
MW435436.1	k141_72557	56513	88.803	259	29	337
MW435436.1	k141_72557	56513	88.803	259	29	337
MW435436.1	k141_72557	56513	82.295	305	33	313
MW435436.1	k141_72557	56513	71.384	636	134	303
MW435436.1	k141_72557	56513	81.290	310	45	297
MW435436.1	k141_72557	56513	78.571	336	56	269
MW435436.1	k141_72557	56513	83.673	245	29	250
MW435436.1	k141_72557	56513	74.064	374	68	228
MW435436.1	k141_72557	56513	87.654	162	14	204
MW435436.1	k141_72557	56513	91.473	129	11	184
MW435436.1	k141_72557	56513	84.713	157	23	172
MW435436.1	k141_72557	56513	72.093	301	61	154
MW435436.1	k141_72557	56513	67.793	444	129	151
MW435436.1	k141_72557	56513	90.517	116	7	150
MW435436.1	k141_72557	56513	85.821	134	13	149
MW435436.1	k141_72557	56513	89.524	105	8	139
MW435436.1	k141_72557	56513	89.524	105	10	137
MW435436.1	k141_72557	56513	89.583	96	8	126
MW435436.1	k141_72557	56513	68.215	409	80	125
MW435436.1	k141_72557	56513	78.472	144	22	124
MW435436.1	k141_72557	56513	77.632	152	26	115
MW435436.1	k141_72557	56513	74.731	186	24	113
MW435436.1	k141_72557	56513	79.832	119	24	107
MW435436.1	k141_72557	56513	70.053	187	45	82.4
MW435436.1	k141_72557	56513	91.071	56	5	79.7
MW435436.1	k141_72557	56513	77.895	95	20	74.3
MW435436.1	k141_72557	56513	75.248	101	19	67.1
MW435436.1	k141_72557	56513	75.248	101	19	67.1
MW435436.1	k141_72557	56513	83.607	61	10	66.2
MW435436.1	k141_72557	56513	92.308	39	3	58.1
MW435436.1	k141_72557	56513	92.308	39	3	58.1
MW435436.1	k141_72557	56513	68.153	157	48	51.8
MW435436.1	k141_72557	56513	74.194	62	16	41.0
MW435436.1	k141_6409	24674	77.374	7562	1213	5850
MW435436.1	k141_6409	24674	78.550	1986	370	1627
MW435436.1	k141_6409	24674	83.188	1029	126	1051
MW435436.1	k141_6409	24674	69.954	1724	341	731
MW435436.1	k141_6409	24674	80.124	644	115	579
MW435436.1	k141_6409	24674	85.146	478	71	543
MW435436.1	k141_6409	24674	68.230	1407	298	490
MW435436.1	k141_6409	24674	81.069	449	72	412
MW435436.1	k141_6409	24674	74.069	671	122	410
MW435436.1	k141_6409	24674	76.103	544	106	372
MW435436.1	k141_6409	24674	78.402	338	60	275
MW435436.1	k141_6409	24674	78.571	294	59	242
MW435436.1	k141_6409	24674	76.868	281	65	214
MW435436.1	k141_6409	24674	89.744	156	14	203
MW435436.1	k141_6409	24674	89.744	156	14	203
MW435436.1	k141_6409	24674	87.342	158	20	196
MW435436.1	k141_6409	24674	79.736	227	26	194
MW435436.1	k141_6409	24674	77.682	233	51	183
MW435436.1	k141_6409	24674	86.301	146	20	174
MW435436.1	k141_6409	24674	70.324	401	74	151
MW435436.1	k141_6409	24674	81.429	140	22	131
MW435436.1	k141_6409	24674	75.248	101	19	67.1
MW435436.1	k141_6409	24674	75.248	101	19	67.1
MW435436.1	k141_98875	21411	86.524	4111	266	4960
MW435436.1	k141_98875	21411	86.524	4111	266	4960
MW435436.1	k141_98875	21411	93.790	2995	141	4527
MW435436.1	k141_98875	21411	93.790	2995	141	4527
MW435436.1	k141_98875	21411	90.013	2974	184	4032
MW435436.1	k141_98875	21411	90.013	2974	184	4032
MW435436.1	k141_98875	21411	90.763	2241	119	3089
MW435436.1	k141_98875	21411	90.763	2241	119	3089
MW435436.1	k141_98875	21411	88.483	1641	121	2097
MW435436.1	k141_98875	21411	88.483	1641	121	2097
MW435436.1	k141_98875	21411	76.053	831	106	605
MW435436.1	k141_98875	21411	76.053	831	106	605
MW435436.1	k141_98875	21411	77.256	554	102	413
MW435436.1	k141_98875	21411	67.816	348	79	126
MW435436.1	k141_98875	21411	90.566	53	4	70.7
MW435436.1	k141_98875	21411	90.566	53	4	70.7
MW435436.1	k141_98875	21411	95.349	43	2	69.8
MW435436.1	k141_98875	21411	88.889	45	5	59.9
MW435436.1	k141_44763	12961	76.611	3989	703	2988
MW435436.1	k141_44763	12961	76.821	3391	637	2553
MW435436.1	k141_44763	12961	76.032	2253	486	1601
MW435436.1	k141_44763	12961	75.759	2009	432	1397
MW435436.1	k141_44763	12961	75.472	1113	231	756
MW435436.1	k141_44763	12961	88.652	141	16	183
MW435436.1	k141_44763	12961	72.289	83	21	44.6
MW435436.1	k141_28448	5490	90.970	1639	120	2269
MW435436.1	k141_28448	5490	90.970	1639	120	2269
MW435436.1	k141_28448	5490	76.398	322	64	232
MW435436.1	k141_28448	5490	76.398	322	64	232
MW435436.1	k141_28448	5490	97.468	79	2	134
MW435436.1	k141_60837	871	83.963	873	129	931
MW435436.1	k141_3000	8704	81.716	886	138	863
MW435436.1	k141_3000	8704	81.716	886	138	863
MW435436.1	k141_3000	8704	86.126	382	38	455
MW435436.1	k141_3000	8704	86.126	382	38	455
MW435436.1	k141_3000	8704	85.950	363	30	426
MW435436.1	k141_3000	8704	85.950	363	30	426
MW435436.1	k141_3000	8704	78.182	495	72	394
MW435436.1	k141_3000	8704	78.182	495	72	394
MW435436.1	k141_3000	8704	80.833	240	20	223
MW435436.1	k141_3000	8704	80.833	240	20	223
MW435436.1	k141_3000	8704	66.758	364	48	132
MW435436.1	k141_9505	19013	71.194	1156	264	534
MW435436.1	k141_9505	19013	71.194	1156	264	534
MW435436.1	k141_9505	19013	65.000	800	206	140
MW435436.1	k141_9505	19013	65.000	800	206	140
MW435436.1	k141_81270	1789	81.836	501	78	488
MW435436.1	k141_17793	371	87.705	366	40	453
MW435436.1	k141_17793	371	87.705	366	40	453
MW435436.1	k141_13278	18543	72.398	884	202	447
MW435436.1	k141_13278	18543	72.398	884	202	447
MW435436.1	k141_13278	18543	86.184	304	42	360
MW435436.1	k141_13278	18543	77.580	281	61	216
MW435436.1	k141_13278	18543	77.580	281	61	216
MW435436.1	k141_13278	18543	71.368	234	47	98.7
MW435436.1	k141_13278	18543	71.368	234	47	98.7
MW435436.1	k141_13278	18543	83.333	78	7	84.2
MW435436.1	k141_13278	18543	83.333	78	7	84.2
MW435436.1	k141_13278	18543	86.667	60	8	73.4
MW435436.1	k141_13278	18543	86.667	60	8	73.4
MW435436.1	k141_86215	585	77.419	558	101	439
MW435436.1	k141_86215	585	91.111	45	4	64.4
MW435436.1	k141_58689	1451	88.997	309	34	405
MW435436.1	k141_105826	4552	77.512	418	70	339
MW435436.1	k141_48528	3196	79.946	369	50	336
MW435436.1	k141_48528	3196	86.957	92	12	113
MW435436.1	k141_78196	538	73.247	542	118	326
MW435436.1	k141_7178	2117	86.154	260	31	303
MW435436.1	k141_7178	2117	86.154	260	31	303
MW435436.1	k141_93611	4109	67.602	784	213	252
MW435436.1	k141_28195	1838	84.302	172	27	189
MW435436.1	k141_42902	389	96.809	94	3	157
MW435436.1	k141_10422	3604	97.802	91	2	156
MW435436.1	k141_28210	8889	74.459	231	42	153
MW435436.1	k141_18000	1842	80.982	163	27	150
MW435436.1	k141_30978	4620	78.528	163	25	137
MW435436.1	k141_30978	4620	86.154	65	9	77.9
MW435436.1	k141_55879	1696	88.119	101	12	129
MW435436.1	k141_46027	3336	81.600	125	13	123
MW435436.1	k141_46027	3336	81.600	125	13	123
MW435436.1	k141_37255	4562	67.391	414	71	120
MW435436.1	k141_886	4632	92.405	79	6	116
MW435436.1	k141_59230	6514	70.556	180	53	86.9
MW435436.1	k141_59230	6514	70.556	180	53	86.9
MW435436.1	k141_69764	567	88.060	67	8	86.0
MW435436.1	k141_34848	692	94.231	52	3	81.5
MW435436.1	k141_2963	455	90.909	55	5	77.9
MW435436.1	k141_3898	695	92.157	51	4	75.2
MW435436.1	k141_3898	695	92.157	51	4	75.2
MW435436.1	k141_2604	2369	93.750	48	3	74.3
MW435436.1	k141_14457	620	92.683	41	3	61.7
MW435436.1	k141_14457	620	92.683	41	3	61.7
MW435436.1	k141_49745	1116	76.923	65	15	50.9
MW435436.1	k141_49745	1116	76.923	65	15	50.9
MW435436.1	k141_94108	497	85.714	42	6	50.0
MW435436.1	k141_94108	497	85.714	42	6	50.0
NC_037882.1	k141_72557	56513	83.221	8010	999	8238
NC_037882.1	k141_72557	56513	83.248	3910	576	4089
NC_037882.1	k141_72557	56513	89.825	2634	264	3528
NC_037882.1	k141_72557	56513	81.515	3354	535	3245
NC_037882.1	k141_72557	56513	75.878	3760	701	2553
NC_037882.1	k141_72557	56513	83.312	2319	338	2410
NC_037882.1	k141_72557	56513	86.239	1933	262	2282
NC_037882.1	k141_72557	56513	82.868	1827	253	1871
NC_037882.1	k141_72557	56513	87.375	1505	190	1858
NC_037882.1	k141_72557	56513	80.252	1828	263	1663
NC_037882.1	k141_72557	56513	75.607	2267	480	1572
NC_037882.1	k141_72557	56513	82.222	675	110	673
NC_037882.1	k141_72557	56513	74.872	975	139	633
NC_037882.1	k141_72557	56513	70.409	1247	196	571
NC_037882.1	k141_72557	56513	68.693	1415	272	493
NC_037882.1	k141_72557	56513	77.143	665	103	491
NC_037882.1	k141_72557	56513	71.348	890	119	425
NC_037882.1	k141_72557	56513	71.173	895	151	399
NC_037882.1	k141_72557	56513	89.726	292	28	389
NC_037882.1	k141_72557	56513	89.575	259	27	346
NC_037882.1	k141_72557	56513	89.575	259	27	346
NC_037882.1	k141_72557	56513	82.085	307	34	312
NC_037882.1	k141_72557	56513	80.645	279	36	254
NC_037882.1	k141_72557	56513	77.273	330	55	253
NC_037882.1	k141_72557	56513	84.848	198	23	220
NC_037882.1	k141_72557	56513	86.310	168	23	200
NC_037882.1	k141_72557	56513	74.468	282	64	174
NC_037882.1	k141_72557	56513	75.735	272	39	173
NC_037882.1	k141_72557	56513	86.000	150	11	168
NC_037882.1	k141_72557	56513	88.889	126	14	165
NC_037882.1	k141_72557	56513	67.458	421	123	137
NC_037882.1	k141_72557	56513	100.000	75	0	136
NC_037882.1	k141_72557	56513	81.679	131	13	130
NC_037882.1	k141_72557	56513	78.481	158	28	124
NC_037882.1	k141_72557	56513	90.000	90	9	123
NC_037882.1	k141_72557	56513	86.139	101	11	118
NC_037882.1	k141_72557	56513	94.595	74	4	116
NC_037882.1	k141_72557	56513	72.393	163	45	92.4
NC_037882.1	k141_72557	56513	75.862	116	16	90.6
NC_037882.1	k141_72557	56513	92.857	42	3	63.5
NC_037882.1	k141_72557	56513	80.597	67	13	63.5
NC_037882.1	k141_72557	56513	94.872	39	2	62.6
NC_037882.1	k141_72557	56513	94.872	39	2	62.6
NC_037882.1	k141_72557	56513	81.250	64	12	62.6
NC_037882.1	k141_72557	56513	67.308	156	51	52.7
NC_037882.1	k141_72557	56513	75.714	70	17	50.9
NC_037882.1	k141_72557	56513	74.194	62	16	41.0
NC_037882.1	k141_6409	24674	76.975	9872	1547	7503
NC_037882.1	k141_6409	24674	80.285	1968	342	1761
NC_037882.1	k141_6409	24674	85.730	904	81	1043
NC_037882.1	k141_6409	24674	71.996	1789	316	905
NC_037882.1	k141_6409	24674	83.437	646	89	682
NC_037882.1	k141_6409	24674	73.062	1006	169	568
NC_037882.1	k141_6409	24674	68.755	1309	272	479
NC_037882.1	k141_6409	24674	80.685	321	49	294
NC_037882.1	k141_6409	24674	78.425	292	63	243
NC_037882.1	k141_6409	24674	89.873	158	16	214
NC_037882.1	k141_6409	24674	89.103	156	15	198
NC_037882.1	k141_6409	24674	89.103	156	15	198
NC_037882.1	k141_6409	24674	75.445	281	69	196
NC_037882.1	k141_6409	24674	87.586	145	18	181
NC_037882.1	k141_6409	24674	78.673	211	45	178
NC_037882.1	k141_6409	24674	81.818	110	20	109
NC_037882.1	k141_6409	24674	82.105	95	16	92.4
NC_037882.1	k141_6409	24674	80.769	52	10	50.0
NC_037882.1	k141_98875	21411	91.365	4667	255	6580
NC_037882.1	k141_98875	21411	91.365	4667	255	6580
NC_037882.1	k141_98875	21411	88.694	4095	268	5267
NC_037882.1	k141_98875	21411	88.694	4095	268	5267
NC_037882.1	k141_98875	21411	94.112	3006	123	4596
NC_037882.1	k141_98875	21411	94.112	3006	123	4596
NC_037882.1	k141_98875	21411	89.554	2307	123	3059
NC_037882.1	k141_98875	21411	89.554	2307	123	3059
NC_037882.1	k141_98875	21411	79.187	812	102	691
NC_037882.1	k141_98875	21411	79.187	812	102	691
NC_037882.1	k141_98875	21411	75.365	548	90	394
NC_037882.1	k141_98875	21411	70.571	350	68	154
NC_037882.1	k141_98875	21411	100.000	49	0	89.7
NC_037882.1	k141_98875	21411	100.000	49	0	89.7
NC_037882.1	k141_98875	21411	97.674	43	1	74.3
NC_037882.1	k141_98875	21411	91.111	45	4	64.4
NC_037882.1	k141_98875	21411	86.842	38	5	47.3
NC_037882.1	k141_98875	21411	84.211	38	6	42.8
NC_037882.1	k141_44763	12961	79.939	2303	388	2048
NC_037882.1	k141_44763	12961	81.818	1980	328	1937
NC_037882.1	k141_44763	12961	76.859	2273	448	1686
NC_037882.1	k141_44763	12961	78.841	1536	274	1279
NC_037882.1	k141_44763	12961	77.437	1108	224	855
NC_037882.1	k141_44763	12961	74.286	1190	236	781
NC_037882.1	k141_44763	12961	91.489	141	12	201
NC_037882.1	k141_60837	871	86.530	876	108	1040
NC_037882.1	k141_3000	8704	82.619	886	130	894
NC_037882.1	k141_3000	8704	82.619	886	130	894
NC_037882.1	k141_3000	8704	85.606	396	39	465
NC_037882.1	k141_3000	8704	85.606	396	39	465
NC_037882.1	k141_3000	8704	79.688	448	69	387
NC_037882.1	k141_3000	8704	79.688	448	69	387
NC_037882.1	k141_3000	8704	79.552	357	28	329
NC_037882.1	k141_3000	8704	79.552	357	28	329
NC_037882.1	k141_3000	8704	66.942	363	47	144
NC_037882.1	k141_28448	5490	91.337	531	37	741
NC_037882.1	k141_28448	5490	91.337	531	37	741
NC_037882.1	k141_28448	5490	91.264	435	37	610
NC_037882.1	k141_28448	5490	91.264	435	37	610
NC_037882.1	k141_28448	5490	76.101	318	67	231
NC_037882.1	k141_28448	5490	76.101	318	67	231
NC_037882.1	k141_28448	5490	98.734	79	1	139
NC_037882.1	k141_81270	1789	84.283	509	67	552
NC_037882.1	k141_17793	371	88.251	366	40	465
NC_037882.1	k141_17793	371	88.251	366	40	465
NC_037882.1	k141_13278	18543	72.500	880	208	451
NC_037882.1	k141_13278	18543	72.500	880	208	451
NC_037882.1	k141_13278	18543	89.145	304	33	400
NC_037882.1	k141_13278	18543	77.580	281	61	216
NC_037882.1	k141_13278	18543	77.580	281	61	216
NC_037882.1	k141_13278	18543	70.435	230	48	86.9
NC_037882.1	k141_13278	18543	70.435	230	48	86.9
NC_037882.1	k141_13278	18543	86.667	60	8	73.4
NC_037882.1	k141_13278	18543	86.667	60	8	73.4
NC_037882.1	k141_58689	1451	90.939	309	28	432
NC_037882.1	k141_78196	538	78.318	535	104	431
NC_037882.1	k141_86215	585	76.182	571	102	412
NC_037882.1	k141_86215	585	95.556	45	2	73.4
NC_037882.1	k141_105826	4552	79.187	418	63	366
NC_037882.1	k141_48528	3196	81.616	359	41	351
NC_037882.1	k141_9505	19013	74.436	532	125	339
NC_037882.1	k141_9505	19013	74.436	532	125	339
NC_037882.1	k141_9505	19013	74.576	472	89	285
NC_037882.1	k141_9505	19013	74.576	472	89	285
NC_037882.1	k141_9505	19013	65.000	800	206	144
NC_037882.1	k141_9505	19013	65.000	800	206	144
NC_037882.1	k141_7178	2117	87.209	258	30	315
NC_037882.1	k141_7178	2117	87.209	258	30	315
NC_037882.1	k141_93611	4109	66.667	783	222	222
NC_037882.1	k141_28195	1838	84.884	172	26	194
NC_037882.1	k141_42902	389	91.892	111	7	158
NC_037882.1	k141_18000	1842	83.221	149	16	156
NC_037882.1	k141_10422	3604	96.703	91	3	151
NC_037882.1	k141_37255	4562	87.826	115	13	141
NC_037882.1	k141_55879	1696	94.444	90	5	141
NC_037882.1	k141_30978	4620	79.394	165	16	139
NC_037882.1	k141_30978	4620	75.352	142	23	92.4
NC_037882.1	k141_28210	8889	71.784	241	37	134
NC_037882.1	k141_69764	567	82.143	112	15	113
NC_037882.1	k141_886	4632	91.139	79	7	112
NC_037882.1	k141_59230	6514	70.157	191	57	88.7
NC_037882.1	k141_59230	6514	70.157	191	57	88.7
NC_037882.1	k141_34848	692	94.231	52	3	81.5
NC_037882.1	k141_49745	1116	73.950	119	31	76.1
NC_037882.1	k141_3898	695	92.157	51	4	75.2
NC_037882.1	k141_3898	695	92.157	51	4	75.2
NC_037882.1	k141_2604	2369	93.750	48	3	74.3
NC_037882.1	k141_2963	455	87.273	55	7	68.9
NC_037882.1	k141_14457	620	95.122	41	2	66.2
NC_037882.1	k141_14457	620	95.122	41	2	66.2
NC_037882.1	k141_14200	2999	94.595	37	2	59.0
NC_037882.1	k141_14200	2999	94.595	37	2	59.0
NC_037882.1	k141_45338	505	82.222	45	7	42.8
NC_056190.1	k141_72557	56513	86.773	5451	621	6553
NC_056190.1	k141_72557	56513	82.303	3865	584	3896
NC_056190.1	k141_72557	56513	88.945	2578	280	3360
NC_056190.1	k141_72557	56513	79.785	3349	585	2990
NC_056190.1	k141_72557	56513	80.724	2568	405	2346
NC_056190.1	k141_72557	56513	82.009	2140	324	2116
NC_056190.1	k141_72557	56513	87.617	1494	179	1853
NC_056190.1	k141_72557	56513	86.723	1431	154	1690
NC_056190.1	k141_72557	56513	79.334	1771	294	1528
NC_056190.1	k141_72557	56513	75.705	2091	305	1430
NC_056190.1	k141_72557	56513	73.532	2214	482	1342
NC_056190.1	k141_72557	56513	78.000	1050	166	848
NC_056190.1	k141_72557	56513	68.131	2253	543	791
NC_056190.1	k141_72557	56513	81.504	665	116	634
NC_056190.1	k141_72557	56513	71.893	1199	218	593
NC_056190.1	k141_72557	56513	72.154	1063	177	560
NC_056190.1	k141_72557	56513	74.047	682	112	415
NC_056190.1	k141_72557	56513	88.644	317	35	407
NC_056190.1	k141_72557	56513	71.278	853	133	400
NC_056190.1	k141_72557	56513	74.554	617	121	384
NC_056190.1	k141_72557	56513	83.587	329	33	352
NC_056190.1	k141_72557	56513	89.575	259	27	346
NC_056190.1	k141_72557	56513	89.575	259	27	346
NC_056190.1	k141_72557	56513	71.701	682	128	320
NC_056190.1	k141_72557	56513	86.111	252	18	272
NC_056190.1	k141_72557	56513	77.492	311	61	241
NC_056190.1	k141_72557	56513	81.735	219	31	210
NC_056190.1	k141_72557	56513	73.926	349	65	203
NC_056190.1	k141_72557	56513	90.698	129	12	179
NC_056190.1	k141_72557	56513	87.755	147	14	175
NC_056190.1	k141_72557	56513	93.407	91	4	135
NC_056190.1	k141_72557	56513	76.970	165	38	127
NC_056190.1	k141_72557	56513	97.333	75	2	127
NC_056190.1	k141_72557	56513	96.104	77	3	126
NC_056190.1	k141_72557	56513	77.848	158	29	120
NC_056190.1	k141_72557	56513	93.421	76	5	115
NC_056190.1	k141_72557	56513	89.535	86	9	115
NC_056190.1	k141_72557	56513	70.233	215	50	99.6
NC_056190.1	k141_72557	56513	85.000	80	11	87.8
NC_056190.1	k141_72557	56513	91.071	56	5	79.7
NC_056190.1	k141_72557	56513	76.238	101	18	71.6
NC_056190.1	k141_72557	56513	72.414	116	32	66.2
NC_056190.1	k141_72557	56513	83.607	61	10	66.2
NC_056190.1	k141_72557	56513	92.857	42	3	63.5
NC_056190.1	k141_72557	56513	74.194	62	16	41.0
NC_056190.1	k141_98875	21411	90.099	4737	288	6434
NC_056190.1	k141_98875	21411	90.099	4737	288	6434
NC_056190.1	k141_98875	21411	92.739	3016	143	4422
NC_056190.1	k141_98875	21411	92.739	3016	143	4422
NC_056190.1	k141_98875	21411	91.722	2887	168	4108
NC_056190.1	k141_98875	21411	91.722	2887	168	4108
NC_056190.1	k141_98875	21411	90.860	2243	123	3083
NC_056190.1	k141_98875	21411	90.860	2243	123	3083
NC_056190.1	k141_98875	21411	76.736	821	111	620
NC_056190.1	k141_98875	21411	76.736	821	111	620
NC_056190.1	k141_98875	21411	77.691	511	63	409
NC_056190.1	k141_98875	21411	77.691	511	63	409
NC_056190.1	k141_98875	21411	83.379	367	35	384
NC_056190.1	k141_98875	21411	83.379	367	35	384
NC_056190.1	k141_98875	21411	75.592	549	100	372
NC_056190.1	k141_98875	21411	85.567	97	14	113
NC_056190.1	k141_98875	21411	97.619	42	1	72.5
NC_056190.1	k141_98875	21411	88.679	53	5	66.2
NC_056190.1	k141_98875	21411	88.679	53	5	66.2
NC_056190.1	k141_98875	21411	88.889	45	5	59.9
NC_056190.1	k141_98875	21411	86.842	38	5	47.3
NC_056190.1	k141_6409	24674	76.736	7488	1202	5565
NC_056190.1	k141_6409	24674	78.844	1938	355	1607
NC_056190.1	k141_6409	24674	77.010	1592	293	1215
NC_056190.1	k141_6409	24674	84.201	1057	143	1126
NC_056190.1	k141_6409	24674	79.970	669	116	588
NC_056190.1	k141_6409	24674	71.923	1097	199	576
NC_056190.1	k141_6409	24674	73.354	987	179	558
NC_056190.1	k141_6409	24674	68.960	1279	258	485
NC_056190.1	k141_6409	24674	69.558	588	107	265
NC_056190.1	k141_6409	24674	77.037	270	28	230
NC_056190.1	k141_6409	24674	68.378	487	87	205
NC_056190.1	k141_6409	24674	89.744	156	14	203
NC_056190.1	k141_6409	24674	89.744	156	14	203
NC_056190.1	k141_6409	24674	78.970	233	49	200
NC_056190.1	k141_6409	24674	75.445	281	69	196
NC_056190.1	k141_6409	24674	86.709	158	21	191
NC_056190.1	k141_6409	24674	83.448	145	24	154
NC_056190.1	k141_6409	24674	81.395	129	24	125
NC_056190.1	k141_6409	24674	87.324	71	9	88.7
NC_056190.1	k141_6409	24674	76.238	101	18	71.6
NC_056190.1	k141_28448	5490	90.710	1647	119	2267
NC_056190.1	k141_28448	5490	90.710	1647	119	2267
NC_056190.1	k141_28448	5490	76.176	319	62	224
NC_056190.1	k141_28448	5490	97.531	81	2	138
NC_056190.1	k141_44763	12961	77.024	2285	430	1732
NC_056190.1	k141_44763	12961	76.538	1138	242	831
NC_056190.1	k141_44763	12961	78.438	909	159	754
NC_056190.1	k141_44763	12961	73.507	1072	242	642
NC_056190.1	k141_44763	12961	78.223	698	119	581
NC_056190.1	k141_44763	12961	69.957	466	85	192
NC_056190.1	k141_44763	12961	89.362	141	15	187
NC_056190.1	k141_44763	12961	73.984	123	32	78.8
NC_056190.1	k141_44763	12961	79.592	49	10	44.6
NC_056190.1	k141_3000	8704	82.506	886	131	890
NC_056190.1	k141_3000	8704	82.506	886	131	890
NC_056190.1	k141_3000	8704	85.271	387	42	446
NC_056190.1	k141_3000	8704	85.271	387	42	446
NC_056190.1	k141_3000	8704	82.561	367	32	380
NC_056190.1	k141_3000	8704	82.561	367	32	380
NC_056190.1	k141_3000	8704	78.348	448	72	358
NC_056190.1	k141_3000	8704	78.348	448	72	358
NC_056190.1	k141_3000	8704	87.283	173	18	213
NC_056190.1	k141_3000	8704	87.283	173	18	213
NC_056190.1	k141_60837	871	81.558	873	150	837
NC_056190.1	k141_81270	1789	81.710	503	79	491
NC_056190.1	k141_13278	18543	72.615	891	210	462
NC_056190.1	k141_13278	18543	72.615	891	210	462
NC_056190.1	k141_13278	18543	86.842	304	40	369
NC_056190.1	k141_13278	18543	77.224	281	62	212
NC_056190.1	k141_13278	18543	77.224	281	62	212
NC_056190.1	k141_13278	18543	70.563	231	48	84.2
NC_056190.1	k141_13278	18543	70.563	231	48	84.2
NC_056190.1	k141_13278	18543	86.667	60	8	73.4
NC_056190.1	k141_13278	18543	86.667	60	8	73.4
NC_056190.1	k141_17793	371	86.612	366	43	432
NC_056190.1	k141_17793	371	86.612	366	43	432
NC_056190.1	k141_58689	1451	89.251	307	33	406
NC_056190.1	k141_48528	3196	77.302	467	65	357
NC_056190.1	k141_105826	4552	78.465	404	63	341
NC_056190.1	k141_9505	19013	74.436	532	125	339
NC_056190.1	k141_9505	19013	74.436	532	125	339
NC_056190.1	k141_9505	19013	75.000	472	87	294
NC_056190.1	k141_9505	19013	75.000	472	87	294
NC_056190.1	k141_9505	19013	64.677	804	207	132
NC_056190.1	k141_9505	19013	64.677	804	207	132
NC_056190.1	k141_86215	585	73.404	564	117	326
NC_056190.1	k141_86215	585	91.111	45	4	64.4
NC_056190.1	k141_93611	4109	67.841	880	220	288
NC_056190.1	k141_7178	2117	84.109	258	35	273
NC_056190.1	k141_7178	2117	84.109	258	35	273
NC_056190.1	k141_78196	538	71.585	549	126	269
NC_056190.1	k141_28195	1838	88.824	170	19	222
NC_056190.1	k141_42902	389	91.525	118	9	165
NC_056190.1	k141_18000	1842	81.761	159	17	159
NC_056190.1	k141_10422	3604	96.629	89	3	148
NC_056190.1	k141_28210	8889	73.894	226	49	138
NC_056190.1	k141_55879	1696	91.579	95	7	132
NC_056190.1	k141_30978	4620	96.203	79	3	130
NC_056190.1	k141_30978	4620	90.909	66	6	93.3
NC_056190.1	k141_37255	4562	86.792	106	12	122
NC_056190.1	k141_46027	3336	84.404	109	13	120
NC_056190.1	k141_46027	3336	84.404	109	13	120
NC_056190.1	k141_886	4632	93.590	78	5	119
NC_056190.1	k141_24377	535	83.696	92	15	99.6
NC_056190.1	k141_69764	567	78.261	115	15	96.0
NC_056190.1	k141_59230	6514	69.948	193	54	82.4
NC_056190.1	k141_59230	6514	69.948	193	54	82.4
NC_056190.1	k141_34848	692	84.416	77	7	81.5
NC_056190.1	k141_2604	2369	95.745	47	2	77.0
NC_056190.1	k141_2963	455	90.566	53	5	74.3
NC_056190.1	k141_3898	695	90.196	51	5	70.7
NC_056190.1	k141_3898	695	90.196	51	5	70.7
NC_056190.1	k141_27763	834	94.872	39	2	62.6
NC_056190.1	k141_27763	834	94.872	39	2	62.6
NC_056190.1	k141_14457	620	92.683	41	3	61.7
NC_056190.1	k141_14457	620	92.683	41	3	61.7
NC_056190.1	k141_14200	2999	91.892	37	3	54.5
NC_056190.1	k141_14200	2999	91.892	37	3	54.5
NC_056190.1	k141_40433	942	89.189	37	4	50.0
MN564931.1	k141_6409	24674	76.023	9822	1681	6937
MN564931.1	k141_6409	24674	77.658	1956	371	1545
MN564931.1	k141_6409	24674	83.397	1042	123	1104
MN564931.1	k141_6409	24674	71.245	1325	259	638
MN564931.1	k141_6409	24674	83.630	562	89	598
MN564931.1	k141_6409	24674	75.292	684	106	462
MN564931.1	k141_6409	24674	67.498	1363	277	426
MN564931.1	k141_6409	24674	73.913	552	120	337
MN564931.1	k141_6409	24674	81.667	240	41	233
MN564931.1	k141_6409	24674	91.156	147	12	204
MN564931.1	k141_6409	24674	91.156	147	12	204
MN564931.1	k141_6409	24674	79.464	224	46	197
MN564931.1	k141_6409	24674	74.823	282	69	182
MN564931.1	k141_6409	24674	85.526	152	22	176
MN564931.1	k141_6409	24674	83.537	164	21	167
MN564931.1	k141_6409	24674	81.579	152	22	150
MN564931.1	k141_6409	24674	74.667	225	57	150
MN564931.1	k141_6409	24674	79.259	135	22	105
MN564931.1	k141_6409	24674	74.257	101	20	62.6
MN564931.1	k141_6409	24674	78.431	51	11	43.7
MN564931.1	k141_72557	56513	86.759	5430	607	6526
MN564931.1	k141_72557	56513	82.585	3853	589	3912
MN564931.1	k141_72557	56513	88.311	2575	292	3278
MN564931.1	k141_72557	56513	80.920	3349	557	3139
MN564931.1	k141_72557	56513	80.790	2556	400	2352
MN564931.1	k141_72557	56513	84.462	1905	289	2094
MN564931.1	k141_72557	56513	86.854	1491	195	1802
MN564931.1	k141_72557	56513	85.617	1467	156	1677
MN564931.1	k141_72557	56513	80.998	1763	294	1653
MN564931.1	k141_72557	56513	80.699	1803	308	1652
MN564931.1	k141_72557	56513	76.886	2081	354	1483
MN564931.1	k141_72557	56513	73.964	2197	489	1369
MN564931.1	k141_72557	56513	69.172	2222	558	872
MN564931.1	k141_72557	56513	80.539	668	111	614
MN564931.1	k141_72557	56513	72.131	976	151	526
MN564931.1	k141_72557	56513	77.941	544	80	427
MN564931.1	k141_72557	56513	89.342	319	30	417
MN564931.1	k141_72557	56513	87.900	281	30	344
MN564931.1	k141_72557	56513	69.528	827	131	334
MN564931.1	k141_72557	56513	85.448	268	26	306
MN564931.1	k141_72557	56513	85.448	268	26	306
MN564931.1	k141_72557	56513	79.811	317	31	287
MN564931.1	k141_72557	56513	84.490	245	34	270
MN564931.1	k141_72557	56513	77.879	330	66	264
MN564931.1	k141_72557	56513	68.938	631	109	252
MN564931.1	k141_72557	56513	75.888	394	69	252
MN564931.1	k141_72557	56513	74.286	350	61	230
MN564931.1	k141_72557	56513	84.653	202	25	226
MN564931.1	k141_72557	56513	79.913	229	24	208
MN564931.1	k141_72557	56513	94.545	110	6	172
MN564931.1	k141_72557	56513	82.022	178	22	168
MN564931.1	k141_72557	56513	86.466	133	15	158
MN564931.1	k141_72557	56513	78.771	179	38	152
MN564931.1	k141_72557	56513	93.407	91	6	138
MN564931.1	k141_72557	56513	92.632	95	5	138
MN564931.1	k141_72557	56513	68.022	369	104	129
MN564931.1	k141_72557	56513	88.235	102	6	127
MN564931.1	k141_72557	56513	90.217	92	8	123
MN564931.1	k141_72557	56513	92.593	81	6	120
MN564931.1	k141_72557	56513	90.789	76	7	106
MN564931.1	k141_72557	56513	72.393	163	45	92.4
MN564931.1	k141_72557	56513	81.690	71	12	67.1
MN564931.1	k141_72557	56513	70.548	146	41	63.5
MN564931.1	k141_72557	56513	74.257	101	20	62.6
MN564931.1	k141_72557	56513	68.824	170	51	61.7
MN564931.1	k141_72557	56513	90.476	42	4	59.0
MN564931.1	k141_72557	56513	92.308	39	3	58.1
MN564931.1	k141_72557	56513	92.308	39	3	58.1
MN564931.1	k141_72557	56513	82.979	47	8	50.0
MN564931.1	k141_72557	56513	74.194	62	16	41.0
MN564931.1	k141_98875	21411	89.973	4827	297	6507
MN564931.1	k141_98875	21411	89.973	4827	297	6507
MN564931.1	k141_98875	21411	93.642	3004	129	4518
MN564931.1	k141_98875	21411	93.642	3004	129	4518
MN564931.1	k141_98875	21411	91.306	2933	187	4098
MN564931.1	k141_98875	21411	91.306	2933	187	4098
MN564931.1	k141_98875	21411	89.987	2287	137	3072
MN564931.1	k141_98875	21411	89.987	2287	137	3072
MN564931.1	k141_98875	21411	77.647	935	82	760
MN564931.1	k141_98875	21411	77.647	935	82	760
MN564931.1	k141_98875	21411	81.838	468	61	447
MN564931.1	k141_98875	21411	81.838	468	61	447
MN564931.1	k141_98875	21411	78.704	540	83	431
MN564931.1	k141_98875	21411	73.066	349	65	201
MN564931.1	k141_98875	21411	73.066	349	65	201
MN564931.1	k141_98875	21411	77.404	208	30	166
MN564931.1	k141_98875	21411	77.404	208	30	166
MN564931.1	k141_98875	21411	88.235	68	6	80.6
MN564931.1	k141_98875	21411	97.619	42	1	72.5
MN564931.1	k141_98875	21411	97.619	42	1	72.5
MN564931.1	k141_98875	21411	91.111	45	4	64.4
MN564931.1	k141_98875	21411	84.211	38	6	42.8
MN564931.1	k141_28448	5490	90.429	1630	137	2218
MN564931.1	k141_28448	5490	90.429	1630	137	2218
MN564931.1	k141_28448	5490	76.803	319	61	236
MN564931.1	k141_28448	5490	100.000	79	0	143
MN564931.1	k141_44763	12961	78.618	2315	416	1920
MN564931.1	k141_44763	12961	81.272	1949	324	1866
MN564931.1	k141_44763	12961	75.923	2222	474	1565
MN564931.1	k141_44763	12961	78.234	1438	269	1146
MN564931.1	k141_44763	12961	75.292	1113	236	740
MN564931.1	k141_44763	12961	73.167	1200	246	710
MN564931.1	k141_44763	12961	90.071	141	14	192
MN564931.1	k141_60837	871	84.247	876	128	949
MN564931.1	k141_3000	8704	75.566	884	139	641
MN564931.1	k141_3000	8704	75.566	884	139	641
MN564931.1	k141_3000	8704	84.091	396	42	436
MN564931.1	k141_3000	8704	84.091	396	42	436
MN564931.1	k141_3000	8704	83.871	372	42	399
MN564931.1	k141_3000	8704	83.871	372	42	399
MN564931.1	k141_3000	8704	79.941	339	43	301
MN564931.1	k141_3000	8704	79.941	339	43	301
MN564931.1	k141_3000	8704	81.513	238	20	235
MN564931.1	k141_3000	8704	81.513	238	20	235
MN564931.1	k141_3000	8704	67.857	364	44	155
MN564931.1	k141_81270	1789	82.306	503	76	496
MN564931.1	k141_13278	18543	72.727	880	206	460
MN564931.1	k141_13278	18543	72.727	880	206	460
MN564931.1	k141_13278	18543	89.474	304	32	405
MN564931.1	k141_13278	18543	77.580	281	61	216
MN564931.1	k141_13278	18543	77.580	281	61	216
MN564931.1	k141_13278	18543	85.294	68	9	75.2
MN564931.1	k141_13278	18543	85.294	68	9	75.2
MN564931.1	k141_13278	18543	86.667	60	8	73.4
MN564931.1	k141_13278	18543	86.667	60	8	73.4
MN564931.1	k141_58689	1451	89.320	309	33	409
MN564931.1	k141_17793	371	82.400	375	39	377
MN564931.1	k141_17793	371	82.400	375	39	377
MN564931.1	k141_86215	585	79.156	403	84	349
MN564931.1	k141_86215	585	93.333	45	3	68.9
MN564931.1	k141_105826	4552	77.725	422	70	342
MN564931.1	k141_9505	19013	73.872	532	128	325
MN564931.1	k141_9505	19013	73.872	532	128	325
MN564931.1	k141_9505	19013	75.427	468	92	288
MN564931.1	k141_9505	19013	75.427	468	92	288
MN564931.1	k141_9505	19013	65.038	798	211	140
MN564931.1	k141_9505	19013	65.038	798	211	140
MN564931.1	k141_48528	3196	78.591	369	55	314
MN564931.1	k141_48528	3196	82.500	120	20	119
MN564931.1	k141_78196	538	71.140	544	127	279
MN564931.1	k141_93611	4109	67.969	768	213	266
MN564931.1	k141_28195	1838	87.791	172	21	216
MN564931.1	k141_7178	2117	77.528	267	33	209
MN564931.1	k141_7178	2117	77.528	267	33	209
MN564931.1	k141_28210	8889	76.652	227	35	165
MN564931.1	k141_10422	3604	97.802	91	2	156
MN564931.1	k141_42902	389	90.678	118	7	154
MN564931.1	k141_18000	1842	83.893	149	19	152
MN564931.1	k141_30978	4620	82.707	133	15	140
MN564931.1	k141_30978	4620	80.851	47	9	45.5
MN564931.1	k141_55879	1696	91.579	95	8	136
MN564931.1	k141_46027	3336	84.956	113	13	127
MN564931.1	k141_46027	3336	84.956	113	13	127
MN564931.1	k141_886	4632	94.521	73	4	114
MN564931.1	k141_37255	4562	88.764	89	9	113
MN564931.1	k141_59230	6514	70.157	191	57	88.7
MN564931.1	k141_59230	6514	70.157	191	57	88.7
MN564931.1	k141_69764	567	77.982	109	16	87.8
MN564931.1	k141_2604	2369	95.833	48	2	78.8
MN564931.1	k141_2963	455	90.909	55	5	77.9
MN564931.1	k141_34848	692	92.157	51	4	75.2
MN564931.1	k141_49745	1116	72.180	133	37	74.3
MN564931.1	k141_14457	620	95.122	41	2	66.2
MN564931.1	k141_14457	620	95.122	41	2	66.2
MN564931.1	k141_66338	928	74.468	94	24	62.6
MN564931.1	k141_14200	2999	94.595	37	2	59.0
MN564931.1	k141_14200	2999	94.595	37	2	59.0
MN564931.1	k141_76513	1198	81.818	55	9	51.8
MN564931.1	k141_76513	1198	81.818	55	9	51.8
NC_031651.1	k141_98875	21411	91.031	4828	282	6734
NC_031651.1	k141_98875	21411	91.031	4828	282	6734
NC_031651.1	k141_98875	21411	89.379	3625	249	4767
NC_031651.1	k141_98875	21411	89.379	3625	249	4767
NC_031651.1	k141_98875	21411	94.246	2989	134	4596
NC_031651.1	k141_98875	21411	94.246	2989	134	4596
NC_031651.1	k141_98875	21411	89.740	2271	129	3040
NC_031651.1	k141_98875	21411	89.740	2271	129	3040
NC_031651.1	k141_98875	21411	90.390	333	25	454
NC_031651.1	k141_98875	21411	90.390	333	25	454
NC_031651.1	k141_98875	21411	78.032	569	90	454
NC_031651.1	k141_98875	21411	81.342	477	58	447
NC_031651.1	k141_98875	21411	81.342	477	58	447
NC_031651.1	k141_98875	21411	71.651	321	64	162
NC_031651.1	k141_98875	21411	77.387	199	34	153
NC_031651.1	k141_98875	21411	100.000	39	0	71.6
NC_031651.1	k141_72557	56513	87.279	5432	597	6676
NC_031651.1	k141_72557	56513	83.217	3873	543	4061
NC_031651.1	k141_72557	56513	90.436	2499	239	3430
NC_031651.1	k141_72557	56513	80.427	3372	560	3102
NC_031651.1	k141_72557	56513	80.071	3116	461	2798
NC_031651.1	k141_72557	56513	75.340	3751	721	2508
NC_031651.1	k141_72557	56513	82.411	2314	367	2330
NC_031651.1	k141_72557	56513	87.038	1489	193	1816
NC_031651.1	k141_72557	56513	82.393	1755	269	1768
NC_031651.1	k141_72557	56513	82.543	1730	255	1752
NC_031651.1	k141_72557	56513	78.520	2067	294	1663
NC_031651.1	k141_72557	56513	76.133	2250	460	1612
NC_031651.1	k141_72557	56513	77.051	1085	198	818
NC_031651.1	k141_72557	56513	70.823	1227	194	581
NC_031651.1	k141_72557	56513	79.435	637	102	522
NC_031651.1	k141_72557	56513	73.515	842	126	493
NC_031651.1	k141_72557	56513	90.385	312	29	425
NC_031651.1	k141_72557	56513	71.410	787	148	389
NC_031651.1	k141_72557	56513	72.785	632	131	357
NC_031651.1	k141_72557	56513	89.961	259	26	351
NC_031651.1	k141_72557	56513	89.961	259	26	351
NC_031651.1	k141_72557	56513	80.662	393	42	348
NC_031651.1	k141_72557	56513	81.329	316	52	302
NC_031651.1	k141_72557	56513	86.290	248	17	292
NC_031651.1	k141_72557	56513	75.121	414	62	270
NC_031651.1	k141_72557	56513	74.618	327	58	216
NC_031651.1	k141_72557	56513	84.080	201	31	215
NC_031651.1	k141_72557	56513	74.359	312	68	200
NC_031651.1	k141_72557	56513	92.982	114	6	163
NC_031651.1	k141_72557	56513	87.302	126	10	157
NC_031651.1	k141_72557	56513	87.963	108	13	137
NC_031651.1	k141_72557	56513	92.391	92	7	135
NC_031651.1	k141_72557	56513	77.576	165	37	132
NC_031651.1	k141_72557	56513	90.110	91	7	122
NC_031651.1	k141_72557	56513	90.588	85	8	118
NC_031651.1	k141_72557	56513	93.506	77	5	117
NC_031651.1	k141_72557	56513	75.000	160	30	100
NC_031651.1	k141_72557	56513	73.006	163	44	96.9
NC_031651.1	k141_72557	56513	81.967	61	11	61.7
NC_031651.1	k141_72557	56513	92.308	39	3	58.1
NC_031651.1	k141_72557	56513	92.308	39	3	58.1
NC_031651.1	k141_72557	56513	75.714	70	17	50.9
NC_031651.1	k141_72557	56513	67.059	170	54	48.2
NC_031651.1	k141_72557	56513	75.714	70	11	42.8
NC_031651.1	k141_72557	56513	74.194	62	16	41.0
NC_031651.1	k141_6409	24674	78.548	7505	1187	6185
NC_031651.1	k141_6409	24674	78.961	1963	349	1633
NC_031651.1	k141_6409	24674	87.697	951	105	1172
NC_031651.1	k141_6409	24674	80.118	1016	159	889
NC_031651.1	k141_6409	24674	81.465	669	108	645
NC_031651.1	k141_6409	24674	73.408	1068	220	605
NC_031651.1	k141_6409	24674	68.970	1418	291	564
NC_031651.1	k141_6409	24674	71.840	1076	174	561
NC_031651.1	k141_6409	24674	78.947	532	89	444
NC_031651.1	k141_6409	24674	77.976	504	92	399
NC_031651.1	k141_6409	24674	80.844	308	46	284
NC_031651.1	k141_6409	24674	78.114	297	65	243
NC_031651.1	k141_6409	24674	78.571	280	60	235
NC_031651.1	k141_6409	24674	81.498	227	41	217
NC_031651.1	k141_6409	24674	89.744	156	14	203
NC_031651.1	k141_6409	24674	89.744	156	14	203
NC_031651.1	k141_6409	24674	85.465	172	24	195
NC_031651.1	k141_6409	24674	86.709	158	21	191
NC_031651.1	k141_6409	24674	78.818	203	30	167
NC_031651.1	k141_6409	24674	75.622	201	35	146
NC_031651.1	k141_6409	24674	87.324	71	9	88.7
NC_031651.1	k141_28448	5490	91.037	1707	124	2366
NC_031651.1	k141_28448	5490	92.483	1623	111	2360
NC_031651.1	k141_28448	5490	81.433	307	48	292
NC_031651.1	k141_28448	5490	98.182	55	1	96.0
NC_031651.1	k141_44763	12961	82.681	1992	290	2024
NC_031651.1	k141_44763	12961	81.197	1989	323	1893
NC_031651.1	k141_44763	12961	76.638	2243	467	1654
NC_031651.1	k141_44763	12961	79.623	1433	248	1250
NC_031651.1	k141_44763	12961	77.261	1139	195	864
NC_031651.1	k141_44763	12961	74.553	1175	242	755
NC_031651.1	k141_44763	12961	91.489	141	12	201
NC_031651.1	k141_44763	12961	72.332	253	41	141
NC_031651.1	k141_44763	12961	79.592	49	10	44.6
NC_031651.1	k141_60837	871	85.160	876	120	985
NC_031651.1	k141_3000	8704	82.844	886	128	908
NC_031651.1	k141_3000	8704	82.844	886	128	908
NC_031651.1	k141_3000	8704	86.822	387	36	473
NC_031651.1	k141_3000	8704	86.822	387	36	473
NC_031651.1	k141_3000	8704	82.511	446	53	431
NC_031651.1	k141_3000	8704	82.511	446	53	431
NC_031651.1	k141_3000	8704	84.511	368	33	416
NC_031651.1	k141_3000	8704	84.511	368	33	416
NC_031651.1	k141_3000	8704	84.821	224	20	246
NC_031651.1	k141_3000	8704	84.821	224	20	246
NC_031651.1	k141_3000	8704	68.407	364	42	173
NC_031651.1	k141_81270	1789	81.909	503	78	491
NC_031651.1	k141_17793	371	89.891	366	32	489
NC_031651.1	k141_17793	371	89.891	366	32	489
NC_031651.1	k141_13278	18543	72.933	883	199	466
NC_031651.1	k141_13278	18543	72.933	883	199	466
NC_031651.1	k141_13278	18543	85.586	333	43	385
NC_031651.1	k141_13278	18543	77.580	281	61	216
NC_031651.1	k141_13278	18543	77.580	281	61	216
NC_031651.1	k141_13278	18543	82.558	86	9	89.7
NC_031651.1	k141_13278	18543	82.558	86	9	89.7
NC_031651.1	k141_13278	18543	86.765	68	8	79.7
NC_031651.1	k141_13278	18543	86.765	68	8	79.7
NC_031651.1	k141_13278	18543	86.667	60	8	73.4
NC_031651.1	k141_13278	18543	86.667	60	8	73.4
NC_031651.1	k141_58689	1451	89.968	309	31	418
NC_031651.1	k141_86215	585	74.958	591	100	398
NC_031651.1	k141_86215	585	93.333	45	3	68.9
NC_031651.1	k141_78196	538	75.322	543	122	373
NC_031651.1	k141_48528	3196	81.402	371	45	362
NC_031651.1	k141_48528	3196	86.667	120	15	141
NC_031651.1	k141_105826	4552	78.910	422	65	360
NC_031651.1	k141_7178	2117	89.147	258	23	335
NC_031651.1	k141_7178	2117	89.147	258	23	335
NC_031651.1	k141_9505	19013	74.248	532	126	334
NC_031651.1	k141_9505	19013	74.248	532	126	334
NC_031651.1	k141_9505	19013	74.145	468	98	279
NC_031651.1	k141_9505	19013	74.145	468	98	279
NC_031651.1	k141_9505	19013	64.875	800	207	135
NC_031651.1	k141_9505	19013	64.875	800	207	135
NC_031651.1	k141_93611	4109	66.938	859	243	248
NC_031651.1	k141_28195	1838	87.059	170	22	208
NC_031651.1	k141_42902	389	87.603	121	8	153
NC_031651.1	k141_18000	1842	82.993	147	22	151
NC_031651.1	k141_10422	3604	95.604	91	4	147
NC_031651.1	k141_46027	3336	85.714	119	13	138
NC_031651.1	k141_46027	3336	85.714	119	13	138
NC_031651.1	k141_55879	1696	87.037	108	10	132
NC_031651.1	k141_30978	4620	97.260	73	2	123
NC_031651.1	k141_30978	4620	87.500	56	7	70.7
NC_031651.1	k141_37255	4562	91.667	84	7	121
NC_031651.1	k141_886	4632	90.909	77	7	108
NC_031651.1	k141_69764	567	80.000	110	17	100
NC_031651.1	k141_59230	6514	70.681	191	56	93.3
NC_031651.1	k141_59230	6514	70.681	191	56	93.3
NC_031651.1	k141_17725	414	86.364	66	9	79.7
NC_031651.1	k141_17725	414	86.364	66	9	79.7
NC_031651.1	k141_2963	455	90.909	55	5	77.9
NC_031651.1	k141_49745	1116	75.455	110	27	77.9
NC_031651.1	k141_3898	695	92.157	51	4	75.2
NC_031651.1	k141_3898	695	92.157	51	4	75.2
NC_031651.1	k141_34848	692	92.157	51	4	75.2
NC_031651.1	k141_24377	535	77.174	92	21	72.5
NC_031651.1	k141_2604	2369	91.667	48	4	69.8
NC_031651.1	k141_14457	620	95.122	41	2	66.2
NC_031651.1	k141_14457	620	95.122	41	2	66.2
MW366789.1	k141_72557	56513	89.505	5317	493	7033
MW366789.1	k141_72557	56513	89.505	5317	493	7033
MW366789.1	k141_72557	56513	85.986	3525	365	4075
MW366789.1	k141_72557	56513	81.267	3993	620	3819
MW366789.1	k141_72557	56513	80.869	3361	542	3164
MW366789.1	k141_72557	56513	80.295	3395	562	3019
MW366789.1	k141_72557	56513	78.483	3546	626	2872
MW366789.1	k141_72557	56513	77.122	3287	559	2509
MW366789.1	k141_72557	56513	86.349	1912	252	2271
MW366789.1	k141_72557	56513	80.777	2112	335	1966
MW366789.1	k141_72557	56513	87.956	1561	168	1950
MW366789.1	k141_72557	56513	77.753	1762	272	1366
MW366789.1	k141_72557	56513	79.074	1037	154	859
MW366789.1	k141_72557	56513	72.121	1155	252	614
MW366789.1	k141_72557	56513	74.091	880	150	567
MW366789.1	k141_72557	56513	72.028	1144	191	566
MW366789.1	k141_72557	56513	75.527	854	111	561
MW366789.1	k141_72557	56513	73.875	689	112	434
MW366789.1	k141_72557	56513	84.019	413	49	432
MW366789.1	k141_72557	56513	83.278	299	41	305
MW366789.1	k141_72557	56513	72.857	560	118	302
MW366789.1	k141_72557	56513	85.768	267	32	298
MW366789.1	k141_72557	56513	88.696	230	23	297
MW366789.1	k141_72557	56513	77.654	358	62	270
MW366789.1	k141_72557	56513	78.571	280	60	235
MW366789.1	k141_72557	56513	83.568	213	32	221
MW366789.1	k141_72557	56513	73.995	373	59	221
MW366789.1	k141_72557	56513	75.321	312	56	208
MW366789.1	k141_72557	56513	83.158	190	22	199
MW366789.1	k141_72557	56513	83.158	190	22	199
MW366789.1	k141_72557	56513	90.625	128	11	174
MW366789.1	k141_72557	56513	77.578	223	39	165
MW366789.1	k141_72557	56513	94.231	104	6	161
MW366789.1	k141_72557	56513	86.822	129	13	147
MW366789.1	k141_72557	56513	91.667	96	8	138
MW366789.1	k141_72557	56513	97.436	78	2	132
MW366789.1	k141_72557	56513	76.963	191	36	132
MW366789.1	k141_72557	56513	82.812	128	16	129
MW366789.1	k141_72557	56513	88.298	94	11	121
MW366789.1	k141_72557	56513	74.545	165	42	109
MW366789.1	k141_72557	56513	74.545	165	42	109
MW366789.1	k141_72557	56513	70.892	213	52	105
MW366789.1	k141_72557	56513	70.892	213	52	105
MW366789.1	k141_72557	56513	91.892	74	5	104
MW366789.1	k141_72557	56513	91.892	74	5	104
MW366789.1	k141_72557	56513	78.906	128	25	103
MW366789.1	k141_72557	56513	88.312	77	9	99.6
MW366789.1	k141_72557	56513	87.097	62	8	77.0
MW366789.1	k141_72557	56513	87.097	62	8	77.0
MW366789.1	k141_72557	56513	89.286	56	6	75.2
MW366789.1	k141_72557	56513	77.228	101	21	72.5
MW366789.1	k141_72557	56513	69.930	143	29	59.9
MW366789.1	k141_72557	56513	67.647	170	53	52.7
MW366789.1	k141_72557	56513	67.647	170	53	52.7
MW366789.1	k141_72557	56513	66.492	191	62	50.0
MW366789.1	k141_72557	56513	66.492	191	62	50.0
MW366789.1	k141_72557	56513	79.245	53	11	47.3
MW366789.1	k141_72557	56513	79.245	53	11	47.3
MW366789.1	k141_72557	56513	74.627	67	17	45.5
MW366789.1	k141_98875	21411	89.896	4998	391	6723
MW366789.1	k141_98875	21411	89.896	4998	391	6723
MW366789.1	k141_98875	21411	92.292	2997	149	4334
MW366789.1	k141_98875	21411	92.292	2997	149	4334
MW366789.1	k141_98875	21411	89.071	2260	152	2913
MW366789.1	k141_98875	21411	89.071	2260	152	2913
MW366789.1	k141_98875	21411	91.345	1814	103	2563
MW366789.1	k141_98875	21411	91.345	1814	103	2563
MW366789.1	k141_98875	21411	84.543	634	52	699
MW366789.1	k141_98875	21411	84.543	634	52	699
MW366789.1	k141_98875	21411	78.796	731	77	627
MW366789.1	k141_98875	21411	78.796	731	77	627
MW366789.1	k141_98875	21411	88.722	399	32	511
MW366789.1	k141_98875	21411	95.270	148	6	233
MW366789.1	k141_98875	21411	95.270	148	6	233
MW366789.1	k141_98875	21411	86.441	177	22	205
MW366789.1	k141_98875	21411	86.441	177	22	205
MW366789.1	k141_98875	21411	74.516	310	42	201
MW366789.1	k141_98875	21411	86.420	162	19	194
MW366789.1	k141_98875	21411	86.420	162	19	192
MW366789.1	k141_98875	21411	94.253	87	5	135
MW366789.1	k141_98875	21411	94.253	87	5	135
MW366789.1	k141_98875	21411	87.302	63	4	77.9
MW366789.1	k141_98875	21411	87.302	63	4	77.9
MW366789.1	k141_98875	21411	87.302	63	4	77.9
MW366789.1	k141_98875	21411	78.313	83	12	70.7
MW366789.1	k141_98875	21411	78.313	83	12	70.7
MW366789.1	k141_98875	21411	90.909	44	4	62.6
MW366789.1	k141_98875	21411	89.744	39	4	53.6
MW366789.1	k141_98875	21411	77.778	54	12	44.6
MW366789.1	k141_98875	21411	77.778	54	12	44.6
MW366789.1	k141_6409	24674	80.652	5861	781	5393
MW366789.1	k141_6409	24674	81.285	1961	318	1864
MW366789.1	k141_6409	24674	71.967	3314	607	1705
MW366789.1	k141_6409	24674	87.719	1083	111	1342
MW366789.1	k141_6409	24674	77.092	956	141	718
MW366789.1	k141_6409	24674	80.480	666	125	607
MW366789.1	k141_6409	24674	78.533	559	86	435
MW366789.1	k141_6409	24674	74.874	593	109	394
MW366789.1	k141_6409	24674	78.723	423	51	352
MW366789.1	k141_6409	24674	78.723	423	51	352
MW366789.1	k141_6409	24674	73.797	561	111	346
MW366789.1	k141_6409	24674	76.657	347	70	249
MW366789.1	k141_6409	24674	79.424	243	37	198
MW366789.1	k141_6409	24674	67.462	587	170	181
MW366789.1	k141_6409	24674	67.462	587	170	181
MW366789.1	k141_6409	24674	81.183	186	21	178
MW366789.1	k141_6409	24674	68.559	458	118	165
MW366789.1	k141_6409	24674	83.444	151	25	160
MW366789.1	k141_6409	24674	78.824	170	17	140
MW366789.1	k141_6409	24674	78.824	170	17	140
MW366789.1	k141_6409	24674	75.000	196	39	129
MW366789.1	k141_6409	24674	75.148	169	36	113
MW366789.1	k141_6409	24674	73.950	119	31	76.1
MW366789.1	k141_6409	24674	73.950	119	31	76.1
MW366789.1	k141_44763	12961	83.145	3975	517	4142
MW366789.1	k141_44763	12961	83.145	3975	517	4142
MW366789.1	k141_44763	12961	77.629	2691	498	2098
MW366789.1	k141_44763	12961	76.609	2330	498	1729
MW366789.1	k141_44763	12961	78.716	1137	200	953
MW366789.1	k141_44763	12961	83.156	659	108	678
MW366789.1	k141_44763	12961	83.156	659	108	678
MW366789.1	k141_44763	12961	94.326	141	8	219
MW366789.1	k141_44763	12961	94.326	141	8	219
MW366789.1	k141_28448	5490	86.959	2193	205	2667
MW366789.1	k141_28448	5490	86.913	2193	206	2663
MW366789.1	k141_60837	871	86.254	873	113	1027
MW366789.1	k141_81270	1789	82.903	503	79	517
MW366789.1	k141_86215	585	80.651	553	95	508
MW366789.1	k141_58689	1451	92.013	313	25	453
MW366789.1	k141_78196	538	78.261	529	115	436
MW366789.1	k141_13278	18543	71.875	896	200	433
MW366789.1	k141_13278	18543	71.875	896	200	433
MW366789.1	k141_13278	18543	87.789	303	37	380
MW366789.1	k141_13278	18543	90.000	60	6	82.4
MW366789.1	k141_13278	18543	90.000	60	6	82.4
MW366789.1	k141_13278	18543	88.333	60	7	77.9
MW366789.1	k141_13278	18543	88.333	60	7	77.9
MW366789.1	k141_3000	8704	87.857	280	27	354
MW366789.1	k141_3000	8704	87.857	280	27	354
MW366789.1	k141_3000	8704	86.034	179	21	210
MW366789.1	k141_3000	8704	86.034	179	21	210
MW366789.1	k141_3000	8704	91.724	145	12	208
MW366789.1	k141_3000	8704	91.724	145	12	208
MW366789.1	k141_3000	8704	67.647	374	48	159
MW366789.1	k141_3000	8704	84.173	139	13	156
MW366789.1	k141_3000	8704	84.173	139	13	156
MW366789.1	k141_3000	8704	87.342	79	5	98.7
MW366789.1	k141_3000	8704	87.342	79	5	98.7
MW366789.1	k141_3000	8704	93.878	49	3	76.1
MW366789.1	k141_3000	8704	93.878	49	3	76.1
MW366789.1	k141_3000	8704	93.878	49	3	76.1
MW366789.1	k141_9505	19013	73.321	536	124	322
MW366789.1	k141_9505	19013	73.321	536	124	322
MW366789.1	k141_9505	19013	75.641	468	93	296
MW366789.1	k141_9505	19013	75.641	468	93	296
MW366789.1	k141_9505	19013	84.536	97	15	108
MW366789.1	k141_9505	19013	84.536	97	15	108
MW366789.1	k141_105826	4552	76.098	410	77	286
MW366789.1	k141_48528	3196	76.000	375	54	268
MW366789.1	k141_48528	3196	80.833	120	22	110
MW366789.1	k141_93611	4109	67.077	732	202	220
MW366789.1	k141_17793	371	83.684	190	21	204
MW366789.1	k141_17793	371	83.684	190	21	204
MW366789.1	k141_28195	1838	85.629	167	24	194
MW366789.1	k141_30978	4620	72.958	355	76	181
MW366789.1	k141_30978	4620	70.819	281	52	129
MW366789.1	k141_28210	8889	73.885	314	57	175
MW366789.1	k141_10422	3604	100.000	91	0	165
MW366789.1	k141_10422	3604	100.000	91	0	165
MW366789.1	k141_37255	4562	91.818	110	9	159
MW366789.1	k141_42902	389	94.898	98	5	155
MW366789.1	k141_55879	1696	96.000	75	3	123
MW366789.1	k141_18000	1842	75.926	162	32	110
MW366789.1	k141_886	4632	91.026	78	6	106
MW366789.1	k141_34848	692	89.189	74	7	95.1
MW366789.1	k141_7178	2117	87.500	72	9	90.6
MW366789.1	k141_7178	2117	87.500	72	9	90.6
MW366789.1	k141_2963	455	90.566	53	5	74.3
MW366789.1	k141_2604	2369	86.154	65	8	74.3
MW366789.1	k141_2604	2369	86.154	65	8	74.3
MW366789.1	k141_49745	1116	71.429	140	40	73.4
MW366789.1	k141_21242	1071	85.455	55	8	64.4
MW366789.1	k141_90949	3355	85.455	55	8	64.4
MW366789.1	k141_27763	834	97.297	37	1	63.5
MW366789.1	k141_27763	834	97.297	37	1	63.5
MW366789.1	k141_14457	620	92.683	41	3	61.7
MW366789.1	k141_14457	620	92.683	41	3	61.7
MW366789.1	k141_25204	1799	84.783	46	7	52.7
MW366789.1	k141_25204	1799	84.783	46	7	52.7
MW366789.1	k141_66736	10526	86.111	36	5	43.7
KT899950.1	k141_6409	24674	79.352	10069	1378	8782
KT899950.1	k141_6409	24674	81.570	2127	321	2075
KT899950.1	k141_6409	24674	87.221	1166	128	1415
KT899950.1	k141_6409	24674	74.737	1809	291	1163
KT899950.1	k141_6409	24674	74.982	1407	211	939
KT899950.1	k141_6409	24674	72.661	1368	223	765
KT899950.1	k141_6409	24674	82.008	717	108	709
KT899950.1	k141_6409	24674	76.289	582	93	446
KT899950.1	k141_6409	24674	81.410	312	45	296
KT899950.1	k141_6409	24674	85.650	223	32	259
KT899950.1	k141_6409	24674	89.024	164	15	205
KT899950.1	k141_6409	24674	89.024	164	15	205
KT899950.1	k141_6409	24674	86.628	172	21	205
KT899950.1	k141_72557	56513	89.621	5434	496	7224
KT899950.1	k141_72557	56513	85.189	4024	500	4571
KT899950.1	k141_72557	56513	84.777	3626	388	4023
KT899950.1	k141_72557	56513	78.451	4520	701	3768
KT899950.1	k141_72557	56513	83.383	3352	484	3542
KT899950.1	k141_72557	56513	82.266	3389	463	3369
KT899950.1	k141_72557	56513	79.168	3269	530	2813
KT899950.1	k141_72557	56513	87.688	1925	225	2406
KT899950.1	k141_72557	56513	81.021	2292	322	2140
KT899950.1	k141_72557	56513	87.317	1569	186	1931
KT899950.1	k141_72557	56513	80.661	2089	266	1913
KT899950.1	k141_72557	56513	79.163	1099	151	944
KT899950.1	k141_72557	56513	77.853	1034	136	809
KT899950.1	k141_72557	56513	73.416	805	131	499
KT899950.1	k141_72557	56513	74.249	699	91	453
KT899950.1	k141_72557	56513	82.949	434	57	443
KT899950.1	k141_72557	56513	72.035	801	125	430
KT899950.1	k141_72557	56513	75.468	587	90	387
KT899950.1	k141_72557	56513	79.177	413	49	355
KT899950.1	k141_72557	56513	89.189	259	28	342
KT899950.1	k141_72557	56513	89.189	259	28	342
KT899950.1	k141_72557	56513	82.507	343	44	336
KT899950.1	k141_72557	56513	74.538	487	69	334
KT899950.1	k141_72557	56513	75.877	456	73	315
KT899950.1	k141_72557	56513	76.442	416	62	283
KT899950.1	k141_72557	56513	76.440	382	60	279
KT899950.1	k141_72557	56513	78.125	288	51	238
KT899950.1	k141_72557	56513	92.810	153	9	224
KT899950.1	k141_72557	56513	91.473	129	11	184
KT899950.1	k141_72557	56513	78.636	220	30	174
KT899950.1	k141_72557	56513	83.648	159	17	160
KT899950.1	k141_72557	56513	80.769	156	28	144
KT899950.1	k141_72557	56513	94.444	90	5	141
KT899950.1	k141_72557	56513	88.235	102	8	130
KT899950.1	k141_72557	56513	76.923	156	36	120
KT899950.1	k141_72557	56513	74.233	163	42	105
KT899950.1	k141_72557	56513	91.667	72	6	104
KT899950.1	k141_72557	56513	79.245	106	20	86.0
KT899950.1	k141_72557	56513	78.161	87	19	72.5
KT899950.1	k141_72557	56513	69.427	157	46	60.8
KT899950.1	k141_72557	56513	92.308	39	3	58.1
KT899950.1	k141_72557	56513	92.308	39	3	58.1
KT899950.1	k141_72557	56513	74.194	62	16	41.0
KT899950.1	k141_98875	21411	92.475	4837	230	7064
KT899950.1	k141_98875	21411	92.475	4837	230	7064
KT899950.1	k141_98875	21411	89.547	4104	210	5494
KT899950.1	k141_98875	21411	89.547	4104	210	5494
KT899950.1	k141_98875	21411	95.248	2988	103	4730
KT899950.1	k141_98875	21411	95.248	2988	103	4730
KT899950.1	k141_98875	21411	90.328	2285	123	3110
KT899950.1	k141_98875	21411	90.328	2285	123	3110
KT899950.1	k141_98875	21411	82.316	803	93	803
KT899950.1	k141_98875	21411	82.316	803	93	803
KT899950.1	k141_98875	21411	78.431	561	76	485
KT899950.1	k141_98875	21411	74.797	369	66	244
KT899950.1	k141_98875	21411	92.453	53	3	75.2
KT899950.1	k141_98875	21411	92.453	53	3	75.2
KT899950.1	k141_98875	21411	91.111	45	4	64.4
KT899950.1	k141_98875	21411	84.211	38	6	42.8
KT899950.1	k141_44763	12961	81.676	2745	412	2603
KT899950.1	k141_44763	12961	81.547	2314	346	2227
KT899950.1	k141_44763	12961	80.000	2370	397	2131
KT899950.1	k141_44763	12961	82.917	1440	219	1459
KT899950.1	k141_44763	12961	78.292	1253	230	1022
KT899950.1	k141_44763	12961	84.755	551	83	612
KT899950.1	k141_44763	12961	92.908	141	10	210
KT899950.1	k141_28448	5490	93.523	1683	78	2536
KT899950.1	k141_28448	5490	93.523	1683	78	2536
KT899950.1	k141_28448	5490	79.479	307	54	265
KT899950.1	k141_28448	5490	94.393	107	6	167
KT899950.1	k141_60837	871	88.046	870	97	1089
KT899950.1	k141_3000	8704	83.618	879	128	938
KT899950.1	k141_3000	8704	83.618	879	128	938
KT899950.1	k141_3000	8704	87.918	389	32	495
KT899950.1	k141_3000	8704	87.918	389	32	495
KT899950.1	k141_3000	8704	83.090	479	43	475
KT899950.1	k141_3000	8704	83.090	479	43	475
KT899950.1	k141_3000	8704	84.375	384	21	431
KT899950.1	k141_3000	8704	84.375	384	21	431
KT899950.1	k141_3000	8704	90.625	224	17	309
KT899950.1	k141_3000	8704	90.625	224	17	309
KT899950.1	k141_3000	8704	67.857	364	44	164
KT899950.1	k141_81270	1789	85.686	503	65	581
KT899950.1	k141_86215	585	80.279	573	90	527
KT899950.1	k141_86215	585	93.333	45	3	68.9
KT899950.1	k141_78196	538	81.785	549	84	527
KT899950.1	k141_48528	3196	84.787	447	39	495
KT899950.1	k141_48528	3196	92.500	120	8	173
KT899950.1	k141_17793	371	89.617	366	33	485
KT899950.1	k141_17793	371	89.617	366	33	485
KT899950.1	k141_13278	18543	73.068	880	203	473
KT899950.1	k141_13278	18543	73.068	880	203	473
KT899950.1	k141_13278	18543	87.227	321	39	388
KT899950.1	k141_13278	18543	77.580	281	61	216
KT899950.1	k141_13278	18543	77.580	281	61	216
KT899950.1	k141_13278	18543	69.469	226	31	96.0
KT899950.1	k141_13278	18543	69.469	226	31	96.0
KT899950.1	k141_13278	18543	86.667	60	8	73.4
KT899950.1	k141_13278	18543	86.667	60	8	73.4
KT899950.1	k141_58689	1451	91.909	309	25	445
KT899950.1	k141_105826	4552	80.383	418	58	393
KT899950.1	k141_7178	2117	89.147	258	23	335
KT899950.1	k141_7178	2117	89.147	258	23	335
KT899950.1	k141_9505	19013	74.248	532	126	334
KT899950.1	k141_9505	19013	74.248	532	126	334
KT899950.1	k141_9505	19013	74.788	472	88	289
KT899950.1	k141_9505	19013	74.788	472	88	289
KT899950.1	k141_9505	19013	85.567	97	14	113
KT899950.1	k141_9505	19013	85.567	97	14	113
KT899950.1	k141_28210	8889	77.891	294	51	228
KT899950.1	k141_28195	1838	88.636	176	20	228
KT899950.1	k141_93611	4109	66.407	771	220	214
KT899950.1	k141_18000	1842	87.805	164	12	205
KT899950.1	k141_30978	4620	79.263	217	34	186
KT899950.1	k141_30978	4620	70.977	348	65	160
KT899950.1	k141_42902	389	93.220	118	4	177
KT899950.1	k141_46027	3336	92.437	119	9	175
KT899950.1	k141_46027	3336	92.437	119	9	175
KT899950.1	k141_10422	3604	98.901	91	1	160
KT899950.1	k141_55879	1696	84.091	132	12	143
KT899950.1	k141_37255	4562	89.524	105	11	141
KT899950.1	k141_37255	4562	87.692	65	7	78.8
KT899950.1	k141_69764	567	87.500	112	9	140
KT899950.1	k141_886	4632	93.506	77	5	117
KT899950.1	k141_66338	928	85.106	94	14	107
KT899950.1	k141_24377	535	81.522	92	17	90.6
KT899950.1	k141_59230	6514	70.157	191	57	88.7
KT899950.1	k141_59230	6514	70.157	191	57	88.7
KT899950.1	k141_34848	692	87.324	71	9	88.7
KT899950.1	k141_2963	455	94.545	55	3	86.9
KT899950.1	k141_2604	2369	90.909	55	5	77.9
KT899950.1	k141_49745	1116	74.545	110	28	73.4
KT899950.1	k141_3898	695	90.196	51	5	70.7
KT899950.1	k141_3898	695	90.196	51	5	70.7
KT899950.1	k141_99983	1204	81.579	76	9	70.7
KT899950.1	k141_27763	834	97.436	39	1	67.1
KT899950.1	k141_27763	834	97.436	39	1	67.1
KT899950.1	k141_14457	620	95.122	41	2	66.2
KT899950.1	k141_14457	620	95.122	41	2	66.2
KT899950.1	k141_40433	942	87.500	40	5	50.9
GU191334.1	k141_72557	56513	81.202	4543	852	4336
GU191334.1	k141_72557	56513	82.750	2458	421	2511
GU191334.1	k141_72557	56513	82.548	1421	248	1445
GU191334.1	k141_72557	56513	78.437	1702	361	1398
GU191334.1	k141_72557	56513	87.580	1087	133	1350
GU191334.1	k141_72557	56513	68.172	3720	1029	1236
GU191334.1	k141_72557	56513	71.046	2352	562	1162
GU191334.1	k141_72557	56513	70.427	1241	328	556
GU191334.1	k141_72557	56513	73.282	917	216	540
GU191334.1	k141_72557	56513	76.587	709	157	517
GU191334.1	k141_72557	56513	68.306	1423	410	512
GU191334.1	k141_72557	56513	74.204	628	113	384
GU191334.1	k141_72557	56513	75.854	439	98	304
GU191334.1	k141_72557	56513	83.740	246	40	264
GU191334.1	k141_72557	56513	72.414	435	107	238
GU191334.1	k141_72557	56513	67.164	670	216	203
GU191334.1	k141_72557	56513	77.778	207	38	165
GU191334.1	k141_72557	56513	78.191	188	41	155
GU191334.1	k141_72557	56513	79.762	168	27	143
GU191334.1	k141_72557	56513	96.053	76	3	124
GU191334.1	k141_72557	56513	74.359	195	49	123
GU191334.1	k141_72557	56513	87.879	99	6	122
GU191334.1	k141_72557	56513	98.551	69	1	121
GU191334.1	k141_72557	56513	90.909	88	7	120
GU191334.1	k141_72557	56513	79.412	136	28	120
GU191334.1	k141_72557	56513	94.667	75	4	118
GU191334.1	k141_72557	56513	92.405	79	6	116
GU191334.1	k141_72557	56513	83.333	108	13	110
GU191334.1	k141_72557	56513	81.651	109	19	104
GU191334.1	k141_72557	56513	77.273	132	30	104
GU191334.1	k141_72557	56513	92.754	69	5	103
GU191334.1	k141_72557	56513	90.411	73	7	101
GU191334.1	k141_72557	56513	77.483	151	25	101
GU191334.1	k141_72557	56513	79.167	120	18	93.3
GU191334.1	k141_72557	56513	76.190	126	30	93.3
GU191334.1	k141_72557	56513	88.406	69	8	89.7
GU191334.1	k141_72557	56513	81.176	85	16	82.4
GU191334.1	k141_72557	56513	78.161	87	19	72.5
GU191334.1	k141_72557	56513	88.889	54	4	68.9
GU191334.1	k141_72557	56513	85.484	62	8	68.9
GU191334.1	k141_72557	56513	84.746	59	9	67.1
GU191334.1	k141_72557	56513	63.839	224	32	66.2
GU191334.1	k141_72557	56513	76.744	86	20	66.2
GU191334.1	k141_72557	56513	89.130	46	5	61.7
GU191334.1	k141_72557	56513	65.652	230	79	59.9
GU191334.1	k141_72557	56513	88.636	44	5	58.1
GU191334.1	k141_72557	56513	73.529	68	18	42.8
GU191334.1	k141_98875	21411	84.935	2675	264	2935
GU191334.1	k141_98875	21411	84.935	2675	264	2935
GU191334.1	k141_98875	21411	87.893	1908	164	2397
GU191334.1	k141_98875	21411	87.893	1908	164	2397
GU191334.1	k141_98875	21411	85.784	1850	190	2113
GU191334.1	k141_98875	21411	85.784	1850	190	2113
GU191334.1	k141_98875	21411	79.512	942	148	816
GU191334.1	k141_98875	21411	79.512	942	148	816
GU191334.1	k141_98875	21411	76.126	666	152	473
GU191334.1	k141_98875	21411	71.947	524	147	283
GU191334.1	k141_98875	21411	73.913	437	111	269
GU191334.1	k141_98875	21411	79.032	310	61	252
GU191334.1	k141_98875	21411	79.592	196	40	174
GU191334.1	k141_98875	21411	95.946	74	3	121
GU191334.1	k141_98875	21411	95.946	74	3	121
GU191334.1	k141_98875	21411	90.667	75	7	104
GU191334.1	k141_98875	21411	90.667	75	7	104
GU191334.1	k141_98875	21411	86.667	45	6	55.4
GU191334.1	k141_98875	21411	82.609	46	8	48.2
GU191334.1	k141_6409	24674	81.429	1540	284	1481
GU191334.1	k141_6409	24674	81.895	707	125	688
GU191334.1	k141_6409	24674	75.697	897	209	612
GU191334.1	k141_6409	24674	75.703	782	158	538
GU191334.1	k141_6409	24674	81.362	558	97	526
GU191334.1	k141_6409	24674	78.132	471	103	386
GU191334.1	k141_6409	24674	66.989	1136	320	323
GU191334.1	k141_6409	24674	67.732	939	274	300
GU191334.1	k141_6409	24674	69.721	502	146	208
GU191334.1	k141_6409	24674	66.814	452	106	148
GU191334.1	k141_6409	24674	80.667	150	29	141
GU191334.1	k141_6409	24674	67.916	427	133	139
GU191334.1	k141_6409	24674	70.423	284	84	134
GU191334.1	k141_6409	24674	89.691	97	8	128
GU191334.1	k141_6409	24674	91.250	80	7	113
GU191334.1	k141_6409	24674	78.626	131	21	108
GU191334.1	k141_6409	24674	79.487	117	24	104
GU191334.1	k141_6409	24674	67.434	304	99	103
GU191334.1	k141_6409	24674	74.815	135	31	89.7
GU191334.1	k141_6409	24674	71.774	124	35	67.1
GU191334.1	k141_6409	24674	77.778	72	16	59.0
GU191334.1	k141_6409	24674	77.778	72	16	59.0
GU191334.1	k141_44763	12961	75.364	1717	406	1165
GU191334.1	k141_44763	12961	71.304	1833	493	915
GU191334.1	k141_44763	12961	74.229	1102	276	706
GU191334.1	k141_44763	12961	74.342	1177	274	706
GU191334.1	k141_44763	12961	76.923	299	61	218
GU191334.1	k141_44763	12961	73.422	301	76	178
GU191334.1	k141_44763	12961	82.857	140	24	145
GU191334.1	k141_44763	12961	92.771	83	6	123
GU191334.1	k141_44763	12961	72.436	156	43	88.7
GU191334.1	k141_13278	18543	72.961	895	200	476
GU191334.1	k141_13278	18543	72.961	895	200	476
GU191334.1	k141_13278	18543	77.888	303	67	245
GU191334.1	k141_13278	18543	77.224	281	62	212
GU191334.1	k141_13278	18543	77.224	281	62	212
GU191334.1	k141_13278	18543	88.333	60	7	77.9
GU191334.1	k141_13278	18543	88.333	60	7	77.9
GU191334.1	k141_60837	871	69.833	779	221	327
GU191334.1	k141_9505	19013	74.011	531	129	326
GU191334.1	k141_9505	19013	74.011	531	129	326
GU191334.1	k141_9505	19013	74.043	470	95	278
GU191334.1	k141_9505	19013	74.043	470	95	278
GU191334.1	k141_9505	19013	79.104	134	26	113
GU191334.1	k141_9505	19013	79.104	134	26	113
GU191334.1	k141_93611	4109	68.221	815	216	288
GU191334.1	k141_58689	1451	77.850	307	68	248
GU191334.1	k141_28448	5490	70.192	520	140	240
GU191334.1	k141_28448	5490	77.778	216	48	174
GU191334.1	k141_28448	5490	89.873	79	8	107
GU191334.1	k141_48528	3196	71.835	316	70	173
GU191334.1	k141_28195	1838	77.841	176	39	142
GU191334.1	k141_86215	585	76.166	193	46	141
GU191334.1	k141_81270	1789	70.833	288	77	139
GU191334.1	k141_30978	4620	100.000	69	0	125
GU191334.1	k141_886	4632	97.297	74	2	125
GU191334.1	k141_105826	4552	80.282	142	26	123
GU191334.1	k141_10422	3604	89.011	91	10	120
GU191334.1	k141_42902	389	86.869	99	12	117
GU191334.1	k141_55879	1696	83.908	87	10	94.2
GU191334.1	k141_3000	8704	85.526	76	11	88.7
GU191334.1	k141_3000	8704	80.435	92	18	86.0
GU191334.1	k141_34848	692	92.157	51	4	75.2
GU191334.1	k141_49745	1116	77.778	81	18	66.2
GU191334.1	k141_2604	2369	89.362	47	5	63.5
GU191334.1	k141_2963	455	80.000	55	11	50.9
