MZ962720.1	k141_40525	80906	88.543	5263	526	6744
MZ962720.1	k141_40525	80906	80.242	5775	741	5199
MZ962720.1	k141_40525	80906	85.212	3469	390	3938
MZ962720.1	k141_40525	80906	80.882	3876	642	3631
MZ962720.1	k141_40525	80906	80.095	3366	558	3048
MZ962720.1	k141_40525	80906	79.994	3399	515	3033
MZ962720.1	k141_40525	80906	85.476	1921	253	2208
MZ962720.1	k141_40525	80906	86.180	1657	189	1957
MZ962720.1	k141_40525	80906	82.309	1871	277	1859
MZ962720.1	k141_40525	80906	78.924	2045	363	1744
MZ962720.1	k141_40525	80906	91.254	1132	95	1595
MZ962720.1	k141_40525	80906	76.576	2173	329	1580
MZ962720.1	k141_40525	80906	72.326	2468	515	1339
MZ962720.1	k141_40525	80906	87.315	1080	106	1323
MZ962720.1	k141_40525	80906	77.609	1581	279	1233
MZ962720.1	k141_40525	80906	84.845	937	113	1036
MZ962720.1	k141_40525	80906	83.280	933	150	972
MZ962720.1	k141_40525	80906	73.199	1291	247	728
MZ962720.1	k141_40525	80906	77.301	978	163	718
MZ962720.1	k141_40525	80906	74.085	1011	132	665
MZ962720.1	k141_40525	80906	81.775	631	107	618
MZ962720.1	k141_40525	80906	77.135	761	146	582
MZ962720.1	k141_40525	80906	75.899	834	125	572
MZ962720.1	k141_40525	80906	70.625	1120	238	543
MZ962720.1	k141_40525	80906	74.241	889	136	538
MZ962720.1	k141_40525	80906	72.209	860	160	469
MZ962720.1	k141_40525	80906	91.139	316	24	439
MZ962720.1	k141_40525	80906	71.605	891	161	437
MZ962720.1	k141_40525	80906	73.409	707	123	406
MZ962720.1	k141_40525	80906	76.740	546	93	385
MZ962720.1	k141_40525	80906	67.299	1159	226	353
MZ962720.1	k141_40525	80906	74.815	540	123	346
MZ962720.1	k141_40525	80906	76.960	421	83	304
MZ962720.1	k141_40525	80906	79.718	355	55	300
MZ962720.1	k141_40525	80906	70.365	712	144	299
MZ962720.1	k141_40525	80906	75.989	379	52	291
MZ962720.1	k141_40525	80906	85.656	244	33	280
MZ962720.1	k141_40525	80906	84.015	269	37	279
MZ962720.1	k141_40525	80906	72.769	437	70	265
MZ962720.1	k141_40525	80906	72.769	437	70	265
MZ962720.1	k141_40525	80906	71.454	557	128	262
MZ962720.1	k141_40525	80906	85.238	210	22	243
MZ962720.1	k141_40525	80906	85.238	210	22	243
MZ962720.1	k141_40525	80906	76.603	312	61	236
MZ962720.1	k141_40525	80906	81.818	231	31	215
MZ962720.1	k141_40525	80906	81.818	231	31	215
MZ962720.1	k141_40525	80906	82.075	212	33	212
MZ962720.1	k141_40525	80906	79.724	217	31	192
MZ962720.1	k141_40525	80906	79.724	217	31	192
MZ962720.1	k141_40525	80906	74.632	272	18	186
MZ962720.1	k141_40525	80906	74.377	281	66	170
MZ962720.1	k141_40525	80906	92.857	112	7	163
MZ962720.1	k141_40525	80906	76.623	231	32	162
MZ962720.1	k141_40525	80906	75.893	224	39	157
MZ962720.1	k141_40525	80906	75.893	224	39	157
MZ962720.1	k141_40525	80906	89.474	114	7	152
MZ962720.1	k141_40525	80906	89.474	114	9	150
MZ962720.1	k141_40525	80906	90.654	107	7	142
MZ962720.1	k141_40525	80906	86.179	123	16	142
MZ962720.1	k141_40525	80906	72.692	260	46	136
MZ962720.1	k141_40525	80906	85.271	129	10	133
MZ962720.1	k141_40525	80906	80.882	136	26	129
MZ962720.1	k141_40525	80906	66.000	550	163	122
MZ962720.1	k141_40525	80906	85.577	104	9	122
MZ962720.1	k141_40525	80906	85.577	104	9	122
MZ962720.1	k141_40525	80906	76.974	152	31	116
MZ962720.1	k141_40525	80906	88.172	93	9	112
MZ962720.1	k141_40525	80906	87.640	89	9	104
MZ962720.1	k141_40525	80906	75.676	148	31	101
MZ962720.1	k141_40525	80906	67.372	331	90	100
MZ962720.1	k141_40525	80906	86.667	75	10	91.5
MZ962720.1	k141_40525	80906	87.838	74	8	90.6
MZ962720.1	k141_40525	80906	81.111	90	17	86.9
MZ962720.1	k141_40525	80906	79.381	97	16	85.1
MZ962720.1	k141_40525	80906	79.381	97	16	85.1
MZ962720.1	k141_40525	80906	78.022	91	20	75.2
MZ962720.1	k141_40525	80906	78.022	91	20	75.2
MZ962720.1	k141_40525	80906	78.022	91	20	75.2
MZ962720.1	k141_40525	80906	68.103	232	70	71.6
MZ962720.1	k141_40525	80906	92.308	39	3	58.1
MZ962720.1	k141_40525	80906	92.308	39	3	58.1
MZ962720.1	k141_40525	80906	77.143	70	16	55.4
MZ962720.1	k141_40525	80906	80.702	57	11	54.5
MZ962720.1	k141_40525	80906	84.783	46	7	52.7
MZ962720.1	k141_40525	80906	81.633	49	9	49.1
MZ962720.1	k141_40525	80906	67.516	157	49	47.3
MZ962720.1	k141_53948	21525	92.658	3010	133	4422
MZ962720.1	k141_53948	21525	92.658	3010	133	4422
MZ962720.1	k141_53948	21525	90.799	3065	186	4289
MZ962720.1	k141_53948	21525	90.799	3065	186	4289
MZ962720.1	k141_53948	21525	89.470	2621	171	3470
MZ962720.1	k141_53948	21525	89.470	2621	171	3470
MZ962720.1	k141_53948	21525	91.823	1871	113	2645
MZ962720.1	k141_53948	21525	91.823	1871	113	2645
MZ962720.1	k141_53948	21525	86.799	2015	202	2425
MZ962720.1	k141_53948	21525	86.799	2015	202	2425
MZ962720.1	k141_53948	21525	86.222	2054	188	2379
MZ962720.1	k141_53948	21525	86.222	2054	188	2379
MZ962720.1	k141_53948	21525	79.903	821	78	762
MZ962720.1	k141_53948	21525	80.056	712	75	651
MZ962720.1	k141_53948	21525	80.056	712	75	651
MZ962720.1	k141_53948	21525	84.555	382	51	413
MZ962720.1	k141_53948	21525	84.555	382	51	413
MZ962720.1	k141_53948	21525	80.846	449	45	410
MZ962720.1	k141_53948	21525	80.846	449	45	410
MZ962720.1	k141_53948	21525	85.430	302	31	345
MZ962720.1	k141_53948	21525	85.430	302	31	345
MZ962720.1	k141_53948	21525	81.029	311	49	287
MZ962720.1	k141_53948	21525	81.029	311	49	287
MZ962720.1	k141_53948	21525	75.881	369	47	262
MZ962720.1	k141_53948	21525	75.881	369	47	262
MZ962720.1	k141_53948	21525	85.340	191	22	220
MZ962720.1	k141_53948	21525	79.283	251	48	209
MZ962720.1	k141_53948	21525	79.283	251	48	209
MZ962720.1	k141_53948	21525	77.103	214	20	160
MZ962720.1	k141_53948	21525	77.103	214	20	160
MZ962720.1	k141_53948	21525	78.632	117	25	99.6
MZ962720.1	k141_53948	21525	78.632	117	25	99.6
MZ962720.1	k141_53948	21525	75.000	136	13	94.2
MZ962720.1	k141_53948	21525	66.250	240	40	87.8
MZ962720.1	k141_53948	21525	66.250	240	40	87.8
MZ962720.1	k141_53948	21525	90.566	53	4	70.7
MZ962720.1	k141_53948	21525	90.566	53	4	70.7
MZ962720.1	k141_53948	21525	84.615	52	8	59.0
MZ962720.1	k141_53948	21525	84.615	52	8	59.0
MZ962720.1	k141_53948	21525	88.636	44	5	58.1
MZ962720.1	k141_58213	13162	83.250	3988	503	4181
MZ962720.1	k141_58213	13162	83.250	3988	503	4181
MZ962720.1	k141_58213	13162	81.651	2011	336	1948
MZ962720.1	k141_58213	13162	78.408	2274	444	1849
MZ962720.1	k141_58213	13162	76.594	1051	194	784
MZ962720.1	k141_58213	13162	85.938	640	87	738
MZ962720.1	k141_58213	13162	85.938	640	87	738
MZ962720.1	k141_58213	13162	82.188	320	57	321
MZ962720.1	k141_58213	13162	96.454	141	5	233
MZ962720.1	k141_58213	13162	96.454	141	5	233
MZ962720.1	k141_58213	13162	88.660	97	10	123
MZ962720.1	k141_54982	1629	84.099	566	65	611
MZ962720.1	k141_63369	3241	80.500	600	77	555
MZ962720.1	k141_63369	3241	80.500	600	77	555
MZ962720.1	k141_25389	11169	70.848	1156	272	517
MZ962720.1	k141_25389	11169	70.848	1156	272	517
MZ962720.1	k141_25389	11169	65.503	487	142	109
MZ962720.1	k141_25389	11169	65.503	487	142	109
MZ962720.1	k141_25389	11169	83.673	98	13	99.6
MZ962720.1	k141_25389	11169	83.673	98	13	99.6
MZ962720.1	k141_102572	2365	82.418	455	57	463
MZ962720.1	k141_102572	2365	86.885	122	15	145
MZ962720.1	k141_56851	3380	71.833	884	211	430
MZ962720.1	k141_56851	3380	71.833	884	211	430
MZ962720.1	k141_56851	3380	88.333	60	7	77.9
MZ962720.1	k141_56851	3380	88.333	60	7	77.9
MZ962720.1	k141_56851	3380	88.333	60	7	77.9
MZ962720.1	k141_27245	1628	87.156	327	42	401
MZ962720.1	k141_31523	3647	76.291	426	66	305
MZ962720.1	k141_65397	1297	92.670	191	14	282
MZ962720.1	k141_36338	611	78.641	309	53	259
MZ962720.1	k141_36338	611	77.119	118	26	88.7
MZ962720.1	k141_12295	1077	77.301	326	48	251
MZ962720.1	k141_47062	1248	80.859	256	40	241
MZ962720.1	k141_47062	1248	80.859	256	40	241
MZ962720.1	k141_115304	1236	66.667	822	235	233
MZ962720.1	k141_77989	579	83.007	153	25	156
MZ962720.1	k141_77989	579	83.007	153	25	156
MZ962720.1	k141_77989	579	77.778	108	23	84.2
MZ962720.1	k141_77989	579	77.778	108	23	84.2
MZ962720.1	k141_77989	579	78.161	87	18	68.9
MZ962720.1	k141_77989	579	78.161	87	18	68.9
MZ962720.1	k141_67462	697	82.222	135	19	136
MZ962720.1	k141_67462	697	82.222	135	19	136
MZ962720.1	k141_67462	697	82.222	135	19	136
MZ962720.1	k141_67462	697	82.222	135	19	136
MZ962720.1	k141_67462	697	84.211	114	18	125
MZ962720.1	k141_67462	697	86.747	83	11	101
MZ962720.1	k141_67462	697	86.747	83	11	101
MZ962720.1	k141_86321	1087	89.796	98	10	132
MZ962720.1	k141_77497	389	93.333	90	5	132
MZ962720.1	k141_77497	389	93.333	90	5	132
MZ962720.1	k141_90618	1827	91.011	89	6	123
MZ962720.1	k141_90618	1827	91.011	89	6	123
MZ962720.1	k141_26861	4402	92.308	78	6	114
MZ962720.1	k141_26861	4402	82.432	74	13	76.1
MZ962720.1	k141_4768	393	84.091	88	14	96.9
MZ962720.1	k141_52746	554	94.828	58	3	92.4
MZ962720.1	k141_52746	554	94.828	58	3	92.4
MZ962720.1	k141_48173	4150	82.558	86	15	88.7
MZ962720.1	k141_8980	1114	78.641	103	17	87.8
MZ962720.1	k141_63876	6571	70.621	177	52	86.0
MZ962720.1	k141_63876	6571	70.621	177	52	86.0
MZ962720.1	k141_107718	8312	76.522	115	24	80.6
MZ962720.1	k141_107718	8312	76.522	115	24	80.6
MZ962720.1	k141_107718	8312	82.812	64	11	67.1
MZ962720.1	k141_107718	8312	82.812	64	11	67.1
MZ962720.1	k141_11406	6939	72.932	133	36	78.8
MZ962720.1	k141_27911	1997	92.308	52	4	77.0
MZ962720.1	k141_27911	1997	92.308	52	4	77.0
MZ962720.1	k141_92038	584	79.518	83	13	73.4
MZ962720.1	k141_92038	584	79.518	83	13	73.4
MZ962720.1	k141_3016	618	97.368	38	1	65.3
MZ962720.1	k141_13193	762	82.540	63	11	65.3
MZ962720.1	k141_69090	1208	85.455	55	7	60.8
MZ962720.1	k141_35110	2718	87.234	47	6	59.0
MZ962720.1	k141_26406	931	88.372	43	5	56.3
MH569081.1	k141_40525	80906	96.801	40009	729	66400
MH569081.1	k141_40525	80906	96.649	18025	327	29776
MH569081.1	k141_40525	80906	96.374	12464	255	20442
MH569081.1	k141_40525	80906	94.335	5790	101	9074
MH569081.1	k141_40525	80906	91.408	1676	42	2412
MH569081.1	k141_40525	80906	95.541	1480	40	2364
MH569081.1	k141_40525	80906	98.601	286	4	499
MH569081.1	k141_40525	80906	98.601	286	4	499
MH569081.1	k141_40525	80906	93.919	148	4	227
MH569081.1	k141_40525	80906	94.366	142	7	217
MH569081.1	k141_40525	80906	94.366	142	7	217
MH569081.1	k141_40525	80906	94.366	142	7	217
MH569081.1	k141_40525	80906	73.529	204	39	125
MH569081.1	k141_40525	80906	72.330	206	42	115
MH569081.1	k141_40525	80906	74.233	163	42	105
MH569081.1	k141_40525	80906	78.151	119	26	98.7
MH569081.1	k141_40525	80906	79.630	108	14	95.1
MH569081.1	k141_40525	80906	79.630	108	14	95.1
MH569081.1	k141_40525	80906	72.078	154	28	85.1
MH569081.1	k141_40525	80906	69.536	151	31	70.7
MH569081.1	k141_40525	80906	82.609	69	11	68.0
MH569081.1	k141_40525	80906	91.489	47	3	64.4
MH569081.1	k141_40525	80906	78.873	71	15	61.7
MH569081.1	k141_40525	80906	87.500	48	6	60.8
MH569081.1	k141_40525	80906	88.889	45	5	59.9
MH569081.1	k141_40525	80906	88.889	45	5	59.9
MH569081.1	k141_40525	80906	94.595	37	2	59.0
MH569081.1	k141_40525	80906	86.957	46	4	50.0
MH569081.1	k141_40525	80906	67.516	157	49	47.3
MH569081.1	k141_40525	80906	67.516	157	49	47.3
MH569081.1	k141_53948	21525	99.562	10503	35	18726
MH569081.1	k141_53948	21525	99.562	10497	35	18715
MH569081.1	k141_53948	21525	98.854	5499	44	9619
MH569081.1	k141_53948	21525	98.854	5499	44	9619
MH569081.1	k141_53948	21525	99.431	5276	12	9374
MH569081.1	k141_53948	21525	99.431	5276	12	9374
MH569081.1	k141_53948	21525	80.392	102	15	90.6
MH569081.1	k141_53948	21525	97.917	48	1	83.3
MH569081.1	k141_53948	21525	91.489	47	4	68.0
MH569081.1	k141_53948	21525	91.489	47	4	68.0
MH569081.1	k141_53948	21525	88.889	45	5	59.9
MH569081.1	k141_58213	13162	95.422	5155	103	8290
MH569081.1	k141_58213	13162	96.911	3950	90	6553
MH569081.1	k141_58213	13162	93.488	3624	105	5532
MH569081.1	k141_58213	13162	100.000	141	0	255
MH569081.1	k141_58213	13162	100.000	135	0	244
MH569081.1	k141_58213	13162	91.083	157	14	221
MH569081.1	k141_58213	13162	92.000	50	4	73.4
MH569081.1	k141_58213	13162	79.592	49	10	44.6
MH569081.1	k141_102572	2365	81.415	1329	99	1314
MH569081.1	k141_54982	1629	89.107	560	42	726
MH569081.1	k141_63369	3241	85.528	615	49	700
MH569081.1	k141_25389	11169	71.156	1151	273	520
MH569081.1	k141_25389	11169	71.156	1151	273	520
MH569081.1	k141_25389	11169	74.641	209	51	132
MH569081.1	k141_25389	11169	74.641	209	51	132
MH569081.1	k141_25389	11169	82.474	97	17	99.6
MH569081.1	k141_25389	11169	82.474	97	17	99.6
MH569081.1	k141_27245	1628	94.817	328	17	516
MH569081.1	k141_56851	3380	72.374	876	213	457
MH569081.1	k141_56851	3380	72.374	876	213	457
MH569081.1	k141_56851	3380	75.875	257	60	178
MH569081.1	k141_56851	3380	75.875	257	60	178
MH569081.1	k141_56851	3380	90.000	60	6	82.4
MH569081.1	k141_56851	3380	90.000	60	6	82.4
MH569081.1	k141_47062	1248	96.617	266	2	442
MH569081.1	k141_47062	1248	96.617	266	2	442
MH569081.1	k141_65397	1297	98.953	191	2	336
MH569081.1	k141_71097	731	89.113	248	19	324
MH569081.1	k141_12295	1077	82.019	317	33	306
MH569081.1	k141_4768	393	82.000	300	35	302
MH569081.1	k141_4768	393	93.182	88	6	132
MH569081.1	k141_93353	586	85.830	247	17	291
MH569081.1	k141_36338	611	81.533	287	41	281
MH569081.1	k141_36338	611	85.000	120	17	132
MH569081.1	k141_31523	3647	74.109	421	72	275
MH569081.1	k141_115304	1236	67.411	761	197	238
MH569081.1	k141_66984	558	98.519	135	2	235
MH569081.1	k141_66984	558	92.727	55	4	82.4
MH569081.1	k141_67462	697	89.412	170	17	223
MH569081.1	k141_67462	697	89.412	170	17	223
MH569081.1	k141_67462	697	91.566	83	7	119
MH569081.1	k141_67462	697	91.566	83	7	119
MH569081.1	k141_77989	579	91.139	158	13	219
MH569081.1	k141_77989	579	91.139	158	13	219
MH569081.1	k141_14458	785	97.479	119	3	202
MH569081.1	k141_14458	785	97.479	119	3	202
MH569081.1	k141_86321	1087	98.980	98	1	173
MH569081.1	k141_52658	747	95.192	104	3	163
MH569081.1	k141_13912	502	94.286	105	6	163
MH569081.1	k141_13912	502	86.047	43	6	51.8
MH569081.1	k141_99055	359	97.872	94	2	161
MH569081.1	k141_92038	584	97.826	92	2	158
MH569081.1	k141_92038	584	97.826	92	2	158
MH569081.1	k141_98701	549	96.667	90	3	150
MH569081.1	k141_1467	4446	93.939	99	5	149
MH569081.1	k141_77497	389	95.556	90	3	141
MH569081.1	k141_77497	389	95.556	90	3	141
MH569081.1	k141_92473	740	96.471	85	3	141
MH569081.1	k141_92473	740	96.471	85	3	141
MH569081.1	k141_109622	433	86.207	116	7	137
MH569081.1	k141_25196	481	92.391	92	7	135
MH569081.1	k141_25196	481	94.595	37	2	59.0
MH569081.1	k141_90618	1827	90.805	87	6	119
MH569081.1	k141_90618	1827	90.805	87	6	119
MH569081.1	k141_13193	762	77.372	137	13	115
MH569081.1	k141_26861	4402	94.521	73	4	114
MH569081.1	k141_26861	4402	80.000	70	14	64.4
MH569081.1	k141_3016	618	100.000	63	0	114
MH569081.1	k141_48173	4150	87.778	90	11	113
MH569081.1	k141_112428	985	90.541	74	1	99.6
MH569081.1	k141_112428	985	90.541	74	1	99.6
MH569081.1	k141_52746	554	96.552	58	2	96.9
MH569081.1	k141_52746	554	96.552	58	2	96.9
MH569081.1	k141_27911	1997	98.113	53	1	92.4
MH569081.1	k141_98243	599	92.063	63	5	92.4
MH569081.1	k141_63876	6571	71.508	179	47	88.7
MH569081.1	k141_63876	6571	71.508	179	47	88.7
MH569081.1	k141_88001	444	93.333	60	3	87.8
MH569081.1	k141_62914	587	90.476	63	6	87.8
MH569081.1	k141_107718	8312	77.391	115	23	85.1
MH569081.1	k141_107718	8312	77.391	115	23	85.1
MH569081.1	k141_107718	8312	82.812	64	11	67.1
MH569081.1	k141_107718	8312	82.812	64	11	67.1
MH569081.1	k141_107718	8312	78.947	57	12	50.0
MH569081.1	k141_107718	8312	78.947	57	12	50.0
MH569081.1	k141_69090	1208	71.084	166	23	84.2
MH569081.1	k141_26406	931	100.000	44	0	80.6
MH569081.1	k141_6052	572	95.918	49	2	80.6
MH569081.1	k141_65310	452	100.000	42	0	77.0
MH569081.1	k141_65310	452	100.000	42	0	77.0
MH569081.1	k141_99378	460	77.778	90	7	76.1
MH569081.1	k141_99378	460	77.778	90	7	76.1
MH569081.1	k141_11406	6939	72.180	133	37	74.3
MH569081.1	k141_65512	767	91.667	48	4	69.8
MH569081.1	k141_89852	438	95.238	42	2	68.0
MH569081.1	k141_28160	572	97.436	39	1	67.1
MH569081.1	k141_28160	572	97.436	39	1	67.1
MH569081.1	k141_86668	738	97.436	39	1	67.1
MH569081.1	k141_86668	738	97.436	39	1	67.1
MH569081.1	k141_21264	581	97.436	39	1	67.1
MH569081.1	k141_21264	581	97.436	39	1	67.1
MH569081.1	k141_38816	650	97.436	39	1	67.1
MH569081.1	k141_58885	453	89.474	38	4	51.8
MH569081.1	k141_94893	338	74.194	62	16	41.0
MH569081.1	k141_94893	338	74.194	62	16	41.0
NC_033978.1	k141_40525	80906	87.760	5441	589	6785
NC_033978.1	k141_40525	80906	78.868	5002	720	4176
NC_033978.1	k141_40525	80906	83.687	3862	557	4123
NC_033978.1	k141_40525	80906	89.950	2587	250	3485
NC_033978.1	k141_40525	80906	80.817	3352	546	3167
NC_033978.1	k141_40525	80906	82.396	2312	350	2319
NC_033978.1	k141_40525	80906	83.516	2093	293	2213
NC_033978.1	k141_40525	80906	76.479	2704	472	2031
NC_033978.1	k141_40525	80906	87.584	1490	185	1854
NC_033978.1	k141_40525	80906	81.566	1839	272	1782
NC_033978.1	k141_40525	80906	81.534	1825	273	1754
NC_033978.1	k141_40525	80906	78.341	2110	286	1688
NC_033978.1	k141_40525	80906	78.719	1983	379	1632
NC_033978.1	k141_40525	80906	88.706	1275	129	1628
NC_033978.1	k141_40525	80906	75.471	2230	455	1549
NC_033978.1	k141_40525	80906	76.776	1619	269	1209
NC_033978.1	k141_40525	80906	85.785	1013	119	1174
NC_033978.1	k141_40525	80906	70.124	2738	619	1173
NC_033978.1	k141_40525	80906	72.686	1329	227	753
NC_033978.1	k141_40525	80906	76.310	992	142	715
NC_033978.1	k141_40525	80906	83.133	664	100	691
NC_033978.1	k141_40525	80906	82.949	651	107	673
NC_033978.1	k141_40525	80906	74.035	1036	170	615
NC_033978.1	k141_40525	80906	70.427	1312	261	561
NC_033978.1	k141_40525	80906	75.403	683	91	459
NC_033978.1	k141_40525	80906	67.498	1283	208	429
NC_033978.1	k141_40525	80906	86.585	328	42	387
NC_033978.1	k141_40525	80906	72.578	671	119	350
NC_033978.1	k141_40525	80906	87.500	280	34	344
NC_033978.1	k141_40525	80906	87.500	280	34	344
NC_033978.1	k141_40525	80906	83.713	307	29	330
NC_033978.1	k141_40525	80906	70.500	600	120	291
NC_033978.1	k141_40525	80906	86.885	244	30	289
NC_033978.1	k141_40525	80906	79.154	331	49	282
NC_033978.1	k141_40525	80906	85.417	240	32	274
NC_033978.1	k141_40525	80906	81.004	279	30	259
NC_033978.1	k141_40525	80906	73.615	379	79	230
NC_033978.1	k141_40525	80906	74.176	364	73	230
NC_033978.1	k141_40525	80906	77.580	281	63	224
NC_033978.1	k141_40525	80906	95.556	135	6	217
NC_033978.1	k141_40525	80906	77.419	279	50	209
NC_033978.1	k141_40525	80906	83.010	206	28	207
NC_033978.1	k141_40525	80906	82.902	193	26	202
NC_033978.1	k141_40525	80906	85.799	169	18	198
NC_033978.1	k141_40525	80906	93.798	129	8	197
NC_033978.1	k141_40525	80906	79.091	220	46	190
NC_033978.1	k141_40525	80906	73.667	300	69	181
NC_033978.1	k141_40525	80906	71.845	309	55	150
NC_033978.1	k141_40525	80906	82.979	141	18	148
NC_033978.1	k141_40525	80906	95.699	93	3	147
NC_033978.1	k141_40525	80906	87.963	108	8	137
NC_033978.1	k141_40525	80906	77.576	165	37	132
NC_033978.1	k141_40525	80906	93.023	86	6	129
NC_033978.1	k141_40525	80906	88.235	102	11	127
NC_033978.1	k141_40525	80906	95.946	74	3	121
NC_033978.1	k141_40525	80906	86.869	99	13	121
NC_033978.1	k141_40525	80906	76.608	171	30	120
NC_033978.1	k141_40525	80906	79.032	124	26	107
NC_033978.1	k141_40525	80906	70.536	224	47	97.8
NC_033978.1	k141_40525	80906	78.704	108	15	90.6
NC_033978.1	k141_40525	80906	78.704	108	15	90.6
NC_033978.1	k141_40525	80906	83.750	80	12	83.3
NC_033978.1	k141_40525	80906	70.064	157	45	65.3
NC_033978.1	k141_40525	80906	74.286	105	21	65.3
NC_033978.1	k141_40525	80906	78.571	70	15	59.9
NC_033978.1	k141_40525	80906	92.308	39	3	58.1
NC_033978.1	k141_40525	80906	92.308	39	3	58.1
NC_033978.1	k141_40525	80906	90.000	40	4	55.4
NC_033978.1	k141_53948	21525	90.529	4836	294	6647
NC_033978.1	k141_53948	21525	90.529	4836	294	6647
NC_033978.1	k141_53948	21525	93.506	3018	141	4533
NC_033978.1	k141_53948	21525	93.506	3018	141	4533
NC_033978.1	k141_53948	21525	91.498	3105	178	4379
NC_033978.1	k141_53948	21525	91.498	3105	178	4379
NC_033978.1	k141_53948	21525	89.453	2304	125	3036
NC_033978.1	k141_53948	21525	89.453	2304	125	3036
NC_033978.1	k141_53948	21525	87.643	2274	203	2806
NC_033978.1	k141_53948	21525	87.643	2274	203	2806
NC_033978.1	k141_53948	21525	82.175	892	129	888
NC_033978.1	k141_53948	21525	82.175	892	129	888
NC_033978.1	k141_53948	21525	79.680	812	98	705
NC_033978.1	k141_53948	21525	79.680	812	98	705
NC_033978.1	k141_53948	21525	78.043	797	112	629
NC_033978.1	k141_53948	21525	78.043	797	112	629
NC_033978.1	k141_53948	21525	79.266	545	89	460
NC_033978.1	k141_53948	21525	77.202	386	28	336
NC_033978.1	k141_53948	21525	77.202	386	28	336
NC_033978.1	k141_53948	21525	77.885	312	60	247
NC_033978.1	k141_53948	21525	89.231	130	8	168
NC_033978.1	k141_53948	21525	89.231	130	8	168
NC_033978.1	k141_53948	21525	100.000	81	0	147
NC_033978.1	k141_53948	21525	87.963	108	12	133
NC_033978.1	k141_53948	21525	96.226	53	2	87.8
NC_033978.1	k141_53948	21525	96.226	53	2	87.8
NC_033978.1	k141_53948	21525	89.655	58	5	75.2
NC_033978.1	k141_53948	21525	100.000	40	0	73.4
NC_033978.1	k141_53948	21525	100.000	40	0	73.4
NC_033978.1	k141_53948	21525	91.111	45	4	64.4
NC_033978.1	k141_58213	13162	81.818	1969	313	1924
NC_033978.1	k141_58213	13162	77.516	2335	411	1848
NC_033978.1	k141_58213	13162	76.701	2322	461	1713
NC_033978.1	k141_58213	13162	82.160	1250	189	1240
NC_033978.1	k141_58213	13162	74.301	1144	232	745
NC_033978.1	k141_58213	13162	80.308	584	113	533
NC_033978.1	k141_58213	13162	83.029	383	62	392
NC_033978.1	k141_58213	13162	90.780	141	13	196
NC_033978.1	k141_58213	13162	79.592	49	10	44.6
NC_033978.1	k141_54982	1629	84.480	567	65	611
NC_033978.1	k141_56851	3380	72.862	877	207	465
NC_033978.1	k141_56851	3380	72.862	877	207	465
NC_033978.1	k141_56851	3380	77.936	281	60	221
NC_033978.1	k141_56851	3380	77.936	281	60	221
NC_033978.1	k141_56851	3380	86.667	60	8	73.4
NC_033978.1	k141_56851	3380	86.667	60	8	73.4
NC_033978.1	k141_102572	2365	80.931	451	54	433
NC_033978.1	k141_102572	2365	77.670	206	37	155
NC_033978.1	k141_27245	1628	87.195	328	42	403
NC_033978.1	k141_25389	11169	74.436	532	125	339
NC_033978.1	k141_25389	11169	74.436	532	125	339
NC_033978.1	k141_25389	11169	75.641	468	91	297
NC_033978.1	k141_25389	11169	75.641	468	91	297
NC_033978.1	k141_25389	11169	64.875	800	207	140
NC_033978.1	k141_25389	11169	64.875	800	207	140
NC_033978.1	k141_63369	3241	79.834	362	55	332
NC_033978.1	k141_36338	611	78.841	397	58	321
NC_033978.1	k141_36338	611	83.333	120	19	123
NC_033978.1	k141_47062	1248	86.517	267	27	315
NC_033978.1	k141_47062	1248	86.517	267	27	315
NC_033978.1	k141_31523	3647	78.022	364	57	299
NC_033978.1	k141_12295	1077	84.030	263	33	280
NC_033978.1	k141_115304	1236	68.199	783	210	276
NC_033978.1	k141_65397	1297	90.052	191	19	260
NC_033978.1	k141_67462	697	80.588	170	26	151
NC_033978.1	k141_67462	697	80.588	170	26	151
NC_033978.1	k141_67462	697	87.952	83	10	105
NC_033978.1	k141_67462	697	87.952	83	10	105
NC_033978.1	k141_77989	579	86.400	125	17	150
NC_033978.1	k141_90618	1827	92.000	100	6	142
NC_033978.1	k141_90618	1827	92.000	100	6	142
NC_033978.1	k141_4768	393	77.844	167	31	132
NC_033978.1	k141_4768	393	82.955	88	15	92.4
NC_033978.1	k141_14458	785	89.247	93	10	123
NC_033978.1	k141_14458	785	89.247	93	10	123
NC_033978.1	k141_26861	4402	93.671	79	5	121
NC_033978.1	k141_77497	389	88.298	94	7	120
NC_033978.1	k141_77497	389	88.298	94	7	120
NC_033978.1	k141_86321	1087	86.735	98	13	119
NC_033978.1	k141_92473	740	90.588	85	6	115
NC_033978.1	k141_92473	740	90.588	85	6	115
NC_033978.1	k141_41531	542	83.158	95	16	100
NC_033978.1	k141_41531	542	83.158	95	16	100
NC_033978.1	k141_107131	953	90.278	72	7	99.6
NC_033978.1	k141_107131	953	90.278	72	7	99.6
NC_033978.1	k141_112428	985	89.189	74	2	95.1
NC_033978.1	k141_112428	985	89.189	74	2	95.1
NC_033978.1	k141_8980	1114	79.808	104	16	94.2
NC_033978.1	k141_48173	4150	83.721	86	14	93.3
NC_033978.1	k141_63876	6571	70.157	191	57	88.7
NC_033978.1	k141_63876	6571	70.157	191	57	88.7
NC_033978.1	k141_92038	584	92.982	57	4	86.0
NC_033978.1	k141_92038	584	92.982	57	4	86.0
NC_033978.1	k141_107718	8312	77.391	115	23	85.1
NC_033978.1	k141_107718	8312	77.391	115	23	85.1
NC_033978.1	k141_107718	8312	78.947	57	12	50.0
NC_033978.1	k141_107718	8312	78.947	57	12	50.0
NC_033978.1	k141_52746	554	91.379	58	5	83.3
NC_033978.1	k141_52746	554	91.379	58	5	83.3
NC_033978.1	k141_70812	5115	82.500	80	14	82.4
NC_033978.1	k141_65310	452	100.000	42	0	77.0
NC_033978.1	k141_65310	452	100.000	42	0	77.0
NC_033978.1	k141_27911	1997	90.385	52	5	72.5
NC_033978.1	k141_3016	618	100.000	38	0	69.8
NC_033978.1	k141_11406	6939	77.500	80	18	64.4
NC_033978.1	k141_65512	767	85.455	55	8	64.4
NC_033978.1	k141_35110	2718	87.234	47	6	59.0
NC_033978.1	k141_26406	931	90.244	41	4	57.2
MW006668.1	k141_53948	21525	89.937	5356	304	7203
MW006668.1	k141_53948	21525	89.937	5356	304	7203
MW006668.1	k141_53948	21525	87.985	5002	421	6280
MW006668.1	k141_53948	21525	92.048	2578	139	3699
MW006668.1	k141_53948	21525	92.048	2578	139	3699
MW006668.1	k141_53948	21525	83.141	694	84	732
MW006668.1	k141_53948	21525	70.664	1401	218	623
MW006668.1	k141_53948	21525	86.067	445	60	517
MW006668.1	k141_53948	21525	80.665	481	64	444
MW006668.1	k141_53948	21525	80.665	481	64	444
MW006668.1	k141_53948	21525	70.370	837	153	401
MW006668.1	k141_53948	21525	76.199	542	93	389
MW006668.1	k141_53948	21525	76.199	542	93	389
MW006668.1	k141_53948	21525	85.663	279	31	314
MW006668.1	k141_53948	21525	85.663	279	31	314
MW006668.1	k141_53948	21525	79.848	263	46	229
MW006668.1	k141_53948	21525	82.659	173	26	177
MW006668.1	k141_53948	21525	76.190	231	41	164
MW006668.1	k141_53948	21525	76.437	174	41	130
MW006668.1	k141_53948	21525	94.937	79	4	125
MW006668.1	k141_53948	21525	94.937	79	4	125
MW006668.1	k141_53948	21525	74.359	156	24	98.7
MW006668.1	k141_53948	21525	74.359	156	24	98.7
MW006668.1	k141_53948	21525	72.973	148	24	84.2
MW006668.1	k141_53948	21525	100.000	43	0	78.8
MW006668.1	k141_53948	21525	100.000	43	0	78.8
MW006668.1	k141_53948	21525	100.000	42	0	77.0
MW006668.1	k141_53948	21525	91.111	45	4	64.4
MW006668.1	k141_53948	21525	84.314	51	8	57.2
MW006668.1	k141_40525	80906	86.854	5454	627	6545
MW006668.1	k141_40525	80906	78.500	5786	886	4735
MW006668.1	k141_40525	80906	82.597	3396	524	3431
MW006668.1	k141_40525	80906	89.189	2479	268	3263
MW006668.1	k141_40525	80906	79.027	3371	582	2911
MW006668.1	k141_40525	80906	80.134	2542	419	2287
MW006668.1	k141_40525	80906	84.676	1899	288	2112
MW006668.1	k141_40525	80906	82.711	1822	286	1843
MW006668.1	k141_40525	80906	86.370	1482	202	1763
MW006668.1	k141_40525	80906	78.473	1965	377	1611
MW006668.1	k141_40525	80906	76.581	2246	366	1594
MW006668.1	k141_40525	80906	80.011	1761	286	1586
MW006668.1	k141_40525	80906	73.514	2288	490	1382
MW006668.1	k141_40525	80906	85.551	1052	137	1199
MW006668.1	k141_40525	80906	90.898	857	78	1195
MW006668.1	k141_40525	80906	90.898	857	78	1195
MW006668.1	k141_40525	80906	75.961	1639	265	1175
MW006668.1	k141_40525	80906	70.118	2279	526	1022
MW006668.1	k141_40525	80906	73.120	1529	317	918
MW006668.1	k141_40525	80906	81.805	665	108	644
MW006668.1	k141_40525	80906	78.996	757	115	630
MW006668.1	k141_40525	80906	72.149	1131	205	611
MW006668.1	k141_40525	80906	70.745	1275	248	582
MW006668.1	k141_40525	80906	82.373	573	89	576
MW006668.1	k141_40525	80906	71.594	1123	259	552
MW006668.1	k141_40525	80906	78.631	599	77	505
MW006668.1	k141_40525	80906	76.935	646	96	483
MW006668.1	k141_40525	80906	75.224	670	121	429
MW006668.1	k141_40525	80906	71.819	841	131	427
MW006668.1	k141_40525	80906	74.922	638	111	393
MW006668.1	k141_40525	80906	74.405	672	125	389
MW006668.1	k141_40525	80906	71.805	759	117	379
MW006668.1	k141_40525	80906	87.338	308	36	379
MW006668.1	k141_40525	80906	88.621	290	31	372
MW006668.1	k141_40525	80906	88.621	290	31	372
MW006668.1	k141_40525	80906	82.229	332	37	331
MW006668.1	k141_40525	80906	86.347	271	36	319
MW006668.1	k141_40525	80906	85.091	275	32	302
MW006668.1	k141_40525	80906	85.091	275	32	302
MW006668.1	k141_40525	80906	76.456	395	75	283
MW006668.1	k141_40525	80906	67.738	778	182	276
MW006668.1	k141_40525	80906	67.738	778	182	276
MW006668.1	k141_40525	80906	67.790	801	161	270
MW006668.1	k141_40525	80906	67.790	801	161	270
MW006668.1	k141_40525	80906	83.333	240	34	245
MW006668.1	k141_40525	80906	74.863	366	68	232
MW006668.1	k141_40525	80906	78.967	271	41	220
MW006668.1	k141_40525	80906	80.189	212	29	183
MW006668.1	k141_40525	80906	68.939	528	118	178
MW006668.1	k141_40525	80906	84.568	162	24	177
MW006668.1	k141_40525	80906	74.074	270	63	165
MW006668.1	k141_40525	80906	81.034	174	23	152
MW006668.1	k141_40525	80906	93.548	93	6	141
MW006668.1	k141_40525	80906	100.000	75	0	136
MW006668.1	k141_40525	80906	81.295	139	19	136
MW006668.1	k141_40525	80906	92.308	91	7	133
MW006668.1	k141_40525	80906	76.970	165	38	127
MW006668.1	k141_40525	80906	90.698	86	8	120
MW006668.1	k141_40525	80906	72.851	221	50	115
MW006668.1	k141_40525	80906	69.728	294	67	113
MW006668.1	k141_40525	80906	81.739	115	21	113
MW006668.1	k141_40525	80906	91.892	74	6	107
MW006668.1	k141_40525	80906	74.074	189	36	101
MW006668.1	k141_40525	80906	88.732	71	8	93.3
MW006668.1	k141_40525	80906	87.324	71	9	88.7
MW006668.1	k141_40525	80906	87.324	71	9	88.7
MW006668.1	k141_40525	80906	79.381	97	19	82.4
MW006668.1	k141_40525	80906	84.286	70	10	74.3
MW006668.1	k141_40525	80906	87.719	57	7	72.5
MW006668.1	k141_40525	80906	80.282	71	14	66.2
MW006668.1	k141_40525	80906	70.064	157	45	65.3
MW006668.1	k141_40525	80906	87.755	49	6	62.6
MW006668.1	k141_40525	80906	87.755	49	6	62.6
MW006668.1	k141_40525	80906	92.308	39	3	58.1
MW006668.1	k141_58213	13162	78.523	3981	667	3296
MW006668.1	k141_58213	13162	78.523	3981	667	3296
MW006668.1	k141_58213	13162	82.244	1943	305	1940
MW006668.1	k141_58213	13162	82.244	1943	305	1940
MW006668.1	k141_58213	13162	75.067	2238	511	1487
MW006668.1	k141_58213	13162	76.761	1093	219	800
MW006668.1	k141_58213	13162	76.761	1093	219	800
MW006668.1	k141_58213	13162	74.572	1168	225	761
MW006668.1	k141_58213	13162	74.572	1168	225	761
MW006668.1	k141_58213	13162	90.780	141	13	196
MW006668.1	k141_58213	13162	90.780	141	13	196
MW006668.1	k141_58213	13162	85.217	115	12	123
MW006668.1	k141_58213	13162	85.217	115	12	123
MW006668.1	k141_58213	13162	79.592	49	10	44.6
MW006668.1	k141_54982	1629	83.601	561	73	583
MW006668.1	k141_54982	1629	78.261	69	9	54.5
MW006668.1	k141_56851	3380	71.850	881	210	438
MW006668.1	k141_56851	3380	71.850	881	210	438
MW006668.1	k141_56851	3380	77.936	281	60	221
MW006668.1	k141_56851	3380	77.936	281	60	221
MW006668.1	k141_56851	3380	85.000	60	9	68.9
MW006668.1	k141_56851	3380	85.000	60	9	68.9
MW006668.1	k141_102572	2365	84.759	374	47	423
MW006668.1	k141_102572	2365	81.818	132	17	132
MW006668.1	k141_27245	1628	84.756	328	50	367
MW006668.1	k141_25389	11169	74.248	532	126	334
MW006668.1	k141_25389	11169	74.248	532	126	334
MW006668.1	k141_25389	11169	75.000	468	100	283
MW006668.1	k141_25389	11169	75.000	468	100	283
MW006668.1	k141_25389	11169	64.375	800	206	122
MW006668.1	k141_25389	11169	64.375	800	206	122
MW006668.1	k141_63369	3241	79.558	362	56	327
MW006668.1	k141_63369	3241	79.558	362	56	327
MW006668.1	k141_36338	611	73.913	414	50	272
MW006668.1	k141_36338	611	81.667	120	21	114
MW006668.1	k141_65397	1297	90.052	191	19	260
MW006668.1	k141_12295	1077	84.979	233	25	254
MW006668.1	k141_31523	3647	75.258	388	75	246
MW006668.1	k141_115304	1236	67.105	760	211	234
MW006668.1	k141_47062	1248	74.242	264	38	179
MW006668.1	k141_47062	1248	86.916	107	13	127
MW006668.1	k141_47062	1248	86.916	107	13	127
MW006668.1	k141_90618	1827	91.089	101	7	140
MW006668.1	k141_90618	1827	91.089	101	7	140
MW006668.1	k141_77497	389	92.222	90	6	128
MW006668.1	k141_77497	389	92.222	90	6	128
MW006668.1	k141_77989	579	82.400	125	22	127
MW006668.1	k141_86321	1087	87.755	98	12	123
MW006668.1	k141_4768	393	77.358	159	34	123
MW006668.1	k141_4768	393	82.222	90	16	91.5
MW006668.1	k141_26861	4402	93.671	79	5	121
MW006668.1	k141_92473	740	91.765	85	6	119
MW006668.1	k141_92473	740	91.765	85	6	119
MW006668.1	k141_41531	542	84.211	95	15	104
MW006668.1	k141_41531	542	84.211	95	15	104
MW006668.1	k141_8980	1114	82.353	102	13	104
MW006668.1	k141_14458	785	80.180	111	18	101
MW006668.1	k141_48173	4150	84.884	86	13	97.8
MW006668.1	k141_48173	4150	84.884	86	13	97.8
MW006668.1	k141_92038	584	96.491	57	2	95.1
MW006668.1	k141_112428	985	88.406	69	3	89.7
MW006668.1	k141_112428	985	88.406	69	3	89.7
MW006668.1	k141_63876	6571	70.157	191	57	88.7
MW006668.1	k141_67462	697	74.648	142	28	88.7
MW006668.1	k141_52746	554	93.103	58	4	87.8
MW006668.1	k141_52746	554	93.103	58	4	87.8
MW006668.1	k141_107718	8312	77.391	115	23	85.1
MW006668.1	k141_107718	8312	77.391	115	23	85.1
MW006668.1	k141_107718	8312	78.947	57	12	50.0
MW006668.1	k141_107718	8312	78.947	57	12	50.0
MW006668.1	k141_27911	1997	92.308	52	4	77.0
MW006668.1	k141_27911	1997	92.308	52	4	77.0
MW006668.1	k141_65310	452	100.000	42	0	77.0
MW006668.1	k141_65310	452	100.000	42	0	77.0
MW006668.1	k141_52658	747	86.207	58	8	69.8
MW006668.1	k141_3016	618	97.368	38	1	65.3
MW006668.1	k141_11406	6939	71.795	117	33	63.5
MW006668.1	k141_26406	931	92.683	41	3	61.7
MW006668.1	k141_35110	2718	81.481	54	10	53.6
MW006668.1	k141_58885	453	86.842	38	5	47.3
MW006668.1	k141_43245	346	78.846	52	10	41.9
MW435436.1	k141_40525	80906	86.760	5423	623	6561
MW435436.1	k141_40525	80906	77.296	7567	1217	5830
MW435436.1	k141_40525	80906	82.594	3878	598	3948
MW435436.1	k141_40525	80906	89.066	2579	274	3365
MW435436.1	k141_40525	80906	81.536	2318	363	2242
MW435436.1	k141_40525	80906	85.036	1938	279	2180
MW435436.1	k141_40525	80906	87.332	1492	189	1839
MW435436.1	k141_40525	80906	83.016	1731	257	1781
MW435436.1	k141_40525	80906	83.526	1554	232	1657
MW435436.1	k141_40525	80906	90.841	1201	106	1656
MW435436.1	k141_40525	80906	78.762	1987	375	1638
MW435436.1	k141_40525	80906	79.516	1777	311	1563
MW435436.1	k141_40525	80906	77.178	2055	277	1513
MW435436.1	k141_40525	80906	80.185	1620	301	1462
MW435436.1	k141_40525	80906	73.712	2309	490	1407
MW435436.1	k141_40525	80906	82.993	1029	129	1046
MW435436.1	k141_40525	80906	77.510	1036	178	801
MW435436.1	k141_40525	80906	68.985	2099	531	788
MW435436.1	k141_40525	80906	70.070	1724	344	722
MW435436.1	k141_40525	80906	73.151	987	149	578
MW435436.1	k141_40525	80906	82.394	568	97	572
MW435436.1	k141_40525	80906	84.254	489	75	533
MW435436.1	k141_40525	80906	77.308	639	116	476
MW435436.1	k141_40525	80906	68.594	1401	299	463
MW435436.1	k141_40525	80906	75.264	663	120	429
MW435436.1	k141_40525	80906	89.688	320	32	425
MW435436.1	k141_40525	80906	81.292	449	71	416
MW435436.1	k141_40525	80906	70.169	828	134	374
MW435436.1	k141_40525	80906	76.556	482	103	356
MW435436.1	k141_40525	80906	87.814	279	33	347
MW435436.1	k141_40525	80906	87.814	279	33	347
MW435436.1	k141_40525	80906	72.118	642	135	328
MW435436.1	k141_40525	80906	72.120	599	109	322
MW435436.1	k141_40525	80906	81.639	305	35	304
MW435436.1	k141_40525	80906	81.613	310	44	301
MW435436.1	k141_40525	80906	78.507	335	58	275
MW435436.1	k141_40525	80906	78.107	338	61	270
MW435436.1	k141_40525	80906	84.490	245	32	254
MW435436.1	k141_40525	80906	73.138	376	66	219
MW435436.1	k141_40525	80906	76.868	281	65	214
MW435436.1	k141_40525	80906	87.654	162	14	204
MW435436.1	k141_40525	80906	79.825	228	26	196
MW435436.1	k141_40525	80906	87.097	155	20	190
MW435436.1	k141_40525	80906	76.015	271	57	186
MW435436.1	k141_40525	80906	91.473	129	11	184
MW435436.1	k141_40525	80906	84.076	157	24	168
MW435436.1	k141_40525	80906	88.372	129	11	160
MW435436.1	k141_40525	80906	71.854	302	60	153
MW435436.1	k141_40525	80906	90.517	116	7	150
MW435436.1	k141_40525	80906	67.568	444	130	147
MW435436.1	k141_40525	80906	91.509	106	7	144
MW435436.1	k141_40525	80906	84.375	128	20	141
MW435436.1	k141_40525	80906	100.000	75	0	136
MW435436.1	k141_40525	80906	90.000	100	10	136
MW435436.1	k141_40525	80906	88.889	99	11	130
MW435436.1	k141_40525	80906	79.167	144	21	129
MW435436.1	k141_40525	80906	95.946	74	3	121
MW435436.1	k141_40525	80906	68.305	407	80	121
MW435436.1	k141_40525	80906	76.023	171	33	118
MW435436.1	k141_40525	80906	74.194	186	25	109
MW435436.1	k141_40525	80906	78.992	119	25	103
MW435436.1	k141_40525	80906	79.630	108	14	95.1
MW435436.1	k141_40525	80906	79.630	108	14	95.1
MW435436.1	k141_40525	80906	70.588	187	44	86.9
MW435436.1	k141_40525	80906	78.125	96	20	76.1
MW435436.1	k141_40525	80906	82.895	76	12	76.1
MW435436.1	k141_40525	80906	75.238	105	20	69.8
MW435436.1	k141_40525	80906	75.238	105	20	69.8
MW435436.1	k141_40525	80906	92.308	39	3	58.1
MW435436.1	k141_40525	80906	92.308	39	3	58.1
MW435436.1	k141_40525	80906	77.143	70	16	55.4
MW435436.1	k141_40525	80906	68.153	157	48	51.8
MW435436.1	k141_53948	21525	87.268	4037	294	4932
MW435436.1	k141_53948	21525	87.268	4037	294	4932
MW435436.1	k141_53948	21525	93.692	2996	144	4516
MW435436.1	k141_53948	21525	93.692	2996	144	4516
MW435436.1	k141_53948	21525	90.019	3216	196	4367
MW435436.1	k141_53948	21525	90.019	3216	196	4367
MW435436.1	k141_53948	21525	90.380	2266	125	3076
MW435436.1	k141_53948	21525	90.380	2266	125	3076
MW435436.1	k141_53948	21525	88.163	2264	204	2838
MW435436.1	k141_53948	21525	88.163	2264	204	2838
MW435436.1	k141_53948	21525	88.300	1641	124	2084
MW435436.1	k141_53948	21525	88.300	1641	124	2084
MW435436.1	k141_53948	21525	81.390	892	136	861
MW435436.1	k141_53948	21525	81.390	892	136	861
MW435436.1	k141_53948	21525	76.663	827	104	626
MW435436.1	k141_53948	21525	76.663	827	104	626
MW435436.1	k141_53948	21525	76.825	548	103	398
MW435436.1	k141_53948	21525	75.907	386	33	314
MW435436.1	k141_53948	21525	75.907	386	33	314
MW435436.1	k141_53948	21525	81.667	240	18	232
MW435436.1	k141_53948	21525	81.667	240	18	232
MW435436.1	k141_53948	21525	76.115	314	64	221
MW435436.1	k141_53948	21525	76.115	314	64	221
MW435436.1	k141_53948	21525	68.391	348	77	135
MW435436.1	k141_53948	21525	97.468	79	2	134
MW435436.1	k141_53948	21525	92.453	53	3	75.2
MW435436.1	k141_53948	21525	92.453	53	3	75.2
MW435436.1	k141_53948	21525	95.349	43	2	69.8
MW435436.1	k141_53948	21525	88.889	45	5	59.9
MW435436.1	k141_58213	13162	76.354	3379	625	2500
MW435436.1	k141_58213	13162	83.295	1718	284	1803
MW435436.1	k141_58213	13162	76.032	2253	486	1597
MW435436.1	k141_58213	13162	75.668	1985	429	1370
MW435436.1	k141_58213	13162	73.597	2174	399	1302
MW435436.1	k141_58213	13162	75.719	1112	232	755
MW435436.1	k141_58213	13162	89.362	141	15	187
MW435436.1	k141_58213	13162	80.000	50	10	46.4
MW435436.1	k141_54982	1629	85.905	525	58	606
MW435436.1	k141_54982	1629	81.159	69	7	63.5
MW435436.1	k141_25389	11169	71.280	1156	263	538
MW435436.1	k141_25389	11169	71.280	1156	263	538
MW435436.1	k141_25389	11169	64.875	800	207	140
MW435436.1	k141_25389	11169	64.875	800	207	140
MW435436.1	k141_56851	3380	72.645	881	202	457
MW435436.1	k141_56851	3380	72.645	881	202	457
MW435436.1	k141_56851	3380	77.580	281	61	216
MW435436.1	k141_56851	3380	77.580	281	61	216
MW435436.1	k141_56851	3380	86.667	60	8	73.4
MW435436.1	k141_56851	3380	86.667	60	8	73.4
MW435436.1	k141_102572	2365	83.289	377	50	399
MW435436.1	k141_102572	2365	78.659	164	23	136
MW435436.1	k141_27245	1628	84.709	327	50	365
MW435436.1	k141_63369	3241	73.420	617	115	355
MW435436.1	k141_47062	1248	83.516	273	30	286
MW435436.1	k141_47062	1248	83.516	273	30	286
MW435436.1	k141_36338	611	74.142	437	70	282
MW435436.1	k141_36338	611	86.957	92	12	113
MW435436.1	k141_31523	3647	78.107	338	57	279
MW435436.1	k141_115304	1236	67.985	784	210	266
MW435436.1	k141_65397	1297	89.529	191	20	255
MW435436.1	k141_12295	1077	78.425	292	31	241
MW435436.1	k141_90618	1827	91.089	101	7	140
MW435436.1	k141_90618	1827	91.089	101	7	140
MW435436.1	k141_77989	579	85.000	120	16	133
MW435436.1	k141_77989	579	85.000	120	16	133
MW435436.1	k141_77497	389	92.222	90	6	128
MW435436.1	k141_77497	389	92.222	90	6	128
MW435436.1	k141_14458	785	81.600	125	13	123
MW435436.1	k141_14458	785	81.600	125	13	123
MW435436.1	k141_86321	1087	86.735	98	13	119
MW435436.1	k141_26861	4402	92.405	79	6	116
MW435436.1	k141_92473	740	89.412	85	7	111
MW435436.1	k141_92473	740	89.412	85	7	111
MW435436.1	k141_67462	697	74.375	160	25	110
MW435436.1	k141_67462	697	74.375	160	25	110
MW435436.1	k141_67462	697	87.952	83	10	105
MW435436.1	k141_67462	697	87.952	83	10	105
MW435436.1	k141_41531	542	84.211	95	15	104
MW435436.1	k141_41531	542	84.211	95	15	104
MW435436.1	k141_48173	4150	86.047	86	12	102
MW435436.1	k141_107131	953	92.647	68	5	101
MW435436.1	k141_107131	953	92.647	68	5	101
MW435436.1	k141_112428	985	89.189	74	2	95.1
MW435436.1	k141_112428	985	89.189	74	2	95.1
MW435436.1	k141_8980	1114	80.392	102	15	95.1
MW435436.1	k141_63876	6571	71.111	180	52	91.5
MW435436.1	k141_63876	6571	71.111	180	52	91.5
MW435436.1	k141_92038	584	94.737	57	3	90.6
MW435436.1	k141_92038	584	94.737	57	3	90.6
MW435436.1	k141_107718	8312	77.391	115	23	85.1
MW435436.1	k141_107718	8312	77.391	115	23	85.1
MW435436.1	k141_107718	8312	75.676	74	18	53.6
MW435436.1	k141_107718	8312	75.676	74	18	53.6
MW435436.1	k141_52746	554	91.379	58	5	83.3
MW435436.1	k141_52746	554	91.379	58	5	83.3
MW435436.1	k141_4768	393	78.889	90	19	77.9
MW435436.1	k141_65310	452	100.000	42	0	77.0
MW435436.1	k141_65310	452	100.000	42	0	77.0
MW435436.1	k141_27911	1997	90.385	52	5	72.5
MW435436.1	k141_3016	618	97.368	38	1	65.3
MW435436.1	k141_35110	2718	87.234	47	6	59.0
MW435436.1	k141_26406	931	90.244	41	4	57.2
MW435436.1	k141_58885	453	89.474	38	4	51.8
MW435436.1	k141_11406	6939	76.923	65	15	50.9
MW435436.1	k141_11406	6939	76.923	65	15	50.9
MW435436.1	k141_52658	747	91.176	34	3	49.1
MW435436.1	k141_94468	751	86.111	36	5	43.7
MW435436.1	k141_94893	338	84.211	38	6	42.8
MW435436.1	k141_94893	338	84.211	38	6	42.8
NC_037882.1	k141_53948	21525	90.915	4887	269	6821
NC_037882.1	k141_53948	21525	90.915	4887	269	6821
NC_037882.1	k141_53948	21525	87.589	4085	252	5086
NC_037882.1	k141_53948	21525	87.589	4085	252	5086
NC_037882.1	k141_53948	21525	94.045	3006	125	4587
NC_037882.1	k141_53948	21525	94.045	3006	125	4587
NC_037882.1	k141_53948	21525	89.187	2312	121	3033
NC_037882.1	k141_53948	21525	89.187	2312	121	3033
NC_037882.1	k141_53948	21525	86.114	1109	123	1285
NC_037882.1	k141_53948	21525	86.114	1109	123	1285
NC_037882.1	k141_53948	21525	82.287	892	128	893
NC_037882.1	k141_53948	21525	82.287	892	128	893
NC_037882.1	k141_53948	21525	79.950	808	99	717
NC_037882.1	k141_53948	21525	79.950	808	99	717
NC_037882.1	k141_53948	21525	92.414	435	32	633
NC_037882.1	k141_53948	21525	92.414	435	32	633
NC_037882.1	k141_53948	21525	75.277	542	89	388
NC_037882.1	k141_53948	21525	75.500	400	35	319
NC_037882.1	k141_53948	21525	75.500	400	35	319
NC_037882.1	k141_53948	21525	76.101	318	65	228
NC_037882.1	k141_53948	21525	76.101	318	65	228
NC_037882.1	k141_53948	21525	71.347	349	67	164
NC_037882.1	k141_53948	21525	98.734	79	1	139
NC_037882.1	k141_53948	21525	100.000	49	0	89.7
NC_037882.1	k141_53948	21525	100.000	49	0	89.7
NC_037882.1	k141_53948	21525	97.674	43	1	74.3
NC_037882.1	k141_53948	21525	91.111	45	4	64.4
NC_037882.1	k141_40525	80906	87.601	5444	581	6747
NC_037882.1	k141_40525	80906	77.336	8123	1223	6375
NC_037882.1	k141_40525	80906	83.346	3909	577	4101
NC_037882.1	k141_40525	80906	89.711	2634	267	3515
NC_037882.1	k141_40525	80906	81.388	3342	543	3213
NC_037882.1	k141_40525	80906	75.062	4042	748	2615
NC_037882.1	k141_40525	80906	84.054	2220	311	2393
NC_037882.1	k141_40525	80906	86.032	1933	266	2264
NC_037882.1	k141_40525	80906	82.312	1877	273	1870
NC_037882.1	k141_40525	80906	87.176	1505	193	1845
NC_037882.1	k141_40525	80906	80.295	1964	350	1755
NC_037882.1	k141_40525	80906	76.805	2285	329	1643
NC_037882.1	k141_40525	80906	76.076	2207	459	1572
NC_037882.1	k141_40525	80906	75.586	1663	297	1159
NC_037882.1	k141_40525	80906	85.509	904	83	1034
NC_037882.1	k141_40525	80906	85.934	846	102	978
NC_037882.1	k141_40525	80906	71.756	1788	328	892
NC_037882.1	k141_40525	80906	76.204	1059	177	756
NC_037882.1	k141_40525	80906	82.615	742	128	754
NC_037882.1	k141_40525	80906	83.127	646	90	669
NC_037882.1	k141_40525	80906	75.207	968	141	641
NC_037882.1	k141_40525	80906	72.547	1009	163	544
NC_037882.1	k141_40525	80906	77.612	670	98	499
NC_037882.1	k141_40525	80906	68.107	1273	204	486
NC_037882.1	k141_40525	80906	67.732	1314	273	460
NC_037882.1	k141_40525	80906	71.019	873	117	417
NC_037882.1	k141_40525	80906	73.265	778	139	393
NC_037882.1	k141_40525	80906	89.726	292	28	389
NC_037882.1	k141_40525	80906	72.423	718	128	380
NC_037882.1	k141_40525	80906	88.530	279	31	356
NC_037882.1	k141_40525	80906	88.530	279	31	356
NC_037882.1	k141_40525	80906	71.761	687	119	334
NC_037882.1	k141_40525	80906	81.433	307	36	303
NC_037882.1	k141_40525	80906	80.374	321	50	289
NC_037882.1	k141_40525	80906	77.879	330	53	262
NC_037882.1	k141_40525	80906	75.137	366	70	247
NC_037882.1	k141_40525	80906	78.716	296	62	247
NC_037882.1	k141_40525	80906	84.236	203	23	222
NC_037882.1	k141_40525	80906	89.241	158	17	209
NC_037882.1	k141_40525	80906	85.882	170	24	199
NC_037882.1	k141_40525	80906	75.445	281	69	196
NC_037882.1	k141_40525	80906	78.440	218	47	182
NC_037882.1	k141_40525	80906	75.000	284	59	177
NC_037882.1	k141_40525	80906	92.593	108	7	156
NC_037882.1	k141_40525	80906	100.000	75	0	136
NC_037882.1	k141_40525	80906	67.221	421	124	132
NC_037882.1	k141_40525	80906	78.107	169	31	131
NC_037882.1	k141_40525	80906	96.104	77	3	126
NC_037882.1	k141_40525	80906	90.000	90	9	123
NC_037882.1	k141_40525	80906	94.595	74	4	116
NC_037882.1	k141_40525	80906	88.764	89	10	116
NC_037882.1	k141_40525	80906	80.909	110	21	104
NC_037882.1	k141_40525	80906	79.630	108	14	95.1
NC_037882.1	k141_40525	80906	79.630	108	14	95.1
NC_037882.1	k141_40525	80906	72.393	163	45	92.4
NC_037882.1	k141_40525	80906	82.105	95	16	92.4
NC_037882.1	k141_40525	80906	82.812	64	11	67.1
NC_037882.1	k141_40525	80906	92.857	42	3	63.5
NC_037882.1	k141_40525	80906	94.872	39	2	62.6
NC_037882.1	k141_40525	80906	94.872	39	2	62.6
NC_037882.1	k141_40525	80906	67.308	156	51	52.7
NC_037882.1	k141_40525	80906	75.714	70	17	50.9
NC_037882.1	k141_40525	80906	80.769	52	10	50.0
NC_037882.1	k141_40525	80906	80.851	47	9	45.5
NC_037882.1	k141_58213	13162	79.395	2315	388	2015
NC_037882.1	k141_58213	13162	81.411	2055	350	1968
NC_037882.1	k141_58213	13162	76.984	2268	454	1686
NC_037882.1	k141_58213	13162	78.766	1540	269	1266
NC_037882.1	k141_58213	13162	77.538	1113	216	862
NC_037882.1	k141_58213	13162	73.345	1178	221	726
NC_037882.1	k141_58213	13162	91.489	141	12	201
NC_037882.1	k141_58213	13162	79.592	49	10	44.6
NC_037882.1	k141_54982	1629	83.688	564	70	591
NC_037882.1	k141_54982	1629	79.412	68	4	56.3
NC_037882.1	k141_56851	3380	72.748	877	208	461
NC_037882.1	k141_56851	3380	72.748	877	208	461
NC_037882.1	k141_56851	3380	77.580	281	61	216
NC_037882.1	k141_56851	3380	77.580	281	61	216
NC_037882.1	k141_56851	3380	86.667	60	8	73.4
NC_037882.1	k141_56851	3380	86.667	60	8	73.4
NC_037882.1	k141_102572	2365	86.364	374	41	450
NC_037882.1	k141_102572	2365	83.088	136	12	134
NC_037882.1	k141_27245	1628	87.195	328	42	403
NC_037882.1	k141_63369	3241	73.388	605	114	363
NC_037882.1	k141_25389	11169	74.436	532	125	339
NC_037882.1	k141_25389	11169	74.436	532	125	339
NC_037882.1	k141_25389	11169	74.788	472	88	289
NC_037882.1	k141_25389	11169	74.788	472	88	289
NC_037882.1	k141_25389	11169	64.875	800	207	144
NC_037882.1	k141_25389	11169	64.875	800	207	144
NC_037882.1	k141_47062	1248	84.307	274	27	302
NC_037882.1	k141_47062	1248	84.307	274	27	302
NC_037882.1	k141_36338	611	83.813	278	33	301
NC_037882.1	k141_65397	1297	91.848	184	15	265
NC_037882.1	k141_31523	3647	75.841	327	48	240
NC_037882.1	k141_12295	1077	81.395	258	29	235
NC_037882.1	k141_115304	1236	66.794	783	221	226
NC_037882.1	k141_4768	393	77.005	187	37	141
NC_037882.1	k141_4768	393	82.222	90	16	91.5
NC_037882.1	k141_86321	1087	89.796	98	10	132
NC_037882.1	k141_77989	579	83.200	125	21	132
NC_037882.1	k141_77989	579	83.200	125	21	132
NC_037882.1	k141_90618	1827	89.109	101	9	131
NC_037882.1	k141_90618	1827	89.109	101	9	131
NC_037882.1	k141_67462	697	75.275	182	27	129
NC_037882.1	k141_67462	697	75.275	182	27	129
NC_037882.1	k141_77497	389	92.222	90	6	128
NC_037882.1	k141_77497	389	92.222	90	6	128
NC_037882.1	k141_26861	4402	91.139	79	7	112
NC_037882.1	k141_41531	542	84.211	95	15	104
NC_037882.1	k141_41531	542	84.211	95	15	104
NC_037882.1	k141_48173	4150	86.047	86	12	102
NC_037882.1	k141_107131	953	93.939	66	4	102
NC_037882.1	k141_107131	953	93.939	66	4	102
NC_037882.1	k141_112428	985	89.189	74	2	95.1
NC_037882.1	k141_112428	985	89.189	74	2	95.1
NC_037882.1	k141_63876	6571	70.681	191	56	93.3
NC_037882.1	k141_63876	6571	70.681	191	56	93.3
NC_037882.1	k141_8980	1114	81.720	93	11	88.7
NC_037882.1	k141_52746	554	93.103	58	4	87.8
NC_037882.1	k141_52746	554	93.103	58	4	87.8
NC_037882.1	k141_107718	8312	77.391	115	23	85.1
NC_037882.1	k141_107718	8312	77.391	115	23	85.1
NC_037882.1	k141_107718	8312	78.947	57	12	50.0
NC_037882.1	k141_107718	8312	78.947	57	12	50.0
NC_037882.1	k141_92038	584	91.228	57	5	81.5
NC_037882.1	k141_92038	584	91.228	57	5	81.5
NC_037882.1	k141_27911	1997	92.453	53	4	78.8
NC_037882.1	k141_65310	452	100.000	42	0	77.0
NC_037882.1	k141_65310	452	100.000	42	0	77.0
NC_037882.1	k141_11406	6939	73.950	119	31	76.1
NC_037882.1	k141_3016	618	97.368	38	1	65.3
NC_037882.1	k141_65512	767	83.636	55	9	59.9
NC_037882.1	k141_26406	931	87.805	41	5	52.7
NC_037882.1	k141_35110	2718	82.979	47	8	50.0
NC_037882.1	k141_58885	453	86.842	38	5	47.3
NC_037882.1	k141_107346	2224	83.784	37	6	41.0
NC_056190.1	k141_53948	21525	89.894	4977	305	6729
NC_056190.1	k141_53948	21525	89.894	4977	305	6729
NC_056190.1	k141_53948	21525	92.807	3017	141	4428
NC_056190.1	k141_53948	21525	92.807	3017	141	4428
NC_056190.1	k141_53948	21525	91.563	2892	168	4099
NC_056190.1	k141_53948	21525	91.563	2892	168	4099
NC_056190.1	k141_53948	21525	90.723	2242	127	3067
NC_056190.1	k141_53948	21525	90.723	2242	127	3067
NC_056190.1	k141_53948	21525	88.225	2225	203	2800
NC_056190.1	k141_53948	21525	88.225	2225	203	2800
NC_056190.1	k141_53948	21525	82.175	892	129	888
NC_056190.1	k141_53948	21525	82.175	892	129	888
NC_056190.1	k141_53948	21525	77.234	817	110	636
NC_056190.1	k141_53948	21525	77.234	817	110	636
NC_056190.1	k141_53948	21525	75.588	893	130	613
NC_056190.1	k141_53948	21525	75.588	893	130	613
NC_056190.1	k141_53948	21525	75.978	537	97	371
NC_056190.1	k141_53948	21525	75.192	391	37	305
NC_056190.1	k141_53948	21525	75.192	391	37	305
NC_056190.1	k141_53948	21525	76.025	317	64	223
NC_056190.1	k141_53948	21525	88.439	173	16	222
NC_056190.1	k141_53948	21525	88.439	173	16	222
NC_056190.1	k141_53948	21525	97.531	81	2	138
NC_056190.1	k141_53948	21525	86.598	97	13	117
NC_056190.1	k141_53948	21525	97.619	42	1	72.5
NC_056190.1	k141_53948	21525	88.889	45	5	59.9
NC_056190.1	k141_40525	80906	86.992	5443	618	6607
NC_056190.1	k141_40525	80906	76.911	7484	1203	5585
NC_056190.1	k141_40525	80906	81.725	4000	619	3916
NC_056190.1	k141_40525	80906	88.751	2578	285	3338
NC_056190.1	k141_40525	80906	79.952	3337	583	2999
NC_056190.1	k141_40525	80906	82.061	2358	370	2322
NC_056190.1	k141_40525	80906	81.822	2140	327	2099
NC_056190.1	k141_40525	80906	86.894	1526	193	1839
NC_056190.1	k141_40525	80906	86.941	1432	150	1697
NC_056190.1	k141_40525	80906	78.885	1937	357	1607
NC_056190.1	k141_40525	80906	79.425	1740	301	1504
NC_056190.1	k141_40525	80906	75.598	2090	307	1424
NC_056190.1	k141_40525	80906	73.544	2215	480	1336
NC_056190.1	k141_40525	80906	76.750	1600	295	1197
NC_056190.1	k141_40525	80906	84.295	1057	143	1134
NC_056190.1	k141_40525	80906	77.429	1050	172	817
NC_056190.1	k141_40525	80906	68.379	2258	553	796
NC_056190.1	k141_40525	80906	81.053	665	119	620
NC_056190.1	k141_40525	80906	74.150	971	170	590
NC_056190.1	k141_40525	80906	79.940	668	117	585
NC_056190.1	k141_40525	80906	71.611	1099	203	557
NC_056190.1	k141_40525	80906	70.376	1222	220	547
NC_056190.1	k141_40525	80906	73.143	983	182	545
NC_056190.1	k141_40525	80906	68.583	1270	256	472
NC_056190.1	k141_40525	80906	74.015	685	111	413
NC_056190.1	k141_40525	80906	75.365	617	116	411
NC_056190.1	k141_40525	80906	71.311	854	130	409
NC_056190.1	k141_40525	80906	88.438	320	36	407
NC_056190.1	k141_40525	80906	83.587	329	33	352
NC_056190.1	k141_40525	80906	88.645	273	28	352
NC_056190.1	k141_40525	80906	88.645	273	28	352
NC_056190.1	k141_40525	80906	87.773	229	20	272
NC_056190.1	k141_40525	80906	69.558	588	108	264
NC_056190.1	k141_40525	80906	80.287	279	44	252
NC_056190.1	k141_40525	80906	78.135	311	59	250
NC_056190.1	k141_40525	80906	76.667	270	29	225
NC_056190.1	k141_40525	80906	84.737	190	22	210
NC_056190.1	k141_40525	80906	74.138	348	64	205
NC_056190.1	k141_40525	80906	79.399	233	48	205
NC_056190.1	k141_40525	80906	75.445	281	69	196
NC_056190.1	k141_40525	80906	87.342	158	20	196
NC_056190.1	k141_40525	80906	83.158	190	29	193
NC_056190.1	k141_40525	80906	87.755	147	13	180
NC_056190.1	k141_40525	80906	84.277	159	25	175
NC_056190.1	k141_40525	80906	78.431	204	44	170
NC_056190.1	k141_40525	80906	83.333	156	16	156
NC_056190.1	k141_40525	80906	78.286	175	34	140
NC_056190.1	k141_40525	80906	77.515	169	32	131
NC_056190.1	k141_40525	80906	82.171	129	23	130
NC_056190.1	k141_40525	80906	97.333	75	2	127
NC_056190.1	k141_40525	80906	96.104	77	3	126
NC_056190.1	k141_40525	80906	96.104	77	3	126
NC_056190.1	k141_40525	80906	76.364	165	39	123
NC_056190.1	k141_40525	80906	89.535	86	9	115
NC_056190.1	k141_40525	80906	93.421	76	5	115
NC_056190.1	k141_40525	80906	79.630	108	14	95.1
NC_056190.1	k141_40525	80906	79.630	108	14	95.1
NC_056190.1	k141_40525	80906	69.767	215	51	95.1
NC_056190.1	k141_40525	80906	87.324	71	9	88.7
NC_056190.1	k141_40525	80906	67.699	226	46	86.0
NC_056190.1	k141_40525	80906	85.915	71	9	80.6
NC_056190.1	k141_40525	80906	85.075	67	10	77.0
NC_056190.1	k141_40525	80906	76.471	102	18	73.4
NC_056190.1	k141_40525	80906	76.471	102	18	73.4
NC_056190.1	k141_40525	80906	72.414	116	32	66.2
NC_056190.1	k141_40525	80906	92.857	42	3	63.5
NC_056190.1	k141_40525	80906	78.571	70	15	59.9
NC_056190.1	k141_58213	13162	76.565	2300	425	1704
NC_056190.1	k141_58213	13162	75.454	1157	225	792
NC_056190.1	k141_58213	13162	78.453	905	162	752
NC_056190.1	k141_58213	13162	72.313	1098	246	622
NC_056190.1	k141_58213	13162	78.080	698	120	577
NC_056190.1	k141_58213	13162	69.872	468	82	199
NC_056190.1	k141_58213	13162	91.176	136	12	192
NC_056190.1	k141_58213	13162	74.797	123	31	83.3
NC_056190.1	k141_58213	13162	81.633	49	9	49.1
NC_056190.1	k141_56851	3380	72.860	888	210	471
NC_056190.1	k141_56851	3380	72.860	888	210	471
NC_056190.1	k141_56851	3380	77.224	281	62	212
NC_056190.1	k141_56851	3380	77.224	281	62	212
NC_056190.1	k141_56851	3380	86.667	60	8	73.4
NC_056190.1	k141_56851	3380	86.667	60	8	73.4
NC_056190.1	k141_27245	1628	86.842	304	40	369
NC_056190.1	k141_102572	2365	81.967	366	48	352
NC_056190.1	k141_102572	2365	96.203	79	3	130
NC_056190.1	k141_25389	11169	74.436	532	125	339
NC_056190.1	k141_25389	11169	74.436	532	125	339
NC_056190.1	k141_25389	11169	75.212	472	86	298
NC_056190.1	k141_25389	11169	75.212	472	86	298
NC_056190.1	k141_25389	11169	64.552	804	208	132
NC_056190.1	k141_25389	11169	64.552	804	208	132
NC_056190.1	k141_36338	611	80.211	379	50	328
NC_056190.1	k141_47062	1248	87.266	267	25	324
NC_056190.1	k141_47062	1248	87.266	267	25	324
NC_056190.1	k141_115304	1236	68.766	794	197	297
NC_056190.1	k141_54982	1629	86.809	235	28	279
NC_056190.1	k141_12295	1077	80.597	268	42	245
NC_056190.1	k141_65397	1297	89.130	184	20	242
NC_056190.1	k141_31523	3647	74.373	359	72	233
NC_056190.1	k141_63369	3241	69.213	445	76	168
NC_056190.1	k141_67462	697	83.448	145	24	154
NC_056190.1	k141_67462	697	83.448	145	24	154
NC_056190.1	k141_67462	697	87.952	83	10	105
NC_056190.1	k141_67462	697	87.952	83	10	105
NC_056190.1	k141_90618	1827	89.815	108	7	141
NC_056190.1	k141_90618	1827	89.815	108	7	141
NC_056190.1	k141_77989	579	79.730	148	30	132
NC_056190.1	k141_14458	785	84.404	109	13	120
NC_056190.1	k141_14458	785	84.404	109	13	120
NC_056190.1	k141_92473	740	91.765	85	6	119
NC_056190.1	k141_92473	740	91.765	85	6	119
NC_056190.1	k141_26861	4402	93.590	78	5	119
NC_056190.1	k141_77497	389	90.000	90	8	119
NC_056190.1	k141_77497	389	90.000	90	8	119
NC_056190.1	k141_86321	1087	85.567	97	14	113
NC_056190.1	k141_4768	393	75.776	161	33	112
NC_056190.1	k141_107131	953	93.056	72	5	108
NC_056190.1	k141_107131	953	93.056	72	5	108
NC_056190.1	k141_41531	542	84.211	95	15	104
NC_056190.1	k141_41531	542	84.211	95	15	104
NC_056190.1	k141_112428	985	89.189	74	2	95.1
NC_056190.1	k141_112428	985	89.189	74	2	95.1
NC_056190.1	k141_8980	1114	80.392	102	15	95.1
NC_056190.1	k141_92038	584	94.737	57	3	90.6
NC_056190.1	k141_92038	584	94.737	57	3	90.6
NC_056190.1	k141_52746	554	93.103	58	4	87.8
NC_056190.1	k141_52746	554	93.103	58	4	87.8
NC_056190.1	k141_63876	6571	70.466	193	53	86.9
NC_056190.1	k141_63876	6571	70.466	193	53	86.9
NC_056190.1	k141_107718	8312	77.391	115	23	85.1
NC_056190.1	k141_107718	8312	77.391	115	23	85.1
NC_056190.1	k141_107718	8312	78.947	57	12	50.0
NC_056190.1	k141_107718	8312	78.947	57	12	50.0
NC_056190.1	k141_65310	452	100.000	42	0	77.0
NC_056190.1	k141_65310	452	100.000	42	0	77.0
NC_056190.1	k141_3016	618	100.000	38	0	69.8
NC_056190.1	k141_27911	1997	89.362	47	5	63.5
NC_056190.1	k141_26406	931	92.857	42	3	63.5
NC_056190.1	k141_38446	1639	82.222	45	8	46.4
NC_056190.1	k141_94893	338	71.429	77	22	41.0
NC_056190.1	k141_94893	338	71.429	77	22	41.0
MN564931.1	k141_53948	21525	90.115	5058	322	6839
MN564931.1	k141_53948	21525	90.115	5058	322	6839
MN564931.1	k141_53948	21525	93.577	3005	131	4511
MN564931.1	k141_53948	21525	93.577	3005	131	4511
MN564931.1	k141_53948	21525	91.184	2938	186	4094
MN564931.1	k141_53948	21525	91.184	2938	186	4094
MN564931.1	k141_53948	21525	89.742	2291	134	3069
MN564931.1	k141_53948	21525	89.742	2291	134	3069
MN564931.1	k141_53948	21525	88.099	2109	194	2647
MN564931.1	k141_53948	21525	88.099	2109	194	2647
MN564931.1	k141_53948	21525	77.273	880	119	660
MN564931.1	k141_53948	21525	77.273	880	119	660
MN564931.1	k141_53948	21525	75.169	890	138	635
MN564931.1	k141_53948	21525	75.169	890	138	635
MN564931.1	k141_53948	21525	82.112	464	63	450
MN564931.1	k141_53948	21525	82.112	464	63	450
MN564931.1	k141_53948	21525	79.213	534	79	438
MN564931.1	k141_53948	21525	74.000	400	38	290
MN564931.1	k141_53948	21525	74.000	400	38	290
MN564931.1	k141_53948	21525	82.353	238	18	244
MN564931.1	k141_53948	21525	82.353	238	18	244
MN564931.1	k141_53948	21525	76.972	317	62	235
MN564931.1	k141_53948	21525	73.639	349	63	210
MN564931.1	k141_53948	21525	73.639	349	63	210
MN564931.1	k141_53948	21525	78.571	210	28	178
MN564931.1	k141_53948	21525	78.571	210	28	178
MN564931.1	k141_53948	21525	100.000	79	0	143
MN564931.1	k141_53948	21525	88.235	68	6	80.6
MN564931.1	k141_53948	21525	97.619	42	1	72.5
MN564931.1	k141_53948	21525	97.619	42	1	72.5
MN564931.1	k141_53948	21525	91.111	45	4	64.4
MN564931.1	k141_40525	80906	87.106	5421	599	6598
MN564931.1	k141_40525	80906	76.850	7784	1296	5748
MN564931.1	k141_40525	80906	82.718	3848	588	3930
MN564931.1	k141_40525	80906	88.194	2575	295	3264
MN564931.1	k141_40525	80906	81.126	3338	552	3156
MN564931.1	k141_40525	80906	81.230	2456	385	2321
MN564931.1	k141_40525	80906	84.288	1903	296	2083
MN564931.1	k141_40525	80906	86.519	1491	200	1780
MN564931.1	k141_40525	80906	86.045	1469	147	1697
MN564931.1	k141_40525	80906	80.563	1811	308	1652
MN564931.1	k141_40525	80906	80.430	1768	301	1607
MN564931.1	k141_40525	80906	77.414	1957	375	1521
MN564931.1	k141_40525	80906	77.000	2087	339	1493
MN564931.1	k141_40525	80906	74.118	2210	489	1397
MN564931.1	k141_40525	80906	77.735	1572	272	1206
MN564931.1	k141_40525	80906	83.126	1043	125	1094
MN564931.1	k141_40525	80906	69.221	2349	577	920
MN564931.1	k141_40525	80906	71.063	1327	263	623
MN564931.1	k141_40525	80906	83.808	562	88	602
MN564931.1	k141_40525	80906	79.880	666	119	598
MN564931.1	k141_40525	80906	73.168	969	146	562
MN564931.1	k141_40525	80906	76.176	680	99	477
MN564931.1	k141_40525	80906	77.526	574	81	439
MN564931.1	k141_40525	80906	89.130	322	31	418
MN564931.1	k141_40525	80906	77.500	480	102	376
MN564931.1	k141_40525	80906	87.900	281	31	343
MN564931.1	k141_40525	80906	74.054	555	119	330
MN564931.1	k141_40525	80906	69.277	830	131	324
MN564931.1	k141_40525	80906	84.588	279	29	305
MN564931.1	k141_40525	80906	84.588	279	29	305
MN564931.1	k141_40525	80906	71.086	626	106	300
MN564931.1	k141_40525	80906	79.180	317	33	278
MN564931.1	k141_40525	80906	84.898	245	33	275
MN564931.1	k141_40525	80906	78.485	330	64	273
MN564931.1	k141_40525	80906	76.154	390	69	257
MN564931.1	k141_40525	80906	81.250	240	42	229
MN564931.1	k141_40525	80906	74.212	349	61	224
MN564931.1	k141_40525	80906	84.158	202	26	222
MN564931.1	k141_40525	80906	80.804	224	26	213
MN564931.1	k141_40525	80906	79.464	224	46	197
MN564931.1	k141_40525	80906	86.420	162	22	194
MN564931.1	k141_40525	80906	74.823	282	69	182
MN564931.1	k141_40525	80906	94.545	110	6	172
MN564931.1	k141_40525	80906	83.537	164	22	166
MN564931.1	k141_40525	80906	87.879	132	14	164
MN564931.1	k141_40525	80906	79.459	185	38	163
MN564931.1	k141_40525	80906	81.356	177	23	162
MN564931.1	k141_40525	80906	75.111	225	56	154
MN564931.1	k141_40525	80906	78.771	179	38	152
MN564931.1	k141_40525	80906	80.921	152	23	145
MN564931.1	k141_40525	80906	66.197	568	174	140
MN564931.1	k141_40525	80906	100.000	75	0	136
MN564931.1	k141_40525	80906	92.308	91	7	133
MN564931.1	k141_40525	80906	91.111	90	8	127
MN564931.1	k141_40525	80906	90.217	92	8	123
MN564931.1	k141_40525	80906	92.593	81	6	120
MN564931.1	k141_40525	80906	90.000	80	8	109
MN564931.1	k141_40525	80906	79.259	135	22	105
MN564931.1	k141_40525	80906	79.630	108	14	95.1
MN564931.1	k141_40525	80906	79.630	108	14	95.1
MN564931.1	k141_40525	80906	75.806	124	30	89.7
MN564931.1	k141_40525	80906	74.286	105	21	65.3
MN564931.1	k141_40525	80906	84.127	63	6	64.4
MN564931.1	k141_40525	80906	70.548	146	41	63.5
MN564931.1	k141_40525	80906	69.006	171	49	60.8
MN564931.1	k141_40525	80906	90.476	42	4	59.0
MN564931.1	k141_40525	80906	92.308	39	3	58.1
MN564931.1	k141_40525	80906	92.308	39	3	58.1
MN564931.1	k141_40525	80906	73.832	107	20	57.2
MN564931.1	k141_40525	80906	82.979	47	8	50.0
MN564931.1	k141_40525	80906	83.333	42	7	45.5
MN564931.1	k141_40525	80906	77.778	63	12	44.6
MN564931.1	k141_40525	80906	78.431	51	11	43.7
MN564931.1	k141_58213	13162	78.886	2316	417	1929
MN564931.1	k141_58213	13162	81.491	1945	323	1883
MN564931.1	k141_58213	13162	75.870	2213	477	1563
MN564931.1	k141_58213	13162	78.017	1442	261	1132
MN564931.1	k141_58213	13162	75.413	1090	234	730
MN564931.1	k141_58213	13162	72.097	1197	236	674
MN564931.1	k141_58213	13162	90.780	141	13	196
MN564931.1	k141_58213	13162	79.592	49	10	44.6
MN564931.1	k141_54982	1629	82.944	557	75	563
MN564931.1	k141_56851	3380	72.976	877	206	470
MN564931.1	k141_56851	3380	72.976	877	206	470
MN564931.1	k141_56851	3380	77.580	281	61	216
MN564931.1	k141_56851	3380	77.580	281	61	216
MN564931.1	k141_56851	3380	86.667	60	8	73.4
MN564931.1	k141_56851	3380	86.667	60	8	73.4
MN564931.1	k141_27245	1628	87.500	328	41	407
MN564931.1	k141_102572	2365	82.888	374	54	391
MN564931.1	k141_102572	2365	82.707	133	15	140
MN564931.1	k141_102572	2365	80.851	47	9	45.5
MN564931.1	k141_63369	3241	73.913	552	99	329
MN564931.1	k141_25389	11169	73.872	532	128	325
MN564931.1	k141_25389	11169	73.872	532	128	325
MN564931.1	k141_25389	11169	75.641	468	91	293
MN564931.1	k141_25389	11169	75.641	468	91	293
MN564931.1	k141_25389	11169	64.912	798	212	140
MN564931.1	k141_25389	11169	64.912	798	212	140
MN564931.1	k141_47062	1248	85.393	267	30	301
MN564931.1	k141_47062	1248	85.393	267	30	301
MN564931.1	k141_31523	3647	79.646	339	50	287
MN564931.1	k141_36338	611	81.720	279	39	276
MN564931.1	k141_36338	611	82.500	120	20	119
MN564931.1	k141_65397	1297	91.623	191	16	273
MN564931.1	k141_115304	1236	68.099	768	212	270
MN564931.1	k141_12295	1077	78.596	285	38	229
MN564931.1	k141_67462	697	79.290	169	25	143
MN564931.1	k141_67462	697	79.290	169	25	143
MN564931.1	k141_67462	697	87.952	83	10	105
MN564931.1	k141_67462	697	87.952	83	10	105
MN564931.1	k141_77989	579	80.952	147	28	140
MN564931.1	k141_90618	1827	90.000	100	8	133
MN564931.1	k141_90618	1827	90.000	100	8	133
MN564931.1	k141_14458	785	84.956	113	13	127
MN564931.1	k141_14458	785	84.956	113	13	127
MN564931.1	k141_86321	1087	87.755	98	12	123
MN564931.1	k141_26861	4402	94.521	73	4	114
MN564931.1	k141_48173	4150	88.372	86	10	111
MN564931.1	k141_77497	389	85.263	95	7	106
MN564931.1	k141_77497	389	85.263	95	7	106
MN564931.1	k141_41531	542	84.211	95	15	104
MN564931.1	k141_41531	542	84.211	95	15	104
MN564931.1	k141_107131	953	91.667	72	6	104
MN564931.1	k141_107131	953	91.667	72	6	104
MN564931.1	k141_4768	393	83.333	90	15	96.0
MN564931.1	k141_112428	985	89.189	74	2	95.1
MN564931.1	k141_112428	985	89.189	74	2	95.1
MN564931.1	k141_63876	6571	70.681	191	56	93.3
MN564931.1	k141_63876	6571	70.681	191	56	93.3
MN564931.1	k141_52746	554	93.103	58	4	87.8
MN564931.1	k141_52746	554	93.103	58	4	87.8
MN564931.1	k141_107718	8312	77.391	115	23	85.1
MN564931.1	k141_107718	8312	77.391	115	23	85.1
MN564931.1	k141_107718	8312	78.947	57	12	50.0
MN564931.1	k141_107718	8312	78.947	57	12	50.0
MN564931.1	k141_11406	6939	72.180	133	37	74.3
MN564931.1	k141_65310	452	97.619	42	1	72.5
MN564931.1	k141_65310	452	97.619	42	1	72.5
MN564931.1	k141_27911	1997	93.182	44	3	67.1
MN564931.1	k141_3016	618	97.368	38	1	65.3
MN564931.1	k141_26406	931	92.683	41	3	61.7
MN564931.1	k141_35110	2718	81.481	54	10	53.6
MN564931.1	k141_52658	747	89.474	38	4	51.8
MN564931.1	k141_58885	453	86.842	38	5	47.3
NC_031651.1	k141_53948	21525	90.755	5084	306	7036
NC_031651.1	k141_53948	21525	90.755	5084	306	7036
NC_031651.1	k141_53948	21525	88.550	3965	302	5038
NC_031651.1	k141_53948	21525	88.550	3965	302	5038
NC_031651.1	k141_53948	21525	94.181	2990	136	4589
NC_031651.1	k141_53948	21525	94.181	2990	136	4589
NC_031651.1	k141_53948	21525	89.696	2271	129	3028
NC_031651.1	k141_53948	21525	89.696	2271	129	3028
NC_031651.1	k141_53948	21525	89.400	2283	188	2976
NC_031651.1	k141_53948	21525	90.405	2199	175	2971
NC_031651.1	k141_53948	21525	82.511	892	126	906
NC_031651.1	k141_53948	21525	82.511	892	126	906
NC_031651.1	k141_53948	21525	78.330	563	87	457
NC_031651.1	k141_53948	21525	80.421	475	62	430
NC_031651.1	k141_53948	21525	80.421	475	62	430
NC_031651.1	k141_53948	21525	76.471	391	32	327
NC_031651.1	k141_53948	21525	76.471	391	32	327
NC_031651.1	k141_53948	21525	81.639	305	47	293
NC_031651.1	k141_53948	21525	85.268	224	19	251
NC_031651.1	k141_53948	21525	85.268	224	19	251
NC_031651.1	k141_53948	21525	72.274	321	62	171
NC_031651.1	k141_53948	21525	78.392	199	32	162
NC_031651.1	k141_53948	21525	98.182	55	1	96.0
NC_031651.1	k141_53948	21525	100.000	39	0	71.6
NC_031651.1	k141_53948	21525	90.566	53	4	70.7
NC_031651.1	k141_53948	21525	90.566	53	4	70.7
NC_031651.1	k141_40525	80906	87.615	5426	584	6732
NC_031651.1	k141_40525	80906	78.376	7501	1183	6138
NC_031651.1	k141_40525	80906	83.376	3868	541	4079
NC_031651.1	k141_40525	80906	90.436	2499	239	3430
NC_031651.1	k141_40525	80906	80.785	3362	548	3149
NC_031651.1	k141_40525	80906	80.310	3037	448	2795
NC_031651.1	k141_40525	80906	75.100	3759	739	2471
NC_031651.1	k141_40525	80906	82.379	2270	357	2289
NC_031651.1	k141_40525	80906	87.110	1505	194	1840
NC_031651.1	k141_40525	80906	82.880	1729	249	1777
NC_031651.1	k141_40525	80906	81.942	1761	272	1735
NC_031651.1	k141_40525	80906	78.078	2071	294	1635
NC_031651.1	k141_40525	80906	76.428	2206	446	1616
NC_031651.1	k141_40525	80906	78.743	1957	365	1606
NC_031651.1	k141_40525	80906	87.907	951	104	1185
NC_031651.1	k141_40525	80906	79.707	1025	165	887
NC_031651.1	k141_40525	80906	76.514	1073	196	792
NC_031651.1	k141_40525	80906	82.105	665	110	663
NC_031651.1	k141_40525	80906	73.271	1070	221	591
NC_031651.1	k141_40525	80906	71.735	1072	176	552
NC_031651.1	k141_40525	80906	79.088	636	104	520
NC_031651.1	k141_40525	80906	69.399	1232	202	514
NC_031651.1	k141_40525	80906	73.665	843	122	502
NC_031651.1	k141_40525	80906	80.249	481	80	435
NC_031651.1	k141_40525	80906	89.474	323	33	426
NC_031651.1	k141_40525	80906	73.669	695	141	413
NC_031651.1	k141_40525	80906	78.373	504	92	402
NC_031651.1	k141_40525	80906	74.326	631	129	393
NC_031651.1	k141_40525	80906	72.780	687	122	379
NC_031651.1	k141_40525	80906	88.889	279	30	361
NC_031651.1	k141_40525	80906	88.889	279	30	361
NC_031651.1	k141_40525	80906	83.136	338	35	346
NC_031651.1	k141_40525	80906	81.962	316	50	311
NC_031651.1	k141_40525	80906	88.477	243	16	306
NC_031651.1	k141_40525	80906	80.519	308	47	279
NC_031651.1	k141_40525	80906	75.248	404	61	260
NC_031651.1	k141_40525	80906	72.157	510	105	246
NC_031651.1	k141_40525	80906	74.801	377	69	235
NC_031651.1	k141_40525	80906	78.571	280	60	235
NC_031651.1	k141_40525	80906	77.104	297	68	230
NC_031651.1	k141_40525	80906	75.776	322	58	225
NC_031651.1	k141_40525	80906	83.085	201	33	206
NC_031651.1	k141_40525	80906	74.679	312	67	205
NC_031651.1	k141_40525	80906	85.475	179	25	203
NC_031651.1	k141_40525	80906	87.342	158	20	196
NC_031651.1	k141_40525	80906	92.308	117	7	164
NC_031651.1	k141_40525	80906	84.247	146	16	158
NC_031651.1	k141_40525	80906	79.781	183	29	158
NC_031651.1	k141_40525	80906	75.124	201	36	141
NC_031651.1	k141_40525	80906	97.468	79	2	134
NC_031651.1	k141_40525	80906	97.403	77	2	131
NC_031651.1	k141_40525	80906	76.970	165	38	127
NC_031651.1	k141_40525	80906	91.765	85	5	120
NC_031651.1	k141_40525	80906	91.765	85	6	119
NC_031651.1	k141_40525	80906	90.588	85	8	118
NC_031651.1	k141_40525	80906	75.148	169	36	108
NC_031651.1	k141_40525	80906	73.006	163	44	96.9
NC_031651.1	k141_40525	80906	87.324	71	9	88.7
NC_031651.1	k141_40525	80906	92.308	39	3	58.1
NC_031651.1	k141_40525	80906	92.308	39	3	58.1
NC_031651.1	k141_40525	80906	75.714	70	17	50.9
NC_031651.1	k141_40525	80906	67.059	170	54	48.2
NC_031651.1	k141_40525	80906	75.714	70	11	42.8
NC_031651.1	k141_58213	13162	82.797	1988	291	2027
NC_031651.1	k141_58213	13162	82.226	1896	301	1897
NC_031651.1	k141_58213	13162	76.518	2240	475	1638
NC_031651.1	k141_58213	13162	79.416	1438	251	1237
NC_031651.1	k141_58213	13162	76.970	1142	195	850
NC_031651.1	k141_58213	13162	73.459	1168	239	701
NC_031651.1	k141_58213	13162	91.489	141	12	201
NC_031651.1	k141_58213	13162	74.089	247	41	156
NC_031651.1	k141_58213	13162	81.633	49	9	49.1
NC_031651.1	k141_54982	1629	85.000	520	61	580
NC_031651.1	k141_54982	1629	80.000	70	6	58.1
NC_031651.1	k141_56851	3380	73.182	880	199	476
NC_031651.1	k141_56851	3380	73.182	880	199	476
NC_031651.1	k141_56851	3380	77.580	281	61	216
NC_031651.1	k141_56851	3380	77.580	281	61	216
NC_031651.1	k141_56851	3380	86.667	60	8	73.4
NC_031651.1	k141_56851	3380	86.667	60	8	73.4
NC_031651.1	k141_102572	2365	85.294	374	45	432
NC_031651.1	k141_102572	2365	97.260	73	2	123
NC_031651.1	k141_27245	1628	86.280	328	45	389
NC_031651.1	k141_63369	3241	73.022	556	91	335
NC_031651.1	k141_25389	11169	74.248	532	126	334
NC_031651.1	k141_25389	11169	74.248	532	126	334
NC_031651.1	k141_25389	11169	74.359	468	97	284
NC_031651.1	k141_25389	11169	74.359	468	97	284
NC_031651.1	k141_25389	11169	64.750	800	208	135
NC_031651.1	k141_25389	11169	64.750	800	208	135
NC_031651.1	k141_36338	611	85.053	281	30	320
NC_031651.1	k141_36338	611	86.667	120	15	141
NC_031651.1	k141_47062	1248	86.466	266	29	311
NC_031651.1	k141_47062	1248	86.466	266	29	311
NC_031651.1	k141_31523	3647	75.346	434	77	292
NC_031651.1	k141_12295	1077	84.047	257	26	275
NC_031651.1	k141_65397	1297	91.623	191	16	273
NC_031651.1	k141_115304	1236	66.822	859	244	243
NC_031651.1	k141_77989	579	86.861	137	18	167
NC_031651.1	k141_67462	697	82.051	156	27	152
NC_031651.1	k141_67462	697	82.051	156	27	152
NC_031651.1	k141_67462	697	89.157	83	9	110
NC_031651.1	k141_67462	697	89.157	83	9	110
NC_031651.1	k141_14458	785	85.714	119	13	138
NC_031651.1	k141_14458	785	85.714	119	13	138
NC_031651.1	k141_90618	1827	93.478	92	4	137
NC_031651.1	k141_90618	1827	93.478	92	4	137
NC_031651.1	k141_92473	740	90.588	85	8	118
NC_031651.1	k141_92473	740	90.588	85	8	118
NC_031651.1	k141_86321	1087	86.598	97	13	117
NC_031651.1	k141_77497	389	87.778	90	5	114
NC_031651.1	k141_77497	389	87.778	90	5	114
NC_031651.1	k141_48173	4150	88.372	86	10	111
NC_031651.1	k141_26861	4402	90.909	77	7	108
NC_031651.1	k141_41531	542	84.211	95	15	104
NC_031651.1	k141_41531	542	84.211	95	15	104
NC_031651.1	k141_63876	6571	71.204	191	55	97.8
NC_031651.1	k141_63876	6571	71.204	191	55	97.8
NC_031651.1	k141_112428	985	89.189	74	2	95.1
NC_031651.1	k141_112428	985	89.189	74	2	95.1
NC_031651.1	k141_92038	584	94.737	57	3	90.6
NC_031651.1	k141_92038	584	94.737	57	3	90.6
NC_031651.1	k141_52746	554	93.103	58	4	87.8
NC_031651.1	k141_52746	554	93.103	58	4	87.8
NC_031651.1	k141_8980	1114	78.431	102	17	86.0
NC_031651.1	k141_107718	8312	77.391	115	23	85.1
NC_031651.1	k141_107718	8312	77.391	115	23	85.1
NC_031651.1	k141_107718	8312	78.947	57	12	50.0
NC_031651.1	k141_107718	8312	78.947	57	12	50.0
NC_031651.1	k141_11406	6939	75.455	110	27	77.9
NC_031651.1	k141_27911	1997	90.566	53	5	74.3
NC_031651.1	k141_65310	452	97.619	42	1	72.5
NC_031651.1	k141_65310	452	97.619	42	1	72.5
NC_031651.1	k141_65512	767	87.273	55	7	68.9
NC_031651.1	k141_3016	618	97.368	38	1	65.3
NC_031651.1	k141_26406	931	90.698	43	4	60.8
NC_031651.1	k141_743	1599	81.395	43	8	42.8
NC_031651.1	k141_94893	338	71.429	77	22	41.0
NC_031651.1	k141_94893	338	71.429	77	22	41.0
MW366789.1	k141_40525	80906	89.671	5315	482	7081
MW366789.1	k141_40525	80906	89.671	5315	482	7081
MW366789.1	k141_40525	80906	80.286	5864	798	5308
MW366789.1	k141_40525	80906	81.371	3983	624	3828
MW366789.1	k141_40525	80906	89.470	2868	268	3774
MW366789.1	k141_40525	80906	80.691	3356	539	3126
MW366789.1	k141_40525	80906	79.207	3530	580	2993
MW366789.1	k141_40525	80906	78.819	3555	604	2917
MW366789.1	k141_40525	80906	76.893	3367	591	2540
MW366789.1	k141_40525	80906	86.297	1912	253	2267
MW366789.1	k141_40525	80906	80.538	2117	336	1939
MW366789.1	k141_40525	80906	87.225	1589	177	1934
MW366789.1	k141_40525	80906	81.011	1959	328	1833
MW366789.1	k141_40525	80906	78.113	1759	268	1389
MW366789.1	k141_40525	80906	88.324	1062	104	1352
MW366789.1	k141_40525	80906	79.087	1578	261	1335
MW366789.1	k141_40525	80906	80.947	971	149	887
MW366789.1	k141_40525	80906	78.233	951	133	737
MW366789.1	k141_40525	80906	72.208	1155	251	618
MW366789.1	k141_40525	80906	81.191	638	114	598
MW366789.1	k141_40525	80906	73.457	1021	162	579
MW366789.1	k141_40525	80906	75.647	850	116	570
MW366789.1	k141_40525	80906	73.295	880	157	535
MW366789.1	k141_40525	80906	79.422	554	91	457
MW366789.1	k141_40525	80906	73.585	689	114	425
MW366789.1	k141_40525	80906	85.908	369	41	419
MW366789.1	k141_40525	80906	73.859	723	121	419
MW366789.1	k141_40525	80906	66.770	1291	246	411
MW366789.1	k141_40525	80906	75.685	584	122	396
MW366789.1	k141_40525	80906	71.951	656	84	372
MW366789.1	k141_40525	80906	83.728	338	44	354
MW366789.1	k141_40525	80906	79.319	411	52	352
MW366789.1	k141_40525	80906	79.319	411	52	352
MW366789.1	k141_40525	80906	73.393	560	106	346
MW366789.1	k141_40525	80906	73.524	559	114	327
MW366789.1	k141_40525	80906	87.983	233	25	293
MW366789.1	k141_40525	80906	76.613	372	66	267
MW366789.1	k141_40525	80906	76.190	378	68	265
MW366789.1	k141_40525	80906	78.571	280	60	235
MW366789.1	k141_40525	80906	84.434	212	31	232
MW366789.1	k141_40525	80906	74.387	367	62	218
MW366789.1	k141_40525	80906	79.835	243	37	206
MW366789.1	k141_40525	80906	79.911	224	27	200
MW366789.1	k141_40525	80906	79.911	224	27	200
MW366789.1	k141_40525	80906	68.901	537	104	196
MW366789.1	k141_40525	80906	68.777	458	117	169
MW366789.1	k141_40525	80906	66.776	608	183	168
MW366789.1	k141_40525	80906	66.776	608	183	168
MW366789.1	k141_40525	80906	77.974	227	35	167
MW366789.1	k141_40525	80906	95.192	104	5	166
MW366789.1	k141_40525	80906	82.822	163	18	159
MW366789.1	k141_40525	80906	82.781	151	26	156
MW366789.1	k141_40525	80906	91.667	96	8	138
MW366789.1	k141_40525	80906	97.403	77	2	131
MW366789.1	k141_40525	80906	71.713	251	41	124
MW366789.1	k141_40525	80906	76.064	188	39	124
MW366789.1	k141_40525	80906	78.767	146	31	124
MW366789.1	k141_40525	80906	88.298	94	11	121
MW366789.1	k141_40525	80906	81.250	128	18	120
MW366789.1	k141_40525	80906	75.595	168	36	114
MW366789.1	k141_40525	80906	73.939	165	43	104
MW366789.1	k141_40525	80906	73.939	165	43	104
MW366789.1	k141_40525	80906	91.892	74	5	104
MW366789.1	k141_40525	80906	91.892	74	5	104
MW366789.1	k141_40525	80906	71.495	214	45	104
MW366789.1	k141_40525	80906	71.495	214	45	104
MW366789.1	k141_40525	80906	88.312	77	9	99.6
MW366789.1	k141_40525	80906	78.125	128	26	98.7
MW366789.1	k141_40525	80906	77.778	108	16	86.0
MW366789.1	k141_40525	80906	77.778	108	16	86.0
MW366789.1	k141_40525	80906	76.000	125	28	84.2
MW366789.1	k141_40525	80906	73.950	119	31	76.1
MW366789.1	k141_40525	80906	73.950	119	31	76.1
MW366789.1	k141_40525	80906	89.655	58	5	75.2
MW366789.1	k141_40525	80906	89.655	58	5	75.2
MW366789.1	k141_40525	80906	87.500	56	7	70.7
MW366789.1	k141_40525	80906	66.379	232	74	53.6
MW366789.1	k141_40525	80906	66.379	232	74	53.6
MW366789.1	k141_40525	80906	73.256	86	17	49.1
MW366789.1	k141_40525	80906	67.059	170	54	48.2
MW366789.1	k141_40525	80906	67.059	170	54	48.2
MW366789.1	k141_40525	80906	79.245	53	11	47.3
MW366789.1	k141_40525	80906	79.245	53	11	47.3
MW366789.1	k141_53948	21525	89.752	5006	391	6704
MW366789.1	k141_53948	21525	89.752	5006	391	6704
MW366789.1	k141_53948	21525	92.223	2996	153	4331
MW366789.1	k141_53948	21525	92.223	2996	153	4331
MW366789.1	k141_53948	21525	88.845	2259	158	2892
MW366789.1	k141_53948	21525	88.845	2259	158	2892
MW366789.1	k141_53948	21525	86.626	2288	213	2755
MW366789.1	k141_53948	21525	86.670	2288	212	2750
MW366789.1	k141_53948	21525	91.405	1815	101	2571
MW366789.1	k141_53948	21525	91.405	1815	101	2571
MW366789.1	k141_53948	21525	83.725	639	53	685
MW366789.1	k141_53948	21525	83.725	639	53	685
MW366789.1	k141_53948	21525	84.954	545	46	624
MW366789.1	k141_53948	21525	84.954	545	46	624
MW366789.1	k141_53948	21525	88.722	399	32	511
MW366789.1	k141_53948	21525	87.500	280	28	350
MW366789.1	k141_53948	21525	87.500	280	28	350
MW366789.1	k141_53948	21525	97.826	138	3	236
MW366789.1	k141_53948	21525	97.826	138	3	236
MW366789.1	k141_53948	21525	91.724	145	12	208
MW366789.1	k141_53948	21525	91.724	145	12	208
MW366789.1	k141_53948	21525	85.475	179	22	205
MW366789.1	k141_53948	21525	85.475	179	22	205
MW366789.1	k141_53948	21525	86.441	177	22	205
MW366789.1	k141_53948	21525	86.441	177	22	205
MW366789.1	k141_53948	21525	74.516	310	42	201
MW366789.1	k141_53948	21525	87.037	162	18	198
MW366789.1	k141_53948	21525	87.037	162	18	196
MW366789.1	k141_53948	21525	84.173	139	13	156
MW366789.1	k141_53948	21525	84.173	139	13	156
MW366789.1	k141_53948	21525	94.253	87	5	135
MW366789.1	k141_53948	21525	94.253	87	5	135
MW366789.1	k141_53948	21525	87.342	79	5	98.7
MW366789.1	k141_53948	21525	87.342	79	5	98.7
MW366789.1	k141_53948	21525	93.878	49	3	76.1
MW366789.1	k141_53948	21525	93.878	49	3	76.1
MW366789.1	k141_53948	21525	93.878	49	3	76.1
MW366789.1	k141_53948	21525	90.909	44	4	62.6
MW366789.1	k141_58213	13162	82.874	3988	513	4113
MW366789.1	k141_58213	13162	82.874	3988	513	4113
MW366789.1	k141_58213	13162	80.903	2016	345	1896
MW366789.1	k141_58213	13162	76.837	2327	498	1755
MW366789.1	k141_58213	13162	80.055	1093	201	977
MW366789.1	k141_58213	13162	83.812	661	102	692
MW366789.1	k141_58213	13162	83.812	661	102	692
MW366789.1	k141_58213	13162	80.685	321	62	300
MW366789.1	k141_58213	13162	94.326	141	8	219
MW366789.1	k141_58213	13162	94.326	141	8	219
MW366789.1	k141_58213	13162	82.203	118	20	115
MW366789.1	k141_58213	13162	79.592	49	10	44.6
MW366789.1	k141_54982	1629	83.542	559	69	583
MW366789.1	k141_63369	3241	78.878	606	78	517
MW366789.1	k141_63369	3241	78.878	606	78	517
MW366789.1	k141_102572	2365	76.373	601	93	448
MW366789.1	k141_102572	2365	73.639	349	72	188
MW366789.1	k141_56851	3380	72.116	893	200	443
MW366789.1	k141_56851	3380	72.116	893	200	443
MW366789.1	k141_56851	3380	90.000	60	6	82.4
MW366789.1	k141_56851	3380	90.000	60	6	82.4
MW366789.1	k141_56851	3380	88.333	60	7	77.9
MW366789.1	k141_56851	3380	88.333	60	7	77.9
MW366789.1	k141_27245	1628	86.239	327	45	388
MW366789.1	k141_25389	11169	73.321	536	124	322
MW366789.1	k141_25389	11169	73.321	536	124	322
MW366789.1	k141_25389	11169	75.855	468	92	300
MW366789.1	k141_25389	11169	75.855	468	92	300
MW366789.1	k141_25389	11169	67.296	477	137	134
MW366789.1	k141_25389	11169	67.296	477	137	134
MW366789.1	k141_25389	11169	84.536	97	15	108
MW366789.1	k141_25389	11169	84.536	97	15	108
MW366789.1	k141_31523	3647	76.404	445	79	304
MW366789.1	k141_47062	1248	83.636	275	29	295
MW366789.1	k141_47062	1248	83.636	275	29	295
MW366789.1	k141_65397	1297	94.624	186	10	291
MW366789.1	k141_12295	1077	74.926	339	34	257
MW366789.1	k141_36338	611	78.648	281	36	232
MW366789.1	k141_36338	611	80.833	120	22	110
MW366789.1	k141_115304	1236	67.213	732	201	224
MW366789.1	k141_67462	697	83.636	165	26	173
MW366789.1	k141_67462	697	83.636	165	26	173
MW366789.1	k141_67462	697	83.636	165	26	173
MW366789.1	k141_67462	697	91.566	83	7	119
MW366789.1	k141_67462	697	91.566	83	7	119
MW366789.1	k141_67462	697	81.443	97	17	93.3
MW366789.1	k141_67462	697	81.443	97	17	91.5
MW366789.1	k141_77989	579	80.392	153	23	134
MW366789.1	k141_77989	579	79.085	153	25	125
MW366789.1	k141_86321	1087	89.796	98	10	132
MW366789.1	k141_92473	740	91.765	85	7	123
MW366789.1	k141_92473	740	91.765	85	7	123
MW366789.1	k141_77497	389	90.000	90	8	119
MW366789.1	k141_77497	389	90.000	90	8	119
MW366789.1	k141_26861	4402	91.026	78	6	106
MW366789.1	k141_41531	542	84.211	95	15	104
MW366789.1	k141_41531	542	84.211	95	15	104
MW366789.1	k141_90618	1827	90.667	75	5	102
MW366789.1	k141_90618	1827	90.667	75	5	102
MW366789.1	k141_4768	393	85.227	88	13	101
MW366789.1	k141_48173	4150	84.091	88	14	96.9
MW366789.1	k141_63876	6571	70.681	191	56	93.3
MW366789.1	k141_63876	6571	70.681	191	56	93.3
MW366789.1	k141_52746	554	94.828	58	3	92.4
MW366789.1	k141_52746	554	94.828	58	3	92.4
MW366789.1	k141_112428	985	87.838	74	3	90.6
MW366789.1	k141_112428	985	87.838	74	3	90.6
MW366789.1	k141_92038	584	90.476	63	5	84.2
MW366789.1	k141_92038	584	90.476	63	5	84.2
MW366789.1	k141_92038	584	87.879	66	7	80.6
MW366789.1	k141_92038	584	87.879	66	7	80.6
MW366789.1	k141_92038	584	90.566	53	5	74.3
MW366789.1	k141_92038	584	90.566	53	5	74.3
MW366789.1	k141_8980	1114	77.670	103	18	83.3
MW366789.1	k141_107718	8312	76.522	115	24	80.6
MW366789.1	k141_107718	8312	76.522	115	24	80.6
MW366789.1	k141_107718	8312	82.812	64	11	67.1
MW366789.1	k141_107718	8312	82.812	64	11	67.1
MW366789.1	k141_107718	8312	72.527	91	25	52.7
MW366789.1	k141_107718	8312	72.527	91	25	52.7
MW366789.1	k141_27911	1997	92.308	52	4	77.0
MW366789.1	k141_27911	1997	92.308	52	4	77.0
MW366789.1	k141_11406	6939	71.429	140	40	73.4
MW366789.1	k141_11406	6939	69.919	123	33	46.4
MW366789.1	k141_3016	618	97.368	38	1	65.3
MW366789.1	k141_70812	5115	85.455	55	8	64.4
MW366789.1	k141_15629	1230	85.455	55	8	64.4
MW366789.1	k141_65310	452	92.857	42	3	63.5
MW366789.1	k141_65310	452	92.857	42	3	63.5
MW366789.1	k141_58885	453	89.474	38	4	51.8
MW366789.1	k141_58885	453	89.474	38	4	51.8
KT899950.1	k141_53948	21525	92.525	5070	243	7405
KT899950.1	k141_53948	21525	92.525	5070	243	7405
KT899950.1	k141_53948	21525	90.109	4034	240	5435
KT899950.1	k141_53948	21525	90.109	4034	240	5435
KT899950.1	k141_53948	21525	95.249	2989	103	4732
KT899950.1	k141_53948	21525	95.249	2989	103	4732
KT899950.1	k141_53948	21525	91.012	2292	137	3168
KT899950.1	k141_53948	21525	91.012	2292	137	3168
KT899950.1	k141_53948	21525	90.320	2283	126	3099
KT899950.1	k141_53948	21525	90.320	2283	126	3099
KT899950.1	k141_53948	21525	83.277	885	126	936
KT899950.1	k141_53948	21525	83.277	885	126	936
KT899950.1	k141_53948	21525	82.854	799	92	820
KT899950.1	k141_53948	21525	82.854	799	92	820
KT899950.1	k141_53948	21525	79.891	552	72	495
KT899950.1	k141_53948	21525	77.608	393	28	349
KT899950.1	k141_53948	21525	77.608	393	28	349
KT899950.1	k141_53948	21525	91.518	224	15	318
KT899950.1	k141_53948	21525	91.518	224	15	318
KT899950.1	k141_53948	21525	78.730	315	57	258
KT899950.1	k141_53948	21525	75.339	369	64	253
KT899950.1	k141_53948	21525	93.519	108	7	164
KT899950.1	k141_53948	21525	94.340	53	2	79.7
KT899950.1	k141_53948	21525	94.340	53	2	79.7
KT899950.1	k141_53948	21525	91.111	45	4	64.4
KT899950.1	k141_40525	80906	89.910	5431	480	7286
KT899950.1	k141_40525	80906	79.966	8121	1044	7264
KT899950.1	k141_40525	80906	85.149	4020	502	4568
KT899950.1	k141_40525	80906	84.558	3620	385	3981
KT899950.1	k141_40525	80906	83.413	3346	476	3550
KT899950.1	k141_40525	80906	81.550	3458	484	3328
KT899950.1	k141_40525	80906	79.228	3264	539	2816
KT899950.1	k141_40525	80906	78.656	3303	545	2747
KT899950.1	k141_40525	80906	87.688	1925	225	2406
KT899950.1	k141_40525	80906	82.546	2097	287	2118
KT899950.1	k141_40525	80906	81.531	2090	317	2024
KT899950.1	k141_40525	80906	80.263	2204	273	1980
KT899950.1	k141_40525	80906	87.254	1577	193	1928
KT899950.1	k141_40525	80906	80.922	1583	238	1462
KT899950.1	k141_40525	80906	87.533	1147	113	1411
KT899950.1	k141_40525	80906	74.696	1810	292	1151
KT899950.1	k141_40525	80906	85.259	1004	120	1133
KT899950.1	k141_40525	80906	79.224	1083	150	935
KT899950.1	k141_40525	80906	75.125	1403	210	934
KT899950.1	k141_40525	80906	79.832	952	138	829
KT899950.1	k141_40525	80906	72.489	1374	229	751
KT899950.1	k141_40525	80906	82.044	724	113	713
KT899950.1	k141_40525	80906	73.063	813	121	491
KT899950.1	k141_40525	80906	77.112	651	88	486
KT899950.1	k141_40525	80906	78.082	584	96	470
KT899950.1	k141_40525	80906	75.951	657	89	459
KT899950.1	k141_40525	80906	83.218	435	55	445
KT899950.1	k141_40525	80906	73.174	712	102	436
KT899950.1	k141_40525	80906	75.468	587	89	392
KT899950.1	k141_40525	80906	88.502	287	31	362
KT899950.1	k141_40525	80906	88.502	287	31	362
KT899950.1	k141_40525	80906	79.177	413	49	355
KT899950.1	k141_40525	80906	75.205	488	65	350
KT899950.1	k141_40525	80906	75.385	455	72	307
KT899950.1	k141_40525	80906	81.090	312	46	291
KT899950.1	k141_40525	80906	77.748	373	52	278
KT899950.1	k141_40525	80906	86.099	223	31	263
KT899950.1	k141_40525	80906	74.869	382	61	257
KT899950.1	k141_40525	80906	74.927	343	62	235
KT899950.1	k141_40525	80906	95.745	141	6	228
KT899950.1	k141_40525	80906	86.047	172	22	200
KT899950.1	k141_40525	80906	77.340	203	46	159
KT899950.1	k141_40525	80906	86.765	136	16	158
KT899950.1	k141_40525	80906	85.938	128	18	150
KT899950.1	k141_40525	80906	81.325	166	18	150
KT899950.1	k141_40525	80906	94.444	90	5	141
KT899950.1	k141_40525	80906	88.235	102	8	130
KT899950.1	k141_40525	80906	73.182	220	43	123
KT899950.1	k141_40525	80906	76.282	156	37	115
KT899950.1	k141_40525	80906	74.138	174	29	108
KT899950.1	k141_40525	80906	78.226	124	27	103
KT899950.1	k141_40525	80906	79.630	108	14	95.1
KT899950.1	k141_40525	80906	79.630	108	14	95.1
KT899950.1	k141_40525	80906	74.336	113	20	73.4
KT899950.1	k141_40525	80906	69.427	157	46	60.8
KT899950.1	k141_40525	80906	78.571	70	15	59.9
KT899950.1	k141_40525	80906	92.308	39	3	58.1
KT899950.1	k141_40525	80906	92.308	39	3	58.1
KT899950.1	k141_58213	13162	79.345	3544	576	3093
KT899950.1	k141_58213	13162	81.153	2324	346	2205
KT899950.1	k141_58213	13162	79.916	2370	403	2113
KT899950.1	k141_58213	13162	82.804	1448	206	1461
KT899950.1	k141_58213	13162	84.364	550	85	601
KT899950.1	k141_58213	13162	84.211	399	60	434
KT899950.1	k141_58213	13162	93.617	141	9	214
KT899950.1	k141_58213	13162	73.397	312	49	179
KT899950.1	k141_54982	1629	85.638	564	59	641
KT899950.1	k141_102572	2365	76.426	666	102	485
KT899950.1	k141_102572	2365	77.533	227	36	176
KT899950.1	k141_56851	3380	73.318	877	203	483
KT899950.1	k141_56851	3380	73.318	877	203	483
KT899950.1	k141_56851	3380	77.580	281	61	216
KT899950.1	k141_56851	3380	77.580	281	61	216
KT899950.1	k141_56851	3380	86.667	60	8	73.4
KT899950.1	k141_56851	3380	86.667	60	8	73.4
KT899950.1	k141_63369	3241	79.228	544	72	473
KT899950.1	k141_36338	611	83.590	390	33	412
KT899950.1	k141_36338	611	92.500	120	8	173
KT899950.1	k141_27245	1628	86.377	345	45	404
KT899950.1	k141_31523	3647	78.960	423	70	352
KT899950.1	k141_47062	1248	88.764	267	21	342
KT899950.1	k141_47062	1248	88.764	267	21	342
KT899950.1	k141_12295	1077	79.602	402	43	337
KT899950.1	k141_25389	11169	74.248	532	126	334
KT899950.1	k141_25389	11169	74.248	532	126	334
KT899950.1	k141_25389	11169	75.000	472	87	294
KT899950.1	k141_25389	11169	75.000	472	87	294
KT899950.1	k141_25389	11169	64.205	799	214	127
KT899950.1	k141_25389	11169	64.205	799	214	127
KT899950.1	k141_65397	1297	93.194	191	13	287
KT899950.1	k141_115304	1236	66.537	771	219	218
KT899950.1	k141_14458	785	92.437	119	9	175
KT899950.1	k141_14458	785	92.437	119	9	175
KT899950.1	k141_77989	579	83.544	158	25	165
KT899950.1	k141_67462	697	82.424	165	28	164
KT899950.1	k141_67462	697	82.424	165	28	164
KT899950.1	k141_67462	697	90.361	83	8	114
KT899950.1	k141_67462	697	90.361	83	8	114
KT899950.1	k141_86321	1087	92.784	97	7	144
KT899950.1	k141_4768	393	76.410	195	40	141
KT899950.1	k141_4768	393	80.682	88	17	83.3
KT899950.1	k141_92473	740	94.118	85	5	132
KT899950.1	k141_92473	740	94.118	85	5	132
KT899950.1	k141_77497	389	92.222	90	6	128
KT899950.1	k141_77497	389	92.222	90	6	128
KT899950.1	k141_90618	1827	86.538	104	12	123
KT899950.1	k141_90618	1827	86.538	104	12	123
KT899950.1	k141_8980	1114	86.275	102	9	122
KT899950.1	k141_26861	4402	93.506	77	5	117
KT899950.1	k141_107131	953	95.833	72	3	117
KT899950.1	k141_107131	953	95.833	72	3	117
KT899950.1	k141_41531	542	85.263	95	14	109
KT899950.1	k141_41531	542	85.263	95	14	109
KT899950.1	k141_48173	4150	87.209	86	11	106
KT899950.1	k141_112428	985	89.189	74	2	95.1
KT899950.1	k141_112428	985	89.189	74	2	95.1
KT899950.1	k141_63876	6571	70.681	191	56	93.3
KT899950.1	k141_63876	6571	70.681	191	56	93.3
KT899950.1	k141_92038	584	94.737	57	3	90.6
KT899950.1	k141_92038	584	94.737	57	3	90.6
KT899950.1	k141_52746	554	93.103	58	4	87.8
KT899950.1	k141_52746	554	93.103	58	4	87.8
KT899950.1	k141_107718	8312	77.391	115	23	85.1
KT899950.1	k141_107718	8312	77.391	115	23	85.1
KT899950.1	k141_107718	8312	82.812	64	11	67.1
KT899950.1	k141_107718	8312	82.812	64	11	67.1
KT899950.1	k141_107718	8312	78.947	57	12	50.0
KT899950.1	k141_107718	8312	78.947	57	12	50.0
KT899950.1	k141_69090	1208	87.692	65	7	78.8
KT899950.1	k141_65310	452	100.000	42	0	77.0
KT899950.1	k141_65310	452	100.000	42	0	77.0
KT899950.1	k141_11406	6939	74.545	110	28	73.4
KT899950.1	k141_65512	767	91.837	49	4	71.6
KT899950.1	k141_52658	747	77.895	95	15	69.8
KT899950.1	k141_27911	1997	88.679	53	6	69.8
KT899950.1	k141_3016	618	100.000	38	0	69.8
KT899950.1	k141_99378	460	76.136	88	8	68.0
KT899950.1	k141_99378	460	76.136	88	8	68.0
KT899950.1	k141_35110	2718	85.185	54	8	62.6
KT899950.1	k141_26406	931	90.244	41	4	57.2
KT899950.1	k141_58885	453	86.842	38	5	47.3
GU191334.1	k141_40525	80906	81.399	4532	841	4366
GU191334.1	k141_40525	80906	82.669	2458	423	2502
GU191334.1	k141_40525	80906	81.429	1540	284	1481
GU191334.1	k141_40525	80906	82.125	1421	254	1418
GU191334.1	k141_40525	80906	78.261	1702	364	1389
GU191334.1	k141_40525	80906	87.672	1087	132	1354
GU191334.1	k141_40525	80906	68.091	3720	1027	1218
GU191334.1	k141_40525	80906	72.015	2094	501	1122
GU191334.1	k141_40525	80906	81.612	707	127	679
GU191334.1	k141_40525	80906	75.585	897	210	608
GU191334.1	k141_40525	80906	70.507	1224	322	553
GU191334.1	k141_40525	80906	75.959	782	156	547
GU191334.1	k141_40525	80906	73.173	917	217	535
GU191334.1	k141_40525	80906	76.761	710	156	523
GU191334.1	k141_40525	80906	81.183	558	98	522
GU191334.1	k141_40525	80906	70.414	1112	302	516
GU191334.1	k141_40525	80906	74.163	627	115	389
GU191334.1	k141_40525	80906	77.282	471	107	368
GU191334.1	k141_40525	80906	66.989	1136	320	323
GU191334.1	k141_40525	80906	75.052	477	111	314
GU191334.1	k141_40525	80906	69.900	701	201	296
GU191334.1	k141_40525	80906	67.197	942	274	284
GU191334.1	k141_40525	80906	82.879	257	40	265
GU191334.1	k141_40525	80906	71.981	414	112	219
GU191334.1	k141_40525	80906	66.866	670	218	194
GU191334.1	k141_40525	80906	77.778	207	38	165
GU191334.1	k141_40525	80906	78.191	188	41	155
GU191334.1	k141_40525	80906	66.814	452	106	148
GU191334.1	k141_40525	80906	80.667	150	29	141
GU191334.1	k141_40525	80906	81.944	144	21	139
GU191334.1	k141_40525	80906	70.775	284	83	139
GU191334.1	k141_40525	80906	68.065	429	129	137
GU191334.1	k141_40525	80906	81.538	130	24	127
GU191334.1	k141_40525	80906	92.941	85	6	127
GU191334.1	k141_40525	80906	88.542	96	6	124
GU191334.1	k141_40525	80906	96.053	76	3	124
GU191334.1	k141_40525	80906	92.771	83	6	123
GU191334.1	k141_40525	80906	98.551	69	1	121
GU191334.1	k141_40525	80906	90.909	88	7	120
GU191334.1	k141_40525	80906	94.667	75	4	118
GU191334.1	k141_40525	80906	92.308	78	6	114
GU191334.1	k141_40525	80906	91.250	80	7	113
GU191334.1	k141_40525	80906	93.151	73	5	110
GU191334.1	k141_40525	80906	83.333	108	13	110
GU191334.1	k141_40525	80906	78.626	131	21	108
GU191334.1	k141_40525	80906	77.273	132	30	104
GU191334.1	k141_40525	80906	81.651	109	19	104
GU191334.1	k141_40525	80906	79.487	117	24	104
GU191334.1	k141_40525	80906	92.754	69	5	103
GU191334.1	k141_40525	80906	87.059	85	9	102
GU191334.1	k141_40525	80906	90.411	73	7	101
GU191334.1	k141_40525	80906	66.114	422	111	101
GU191334.1	k141_40525	80906	76.984	126	29	97.8
GU191334.1	k141_40525	80906	66.776	304	101	94.2
GU191334.1	k141_40525	80906	79.167	120	18	93.3
GU191334.1	k141_40525	80906	76.159	151	27	92.4
GU191334.1	k141_40525	80906	64.650	529	171	90.6
GU191334.1	k141_40525	80906	88.406	69	8	89.7
GU191334.1	k141_40525	80906	74.815	135	31	89.7
GU191334.1	k141_40525	80906	80.000	85	17	77.9
GU191334.1	k141_40525	80906	65.297	219	32	75.2
GU191334.1	k141_40525	80906	80.247	81	12	69.8
GU191334.1	k141_40525	80906	80.822	73	14	69.8
GU191334.1	k141_40525	80906	71.774	124	35	67.1
GU191334.1	k141_40525	80906	76.744	86	20	66.2
GU191334.1	k141_40525	80906	77.778	72	16	59.0
GU191334.1	k141_40525	80906	77.778	72	16	59.0
GU191334.1	k141_40525	80906	88.636	44	5	58.1
GU191334.1	k141_40525	80906	65.217	230	80	55.4
GU191334.1	k141_40525	80906	79.661	59	12	53.6
GU191334.1	k141_53948	21525	84.957	2679	261	2936
GU191334.1	k141_53948	21525	84.957	2679	261	2936
GU191334.1	k141_53948	21525	87.893	1908	164	2397
GU191334.1	k141_53948	21525	87.893	1908	164	2397
GU191334.1	k141_53948	21525	85.722	1849	192	2102
GU191334.1	k141_53948	21525	85.722	1849	192	2102
GU191334.1	k141_53948	21525	79.406	942	149	811
GU191334.1	k141_53948	21525	79.406	942	149	811
GU191334.1	k141_53948	21525	76.126	666	152	473
GU191334.1	k141_53948	21525	71.756	524	148	279
GU191334.1	k141_53948	21525	73.913	437	111	269
GU191334.1	k141_53948	21525	79.032	310	61	252
GU191334.1	k141_53948	21525	70.690	522	140	251
GU191334.1	k141_53948	21525	77.778	216	48	174
GU191334.1	k141_53948	21525	79.474	190	39	168
GU191334.1	k141_53948	21525	70.391	358	95	138
GU191334.1	k141_53948	21525	95.946	74	3	121
GU191334.1	k141_53948	21525	95.946	74	3	121
GU191334.1	k141_53948	21525	89.286	84	9	112
GU191334.1	k141_53948	21525	90.667	75	7	104
GU191334.1	k141_53948	21525	90.667	75	7	104
GU191334.1	k141_53948	21525	85.526	76	11	88.7
GU191334.1	k141_53948	21525	78.947	95	19	78.8
GU191334.1	k141_53948	21525	86.667	45	6	55.4
GU191334.1	k141_58213	13162	75.594	1725	402	1181
GU191334.1	k141_58213	13162	70.991	1827	493	890
GU191334.1	k141_58213	13162	74.682	1102	271	728
GU191334.1	k141_58213	13162	74.703	1178	268	723
GU191334.1	k141_58213	13162	68.487	641	152	237
GU191334.1	k141_58213	13162	73.244	299	80	179
GU191334.1	k141_58213	13162	82.270	141	25	142
GU191334.1	k141_58213	13162	92.771	83	6	123
GU191334.1	k141_58213	13162	76.364	110	26	82.4
GU191334.1	k141_58213	13162	82.500	40	7	41.9
GU191334.1	k141_56851	3380	73.206	892	200	486
GU191334.1	k141_56851	3380	73.206	892	200	486
GU191334.1	k141_56851	3380	77.224	281	62	212
GU191334.1	k141_56851	3380	77.224	281	62	212
GU191334.1	k141_56851	3380	88.333	60	7	77.9
GU191334.1	k141_56851	3380	88.333	60	7	77.9
GU191334.1	k141_25389	11169	74.011	531	129	326
GU191334.1	k141_25389	11169	74.011	531	129	326
GU191334.1	k141_25389	11169	74.255	470	94	282
GU191334.1	k141_25389	11169	74.255	470	94	282
GU191334.1	k141_25389	11169	64.607	777	200	131
GU191334.1	k141_25389	11169	64.607	777	200	131
GU191334.1	k141_54982	1629	76.606	436	88	322
GU191334.1	k141_115304	1236	68.344	815	215	292
GU191334.1	k141_27245	1628	77.888	303	67	245
GU191334.1	k141_102572	2365	74.933	371	77	238
GU191334.1	k141_102572	2365	100.000	69	0	125
GU191334.1	k141_63369	3241	73.699	365	75	227
GU191334.1	k141_65397	1297	85.263	190	28	217
GU191334.1	k141_36338	611	73.801	271	59	171
GU191334.1	k141_26861	4402	97.297	74	2	125
GU191334.1	k141_12295	1077	91.765	85	7	123
GU191334.1	k141_41531	542	85.263	95	14	109
GU191334.1	k141_41531	542	85.263	95	14	109
GU191334.1	k141_77989	579	75.524	143	35	101
GU191334.1	k141_107718	8312	78.261	115	22	89.7
GU191334.1	k141_107718	8312	78.261	115	22	89.7
GU191334.1	k141_107718	8312	82.812	64	11	67.1
GU191334.1	k141_107718	8312	82.812	64	11	67.1
GU191334.1	k141_52746	554	91.379	58	5	83.3
GU191334.1	k141_52746	554	91.379	58	5	83.3
GU191334.1	k141_90618	1827	84.211	76	10	81.5
GU191334.1	k141_90618	1827	84.211	76	10	81.5
GU191334.1	k141_48173	4150	80.233	86	17	79.7
GU191334.1	k141_63876	6571	66.412	262	86	69.8
GU191334.1	k141_3016	618	95.238	42	2	68.0
GU191334.1	k141_94893	338	84.746	59	9	67.1
GU191334.1	k141_11406	6939	77.778	81	18	66.2
GU191334.1	k141_27911	1997	86.000	50	7	59.9
