MZ962720.1	k141_4275	25965	90.602	7672	456	10550
MZ962720.1	k141_4275	25965	90.602	7672	456	10550
MZ962720.1	k141_4275	25965	90.747	2745	157	3821
MZ962720.1	k141_4275	25965	90.747	2745	157	3821
MZ962720.1	k141_4275	25965	86.716	1754	161	2120
MZ962720.1	k141_4275	25965	86.716	1754	161	2120
MZ962720.1	k141_4275	25965	87.476	1533	146	1896
MZ962720.1	k141_4275	25965	87.476	1533	146	1896
MZ962720.1	k141_4275	25965	79.976	839	71	763
MZ962720.1	k141_4275	25965	89.347	291	27	385
MZ962720.1	k141_4275	25965	89.347	291	27	385
MZ962720.1	k141_4275	25965	89.892	277	27	370
MZ962720.1	k141_4275	25965	89.892	277	27	370
MZ962720.1	k141_4275	25965	79.040	396	58	332
MZ962720.1	k141_4275	25965	79.040	396	58	332
MZ962720.1	k141_4275	25965	89.447	199	20	261
MZ962720.1	k141_4275	25965	89.447	199	20	261
MZ962720.1	k141_4275	25965	73.762	404	57	242
MZ962720.1	k141_4275	25965	73.762	404	57	242
MZ962720.1	k141_4275	25965	87.500	192	24	239
MZ962720.1	k141_4275	25965	87.500	192	24	239
MZ962720.1	k141_4275	25965	87.958	191	22	238
MZ962720.1	k141_4275	25965	74.603	378	76	232
MZ962720.1	k141_4275	25965	74.603	378	76	232
MZ962720.1	k141_4275	25965	77.714	175	23	137
MZ962720.1	k141_4275	25965	77.714	175	23	137
MZ962720.1	k141_4275	25965	81.618	136	18	131
MZ962720.1	k141_4275	25965	81.618	136	18	131
MZ962720.1	k141_4275	25965	85.714	77	7	89.7
MZ962720.1	k141_4275	25965	85.714	77	7	89.7
MZ962720.1	k141_4275	25965	100.000	42	0	77.0
MZ962720.1	k141_4275	25965	100.000	42	0	77.0
MZ962720.1	k141_4275	25965	94.595	37	2	59.0
MZ962720.1	k141_5445	40805	79.105	8428	1504	7163
MZ962720.1	k141_5445	40805	87.926	2874	311	3616
MZ962720.1	k141_5445	40805	90.605	2480	233	3423
MZ962720.1	k141_5445	40805	82.159	2029	319	2044
MZ962720.1	k141_5445	40805	87.480	1246	115	1541
MZ962720.1	k141_5445	40805	85.662	816	104	934
MZ962720.1	k141_5445	40805	79.795	975	185	850
MZ962720.1	k141_5445	40805	67.880	2472	605	806
MZ962720.1	k141_5445	40805	75.000	860	165	591
MZ962720.1	k141_5445	40805	71.503	958	218	462
MZ962720.1	k141_5445	40805	69.627	1126	211	450
MZ962720.1	k141_5445	40805	88.673	309	28	402
MZ962720.1	k141_5445	40805	75.000	524	95	352
MZ962720.1	k141_5445	40805	66.560	1247	249	323
MZ962720.1	k141_5445	40805	76.081	393	61	270
MZ962720.1	k141_5445	40805	84.553	246	33	269
MZ962720.1	k141_5445	40805	76.486	370	63	261
MZ962720.1	k141_5445	40805	83.173	208	26	222
MZ962720.1	k141_5445	40805	83.173	208	26	222
MZ962720.1	k141_5445	40805	70.612	490	84	222
MZ962720.1	k141_5445	40805	80.093	216	34	196
MZ962720.1	k141_5445	40805	80.093	216	34	196
MZ962720.1	k141_5445	40805	86.667	165	20	192
MZ962720.1	k141_5445	40805	86.709	158	21	191
MZ962720.1	k141_5445	40805	77.578	223	20	182
MZ962720.1	k141_5445	40805	77.578	223	20	182
MZ962720.1	k141_5445	40805	72.426	272	22	174
MZ962720.1	k141_5445	40805	80.899	178	29	164
MZ962720.1	k141_5445	40805	75.424	236	42	157
MZ962720.1	k141_5445	40805	75.336	223	38	152
MZ962720.1	k141_5445	40805	98.684	76	1	133
MZ962720.1	k141_5445	40805	97.436	78	2	132
MZ962720.1	k141_5445	40805	93.103	87	6	131
MZ962720.1	k141_5445	40805	77.515	169	30	128
MZ962720.1	k141_5445	40805	92.308	78	5	111
MZ962720.1	k141_5445	40805	81.579	114	16	103
MZ962720.1	k141_5445	40805	88.889	72	8	95.1
MZ962720.1	k141_5445	40805	75.510	147	31	95.1
MZ962720.1	k141_5445	40805	69.484	213	55	92.4
MZ962720.1	k141_5445	40805	81.013	79	15	76.1
MZ962720.1	k141_5445	40805	71.852	135	38	73.4
MZ962720.1	k141_5445	40805	79.245	53	11	47.3
MZ962720.1	k141_5445	40805	79.245	53	11	47.3
MZ962720.1	k141_7258	45334	78.648	5798	842	4741
MZ962720.1	k141_7258	45334	87.707	2481	281	3094
MZ962720.1	k141_7258	45334	79.923	3098	461	2721
MZ962720.1	k141_7258	45334	84.783	1656	222	1842
MZ962720.1	k141_7258	45334	79.834	1805	280	1623
MZ962720.1	k141_7258	45334	78.345	1921	352	1566
MZ962720.1	k141_7258	45334	75.170	2203	336	1445
MZ962720.1	k141_7258	45334	76.140	1601	315	1136
MZ962720.1	k141_7258	45334	83.814	797	103	853
MZ962720.1	k141_7258	45334	80.090	668	124	596
MZ962720.1	k141_7258	45334	70.500	1000	173	494
MZ962720.1	k141_7258	45334	77.620	563	126	448
MZ962720.1	k141_7258	45334	77.620	563	126	448
MZ962720.1	k141_7258	45334	68.652	957	153	380
MZ962720.1	k141_7258	45334	77.664	488	92	378
MZ962720.1	k141_7258	45334	77.455	448	76	344
MZ962720.1	k141_7258	45334	67.276	1094	248	333
MZ962720.1	k141_7258	45334	70.088	565	112	291
MZ962720.1	k141_7258	45334	69.819	719	181	284
MZ962720.1	k141_7258	45334	75.462	379	54	282
MZ962720.1	k141_7258	45334	69.290	648	127	269
MZ962720.1	k141_7258	45334	85.455	220	26	254
MZ962720.1	k141_7258	45334	70.019	537	114	236
MZ962720.1	k141_7258	45334	78.929	280	45	234
MZ962720.1	k141_7258	45334	71.163	430	79	222
MZ962720.1	k141_7258	45334	71.163	430	79	222
MZ962720.1	k141_7258	45334	90.909	154	12	208
MZ962720.1	k141_7258	45334	93.220	118	7	174
MZ962720.1	k141_7258	45334	77.626	219	43	171
MZ962720.1	k141_7258	45334	90.435	115	6	154
MZ962720.1	k141_7258	45334	79.630	162	33	144
MZ962720.1	k141_7258	45334	80.255	157	31	144
MZ962720.1	k141_7258	45334	70.279	323	80	138
MZ962720.1	k141_7258	45334	91.304	92	8	131
MZ962720.1	k141_7258	45334	75.385	195	46	129
MZ962720.1	k141_7258	45334	79.452	146	19	121
MZ962720.1	k141_7258	45334	79.452	146	19	121
MZ962720.1	k141_7258	45334	93.506	77	5	117
MZ962720.1	k141_7258	45334	84.466	103	15	111
MZ962720.1	k141_7258	45334	84.466	103	15	111
MZ962720.1	k141_7258	45334	76.259	139	30	101
MZ962720.1	k141_7258	45334	88.608	79	6	101
MZ962720.1	k141_7258	45334	88.608	79	6	101
MZ962720.1	k141_7258	45334	88.608	79	8	99.6
MZ962720.1	k141_7258	45334	78.761	113	24	96.9
MZ962720.1	k141_7258	45334	78.761	113	24	96.9
MZ962720.1	k141_7258	45334	81.915	94	17	94.2
MZ962720.1	k141_7258	45334	79.592	98	14	88.7
MZ962720.1	k141_7258	45334	79.592	98	14	88.7
MZ962720.1	k141_7258	45334	81.111	90	17	86.9
MZ962720.1	k141_7258	45334	81.111	90	17	86.9
MZ962720.1	k141_7258	45334	81.111	90	17	86.9
MZ962720.1	k141_7258	45334	78.571	98	14	85.1
MZ962720.1	k141_7258	45334	92.857	42	3	63.5
MZ962720.1	k141_7258	45334	92.857	42	3	63.5
MZ962720.1	k141_7258	45334	82.927	41	7	43.7
MZ962720.1	k141_7258	45334	82.927	41	7	43.7
MZ962720.1	k141_15890	18921	78.647	2824	441	2381
MZ962720.1	k141_15890	18921	78.647	2824	441	2381
MZ962720.1	k141_15890	18921	79.110	2001	381	1700
MZ962720.1	k141_15890	18921	75.948	2241	491	1574
MZ962720.1	k141_15890	18921	83.063	1293	190	1335
MZ962720.1	k141_15890	18921	83.063	1293	190	1335
MZ962720.1	k141_15890	18921	76.037	964	208	691
MZ962720.1	k141_15890	18921	82.079	558	100	556
MZ962720.1	k141_15890	18921	82.079	558	100	556
MZ962720.1	k141_15890	18921	81.250	336	61	320
MZ962720.1	k141_15890	18921	86.408	103	13	120
MZ962720.1	k141_15890	18921	90.244	41	4	57.2
MZ962720.1	k141_15890	18921	84.000	50	8	55.4
MZ962720.1	k141_13942	18388	87.775	908	109	1131
MZ962720.1	k141_13942	18388	80.029	701	73	636
MZ962720.1	k141_27964	17534	89.390	754	72	1003
MZ962720.1	k141_27964	17534	97.500	80	2	136
MZ962720.1	k141_27964	17534	97.500	80	2	136
MZ962720.1	k141_27964	17534	83.654	104	12	112
MZ962720.1	k141_10787	27555	89.799	598	61	804
MZ962720.1	k141_10787	27555	92.308	78	6	114
MZ962720.1	k141_10787	27555	82.432	74	13	76.1
MZ962720.1	k141_27052	4586	96.746	338	8	554
MZ962720.1	k141_27052	4586	96.746	338	8	554
MZ962720.1	k141_23949	32341	75.749	701	115	453
MZ962720.1	k141_23949	32341	95.604	91	4	147
MZ962720.1	k141_23949	32341	90.000	80	7	105
MZ962720.1	k141_23949	32341	84.211	76	12	84.2
MZ962720.1	k141_23949	32341	72.535	142	39	81.5
MZ962720.1	k141_23949	32341	67.757	214	67	68.9
MZ962720.1	k141_23949	32341	73.626	91	18	53.6
MZ962720.1	k141_30257	38247	71.526	878	212	415
MZ962720.1	k141_30257	38247	71.526	878	212	415
MZ962720.1	k141_30257	38247	88.525	61	7	79.7
MZ962720.1	k141_30257	38247	88.525	61	7	79.7
MZ962720.1	k141_30257	38247	88.525	61	7	79.7
MZ962720.1	k141_1419	25203	77.866	506	98	403
MZ962720.1	k141_1419	25203	74.805	512	120	333
MZ962720.1	k141_1419	25203	74.805	512	120	333
MZ962720.1	k141_1419	25203	74.310	471	93	280
MZ962720.1	k141_1419	25203	74.310	471	93	280
MZ962720.1	k141_1419	25203	65.310	516	148	107
MZ962720.1	k141_1419	25203	65.310	516	148	107
MZ962720.1	k141_1419	25203	82.474	97	16	96.0
MZ962720.1	k141_1419	25203	82.474	97	16	96.0
MZ962720.1	k141_9793	2457	86.545	275	32	330
MZ962720.1	k141_9793	2457	75.155	322	47	205
MZ962720.1	k141_25035	7985	95.070	142	5	223
MZ962720.1	k141_25035	7985	95.070	142	5	223
MZ962720.1	k141_25035	7985	69.343	137	42	59.0
MZ962720.1	k141_827	732	65.612	727	213	187
MZ962720.1	k141_805	22388	71.261	341	80	159
MZ962720.1	k141_805	22388	71.261	341	80	159
MZ962720.1	k141_805	22388	82.308	130	22	128
MZ962720.1	k141_805	22388	73.034	178	26	112
MZ962720.1	k141_805	22388	88.060	67	8	86.0
MZ962720.1	k141_805	22388	72.464	138	38	78.8
MZ962720.1	k141_805	22388	89.130	46	5	61.7
MZ962720.1	k141_805	22388	70.492	122	36	59.0
MZ962720.1	k141_25138	22941	85.000	140	21	159
MZ962720.1	k141_25138	22941	85.000	140	21	159
MZ962720.1	k141_1028	23197	95.455	88	4	141
MZ962720.1	k141_1028	23197	96.341	82	3	135
MZ962720.1	k141_1028	23197	96.341	82	3	135
MZ962720.1	k141_1028	23197	66.154	195	29	61.7
MZ962720.1	k141_18140	772	85.000	80	12	91.5
MZ962720.1	k141_18140	772	85.000	80	12	91.5
MZ962720.1	k141_31774	681	89.394	66	7	88.7
MZ962720.1	k141_11969	732	89.062	64	7	85.1
MZ962720.1	k141_28097	444	92.857	56	4	84.2
MZ962720.1	k141_28097	444	92.857	56	4	84.2
MZ962720.1	k141_21719	1213	82.353	68	12	69.8
MZ962720.1	k141_4096	247	70.000	140	42	64.4
MZ962720.1	k141_2145	1840	89.130	46	5	61.7
MH569081.1	k141_4275	25965	92.329	4250	226	6177
MH569081.1	k141_4275	25965	92.329	4250	226	6177
MH569081.1	k141_4275	25965	93.254	3009	150	4474
MH569081.1	k141_4275	25965	93.254	3009	150	4474
MH569081.1	k141_4275	25965	91.568	2953	165	4180
MH569081.1	k141_4275	25965	91.568	2953	165	4180
MH569081.1	k141_4275	25965	89.407	2294	131	3035
MH569081.1	k141_4275	25965	89.407	2294	131	3035
MH569081.1	k141_4275	25965	88.206	2230	192	2806
MH569081.1	k141_4275	25965	88.206	2230	192	2806
MH569081.1	k141_4275	25965	82.727	880	133	893
MH569081.1	k141_4275	25965	82.727	880	133	893
MH569081.1	k141_4275	25965	79.430	807	98	692
MH569081.1	k141_4275	25965	79.430	807	98	692
MH569081.1	k141_4275	25965	78.506	870	121	691
MH569081.1	k141_4275	25965	78.506	870	121	691
MH569081.1	k141_4275	25965	77.225	382	31	334
MH569081.1	k141_4275	25965	77.225	382	31	334
MH569081.1	k141_4275	25965	92.147	191	15	278
MH569081.1	k141_4275	25965	92.147	191	15	278
MH569081.1	k141_4275	25965	86.404	228	21	268
MH569081.1	k141_4275	25965	86.404	228	21	268
MH569081.1	k141_4275	25965	80.000	155	20	137
MH569081.1	k141_4275	25965	80.000	155	20	137
MH569081.1	k141_4275	25965	78.431	102	17	81.5
MH569081.1	k141_4275	25965	97.619	42	1	72.5
MH569081.1	k141_4275	25965	97.619	42	1	72.5
MH569081.1	k141_4275	25965	92.308	39	3	58.1
MH569081.1	k141_7258	45334	77.216	7839	1290	5928
MH569081.1	k141_7258	45334	88.069	2481	282	3122
MH569081.1	k141_7258	45334	84.976	1897	277	2135
MH569081.1	k141_7258	45334	86.355	1517	206	1800
MH569081.1	k141_7258	45334	81.148	1846	258	1752
MH569081.1	k141_7258	45334	78.865	1973	357	1647
MH569081.1	k141_7258	45334	77.908	2046	290	1564
MH569081.1	k141_7258	45334	76.899	1606	294	1208
MH569081.1	k141_7258	45334	71.606	1930	375	955
MH569081.1	k141_7258	45334	87.069	696	82	844
MH569081.1	k141_7258	45334	75.051	978	152	657
MH569081.1	k141_7258	45334	81.187	691	126	655
MH569081.1	k141_7258	45334	75.466	1019	173	645
MH569081.1	k141_7258	45334	81.359	633	112	607
MH569081.1	k141_7258	45334	77.963	481	100	387
MH569081.1	k141_7258	45334	83.394	277	43	287
MH569081.1	k141_7258	45334	84.528	265	31	276
MH569081.1	k141_7258	45334	68.040	704	130	224
MH569081.1	k141_7258	45334	77.580	281	63	224
MH569081.1	k141_7258	45334	77.007	274	55	209
MH569081.1	k141_7258	45334	75.083	301	75	205
MH569081.1	k141_7258	45334	85.629	167	23	190
MH569081.1	k141_7258	45334	85.629	167	17	187
MH569081.1	k141_7258	45334	78.222	225	49	186
MH569081.1	k141_7258	45334	73.244	299	71	174
MH569081.1	k141_7258	45334	73.244	299	71	174
MH569081.1	k141_7258	45334	83.544	158	26	168
MH569081.1	k141_7258	45334	76.891	238	36	163
MH569081.1	k141_7258	45334	78.788	165	35	141
MH569081.1	k141_7258	45334	80.597	134	15	131
MH569081.1	k141_7258	45334	91.011	89	8	125
MH569081.1	k141_7258	45334	88.889	90	10	118
MH569081.1	k141_7258	45334	88.462	78	8	97.8
MH569081.1	k141_7258	45334	88.462	78	8	97.8
MH569081.1	k141_7258	45334	95.556	45	2	73.4
MH569081.1	k141_7258	45334	95.556	45	2	73.4
MH569081.1	k141_7258	45334	74.194	62	16	41.0
MH569081.1	k141_7258	45334	77.551	49	11	40.1
MH569081.1	k141_5445	40805	82.869	3841	588	3952
MH569081.1	k141_5445	40805	87.018	3089	346	3754
MH569081.1	k141_5445	40805	88.994	2544	279	3323
MH569081.1	k141_5445	40805	82.167	2030	318	2038
MH569081.1	k141_5445	40805	85.369	1490	147	1697
MH569081.1	k141_5445	40805	80.754	1803	267	1688
MH569081.1	k141_5445	40805	83.408	1555	232	1647
MH569081.1	k141_5445	40805	80.362	1604	301	1463
MH569081.1	k141_5445	40805	73.372	2257	504	1345
MH569081.1	k141_5445	40805	69.207	2283	553	908
MH569081.1	k141_5445	40805	68.048	1255	207	442
MH569081.1	k141_5445	40805	71.718	838	141	426
MH569081.1	k141_5445	40805	88.179	313	32	398
MH569081.1	k141_5445	40805	92.035	226	16	324
MH569081.1	k141_5445	40805	86.239	218	30	259
MH569081.1	k141_5445	40805	77.204	329	57	259
MH569081.1	k141_5445	40805	82.114	246	43	242
MH569081.1	k141_5445	40805	73.458	373	56	225
MH569081.1	k141_5445	40805	82.759	203	31	208
MH569081.1	k141_5445	40805	85.443	158	23	182
MH569081.1	k141_5445	40805	77.434	226	27	178
MH569081.1	k141_5445	40805	77.434	226	27	178
MH569081.1	k141_5445	40805	73.973	292	56	171
MH569081.1	k141_5445	40805	71.885	313	77	160
MH569081.1	k141_5445	40805	77.073	205	22	159
MH569081.1	k141_5445	40805	88.596	114	12	144
MH569081.1	k141_5445	40805	100.000	75	0	136
MH569081.1	k141_5445	40805	91.954	87	5	123
MH569081.1	k141_5445	40805	88.298	94	11	121
MH569081.1	k141_5445	40805	74.713	174	33	108
MH569081.1	k141_5445	40805	70.892	213	52	105
MH569081.1	k141_5445	40805	69.519	187	44	79.7
MH569081.1	k141_5445	40805	92.000	50	4	73.4
MH569081.1	k141_5445	40805	83.607	61	10	66.2
MH569081.1	k141_5445	40805	69.427	157	46	60.8
MH569081.1	k141_5445	40805	88.889	36	4	48.2
MH569081.1	k141_15890	18921	80.825	2133	373	1982
MH569081.1	k141_15890	18921	81.143	1994	329	1890
MH569081.1	k141_15890	18921	76.093	2334	481	1655
MH569081.1	k141_15890	18921	80.803	1245	206	1176
MH569081.1	k141_15890	18921	77.662	1155	215	869
MH569081.1	k141_15890	18921	79.346	581	115	494
MH569081.1	k141_15890	18921	83.938	386	59	416
MH569081.1	k141_15890	18921	76.287	544	95	395
MH569081.1	k141_15890	18921	86.916	107	13	127
MH569081.1	k141_15890	18921	86.916	107	13	127
MH569081.1	k141_15890	18921	95.122	41	2	66.2
MH569081.1	k141_15890	18921	95.122	41	2	66.2
MH569081.1	k141_15890	18921	90.244	41	4	57.2
MH569081.1	k141_13942	18388	88.098	899	105	1132
MH569081.1	k141_13942	18388	79.462	706	90	620
MH569081.1	k141_27964	17534	89.655	754	70	1012
MH569081.1	k141_27964	17534	95.238	84	4	134
MH569081.1	k141_27964	17534	95.238	84	4	134
MH569081.1	k141_27964	17534	77.885	104	18	85.1
MH569081.1	k141_10787	27555	86.384	683	88	800
MH569081.1	k141_10787	27555	94.521	73	4	114
MH569081.1	k141_10787	27555	80.000	70	14	64.4
MH569081.1	k141_27052	4586	95.770	331	14	535
MH569081.1	k141_27052	4586	95.770	331	14	535
MH569081.1	k141_23949	32341	76.361	753	126	517
MH569081.1	k141_23949	32341	95.294	85	4	136
MH569081.1	k141_23949	32341	88.095	84	10	107
MH569081.1	k141_23949	32341	87.179	78	9	93.3
MH569081.1	k141_23949	32341	70.149	201	52	82.4
MH569081.1	k141_23949	32341	80.000	70	14	64.4
MH569081.1	k141_30257	38247	72.101	871	212	441
MH569081.1	k141_30257	38247	72.101	871	212	441
MH569081.1	k141_30257	38247	90.164	61	6	84.2
MH569081.1	k141_30257	38247	90.164	61	6	84.2
MH569081.1	k141_30257	38247	85.185	54	8	62.6
MH569081.1	k141_30257	38247	80.488	41	8	39.2
MH569081.1	k141_1419	25203	78.017	464	91	374
MH569081.1	k141_1419	25203	74.219	512	123	319
MH569081.1	k141_1419	25203	74.219	512	123	319
MH569081.1	k141_1419	25203	74.732	467	97	285
MH569081.1	k141_1419	25203	74.732	467	97	285
MH569081.1	k141_1419	25203	75.481	208	49	139
MH569081.1	k141_1419	25203	75.481	208	49	139
MH569081.1	k141_1419	25203	80.412	97	19	90.6
MH569081.1	k141_1419	25203	80.412	97	19	90.6
MH569081.1	k141_1419	25203	71.338	157	40	72.5
MH569081.1	k141_1419	25203	71.338	157	40	72.5
MH569081.1	k141_9793	2457	84.727	275	37	307
MH569081.1	k141_9793	2457	72.558	430	76	228
MH569081.1	k141_25035	7985	97.143	140	4	235
MH569081.1	k141_25035	7985	97.143	140	4	235
MH569081.1	k141_25035	7985	71.429	140	34	69.8
MH569081.1	k141_827	732	73.098	368	93	214
MH569081.1	k141_827	732	70.312	128	38	60.8
MH569081.1	k141_25138	22941	91.429	140	12	199
MH569081.1	k141_25138	22941	91.429	140	12	199
MH569081.1	k141_805	22388	76.329	207	27	155
MH569081.1	k141_805	22388	75.362	138	34	96.9
MH569081.1	k141_805	22388	91.304	46	4	66.2
MH569081.1	k141_805	22388	70.312	128	38	60.8
MH569081.1	k141_1028	23197	84.672	137	18	151
MH569081.1	k141_1028	23197	97.561	82	2	140
MH569081.1	k141_1028	23197	97.561	82	2	140
MH569081.1	k141_21719	1213	88.235	68	8	87.8
MH569081.1	k141_31774	681	87.879	66	8	84.2
MH569081.1	k141_11969	732	87.097	62	8	77.0
MH569081.1	k141_28097	444	89.286	56	6	75.2
MH569081.1	k141_30068	945	83.824	68	11	74.3
MH569081.1	k141_30068	945	83.824	68	11	74.3
MH569081.1	k141_2145	1840	93.478	46	3	70.7
MH569081.1	k141_18140	772	87.037	54	7	67.1
MH569081.1	k141_18140	772	87.037	54	7	67.1
MH569081.1	k141_7575	340	97.297	37	1	63.5
MH569081.1	k141_7575	340	97.297	37	1	63.5
MH569081.1	k141_4096	247	70.229	131	39	61.7
MH569081.1	k141_4126	1091	88.095	42	5	54.5
NC_033978.1	k141_5445	40805	88.904	12960	1133	16894
NC_033978.1	k141_5445	40805	91.888	3353	217	4785
NC_033978.1	k141_5445	40805	85.271	4155	385	4678
NC_033978.1	k141_5445	40805	90.877	1995	172	2782
NC_033978.1	k141_5445	40805	79.021	3165	511	2636
NC_033978.1	k141_5445	40805	86.100	1741	145	2056
NC_033978.1	k141_5445	40805	80.598	1371	172	1237
NC_033978.1	k141_5445	40805	81.791	1005	101	972
NC_033978.1	k141_5445	40805	72.468	1649	227	902
NC_033978.1	k141_5445	40805	76.650	1015	137	722
NC_033978.1	k141_5445	40805	78.037	815	102	652
NC_033978.1	k141_5445	40805	73.812	989	129	621
NC_033978.1	k141_5445	40805	84.322	472	30	513
NC_033978.1	k141_5445	40805	83.266	496	40	501
NC_033978.1	k141_5445	40805	72.989	659	91	389
NC_033978.1	k141_5445	40805	72.796	658	114	362
NC_033978.1	k141_5445	40805	77.918	317	52	246
NC_033978.1	k141_5445	40805	70.599	568	112	236
NC_033978.1	k141_5445	40805	89.362	141	8	185
NC_033978.1	k141_5445	40805	89.362	141	8	185
NC_033978.1	k141_5445	40805	74.468	282	57	180
NC_033978.1	k141_5445	40805	74.380	242	40	150
NC_033978.1	k141_5445	40805	75.758	165	40	118
NC_033978.1	k141_5445	40805	67.241	232	72	62.6
NC_033978.1	k141_4275	25965	95.869	9732	288	15751
NC_033978.1	k141_4275	25965	95.869	9732	288	15751
NC_033978.1	k141_4275	25965	95.702	8726	206	14018
NC_033978.1	k141_4275	25965	95.702	8726	206	14018
NC_033978.1	k141_4275	25965	94.990	5469	157	8625
NC_033978.1	k141_4275	25965	94.990	5469	157	8625
NC_033978.1	k141_4275	25965	93.659	1640	58	2486
NC_033978.1	k141_4275	25965	93.659	1640	58	2486
NC_033978.1	k141_4275	25965	91.743	218	11	315
NC_033978.1	k141_4275	25965	91.743	218	11	315
NC_033978.1	k141_4275	25965	100.000	39	0	71.6
NC_033978.1	k141_4275	25965	92.857	42	3	63.5
NC_033978.1	k141_4275	25965	87.500	56	5	63.5
NC_033978.1	k141_4275	25965	87.500	56	5	63.5
NC_033978.1	k141_4275	25965	84.211	38	6	42.8
NC_033978.1	k141_15890	18921	80.895	15289	2006	14467
NC_033978.1	k141_15890	18921	84.132	2546	318	2772
NC_033978.1	k141_15890	18921	81.017	295	35	286
NC_033978.1	k141_15890	18921	75.061	409	77	256
NC_033978.1	k141_15890	18921	90.323	124	6	171
NC_033978.1	k141_15890	18921	90.323	124	6	171
NC_033978.1	k141_15890	18921	97.561	41	1	70.7
NC_033978.1	k141_15890	18921	95.000	40	2	64.4
NC_033978.1	k141_15890	18921	95.000	40	2	64.4
NC_033978.1	k141_7258	45334	81.506	12328	1263	11888
NC_033978.1	k141_7258	45334	88.323	5164	380	6552
NC_033978.1	k141_7258	45334	88.528	4489	367	5736
NC_033978.1	k141_7258	45334	85.184	4846	493	5494
NC_033978.1	k141_7258	45334	82.202	4332	480	4347
NC_033978.1	k141_7258	45334	86.192	2035	200	2423
NC_033978.1	k141_7258	45334	84.387	1550	205	1702
NC_033978.1	k141_7258	45334	79.545	1760	199	1571
NC_033978.1	k141_7258	45334	82.736	1367	157	1379
NC_033978.1	k141_7258	45334	84.615	1183	139	1285
NC_033978.1	k141_7258	45334	86.564	1042	84	1227
NC_033978.1	k141_7258	45334	84.199	924	97	999
NC_033978.1	k141_7258	45334	74.465	1214	176	746
NC_033978.1	k141_7258	45334	76.236	728	117	503
NC_033978.1	k141_7258	45334	80.172	232	27	202
NC_033978.1	k141_7258	45334	88.158	152	8	189
NC_033978.1	k141_7258	45334	78.182	165	36	136
NC_033978.1	k141_7258	45334	75.168	149	22	103
NC_033978.1	k141_7258	45334	83.516	91	8	95.1
NC_033978.1	k141_7258	45334	97.619	42	1	72.5
NC_033978.1	k141_7258	45334	97.619	42	1	72.5
NC_033978.1	k141_7258	45334	97.500	40	1	68.9
NC_033978.1	k141_7258	45334	87.179	39	5	49.1
NC_033978.1	k141_7258	45334	79.592	49	10	44.6
NC_033978.1	k141_7258	45334	74.194	62	16	41.0
NC_033978.1	k141_13942	18388	94.714	908	46	1415
NC_033978.1	k141_13942	18388	87.322	702	40	869
NC_033978.1	k141_10787	27555	83.590	1170	125	1238
NC_033978.1	k141_10787	27555	93.671	79	5	121
NC_033978.1	k141_27964	17534	93.907	755	38	1158
NC_033978.1	k141_27964	17534	98.795	83	1	146
NC_033978.1	k141_27964	17534	98.795	83	1	146
NC_033978.1	k141_27964	17534	86.916	107	9	131
NC_033978.1	k141_23949	32341	85.472	826	80	922
NC_033978.1	k141_23949	32341	85.075	201	21	227
NC_033978.1	k141_23949	32341	89.349	169	12	225
NC_033978.1	k141_23949	32341	93.750	80	4	119
NC_033978.1	k141_23949	32341	69.869	229	61	92.4
NC_033978.1	k141_23949	32341	75.758	66	16	48.2
NC_033978.1	k141_1419	25203	85.580	638	61	737
NC_033978.1	k141_1419	25203	75.244	513	116	345
NC_033978.1	k141_1419	25203	75.244	513	116	345
NC_033978.1	k141_1419	25203	74.946	467	95	286
NC_033978.1	k141_1419	25203	74.946	467	95	286
NC_033978.1	k141_1419	25203	66.023	518	143	122
NC_033978.1	k141_1419	25203	66.023	518	143	122
NC_033978.1	k141_27052	4586	95.252	337	16	536
NC_033978.1	k141_27052	4586	95.252	337	16	536
NC_033978.1	k141_30257	38247	72.706	872	205	453
NC_033978.1	k141_30257	38247	72.706	872	205	453
NC_033978.1	k141_30257	38247	78.292	281	59	225
NC_033978.1	k141_30257	38247	78.292	281	59	225
NC_033978.1	k141_30257	38247	86.885	61	8	75.2
NC_033978.1	k141_30257	38247	86.885	61	8	75.2
NC_033978.1	k141_30257	38247	78.723	47	10	41.0
NC_033978.1	k141_9793	2457	85.570	395	42	447
NC_033978.1	k141_9793	2457	74.741	483	56	327
NC_033978.1	k141_9793	2457	84.146	82	13	90.6
NC_033978.1	k141_9793	2457	84.146	82	13	90.6
NC_033978.1	k141_805	22388	84.000	375	38	386
NC_033978.1	k141_805	22388	72.007	568	76	311
NC_033978.1	k141_805	22388	90.000	130	12	173
NC_033978.1	k141_805	22388	73.913	138	36	87.8
NC_033978.1	k141_805	22388	89.130	46	5	61.7
NC_033978.1	k141_805	22388	76.623	77	18	59.0
NC_033978.1	k141_14486	12794	88.235	238	27	300
NC_033978.1	k141_14486	12794	95.506	89	4	143
NC_033978.1	k141_14486	12794	95.506	89	4	143
NC_033978.1	k141_25035	7985	100.000	140	0	253
NC_033978.1	k141_25035	7985	100.000	140	0	253
NC_033978.1	k141_25035	7985	70.000	140	36	60.8
NC_033978.1	k141_25138	22941	95.000	140	7	222
NC_033978.1	k141_25138	22941	95.000	140	7	222
NC_033978.1	k141_827	732	66.284	697	192	201
NC_033978.1	k141_1028	23197	97.561	82	2	140
NC_033978.1	k141_1028	23197	86.087	115	8	139
NC_033978.1	k141_28889	401	71.769	294	54	138
NC_033978.1	k141_28889	401	71.769	294	54	138
NC_033978.1	k141_24704	513	87.611	113	13	138
NC_033978.1	k141_24704	513	87.611	113	13	138
NC_033978.1	k141_18140	772	88.608	79	9	103
NC_033978.1	k141_18140	772	88.608	79	9	103
NC_033978.1	k141_31774	681	95.238	63	3	101
NC_033978.1	k141_11969	732	92.188	64	5	94.2
NC_033978.1	k141_28097	444	94.643	56	3	88.7
NC_033978.1	k141_30068	945	88.235	68	8	87.8
NC_033978.1	k141_30068	945	88.235	68	8	87.8
NC_033978.1	k141_13931	1322	92.857	56	4	84.2
NC_033978.1	k141_21719	1213	86.765	68	9	83.3
NC_033978.1	k141_15496	443	92.727	55	4	82.4
NC_033978.1	k141_15496	443	92.727	55	4	82.4
NC_033978.1	k141_29590	558	92.727	55	4	82.4
NC_033978.1	k141_29590	558	92.727	55	4	82.4
NC_033978.1	k141_2145	1840	92.000	50	4	73.4
NC_033978.1	k141_7575	340	97.500	40	1	68.9
NC_033978.1	k141_7575	340	97.500	40	1	68.9
NC_033978.1	k141_18753	23283	87.037	54	7	67.1
NC_033978.1	k141_1858	10326	93.023	43	3	65.3
NC_033978.1	k141_4096	247	71.429	119	34	62.6
NC_033978.1	k141_13160	1401	87.755	49	6	62.6
NC_033978.1	k141_13160	1401	87.755	49	6	62.6
NC_033978.1	k141_23563	836	89.474	38	4	51.8
NC_033978.1	k141_23563	836	89.474	38	4	51.8
NC_033978.1	k141_440	363	82.927	41	7	43.7
NC_033978.1	k141_18008	406	80.952	42	8	41.0
NC_033978.1	k141_18008	406	80.952	42	8	41.0
MW006668.1	k141_4275	25965	94.292	8181	296	12600
MW006668.1	k141_4275	25965	94.292	8181	296	12600
MW006668.1	k141_4275	25965	92.239	4458	295	6441
MW006668.1	k141_4275	25965	75.400	2065	277	1435
MW006668.1	k141_4275	25965	76.667	1380	174	1036
MW006668.1	k141_4275	25965	87.446	693	56	873
MW006668.1	k141_4275	25965	89.162	489	51	636
MW006668.1	k141_4275	25965	77.653	801	122	631
MW006668.1	k141_4275	25965	88.608	474	39	608
MW006668.1	k141_4275	25965	88.608	474	39	608
MW006668.1	k141_4275	25965	74.958	599	68	443
MW006668.1	k141_4275	25965	88.849	278	23	361
MW006668.1	k141_4275	25965	88.849	278	23	361
MW006668.1	k141_4275	25965	78.607	402	58	336
MW006668.1	k141_4275	25965	87.330	221	16	275
MW006668.1	k141_4275	25965	85.135	148	13	168
MW006668.1	k141_4275	25965	85.135	148	13	168
MW006668.1	k141_4275	25965	84.397	141	13	155
MW006668.1	k141_4275	25965	66.015	409	100	124
MW006668.1	k141_4275	25965	66.015	409	100	124
MW006668.1	k141_4275	25965	83.810	105	13	113
MW006668.1	k141_4275	25965	63.289	523	134	96.0
MW006668.1	k141_4275	25965	71.098	173	38	94.2
MW006668.1	k141_4275	25965	71.098	173	38	94.2
MW006668.1	k141_4275	25965	71.098	173	38	94.2
MW006668.1	k141_4275	25965	71.098	173	38	94.2
MW006668.1	k141_4275	25965	70.857	175	38	89.7
MW006668.1	k141_4275	25965	65.299	536	131	88.7
MW006668.1	k141_4275	25965	65.299	536	131	88.7
MW006668.1	k141_4275	25965	74.590	122	19	87.8
MW006668.1	k141_4275	25965	74.590	122	19	87.8
MW006668.1	k141_4275	25965	64.925	536	133	84.2
MW006668.1	k141_4275	25965	64.925	536	133	84.2
MW006668.1	k141_4275	25965	64.925	536	133	83.3
MW006668.1	k141_4275	25965	64.925	536	133	83.3
MW006668.1	k141_4275	25965	100.000	42	0	77.0
MW006668.1	k141_4275	25965	100.000	42	0	77.0
MW006668.1	k141_4275	25965	64.673	535	136	76.1
MW006668.1	k141_4275	25965	64.673	535	136	76.1
MW006668.1	k141_4275	25965	64.673	535	136	76.1
MW006668.1	k141_4275	25965	64.673	535	136	76.1
MW006668.1	k141_4275	25965	67.686	229	57	73.4
MW006668.1	k141_4275	25965	67.686	229	57	73.4
MW006668.1	k141_4275	25965	85.965	57	8	68.0
MW006668.1	k141_4275	25965	85.965	57	8	68.0
MW006668.1	k141_4275	25965	92.857	42	3	63.5
MW006668.1	k141_4275	25965	86.275	51	7	61.7
MW006668.1	k141_4275	25965	75.000	76	19	52.7
MW006668.1	k141_4275	25965	75.000	76	19	52.7
MW006668.1	k141_4275	25965	75.000	76	19	52.7
MW006668.1	k141_4275	25965	75.000	76	19	52.7
MW006668.1	k141_4275	25965	85.714	42	6	50.0
MW006668.1	k141_4275	25965	72.619	84	23	49.1
MW006668.1	k141_4275	25965	72.619	84	23	49.1
MW006668.1	k141_4275	25965	84.211	38	6	42.8
MW006668.1	k141_5445	40805	83.278	9359	1333	9789
MW006668.1	k141_5445	40805	85.633	3870	389	4430
MW006668.1	k141_5445	40805	87.995	3382	382	4255
MW006668.1	k141_5445	40805	90.136	3082	255	4174
MW006668.1	k141_5445	40805	76.819	3339	540	2505
MW006668.1	k141_5445	40805	86.287	2020	258	2398
MW006668.1	k141_5445	40805	88.620	949	68	1243
MW006668.1	k141_5445	40805	88.620	949	68	1243
MW006668.1	k141_5445	40805	76.853	1309	190	939
MW006668.1	k141_5445	40805	74.962	1310	181	882
MW006668.1	k141_5445	40805	74.962	1310	181	882
MW006668.1	k141_5445	40805	75.378	727	98	492
MW006668.1	k141_5445	40805	74.776	670	87	458
MW006668.1	k141_5445	40805	86.226	363	38	414
MW006668.1	k141_5445	40805	81.643	414	52	399
MW006668.1	k141_5445	40805	78.969	485	60	390
MW006668.1	k141_5445	40805	67.940	864	132	351
MW006668.1	k141_5445	40805	68.163	735	142	233
MW006668.1	k141_5445	40805	89.873	158	16	214
MW006668.1	k141_5445	40805	72.293	314	36	189
MW006668.1	k141_5445	40805	79.464	224	37	178
MW006668.1	k141_5445	40805	87.313	134	14	155
MW006668.1	k141_5445	40805	87.705	122	14	150
MW006668.1	k141_5445	40805	77.273	220	33	147
MW006668.1	k141_5445	40805	98.667	75	1	132
MW006668.1	k141_5445	40805	96.154	78	3	128
MW006668.1	k141_5445	40805	96.154	78	3	128
MW006668.1	k141_5445	40805	93.421	76	5	115
MW006668.1	k141_5445	40805	75.152	165	41	113
MW006668.1	k141_5445	40805	72.527	182	35	90.6
MW006668.1	k141_5445	40805	69.634	191	56	77.0
MW006668.1	k141_7258	45334	84.200	4652	530	5090
MW006668.1	k141_7258	45334	81.823	3928	461	3823
MW006668.1	k141_7258	45334	91.719	2560	195	3650
MW006668.1	k141_7258	45334	88.333	1860	192	2359
MW006668.1	k141_7258	45334	82.873	2207	279	2262
MW006668.1	k141_7258	45334	81.724	2320	304	2232
MW006668.1	k141_7258	45334	85.054	1927	264	2163
MW006668.1	k141_7258	45334	76.531	2906	431	2118
MW006668.1	k141_7258	45334	78.545	1869	300	1573
MW006668.1	k141_7258	45334	76.556	1992	304	1459
MW006668.1	k141_7258	45334	78.641	1545	220	1304
MW006668.1	k141_7258	45334	72.125	2400	423	1223
MW006668.1	k141_7258	45334	76.830	1325	203	965
MW006668.1	k141_7258	45334	75.262	1241	177	841
MW006668.1	k141_7258	45334	73.172	1409	239	805
MW006668.1	k141_7258	45334	82.879	771	92	769
MW006668.1	k141_7258	45334	75.808	897	135	673
MW006668.1	k141_7258	45334	75.781	768	118	563
MW006668.1	k141_7258	45334	77.899	552	86	443
MW006668.1	k141_7258	45334	77.899	552	86	443
MW006668.1	k141_7258	45334	78.754	353	48	288
MW006668.1	k141_7258	45334	78.754	353	48	288
MW006668.1	k141_7258	45334	80.000	230	24	192
MW006668.1	k141_7258	45334	90.698	129	12	179
MW006668.1	k141_7258	45334	85.606	132	19	153
MW006668.1	k141_7258	45334	85.606	132	19	153
MW006668.1	k141_7258	45334	73.568	227	58	137
MW006668.1	k141_7258	45334	78.808	151	32	129
MW006668.1	k141_7258	45334	74.706	170	43	113
MW006668.1	k141_7258	45334	86.420	81	11	97.8
MW006668.1	k141_7258	45334	93.878	49	3	76.1
MW006668.1	k141_7258	45334	93.878	49	3	76.1
MW006668.1	k141_7258	45334	97.619	42	1	72.5
MW006668.1	k141_7258	45334	81.667	60	11	59.9
MW006668.1	k141_7258	45334	82.759	58	9	57.2
MW006668.1	k141_7258	45334	75.806	62	15	45.5
MW006668.1	k141_7258	45334	79.592	49	10	44.6
MW006668.1	k141_15890	18921	82.804	4821	661	4897
MW006668.1	k141_15890	18921	82.804	4821	661	4897
MW006668.1	k141_15890	18921	81.687	4565	593	4467
MW006668.1	k141_15890	18921	81.687	4565	593	4467
MW006668.1	k141_15890	18921	79.016	2316	437	1958
MW006668.1	k141_15890	18921	82.353	238	33	226
MW006668.1	k141_15890	18921	82.353	238	33	226
MW006668.1	k141_15890	18921	97.561	41	1	70.7
MW006668.1	k141_15890	18921	95.000	40	2	64.4
MW006668.1	k141_13942	18388	93.008	901	61	1334
MW006668.1	k141_13942	18388	81.716	711	73	712
MW006668.1	k141_27964	17534	92.706	754	47	1115
MW006668.1	k141_27964	17534	96.386	83	3	137
MW006668.1	k141_27964	17534	96.386	83	3	137
MW006668.1	k141_27964	17534	85.849	106	10	124
MW006668.1	k141_10787	27555	80.809	1063	159	957
MW006668.1	k141_10787	27555	93.671	79	5	121
MW006668.1	k141_23949	32341	82.808	762	97	752
MW006668.1	k141_23949	32341	84.416	154	13	171
MW006668.1	k141_23949	32341	75.000	220	29	164
MW006668.1	k141_23949	32341	92.500	80	5	114
MW006668.1	k141_23949	32341	68.500	200	57	74.3
MW006668.1	k141_23949	32341	75.806	62	15	45.5
MW006668.1	k141_1419	25203	81.086	608	92	577
MW006668.1	k141_1419	25203	74.659	513	119	332
MW006668.1	k141_1419	25203	74.659	513	119	332
MW006668.1	k141_1419	25203	74.304	467	104	271
MW006668.1	k141_1419	25203	74.304	467	104	271
MW006668.1	k141_1419	25203	65.058	518	143	99.6
MW006668.1	k141_1419	25203	65.058	518	143	99.6
MW006668.1	k141_1419	25203	75.556	135	31	93.3
MW006668.1	k141_1419	25203	75.556	135	31	93.3
MW006668.1	k141_27052	4586	97.033	337	10	563
MW006668.1	k141_27052	4586	97.033	337	10	563
MW006668.1	k141_9793	2457	84.810	395	42	432
MW006668.1	k141_9793	2457	86.528	193	26	232
MW006668.1	k141_9793	2457	82.547	212	30	205
MW006668.1	k141_30257	38247	71.821	873	212	425
MW006668.1	k141_30257	38247	71.821	873	212	425
MW006668.1	k141_30257	38247	78.292	281	59	225
MW006668.1	k141_30257	38247	78.292	281	59	225
MW006668.1	k141_30257	38247	85.246	61	9	70.7
MW006668.1	k141_30257	38247	85.246	61	9	70.7
MW006668.1	k141_25035	7985	97.143	140	4	235
MW006668.1	k141_25035	7985	97.143	140	4	235
MW006668.1	k141_25035	7985	69.286	140	37	56.3
MW006668.1	k141_25138	22941	91.429	140	12	199
MW006668.1	k141_805	22388	75.769	260	26	196
MW006668.1	k141_805	22388	87.786	131	15	161
MW006668.1	k141_805	22388	73.188	138	37	83.3
MW006668.1	k141_805	22388	78.049	82	18	68.0
MW006668.1	k141_805	22388	94.872	39	2	62.6
MW006668.1	k141_827	732	65.718	703	196	182
MW006668.1	k141_14486	12794	82.022	178	31	174
MW006668.1	k141_14486	12794	82.022	178	31	174
MW006668.1	k141_14486	12794	81.935	155	27	150
MW006668.1	k141_1028	23197	91.429	105	6	148
MW006668.1	k141_1028	23197	94.937	79	4	125
MW006668.1	k141_1028	23197	94.937	79	4	125
MW006668.1	k141_31774	681	89.552	67	7	90.6
MW006668.1	k141_18140	772	83.951	81	11	86.0
MW006668.1	k141_11969	732	89.062	64	7	85.1
MW006668.1	k141_28097	444	90.909	55	5	77.9
MW006668.1	k141_28097	444	90.909	55	5	77.9
MW006668.1	k141_15496	443	90.196	51	5	70.7
MW006668.1	k141_29590	558	90.196	51	5	70.7
MW006668.1	k141_4096	247	78.049	82	18	68.0
MW006668.1	k141_2145	1840	89.796	49	5	67.1
MW006668.1	k141_3065	345	88.235	51	6	66.2
MW006668.1	k141_27131	324	93.023	43	3	65.3
MW006668.1	k141_23563	836	89.474	38	4	51.8
MW006668.1	k141_23563	836	89.474	38	4	51.8
MW006668.1	k141_18008	406	83.721	43	7	47.3
MW006668.1	k141_22071	731	79.167	48	10	42.8
MW006668.1	k141_22071	731	79.167	48	10	42.8
MW006668.1	k141_22071	731	79.167	48	10	42.8
MW006668.1	k141_9607	469	82.500	40	7	41.9
MW006668.1	k141_9607	469	82.500	40	7	41.9
MW435436.1	k141_4275	25965	94.137	10046	402	15482
MW435436.1	k141_4275	25965	94.137	10046	402	15482
MW435436.1	k141_4275	25965	94.464	9646	286	15018
MW435436.1	k141_4275	25965	94.464	9646	286	15018
MW435436.1	k141_4275	25965	95.797	2879	88	4636
MW435436.1	k141_4275	25965	95.797	2879	88	4636
MW435436.1	k141_4275	25965	90.805	1664	77	2299
MW435436.1	k141_4275	25965	90.805	1664	77	2299
MW435436.1	k141_4275	25965	95.985	1345	46	2172
MW435436.1	k141_4275	25965	95.985	1345	46	2172
MW435436.1	k141_4275	25965	92.202	218	10	319
MW435436.1	k141_4275	25965	92.202	218	10	319
MW435436.1	k141_4275	25965	81.818	165	24	159
MW435436.1	k141_4275	25965	81.818	165	24	159
MW435436.1	k141_4275	25965	95.238	42	2	68.0
MW435436.1	k141_4275	25965	92.308	39	3	58.1
MW435436.1	k141_5445	40805	86.469	10960	1238	13075
MW435436.1	k141_5445	40805	90.337	3353	254	4564
MW435436.1	k141_5445	40805	86.263	3902	393	4547
MW435436.1	k141_5445	40805	82.208	4176	561	4107
MW435436.1	k141_5445	40805	88.836	2105	216	2714
MW435436.1	k141_5445	40805	85.377	2031	251	2312
MW435436.1	k141_5445	40805	76.396	1254	185	888
MW435436.1	k141_5445	40805	69.631	1979	336	869
MW435436.1	k141_5445	40805	71.014	1035	132	563
MW435436.1	k141_5445	40805	74.765	745	108	488
MW435436.1	k141_5445	40805	71.064	902	133	471
MW435436.1	k141_5445	40805	81.410	468	49	428
MW435436.1	k141_5445	40805	71.827	646	107	314
MW435436.1	k141_5445	40805	69.060	766	120	279
MW435436.1	k141_5445	40805	95.200	125	6	199
MW435436.1	k141_5445	40805	95.200	125	6	199
MW435436.1	k141_5445	40805	96.203	79	3	130
MW435436.1	k141_5445	40805	71.542	253	46	120
MW435436.1	k141_5445	40805	75.758	165	40	118
MW435436.1	k141_5445	40805	95.652	46	1	71.6
MW435436.1	k141_5445	40805	74.419	86	22	57.2
MW435436.1	k141_7258	45334	82.330	10266	1162	10360
MW435436.1	k141_7258	45334	86.478	4526	437	5363
MW435436.1	k141_7258	45334	92.390	2536	154	3721
MW435436.1	k141_7258	45334	77.908	3594	491	2819
MW435436.1	k141_7258	45334	79.126	2951	414	2498
MW435436.1	k141_7258	45334	87.351	2008	211	2475
MW435436.1	k141_7258	45334	82.381	2134	220	2114
MW435436.1	k141_7258	45334	79.651	1833	280	1578
MW435436.1	k141_7258	45334	76.680	1934	276	1406
MW435436.1	k141_7258	45334	82.546	1398	157	1401
MW435436.1	k141_7258	45334	84.983	1192	111	1333
MW435436.1	k141_7258	45334	77.141	1658	220	1277
MW435436.1	k141_7258	45334	79.370	1396	217	1158
MW435436.1	k141_7258	45334	81.731	1040	106	1014
MW435436.1	k141_7258	45334	76.837	898	147	643
MW435436.1	k141_7258	45334	86.600	500	50	602
MW435436.1	k141_7258	45334	86.600	500	50	602
MW435436.1	k141_7258	45334	70.016	1274	209	516
MW435436.1	k141_7258	45334	82.633	357	59	363
MW435436.1	k141_7258	45334	93.125	160	11	240
MW435436.1	k141_7258	45334	86.508	126	17	151
MW435436.1	k141_7258	45334	97.619	42	1	72.5
MW435436.1	k141_7258	45334	97.619	42	1	72.5
MW435436.1	k141_7258	45334	92.857	42	3	63.5
MW435436.1	k141_7258	45334	72.857	70	19	41.9
MW435436.1	k141_15890	18921	79.709	11463	1566	10195
MW435436.1	k141_15890	18921	84.044	2275	323	2467
MW435436.1	k141_15890	18921	83.948	2006	282	2167
MW435436.1	k141_15890	18921	74.932	2581	520	1718
MW435436.1	k141_15890	18921	77.027	740	128	580
MW435436.1	k141_15890	18921	77.027	740	128	580
MW435436.1	k141_15890	18921	80.000	130	14	120
MW435436.1	k141_15890	18921	80.000	130	14	120
MW435436.1	k141_15890	18921	95.122	41	2	66.2
MW435436.1	k141_15890	18921	95.000	40	2	64.4
MW435436.1	k141_15890	18921	95.000	40	2	64.4
MW435436.1	k141_13942	18388	92.841	908	63	1338
MW435436.1	k141_13942	18388	84.706	680	46	779
MW435436.1	k141_27964	17534	92.573	754	48	1111
MW435436.1	k141_27964	17534	97.590	83	2	141
MW435436.1	k141_27964	17534	97.590	83	2	141
MW435436.1	k141_27964	17534	88.000	100	7	127
MW435436.1	k141_10787	27555	82.899	1035	131	1052
MW435436.1	k141_10787	27555	92.405	79	6	116
MW435436.1	k141_23949	32341	81.395	817	93	783
MW435436.1	k141_23949	32341	87.574	169	15	203
MW435436.1	k141_23949	32341	75.000	224	22	169
MW435436.1	k141_23949	32341	91.250	80	6	110
MW435436.1	k141_23949	32341	67.686	229	66	69.8
MW435436.1	k141_23949	32341	73.034	89	24	53.6
MW435436.1	k141_23949	32341	73.034	89	24	53.6
MW435436.1	k141_23949	32341	75.806	62	15	45.5
MW435436.1	k141_1419	25203	82.085	614	80	612
MW435436.1	k141_1419	25203	75.244	513	116	345
MW435436.1	k141_1419	25203	75.244	513	116	345
MW435436.1	k141_1419	25203	74.310	471	91	282
MW435436.1	k141_1419	25203	74.310	471	91	282
MW435436.1	k141_1419	25203	66.023	518	143	122
MW435436.1	k141_1419	25203	66.023	518	143	122
MW435436.1	k141_1419	25203	75.556	135	31	93.3
MW435436.1	k141_1419	25203	75.556	135	31	93.3
MW435436.1	k141_27052	4586	97.033	337	10	563
MW435436.1	k141_27052	4586	97.033	337	10	563
MW435436.1	k141_30257	38247	72.457	875	202	442
MW435436.1	k141_30257	38247	72.457	875	202	442
MW435436.1	k141_30257	38247	77.936	281	60	221
MW435436.1	k141_30257	38247	77.936	281	60	221
MW435436.1	k141_30257	38247	86.885	61	8	75.2
MW435436.1	k141_30257	38247	86.885	61	8	75.2
MW435436.1	k141_9793	2457	84.987	393	47	432
MW435436.1	k141_9793	2457	83.673	196	22	201
MW435436.1	k141_9793	2457	82.716	162	19	152
MW435436.1	k141_9793	2457	84.146	82	13	90.6
MW435436.1	k141_9793	2457	84.146	82	13	90.6
MW435436.1	k141_805	22388	83.110	373	43	371
MW435436.1	k141_805	22388	91.538	130	10	182
MW435436.1	k141_805	22388	89.076	119	5	159
MW435436.1	k141_805	22388	76.259	139	33	103
MW435436.1	k141_805	22388	93.478	46	3	70.7
MW435436.1	k141_805	22388	91.304	46	4	66.2
MW435436.1	k141_805	22388	74.026	77	20	50.0
MW435436.1	k141_14486	12794	86.087	230	27	262
MW435436.1	k141_14486	12794	92.135	89	7	130
MW435436.1	k141_14486	12794	92.135	89	7	130
MW435436.1	k141_25035	7985	98.571	140	2	244
MW435436.1	k141_25035	7985	98.571	140	2	244
MW435436.1	k141_25035	7985	67.143	140	40	42.8
MW435436.1	k141_25138	22941	94.286	140	8	217
MW435436.1	k141_25138	22941	94.286	140	8	217
MW435436.1	k141_827	732	66.762	698	187	205
MW435436.1	k141_1028	23197	87.611	113	8	142
MW435436.1	k141_1028	23197	95.000	80	4	127
MW435436.1	k141_1028	23197	73.404	94	11	61.7
MW435436.1	k141_28889	401	71.284	296	52	141
MW435436.1	k141_28889	401	71.284	296	52	141
MW435436.1	k141_24704	513	90.526	95	8	128
MW435436.1	k141_24704	513	90.526	95	8	128
MW435436.1	k141_18140	772	89.333	75	8	100
MW435436.1	k141_18140	772	89.333	75	8	100
MW435436.1	k141_11969	732	93.750	64	4	98.7
MW435436.1	k141_31774	681	92.424	66	5	97.8
MW435436.1	k141_15496	443	98.039	51	1	88.7
MW435436.1	k141_15496	443	98.039	51	1	88.7
MW435436.1	k141_29590	558	98.039	51	1	88.7
MW435436.1	k141_29590	558	98.039	51	1	88.7
MW435436.1	k141_3065	345	96.078	51	2	84.2
MW435436.1	k141_3065	345	96.078	51	2	84.2
MW435436.1	k141_1858	10326	86.765	68	9	83.3
MW435436.1	k141_2145	1840	94.000	50	3	77.9
MW435436.1	k141_27131	324	97.727	44	1	76.1
MW435436.1	k141_27131	324	97.727	44	1	76.1
MW435436.1	k141_28097	444	89.286	56	6	75.2
MW435436.1	k141_21719	1213	83.824	68	11	74.3
MW435436.1	k141_7575	340	97.500	40	1	68.9
MW435436.1	k141_7575	340	97.500	40	1	68.9
MW435436.1	k141_7575	340	95.238	42	2	68.0
MW435436.1	k141_13160	1401	85.714	49	7	58.1
MW435436.1	k141_13160	1401	85.714	49	7	58.1
MW435436.1	k141_30627	449	88.372	43	4	52.7
MW435436.1	k141_30627	449	88.372	43	4	52.7
MW435436.1	k141_23563	836	89.474	38	4	51.8
MW435436.1	k141_23563	836	89.474	38	4	51.8
MW435436.1	k141_4096	247	74.026	77	20	50.0
MW435436.1	k141_18008	406	80.952	42	8	41.0
MW435436.1	k141_18008	406	80.952	42	8	41.0
NC_037882.1	k141_5445	40805	86.421	13035	1366	15518
NC_037882.1	k141_5445	40805	88.128	3681	291	4652
NC_037882.1	k141_5445	40805	92.553	3075	208	4515
NC_037882.1	k141_5445	40805	81.608	4116	579	3959
NC_037882.1	k141_5445	40805	88.465	2046	218	2629
NC_037882.1	k141_5445	40805	77.980	1317	174	1024
NC_037882.1	k141_5445	40805	80.480	958	128	835
NC_037882.1	k141_5445	40805	74.850	835	128	562
NC_037882.1	k141_5445	40805	75.401	748	102	522
NC_037882.1	k141_5445	40805	74.201	814	120	490
NC_037882.1	k141_5445	40805	91.525	295	22	418
NC_037882.1	k141_5445	40805	80.851	470	51	415
NC_037882.1	k141_5445	40805	68.822	696	123	272
NC_037882.1	k141_5445	40805	72.727	462	81	252
NC_037882.1	k141_5445	40805	87.975	158	19	200
NC_037882.1	k141_5445	40805	86.207	174	14	197
NC_037882.1	k141_5445	40805	98.148	108	2	187
NC_037882.1	k141_5445	40805	98.148	108	2	187
NC_037882.1	k141_5445	40805	94.949	99	5	157
NC_037882.1	k141_5445	40805	100.000	79	0	143
NC_037882.1	k141_5445	40805	70.751	253	43	124
NC_037882.1	k141_5445	40805	94.872	78	4	123
NC_037882.1	k141_5445	40805	79.365	126	26	111
NC_037882.1	k141_5445	40805	79.570	93	17	80.6
NC_037882.1	k141_4275	25965	94.096	9723	258	14980
NC_037882.1	k141_4275	25965	94.096	9723	258	14980
NC_037882.1	k141_4275	25965	94.216	8299	333	12850
NC_037882.1	k141_4275	25965	94.216	8299	333	12850
NC_037882.1	k141_4275	25965	95.407	4746	116	7570
NC_037882.1	k141_4275	25965	95.407	4746	116	7570
NC_037882.1	k141_4275	25965	90.012	1652	76	2249
NC_037882.1	k141_4275	25965	90.012	1652	76	2249
NC_037882.1	k141_4275	25965	97.634	465	11	790
NC_037882.1	k141_4275	25965	97.634	465	11	790
NC_037882.1	k141_4275	25965	97.619	42	1	72.5
NC_037882.1	k141_4275	25965	94.872	39	2	62.6
NC_037882.1	k141_4275	25965	86.842	38	5	47.3
NC_037882.1	k141_4275	25965	84.211	38	6	42.8
NC_037882.1	k141_7258	45334	83.668	10317	1168	10930
NC_037882.1	k141_7258	45334	86.055	5407	485	6306
NC_037882.1	k141_7258	45334	86.664	4514	438	5426
NC_037882.1	k141_7258	45334	78.836	4451	564	3680
NC_037882.1	k141_7258	45334	79.312	2818	355	2425
NC_037882.1	k141_7258	45334	87.282	1950	202	2391
NC_037882.1	k141_7258	45334	76.555	2572	335	1991
NC_037882.1	k141_7258	45334	82.530	1660	234	1697
NC_037882.1	k141_7258	45334	78.978	1370	203	1114
NC_037882.1	k141_7258	45334	84.524	924	71	1051
NC_037882.1	k141_7258	45334	82.192	1022	98	995
NC_037882.1	k141_7258	45334	84.881	840	107	930
NC_037882.1	k141_7258	45334	76.549	1194	176	855
NC_037882.1	k141_7258	45334	74.416	1071	162	645
NC_037882.1	k141_7258	45334	89.352	432	44	570
NC_037882.1	k141_7258	45334	77.303	304	47	217
NC_037882.1	k141_7258	45334	90.826	109	10	152
NC_037882.1	k141_7258	45334	90.741	108	8	148
NC_037882.1	k141_7258	45334	75.152	165	41	113
NC_037882.1	k141_7258	45334	95.238	42	2	68.0
NC_037882.1	k141_7258	45334	95.238	42	2	68.0
NC_037882.1	k141_7258	45334	95.238	42	2	68.0
NC_037882.1	k141_7258	45334	80.519	77	10	68.0
NC_037882.1	k141_7258	45334	86.538	52	7	63.5
NC_037882.1	k141_7258	45334	79.592	49	10	44.6
NC_037882.1	k141_15890	18921	79.987	6216	786	5681
NC_037882.1	k141_15890	18921	81.595	3711	528	3587
NC_037882.1	k141_15890	18921	81.476	2521	367	2433
NC_037882.1	k141_15890	18921	70.813	4848	1088	2334
NC_037882.1	k141_15890	18921	80.128	312	41	285
NC_037882.1	k141_15890	18921	79.668	241	37	207
NC_037882.1	k141_15890	18921	81.452	124	11	123
NC_037882.1	k141_15890	18921	81.452	124	11	123
NC_037882.1	k141_15890	18921	97.561	41	1	70.7
NC_037882.1	k141_15890	18921	92.500	40	3	59.9
NC_037882.1	k141_15890	18921	92.500	40	3	59.9
NC_037882.1	k141_13942	18388	93.392	908	58	1361
NC_037882.1	k141_13942	18388	86.080	704	45	840
NC_037882.1	k141_27964	17534	92.573	754	48	1111
NC_037882.1	k141_27964	17534	96.386	83	3	137
NC_037882.1	k141_27964	17534	96.386	83	3	137
NC_037882.1	k141_27964	17534	86.916	107	9	131
NC_037882.1	k141_10787	27555	89.516	744	62	996
NC_037882.1	k141_10787	27555	91.139	79	7	112
NC_037882.1	k141_23949	32341	80.657	822	93	731
NC_037882.1	k141_23949	32341	86.842	152	14	186
NC_037882.1	k141_23949	32341	76.995	213	27	166
NC_037882.1	k141_23949	32341	92.500	80	5	114
NC_037882.1	k141_23949	32341	75.000	120	30	82.4
NC_037882.1	k141_23949	32341	67.544	228	68	75.2
NC_037882.1	k141_23949	32341	75.806	62	15	45.5
NC_037882.1	k141_1419	25203	84.491	619	78	687
NC_037882.1	k141_1419	25203	75.049	513	117	341
NC_037882.1	k141_1419	25203	75.049	513	117	341
NC_037882.1	k141_1419	25203	74.098	471	92	278
NC_037882.1	k141_1419	25203	74.098	471	92	278
NC_037882.1	k141_1419	25203	66.023	518	143	122
NC_037882.1	k141_1419	25203	66.023	518	143	122
NC_037882.1	k141_1419	25203	75.556	135	31	93.3
NC_037882.1	k141_1419	25203	75.556	135	31	93.3
NC_037882.1	k141_27052	4586	97.033	337	10	563
NC_037882.1	k141_27052	4586	97.033	337	10	563
NC_037882.1	k141_30257	38247	72.592	872	206	449
NC_037882.1	k141_30257	38247	72.592	872	206	449
NC_037882.1	k141_30257	38247	77.936	281	60	221
NC_037882.1	k141_30257	38247	77.936	281	60	221
NC_037882.1	k141_30257	38247	86.885	61	8	75.2
NC_037882.1	k141_30257	38247	86.885	61	8	75.2
NC_037882.1	k141_30257	38247	88.889	54	6	71.6
NC_037882.1	k141_9793	2457	85.974	385	40	446
NC_037882.1	k141_9793	2457	82.273	220	28	214
NC_037882.1	k141_9793	2457	89.375	160	17	213
NC_037882.1	k141_9793	2457	84.146	82	13	90.6
NC_037882.1	k141_9793	2457	84.146	82	13	90.6
NC_037882.1	k141_805	22388	81.297	401	49	364
NC_037882.1	k141_805	22388	70.185	379	43	193
NC_037882.1	k141_805	22388	89.552	134	13	176
NC_037882.1	k141_805	22388	73.188	138	37	83.3
NC_037882.1	k141_805	22388	91.304	46	4	66.2
NC_037882.1	k141_805	22388	74.026	77	20	50.0
NC_037882.1	k141_14486	12794	86.864	236	30	283
NC_037882.1	k141_14486	12794	96.629	89	3	148
NC_037882.1	k141_14486	12794	96.629	89	3	148
NC_037882.1	k141_25035	7985	99.286	140	1	249
NC_037882.1	k141_25035	7985	99.286	140	1	249
NC_037882.1	k141_25035	7985	69.286	140	37	56.3
NC_037882.1	k141_25138	22941	93.985	133	8	205
NC_037882.1	k141_25138	22941	93.985	133	8	205
NC_037882.1	k141_827	732	68.254	567	160	185
NC_037882.1	k141_827	732	74.026	77	20	50.0
NC_037882.1	k141_24704	513	88.496	113	12	142
NC_037882.1	k141_24704	513	88.496	113	12	142
NC_037882.1	k141_28889	401	70.946	296	53	141
NC_037882.1	k141_28889	401	70.946	296	53	141
NC_037882.1	k141_1028	23197	98.750	80	1	141
NC_037882.1	k141_1028	23197	97.500	80	2	136
NC_037882.1	k141_18140	772	88.608	79	9	103
NC_037882.1	k141_18140	772	88.608	79	9	103
NC_037882.1	k141_31774	681	92.424	66	5	97.8
NC_037882.1	k141_11969	732	92.188	64	5	94.2
NC_037882.1	k141_21719	1213	89.706	68	7	92.4
NC_037882.1	k141_28097	444	94.643	56	3	88.7
NC_037882.1	k141_15496	443	94.545	55	3	86.9
NC_037882.1	k141_15496	443	94.545	55	3	86.9
NC_037882.1	k141_29590	558	94.545	55	3	86.9
NC_037882.1	k141_29590	558	94.545	55	3	86.9
NC_037882.1	k141_3065	345	92.727	55	4	82.4
NC_037882.1	k141_3065	345	92.727	55	4	82.4
NC_037882.1	k141_24581	423	78.947	95	19	78.8
NC_037882.1	k141_13931	1322	92.453	53	4	78.8
NC_037882.1	k141_2145	1840	93.878	49	3	76.1
NC_037882.1	k141_27131	324	95.455	44	2	71.6
NC_037882.1	k141_27131	324	95.455	44	2	71.6
NC_037882.1	k141_13160	1401	87.755	49	6	62.6
NC_037882.1	k141_13160	1401	87.755	49	6	62.6
NC_037882.1	k141_4096	247	69.748	119	36	53.6
NC_037882.1	k141_23563	836	89.474	38	4	51.8
NC_037882.1	k141_23563	836	89.474	38	4	51.8
NC_037882.1	k141_18008	406	80.952	42	8	41.0
NC_037882.1	k141_18008	406	80.952	42	8	41.0
NC_056190.1	k141_5445	40805	84.587	12775	1647	14141
NC_056190.1	k141_5445	40805	91.182	3062	251	4296
NC_056190.1	k141_5445	40805	85.960	3668	370	4262
NC_056190.1	k141_5445	40805	78.015	4021	643	3195
NC_056190.1	k141_5445	40805	87.729	2021	228	2532
NC_056190.1	k141_5445	40805	77.104	1105	179	807
NC_056190.1	k141_5445	40805	73.000	1300	210	714
NC_056190.1	k141_5445	40805	73.431	749	128	428
NC_056190.1	k141_5445	40805	81.264	443	65	415
NC_056190.1	k141_5445	40805	86.080	352	43	411
NC_056190.1	k141_5445	40805	76.850	419	60	321
NC_056190.1	k141_5445	40805	86.885	244	28	296
NC_056190.1	k141_5445	40805	79.480	346	41	296
NC_056190.1	k141_5445	40805	87.113	194	14	234
NC_056190.1	k141_5445	40805	88.608	158	18	205
NC_056190.1	k141_5445	40805	74.667	300	55	196
NC_056190.1	k141_5445	40805	68.522	575	122	180
NC_056190.1	k141_5445	40805	91.935	124	9	176
NC_056190.1	k141_5445	40805	91.935	124	9	176
NC_056190.1	k141_5445	40805	93.636	110	6	164
NC_056190.1	k141_5445	40805	94.737	95	5	150
NC_056190.1	k141_5445	40805	98.734	79	1	139
NC_056190.1	k141_5445	40805	94.937	79	4	125
NC_056190.1	k141_5445	40805	75.152	165	41	113
NC_056190.1	k141_5445	40805	79.381	97	13	74.3
NC_056190.1	k141_4275	25965	93.327	9321	456	14029
NC_056190.1	k141_4275	25965	93.327	9321	456	14029
NC_056190.1	k141_4275	25965	94.791	8466	260	13240
NC_056190.1	k141_4275	25965	94.791	8466	260	13240
NC_056190.1	k141_4275	25965	94.238	4443	151	6868
NC_056190.1	k141_4275	25965	94.238	4443	151	6868
NC_056190.1	k141_4275	25965	89.948	1353	81	1832
NC_056190.1	k141_4275	25965	89.948	1353	81	1832
NC_056190.1	k141_4275	25965	83.154	1116	70	1205
NC_056190.1	k141_4275	25965	83.154	1116	70	1205
NC_056190.1	k141_4275	25965	84.345	626	37	693
NC_056190.1	k141_4275	25965	84.345	626	37	693
NC_056190.1	k141_4275	25965	97.619	42	1	72.5
NC_056190.1	k141_4275	25965	97.619	42	1	72.5
NC_056190.1	k141_4275	25965	97.561	41	1	70.7
NC_056190.1	k141_4275	25965	92.308	39	3	58.1
NC_056190.1	k141_4275	25965	86.842	38	5	47.3
NC_056190.1	k141_7258	45334	83.339	5684	685	5880
NC_056190.1	k141_7258	45334	81.665	5225	654	5022
NC_056190.1	k141_7258	45334	80.534	5019	719	4623
NC_056190.1	k141_7258	45334	91.943	2532	193	3639
NC_056190.1	k141_7258	45334	76.250	4240	595	3091
NC_056190.1	k141_7258	45334	85.466	1899	249	2160
NC_056190.1	k141_7258	45334	81.017	2144	253	2009
NC_056190.1	k141_7258	45334	81.506	1541	238	1488
NC_056190.1	k141_7258	45334	79.782	1469	188	1287
NC_056190.1	k141_7258	45334	75.591	1524	216	1077
NC_056190.1	k141_7258	45334	75.808	1455	207	1060
NC_056190.1	k141_7258	45334	77.064	1417	241	995
NC_056190.1	k141_7258	45334	77.287	1246	202	937
NC_056190.1	k141_7258	45334	75.328	1066	175	700
NC_056190.1	k141_7258	45334	76.657	664	100	477
NC_056190.1	k141_7258	45334	82.353	442	59	454
NC_056190.1	k141_7258	45334	80.702	342	66	320
NC_056190.1	k141_7258	45334	77.650	349	56	262
NC_056190.1	k141_7258	45334	78.800	250	36	201
NC_056190.1	k141_7258	45334	81.622	185	15	189
NC_056190.1	k141_7258	45334	78.788	165	35	141
NC_056190.1	k141_7258	45334	95.238	42	2	68.0
NC_056190.1	k141_7258	45334	95.238	42	2	68.0
NC_056190.1	k141_7258	45334	95.238	42	2	68.0
NC_056190.1	k141_7258	45334	81.818	77	6	61.7
NC_056190.1	k141_7258	45334	86.957	46	6	57.2
NC_056190.1	k141_7258	45334	79.592	49	10	44.6
NC_056190.1	k141_7258	45334	74.194	62	16	41.0
NC_056190.1	k141_15890	18921	78.422	2864	459	2365
NC_056190.1	k141_15890	18921	77.522	2300	367	1795
NC_056190.1	k141_15890	18921	69.017	4638	1132	1792
NC_056190.1	k141_15890	18921	80.156	1285	213	1134
NC_056190.1	k141_15890	18921	84.282	738	92	794
NC_056190.1	k141_15890	18921	79.710	276	35	251
NC_056190.1	k141_15890	18921	79.263	217	35	180
NC_056190.1	k141_15890	18921	67.504	557	147	179
NC_056190.1	k141_15890	18921	84.298	121	19	133
NC_056190.1	k141_15890	18921	75.000	156	31	96.0
NC_056190.1	k141_15890	18921	95.122	41	2	66.2
NC_056190.1	k141_15890	18921	94.737	38	2	60.8
NC_056190.1	k141_15890	18921	94.737	38	2	60.8
NC_056190.1	k141_13942	18388	92.009	901	70	1294
NC_056190.1	k141_13942	18388	84.572	713	56	799
NC_056190.1	k141_27964	17534	92.971	754	45	1124
NC_056190.1	k141_27964	17534	95.181	83	4	132
NC_056190.1	k141_27964	17534	95.181	83	4	132
NC_056190.1	k141_27964	17534	86.538	104	9	125
NC_056190.1	k141_10787	27555	80.915	1006	148	935
NC_056190.1	k141_10787	27555	93.590	78	5	119
NC_056190.1	k141_23949	32341	76.850	838	120	609
NC_056190.1	k141_23949	32341	85.235	149	16	167
NC_056190.1	k141_23949	32341	73.991	223	27	156
NC_056190.1	k141_23949	32341	93.750	80	4	119
NC_056190.1	k141_23949	32341	67.524	311	89	99.6
NC_056190.1	k141_23949	32341	75.806	62	15	45.5
NC_056190.1	k141_27052	4586	97.929	338	6	575
NC_056190.1	k141_27052	4586	97.929	338	6	575
NC_056190.1	k141_1419	25203	78.003	641	91	539
NC_056190.1	k141_1419	25203	75.049	513	117	341
NC_056190.1	k141_1419	25203	75.049	513	117	341
NC_056190.1	k141_1419	25203	74.310	471	91	282
NC_056190.1	k141_1419	25203	74.310	471	91	282
NC_056190.1	k141_1419	25203	65.458	524	142	115
NC_056190.1	k141_1419	25203	65.458	524	142	115
NC_056190.1	k141_1419	25203	80.412	97	19	90.6
NC_056190.1	k141_1419	25203	80.412	97	19	90.6
NC_056190.1	k141_30257	38247	72.697	890	209	460
NC_056190.1	k141_30257	38247	72.697	890	209	460
NC_056190.1	k141_30257	38247	77.580	281	61	216
NC_056190.1	k141_30257	38247	77.580	281	61	216
NC_056190.1	k141_30257	38247	86.885	61	8	75.2
NC_056190.1	k141_30257	38247	86.885	61	8	75.2
NC_056190.1	k141_30257	38247	88.889	54	6	71.6
NC_056190.1	k141_9793	2457	84.866	337	35	379
NC_056190.1	k141_9793	2457	84.456	193	28	206
NC_056190.1	k141_9793	2457	79.487	234	40	191
NC_056190.1	k141_9793	2457	79.167	72	15	63.5
NC_056190.1	k141_9793	2457	79.167	72	15	63.5
NC_056190.1	k141_805	22388	79.625	373	50	309
NC_056190.1	k141_805	22388	79.500	200	14	187
NC_056190.1	k141_805	22388	86.567	134	17	158
NC_056190.1	k141_805	22388	74.638	138	35	92.4
NC_056190.1	k141_805	22388	94.000	50	3	77.9
NC_056190.1	k141_805	22388	78.049	82	18	68.0
NC_056190.1	k141_805	22388	91.304	46	4	66.2
NC_056190.1	k141_25035	7985	99.286	140	1	249
NC_056190.1	k141_25035	7985	99.286	140	1	249
NC_056190.1	k141_25035	7985	69.343	137	42	59.0
NC_056190.1	k141_14486	12794	83.051	236	39	242
NC_056190.1	k141_827	732	66.997	706	182	206
NC_056190.1	k141_25138	22941	92.481	133	10	196
NC_056190.1	k141_25138	22941	92.481	133	10	196
NC_056190.1	k141_1028	23197	86.441	118	12	141
NC_056190.1	k141_1028	23197	97.531	81	2	138
NC_056190.1	k141_24704	513	86.726	113	14	133
NC_056190.1	k141_24704	513	86.726	113	14	133
NC_056190.1	k141_28889	401	69.257	296	58	118
NC_056190.1	k141_28889	401	69.257	296	58	118
NC_056190.1	k141_18140	772	88.608	79	9	103
NC_056190.1	k141_18140	772	88.608	79	9	103
NC_056190.1	k141_28097	444	96.429	56	2	93.3
NC_056190.1	k141_31774	681	87.879	66	8	84.2
NC_056190.1	k141_3065	345	92.157	51	4	75.2
NC_056190.1	k141_3065	345	92.157	51	4	75.2
NC_056190.1	k141_4096	247	73.554	121	32	75.2
NC_056190.1	k141_15496	443	92.157	51	4	75.2
NC_056190.1	k141_15496	443	92.157	51	4	75.2
NC_056190.1	k141_29590	558	92.157	51	4	75.2
NC_056190.1	k141_29590	558	92.157	51	4	75.2
NC_056190.1	k141_27131	324	95.455	44	2	71.6
NC_056190.1	k141_27131	324	95.455	44	2	71.6
NC_056190.1	k141_11969	732	84.375	64	10	71.6
NC_056190.1	k141_7575	340	97.500	40	1	68.9
NC_056190.1	k141_7575	340	97.500	40	1	68.9
NC_056190.1	k141_13160	1401	87.755	49	6	62.6
NC_056190.1	k141_13160	1401	87.755	49	6	62.6
NC_056190.1	k141_23563	836	92.105	38	3	56.3
NC_056190.1	k141_23563	836	92.105	38	3	56.3
NC_056190.1	k141_30627	449	86.047	43	6	51.8
NC_056190.1	k141_30627	449	86.047	43	6	51.8
NC_056190.1	k141_18008	406	80.952	42	8	41.0
NC_056190.1	k141_18008	406	80.952	42	8	41.0
MN564931.1	k141_5445	40805	84.918	12863	1578	14430
MN564931.1	k141_5445	40805	89.320	3324	276	4394
MN564931.1	k141_5445	40805	85.554	3648	359	4197
MN564931.1	k141_5445	40805	79.333	4171	649	3576
MN564931.1	k141_5445	40805	87.146	2015	238	2472
MN564931.1	k141_5445	40805	76.682	1308	191	921
MN564931.1	k141_5445	40805	77.764	832	131	657
MN564931.1	k141_5445	40805	72.612	869	113	495
MN564931.1	k141_5445	40805	73.022	771	137	454
MN564931.1	k141_5445	40805	76.417	547	83	393
MN564931.1	k141_5445	40805	79.753	405	37	361
MN564931.1	k141_5445	40805	70.554	686	86	360
MN564931.1	k141_5445	40805	74.487	439	69	268
MN564931.1	k141_5445	40805	87.342	158	20	196
MN564931.1	k141_5445	40805	94.118	119	7	184
MN564931.1	k141_5445	40805	94.118	119	7	184
MN564931.1	k141_5445	40805	97.872	94	2	161
MN564931.1	k141_5445	40805	66.667	570	170	145
MN564931.1	k141_5445	40805	86.508	126	10	144
MN564931.1	k141_5445	40805	98.734	79	1	139
MN564931.1	k141_5445	40805	88.660	97	10	123
MN564931.1	k141_5445	40805	71.318	129	37	67.1
MN564931.1	k141_5445	40805	86.667	45	6	55.4
MN564931.1	k141_4275	25965	94.552	8553	304	13281
MN564931.1	k141_4275	25965	94.552	8553	304	13281
MN564931.1	k141_4275	25965	95.592	4446	141	7121
MN564931.1	k141_4275	25965	95.592	4446	141	7121
MN564931.1	k141_4275	25965	87.481	3898	329	4874
MN564931.1	k141_4275	25965	87.481	3898	329	4874
MN564931.1	k141_4275	25965	93.370	2187	81	3299
MN564931.1	k141_4275	25965	93.370	2187	81	3299
MN564931.1	k141_4275	25965	83.343	1687	132	1816
MN564931.1	k141_4275	25965	83.343	1687	132	1816
MN564931.1	k141_4275	25965	86.081	1207	99	1460
MN564931.1	k141_4275	25965	86.081	1207	99	1460
MN564931.1	k141_4275	25965	86.612	1098	67	1332
MN564931.1	k141_4275	25965	86.612	1098	67	1332
MN564931.1	k141_4275	25965	88.028	710	43	904
MN564931.1	k141_4275	25965	88.028	710	43	904
MN564931.1	k141_4275	25965	86.486	518	43	617
MN564931.1	k141_4275	25965	86.486	518	43	617
MN564931.1	k141_4275	25965	86.066	488	47	580
MN564931.1	k141_4275	25965	86.066	488	47	580
MN564931.1	k141_4275	25965	79.598	348	35	318
MN564931.1	k141_4275	25965	79.598	348	35	318
MN564931.1	k141_4275	25965	100.000	42	0	77.0
MN564931.1	k141_4275	25965	92.857	42	3	63.5
MN564931.1	k141_4275	25965	84.211	38	6	42.8
MN564931.1	k141_7258	45334	79.794	12452	1755	10911
MN564931.1	k141_7258	45334	84.228	4508	494	4949
MN564931.1	k141_7258	45334	92.389	2470	181	3600
MN564931.1	k141_7258	45334	74.439	3564	574	2219
MN564931.1	k141_7258	45334	85.981	1876	243	2180
MN564931.1	k141_7258	45334	81.270	2237	305	2127
MN564931.1	k141_7258	45334	79.156	2394	320	2000
MN564931.1	k141_7258	45334	85.362	1134	107	1301
MN564931.1	k141_7258	45334	77.448	1552	262	1247
MN564931.1	k141_7258	45334	79.419	1171	177	985
MN564931.1	k141_7258	45334	81.096	931	118	884
MN564931.1	k141_7258	45334	86.050	724	78	849
MN564931.1	k141_7258	45334	78.758	1031	123	842
MN564931.1	k141_7258	45334	76.721	915	137	637
MN564931.1	k141_7258	45334	71.658	1182	205	595
MN564931.1	k141_7258	45334	77.397	438	71	315
MN564931.1	k141_7258	45334	85.039	254	20	299
MN564931.1	k141_7258	45334	86.017	236	29	272
MN564931.1	k141_7258	45334	85.632	174	23	195
MN564931.1	k141_7258	45334	79.130	230	36	192
MN564931.1	k141_7258	45334	91.667	108	8	151
MN564931.1	k141_7258	45334	75.758	165	40	118
MN564931.1	k141_7258	45334	97.619	42	1	72.5
MN564931.1	k141_7258	45334	97.619	42	1	72.5
MN564931.1	k141_7258	45334	97.619	42	1	72.5
MN564931.1	k141_7258	45334	82.979	47	8	50.0
MN564931.1	k141_7258	45334	79.592	49	10	44.6
MN564931.1	k141_15890	18921	80.940	5042	708	4705
MN564931.1	k141_15890	18921	79.413	2861	421	2512
MN564931.1	k141_15890	18921	81.519	2251	373	2169
MN564931.1	k141_15890	18921	80.976	1230	184	1159
MN564931.1	k141_15890	18921	76.923	715	121	536
MN564931.1	k141_15890	18921	76.923	715	121	536
MN564931.1	k141_15890	18921	69.852	1078	240	466
MN564931.1	k141_15890	18921	69.852	1078	240	466
MN564931.1	k141_15890	18921	78.758	306	44	251
MN564931.1	k141_15890	18921	79.817	218	44	196
MN564931.1	k141_15890	18921	79.817	218	44	196
MN564931.1	k141_15890	18921	66.667	621	149	190
MN564931.1	k141_15890	18921	66.667	621	149	190
MN564931.1	k141_15890	18921	74.884	215	45	144
MN564931.1	k141_15890	18921	74.884	215	45	144
MN564931.1	k141_15890	18921	65.306	441	96	113
MN564931.1	k141_15890	18921	65.306	441	96	113
MN564931.1	k141_15890	18921	64.087	646	159	104
MN564931.1	k141_15890	18921	64.087	646	159	104
MN564931.1	k141_15890	18921	97.561	41	1	70.7
MN564931.1	k141_15890	18921	95.000	40	2	64.4
MN564931.1	k141_15890	18921	95.000	40	2	64.4
MN564931.1	k141_15890	18921	85.714	49	7	58.1
MN564931.1	k141_13942	18388	92.342	901	67	1307
MN564931.1	k141_13942	18388	84.470	689	59	773
MN564931.1	k141_13942	18388	81.633	49	9	49.1
MN564931.1	k141_27964	17534	92.440	754	49	1106
MN564931.1	k141_27964	17534	97.619	84	2	143
MN564931.1	k141_27964	17534	97.619	84	2	143
MN564931.1	k141_27964	17534	86.538	104	9	125
MN564931.1	k141_10787	27555	88.596	684	67	870
MN564931.1	k141_10787	27555	94.521	73	4	114
MN564931.1	k141_23949	32341	77.612	804	107	624
MN564931.1	k141_23949	32341	73.568	227	23	155
MN564931.1	k141_23949	32341	88.525	122	8	154
MN564931.1	k141_23949	32341	93.750	80	4	119
MN564931.1	k141_23949	32341	69.124	217	59	79.7
MN564931.1	k141_23949	32341	75.806	62	15	45.5
MN564931.1	k141_27052	4586	97.329	337	9	568
MN564931.1	k141_27052	4586	97.329	337	9	568
MN564931.1	k141_1419	25203	80.496	605	79	559
MN564931.1	k141_1419	25203	74.464	513	120	327
MN564931.1	k141_1419	25203	74.464	513	120	327
MN564931.1	k141_1419	25203	74.946	467	95	281
MN564931.1	k141_1419	25203	74.946	467	95	281
MN564931.1	k141_1419	25203	66.023	518	143	122
MN564931.1	k141_1419	25203	66.023	518	143	122
MN564931.1	k141_1419	25203	75.556	135	31	93.3
MN564931.1	k141_1419	25203	75.556	135	31	93.3
MN564931.1	k141_30257	38247	72.821	872	204	458
MN564931.1	k141_30257	38247	72.821	872	204	458
MN564931.1	k141_30257	38247	77.936	281	60	221
MN564931.1	k141_30257	38247	77.936	281	60	221
MN564931.1	k141_30257	38247	86.885	61	8	75.2
MN564931.1	k141_30257	38247	86.885	61	8	75.2
MN564931.1	k141_30257	38247	88.889	54	6	71.6
MN564931.1	k141_9793	2457	87.156	327	36	398
MN564931.1	k141_9793	2457	95.902	122	5	198
MN564931.1	k141_9793	2457	74.545	220	40	137
MN564931.1	k141_9793	2457	81.944	72	13	72.5
MN564931.1	k141_9793	2457	81.944	72	13	72.5
MN564931.1	k141_805	22388	80.800	375	52	334
MN564931.1	k141_805	22388	72.346	358	38	210
MN564931.1	k141_805	22388	86.923	130	16	155
MN564931.1	k141_805	22388	75.362	138	34	96.9
MN564931.1	k141_805	22388	77.922	77	17	63.5
MN564931.1	k141_25035	7985	99.286	140	1	249
MN564931.1	k141_25035	7985	99.286	140	1	249
MN564931.1	k141_25035	7985	69.286	140	37	56.3
MN564931.1	k141_14486	12794	83.761	234	37	248
MN564931.1	k141_14486	12794	91.011	89	8	125
MN564931.1	k141_14486	12794	91.011	89	8	125
MN564931.1	k141_827	732	66.715	694	194	217
MN564931.1	k141_25138	22941	92.857	140	10	208
MN564931.1	k141_25138	22941	92.857	140	10	208
MN564931.1	k141_1028	23197	76.617	201	28	150
MN564931.1	k141_1028	23197	97.500	80	2	136
MN564931.1	k141_18140	772	88.608	79	9	103
MN564931.1	k141_18140	772	88.608	79	9	103
MN564931.1	k141_31774	681	87.879	66	8	84.2
MN564931.1	k141_28097	444	92.857	56	4	84.2
MN564931.1	k141_11969	732	87.500	64	8	80.6
MN564931.1	k141_2145	1840	95.745	47	2	77.0
MN564931.1	k141_21719	1213	83.824	68	11	74.3
MN564931.1	k141_7575	340	97.500	40	1	68.9
MN564931.1	k141_7575	340	97.500	40	1	68.9
MN564931.1	k141_13931	1322	90.000	50	5	68.9
MN564931.1	k141_15496	443	90.000	50	5	68.9
MN564931.1	k141_15496	443	90.000	50	5	68.9
MN564931.1	k141_29590	558	90.000	50	5	68.9
MN564931.1	k141_29590	558	90.000	50	5	68.9
MN564931.1	k141_4096	247	72.269	119	33	67.1
MN564931.1	k141_3065	345	88.000	50	6	64.4
MN564931.1	k141_3065	345	88.000	50	6	64.4
MN564931.1	k141_27131	324	94.444	36	2	57.2
MN564931.1	k141_27131	324	94.444	36	2	57.2
MN564931.1	k141_13160	1401	83.673	49	8	53.6
MN564931.1	k141_13160	1401	83.673	49	8	53.6
MN564931.1	k141_23563	836	89.189	37	4	50.0
MN564931.1	k141_23563	836	89.189	37	4	50.0
MN564931.1	k141_18008	406	80.952	42	8	41.0
MN564931.1	k141_18008	406	80.952	42	8	41.0
NC_031651.1	k141_4275	25965	92.993	9776	385	14538
NC_031651.1	k141_4275	25965	92.993	9776	385	14538
NC_031651.1	k141_4275	25965	91.960	9105	551	13175
NC_031651.1	k141_4275	25965	91.960	9105	551	13175
NC_031651.1	k141_4275	25965	94.664	4479	160	6986
NC_031651.1	k141_4275	25965	94.664	4479	160	6986
NC_031651.1	k141_4275	25965	82.877	1022	115	1064
NC_031651.1	k141_4275	25965	89.027	483	29	623
NC_031651.1	k141_4275	25965	89.027	483	29	623
NC_031651.1	k141_4275	25965	86.427	501	41	595
NC_031651.1	k141_4275	25965	86.427	501	41	595
NC_031651.1	k141_4275	25965	93.333	195	13	294
NC_031651.1	k141_4275	25965	93.333	195	13	294
NC_031651.1	k141_4275	25965	93.103	58	4	87.8
NC_031651.1	k141_4275	25965	100.000	42	0	77.0
NC_031651.1	k141_4275	25965	100.000	42	0	77.0
NC_031651.1	k141_4275	25965	97.619	42	1	72.5
NC_031651.1	k141_5445	40805	85.262	10700	1383	12168
NC_031651.1	k141_5445	40805	91.046	3060	262	4268
NC_031651.1	k141_5445	40805	85.381	3687	385	4187
NC_031651.1	k141_5445	40805	78.753	4123	659	3394
NC_031651.1	k141_5445	40805	86.746	2022	242	2440
NC_031651.1	k141_5445	40805	88.290	1725	180	2198
NC_031651.1	k141_5445	40805	75.619	1292	200	866
NC_031651.1	k141_5445	40805	81.319	819	114	760
NC_031651.1	k141_5445	40805	73.967	726	109	467
NC_031651.1	k141_5445	40805	79.798	495	73	435
NC_031651.1	k141_5445	40805	89.320	309	27	410
NC_031651.1	k141_5445	40805	83.784	370	50	379
NC_031651.1	k141_5445	40805	80.044	451	62	379
NC_031651.1	k141_5445	40805	81.413	269	30	251
NC_031651.1	k141_5445	40805	89.241	158	17	209
NC_031651.1	k141_5445	40805	87.413	143	12	169
NC_031651.1	k141_5445	40805	77.273	220	31	162
NC_031651.1	k141_5445	40805	94.444	90	4	137
NC_031651.1	k141_5445	40805	95.294	85	4	136
NC_031651.1	k141_5445	40805	92.391	92	5	132
NC_031651.1	k141_5445	40805	92.391	92	5	132
NC_031651.1	k141_5445	40805	97.297	74	2	125
NC_031651.1	k141_5445	40805	75.758	165	40	118
NC_031651.1	k141_5445	40805	100.000	55	0	100
NC_031651.1	k141_5445	40805	73.239	71	19	43.7
NC_031651.1	k141_7258	45334	77.618	14856	2221	11476
NC_031651.1	k141_7258	45334	84.554	5283	623	5708
NC_031651.1	k141_7258	45334	82.821	5565	687	5708
NC_031651.1	k141_7258	45334	83.454	2067	263	2145
NC_031651.1	k141_7258	45334	82.032	1998	308	1991
NC_031651.1	k141_7258	45334	75.752	2062	338	1426
NC_031651.1	k141_7258	45334	79.472	1554	269	1361
NC_031651.1	k141_7258	45334	78.805	1222	184	1019
NC_031651.1	k141_7258	45334	89.840	748	69	1000
NC_031651.1	k141_7258	45334	76.748	1187	184	885
NC_031651.1	k141_7258	45334	85.281	659	94	750
NC_031651.1	k141_7258	45334	76.503	915	137	711
NC_031651.1	k141_7258	45334	83.333	546	73	564
NC_031651.1	k141_7258	45334	70.578	1159	191	535
NC_031651.1	k141_7258	45334	84.307	274	38	288
NC_031651.1	k141_7258	45334	89.286	112	8	148
NC_031651.1	k141_7258	45334	92.391	92	5	132
NC_031651.1	k141_7258	45334	76.970	165	38	127
NC_031651.1	k141_7258	45334	97.619	42	1	72.5
NC_031651.1	k141_7258	45334	97.619	42	1	72.5
NC_031651.1	k141_7258	45334	81.395	43	8	42.8
NC_031651.1	k141_15890	18921	72.786	7158	1392	4042
NC_031651.1	k141_15890	18921	82.782	3293	480	3322
NC_031651.1	k141_15890	18921	80.276	2246	408	2027
NC_031651.1	k141_15890	18921	83.653	1462	196	1535
NC_031651.1	k141_15890	18921	79.319	1233	196	1060
NC_031651.1	k141_15890	18921	71.224	629	133	317
NC_031651.1	k141_15890	18921	84.940	166	24	184
NC_031651.1	k141_15890	18921	95.000	40	2	64.4
NC_031651.1	k141_15890	18921	95.000	40	2	64.4
NC_031651.1	k141_15890	18921	94.737	38	2	60.8
NC_031651.1	k141_13942	18388	91.639	909	74	1290
NC_031651.1	k141_13942	18388	84.857	700	58	788
NC_031651.1	k141_13942	18388	86.364	44	6	53.6
NC_031651.1	k141_27964	17534	92.308	754	50	1102
NC_031651.1	k141_27964	17534	95.181	83	4	132
NC_031651.1	k141_27964	17534	95.181	83	4	132
NC_031651.1	k141_27964	17534	84.762	105	11	118
NC_031651.1	k141_10787	27555	88.310	710	74	897
NC_031651.1	k141_10787	27555	90.909	77	7	108
NC_031651.1	k141_23949	32341	82.115	766	108	728
NC_031651.1	k141_23949	32341	85.714	168	18	187
NC_031651.1	k141_23949	32341	86.567	134	10	164
NC_031651.1	k141_23949	32341	88.750	80	8	101
NC_031651.1	k141_23949	32341	69.130	230	61	77.9
NC_031651.1	k141_23949	32341	75.806	62	15	45.5
NC_031651.1	k141_1419	25203	81.788	604	82	579
NC_031651.1	k141_1419	25203	74.854	513	118	336
NC_031651.1	k141_1419	25203	74.854	513	118	336
NC_031651.1	k141_1419	25203	73.876	467	100	277
NC_031651.1	k141_1419	25203	73.876	467	100	277
NC_031651.1	k141_1419	25203	65.830	518	144	122
NC_031651.1	k141_1419	25203	65.830	518	144	122
NC_031651.1	k141_1419	25203	75.373	134	31	91.5
NC_031651.1	k141_1419	25203	75.373	134	31	91.5
NC_031651.1	k141_27052	4586	97.329	337	9	568
NC_031651.1	k141_27052	4586	97.329	337	9	568
NC_031651.1	k141_30257	38247	73.029	875	197	464
NC_031651.1	k141_30257	38247	73.029	875	197	464
NC_031651.1	k141_30257	38247	77.936	281	60	221
NC_031651.1	k141_30257	38247	77.936	281	60	221
NC_031651.1	k141_30257	38247	86.885	61	8	75.2
NC_031651.1	k141_30257	38247	86.885	61	8	75.2
NC_031651.1	k141_9793	2457	84.824	369	43	385
NC_031651.1	k141_9793	2457	73.120	532	68	334
NC_031651.1	k141_9793	2457	81.579	76	14	75.2
NC_031651.1	k141_9793	2457	81.579	76	14	75.2
NC_031651.1	k141_805	22388	80.000	375	55	321
NC_031651.1	k141_805	22388	72.622	347	59	190
NC_031651.1	k141_805	22388	85.833	120	16	137
NC_031651.1	k141_805	22388	73.188	138	37	83.3
NC_031651.1	k141_805	22388	90.000	50	5	68.9
NC_031651.1	k141_805	22388	91.304	46	4	66.2
NC_031651.1	k141_805	22388	74.157	89	23	58.1
NC_031651.1	k141_14486	12794	83.475	236	35	245
NC_031651.1	k141_14486	12794	82.927	82	8	86.9
NC_031651.1	k141_25035	7985	98.571	140	2	244
NC_031651.1	k141_25035	7985	98.571	140	2	244
NC_031651.1	k141_25035	7985	69.286	140	37	56.3
NC_031651.1	k141_25138	22941	92.143	140	11	204
NC_031651.1	k141_25138	22941	92.143	140	11	204
NC_031651.1	k141_827	732	67.260	562	174	176
NC_031651.1	k141_827	732	74.157	89	23	58.1
NC_031651.1	k141_1028	23197	93.269	104	7	157
NC_031651.1	k141_1028	23197	100.000	55	0	100
NC_031651.1	k141_24704	513	83.784	111	17	116
NC_031651.1	k141_24704	513	83.784	111	17	116
NC_031651.1	k141_31774	681	96.970	66	2	111
NC_031651.1	k141_18140	772	87.500	80	10	100
NC_031651.1	k141_18140	772	87.500	80	10	100
NC_031651.1	k141_28097	444	94.643	56	3	88.7
NC_031651.1	k141_11969	732	89.062	64	7	85.1
NC_031651.1	k141_15496	443	92.727	55	4	82.4
NC_031651.1	k141_15496	443	92.727	55	4	82.4
NC_031651.1	k141_29590	558	92.727	55	4	82.4
NC_031651.1	k141_29590	558	92.727	55	4	82.4
NC_031651.1	k141_21719	1213	85.294	68	10	78.8
NC_031651.1	k141_3065	345	90.909	55	5	77.9
NC_031651.1	k141_3065	345	90.909	55	5	77.9
NC_031651.1	k141_2145	1840	91.071	56	4	76.1
NC_031651.1	k141_30068	945	83.824	68	11	74.3
NC_031651.1	k141_30068	945	83.824	68	11	74.3
NC_031651.1	k141_4096	247	70.060	167	44	68.9
NC_031651.1	k141_27131	324	93.182	44	3	67.1
NC_031651.1	k141_27131	324	93.182	44	3	67.1
NC_031651.1	k141_7575	340	97.297	37	1	63.5
NC_031651.1	k141_7575	340	97.297	37	1	63.5
NC_031651.1	k141_4126	1091	92.857	42	3	63.5
NC_031651.1	k141_25226	510	77.273	88	12	63.5
NC_031651.1	k141_13160	1401	87.755	49	6	62.6
NC_031651.1	k141_13160	1401	87.755	49	6	62.6
NC_031651.1	k141_23563	836	89.189	37	4	50.0
NC_031651.1	k141_23563	836	89.189	37	4	50.0
NC_031651.1	k141_18008	406	80.952	42	8	41.0
NC_031651.1	k141_18008	406	80.952	42	8	41.0
MW366789.1	k141_5445	40805	79.681	8411	1448	7339
MW366789.1	k141_5445	40805	88.612	2854	291	3681
MW366789.1	k141_5445	40805	88.612	2854	291	3681
MW366789.1	k141_5445	40805	91.052	2481	222	3474
MW366789.1	k141_5445	40805	80.750	2026	345	1901
MW366789.1	k141_5445	40805	85.467	1500	146	1716
MW366789.1	k141_5445	40805	73.387	2108	430	1274
MW366789.1	k141_5445	40805	69.885	2434	566	1020
MW366789.1	k141_5445	40805	85.663	837	110	969
MW366789.1	k141_5445	40805	72.717	909	199	521
MW366789.1	k141_5445	40805	73.072	843	147	439
MW366789.1	k141_5445	40805	88.387	310	29	399
MW366789.1	k141_5445	40805	74.514	463	84	298
MW366789.1	k141_5445	40805	85.830	247	33	281
MW366789.1	k141_5445	40805	69.747	671	135	262
MW366789.1	k141_5445	40805	76.075	372	59	248
MW366789.1	k141_5445	40805	76.531	294	48	216
MW366789.1	k141_5445	40805	79.835	243	38	201
MW366789.1	k141_5445	40805	80.543	221	20	195
MW366789.1	k141_5445	40805	80.000	220	23	191
MW366789.1	k141_5445	40805	83.544	158	26	168
MW366789.1	k141_5445	40805	92.105	114	8	162
MW366789.1	k141_5445	40805	92.233	103	8	150
MW366789.1	k141_5445	40805	69.947	376	68	147
MW366789.1	k141_5445	40805	91.837	98	5	140
MW366789.1	k141_5445	40805	92.708	96	6	139
MW366789.1	k141_5445	40805	98.684	76	1	133
MW366789.1	k141_5445	40805	97.222	72	2	122
MW366789.1	k141_5445	40805	86.735	98	12	115
MW366789.1	k141_5445	40805	94.521	73	4	114
MW366789.1	k141_5445	40805	88.298	94	9	113
MW366789.1	k141_5445	40805	90.789	76	6	103
MW366789.1	k141_5445	40805	77.778	126	28	102
MW366789.1	k141_5445	40805	77.778	126	28	102
MW366789.1	k141_5445	40805	86.301	73	10	87.8
MW366789.1	k141_5445	40805	74.468	141	20	80.6
MW366789.1	k141_5445	40805	85.484	62	9	72.5
MW366789.1	k141_5445	40805	85.484	62	9	72.5
MW366789.1	k141_5445	40805	70.543	129	38	62.6
MW366789.1	k141_5445	40805	70.543	129	38	62.6
MW366789.1	k141_4275	25965	89.987	5303	339	7109
MW366789.1	k141_4275	25965	89.987	5303	339	7109
MW366789.1	k141_4275	25965	89.588	4389	341	5843
MW366789.1	k141_4275	25965	89.588	4389	341	5843
MW366789.1	k141_4275	25965	91.789	1766	99	2528
MW366789.1	k141_4275	25965	91.789	1766	99	2528
MW366789.1	k141_4275	25965	88.622	1749	129	2267
MW366789.1	k141_4275	25965	88.736	1740	129	2266
MW366789.1	k141_4275	25965	83.699	638	57	680
MW366789.1	k141_4275	25965	83.699	638	57	680
MW366789.1	k141_4275	25965	85.155	485	39	540
MW366789.1	k141_4275	25965	85.155	485	39	540
MW366789.1	k141_4275	25965	85.155	485	39	540
MW366789.1	k141_4275	25965	90.698	172	16	239
MW366789.1	k141_4275	25965	90.698	172	16	239
MW366789.1	k141_4275	25965	96.350	137	5	225
MW366789.1	k141_4275	25965	96.350	137	5	225
MW366789.1	k141_4275	25965	81.481	216	26	214
MW366789.1	k141_4275	25965	81.481	216	26	214
MW366789.1	k141_4275	25965	73.765	324	47	200
MW366789.1	k141_4275	25965	84.091	176	27	188
MW366789.1	k141_4275	25965	84.091	176	27	188
MW366789.1	k141_4275	25965	87.050	139	11	172
MW366789.1	k141_4275	25965	87.050	139	11	172
MW366789.1	k141_4275	25965	76.730	159	15	134
MW366789.1	k141_4275	25965	77.778	153	12	130
MW366789.1	k141_4275	25965	90.217	92	9	126
MW366789.1	k141_4275	25965	90.217	92	9	126
MW366789.1	k141_4275	25965	100.000	42	0	77.0
MW366789.1	k141_4275	25965	100.000	42	0	77.0
MW366789.1	k141_4275	25965	89.796	49	5	67.1
MW366789.1	k141_4275	25965	89.796	49	5	67.1
MW366789.1	k141_4275	25965	89.796	49	5	67.1
MW366789.1	k141_4275	25965	94.737	38	2	60.8
MW366789.1	k141_4275	25965	89.744	39	4	53.6
MW366789.1	k141_7258	45334	78.554	5838	888	4735
MW366789.1	k141_7258	45334	88.174	2486	268	3146
MW366789.1	k141_7258	45334	88.174	2486	268	3146
MW366789.1	k141_7258	45334	80.443	3073	491	2770
MW366789.1	k141_7258	45334	84.478	1849	218	2031
MW366789.1	k141_7258	45334	81.479	1744	274	1680
MW366789.1	k141_7258	45334	77.480	1905	384	1466
MW366789.1	k141_7258	45334	76.477	1777	270	1233
MW366789.1	k141_7258	45334	75.845	1627	302	1173
MW366789.1	k141_7258	45334	86.188	724	87	845
MW366789.1	k141_7258	45334	79.821	669	129	586
MW366789.1	k141_7258	45334	73.482	939	174	540
MW366789.1	k141_7258	45334	71.606	803	157	431
MW366789.1	k141_7258	45334	72.247	681	151	384
MW366789.1	k141_7258	45334	77.021	470	106	354
MW366789.1	k141_7258	45334	73.864	440	58	278
MW366789.1	k141_7258	45334	73.864	440	58	278
MW366789.1	k141_7258	45334	82.143	280	47	269
MW366789.1	k141_7258	45334	69.854	617	129	263
MW366789.1	k141_7258	45334	85.909	220	28	256
MW366789.1	k141_7258	45334	66.706	856	195	246
MW366789.1	k141_7258	45334	83.761	234	30	245
MW366789.1	k141_7258	45334	78.014	282	62	230
MW366789.1	k141_7258	45334	74.716	352	87	227
MW366789.1	k141_7258	45334	90.071	141	12	185
MW366789.1	k141_7258	45334	87.097	155	14	182
MW366789.1	k141_7258	45334	73.986	296	63	178
MW366789.1	k141_7258	45334	66.886	607	182	175
MW366789.1	k141_7258	45334	66.886	607	182	175
MW366789.1	k141_7258	45334	77.778	225	42	175
MW366789.1	k141_7258	45334	80.198	202	32	174
MW366789.1	k141_7258	45334	76.889	225	44	166
MW366789.1	k141_7258	45334	82.313	147	26	149
MW366789.1	k141_7258	45334	86.842	114	15	139
MW366789.1	k141_7258	45334	92.473	93	7	137
MW366789.1	k141_7258	45334	76.970	165	38	127
MW366789.1	k141_7258	45334	76.970	165	38	127
MW366789.1	k141_7258	45334	78.322	143	27	113
MW366789.1	k141_7258	45334	92.208	77	6	113
MW366789.1	k141_7258	45334	88.608	79	6	101
MW366789.1	k141_7258	45334	91.429	70	6	100
MW366789.1	k141_7258	45334	95.238	42	2	68.0
MW366789.1	k141_7258	45334	95.238	42	2	68.0
MW366789.1	k141_7258	45334	82.000	50	9	50.9
MW366789.1	k141_15890	18921	79.057	2822	435	2431
MW366789.1	k141_15890	18921	79.057	2822	435	2431
MW366789.1	k141_15890	18921	78.721	2002	380	1655
MW366789.1	k141_15890	18921	76.224	2246	482	1614
MW366789.1	k141_15890	18921	81.647	1384	220	1319
MW366789.1	k141_15890	18921	81.647	1384	220	1319
MW366789.1	k141_15890	18921	76.067	1195	221	835
MW366789.1	k141_15890	18921	79.734	602	116	528
MW366789.1	k141_15890	18921	79.734	602	116	528
MW366789.1	k141_15890	18921	77.926	376	80	298
MW366789.1	k141_15890	18921	92.683	41	3	61.7
MW366789.1	k141_15890	18921	82.000	50	9	50.9
MW366789.1	k141_15890	18921	76.271	59	10	43.7
MW366789.1	k141_15890	18921	76.271	59	10	43.7
MW366789.1	k141_13942	18388	87.775	908	109	1131
MW366789.1	k141_13942	18388	87.775	908	109	1131
MW366789.1	k141_13942	18388	79.232	703	78	618
MW366789.1	k141_13942	18388	79.232	703	78	618
MW366789.1	k141_27964	17534	89.920	754	68	1021
MW366789.1	k141_27964	17534	89.920	754	68	1021
MW366789.1	k141_27964	17534	85.577	104	10	121
MW366789.1	k141_27964	17534	94.667	75	4	118
MW366789.1	k141_27964	17534	94.667	75	4	118
MW366789.1	k141_10787	27555	86.861	685	76	820
MW366789.1	k141_10787	27555	91.026	78	6	106
MW366789.1	k141_27052	4586	96.736	337	11	559
MW366789.1	k141_27052	4586	96.736	337	11	559
MW366789.1	k141_23949	32341	75.126	792	145	484
MW366789.1	k141_23949	32341	94.565	92	4	141
MW366789.1	k141_23949	32341	92.500	80	5	114
MW366789.1	k141_23949	32341	88.889	72	7	91.5
MW366789.1	k141_23949	32341	68.500	200	57	74.3
MW366789.1	k141_23949	32341	70.714	140	41	68.9
MW366789.1	k141_23949	32341	75.676	74	17	50.0
MW366789.1	k141_23949	32341	75.385	65	10	42.8
MW366789.1	k141_1419	25203	81.450	469	76	446
MW366789.1	k141_1419	25203	74.464	513	120	327
MW366789.1	k141_1419	25203	74.464	513	120	327
MW366789.1	k141_1419	25203	75.161	467	96	288
MW366789.1	k141_1419	25203	75.161	467	96	288
MW366789.1	k141_1419	25203	67.262	504	145	139
MW366789.1	k141_1419	25203	67.262	504	145	139
MW366789.1	k141_1419	25203	80.412	97	19	90.6
MW366789.1	k141_1419	25203	80.412	97	19	90.6
MW366789.1	k141_30257	38247	71.946	884	205	425
MW366789.1	k141_30257	38247	71.946	884	205	425
MW366789.1	k141_30257	38247	90.164	61	6	84.2
MW366789.1	k141_30257	38247	90.164	61	6	84.2
MW366789.1	k141_30257	38247	88.525	61	7	79.7
MW366789.1	k141_30257	38247	88.525	61	7	79.7
MW366789.1	k141_30257	38247	84.783	46	7	52.7
MW366789.1	k141_30257	38247	84.783	46	7	52.7
MW366789.1	k141_9793	2457	88.000	275	28	348
MW366789.1	k141_9793	2457	74.211	380	75	220
MW366789.1	k141_25035	7985	93.662	142	7	214
MW366789.1	k141_25035	7985	93.662	142	7	214
MW366789.1	k141_25035	7985	71.429	140	34	69.8
MW366789.1	k141_827	732	66.667	705	186	203
MW366789.1	k141_1028	23197	91.892	111	6	159
MW366789.1	k141_1028	23197	97.561	82	2	140
MW366789.1	k141_1028	23197	97.561	82	2	140
MW366789.1	k141_1028	23197	76.238	101	17	68.0
MW366789.1	k141_25138	22941	81.633	147	20	146
MW366789.1	k141_25138	22941	81.633	147	20	146
MW366789.1	k141_25138	22941	90.805	87	8	122
MW366789.1	k141_25138	22941	90.805	87	8	122
MW366789.1	k141_25138	22941	90.141	71	7	97.8
MW366789.1	k141_25138	22941	90.141	71	7	97.8
MW366789.1	k141_25138	22941	84.810	79	7	89.7
MW366789.1	k141_25138	22941	84.810	79	7	89.7
MW366789.1	k141_25138	22941	89.796	49	5	67.1
MW366789.1	k141_25138	22941	89.796	49	5	67.1
MW366789.1	k141_25138	22941	89.796	49	5	67.1
MW366789.1	k141_805	22388	75.661	189	25	135
MW366789.1	k141_805	22388	73.188	138	37	83.3
MW366789.1	k141_805	22388	75.532	94	23	67.1
MW366789.1	k141_805	22388	88.000	50	6	64.4
MW366789.1	k141_18140	772	85.333	75	11	86.9
MW366789.1	k141_18140	772	85.333	75	11	86.9
MW366789.1	k141_11969	732	89.062	64	7	85.1
MW366789.1	k141_28097	444	92.857	56	4	84.2
MW366789.1	k141_28097	444	92.857	56	4	84.2
MW366789.1	k141_21719	1213	83.824	68	11	74.3
MW366789.1	k141_31774	681	86.441	59	8	71.6
MW366789.1	k141_2145	1840	93.478	46	3	70.7
MW366789.1	k141_4096	247	70.714	140	41	68.9
MW366789.1	k141_18753	23283	85.455	55	8	64.4
MW366789.1	k141_7575	340	92.857	42	3	63.5
MW366789.1	k141_30068	945	81.159	69	12	63.5
MW366789.1	k141_30068	945	81.159	69	12	63.5
MW366789.1	k141_8664	631	84.615	39	6	44.6
KT899950.1	k141_4275	25965	93.417	9829	376	14756
KT899950.1	k141_4275	25965	93.417	9829	376	14756
KT899950.1	k141_4275	25965	91.819	10011	583	14394
KT899950.1	k141_4275	25965	91.819	10011	583	14394
KT899950.1	k141_4275	25965	94.251	4470	173	6902
KT899950.1	k141_4275	25965	94.251	4470	173	6902
KT899950.1	k141_4275	25965	88.478	1623	112	2071
KT899950.1	k141_4275	25965	88.478	1623	112	2071
KT899950.1	k141_4275	25965	86.697	218	10	271
KT899950.1	k141_4275	25965	86.697	218	10	271
KT899950.1	k141_4275	25965	97.619	42	1	72.5
KT899950.1	k141_4275	25965	97.619	42	1	72.5
KT899950.1	k141_4275	25965	94.872	39	2	62.6
KT899950.1	k141_4275	25965	84.211	38	6	42.8
KT899950.1	k141_5445	40805	84.338	12770	1641	13967
KT899950.1	k141_5445	40805	90.665	3096	261	4275
KT899950.1	k141_5445	40805	91.744	2580	201	3686
KT899950.1	k141_5445	40805	86.099	2007	258	2368
KT899950.1	k141_5445	40805	87.976	1339	125	1673
KT899950.1	k141_5445	40805	75.422	1957	401	1321
KT899950.1	k141_5445	40805	73.736	1325	218	781
KT899950.1	k141_5445	40805	75.969	774	106	549
KT899950.1	k141_5445	40805	77.329	644	107	485
KT899950.1	k141_5445	40805	76.019	638	102	453
KT899950.1	k141_5445	40805	75.039	637	107	412
KT899950.1	k141_5445	40805	82.587	402	46	405
KT899950.1	k141_5445	40805	71.618	754	102	402
KT899950.1	k141_5445	40805	86.349	315	36	372
KT899950.1	k141_5445	40805	79.784	371	53	315
KT899950.1	k141_5445	40805	75.225	444	74	284
KT899950.1	k141_5445	40805	81.923	260	33	252
KT899950.1	k141_5445	40805	88.608	158	18	205
KT899950.1	k141_5445	40805	87.603	121	13	144
KT899950.1	k141_5445	40805	98.734	79	1	139
KT899950.1	k141_5445	40805	98.684	76	1	133
KT899950.1	k141_5445	40805	97.333	75	2	127
KT899950.1	k141_5445	40805	88.660	97	11	126
KT899950.1	k141_5445	40805	71.042	259	48	113
KT899950.1	k141_5445	40805	84.158	101	10	107
KT899950.1	k141_5445	40805	84.158	101	10	107
KT899950.1	k141_5445	40805	78.512	121	26	102
KT899950.1	k141_7258	45334	79.019	10414	1454	8724
KT899950.1	k141_7258	45334	83.368	5327	651	5536
KT899950.1	k141_7258	45334	90.542	2548	218	3503
KT899950.1	k141_7258	45334	80.223	3853	571	3501
KT899950.1	k141_7258	45334	80.719	2225	306	2095
KT899950.1	k141_7258	45334	79.887	2297	277	2051
KT899950.1	k141_7258	45334	81.102	2106	325	1994
KT899950.1	k141_7258	45334	82.890	1204	188	1246
KT899950.1	k141_7258	45334	90.795	717	58	990
KT899950.1	k141_7258	45334	74.495	1435	229	972
KT899950.1	k141_7258	45334	75.806	1240	201	870
KT899950.1	k141_7258	45334	83.978	724	107	769
KT899950.1	k141_7258	45334	76.637	1130	193	768
KT899950.1	k141_7258	45334	75.831	902	157	650
KT899950.1	k141_7258	45334	72.558	1075	199	520
KT899950.1	k141_7258	45334	90.129	233	21	310
KT899950.1	k141_7258	45334	83.509	285	42	298
KT899950.1	k141_7258	45334	77.381	252	29	187
KT899950.1	k141_7258	45334	75.820	244	46	168
KT899950.1	k141_7258	45334	95.960	99	3	158
KT899950.1	k141_7258	45334	75.720	243	32	157
KT899950.1	k141_7258	45334	79.394	165	34	145
KT899950.1	k141_7258	45334	84.158	101	10	107
KT899950.1	k141_7258	45334	97.619	42	1	72.5
KT899950.1	k141_7258	45334	97.619	42	1	72.5
KT899950.1	k141_7258	45334	85.484	62	9	72.5
KT899950.1	k141_7258	45334	74.194	62	16	41.0
KT899950.1	k141_7258	45334	80.952	42	8	41.0
KT899950.1	k141_15890	18921	78.663	2901	444	2428
KT899950.1	k141_15890	18921	78.037	2955	456	2361
KT899950.1	k141_15890	18921	84.492	2057	293	2250
KT899950.1	k141_15890	18921	80.730	2330	392	2158
KT899950.1	k141_15890	18921	69.497	4852	1138	2003
KT899950.1	k141_15890	18921	79.826	1264	211	1116
KT899950.1	k141_15890	18921	97.561	41	1	70.7
KT899950.1	k141_15890	18921	95.000	40	2	64.4
KT899950.1	k141_15890	18921	95.000	40	2	64.4
KT899950.1	k141_13942	18388	91.880	899	71	1286
KT899950.1	k141_13942	18388	83.046	696	68	737
KT899950.1	k141_27964	17534	92.971	754	45	1124
KT899950.1	k141_27964	17534	96.429	84	3	139
KT899950.1	k141_27964	17534	96.429	84	3	139
KT899950.1	k141_27964	17534	86.538	104	9	125
KT899950.1	k141_10787	27555	85.882	765	91	891
KT899950.1	k141_10787	27555	93.506	77	5	117
KT899950.1	k141_23949	32341	79.336	813	114	673
KT899950.1	k141_23949	32341	84.940	166	16	178
KT899950.1	k141_23949	32341	71.818	220	33	126
KT899950.1	k141_23949	32341	92.500	80	5	114
KT899950.1	k141_23949	32341	68.664	217	60	75.2
KT899950.1	k141_23949	32341	75.806	62	15	45.5
KT899950.1	k141_27052	4586	97.626	337	8	572
KT899950.1	k141_27052	4586	97.626	337	8	572
KT899950.1	k141_1419	25203	82.136	515	84	513
KT899950.1	k141_1419	25203	74.854	513	118	336
KT899950.1	k141_1419	25203	74.854	513	118	336
KT899950.1	k141_1419	25203	74.310	471	91	282
KT899950.1	k141_1419	25203	74.310	471	91	282
KT899950.1	k141_1419	25203	65.957	517	144	119
KT899950.1	k141_1419	25203	65.957	517	144	119
KT899950.1	k141_1419	25203	81.443	97	18	95.1
KT899950.1	k141_1419	25203	81.443	97	18	95.1
KT899950.1	k141_30257	38247	73.165	872	201	471
KT899950.1	k141_30257	38247	73.165	872	201	471
KT899950.1	k141_30257	38247	77.936	281	60	221
KT899950.1	k141_30257	38247	77.936	281	60	221
KT899950.1	k141_30257	38247	86.885	61	8	75.2
KT899950.1	k141_30257	38247	86.885	61	8	75.2
KT899950.1	k141_9793	2457	91.636	275	18	393
KT899950.1	k141_9793	2457	72.817	504	63	291
KT899950.1	k141_805	22388	81.067	375	51	339
KT899950.1	k141_805	22388	74.733	281	37	191
KT899950.1	k141_805	22388	83.582	134	21	140
KT899950.1	k141_805	22388	76.404	89	21	67.1
KT899950.1	k141_805	22388	70.290	138	41	65.3
KT899950.1	k141_805	22388	86.000	50	7	59.9
KT899950.1	k141_25035	7985	98.571	140	2	244
KT899950.1	k141_25035	7985	98.571	140	2	244
KT899950.1	k141_25035	7985	69.286	140	37	56.3
KT899950.1	k141_14486	12794	82.379	227	39	226
KT899950.1	k141_14486	12794	89.157	83	9	110
KT899950.1	k141_14486	12794	89.157	83	9	110
KT899950.1	k141_25138	22941	94.958	119	6	188
KT899950.1	k141_25138	22941	94.958	119	6	188
KT899950.1	k141_1028	23197	80.808	198	26	179
KT899950.1	k141_1028	23197	97.436	78	2	132
KT899950.1	k141_1028	23197	74.153	236	39	131
KT899950.1	k141_827	732	69.945	366	104	161
KT899950.1	k141_827	732	76.404	89	21	67.1
KT899950.1	k141_24704	513	85.841	113	15	129
KT899950.1	k141_24704	513	85.841	113	15	129
KT899950.1	k141_18140	772	90.000	80	8	109
KT899950.1	k141_18140	772	90.000	80	8	109
KT899950.1	k141_31774	681	90.909	66	6	93.3
KT899950.1	k141_28889	401	67.230	296	64	91.5
KT899950.1	k141_28889	401	67.230	296	64	91.5
KT899950.1	k141_21719	1213	88.235	68	8	87.8
KT899950.1	k141_15496	443	92.727	55	4	82.4
KT899950.1	k141_15496	443	92.727	55	4	82.4
KT899950.1	k141_29590	558	92.727	55	4	82.4
KT899950.1	k141_29590	558	92.727	55	4	82.4
KT899950.1	k141_3065	345	90.909	55	5	77.9
KT899950.1	k141_3065	345	90.909	55	5	77.9
KT899950.1	k141_11969	732	88.333	60	7	77.9
KT899950.1	k141_28097	444	90.741	54	5	76.1
KT899950.1	k141_2145	1840	92.157	51	4	75.2
KT899950.1	k141_4096	247	70.060	167	44	68.9
KT899950.1	k141_24581	423	75.789	95	22	65.3
KT899950.1	k141_7575	340	97.297	37	1	63.5
KT899950.1	k141_7575	340	97.297	37	1	63.5
KT899950.1	k141_13160	1401	87.234	47	6	59.0
KT899950.1	k141_13160	1401	87.234	47	6	59.0
KT899950.1	k141_18008	406	80.952	42	8	41.0
KT899950.1	k141_18008	406	80.952	42	8	41.0
GU191334.1	k141_4275	25965	87.791	3743	337	4659
GU191334.1	k141_4275	25965	87.791	3743	337	4659
GU191334.1	k141_4275	25965	86.536	2659	241	3121
GU191334.1	k141_4275	25965	86.536	2659	241	3121
GU191334.1	k141_4275	25965	79.495	1029	159	880
GU191334.1	k141_4275	25965	79.495	1029	159	880
GU191334.1	k141_4275	25965	76.276	666	151	478
GU191334.1	k141_4275	25965	75.792	442	107	315
GU191334.1	k141_4275	25965	72.710	524	143	301
GU191334.1	k141_4275	25965	71.815	518	142	271
GU191334.1	k141_4275	25965	77.273	308	70	241
GU191334.1	k141_4275	25965	94.937	79	4	125
GU191334.1	k141_4275	25965	94.937	79	4	125
GU191334.1	k141_4275	25965	90.476	84	8	116
GU191334.1	k141_4275	25965	89.333	75	8	100
GU191334.1	k141_4275	25965	89.333	75	8	100
GU191334.1	k141_4275	25965	88.158	76	9	97.8
GU191334.1	k141_4275	25965	84.783	46	7	52.7
GU191334.1	k141_5445	40805	83.750	2480	399	2642
GU191334.1	k141_5445	40805	83.035	2399	404	2486
GU191334.1	k141_5445	40805	69.817	3671	1046	1542
GU191334.1	k141_5445	40805	88.817	1082	119	1404
GU191334.1	k141_5445	40805	76.076	1789	406	1290
GU191334.1	k141_5445	40805	72.071	1289	324	676
GU191334.1	k141_5445	40805	70.702	1396	383	648
GU191334.1	k141_5445	40805	77.917	720	152	566
GU191334.1	k141_5445	40805	73.496	698	179	413
GU191334.1	k141_5445	40805	82.490	257	45	261
GU191334.1	k141_5445	40805	68.622	682	204	243
GU191334.1	k141_5445	40805	79.581	191	39	169
GU191334.1	k141_5445	40805	91.954	87	7	126
GU191334.1	k141_5445	40805	78.873	142	17	124
GU191334.1	k141_5445	40805	97.260	73	2	123
GU191334.1	k141_5445	40805	83.740	123	16	123
GU191334.1	k141_5445	40805	86.667	105	10	122
GU191334.1	k141_5445	40805	94.595	74	4	116
GU191334.1	k141_5445	40805	94.521	73	4	114
GU191334.1	k141_5445	40805	94.521	73	4	114
GU191334.1	k141_5445	40805	79.365	126	26	111
GU191334.1	k141_5445	40805	88.235	85	8	106
GU191334.1	k141_5445	40805	77.863	131	29	106
GU191334.1	k141_5445	40805	76.510	149	27	105
GU191334.1	k141_5445	40805	88.000	75	9	96.0
GU191334.1	k141_5445	40805	82.222	90	16	91.5
GU191334.1	k141_5445	40805	82.667	75	13	77.9
GU191334.1	k141_5445	40805	73.134	134	34	73.4
GU191334.1	k141_5445	40805	77.907	86	19	70.7
GU191334.1	k141_5445	40805	97.368	38	1	65.3
GU191334.1	k141_5445	40805	79.245	53	10	43.7
GU191334.1	k141_5445	40805	81.395	43	8	42.8
GU191334.1	k141_7258	45334	81.234	2286	427	2182
GU191334.1	k141_7258	45334	83.621	1447	237	1542
GU191334.1	k141_7258	45334	81.562	1562	285	1513
GU191334.1	k141_7258	45334	78.821	1714	343	1437
GU191334.1	k141_7258	45334	82.468	713	121	718
GU191334.1	k141_7258	45334	76.032	872	195	612
GU191334.1	k141_7258	45334	82.531	561	87	567
GU191334.1	k141_7258	45334	74.559	908	197	560
GU191334.1	k141_7258	45334	80.370	540	104	494
GU191334.1	k141_7258	45334	69.810	1103	302	467
GU191334.1	k141_7258	45334	75.321	624	109	418
GU191334.1	k141_7258	45334	73.012	767	188	414
GU191334.1	k141_7258	45334	78.826	477	93	390
GU191334.1	k141_7258	45334	77.397	438	95	339
GU191334.1	k141_7258	45334	77.027	370	85	285
GU191334.1	k141_7258	45334	73.367	398	106	241
GU191334.1	k141_7258	45334	69.245	543	165	220
GU191334.1	k141_7258	45334	70.601	449	99	218
GU191334.1	k141_7258	45334	76.389	288	68	214
GU191334.1	k141_7258	45334	74.671	304	77	202
GU191334.1	k141_7258	45334	77.626	219	47	168
GU191334.1	k141_7258	45334	77.033	209	48	161
GU191334.1	k141_7258	45334	72.202	277	72	144
GU191334.1	k141_7258	45334	66.078	566	170	135
GU191334.1	k141_7258	45334	66.742	445	127	128
GU191334.1	k141_7258	45334	82.400	125	22	127
GU191334.1	k141_7258	45334	94.937	79	4	125
GU191334.1	k141_7258	45334	92.045	88	6	124
GU191334.1	k141_7258	45334	68.142	339	49	124
GU191334.1	k141_7258	45334	97.260	73	2	123
GU191334.1	k141_7258	45334	97.183	71	2	120
GU191334.1	k141_7258	45334	82.051	117	21	117
GU191334.1	k141_7258	45334	78.676	136	29	115
GU191334.1	k141_7258	45334	93.243	74	5	112
GU191334.1	k141_7258	45334	83.000	100	17	104
GU191334.1	k141_7258	45334	66.557	305	102	91.5
GU191334.1	k141_7258	45334	76.471	119	21	86.9
GU191334.1	k141_7258	45334	66.364	220	31	85.1
GU191334.1	k141_7258	45334	73.171	123	33	74.3
GU191334.1	k141_7258	45334	78.313	83	18	69.8
GU191334.1	k141_7258	45334	82.143	56	9	53.6
GU191334.1	k141_7258	45334	77.419	62	14	50.0
GU191334.1	k141_7258	45334	72.500	80	22	46.4
GU191334.1	k141_7258	45334	80.952	42	8	41.0
GU191334.1	k141_15890	18921	74.494	2125	487	1304
GU191334.1	k141_15890	18921	70.702	1867	500	867
GU191334.1	k141_15890	18921	76.364	1100	252	806
GU191334.1	k141_15890	18921	75.086	1168	246	755
GU191334.1	k141_15890	18921	69.701	802	201	317
GU191334.1	k141_15890	18921	74.916	299	75	202
GU191334.1	k141_15890	18921	75.385	195	48	136
GU191334.1	k141_15890	18921	85.981	107	15	126
GU191334.1	k141_15890	18921	74.545	110	28	73.4
GU191334.1	k141_13942	18388	82.068	909	161	898
GU191334.1	k141_13942	18388	81.132	371	65	354
GU191334.1	k141_27964	17534	83.001	753	120	780
GU191334.1	k141_27964	17534	87.838	74	9	94.2
GU191334.1	k141_27964	17534	87.838	74	9	94.2
GU191334.1	k141_27964	17534	77.358	106	18	80.6
GU191334.1	k141_10787	27555	85.638	564	81	653
GU191334.1	k141_10787	27555	97.297	74	2	125
GU191334.1	k141_1419	25203	70.999	1131	271	514
GU191334.1	k141_1419	25203	70.999	1131	271	514
GU191334.1	k141_1419	25203	67.610	318	95	108
GU191334.1	k141_1419	25203	65.000	520	147	100
GU191334.1	k141_1419	25203	65.000	520	147	100
GU191334.1	k141_1419	25203	76.119	134	30	96.0
GU191334.1	k141_1419	25203	76.119	134	30	96.0
GU191334.1	k141_27052	4586	93.155	336	22	499
GU191334.1	k141_27052	4586	93.155	336	22	499
GU191334.1	k141_30257	38247	72.788	893	203	466
GU191334.1	k141_30257	38247	72.788	893	203	466
GU191334.1	k141_30257	38247	77.580	281	61	216
GU191334.1	k141_30257	38247	77.580	281	61	216
GU191334.1	k141_30257	38247	88.525	61	7	79.7
GU191334.1	k141_30257	38247	88.525	61	7	79.7
GU191334.1	k141_827	732	68.157	738	192	257
GU191334.1	k141_9793	2457	79.443	287	52	245
GU191334.1	k141_9793	2457	89.157	83	9	110
GU191334.1	k141_25035	7985	96.429	140	5	231
GU191334.1	k141_25035	7985	96.429	140	5	231
GU191334.1	k141_25035	7985	71.942	139	39	76.1
GU191334.1	k141_23949	32341	98.630	73	1	128
GU191334.1	k141_23949	32341	68.545	213	67	83.3
GU191334.1	k141_23949	32341	74.790	119	23	77.9
GU191334.1	k141_805	22388	69.795	341	81	117
GU191334.1	k141_805	22388	74.638	138	35	92.4
GU191334.1	k141_805	22388	73.438	128	34	78.8
GU191334.1	k141_805	22388	75.000	88	21	57.2
GU191334.1	k141_805	22388	84.000	50	8	55.4
GU191334.1	k141_1028	23197	93.421	76	5	115
GU191334.1	k141_4096	247	74.046	131	34	84.2
GU191334.1	k141_11969	732	84.375	64	10	71.6
GU191334.1	k141_31774	681	86.000	50	7	59.9
GU191334.1	k141_18008	406	83.333	54	9	58.1
GU191334.1	k141_2145	1840	79.688	64	12	54.5
