MZ962720.1	k141_84686	25341	90.608	7645	476	10485
MZ962720.1	k141_84686	25341	90.608	7645	476	10485
MZ962720.1	k141_84686	25341	88.369	3035	220	3935
MZ962720.1	k141_84686	25341	88.369	3035	220	3935
MZ962720.1	k141_84686	25341	87.440	1449	143	1792
MZ962720.1	k141_84686	25341	87.440	1449	143	1792
MZ962720.1	k141_84686	25341	81.772	790	67	787
MZ962720.1	k141_84686	25341	85.510	628	79	725
MZ962720.1	k141_84686	25341	85.510	628	79	725
MZ962720.1	k141_84686	25341	86.885	427	56	518
MZ962720.1	k141_84686	25341	86.885	427	56	518
MZ962720.1	k141_84686	25341	82.286	350	35	345
MZ962720.1	k141_84686	25341	82.286	350	35	345
MZ962720.1	k141_84686	25341	76.456	395	51	278
MZ962720.1	k141_84686	25341	76.456	395	51	278
MZ962720.1	k141_84686	25341	82.022	267	26	259
MZ962720.1	k141_84686	25341	82.022	267	26	259
MZ962720.1	k141_84686	25341	72.172	442	68	234
MZ962720.1	k141_84686	25341	72.172	442	68	234
MZ962720.1	k141_84686	25341	81.224	245	31	231
MZ962720.1	k141_84686	25341	84.375	192	30	212
MZ962720.1	k141_84686	25341	84.375	192	30	212
MZ962720.1	k141_84686	25341	74.914	291	31	203
MZ962720.1	k141_84686	25341	74.914	291	31	203
MZ962720.1	k141_84686	25341	77.439	164	21	126
MZ962720.1	k141_84686	25341	77.439	164	21	126
MZ962720.1	k141_84686	25341	76.119	134	32	98.7
MZ962720.1	k141_84686	25341	76.119	134	32	98.7
MZ962720.1	k141_84686	25341	87.879	66	8	84.2
MZ962720.1	k141_84686	25341	87.879	66	8	84.2
MZ962720.1	k141_84686	25341	75.510	98	24	69.8
MZ962720.1	k141_84686	25341	75.510	98	24	69.8
MZ962720.1	k141_84686	25341	95.238	42	2	68.0
MZ962720.1	k141_84686	25341	95.238	42	2	68.0
MZ962720.1	k141_84686	25341	94.595	37	2	59.0
MZ962720.1	k141_3287	83838	78.213	8459	1559	6846
MZ962720.1	k141_3287	83838	86.851	5202	611	6265
MZ962720.1	k141_3287	83838	77.071	5107	782	3800
MZ962720.1	k141_3287	83838	90.432	2477	237	3399
MZ962720.1	k141_3287	83838	76.510	3576	607	2557
MZ962720.1	k141_3287	83838	83.134	2010	310	2096
MZ962720.1	k141_3287	83838	86.784	1483	189	1784
MZ962720.1	k141_3287	83838	77.698	1946	385	1530
MZ962720.1	k141_3287	83838	78.739	1792	313	1499
MZ962720.1	k141_3287	83838	89.530	1127	112	1498
MZ962720.1	k141_3287	83838	74.731	1579	310	1021
MZ962720.1	k141_3287	83838	80.744	1049	149	962
MZ962720.1	k141_3287	83838	83.610	842	129	892
MZ962720.1	k141_3287	83838	77.981	1040	215	829
MZ962720.1	k141_3287	83838	87.925	588	68	739
MZ962720.1	k141_3287	83838	73.370	1288	251	716
MZ962720.1	k141_3287	83838	67.615	2180	565	682
MZ962720.1	k141_3287	83838	74.850	1002	156	618
MZ962720.1	k141_3287	83838	79.772	613	116	545
MZ962720.1	k141_3287	83838	74.042	809	180	495
MZ962720.1	k141_3287	83838	75.292	684	152	465
MZ962720.1	k141_3287	83838	79.035	539	113	463
MZ962720.1	k141_3287	83838	79.035	539	113	463
MZ962720.1	k141_3287	83838	85.979	378	46	432
MZ962720.1	k141_3287	83838	80.137	438	64	379
MZ962720.1	k141_3287	83838	70.944	678	107	358
MZ962720.1	k141_3287	83838	77.311	476	84	358
MZ962720.1	k141_3287	83838	68.615	975	235	349
MZ962720.1	k141_3287	83838	74.464	513	82	316
MZ962720.1	k141_3287	83838	74.433	485	113	313
MZ962720.1	k141_3287	83838	73.753	461	53	312
MZ962720.1	k141_3287	83838	78.010	382	73	312
MZ962720.1	k141_3287	83838	70.360	695	137	297
MZ962720.1	k141_3287	83838	77.238	391	56	285
MZ962720.1	k141_3287	83838	82.787	244	33	255
MZ962720.1	k141_3287	83838	75.698	358	81	251
MZ962720.1	k141_3287	83838	69.146	632	136	238
MZ962720.1	k141_3287	83838	82.381	210	28	216
MZ962720.1	k141_3287	83838	82.381	210	28	216
MZ962720.1	k141_3287	83838	80.889	225	36	205
MZ962720.1	k141_3287	83838	70.439	433	63	205
MZ962720.1	k141_3287	83838	70.439	433	63	205
MZ962720.1	k141_3287	83838	83.333	198	25	203
MZ962720.1	k141_3287	83838	74.587	303	77	200
MZ962720.1	k141_3287	83838	83.069	189	25	199
MZ962720.1	k141_3287	83838	83.069	189	25	199
MZ962720.1	k141_3287	83838	76.667	270	31	196
MZ962720.1	k141_3287	83838	81.159	207	32	196
MZ962720.1	k141_3287	83838	82.967	182	26	189
MZ962720.1	k141_3287	83838	85.185	162	22	182
MZ962720.1	k141_3287	83838	88.889	144	14	181
MZ962720.1	k141_3287	83838	81.383	188	30	178
MZ962720.1	k141_3287	83838	84.568	162	23	178
MZ962720.1	k141_3287	83838	81.959	194	24	176
MZ962720.1	k141_3287	83838	89.764	127	12	168
MZ962720.1	k141_3287	83838	66.667	609	140	159
MZ962720.1	k141_3287	83838	92.661	109	6	159
MZ962720.1	k141_3287	83838	76.847	203	47	155
MZ962720.1	k141_3287	83838	82.639	144	16	147
MZ962720.1	k141_3287	83838	95.604	91	4	147
MZ962720.1	k141_3287	83838	95.604	91	4	147
MZ962720.1	k141_3287	83838	74.762	210	37	146
MZ962720.1	k141_3287	83838	78.736	174	35	145
MZ962720.1	k141_3287	83838	91.753	97	8	140
MZ962720.1	k141_3287	83838	78.824	170	19	138
MZ962720.1	k141_3287	83838	78.395	162	35	135
MZ962720.1	k141_3287	83838	89.796	98	5	132
MZ962720.1	k141_3287	83838	97.368	76	2	129
MZ962720.1	k141_3287	83838	79.739	153	27	127
MZ962720.1	k141_3287	83838	79.739	153	27	127
MZ962720.1	k141_3287	83838	91.011	89	8	125
MZ962720.1	k141_3287	83838	79.699	133	27	119
MZ962720.1	k141_3287	83838	75.758	165	40	118
MZ962720.1	k141_3287	83838	94.521	73	4	114
MZ962720.1	k141_3287	83838	82.692	104	12	108
MZ962720.1	k141_3287	83838	82.692	104	12	108
MZ962720.1	k141_3287	83838	71.560	218	44	108
MZ962720.1	k141_3287	83838	71.560	218	44	108
MZ962720.1	k141_3287	83838	79.310	116	24	102
MZ962720.1	k141_3287	83838	79.310	116	24	102
MZ962720.1	k141_3287	83838	90.667	75	6	101
MZ962720.1	k141_3287	83838	84.211	95	11	99.6
MZ962720.1	k141_3287	83838	76.119	134	32	98.7
MZ962720.1	k141_3287	83838	76.119	134	32	98.7
MZ962720.1	k141_3287	83838	75.714	140	29	96.0
MZ962720.1	k141_3287	83838	75.714	140	29	96.0
MZ962720.1	k141_3287	83838	75.714	140	29	96.0
MZ962720.1	k141_3287	83838	72.727	165	45	96.0
MZ962720.1	k141_3287	83838	89.041	73	7	93.3
MZ962720.1	k141_3287	83838	86.667	75	10	91.5
MZ962720.1	k141_3287	83838	84.524	84	12	90.6
MZ962720.1	k141_3287	83838	74.101	139	32	88.7
MZ962720.1	k141_3287	83838	78.218	101	15	86.0
MZ962720.1	k141_3287	83838	73.288	146	30	83.3
MZ962720.1	k141_3287	83838	68.699	246	69	82.4
MZ962720.1	k141_3287	83838	84.416	77	11	82.4
MZ962720.1	k141_3287	83838	74.803	127	27	81.5
MZ962720.1	k141_3287	83838	78.652	89	19	76.1
MZ962720.1	k141_3287	83838	78.652	89	19	76.1
MZ962720.1	k141_3287	83838	78.652	89	19	76.1
MZ962720.1	k141_3287	83838	75.510	98	24	69.8
MZ962720.1	k141_3287	83838	75.510	98	24	69.8
MZ962720.1	k141_3287	83838	75.510	98	24	69.8
MZ962720.1	k141_3287	83838	75.510	98	24	69.8
MZ962720.1	k141_3287	83838	78.571	84	16	64.4
MZ962720.1	k141_3287	83838	75.758	66	16	48.2
MZ962720.1	k141_38378	17502	79.421	4286	737	3686
MZ962720.1	k141_38378	17502	79.421	4286	737	3686
MZ962720.1	k141_38378	17502	77.613	1952	395	1530
MZ962720.1	k141_38378	17502	74.766	2243	515	1454
MZ962720.1	k141_38378	17502	73.394	996	215	593
MZ962720.1	k141_38378	17502	79.931	578	110	517
MZ962720.1	k141_38378	17502	79.931	578	110	517
MZ962720.1	k141_38378	17502	79.167	336	68	288
MZ962720.1	k141_38378	17502	91.000	100	8	137
MZ962720.1	k141_38378	17502	90.244	41	4	57.2
MZ962720.1	k141_38378	17502	73.077	78	20	43.7
MZ962720.1	k141_38378	17502	73.077	78	20	43.7
MZ962720.1	k141_32215	3262	71.904	1171	280	606
MZ962720.1	k141_32215	3262	71.904	1171	280	606
MZ962720.1	k141_44973	1312	73.340	994	208	605
MZ962720.1	k141_44973	1312	73.340	994	208	605
MZ962720.1	k141_44973	1312	70.164	305	65	137
MZ962720.1	k141_33585	41359	84.100	522	62	560
MZ962720.1	k141_33585	41359	84.100	522	62	560
MZ962720.1	k141_33585	41359	76.720	567	63	450
MZ962720.1	k141_33585	41359	76.720	567	63	450
MZ962720.1	k141_60726	1094	74.108	869	209	527
MZ962720.1	k141_60726	1094	74.108	869	209	527
MZ962720.1	k141_67368	48162	69.750	919	215	389
MZ962720.1	k141_67368	48162	69.750	919	215	389
MZ962720.1	k141_67368	48162	82.114	123	19	113
MZ962720.1	k141_67368	48162	82.114	123	19	113
MZ962720.1	k141_67368	48162	75.758	132	28	89.7
MZ962720.1	k141_67368	48162	75.758	132	28	89.7
MZ962720.1	k141_67368	48162	70.886	158	39	71.6
MZ962720.1	k141_67368	48162	70.886	158	39	71.6
MZ962720.1	k141_13431	1373	68.515	1010	261	350
MZ962720.1	k141_13431	1373	68.515	1010	261	350
MZ962720.1	k141_103084	7160	74.721	538	95	341
MZ962720.1	k141_103084	7160	74.721	538	95	341
MZ962720.1	k141_103084	7160	75.318	393	58	285
MZ962720.1	k141_103084	7160	75.318	393	58	285
MZ962720.1	k141_84416	691	73.157	529	105	312
MZ962720.1	k141_84416	691	73.157	529	105	312
MZ962720.1	k141_101418	4221	70.336	745	194	309
MZ962720.1	k141_101418	4221	70.336	745	194	309
MZ962720.1	k141_101418	4221	86.667	60	8	73.4
MZ962720.1	k141_101418	4221	86.667	60	8	73.4
MZ962720.1	k141_101418	4221	86.667	60	8	73.4
MZ962720.1	k141_44472	514	75.346	361	59	233
MZ962720.1	k141_44472	514	75.346	361	59	233
MZ962720.1	k141_44472	514	72.078	308	56	150
MZ962720.1	k141_10806	8043	65.371	823	244	201
MZ962720.1	k141_33417	315	73.897	272	66	171
MZ962720.1	k141_33417	315	73.897	272	66	171
MZ962720.1	k141_107380	734	66.608	569	128	145
MZ962720.1	k141_107380	734	66.608	569	128	145
MZ962720.1	k141_48769	711	77.717	184	30	140
MZ962720.1	k141_79604	2058	79.412	170	27	139
MZ962720.1	k141_79604	2058	79.412	170	27	139
MZ962720.1	k141_76110	536	80.000	140	19	131
MZ962720.1	k141_55086	3775	94.737	76	4	120
MZ962720.1	k141_32736	428	90.361	83	8	114
MZ962720.1	k141_32736	428	90.361	83	8	114
MZ962720.1	k141_25315	574	72.043	186	51	98.7
MZ962720.1	k141_25315	574	72.043	186	51	98.7
MZ962720.1	k141_105777	3500	76.296	135	28	95.1
MZ962720.1	k141_45633	467	70.103	194	47	77.0
MZ962720.1	k141_45633	467	70.103	194	47	77.0
MZ962720.1	k141_43324	302	92.000	50	4	73.4
MZ962720.1	k141_43324	302	92.000	50	4	73.4
MZ962720.1	k141_48085	1475	100.000	39	0	71.6
MZ962720.1	k141_48085	1475	100.000	39	0	71.6
MZ962720.1	k141_8956	394	84.127	63	10	69.8
MZ962720.1	k141_8956	394	84.127	63	10	69.8
MZ962720.1	k141_5322	368	65.233	279	89	65.3
MZ962720.1	k141_101270	5687	76.000	75	18	55.4
MZ962720.1	k141_101270	5687	76.000	75	18	55.4
MZ962720.1	k141_78791	812	69.231	130	40	55.4
MZ962720.1	k141_13641	314	76.389	72	17	54.5
MZ962720.1	k141_101311	823	86.486	37	5	45.5
MZ962720.1	k141_101311	823	86.486	37	5	45.5
MZ962720.1	k141_86698	417	83.784	37	6	41.0
MZ962720.1	k141_86698	417	83.784	37	6	41.0
MZ962720.1	k141_86698	417	83.784	37	6	41.0
MH569081.1	k141_3287	83838	86.434	5396	643	6399
MH569081.1	k141_3287	83838	81.712	3844	626	3752
MH569081.1	k141_3287	83838	77.728	4647	712	3641
MH569081.1	k141_3287	83838	88.799	2473	277	3212
MH569081.1	k141_3287	83838	79.034	3353	608	2865
MH569081.1	k141_3287	83838	80.937	2413	368	2267
MH569081.1	k141_3287	83838	83.732	1924	298	2050
MH569081.1	k141_3287	83838	86.564	1496	194	1790
MH569081.1	k141_3287	83838	86.040	1447	158	1676
MH569081.1	k141_3287	83838	80.703	1793	286	1643
MH569081.1	k141_3287	83838	73.237	2212	484	1292
MH569081.1	k141_3287	83838	74.284	1956	340	1227
MH569081.1	k141_3287	83838	73.679	1892	377	1182
MH569081.1	k141_3287	83838	84.470	1056	156	1159
MH569081.1	k141_3287	83838	83.017	1001	114	1036
MH569081.1	k141_3287	83838	84.044	915	126	984
MH569081.1	k141_3287	83838	68.370	2368	587	820
MH569081.1	k141_3287	83838	75.354	1201	170	815
MH569081.1	k141_3287	83838	83.359	655	90	685
MH569081.1	k141_3287	83838	79.600	750	148	650
MH569081.1	k141_3287	83838	74.197	965	167	616
MH569081.1	k141_3287	83838	80.469	640	125	591
MH569081.1	k141_3287	83838	82.060	563	98	559
MH569081.1	k141_3287	83838	74.089	741	170	469
MH569081.1	k141_3287	83838	71.253	974	153	456
MH569081.1	k141_3287	83838	78.409	528	75	416
MH569081.1	k141_3287	83838	88.065	310	33	388
MH569081.1	k141_3287	83838	77.137	503	101	384
MH569081.1	k141_3287	83838	75.577	520	115	359
MH569081.1	k141_3287	83838	72.771	617	109	351
MH569081.1	k141_3287	83838	80.547	329	24	315
MH569081.1	k141_3287	83838	70.130	693	129	306
MH569081.1	k141_3287	83838	82.353	306	41	303
MH569081.1	k141_3287	83838	70.447	582	124	287
MH569081.1	k141_3287	83838	67.757	856	153	285
MH569081.1	k141_3287	83838	86.250	240	30	283
MH569081.1	k141_3287	83838	85.463	227	28	261
MH569081.1	k141_3287	83838	80.077	261	32	237
MH569081.1	k141_3287	83838	76.687	326	62	236
MH569081.1	k141_3287	83838	72.796	397	57	222
MH569081.1	k141_3287	83838	85.714	189	21	221
MH569081.1	k141_3287	83838	78.030	264	52	216
MH569081.1	k141_3287	83838	78.030	264	52	216
MH569081.1	k141_3287	83838	77.936	281	55	216
MH569081.1	k141_3287	83838	86.826	167	21	199
MH569081.1	k141_3287	83838	75.445	281	69	196
MH569081.1	k141_3287	83838	87.742	155	19	195
MH569081.1	k141_3287	83838	68.300	653	140	188
MH569081.1	k141_3287	83838	86.928	153	20	187
MH569081.1	k141_3287	83838	76.818	220	51	168
MH569081.1	k141_3287	83838	87.903	124	10	152
MH569081.1	k141_3287	83838	100.000	82	0	149
MH569081.1	k141_3287	83838	100.000	82	0	149
MH569081.1	k141_3287	83838	90.816	98	4	137
MH569081.1	k141_3287	83838	93.478	92	5	136
MH569081.1	k141_3287	83838	78.182	165	36	136
MH569081.1	k141_3287	83838	83.465	127	21	135
MH569081.1	k141_3287	83838	98.667	75	1	132
MH569081.1	k141_3287	83838	80.714	140	27	132
MH569081.1	k141_3287	83838	80.714	140	27	132
MH569081.1	k141_3287	83838	91.765	85	7	123
MH569081.1	k141_3287	83838	74.000	200	37	123
MH569081.1	k141_3287	83838	92.500	80	6	118
MH569081.1	k141_3287	83838	92.593	81	5	116
MH569081.1	k141_3287	83838	68.841	276	49	108
MH569081.1	k141_3287	83838	78.226	124	27	103
MH569081.1	k141_3287	83838	89.474	76	8	102
MH569081.1	k141_3287	83838	81.690	71	12	67.1
MH569081.1	k141_3287	83838	78.571	70	15	59.9
MH569081.1	k141_3287	83838	82.090	67	9	57.2
MH569081.1	k141_3287	83838	86.667	45	6	55.4
MH569081.1	k141_3287	83838	86.667	45	6	55.4
MH569081.1	k141_3287	83838	69.828	116	35	52.7
MH569081.1	k141_3287	83838	81.633	49	9	49.1
MH569081.1	k141_84686	25341	90.879	4166	251	5813
MH569081.1	k141_84686	25341	90.879	4166	251	5813
MH569081.1	k141_84686	25341	92.183	3032	154	4362
MH569081.1	k141_84686	25341	92.183	3032	154	4362
MH569081.1	k141_84686	25341	91.023	2963	179	4106
MH569081.1	k141_84686	25341	91.023	2963	179	4106
MH569081.1	k141_84686	25341	88.563	2317	143	2973
MH569081.1	k141_84686	25341	88.563	2317	143	2973
MH569081.1	k141_84686	25341	83.282	969	113	1012
MH569081.1	k141_84686	25341	83.282	969	113	1012
MH569081.1	k141_84686	25341	81.465	874	144	840
MH569081.1	k141_84686	25341	81.465	874	144	840
MH569081.1	k141_84686	25341	77.176	850	108	615
MH569081.1	k141_84686	25341	77.176	850	108	615
MH569081.1	k141_84686	25341	77.679	784	122	610
MH569081.1	k141_84686	25341	77.679	784	122	610
MH569081.1	k141_84686	25341	88.046	435	51	547
MH569081.1	k141_84686	25341	88.046	435	51	547
MH569081.1	k141_84686	25341	82.826	460	64	470
MH569081.1	k141_84686	25341	82.826	460	64	470
MH569081.1	k141_84686	25341	76.227	387	36	321
MH569081.1	k141_84686	25341	76.227	387	36	321
MH569081.1	k141_84686	25341	78.723	188	37	158
MH569081.1	k141_84686	25341	78.723	188	37	158
MH569081.1	k141_84686	25341	78.431	102	17	81.5
MH569081.1	k141_84686	25341	92.453	53	3	75.2
MH569081.1	k141_84686	25341	92.453	53	3	75.2
MH569081.1	k141_84686	25341	91.667	48	4	69.8
MH569081.1	k141_84686	25341	92.857	42	3	63.5
MH569081.1	k141_84686	25341	92.857	42	3	63.5
MH569081.1	k141_38378	17502	77.626	2704	488	2111
MH569081.1	k141_38378	17502	79.563	2016	355	1763
MH569081.1	k141_38378	17502	74.614	2269	501	1442
MH569081.1	k141_38378	17502	78.830	1436	255	1187
MH569081.1	k141_38378	17502	76.633	980	198	710
MH569081.1	k141_38378	17502	75.023	1069	245	695
MH569081.1	k141_38378	17502	77.239	536	105	401
MH569081.1	k141_38378	17502	74.641	209	44	129
MH569081.1	k141_38378	17502	89.583	96	10	129
MH569081.1	k141_38378	17502	87.629	97	12	122
MH569081.1	k141_38378	17502	87.629	97	12	122
MH569081.1	k141_38378	17502	90.476	42	4	59.0
MH569081.1	k141_38378	17502	74.390	82	19	51.8
MH569081.1	k141_38378	17502	84.211	38	6	42.8
MH569081.1	k141_38378	17502	84.211	38	6	42.8
MH569081.1	k141_44973	1312	74.470	991	198	656
MH569081.1	k141_44973	1312	74.470	991	198	656
MH569081.1	k141_32215	3262	72.222	1170	274	633
MH569081.1	k141_32215	3262	72.222	1170	274	633
MH569081.1	k141_32215	3262	69.332	1063	275	408
MH569081.1	k141_32215	3262	69.332	1063	275	408
MH569081.1	k141_33585	41359	86.898	519	55	628
MH569081.1	k141_33585	41359	86.898	519	55	628
MH569081.1	k141_33585	41359	79.213	534	54	483
MH569081.1	k141_33585	41359	79.213	534	54	483
MH569081.1	k141_60726	1094	75.029	869	198	557
MH569081.1	k141_60726	1094	75.029	869	198	557
MH569081.1	k141_84416	691	79.084	502	97	413
MH569081.1	k141_84416	691	79.084	502	97	413
MH569081.1	k141_67368	48162	69.903	927	205	400
MH569081.1	k141_67368	48162	69.903	927	205	400
MH569081.1	k141_67368	48162	83.486	109	16	109
MH569081.1	k141_67368	48162	83.486	109	16	109
MH569081.1	k141_67368	48162	64.245	523	140	98.7
MH569081.1	k141_67368	48162	64.245	523	140	98.7
MH569081.1	k141_67368	48162	80.000	95	18	83.3
MH569081.1	k141_67368	48162	80.000	95	18	83.3
MH569081.1	k141_13431	1373	69.087	1019	248	366
MH569081.1	k141_13431	1373	69.087	1019	248	366
MH569081.1	k141_101418	4221	71.448	746	182	324
MH569081.1	k141_101418	4221	71.448	746	182	324
MH569081.1	k141_101418	4221	82.353	85	15	86.9
MH569081.1	k141_101418	4221	82.353	85	15	86.9
MH569081.1	k141_101418	4221	88.333	60	7	77.9
MH569081.1	k141_101418	4221	88.333	60	7	77.9
MH569081.1	k141_103084	7160	73.143	525	97	297
MH569081.1	k141_103084	7160	73.737	396	64	255
MH569081.1	k141_44472	514	75.833	360	59	242
MH569081.1	k141_44472	514	75.833	360	59	242
MH569081.1	k141_10806	8043	71.642	402	104	203
MH569081.1	k141_33417	315	72.628	274	68	159
MH569081.1	k141_33417	315	72.628	274	68	159
MH569081.1	k141_107380	734	67.135	569	130	154
MH569081.1	k141_107380	734	67.135	569	130	154
MH569081.1	k141_48769	711	77.838	185	30	141
MH569081.1	k141_32736	428	95.181	83	4	132
MH569081.1	k141_32736	428	95.181	83	4	132
MH569081.1	k141_79604	2058	78.107	169	29	128
MH569081.1	k141_55086	3775	94.737	76	4	120
MH569081.1	k141_76110	536	78.102	137	21	116
MH569081.1	k141_25315	574	73.196	194	51	113
MH569081.1	k141_25315	574	73.196	194	51	113
MH569081.1	k141_110206	418	89.041	73	7	93.3
MH569081.1	k141_110206	418	89.041	73	7	93.3
MH569081.1	k141_43324	302	89.231	65	7	86.9
MH569081.1	k141_43324	302	89.231	65	7	86.9
MH569081.1	k141_45633	467	70.745	188	49	84.2
MH569081.1	k141_45633	467	70.745	188	49	84.2
MH569081.1	k141_110334	321	87.692	65	8	82.4
MH569081.1	k141_110334	321	87.692	65	8	82.4
MH569081.1	k141_48085	1475	100.000	39	0	71.6
MH569081.1	k141_48085	1475	100.000	39	0	71.6
MH569081.1	k141_8956	394	84.127	63	10	69.8
MH569081.1	k141_8956	394	84.127	63	10	69.8
MH569081.1	k141_105777	3500	72.388	134	35	68.9
MH569081.1	k141_5322	368	65.789	266	85	67.1
MH569081.1	k141_13641	314	79.730	74	15	67.1
MH569081.1	k141_16539	13177	88.235	51	6	66.2
MH569081.1	k141_16539	13177	88.235	51	6	66.2
MH569081.1	k141_111973	421	78.667	75	16	64.4
MH569081.1	k141_14823	516	77.215	79	18	62.6
MH569081.1	k141_89307	961	75.000	84	12	61.7
MH569081.1	k141_101270	5687	77.333	75	17	59.9
MH569081.1	k141_5810	314	84.000	50	8	55.4
MH569081.1	k141_5810	314	84.000	50	8	55.4
MH569081.1	k141_115805	422	82.222	45	8	46.4
MH569081.1	k141_78791	812	71.084	83	24	42.8
NC_033978.1	k141_84686	25341	91.977	11268	590	16186
NC_033978.1	k141_84686	25341	93.053	10739	459	15943
NC_033978.1	k141_84686	25341	90.873	7954	477	11188
NC_033978.1	k141_84686	25341	90.873	7954	477	11188
NC_033978.1	k141_84686	25341	93.863	4709	170	7194
NC_033978.1	k141_84686	25341	93.863	4709	170	7194
NC_033978.1	k141_84686	25341	83.807	951	54	1031
NC_033978.1	k141_84686	25341	83.807	951	54	1031
NC_033978.1	k141_84686	25341	90.597	670	38	925
NC_033978.1	k141_84686	25341	91.411	489	25	695
NC_033978.1	k141_84686	25341	100.000	38	0	69.8
NC_033978.1	k141_84686	25341	92.857	42	3	63.5
NC_033978.1	k141_3287	83838	84.793	12665	1617	14089
NC_033978.1	k141_3287	83838	90.062	5776	499	7780
NC_033978.1	k141_3287	83838	77.827	9295	1248	7456
NC_033978.1	k141_3287	83838	81.734	6482	860	6270
NC_033978.1	k141_3287	83838	88.094	3074	299	3869
NC_033978.1	k141_3287	83838	80.976	3853	523	3622
NC_033978.1	k141_3287	83838	86.757	2945	294	3550
NC_033978.1	k141_3287	83838	85.662	1925	215	2193
NC_033978.1	k141_3287	83838	81.538	2107	303	2052
NC_033978.1	k141_3287	83838	92.259	1266	85	1836
NC_033978.1	k141_3287	83838	74.668	2712	559	1761
NC_033978.1	k141_3287	83838	74.835	2420	447	1576
NC_033978.1	k141_3287	83838	84.020	1189	142	1273
NC_033978.1	k141_3287	83838	80.304	1249	144	1150
NC_033978.1	k141_3287	83838	81.013	1027	107	999
NC_033978.1	k141_3287	83838	80.020	1016	134	881
NC_033978.1	k141_3287	83838	88.106	681	77	863
NC_033978.1	k141_3287	83838	85.609	681	90	781
NC_033978.1	k141_3287	83838	77.743	957	138	739
NC_033978.1	k141_3287	83838	72.867	1172	178	667
NC_033978.1	k141_3287	83838	71.132	1299	234	618
NC_033978.1	k141_3287	83838	72.055	1027	200	498
NC_033978.1	k141_3287	83838	78.735	569	87	453
NC_033978.1	k141_3287	83838	78.906	512	69	414
NC_033978.1	k141_3287	83838	82.524	412	45	394
NC_033978.1	k141_3287	83838	87.213	305	16	387
NC_033978.1	k141_3287	83838	72.214	691	110	361
NC_033978.1	k141_3287	83838	75.529	425	60	293
NC_033978.1	k141_3287	83838	82.770	296	29	293
NC_033978.1	k141_3287	83838	80.374	321	42	283
NC_033978.1	k141_3287	83838	94.231	156	9	242
NC_033978.1	k141_3287	83838	90.058	171	17	233
NC_033978.1	k141_3287	83838	83.871	217	28	227
NC_033978.1	k141_3287	83838	90.196	153	14	205
NC_033978.1	k141_3287	83838	90.071	141	14	192
NC_033978.1	k141_3287	83838	85.890	163	17	183
NC_033978.1	k141_3287	83838	96.040	101	4	165
NC_033978.1	k141_3287	83838	83.974	156	22	159
NC_033978.1	k141_3287	83838	87.023	131	10	158
NC_033978.1	k141_3287	83838	97.701	87	2	149
NC_033978.1	k141_3287	83838	100.000	82	0	149
NC_033978.1	k141_3287	83838	79.394	165	28	146
NC_033978.1	k141_3287	83838	69.940	336	63	132
NC_033978.1	k141_3287	83838	76.970	165	38	127
NC_033978.1	k141_3287	83838	82.645	121	21	124
NC_033978.1	k141_3287	83838	82.456	114	11	115
NC_033978.1	k141_3287	83838	78.571	70	12	58.1
NC_033978.1	k141_3287	83838	86.667	45	6	55.4
NC_033978.1	k141_3287	83838	86.667	45	6	55.4
NC_033978.1	k141_3287	83838	74.242	66	17	43.7
NC_033978.1	k141_38378	17502	82.234	2758	384	2735
NC_033978.1	k141_38378	17502	80.950	2252	403	2124
NC_033978.1	k141_38378	17502	83.137	2040	298	2107
NC_033978.1	k141_38378	17502	70.310	3907	964	1782
NC_033978.1	k141_38378	17502	84.701	1340	177	1473
NC_033978.1	k141_38378	17502	78.553	1161	190	957
NC_033978.1	k141_38378	17502	80.682	968	167	894
NC_033978.1	k141_38378	17502	80.292	274	45	237
NC_033978.1	k141_38378	17502	84.656	189	19	206
NC_033978.1	k141_38378	17502	92.857	42	3	63.5
NC_033978.1	k141_38378	17502	84.211	38	6	42.8
NC_033978.1	k141_38378	17502	84.211	38	6	42.8
NC_033978.1	k141_33585	41359	88.632	519	46	669
NC_033978.1	k141_33585	41359	88.632	519	46	669
NC_033978.1	k141_33585	41359	78.846	572	55	515
NC_033978.1	k141_33585	41359	78.846	572	55	515
NC_033978.1	k141_44973	1312	74.672	991	196	661
NC_033978.1	k141_44973	1312	74.672	991	196	661
NC_033978.1	k141_32215	3262	71.611	1173	276	612
NC_033978.1	k141_32215	3262	71.611	1173	276	612
NC_033978.1	k141_32215	3262	67.692	1430	374	427
NC_033978.1	k141_32215	3262	67.692	1430	374	427
NC_033978.1	k141_101743	6141	78.902	692	81	595
NC_033978.1	k141_101743	6141	78.902	692	81	595
NC_033978.1	k141_60726	1094	74.453	869	204	547
NC_033978.1	k141_60726	1094	74.453	869	204	547
NC_033978.1	k141_84416	691	80.838	501	90	468
NC_033978.1	k141_84416	691	80.838	501	90	468
NC_033978.1	k141_103084	7160	77.656	546	81	423
NC_033978.1	k141_103084	7160	76.570	414	57	324
NC_033978.1	k141_67368	48162	70.247	931	196	405
NC_033978.1	k141_67368	48162	70.247	931	196	405
NC_033978.1	k141_67368	48162	82.456	114	17	105
NC_033978.1	k141_67368	48162	82.456	114	17	105
NC_033978.1	k141_67368	48162	63.985	522	143	90.6
NC_033978.1	k141_67368	48162	63.985	522	143	90.6
NC_033978.1	k141_13431	1373	69.163	1015	245	364
NC_033978.1	k141_13431	1373	69.163	1015	245	364
NC_033978.1	k141_101418	4221	72.386	746	175	355
NC_033978.1	k141_101418	4221	72.386	746	175	355
NC_033978.1	k141_101418	4221	83.529	85	14	91.5
NC_033978.1	k141_101418	4221	83.529	85	14	91.5
NC_033978.1	k141_101418	4221	85.000	60	9	68.9
NC_033978.1	k141_101418	4221	85.000	60	9	68.9
NC_033978.1	k141_10806	8043	66.082	855	255	240
NC_033978.1	k141_44472	514	75.556	360	60	238
NC_033978.1	k141_44472	514	75.556	360	60	238
NC_033978.1	k141_66262	360	95.000	140	7	222
NC_033978.1	k141_66262	360	95.000	140	7	222
NC_033978.1	k141_107380	734	68.198	566	125	192
NC_033978.1	k141_107380	734	68.198	566	125	192
NC_033978.1	k141_33417	315	74.721	269	66	177
NC_033978.1	k141_33417	315	74.721	269	66	177
NC_033978.1	k141_117326	476	82.734	139	12	150
NC_033978.1	k141_117326	476	82.734	139	12	150
NC_033978.1	k141_79604	2058	79.558	181	27	147
NC_033978.1	k141_32736	428	96.512	86	3	142
NC_033978.1	k141_32736	428	96.512	86	3	142
NC_033978.1	k141_76110	536	79.195	149	22	133
NC_033978.1	k141_55086	3775	94.737	76	4	120
NC_033978.1	k141_56886	772	83.636	110	17	114
NC_033978.1	k141_56886	772	81.818	44	3	44.6
NC_033978.1	k141_25315	574	73.656	186	48	112
NC_033978.1	k141_25315	574	73.656	186	48	112
NC_033978.1	k141_104808	397	90.789	76	7	106
NC_033978.1	k141_14823	516	88.608	79	9	103
NC_033978.1	k141_110206	418	91.781	73	5	102
NC_033978.1	k141_110206	418	91.781	73	5	102
NC_033978.1	k141_41263	437	81.522	92	6	96.0
NC_033978.1	k141_41263	437	81.522	92	6	96.0
NC_033978.1	k141_43324	302	92.308	65	5	96.0
NC_033978.1	k141_43324	302	92.308	65	5	96.0
NC_033978.1	k141_45633	467	71.809	188	47	93.3
NC_033978.1	k141_45633	467	71.809	188	47	93.3
NC_033978.1	k141_12931	311	77.273	110	16	86.0
NC_033978.1	k141_80249	378	86.765	68	9	83.3
NC_033978.1	k141_110334	321	80.460	87	17	81.5
NC_033978.1	k141_16539	13177	88.235	51	6	66.2
NC_033978.1	k141_16539	13177	88.235	51	6	66.2
NC_033978.1	k141_35077	309	100.000	35	0	64.4
NC_033978.1	k141_90552	592	100.000	35	0	64.4
NC_033978.1	k141_5810	314	87.755	49	6	62.6
NC_033978.1	k141_5810	314	87.755	49	6	62.6
NC_033978.1	k141_48085	1475	94.872	39	2	62.6
NC_033978.1	k141_48085	1475	94.872	39	2	62.6
NC_033978.1	k141_5322	368	65.543	267	84	61.7
NC_033978.1	k141_81920	1229	82.759	58	10	60.8
NC_033978.1	k141_81920	1229	82.759	58	10	60.8
NC_033978.1	k141_105777	3500	76.250	80	19	59.9
NC_033978.1	k141_78791	812	66.784	283	82	58.1
NC_033978.1	k141_101270	5687	76.000	75	18	55.4
NC_033978.1	k141_13641	314	76.389	72	17	54.5
NC_033978.1	k141_26955	539	86.486	37	5	45.5
NC_033978.1	k141_2443	934	83.784	37	6	41.0
MW006668.1	k141_84686	25341	93.289	8330	310	12466
MW006668.1	k141_84686	25341	93.289	8330	310	12466
MW006668.1	k141_84686	25341	90.214	4803	358	6518
MW006668.1	k141_84686	25341	72.428	2829	433	1615
MW006668.1	k141_84686	25341	84.421	1348	161	1493
MW006668.1	k141_84686	25341	72.969	1428	195	837
MW006668.1	k141_84686	25341	85.865	474	39	561
MW006668.1	k141_84686	25341	85.865	474	39	561
MW006668.1	k141_84686	25341	72.408	569	70	352
MW006668.1	k141_84686	25341	84.892	278	34	311
MW006668.1	k141_84686	25341	84.892	278	34	311
MW006668.1	k141_84686	25341	80.537	149	21	137
MW006668.1	k141_84686	25341	80.537	149	21	137
MW006668.1	k141_84686	25341	66.341	410	99	131
MW006668.1	k141_84686	25341	66.341	410	99	131
MW006668.1	k141_84686	25341	83.761	117	12	128
MW006668.1	k141_84686	25341	65.275	527	137	96.0
MW006668.1	k141_84686	25341	65.275	527	137	96.0
MW006668.1	k141_84686	25341	70.270	185	43	93.3
MW006668.1	k141_84686	25341	70.270	185	43	93.3
MW006668.1	k141_84686	25341	70.270	185	43	93.3
MW006668.1	k141_84686	25341	70.270	185	43	93.3
MW006668.1	k141_84686	25341	64.896	527	139	91.5
MW006668.1	k141_84686	25341	64.896	527	139	91.5
MW006668.1	k141_84686	25341	64.896	527	139	90.6
MW006668.1	k141_84686	25341	64.896	527	139	90.6
MW006668.1	k141_84686	25341	70.053	187	43	88.7
MW006668.1	k141_84686	25341	78.095	105	19	86.0
MW006668.1	k141_84686	25341	73.770	122	20	83.3
MW006668.1	k141_84686	25341	73.770	122	20	83.3
MW006668.1	k141_84686	25341	64.706	527	140	82.4
MW006668.1	k141_84686	25341	64.706	527	140	82.4
MW006668.1	k141_84686	25341	64.706	527	140	82.4
MW006668.1	k141_84686	25341	64.706	527	140	82.4
MW006668.1	k141_84686	25341	100.000	41	0	75.2
MW006668.1	k141_84686	25341	100.000	41	0	75.2
MW006668.1	k141_84686	25341	87.719	57	7	72.5
MW006668.1	k141_84686	25341	87.719	57	7	72.5
MW006668.1	k141_84686	25341	92.857	42	3	63.5
MW006668.1	k141_3287	83838	81.041	9320	1444	8772
MW006668.1	k141_3287	83838	89.795	5517	485	7378
MW006668.1	k141_3287	83838	82.355	4619	608	4622
MW006668.1	k141_3287	83838	79.403	4928	720	4217
MW006668.1	k141_3287	83838	83.760	3824	419	4081
MW006668.1	k141_3287	83838	86.223	3368	445	3964
MW006668.1	k141_3287	83838	78.565	3121	401	2611
MW006668.1	k141_3287	83838	87.998	1783	197	2240
MW006668.1	k141_3287	83838	75.197	3173	593	2120
MW006668.1	k141_3287	83838	86.201	1790	221	2103
MW006668.1	k141_3287	83838	81.703	1973	307	1939
MW006668.1	k141_3287	83838	77.168	1822	327	1419
MW006668.1	k141_3287	83838	77.771	1714	230	1397
MW006668.1	k141_3287	83838	92.246	877	62	1268
MW006668.1	k141_3287	83838	92.246	877	62	1268
MW006668.1	k141_3287	83838	84.868	1097	124	1219
MW006668.1	k141_3287	83838	80.285	1263	163	1157
MW006668.1	k141_3287	83838	71.074	2178	417	965
MW006668.1	k141_3287	83838	89.153	673	57	882
MW006668.1	k141_3287	83838	72.182	1535	295	877
MW006668.1	k141_3287	83838	73.304	1356	220	789
MW006668.1	k141_3287	83838	84.334	683	101	742
MW006668.1	k141_3287	83838	80.780	744	98	666
MW006668.1	k141_3287	83838	72.618	1249	209	637
MW006668.1	k141_3287	83838	72.618	1249	209	637
MW006668.1	k141_3287	83838	80.670	657	91	627
MW006668.1	k141_3287	83838	72.914	731	116	442
MW006668.1	k141_3287	83838	88.274	307	13	404
MW006668.1	k141_3287	83838	72.230	731	143	399
MW006668.1	k141_3287	83838	72.230	731	143	399
MW006668.1	k141_3287	83838	71.154	884	179	397
MW006668.1	k141_3287	83838	81.389	360	51	340
MW006668.1	k141_3287	83838	73.507	536	71	328
MW006668.1	k141_3287	83838	74.723	451	77	288
MW006668.1	k141_3287	83838	84.146	246	18	260
MW006668.1	k141_3287	83838	88.500	200	20	256
MW006668.1	k141_3287	83838	89.011	182	20	239
MW006668.1	k141_3287	83838	71.662	367	56	210
MW006668.1	k141_3287	83838	71.662	367	56	210
MW006668.1	k141_3287	83838	89.677	155	16	208
MW006668.1	k141_3287	83838	83.784	185	30	199
MW006668.1	k141_3287	83838	74.203	345	60	198
MW006668.1	k141_3287	83838	68.136	590	122	191
MW006668.1	k141_3287	83838	72.832	346	67	171
MW006668.1	k141_3287	83838	83.832	167	23	170
MW006668.1	k141_3287	83838	85.106	141	21	160
MW006668.1	k141_3287	83838	79.235	183	36	157
MW006668.1	k141_3287	83838	96.667	90	3	150
MW006668.1	k141_3287	83838	98.824	85	1	150
MW006668.1	k141_3287	83838	78.659	164	30	134
MW006668.1	k141_3287	83838	87.037	108	11	131
MW006668.1	k141_3287	83838	93.902	82	5	126
MW006668.1	k141_3287	83838	93.902	82	5	126
MW006668.1	k141_3287	83838	74.429	219	43	123
MW006668.1	k141_3287	83838	75.882	170	41	123
MW006668.1	k141_3287	83838	81.818	121	22	120
MW006668.1	k141_3287	83838	74.545	165	42	109
MW006668.1	k141_3287	83838	84.694	98	8	107
MW006668.1	k141_3287	83838	84.884	86	11	95.1
MW006668.1	k141_3287	83838	83.544	79	13	85.1
MW006668.1	k141_3287	83838	69.298	228	48	85.1
MW006668.1	k141_3287	83838	84.211	57	9	63.5
MW006668.1	k141_3287	83838	84.211	57	9	63.5
MW006668.1	k141_3287	83838	89.362	47	5	63.5
MW006668.1	k141_3287	83838	86.667	45	6	55.4
MW006668.1	k141_3287	83838	80.851	47	8	41.9
MW006668.1	k141_3287	83838	74.194	62	16	41.0
MW006668.1	k141_38378	17502	82.418	2730	393	2735
MW006668.1	k141_38378	17502	82.418	2730	393	2735
MW006668.1	k141_38378	17502	84.039	2055	286	2216
MW006668.1	k141_38378	17502	84.039	2055	286	2216
MW006668.1	k141_38378	17502	77.512	2259	485	1773
MW006668.1	k141_38378	17502	83.483	1338	191	1417
MW006668.1	k141_38378	17502	83.483	1338	191	1417
MW006668.1	k141_38378	17502	78.180	1187	189	960
MW006668.1	k141_38378	17502	78.180	1187	189	960
MW006668.1	k141_38378	17502	80.539	1002	177	918
MW006668.1	k141_38378	17502	80.539	1002	177	918
MW006668.1	k141_38378	17502	83.251	203	34	214
MW006668.1	k141_38378	17502	83.251	203	34	214
MW006668.1	k141_38378	17502	85.906	149	20	171
MW006668.1	k141_38378	17502	85.906	149	20	171
MW006668.1	k141_38378	17502	93.023	43	3	65.3
MW006668.1	k141_38378	17502	86.842	38	5	47.3
MW006668.1	k141_38378	17502	80.000	50	10	46.4
MW006668.1	k141_32215	3262	72.626	1169	277	646
MW006668.1	k141_32215	3262	72.626	1169	277	646
MW006668.1	k141_32215	3262	68.561	1056	281	373
MW006668.1	k141_32215	3262	68.561	1056	281	373
MW006668.1	k141_44973	1312	74.522	993	205	640
MW006668.1	k141_44973	1312	74.522	993	205	640
MW006668.1	k141_33585	41359	86.898	519	50	628
MW006668.1	k141_33585	41359	86.898	519	50	628
MW006668.1	k141_33585	41359	79.189	567	52	519
MW006668.1	k141_33585	41359	79.189	567	52	519
MW006668.1	k141_60726	1094	74.368	870	203	542
MW006668.1	k141_60726	1094	74.368	870	203	542
MW006668.1	k141_84416	691	80.040	501	93	437
MW006668.1	k141_84416	691	80.040	501	93	437
MW006668.1	k141_67368	48162	69.935	928	204	385
MW006668.1	k141_67368	48162	69.935	928	204	385
MW006668.1	k141_67368	48162	83.486	109	16	109
MW006668.1	k141_67368	48162	83.486	109	16	109
MW006668.1	k141_67368	48162	75.758	132	29	88.7
MW006668.1	k141_67368	48162	75.758	132	29	88.7
MW006668.1	k141_67368	48162	63.636	429	116	76.1
MW006668.1	k141_67368	48162	63.636	429	116	76.1
MW006668.1	k141_103084	7160	76.030	534	87	370
MW006668.1	k141_103084	7160	76.030	534	87	370
MW006668.1	k141_103084	7160	77.094	406	53	323
MW006668.1	k141_103084	7160	77.094	406	53	323
MW006668.1	k141_13431	1373	68.867	1015	243	360
MW006668.1	k141_13431	1373	68.867	1015	243	360
MW006668.1	k141_101418	4221	71.046	746	186	323
MW006668.1	k141_101418	4221	71.046	746	186	323
MW006668.1	k141_101418	4221	83.529	85	14	91.5
MW006668.1	k141_101418	4221	83.529	85	14	91.5
MW006668.1	k141_101418	4221	83.333	60	10	64.4
MW006668.1	k141_101418	4221	83.333	60	10	64.4
MW006668.1	k141_44472	514	75.346	361	69	228
MW006668.1	k141_44472	514	75.346	361	69	228
MW006668.1	k141_10806	8043	69.860	428	123	187
MW006668.1	k141_101743	6141	75.732	239	32	171
MW006668.1	k141_101743	6141	75.732	239	32	171
MW006668.1	k141_107380	734	67.077	568	128	168
MW006668.1	k141_107380	734	67.077	568	128	168
MW006668.1	k141_33417	315	72.491	269	67	150
MW006668.1	k141_33417	315	72.491	269	67	150
MW006668.1	k141_79604	2058	79.885	174	27	146
MW006668.1	k141_79604	2058	79.885	174	27	146
MW006668.1	k141_48769	711	76.000	200	31	138
MW006668.1	k141_32736	428	96.341	82	3	135
MW006668.1	k141_32736	428	96.341	82	3	135
MW006668.1	k141_76110	536	79.562	137	19	125
MW006668.1	k141_55086	3775	84.615	117	14	125
MW006668.1	k141_25315	574	74.194	186	47	116
MW006668.1	k141_25315	574	74.194	186	47	116
MW006668.1	k141_110206	418	90.411	73	6	97.8
MW006668.1	k141_110206	418	90.411	73	6	97.8
MW006668.1	k141_45633	467	71.078	204	53	95.1
MW006668.1	k141_45633	467	71.078	204	53	95.1
MW006668.1	k141_55854	491	72.674	172	43	89.7
MW006668.1	k141_104808	397	86.765	68	9	83.3
MW006668.1	k141_80249	378	83.099	71	12	75.2
MW006668.1	k141_43324	302	85.714	63	9	74.3
MW006668.1	k141_43324	302	85.714	63	9	74.3
MW006668.1	k141_105777	3500	72.932	133	34	71.6
MW006668.1	k141_56886	772	73.050	141	28	70.7
MW006668.1	k141_14823	516	80.822	73	14	69.8
MW006668.1	k141_48085	1475	97.436	39	1	67.1
MW006668.1	k141_48085	1475	97.436	39	1	67.1
MW006668.1	k141_16539	13177	88.235	51	6	66.2
MW006668.1	k141_16539	13177	88.235	51	6	66.2
MW006668.1	k141_35077	309	100.000	35	0	64.4
MW006668.1	k141_90552	592	100.000	35	0	64.4
MW006668.1	k141_6038	792	85.417	48	7	56.3
MW006668.1	k141_6038	792	85.417	48	7	56.3
MW006668.1	k141_6038	792	85.417	48	7	56.3
MW006668.1	k141_5810	314	84.000	50	8	55.4
MW006668.1	k141_101270	5687	84.444	45	7	50.9
MW006668.1	k141_101270	5687	84.444	45	7	50.9
MW006668.1	k141_5322	368	64.975	197	69	45.5
MW006668.1	k141_43614	700	82.927	41	7	43.7
MW006668.1	k141_43614	700	82.927	41	7	43.7
MW006668.1	k141_78791	812	67.857	112	36	41.0
MW435436.1	k141_84686	25341	92.432	9659	373	14140
MW435436.1	k141_84686	25341	92.432	9659	373	14140
MW435436.1	k141_84686	25341	90.537	7957	504	11063
MW435436.1	k141_84686	25341	90.537	7957	504	11063
MW435436.1	k141_84686	25341	92.773	3321	134	4895
MW435436.1	k141_84686	25341	92.773	3321	134	4895
MW435436.1	k141_84686	25341	84.831	2459	245	2761
MW435436.1	k141_84686	25341	84.831	2459	245	2761
MW435436.1	k141_84686	25341	95.519	1272	51	2030
MW435436.1	k141_84686	25341	95.519	1272	51	2030
MW435436.1	k141_84686	25341	89.226	659	57	864
MW435436.1	k141_84686	25341	89.226	659	57	864
MW435436.1	k141_84686	25341	95.122	41	2	66.2
MW435436.1	k141_3287	83838	84.263	10726	1430	11682
MW435436.1	k141_3287	83838	89.529	5673	515	7516
MW435436.1	k141_3287	83838	84.047	4551	563	4843
MW435436.1	k141_3287	83838	79.988	5202	679	4672
MW435436.1	k141_3287	83838	83.734	3701	419	3919
MW435436.1	k141_3287	83838	84.354	2972	348	3252
MW435436.1	k141_3287	83838	77.475	4080	679	3175
MW435436.1	k141_3287	83838	78.250	3292	505	2715
MW435436.1	k141_3287	83838	85.635	1810	216	2060
MW435436.1	k141_3287	83838	73.048	3510	519	2054
MW435436.1	k141_3287	83838	82.341	2050	304	2041
MW435436.1	k141_3287	83838	83.282	1938	258	2000
MW435436.1	k141_3287	83838	80.344	1572	268	1421
MW435436.1	k141_3287	83838	74.439	2050	407	1283
MW435436.1	k141_3287	83838	84.456	1113	139	1205
MW435436.1	k141_3287	83838	80.266	1277	160	1156
MW435436.1	k141_3287	83838	88.113	673	58	847
MW435436.1	k141_3287	83838	88.527	645	74	830
MW435436.1	k141_3287	83838	78.335	997	140	776
MW435436.1	k141_3287	83838	82.238	715	121	710
MW435436.1	k141_3287	83838	77.699	843	137	647
MW435436.1	k141_3287	83838	84.694	588	76	632
MW435436.1	k141_3287	83838	76.219	677	104	489
MW435436.1	k141_3287	83838	92.049	327	23	471
MW435436.1	k141_3287	83838	72.980	792	134	460
MW435436.1	k141_3287	83838	69.690	904	178	379
MW435436.1	k141_3287	83838	76.173	533	82	362
MW435436.1	k141_3287	83838	72.785	632	95	362
MW435436.1	k141_3287	83838	76.180	466	64	315
MW435436.1	k141_3287	83838	75.532	470	77	310
MW435436.1	k141_3287	83838	82.166	314	52	309
MW435436.1	k141_3287	83838	82.166	314	52	309
MW435436.1	k141_3287	83838	82.470	251	26	258
MW435436.1	k141_3287	83838	80.702	285	43	255
MW435436.1	k141_3287	83838	93.631	157	10	239
MW435436.1	k141_3287	83838	92.258	155	12	226
MW435436.1	k141_3287	83838	93.023	129	9	193
MW435436.1	k141_3287	83838	87.037	162	13	192
MW435436.1	k141_3287	83838	80.711	197	22	177
MW435436.1	k141_3287	83838	92.373	118	9	173
MW435436.1	k141_3287	83838	86.620	142	19	171
MW435436.1	k141_3287	83838	86.620	142	19	171
MW435436.1	k141_3287	83838	82.911	158	24	158
MW435436.1	k141_3287	83838	89.744	117	5	155
MW435436.1	k141_3287	83838	85.714	126	18	147
MW435436.1	k141_3287	83838	92.000	100	6	142
MW435436.1	k141_3287	83838	90.909	99	9	139
MW435436.1	k141_3287	83838	97.468	79	2	134
MW435436.1	k141_3287	83838	68.123	389	72	132
MW435436.1	k141_3287	83838	75.758	165	40	118
MW435436.1	k141_3287	83838	94.805	77	3	118
MW435436.1	k141_3287	83838	85.393	89	13	103
MW435436.1	k141_3287	83838	68.605	258	56	83.3
MW435436.1	k141_3287	83838	86.567	67	9	81.5
MW435436.1	k141_3287	83838	81.013	79	11	66.2
MW435436.1	k141_3287	83838	86.667	45	6	55.4
MW435436.1	k141_3287	83838	86.667	45	6	55.4
MW435436.1	k141_3287	83838	74.194	62	16	41.0
MW435436.1	k141_38378	17502	80.219	4383	642	3960
MW435436.1	k141_38378	17502	78.189	3489	609	2805
MW435436.1	k141_38378	17502	79.529	2252	415	1971
MW435436.1	k141_38378	17502	79.407	1991	364	1730
MW435436.1	k141_38378	17502	69.545	2571	597	1081
MW435436.1	k141_38378	17502	78.051	1180	203	939
MW435436.1	k141_38378	17502	71.513	1183	262	615
MW435436.1	k141_38378	17502	90.476	42	4	59.0
MW435436.1	k141_38378	17502	86.842	38	5	47.3
MW435436.1	k141_38378	17502	86.842	38	5	47.3
MW435436.1	k141_33585	41359	88.439	519	47	664
MW435436.1	k141_33585	41359	88.439	519	47	664
MW435436.1	k141_33585	41359	79.196	572	53	524
MW435436.1	k141_33585	41359	79.196	572	53	524
MW435436.1	k141_44973	1312	74.571	991	197	661
MW435436.1	k141_44973	1312	74.571	991	197	661
MW435436.1	k141_32215	3262	72.113	1169	277	625
MW435436.1	k141_32215	3262	72.113	1169	277	625
MW435436.1	k141_32215	3262	67.552	1430	375	419
MW435436.1	k141_32215	3262	67.552	1430	375	419
MW435436.1	k141_101743	6141	76.858	713	75	565
MW435436.1	k141_101743	6141	76.858	713	75	565
MW435436.1	k141_60726	1094	74.856	867	204	563
MW435436.1	k141_60726	1094	74.856	867	204	563
MW435436.1	k141_84416	691	80.639	501	91	463
MW435436.1	k141_84416	691	80.639	501	91	463
MW435436.1	k141_67368	48162	69.870	926	208	396
MW435436.1	k141_67368	48162	69.870	926	208	396
MW435436.1	k141_67368	48162	83.333	114	16	110
MW435436.1	k141_67368	48162	83.333	114	16	110
MW435436.1	k141_67368	48162	63.985	522	143	90.6
MW435436.1	k141_67368	48162	63.985	522	143	90.6
MW435436.1	k141_67368	48162	75.758	132	29	88.7
MW435436.1	k141_67368	48162	75.758	132	29	88.7
MW435436.1	k141_103084	7160	76.984	504	78	376
MW435436.1	k141_103084	7160	76.640	381	50	304
MW435436.1	k141_13431	1373	69.231	1014	245	375
MW435436.1	k141_13431	1373	69.231	1014	245	375
MW435436.1	k141_101418	4221	71.850	746	179	337
MW435436.1	k141_101418	4221	71.850	746	179	337
MW435436.1	k141_101418	4221	83.529	85	14	91.5
MW435436.1	k141_101418	4221	83.529	85	14	91.5
MW435436.1	k141_101418	4221	85.000	60	9	68.9
MW435436.1	k141_101418	4221	85.000	60	9	68.9
MW435436.1	k141_44472	514	75.900	361	57	242
MW435436.1	k141_44472	514	75.900	361	57	242
MW435436.1	k141_10806	8043	66.240	859	247	241
MW435436.1	k141_66262	360	95.775	142	6	230
MW435436.1	k141_66262	360	95.775	142	6	230
MW435436.1	k141_107380	734	68.021	566	126	183
MW435436.1	k141_107380	734	68.021	566	126	183
MW435436.1	k141_33417	315	75.093	269	65	181
MW435436.1	k141_33417	315	75.093	269	65	181
MW435436.1	k141_79604	2058	81.319	182	22	159
MW435436.1	k141_117326	476	86.614	127	11	154
MW435436.1	k141_117326	476	86.614	127	11	154
MW435436.1	k141_48769	711	78.804	184	28	149
MW435436.1	k141_32736	428	95.349	86	4	138
MW435436.1	k141_32736	428	95.349	86	4	138
MW435436.1	k141_76110	536	81.022	137	17	134
MW435436.1	k141_55086	3775	94.737	76	4	120
MW435436.1	k141_55854	491	74.725	182	42	116
MW435436.1	k141_25315	574	73.118	186	49	107
MW435436.1	k141_25315	574	73.118	186	49	107
MW435436.1	k141_110206	418	91.781	73	5	102
MW435436.1	k141_110206	418	91.781	73	5	102
MW435436.1	k141_41263	437	82.609	92	5	100
MW435436.1	k141_41263	437	82.609	92	5	100
MW435436.1	k141_43324	302	93.846	65	4	100
MW435436.1	k141_43324	302	93.846	65	4	100
MW435436.1	k141_45633	467	71.809	188	47	93.3
MW435436.1	k141_45633	467	71.809	188	47	93.3
MW435436.1	k141_104808	397	84.337	83	13	92.4
MW435436.1	k141_14823	516	84.810	79	12	89.7
MW435436.1	k141_110334	321	87.324	71	9	88.7
MW435436.1	k141_56886	772	76.147	109	24	77.9
MW435436.1	k141_56886	772	72.131	122	26	57.2
MW435436.1	k141_105777	3500	78.750	80	17	68.9
MW435436.1	k141_105777	3500	78.750	80	17	68.9
MW435436.1	k141_48085	1475	97.436	39	1	67.1
MW435436.1	k141_48085	1475	97.436	39	1	67.1
MW435436.1	k141_5322	368	65.918	267	83	66.2
MW435436.1	k141_16539	13177	88.235	51	6	66.2
MW435436.1	k141_16539	13177	88.235	51	6	66.2
MW435436.1	k141_81920	1229	84.483	58	9	65.3
MW435436.1	k141_81920	1229	84.483	58	9	65.3
MW435436.1	k141_101270	5687	75.000	84	21	58.1
MW435436.1	k141_13641	314	76.389	72	17	54.5
MW435436.1	k141_78791	812	72.826	92	25	54.5
MW435436.1	k141_78791	812	72.826	92	25	54.5
MW435436.1	k141_5810	314	83.673	49	8	53.6
MW435436.1	k141_5810	314	83.673	49	8	53.6
MW435436.1	k141_4713	576	81.818	44	8	44.6
MW435436.1	k141_4713	576	81.818	44	8	44.6
NC_037882.1	k141_84686	25341	91.756	11996	562	17145
NC_037882.1	k141_84686	25341	92.236	11708	482	16987
NC_037882.1	k141_84686	25341	90.894	8621	498	12123
NC_037882.1	k141_84686	25341	90.894	8621	498	12123
NC_037882.1	k141_84686	25341	94.143	4661	152	7203
NC_037882.1	k141_84686	25341	94.143	4661	152	7203
NC_037882.1	k141_84686	25341	97.561	41	1	70.7
NC_037882.1	k141_84686	25341	94.872	39	2	62.6
NC_037882.1	k141_3287	83838	84.493	12678	1603	13971
NC_037882.1	k141_3287	83838	89.814	5753	507	7697
NC_037882.1	k141_3287	83838	82.889	5733	717	5785
NC_037882.1	k141_3287	83838	79.804	5610	667	5078
NC_037882.1	k141_3287	83838	80.784	4668	590	4395
NC_037882.1	k141_3287	83838	88.601	2974	280	3817
NC_037882.1	k141_3287	83838	78.824	4354	717	3606
NC_037882.1	k141_3287	83838	86.229	2941	316	3451
NC_037882.1	k141_3287	83838	83.908	2001	252	2176
NC_037882.1	k141_3287	83838	85.117	1915	223	2140
NC_037882.1	k141_3287	83838	76.624	2802	414	2052
NC_037882.1	k141_3287	83838	81.115	1668	263	1563
NC_037882.1	k141_3287	83838	81.957	1247	134	1232
NC_037882.1	k141_3287	83838	77.452	1499	237	1127
NC_037882.1	k141_3287	83838	88.902	829	67	1076
NC_037882.1	k141_3287	83838	89.130	644	67	845
NC_037882.1	k141_3287	83838	74.980	1263	189	783
NC_037882.1	k141_3287	83838	84.290	732	103	782
NC_037882.1	k141_3287	83838	76.220	1148	192	778
NC_037882.1	k141_3287	83838	80.029	686	107	620
NC_037882.1	k141_3287	83838	74.155	1006	148	618
NC_037882.1	k141_3287	83838	75.288	781	120	510
NC_037882.1	k141_3287	83838	90.423	355	28	480
NC_037882.1	k141_3287	83838	72.577	784	119	464
NC_037882.1	k141_3287	83838	78.667	450	54	372
NC_037882.1	k141_3287	83838	85.902	305	20	364
NC_037882.1	k141_3287	83838	75.703	498	93	338
NC_037882.1	k141_3287	83838	86.617	269	36	324
NC_037882.1	k141_3287	83838	72.952	525	81	304
NC_037882.1	k141_3287	83838	74.610	449	57	303
NC_037882.1	k141_3287	83838	70.235	682	126	277
NC_037882.1	k141_3287	83838	79.868	303	49	260
NC_037882.1	k141_3287	83838	91.713	181	15	260
NC_037882.1	k141_3287	83838	93.671	158	10	241
NC_037882.1	k141_3287	83838	83.962	212	25	233
NC_037882.1	k141_3287	83838	84.314	204	26	216
NC_037882.1	k141_3287	83838	79.918	244	38	207
NC_037882.1	k141_3287	83838	88.652	141	16	183
NC_037882.1	k141_3287	83838	88.652	141	16	183
NC_037882.1	k141_3287	83838	91.057	123	11	173
NC_037882.1	k141_3287	83838	75.087	289	46	171
NC_037882.1	k141_3287	83838	78.899	218	31	164
NC_037882.1	k141_3287	83838	93.000	100	7	150
NC_037882.1	k141_3287	83838	95.402	87	4	140
NC_037882.1	k141_3287	83838	91.089	101	2	140
NC_037882.1	k141_3287	83838	86.087	115	13	130
NC_037882.1	k141_3287	83838	77.711	166	30	122
NC_037882.1	k141_3287	83838	75.641	156	38	111
NC_037882.1	k141_3287	83838	74.545	165	42	109
NC_037882.1	k141_3287	83838	90.476	42	4	59.0
NC_037882.1	k141_3287	83838	74.194	62	16	41.0
NC_037882.1	k141_38378	17502	77.510	3895	652	3079
NC_037882.1	k141_38378	17502	83.459	1995	300	2102
NC_037882.1	k141_38378	17502	80.329	2252	412	2052
NC_037882.1	k141_38378	17502	83.357	1436	195	1512
NC_037882.1	k141_38378	17502	77.630	1274	253	997
NC_037882.1	k141_38378	17502	79.720	1144	184	994
NC_037882.1	k141_38378	17502	67.809	2802	684	958
NC_037882.1	k141_38378	17502	87.755	196	24	246
NC_037882.1	k141_38378	17502	92.857	42	3	63.5
NC_037882.1	k141_33585	41359	88.632	519	46	669
NC_037882.1	k141_33585	41359	88.632	519	46	669
NC_037882.1	k141_33585	41359	79.682	566	49	531
NC_037882.1	k141_33585	41359	79.682	566	49	531
NC_037882.1	k141_44973	1312	74.369	991	199	652
NC_037882.1	k141_44973	1312	74.369	991	199	652
NC_037882.1	k141_32215	3262	72.284	1169	275	634
NC_037882.1	k141_32215	3262	72.284	1169	275	634
NC_037882.1	k141_32215	3262	67.460	1429	379	419
NC_037882.1	k141_32215	3262	67.460	1429	379	419
NC_037882.1	k141_101743	6141	79.627	697	71	623
NC_037882.1	k141_101743	6141	79.627	697	71	623
NC_037882.1	k141_60726	1094	74.914	869	200	565
NC_037882.1	k141_60726	1094	74.914	869	200	565
NC_037882.1	k141_84416	691	81.238	501	88	472
NC_037882.1	k141_84416	691	81.238	501	88	472
NC_037882.1	k141_103084	7160	78.978	509	69	425
NC_037882.1	k141_103084	7160	76.543	405	55	316
NC_037882.1	k141_67368	48162	70.011	927	205	395
NC_037882.1	k141_67368	48162	70.011	927	205	395
NC_037882.1	k141_67368	48162	83.333	114	16	110
NC_037882.1	k141_67368	48162	83.333	114	16	110
NC_037882.1	k141_67368	48162	63.985	522	143	90.6
NC_037882.1	k141_67368	48162	63.985	522	143	90.6
NC_037882.1	k141_67368	48162	75.758	132	29	88.7
NC_037882.1	k141_67368	48162	75.758	132	29	88.7
NC_037882.1	k141_13431	1373	69.291	1016	242	381
NC_037882.1	k141_13431	1373	69.291	1016	242	381
NC_037882.1	k141_101418	4221	72.386	746	175	355
NC_037882.1	k141_101418	4221	72.386	746	175	355
NC_037882.1	k141_101418	4221	83.529	85	14	91.5
NC_037882.1	k141_101418	4221	83.529	85	14	91.5
NC_037882.1	k141_101418	4221	85.000	60	9	68.9
NC_037882.1	k141_101418	4221	85.000	60	9	68.9
NC_037882.1	k141_44472	514	75.346	361	59	233
NC_037882.1	k141_44472	514	75.346	361	59	233
NC_037882.1	k141_10806	8043	65.814	860	249	222
NC_037882.1	k141_66262	360	94.286	140	8	217
NC_037882.1	k141_66262	360	94.286	140	8	217
NC_037882.1	k141_107380	734	68.021	566	126	183
NC_037882.1	k141_107380	734	68.021	566	126	183
NC_037882.1	k141_33417	315	74.721	269	66	177
NC_037882.1	k141_33417	315	74.721	269	66	177
NC_037882.1	k141_117326	476	88.976	127	5	170
NC_037882.1	k141_117326	476	88.976	127	5	170
NC_037882.1	k141_48769	711	80.000	185	26	159
NC_037882.1	k141_79604	2058	81.065	169	24	150
NC_037882.1	k141_32736	428	96.512	86	3	142
NC_037882.1	k141_32736	428	96.512	86	3	142
NC_037882.1	k141_76110	536	79.562	137	19	125
NC_037882.1	k141_55086	3775	93.902	82	4	123
NC_037882.1	k141_41263	437	85.870	92	2	113
NC_037882.1	k141_41263	437	85.870	92	2	113
NC_037882.1	k141_25315	574	73.656	186	48	112
NC_037882.1	k141_25315	574	73.656	186	48	112
NC_037882.1	k141_104808	397	90.123	81	8	111
NC_037882.1	k141_55854	491	73.514	185	45	108
NC_037882.1	k141_110206	418	91.781	73	5	102
NC_037882.1	k141_110206	418	91.781	73	5	102
NC_037882.1	k141_43324	302	93.846	65	4	100
NC_037882.1	k141_43324	302	93.846	65	4	100
NC_037882.1	k141_14823	516	86.076	79	11	94.2
NC_037882.1	k141_45633	467	71.809	188	47	93.3
NC_037882.1	k141_45633	467	71.809	188	47	93.3
NC_037882.1	k141_56886	772	81.633	98	17	93.3
NC_037882.1	k141_105777	3500	81.250	80	15	77.9
NC_037882.1	k141_48085	1475	100.000	39	0	71.6
NC_037882.1	k141_48085	1475	100.000	39	0	71.6
NC_037882.1	k141_5322	368	65.493	284	92	68.0
NC_037882.1	k141_16539	13177	88.235	51	6	66.2
NC_037882.1	k141_16539	13177	88.235	51	6	66.2
NC_037882.1	k141_101311	823	97.368	38	1	65.3
NC_037882.1	k141_101311	823	97.368	38	1	65.3
NC_037882.1	k141_81920	1229	84.483	58	9	65.3
NC_037882.1	k141_81920	1229	84.483	58	9	65.3
NC_037882.1	k141_80249	378	80.882	68	13	65.3
NC_037882.1	k141_13641	314	79.167	72	15	63.5
NC_037882.1	k141_5810	314	85.714	49	7	58.1
NC_037882.1	k141_5810	314	85.714	49	7	58.1
NC_037882.1	k141_119238	931	94.444	36	2	57.2
NC_037882.1	k141_54386	354	90.244	41	4	57.2
NC_037882.1	k141_99822	675	91.892	37	3	54.5
NC_037882.1	k141_99822	675	91.892	37	3	54.5
NC_056190.1	k141_84686	25341	92.901	10016	399	14873
NC_056190.1	k141_84686	25341	92.901	10016	399	14873
NC_056190.1	k141_84686	25341	89.556	7957	512	10729
NC_056190.1	k141_84686	25341	89.556	7957	512	10729
NC_056190.1	k141_84686	25341	92.679	4781	174	7077
NC_056190.1	k141_84686	25341	92.679	4781	174	7077
NC_056190.1	k141_84686	25341	79.559	1042	71	948
NC_056190.1	k141_84686	25341	79.559	1042	71	948
NC_056190.1	k141_84686	25341	89.346	657	52	864
NC_056190.1	k141_84686	25341	91.115	529	29	737
NC_056190.1	k141_84686	25341	65.732	642	166	170
NC_056190.1	k141_84686	25341	65.732	642	166	170
NC_056190.1	k141_84686	25341	97.619	42	1	72.5
NC_056190.1	k141_84686	25341	97.619	42	1	72.5
NC_056190.1	k141_84686	25341	97.500	40	1	68.9
NC_056190.1	k141_84686	25341	88.889	54	3	65.3
NC_056190.1	k141_84686	25341	88.889	54	3	65.3
NC_056190.1	k141_84686	25341	92.308	39	3	58.1
NC_056190.1	k141_3287	83838	82.924	12749	1788	13131
NC_056190.1	k141_3287	83838	76.543	14324	2085	10752
NC_056190.1	k141_3287	83838	87.158	6315	647	7664
NC_056190.1	k141_3287	83838	80.541	6475	920	5925
NC_056190.1	k141_3287	83838	81.175	4170	548	3889
NC_056190.1	k141_3287	83838	87.660	3039	314	3764
NC_056190.1	k141_3287	83838	77.126	4022	692	3028
NC_056190.1	k141_3287	83838	89.133	1049	113	1375
NC_056190.1	k141_3287	83838	73.761	2340	466	1361
NC_056190.1	k141_3287	83838	84.580	1083	122	1196
NC_056190.1	k141_3287	83838	79.424	1249	145	1110
NC_056190.1	k141_3287	83838	81.481	1053	121	1006
NC_056190.1	k141_3287	83838	89.011	637	66	833
NC_056190.1	k141_3287	83838	80.906	817	142	756
NC_056190.1	k141_3287	83838	76.371	1003	142	719
NC_056190.1	k141_3287	83838	83.211	679	107	700
NC_056190.1	k141_3287	83838	71.221	1237	221	577
NC_056190.1	k141_3287	83838	74.056	1006	125	576
NC_056190.1	k141_3287	83838	72.228	893	156	477
NC_056190.1	k141_3287	83838	75.743	606	92	426
NC_056190.1	k141_3287	83838	85.079	315	24	369
NC_056190.1	k141_3287	83838	75.556	495	81	325
NC_056190.1	k141_3287	83838	86.076	237	15	273
NC_056190.1	k141_3287	83838	73.380	432	73	263
NC_056190.1	k141_3287	83838	92.614	176	13	260
NC_056190.1	k141_3287	83838	84.956	226	32	252
NC_056190.1	k141_3287	83838	81.923	260	37	249
NC_056190.1	k141_3287	83838	91.720	157	13	225
NC_056190.1	k141_3287	83838	69.074	637	124	219
NC_056190.1	k141_3287	83838	82.273	220	37	214
NC_056190.1	k141_3287	83838	73.446	354	55	210
NC_056190.1	k141_3287	83838	86.207	145	14	173
NC_056190.1	k141_3287	83838	91.964	112	6	156
NC_056190.1	k141_3287	83838	93.137	102	7	153
NC_056190.1	k141_3287	83838	83.688	141	23	151
NC_056190.1	k141_3287	83838	93.548	93	6	141
NC_056190.1	k141_3287	83838	92.473	93	7	137
NC_056190.1	k141_3287	83838	87.736	106	6	131
NC_056190.1	k141_3287	83838	75.758	165	40	118
NC_056190.1	k141_3287	83838	75.152	165	41	113
NC_056190.1	k141_3287	83838	65.766	222	41	63.5
NC_056190.1	k141_3287	83838	92.683	41	3	61.7
NC_056190.1	k141_3287	83838	84.444	45	7	50.9
NC_056190.1	k141_3287	83838	84.444	45	7	50.9
NC_056190.1	k141_3287	83838	74.194	62	16	41.0
NC_056190.1	k141_38378	17502	79.532	2775	483	2408
NC_056190.1	k141_38378	17502	68.323	3883	904	1445
NC_056190.1	k141_38378	17502	79.070	989	196	838
NC_056190.1	k141_38378	17502	77.734	1015	162	829
NC_056190.1	k141_38378	17502	81.461	739	107	702
NC_056190.1	k141_38378	17502	80.826	605	104	562
NC_056190.1	k141_38378	17502	82.143	364	53	366
NC_056190.1	k141_38378	17502	72.377	467	75	251
NC_056190.1	k141_38378	17502	77.742	310	47	224
NC_056190.1	k141_38378	17502	86.667	135	14	158
NC_056190.1	k141_38378	17502	90.476	42	4	59.0
NC_056190.1	k141_38378	17502	86.842	38	5	47.3
NC_056190.1	k141_38378	17502	86.842	38	5	47.3
NC_056190.1	k141_33585	41359	87.619	525	46	654
NC_056190.1	k141_33585	41359	87.619	525	46	654
NC_056190.1	k141_33585	41359	78.975	566	52	509
NC_056190.1	k141_33585	41359	78.975	566	52	509
NC_056190.1	k141_44973	1312	74.369	991	199	652
NC_056190.1	k141_44973	1312	74.369	991	199	652
NC_056190.1	k141_32215	3262	72.198	1169	276	629
NC_056190.1	k141_32215	3262	72.198	1169	276	629
NC_056190.1	k141_32215	3262	67.432	1437	372	429
NC_056190.1	k141_32215	3262	67.432	1437	372	429
NC_056190.1	k141_101743	6141	79.712	695	74	616
NC_056190.1	k141_101743	6141	79.712	695	74	616
NC_056190.1	k141_60726	1094	74.799	869	201	561
NC_056190.1	k141_60726	1094	74.799	869	201	561
NC_056190.1	k141_84416	691	80.838	501	90	463
NC_056190.1	k141_84416	691	80.838	501	90	463
NC_056190.1	k141_67368	48162	69.870	926	208	396
NC_056190.1	k141_67368	48162	69.870	926	208	396
NC_056190.1	k141_67368	48162	83.333	114	16	110
NC_056190.1	k141_67368	48162	83.333	114	16	110
NC_056190.1	k141_67368	48162	75.573	131	29	86.9
NC_056190.1	k141_67368	48162	75.573	131	29	86.9
NC_056190.1	k141_67368	48162	63.498	526	145	86.0
NC_056190.1	k141_67368	48162	63.498	526	145	86.0
NC_056190.1	k141_13431	1373	68.891	1019	246	370
NC_056190.1	k141_13431	1373	68.891	1019	246	370
NC_056190.1	k141_103084	7160	76.939	477	78	349
NC_056190.1	k141_101418	4221	71.995	757	181	348
NC_056190.1	k141_101418	4221	71.995	757	181	348
NC_056190.1	k141_101418	4221	83.529	85	14	91.5
NC_056190.1	k141_101418	4221	83.529	85	14	91.5
NC_056190.1	k141_101418	4221	85.000	60	9	68.9
NC_056190.1	k141_101418	4221	85.000	60	9	68.9
NC_056190.1	k141_44472	514	75.556	360	60	238
NC_056190.1	k141_44472	514	75.556	360	60	238
NC_056190.1	k141_10806	8043	65.774	859	251	223
NC_056190.1	k141_66262	360	92.857	140	4	209
NC_056190.1	k141_66262	360	92.857	140	4	209
NC_056190.1	k141_33417	315	74.721	269	66	177
NC_056190.1	k141_33417	315	74.721	269	66	177
NC_056190.1	k141_107380	734	67.372	567	129	168
NC_056190.1	k141_107380	734	67.372	567	129	168
NC_056190.1	k141_117326	476	84.892	139	9	163
NC_056190.1	k141_117326	476	84.892	139	9	163
NC_056190.1	k141_79604	2058	79.558	181	27	147
NC_056190.1	k141_32736	428	96.512	86	3	142
NC_056190.1	k141_32736	428	96.512	86	3	142
NC_056190.1	k141_55086	3775	83.465	127	15	127
NC_056190.1	k141_55854	491	75.269	186	42	119
NC_056190.1	k141_76110	536	77.778	135	21	113
NC_056190.1	k141_41263	437	83.168	101	6	112
NC_056190.1	k141_41263	437	83.168	101	6	112
NC_056190.1	k141_25315	574	73.656	186	48	112
NC_056190.1	k141_25315	574	73.656	186	48	112
NC_056190.1	k141_104808	397	88.608	79	9	103
NC_056190.1	k141_110206	418	91.781	73	5	102
NC_056190.1	k141_110206	418	91.781	73	5	102
NC_056190.1	k141_43324	302	93.846	65	4	100
NC_056190.1	k141_43324	302	93.846	65	4	100
NC_056190.1	k141_45633	467	69.524	210	52	84.2
NC_056190.1	k141_45633	467	69.524	210	52	84.2
NC_056190.1	k141_14823	516	82.278	79	14	80.6
NC_056190.1	k141_80249	378	84.848	66	10	75.2
NC_056190.1	k141_48085	1475	97.674	43	1	74.3
NC_056190.1	k141_48085	1475	97.674	43	1	74.3
NC_056190.1	k141_56886	772	76.471	102	19	72.5
NC_056190.1	k141_35077	309	100.000	35	0	64.4
NC_056190.1	k141_90552	592	100.000	35	0	64.4
NC_056190.1	k141_101311	823	94.737	38	2	60.8
NC_056190.1	k141_101311	823	94.737	38	2	60.8
NC_056190.1	k141_81920	1229	82.759	58	10	60.8
NC_056190.1	k141_81920	1229	82.759	58	10	60.8
NC_056190.1	k141_13641	314	77.778	72	16	59.0
NC_056190.1	k141_5810	314	85.714	49	7	58.1
NC_056190.1	k141_5810	314	85.714	49	7	58.1
NC_056190.1	k141_5322	368	67.222	180	57	52.7
MN564931.1	k141_3287	83838	84.167	14021	1758	15085
MN564931.1	k141_3287	83838	88.348	9509	832	12105
MN564931.1	k141_3287	83838	82.223	5586	660	5528
MN564931.1	k141_3287	83838	85.581	4293	476	4959
MN564931.1	k141_3287	83838	81.365	3810	520	3653
MN564931.1	k141_3287	83838	79.946	4104	626	3617
MN564931.1	k141_3287	83838	84.243	3224	354	3533
MN564931.1	k141_3287	83838	87.125	1833	210	2216
MN564931.1	k141_3287	83838	75.250	2804	396	1904
MN564931.1	k141_3287	83838	78.116	2335	348	1888
MN564931.1	k141_3287	83838	90.218	1053	100	1434
MN564931.1	k141_3287	83838	87.302	1134	108	1384
MN564931.1	k141_3287	83838	78.761	1582	257	1342
MN564931.1	k141_3287	83838	82.084	1267	153	1243
MN564931.1	k141_3287	83838	89.242	660	61	862
MN564931.1	k141_3287	83838	79.317	996	120	860
MN564931.1	k141_3287	83838	86.446	664	78	790
MN564931.1	k141_3287	83838	85.507	690	87	783
MN564931.1	k141_3287	83838	81.566	792	126	771
MN564931.1	k141_3287	83838	72.871	1268	199	696
MN564931.1	k141_3287	83838	76.524	886	149	615
MN564931.1	k141_3287	83838	76.018	884	145	605
MN564931.1	k141_3287	83838	74.564	861	151	510
MN564931.1	k141_3287	83838	73.376	631	79	385
MN564931.1	k141_3287	83838	88.194	288	34	367
MN564931.1	k141_3287	83838	73.094	669	108	366
MN564931.1	k141_3287	83838	69.865	740	93	361
MN564931.1	k141_3287	83838	79.648	398	61	344
MN564931.1	k141_3287	83838	77.218	417	48	317
MN564931.1	k141_3287	83838	85.075	268	32	293
MN564931.1	k141_3287	83838	87.907	215	26	271
MN564931.1	k141_3287	83838	83.550	231	13	260
MN564931.1	k141_3287	83838	94.969	159	8	251
MN564931.1	k141_3287	83838	67.019	852	176	239
MN564931.1	k141_3287	83838	79.094	287	44	231
MN564931.1	k141_3287	83838	88.068	176	15	215
MN564931.1	k141_3287	83838	85.475	179	26	206
MN564931.1	k141_3287	83838	90.780	141	13	196
MN564931.1	k141_3287	83838	80.814	172	32	159
MN564931.1	k141_3287	83838	95.556	90	4	145
MN564931.1	k141_3287	83838	80.864	162	21	144
MN564931.1	k141_3287	83838	94.253	87	5	135
MN564931.1	k141_3287	83838	94.253	87	5	135
MN564931.1	k141_3287	83838	78.824	170	23	134
MN564931.1	k141_3287	83838	66.667	528	162	132
MN564931.1	k141_3287	83838	84.536	97	14	104
MN564931.1	k141_3287	83838	73.939	165	43	104
MN564931.1	k141_3287	83838	70.000	170	49	70.7
MN564931.1	k141_3287	83838	89.130	46	5	61.7
MN564931.1	k141_3287	83838	94.737	38	2	60.8
MN564931.1	k141_3287	83838	92.308	39	3	58.1
MN564931.1	k141_3287	83838	86.667	45	6	55.4
MN564931.1	k141_3287	83838	86.667	45	6	55.4
MN564931.1	k141_3287	83838	82.979	47	8	50.0
MN564931.1	k141_3287	83838	74.194	62	16	41.0
MN564931.1	k141_84686	25341	93.686	9234	350	13973
MN564931.1	k141_84686	25341	93.686	9234	350	13973
MN564931.1	k141_84686	25341	93.852	4798	176	7327
MN564931.1	k141_84686	25341	93.852	4798	176	7327
MN564931.1	k141_84686	25341	85.202	3906	343	4529
MN564931.1	k141_84686	25341	85.202	3906	343	4529
MN564931.1	k141_84686	25341	85.501	1207	115	1425
MN564931.1	k141_84686	25341	85.501	1207	115	1425
MN564931.1	k141_84686	25341	86.829	1025	58	1256
MN564931.1	k141_84686	25341	86.829	1025	58	1256
MN564931.1	k141_84686	25341	83.573	1041	68	1114
MN564931.1	k141_84686	25341	83.573	1041	68	1114
MN564931.1	k141_84686	25341	91.476	657	39	935
MN564931.1	k141_84686	25341	92.040	603	31	874
MN564931.1	k141_84686	25341	86.460	709	46	856
MN564931.1	k141_84686	25341	86.460	709	46	856
MN564931.1	k141_84686	25341	85.020	494	56	561
MN564931.1	k141_84686	25341	85.020	494	56	561
MN564931.1	k141_84686	25341	84.016	488	57	535
MN564931.1	k141_84686	25341	84.016	488	57	535
MN564931.1	k141_84686	25341	87.966	349	30	447
MN564931.1	k141_84686	25341	87.966	349	30	447
MN564931.1	k141_84686	25341	77.079	541	87	424
MN564931.1	k141_84686	25341	77.079	541	87	424
MN564931.1	k141_84686	25341	100.000	41	0	75.2
MN564931.1	k141_84686	25341	87.097	62	6	69.8
MN564931.1	k141_84686	25341	87.097	62	6	69.8
MN564931.1	k141_84686	25341	92.857	42	3	63.5
MN564931.1	k141_38378	17502	80.156	3588	533	3238
MN564931.1	k141_38378	17502	76.333	4331	773	3133
MN564931.1	k141_38378	17502	80.721	2246	392	2091
MN564931.1	k141_38378	17502	83.635	1436	179	1518
MN564931.1	k141_38378	17502	80.675	1185	151	1113
MN564931.1	k141_38378	17502	68.278	1510	366	513
MN564931.1	k141_38378	17502	85.660	265	33	303
MN564931.1	k141_38378	17502	74.487	341	75	225
MN564931.1	k141_38378	17502	74.487	341	75	225
MN564931.1	k141_38378	17502	67.788	565	145	187
MN564931.1	k141_38378	17502	67.788	565	145	187
MN564931.1	k141_38378	17502	66.389	360	66	109
MN564931.1	k141_38378	17502	66.389	360	66	109
MN564931.1	k141_38378	17502	92.857	42	3	63.5
MN564931.1	k141_38378	17502	84.211	38	6	42.8
MN564931.1	k141_38378	17502	84.211	38	6	42.8
MN564931.1	k141_33585	41359	88.825	519	45	673
MN564931.1	k141_33585	41359	88.825	519	45	673
MN564931.1	k141_33585	41359	80.035	571	48	545
MN564931.1	k141_33585	41359	80.035	571	48	545
MN564931.1	k141_44973	1312	74.369	991	199	652
MN564931.1	k141_44973	1312	74.369	991	199	652
MN564931.1	k141_32215	3262	71.237	1196	287	604
MN564931.1	k141_32215	3262	71.237	1196	287	604
MN564931.1	k141_32215	3262	67.620	1433	372	418
MN564931.1	k141_32215	3262	67.620	1433	372	418
MN564931.1	k141_60726	1094	74.684	869	202	552
MN564931.1	k141_60726	1094	74.684	869	202	552
MN564931.1	k141_84416	691	80.838	501	90	459
MN564931.1	k141_84416	691	80.838	501	90	459
MN564931.1	k141_103084	7160	77.122	542	83	407
MN564931.1	k141_103084	7160	77.436	390	49	324
MN564931.1	k141_67368	48162	69.504	928	208	385
MN564931.1	k141_67368	48162	69.504	928	208	385
MN564931.1	k141_67368	48162	83.333	114	16	110
MN564931.1	k141_67368	48162	83.333	114	16	110
MN564931.1	k141_67368	48162	63.985	522	143	90.6
MN564931.1	k141_67368	48162	63.985	522	143	90.6
MN564931.1	k141_67368	48162	75.758	132	29	88.7
MN564931.1	k141_67368	48162	75.758	132	29	88.7
MN564931.1	k141_13431	1373	69.458	1015	244	385
MN564931.1	k141_13431	1373	69.458	1015	244	385
MN564931.1	k141_101418	4221	71.984	746	178	342
MN564931.1	k141_101418	4221	71.984	746	178	342
MN564931.1	k141_101418	4221	83.529	85	14	91.5
MN564931.1	k141_101418	4221	83.529	85	14	91.5
MN564931.1	k141_101418	4221	85.000	60	9	68.9
MN564931.1	k141_101418	4221	85.000	60	9	68.9
MN564931.1	k141_101743	6141	72.279	487	42	287
MN564931.1	k141_101743	6141	72.279	487	42	287
MN564931.1	k141_101743	6141	76.891	238	46	172
MN564931.1	k141_101743	6141	76.891	238	46	172
MN564931.1	k141_10806	8043	68.550	655	194	237
MN564931.1	k141_44472	514	75.623	361	58	237
MN564931.1	k141_44472	514	75.623	361	58	237
MN564931.1	k141_33417	315	74.721	269	66	177
MN564931.1	k141_33417	315	74.721	269	66	177
MN564931.1	k141_107380	734	67.668	566	128	174
MN564931.1	k141_107380	734	67.668	566	128	174
MN564931.1	k141_66262	360	84.564	149	14	169
MN564931.1	k141_66262	360	84.564	149	14	169
MN564931.1	k141_48769	711	79.459	185	27	155
MN564931.1	k141_79604	2058	81.176	170	24	152
MN564931.1	k141_32736	428	96.512	86	3	142
MN564931.1	k141_32736	428	96.512	86	3	142
MN564931.1	k141_76110	536	81.022	137	17	134
MN564931.1	k141_55086	3775	95.122	82	3	127
MN564931.1	k141_25315	574	74.194	186	47	116
MN564931.1	k141_25315	574	74.194	186	47	116
MN564931.1	k141_110334	321	87.640	89	10	108
MN564931.1	k141_110334	321	87.640	89	10	108
MN564931.1	k141_14823	516	88.608	79	9	103
MN564931.1	k141_110206	418	91.781	73	5	102
MN564931.1	k141_110206	418	91.781	73	5	102
MN564931.1	k141_43324	302	93.846	65	4	100
MN564931.1	k141_43324	302	93.846	65	4	100
MN564931.1	k141_45633	467	72.340	188	46	97.8
MN564931.1	k141_45633	467	72.340	188	46	97.8
MN564931.1	k141_104808	397	85.542	83	12	96.9
MN564931.1	k141_56886	772	77.273	110	24	83.3
MN564931.1	k141_117326	476	90.566	53	5	74.3
MN564931.1	k141_117326	476	90.566	53	5	74.3
MN564931.1	k141_60953	303	93.617	47	3	72.5
MN564931.1	k141_89307	961	77.011	87	11	71.6
MN564931.1	k141_48085	1475	100.000	39	0	71.6
MN564931.1	k141_48085	1475	100.000	39	0	71.6
MN564931.1	k141_35077	309	100.000	37	0	68.0
MN564931.1	k141_90552	592	100.000	37	0	68.0
MN564931.1	k141_105777	3500	70.677	133	39	65.3
MN564931.1	k141_5810	314	87.755	49	6	62.6
MN564931.1	k141_5810	314	87.755	49	6	62.6
MN564931.1	k141_101311	823	72.941	85	6	61.7
MN564931.1	k141_101311	823	72.941	85	6	61.7
MN564931.1	k141_16539	13177	86.275	51	7	61.7
MN564931.1	k141_16539	13177	86.275	51	7	61.7
MN564931.1	k141_54386	354	94.737	38	2	60.8
MN564931.1	k141_101270	5687	74.713	87	22	59.0
MN564931.1	k141_119238	931	94.444	36	2	57.2
MN564931.1	k141_78791	812	74.699	83	21	56.3
MN564931.1	k141_99822	675	91.892	37	3	54.5
MN564931.1	k141_99822	675	91.892	37	3	54.5
MN564931.1	k141_5322	368	64.912	285	92	53.6
MN564931.1	k141_13641	314	73.611	72	19	45.5
NC_031651.1	k141_84686	25341	91.196	10404	466	14665
NC_031651.1	k141_84686	25341	91.196	10404	466	14665
NC_031651.1	k141_84686	25341	89.041	7948	624	10486
NC_031651.1	k141_84686	25341	89.041	7948	624	10486
NC_031651.1	k141_84686	25341	91.619	4880	225	7010
NC_031651.1	k141_84686	25341	91.619	4880	225	7010
NC_031651.1	k141_84686	25341	79.752	1531	239	1365
NC_031651.1	k141_84686	25341	83.764	696	62	779
NC_031651.1	k141_84686	25341	93.779	434	27	662
NC_031651.1	k141_84686	25341	91.379	58	5	83.3
NC_031651.1	k141_84686	25341	100.000	39	0	71.6
NC_031651.1	k141_84686	25341	95.238	42	2	68.0
NC_031651.1	k141_84686	25341	95.238	42	2	68.0
NC_031651.1	k141_3287	83838	82.997	12733	1777	13169
NC_031651.1	k141_3287	83838	88.219	5823	594	7316
NC_031651.1	k141_3287	83838	78.656	5594	762	4662
NC_031651.1	k141_3287	83838	83.905	4225	554	4524
NC_031651.1	k141_3287	83838	80.048	4165	600	3708
NC_031651.1	k141_3287	83838	89.745	2584	252	3460
NC_031651.1	k141_3287	83838	75.163	4437	799	2969
NC_031651.1	k141_3287	83838	85.786	1787	206	2049
NC_031651.1	k141_3287	83838	80.246	1949	320	1766
NC_031651.1	k141_3287	83838	74.128	2895	463	1760
NC_031651.1	k141_3287	83838	85.945	1053	141	1230
NC_031651.1	k141_3287	83838	76.295	1641	327	1199
NC_031651.1	k141_3287	83838	84.378	1037	108	1144
NC_031651.1	k141_3287	83838	79.572	1263	158	1106
NC_031651.1	k141_3287	83838	81.452	992	123	984
NC_031651.1	k141_3287	83838	73.593	1564	302	920
NC_031651.1	k141_3287	83838	86.344	681	72	810
NC_031651.1	k141_3287	83838	86.810	652	80	785
NC_031651.1	k141_3287	83838	77.656	1007	151	770
NC_031651.1	k141_3287	83838	77.679	896	185	701
NC_031651.1	k141_3287	83838	83.258	663	102	691
NC_031651.1	k141_3287	83838	78.779	688	122	582
NC_031651.1	k141_3287	83838	71.580	1228	241	572
NC_031651.1	k141_3287	83838	71.168	1096	161	562
NC_031651.1	k141_3287	83838	79.281	584	105	500
NC_031651.1	k141_3287	83838	80.600	500	78	451
NC_031651.1	k141_3287	83838	73.333	720	116	444
NC_031651.1	k141_3287	83838	81.222	442	61	425
NC_031651.1	k141_3287	83838	71.377	835	153	403
NC_031651.1	k141_3287	83838	78.899	436	49	361
NC_031651.1	k141_3287	83838	83.699	319	28	336
NC_031651.1	k141_3287	83838	75.296	506	93	320
NC_031651.1	k141_3287	83838	75.814	430	67	287
NC_031651.1	k141_3287	83838	83.468	248	24	260
NC_031651.1	k141_3287	83838	69.656	669	117	248
NC_031651.1	k141_3287	83838	87.234	188	17	233
NC_031651.1	k141_3287	83838	89.024	164	18	215
NC_031651.1	k141_3287	83838	81.159	207	30	193
NC_031651.1	k141_3287	83838	85.455	165	22	187
NC_031651.1	k141_3287	83838	86.275	153	16	178
NC_031651.1	k141_3287	83838	87.050	139	17	167
NC_031651.1	k141_3287	83838	83.688	141	23	151
NC_031651.1	k141_3287	83838	92.632	95	7	141
NC_031651.1	k141_3287	83838	100.000	77	0	140
NC_031651.1	k141_3287	83838	77.457	173	30	132
NC_031651.1	k141_3287	83838	85.965	114	6	130
NC_031651.1	k141_3287	83838	72.308	260	45	129
NC_031651.1	k141_3287	83838	75.758	165	40	118
NC_031651.1	k141_3287	83838	74.545	165	42	109
NC_031651.1	k141_3287	83838	75.974	154	25	109
NC_031651.1	k141_3287	83838	74.026	154	28	86.9
NC_031651.1	k141_3287	83838	86.667	45	6	55.4
NC_031651.1	k141_3287	83838	86.667	45	6	55.4
NC_031651.1	k141_3287	83838	74.194	62	16	41.0
NC_031651.1	k141_38378	17502	80.622	2735	431	2493
NC_031651.1	k141_38378	17502	82.677	2032	318	2064
NC_031651.1	k141_38378	17502	78.962	2234	431	1910
NC_031651.1	k141_38378	17502	82.295	1412	211	1401
NC_031651.1	k141_38378	17502	75.585	1282	239	901
NC_031651.1	k141_38378	17502	77.509	1116	211	855
NC_031651.1	k141_38378	17502	67.566	1927	469	623
NC_031651.1	k141_38378	17502	70.186	1184	289	503
NC_031651.1	k141_38378	17502	82.096	229	37	224
NC_031651.1	k141_38378	17502	86.842	38	5	47.3
NC_031651.1	k141_38378	17502	86.842	38	5	47.3
NC_031651.1	k141_33585	41359	88.054	519	49	655
NC_031651.1	k141_33585	41359	88.054	519	49	655
NC_031651.1	k141_33585	41359	79.649	570	50	534
NC_031651.1	k141_33585	41359	79.649	570	50	534
NC_031651.1	k141_44973	1312	74.395	992	199	654
NC_031651.1	k141_44973	1312	74.395	992	199	654
NC_031651.1	k141_32215	3262	72.346	1168	276	644
NC_031651.1	k141_32215	3262	72.346	1168	276	644
NC_031651.1	k141_32215	3262	67.785	1431	371	431
NC_031651.1	k141_32215	3262	67.785	1431	371	431
NC_031651.1	k141_60726	1094	74.914	869	200	565
NC_031651.1	k141_60726	1094	74.914	869	200	565
NC_031651.1	k141_84416	691	81.162	499	88	464
NC_031651.1	k141_84416	691	81.162	499	88	464
NC_031651.1	k141_67368	48162	69.730	925	211	392
NC_031651.1	k141_67368	48162	69.730	925	211	392
NC_031651.1	k141_67368	48162	83.486	109	16	109
NC_031651.1	k141_67368	48162	83.486	109	16	109
NC_031651.1	k141_67368	48162	75.758	132	29	88.7
NC_031651.1	k141_67368	48162	75.758	132	29	88.7
NC_031651.1	k141_67368	48162	64.466	515	152	87.8
NC_031651.1	k141_67368	48162	64.466	515	152	87.8
NC_031651.1	k141_13431	1373	68.942	1011	254	372
NC_031651.1	k141_13431	1373	68.942	1011	254	372
NC_031651.1	k141_101418	4221	70.199	906	210	359
NC_031651.1	k141_101418	4221	70.199	906	210	359
NC_031651.1	k141_101418	4221	85.000	60	9	68.9
NC_031651.1	k141_101418	4221	85.000	60	9	68.9
NC_031651.1	k141_103084	7160	75.185	540	89	352
NC_031651.1	k141_103084	7160	75.426	411	61	300
NC_031651.1	k141_44472	514	75.623	361	58	237
NC_031651.1	k141_44472	514	75.623	361	58	237
NC_031651.1	k141_10806	8043	66.376	803	229	224
NC_031651.1	k141_101743	6141	72.324	383	52	217
NC_031651.1	k141_101743	6141	75.463	216	35	136
NC_031651.1	k141_101743	6141	75.463	216	35	136
NC_031651.1	k141_66262	360	92.857	140	10	208
NC_031651.1	k141_66262	360	92.857	140	10	208
NC_031651.1	k141_107380	734	67.845	566	127	178
NC_031651.1	k141_107380	734	67.845	566	127	178
NC_031651.1	k141_33417	315	74.721	269	66	177
NC_031651.1	k141_33417	315	74.721	269	66	177
NC_031651.1	k141_117326	476	85.294	136	11	155
NC_031651.1	k141_117326	476	85.294	136	11	155
NC_031651.1	k141_79604	2058	80.110	181	26	151
NC_031651.1	k141_32736	428	96.512	86	3	142
NC_031651.1	k141_32736	428	96.512	86	3	142
NC_031651.1	k141_48769	711	77.297	185	31	137
NC_031651.1	k141_76110	536	78.832	137	20	121
NC_031651.1	k141_55086	3775	90.110	91	8	121
NC_031651.1	k141_25315	574	73.656	186	48	112
NC_031651.1	k141_25315	574	73.656	186	48	112
NC_031651.1	k141_104808	397	87.952	83	10	105
NC_031651.1	k141_110206	418	91.781	73	5	102
NC_031651.1	k141_110206	418	91.781	73	5	102
NC_031651.1	k141_43324	302	93.846	65	4	100
NC_031651.1	k141_43324	302	93.846	65	4	100
NC_031651.1	k141_14823	516	83.544	79	13	85.1
NC_031651.1	k141_45633	467	71.006	169	44	80.6
NC_031651.1	k141_45633	467	71.006	169	44	80.6
NC_031651.1	k141_110334	321	88.333	60	7	77.9
NC_031651.1	k141_5322	368	66.197	284	90	77.0
NC_031651.1	k141_80249	378	83.582	67	11	72.5
NC_031651.1	k141_48085	1475	100.000	39	0	71.6
NC_031651.1	k141_48085	1475	100.000	39	0	71.6
NC_031651.1	k141_105777	3500	73.016	126	32	68.0
NC_031651.1	k141_101311	823	97.368	38	1	65.3
NC_031651.1	k141_101311	823	97.368	38	1	65.3
NC_031651.1	k141_35077	309	94.737	38	2	60.8
NC_031651.1	k141_90552	592	94.737	38	2	60.8
NC_031651.1	k141_81920	1229	82.456	57	10	59.0
NC_031651.1	k141_81920	1229	82.456	57	10	59.0
NC_031651.1	k141_13641	314	77.027	74	17	58.1
NC_031651.1	k141_119238	931	91.667	36	3	52.7
NC_031651.1	k141_54386	354	87.805	41	5	52.7
NC_031651.1	k141_5810	314	81.633	49	9	49.1
NC_031651.1	k141_5810	314	81.633	49	9	49.1
NC_031651.1	k141_78791	812	71.084	83	24	42.8
MW366789.1	k141_84686	25341	89.474	5339	356	7038
MW366789.1	k141_84686	25341	89.474	5339	356	7038
MW366789.1	k141_84686	25341	87.966	4321	361	5466
MW366789.1	k141_84686	25341	87.966	4321	361	5466
MW366789.1	k141_84686	25341	91.425	1796	103	2537
MW366789.1	k141_84686	25341	91.425	1796	103	2537
MW366789.1	k141_84686	25341	87.081	627	62	765
MW366789.1	k141_84686	25341	87.081	627	62	765
MW366789.1	k141_84686	25341	81.646	632	67	603
MW366789.1	k141_84686	25341	81.646	632	67	603
MW366789.1	k141_84686	25341	88.290	427	50	545
MW366789.1	k141_84686	25341	88.290	427	50	545
MW366789.1	k141_84686	25341	83.940	467	39	483
MW366789.1	k141_84686	25341	83.940	467	39	483
MW366789.1	k141_84686	25341	83.940	467	39	483
MW366789.1	k141_84686	25341	84.466	309	32	347
MW366789.1	k141_84686	25341	84.466	309	32	347
MW366789.1	k141_84686	25341	96.350	137	5	225
MW366789.1	k141_84686	25341	96.350	137	5	225
MW366789.1	k141_84686	25341	73.846	325	45	208
MW366789.1	k141_84686	25341	85.795	176	24	202
MW366789.1	k141_84686	25341	85.795	176	24	202
MW366789.1	k141_84686	25341	91.791	134	11	193
MW366789.1	k141_84686	25341	91.791	134	11	193
MW366789.1	k141_84686	25341	92.233	103	8	150
MW366789.1	k141_84686	25341	92.233	103	8	150
MW366789.1	k141_84686	25341	83.582	134	13	147
MW366789.1	k141_84686	25341	83.582	134	13	147
MW366789.1	k141_84686	25341	86.207	116	11	140
MW366789.1	k141_84686	25341	86.207	116	11	138
MW366789.1	k141_84686	25341	97.333	75	2	127
MW366789.1	k141_84686	25341	97.333	75	2	127
MW366789.1	k141_84686	25341	76.027	146	27	100
MW366789.1	k141_84686	25341	74.658	146	29	91.5
MW366789.1	k141_84686	25341	95.238	42	2	68.0
MW366789.1	k141_84686	25341	95.238	42	2	68.0
MW366789.1	k141_84686	25341	89.796	49	5	67.1
MW366789.1	k141_84686	25341	89.796	49	5	67.1
MW366789.1	k141_84686	25341	89.796	49	5	67.1
MW366789.1	k141_84686	25341	94.737	38	2	60.8
MW366789.1	k141_3287	83838	78.706	8411	1524	7006
MW366789.1	k141_3287	83838	87.709	5191	571	6478
MW366789.1	k141_3287	83838	87.709	5191	571	6478
MW366789.1	k141_3287	83838	76.446	5082	797	3674
MW366789.1	k141_3287	83838	90.234	2478	242	3378
MW366789.1	k141_3287	83838	75.935	3557	610	2489
MW366789.1	k141_3287	83838	75.825	3305	669	2264
MW366789.1	k141_3287	83838	85.085	1884	278	2125
MW366789.1	k141_3287	83838	74.818	3161	626	2076
MW366789.1	k141_3287	83838	85.465	1665	218	1884
MW366789.1	k141_3287	83838	80.662	1753	306	1605
MW366789.1	k141_3287	83838	74.642	1605	288	1059
MW366789.1	k141_3287	83838	82.575	1033	172	1046
MW366789.1	k141_3287	83838	81.478	1015	140	982
MW366789.1	k141_3287	83838	85.606	660	90	754
MW366789.1	k141_3287	83838	72.811	1199	230	658
MW366789.1	k141_3287	83838	74.875	999	162	652
MW366789.1	k141_3287	83838	78.487	674	129	550
MW366789.1	k141_3287	83838	71.263	950	166	440
MW366789.1	k141_3287	83838	73.692	707	153	435
MW366789.1	k141_3287	83838	86.413	368	42	424
MW366789.1	k141_3287	83838	73.799	687	178	421
MW366789.1	k141_3287	83838	77.104	511	97	386
MW366789.1	k141_3287	83838	76.445	467	110	347
MW366789.1	k141_3287	83838	74.211	570	131	344
MW366789.1	k141_3287	83838	74.138	464	78	298
MW366789.1	k141_3287	83838	69.880	664	116	282
MW366789.1	k141_3287	83838	75.434	403	74	281
MW366789.1	k141_3287	83838	75.434	403	74	281
MW366789.1	k141_3287	83838	71.454	557	138	267
MW366789.1	k141_3287	83838	83.922	255	36	267
MW366789.1	k141_3287	83838	75.429	350	66	231
MW366789.1	k141_3287	83838	73.545	378	76	226
MW366789.1	k141_3287	83838	74.438	356	89	225
MW366789.1	k141_3287	83838	72.727	451	68	219
MW366789.1	k141_3287	83838	85.792	183	20	214
MW366789.1	k141_3287	83838	82.266	203	30	205
MW366789.1	k141_3287	83838	78.333	240	35	196
MW366789.1	k141_3287	83838	66.377	806	195	188
MW366789.1	k141_3287	83838	76.245	261	52	187
MW366789.1	k141_3287	83838	86.538	156	21	187
MW366789.1	k141_3287	83838	90.370	135	12	182
MW366789.1	k141_3287	83838	75.806	248	48	175
MW366789.1	k141_3287	83838	89.147	129	12	168
MW366789.1	k141_3287	83838	84.211	152	24	167
MW366789.1	k141_3287	83838	75.000	248	50	166
MW366789.1	k141_3287	83838	96.809	94	3	157
MW366789.1	k141_3287	83838	81.437	167	23	147
MW366789.1	k141_3287	83838	76.364	220	35	147
MW366789.1	k141_3287	83838	95.604	91	4	147
MW366789.1	k141_3287	83838	95.604	91	4	147
MW366789.1	k141_3287	83838	65.812	585	181	144
MW366789.1	k141_3287	83838	65.812	585	181	144
MW366789.1	k141_3287	83838	78.212	179	32	141
MW366789.1	k141_3287	83838	78.443	167	27	139
MW366789.1	k141_3287	83838	93.333	90	6	136
MW366789.1	k141_3287	83838	91.579	95	5	134
MW366789.1	k141_3287	83838	97.368	76	2	129
MW366789.1	k141_3287	83838	94.667	75	4	118
MW366789.1	k141_3287	83838	75.152	165	41	113
MW366789.1	k141_3287	83838	75.152	165	41	113
MW366789.1	k141_3287	83838	95.652	69	3	112
MW366789.1	k141_3287	83838	93.151	73	5	110
MW366789.1	k141_3287	83838	85.859	99	11	105
MW366789.1	k141_3287	83838	91.139	79	5	104
MW366789.1	k141_3287	83838	77.778	126	28	102
MW366789.1	k141_3287	83838	77.778	126	28	102
MW366789.1	k141_3287	83838	77.419	124	28	98.7
MW366789.1	k141_3287	83838	76.119	134	26	95.1
MW366789.1	k141_3287	83838	86.420	81	10	94.2
MW366789.1	k141_3287	83838	85.714	77	11	90.6
MW366789.1	k141_3287	83838	77.119	118	26	88.7
MW366789.1	k141_3287	83838	74.627	134	28	86.0
MW366789.1	k141_3287	83838	80.208	96	11	82.4
MW366789.1	k141_3287	83838	80.208	96	11	82.4
MW366789.1	k141_3287	83838	75.000	128	26	75.2
MW366789.1	k141_3287	83838	83.582	67	11	72.5
MW366789.1	k141_3287	83838	78.667	75	16	64.4
MW366789.1	k141_3287	83838	70.543	129	38	62.6
MW366789.1	k141_3287	83838	70.543	129	38	62.6
MW366789.1	k141_3287	83838	83.019	53	9	56.3
MW366789.1	k141_3287	83838	83.019	53	9	56.3
MW366789.1	k141_3287	83838	84.444	45	7	50.9
MW366789.1	k141_3287	83838	84.444	45	7	50.9
MW366789.1	k141_3287	83838	74.242	66	17	43.7
MW366789.1	k141_38378	17502	80.169	2718	465	2435
MW366789.1	k141_38378	17502	80.169	2718	465	2435
MW366789.1	k141_38378	17502	77.866	2006	404	1581
MW366789.1	k141_38378	17502	74.821	2232	527	1461
MW366789.1	k141_38378	17502	80.916	1441	236	1336
MW366789.1	k141_38378	17502	80.916	1441	236	1336
MW366789.1	k141_38378	17502	71.488	1210	232	648
MW366789.1	k141_38378	17502	79.964	549	105	486
MW366789.1	k141_38378	17502	79.964	549	105	486
MW366789.1	k141_38378	17502	77.019	322	74	248
MW366789.1	k141_38378	17502	97.561	41	1	70.7
MW366789.1	k141_38378	17502	97.561	41	1	70.7
MW366789.1	k141_38378	17502	92.683	41	3	61.7
MW366789.1	k141_38378	17502	73.077	78	20	43.7
MW366789.1	k141_38378	17502	73.077	78	20	43.7
MW366789.1	k141_32215	3262	72.293	1173	272	622
MW366789.1	k141_32215	3262	72.293	1173	272	622
MW366789.1	k141_44973	1312	73.515	993	207	611
MW366789.1	k141_44973	1312	73.515	993	207	611
MW366789.1	k141_44973	1312	90.769	65	6	91.5
MW366789.1	k141_44973	1312	90.769	65	6	91.5
MW366789.1	k141_60726	1094	74.253	870	206	535
MW366789.1	k141_60726	1094	74.253	870	206	535
MW366789.1	k141_33585	41359	82.081	519	65	520
MW366789.1	k141_33585	41359	82.081	519	65	520
MW366789.1	k141_33585	41359	77.622	572	61	480
MW366789.1	k141_33585	41359	77.622	572	61	480
MW366789.1	k141_67368	48162	69.826	918	216	395
MW366789.1	k141_67368	48162	69.826	918	216	395
MW366789.1	k141_67368	48162	82.203	118	18	108
MW366789.1	k141_67368	48162	82.203	118	18	108
MW366789.1	k141_67368	48162	66.440	441	133	102
MW366789.1	k141_67368	48162	66.440	441	133	102
MW366789.1	k141_67368	48162	75.000	132	30	84.2
MW366789.1	k141_67368	48162	75.000	132	30	84.2
MW366789.1	k141_13431	1373	69.045	995	269	361
MW366789.1	k141_13431	1373	69.045	995	269	361
MW366789.1	k141_103084	7160	74.854	513	91	334
MW366789.1	k141_103084	7160	74.854	513	91	334
MW366789.1	k141_103084	7160	73.737	396	65	263
MW366789.1	k141_103084	7160	73.737	396	65	263
MW366789.1	k141_101418	4221	70.912	746	189	330
MW366789.1	k141_101418	4221	70.912	746	189	330
MW366789.1	k141_101418	4221	88.333	60	7	77.9
MW366789.1	k141_101418	4221	88.333	60	7	77.9
MW366789.1	k141_101418	4221	86.667	60	8	73.4
MW366789.1	k141_101418	4221	86.667	60	8	73.4
MW366789.1	k141_84416	691	74.319	514	112	324
MW366789.1	k141_84416	691	74.319	514	112	324
MW366789.1	k141_44472	514	76.177	361	56	246
MW366789.1	k141_44472	514	76.177	361	56	246
MW366789.1	k141_44472	514	77.311	119	16	90.6
MW366789.1	k141_44472	514	77.311	119	16	90.6
MW366789.1	k141_10806	8043	68.837	645	177	230
MW366789.1	k141_107380	734	67.311	569	125	167
MW366789.1	k141_107380	734	67.311	569	125	167
MW366789.1	k141_33417	315	73.529	272	67	167
MW366789.1	k141_33417	315	73.529	272	67	167
MW366789.1	k141_79604	2058	80.588	170	25	148
MW366789.1	k141_79604	2058	80.588	170	25	148
MW366789.1	k141_76110	536	80.292	137	18	130
MW366789.1	k141_55086	3775	94.737	76	4	120
MW366789.1	k141_32736	428	89.157	83	9	110
MW366789.1	k141_32736	428	89.157	83	9	110
MW366789.1	k141_25315	574	72.043	186	51	98.7
MW366789.1	k141_25315	574	72.043	186	51	98.7
MW366789.1	k141_110206	418	88.889	72	7	91.5
MW366789.1	k141_110206	418	88.889	72	7	91.5
MW366789.1	k141_5322	368	66.547	278	87	79.7
MW366789.1	k141_43324	302	93.617	47	3	72.5
MW366789.1	k141_43324	302	93.617	47	3	72.5
MW366789.1	k141_8956	394	84.127	63	10	69.8
MW366789.1	k141_8956	394	84.127	63	10	69.8
MW366789.1	k141_105777	3500	71.631	141	38	68.0
MW366789.1	k141_105777	3500	70.000	120	34	48.2
MW366789.1	k141_45633	467	87.755	49	6	62.6
MW366789.1	k141_45633	467	87.755	49	6	62.6
MW366789.1	k141_111973	421	76.543	81	19	61.7
MW366789.1	k141_14823	516	81.967	61	11	61.7
MW366789.1	k141_101270	5687	77.333	75	17	59.9
MW366789.1	k141_101270	5687	77.333	75	17	59.9
MW366789.1	k141_103064	1793	81.818	55	10	55.4
MW366789.1	k141_103064	1793	81.818	55	10	55.4
MW366789.1	k141_13641	314	76.389	72	17	54.5
MW366789.1	k141_78791	812	69.421	121	37	52.7
KT899950.1	k141_84686	25341	90.598	12115	661	16649
KT899950.1	k141_84686	25341	91.467	11555	538	16342
KT899950.1	k141_84686	25341	88.848	7945	615	10439
KT899950.1	k141_84686	25341	88.848	7945	615	10439
KT899950.1	k141_84686	25341	90.833	4898	223	6882
KT899950.1	k141_84686	25341	90.833	4898	223	6882
KT899950.1	k141_84686	25341	84.536	679	67	768
KT899950.1	k141_84686	25341	91.803	427	35	613
KT899950.1	k141_84686	25341	97.619	42	1	72.5
KT899950.1	k141_84686	25341	97.619	42	1	72.5
KT899950.1	k141_84686	25341	94.872	39	2	62.6
KT899950.1	k141_3287	83838	83.058	12608	1768	13020
KT899950.1	k141_3287	83838	88.472	5682	559	7268
KT899950.1	k141_3287	83838	76.453	6625	983	4845
KT899950.1	k141_3287	83838	83.721	4337	567	4589
KT899950.1	k141_3287	83838	91.278	2511	218	3538
KT899950.1	k141_3287	83838	78.370	3828	610	3160
KT899950.1	k141_3287	83838	82.423	2839	383	2849
KT899950.1	k141_3287	83838	78.635	3267	549	2700
KT899950.1	k141_3287	83838	84.424	1804	252	1964
KT899950.1	k141_3287	83838	73.018	2346	484	1309
KT899950.1	k141_3287	83838	87.216	1056	128	1289
KT899950.1	k141_3287	83838	77.785	1580	203	1252
KT899950.1	k141_3287	83838	85.398	993	96	1137
KT899950.1	k141_3287	83838	81.077	1189	199	1127
KT899950.1	k141_3287	83838	79.176	1287	163	1104
KT899950.1	k141_3287	83838	73.111	1681	294	979
KT899950.1	k141_3287	83838	85.586	666	71	778
KT899950.1	k141_3287	83838	75.910	1071	191	744
KT899950.1	k141_3287	83838	77.008	996	143	729
KT899950.1	k141_3287	83838	78.129	887	180	720
KT899950.1	k141_3287	83838	83.063	679	109	699
KT899950.1	k141_3287	83838	74.081	1034	180	579
KT899950.1	k141_3287	83838	69.936	1254	241	505
KT899950.1	k141_3287	83838	78.637	543	72	452
KT899950.1	k141_3287	83838	75.318	628	99	417
KT899950.1	k141_3287	83838	89.308	318	30	416
KT899950.1	k141_3287	83838	86.230	305	25	363
KT899950.1	k141_3287	83838	70.395	760	120	352
KT899950.1	k141_3287	83838	74.324	592	116	348
KT899950.1	k141_3287	83838	90.123	243	19	331
KT899950.1	k141_3287	83838	75.453	497	77	329
KT899950.1	k141_3287	83838	74.833	449	75	277
KT899950.1	k141_3287	83838	81.712	257	29	255
KT899950.1	k141_3287	83838	87.000	200	25	241
KT899950.1	k141_3287	83838	92.258	155	12	226
KT899950.1	k141_3287	83838	89.820	167	17	225
KT899950.1	k141_3287	83838	74.740	289	58	179
KT899950.1	k141_3287	83838	89.313	131	14	174
KT899950.1	k141_3287	83838	85.811	148	14	170
KT899950.1	k141_3287	83838	80.982	163	20	151
KT899950.1	k141_3287	83838	83.688	141	23	151
KT899950.1	k141_3287	83838	94.059	101	4	149
KT899950.1	k141_3287	83838	100.000	79	0	143
KT899950.1	k141_3287	83838	96.386	83	3	137
KT899950.1	k141_3287	83838	90.196	102	6	134
KT899950.1	k141_3287	83838	78.481	158	22	130
KT899950.1	k141_3287	83838	76.364	165	39	123
KT899950.1	k141_3287	83838	96.000	75	3	123
KT899950.1	k141_3287	83838	93.671	79	4	117
KT899950.1	k141_3287	83838	75.641	156	38	111
KT899950.1	k141_3287	83838	74.706	170	31	102
KT899950.1	k141_3287	83838	95.122	41	2	66.2
KT899950.1	k141_3287	83838	86.667	45	6	55.4
KT899950.1	k141_3287	83838	86.667	45	6	55.4
KT899950.1	k141_3287	83838	74.194	62	16	41.0
KT899950.1	k141_38378	17502	80.499	2728	457	2445
KT899950.1	k141_38378	17502	81.341	2058	336	1952
KT899950.1	k141_38378	17502	78.901	2256	436	1923
KT899950.1	k141_38378	17502	81.885	1369	227	1343
KT899950.1	k141_38378	17502	78.087	1150	212	907
KT899950.1	k141_38378	17502	77.462	985	205	774
KT899950.1	k141_38378	17502	67.637	2061	504	686
KT899950.1	k141_38378	17502	69.428	1328	351	565
KT899950.1	k141_38378	17502	78.495	279	49	234
KT899950.1	k141_38378	17502	95.652	92	4	149
KT899950.1	k141_38378	17502	92.857	42	3	63.5
KT899950.1	k141_38378	17502	84.211	38	6	42.8
KT899950.1	k141_38378	17502	84.211	38	6	42.8
KT899950.1	k141_44973	1312	74.470	991	198	656
KT899950.1	k141_44973	1312	74.470	991	198	656
KT899950.1	k141_33585	41359	87.476	519	51	638
KT899950.1	k141_33585	41359	87.476	519	51	638
KT899950.1	k141_33585	41359	79.329	566	51	522
KT899950.1	k141_33585	41359	79.329	566	51	522
KT899950.1	k141_32215	3262	72.284	1169	275	634
KT899950.1	k141_32215	3262	72.284	1169	275	634
KT899950.1	k141_32215	3262	68.039	1433	364	438
KT899950.1	k141_32215	3262	68.039	1433	364	438
KT899950.1	k141_101743	6141	78.292	691	80	575
KT899950.1	k141_101743	6141	78.292	691	80	575
KT899950.1	k141_60726	1094	74.799	869	201	561
KT899950.1	k141_60726	1094	74.799	869	201	561
KT899950.1	k141_84416	691	80.639	501	91	463
KT899950.1	k141_84416	691	80.639	501	91	463
KT899950.1	k141_67368	48162	69.903	927	206	390
KT899950.1	k141_67368	48162	69.903	927	206	390
KT899950.1	k141_67368	48162	83.333	114	16	110
KT899950.1	k141_67368	48162	83.333	114	16	110
KT899950.1	k141_67368	48162	75.758	132	29	88.7
KT899950.1	k141_67368	48162	75.758	132	29	88.7
KT899950.1	k141_67368	48162	63.724	521	145	83.3
KT899950.1	k141_67368	48162	63.724	521	145	83.3
KT899950.1	k141_13431	1373	69.277	1009	254	379
KT899950.1	k141_13431	1373	69.277	1009	254	379
KT899950.1	k141_101418	4221	72.252	746	176	351
KT899950.1	k141_101418	4221	72.252	746	176	351
KT899950.1	k141_101418	4221	83.529	85	14	91.5
KT899950.1	k141_101418	4221	83.529	85	14	91.5
KT899950.1	k141_101418	4221	85.000	60	9	68.9
KT899950.1	k141_101418	4221	85.000	60	9	68.9
KT899950.1	k141_103084	7160	75.097	514	88	333
KT899950.1	k141_103084	7160	77.179	390	50	315
KT899950.1	k141_44472	514	75.623	361	58	237
KT899950.1	k141_44472	514	75.623	361	58	237
KT899950.1	k141_66262	360	93.571	140	9	213
KT899950.1	k141_66262	360	93.571	140	9	213
KT899950.1	k141_10806	8043	65.197	862	251	188
KT899950.1	k141_107380	734	67.668	566	128	174
KT899950.1	k141_107380	734	67.668	566	128	174
KT899950.1	k141_33417	315	74.349	269	67	172
KT899950.1	k141_33417	315	74.349	269	67	172
KT899950.1	k141_117326	476	86.029	136	10	164
KT899950.1	k141_117326	476	86.029	136	10	164
KT899950.1	k141_48769	711	78.378	185	29	146
KT899950.1	k141_32736	428	96.512	86	3	142
KT899950.1	k141_32736	428	96.512	86	3	142
KT899950.1	k141_79604	2058	77.660	188	32	137
KT899950.1	k141_55086	3775	88.000	100	11	123
KT899950.1	k141_76110	536	78.102	137	21	116
KT899950.1	k141_25315	574	73.656	186	48	112
KT899950.1	k141_25315	574	73.656	186	48	112
KT899950.1	k141_110206	418	91.781	73	5	102
KT899950.1	k141_110206	418	91.781	73	5	102
KT899950.1	k141_104808	397	86.747	83	11	101
KT899950.1	k141_43324	302	93.846	65	4	100
KT899950.1	k141_43324	302	93.846	65	4	100
KT899950.1	k141_14823	516	87.342	79	10	98.7
KT899950.1	k141_102501	341	80.342	117	17	96.0
KT899950.1	k141_102501	341	80.342	117	17	96.0
KT899950.1	k141_110334	321	84.337	83	13	92.4
KT899950.1	k141_80249	378	85.294	68	10	78.8
KT899950.1	k141_45633	467	70.213	188	49	76.1
KT899950.1	k141_45633	467	70.213	188	49	76.1
KT899950.1	k141_48085	1475	100.000	39	0	71.6
KT899950.1	k141_48085	1475	100.000	39	0	71.6
KT899950.1	k141_8956	394	84.127	63	10	69.8
KT899950.1	k141_8956	394	84.127	63	10	69.8
KT899950.1	k141_5322	368	65.125	281	98	66.2
KT899950.1	k141_101311	823	97.368	38	1	65.3
KT899950.1	k141_101311	823	97.368	38	1	65.3
KT899950.1	k141_35077	309	100.000	35	0	64.4
KT899950.1	k141_90552	592	100.000	35	0	64.4
KT899950.1	k141_119238	931	94.595	37	2	59.0
KT899950.1	k141_105777	3500	71.429	126	34	59.0
KT899950.1	k141_13641	314	77.778	72	16	59.0
KT899950.1	k141_5810	314	85.714	49	7	58.1
KT899950.1	k141_5810	314	85.714	49	7	58.1
KT899950.1	k141_81920	1229	81.034	58	11	56.3
KT899950.1	k141_81920	1229	81.034	58	11	56.3
KT899950.1	k141_101270	5687	76.000	75	18	55.4
KT899950.1	k141_35488	912	88.095	42	4	50.9
GU191334.1	k141_84686	25341	90.145	3440	231	4643
GU191334.1	k141_84686	25341	90.145	3440	231	4643
GU191334.1	k141_84686	25341	86.440	2618	233	3069
GU191334.1	k141_84686	25341	86.440	2618	233	3069
GU191334.1	k141_84686	25341	78.098	1041	171	820
GU191334.1	k141_84686	25341	78.098	1041	171	820
GU191334.1	k141_84686	25341	75.898	668	153	464
GU191334.1	k141_84686	25341	75.792	442	107	315
GU191334.1	k141_84686	25341	70.062	648	171	297
GU191334.1	k141_84686	25341	71.565	524	149	274
GU191334.1	k141_84686	25341	77.273	308	70	241
GU191334.1	k141_84686	25341	87.821	156	18	193
GU191334.1	k141_84686	25341	87.821	156	18	193
GU191334.1	k141_84686	25341	94.937	79	4	125
GU191334.1	k141_84686	25341	94.937	79	4	125
GU191334.1	k141_84686	25341	90.476	84	8	116
GU191334.1	k141_84686	25341	90.667	75	7	104
GU191334.1	k141_84686	25341	90.667	75	7	104
GU191334.1	k141_84686	25341	88.158	76	9	97.8
GU191334.1	k141_84686	25341	68.817	279	83	97.8
GU191334.1	k141_3287	83838	81.510	4570	838	4421
GU191334.1	k141_3287	83838	83.761	2457	398	2629
GU191334.1	k141_3287	83838	82.917	1440	246	1489
GU191334.1	k141_3287	83838	69.565	3680	1035	1466
GU191334.1	k141_3287	83838	79.086	1707	348	1455
GU191334.1	k141_3287	83838	79.735	1584	314	1412
GU191334.1	k141_3287	83838	88.634	1091	119	1405
GU191334.1	k141_3287	83838	74.760	1981	463	1312
GU191334.1	k141_3287	83838	82.254	710	116	704
GU191334.1	k141_3287	83838	71.040	1288	344	627
GU191334.1	k141_3287	83838	75.254	885	212	593
GU191334.1	k141_3287	83838	69.845	1416	391	590
GU191334.1	k141_3287	83838	74.529	903	198	572
GU191334.1	k141_3287	83838	77.303	749	161	562
GU191334.1	k141_3287	83838	81.038	559	104	524
GU191334.1	k141_3287	83838	78.976	547	106	468
GU191334.1	k141_3287	83838	69.818	1100	303	464
GU191334.1	k141_3287	83838	74.893	701	167	444
GU191334.1	k141_3287	83838	79.202	476	92	401
GU191334.1	k141_3287	83838	72.374	695	188	379
GU191334.1	k141_3287	83838	78.231	441	92	358
GU191334.1	k141_3287	83838	79.630	432	76	349
GU191334.1	k141_3287	83838	67.876	965	259	317
GU191334.1	k141_3287	83838	82.927	246	42	255
GU191334.1	k141_3287	83838	73.239	426	106	249
GU191334.1	k141_3287	83838	76.974	304	70	233
GU191334.1	k141_3287	83838	72.055	433	106	223
GU191334.1	k141_3287	83838	68.037	657	194	222
GU191334.1	k141_3287	83838	66.766	671	174	218
GU191334.1	k141_3287	83838	67.127	651	196	195
GU191334.1	k141_3287	83838	68.161	446	102	174
GU191334.1	k141_3287	83838	71.654	381	76	167
GU191334.1	k141_3287	83838	76.606	218	51	164
GU191334.1	k141_3287	83838	79.144	187	39	162
GU191334.1	k141_3287	83838	76.617	201	47	151
GU191334.1	k141_3287	83838	66.084	572	123	136
GU191334.1	k141_3287	83838	82.677	127	20	128
GU191334.1	k141_3287	83838	94.937	79	4	125
GU191334.1	k141_3287	83838	92.045	88	6	124
GU191334.1	k141_3287	83838	80.147	136	27	124
GU191334.1	k141_3287	83838	78.767	146	31	124
GU191334.1	k141_3287	83838	96.053	76	3	124
GU191334.1	k141_3287	83838	82.114	123	22	123
GU191334.1	k141_3287	83838	93.750	80	5	123
GU191334.1	k141_3287	83838	88.421	95	8	121
GU191334.1	k141_3287	83838	97.183	71	2	120
GU191334.1	k141_3287	83838	88.421	95	9	120
GU191334.1	k141_3287	83838	90.476	84	8	116
GU191334.1	k141_3287	83838	90.244	82	8	113
GU191334.1	k141_3287	83838	83.962	106	16	112
GU191334.1	k141_3287	83838	93.243	74	5	112
GU191334.1	k141_3287	83838	77.698	139	31	112
GU191334.1	k141_3287	83838	79.365	126	26	111
GU191334.1	k141_3287	83838	84.466	103	15	111
GU191334.1	k141_3287	83838	88.235	85	8	106
GU191334.1	k141_3287	83838	77.612	134	29	104
GU191334.1	k141_3287	83838	77.863	131	26	100
GU191334.1	k141_3287	83838	76.056	142	29	99.6
GU191334.1	k141_3287	83838	83.516	91	15	97.8
GU191334.1	k141_3287	83838	73.214	168	34	93.3
GU191334.1	k141_3287	83838	88.571	70	8	91.5
GU191334.1	k141_3287	83838	72.455	167	36	86.0
GU191334.1	k141_3287	83838	89.062	64	7	85.1
GU191334.1	k141_3287	83838	79.070	86	18	75.2
GU191334.1	k141_3287	83838	81.944	72	13	72.5
GU191334.1	k141_3287	83838	91.304	46	4	66.2
GU191334.1	k141_3287	83838	97.368	38	1	65.3
GU191334.1	k141_3287	83838	74.227	97	25	63.5
GU191334.1	k141_3287	83838	65.312	320	91	59.9
GU191334.1	k141_3287	83838	92.308	39	3	58.1
GU191334.1	k141_3287	83838	84.444	45	7	50.9
GU191334.1	k141_38378	17502	76.131	1747	397	1253
GU191334.1	k141_38378	17502	70.032	1882	514	820
GU191334.1	k141_38378	17502	75.340	1176	243	762
GU191334.1	k141_38378	17502	71.951	1394	376	720
GU191334.1	k141_38378	17502	69.184	821	202	297
GU191334.1	k141_38378	17502	67.007	588	170	154
GU191334.1	k141_38378	17502	92.593	81	6	120
GU191334.1	k141_38378	17502	77.982	109	24	89.7
GU191334.1	k141_44973	1312	75.301	996	189	690
GU191334.1	k141_44973	1312	75.301	996	189	690
GU191334.1	k141_32215	3262	71.872	1191	288	645
GU191334.1	k141_32215	3262	71.872	1191	288	645
GU191334.1	k141_32215	3262	67.811	1457	372	453
GU191334.1	k141_32215	3262	67.811	1457	372	453
GU191334.1	k141_60726	1094	75.954	865	198	605
GU191334.1	k141_60726	1094	75.954	865	198	605
GU191334.1	k141_33585	41359	84.291	522	64	562
GU191334.1	k141_33585	41359	84.291	522	64	562
GU191334.1	k141_33585	41359	76.649	561	63	438
GU191334.1	k141_33585	41359	76.649	561	63	438
GU191334.1	k141_84416	691	80.439	501	92	459
GU191334.1	k141_84416	691	80.439	501	92	459
GU191334.1	k141_67368	48162	70.141	921	214	409
GU191334.1	k141_67368	48162	70.141	921	214	409
GU191334.1	k141_67368	48162	82.569	109	17	104
GU191334.1	k141_67368	48162	82.569	109	17	104
GU191334.1	k141_67368	48162	77.273	132	27	97.8
GU191334.1	k141_67368	48162	77.273	132	27	97.8
GU191334.1	k141_67368	48162	64.431	492	138	69.8
GU191334.1	k141_67368	48162	64.431	492	138	69.8
GU191334.1	k141_101418	4221	69.978	916	217	357
GU191334.1	k141_101418	4221	69.978	916	217	357
GU191334.1	k141_101418	4221	72.075	265	71	134
GU191334.1	k141_101418	4221	72.075	265	71	134
GU191334.1	k141_101418	4221	86.667	60	8	73.4
GU191334.1	k141_101418	4221	86.667	60	8	73.4
GU191334.1	k141_13431	1373	68.701	1016	255	357
GU191334.1	k141_13431	1373	68.701	1016	255	357
GU191334.1	k141_44472	514	77.839	361	56	268
GU191334.1	k141_44472	514	77.839	361	56	268
GU191334.1	k141_10806	8043	66.596	946	267	254
GU191334.1	k141_103084	7160	75.987	304	53	202
GU191334.1	k141_103084	7160	70.213	376	70	185
GU191334.1	k141_32736	428	95.349	86	4	138
GU191334.1	k141_32736	428	95.349	86	4	138
GU191334.1	k141_25315	574	73.118	186	49	107
GU191334.1	k141_25315	574	73.118	186	49	107
GU191334.1	k141_55086	3775	85.542	83	12	96.9
GU191334.1	k141_110206	418	89.041	73	7	93.3
GU191334.1	k141_110206	418	89.041	73	7	93.3
GU191334.1	k141_79604	2058	71.711	152	36	74.3
GU191334.1	k141_76110	536	70.000	150	36	72.5
GU191334.1	k141_8956	394	84.127	63	10	69.8
GU191334.1	k141_8956	394	84.127	63	10	69.8
GU191334.1	k141_105777	3500	77.778	81	18	66.2
GU191334.1	k141_43324	302	81.538	65	12	64.4
GU191334.1	k141_43324	302	81.538	65	12	64.4
GU191334.1	k141_45633	467	68.824	170	47	60.8
GU191334.1	k141_45633	467	68.824	170	47	60.8
GU191334.1	k141_110334	321	82.759	58	10	60.8
GU191334.1	k141_13641	314	76.389	72	17	54.5
GU191334.1	k141_13604	370	81.356	59	10	54.5
GU191334.1	k141_13604	370	81.356	59	10	54.5
GU191334.1	k141_5322	368	66.477	176	59	52.7
GU191334.1	k141_87725	538	89.474	38	4	51.8
