MZ962720.1	k141_2553	26536	91.926	7592	419	10887
MZ962720.1	k141_2553	26536	91.926	7592	419	10887
MZ962720.1	k141_2553	26536	89.700	3301	210	4452
MZ962720.1	k141_2553	26536	89.700	3301	210	4452
MZ962720.1	k141_2553	26536	88.571	1750	150	2246
MZ962720.1	k141_2553	26536	88.571	1750	150	2246
MZ962720.1	k141_2553	26536	85.000	1820	153	2048
MZ962720.1	k141_2553	26536	85.000	1820	153	2048
MZ962720.1	k141_2553	26536	82.927	820	67	856
MZ962720.1	k141_2553	26536	87.385	325	30	403
MZ962720.1	k141_2553	26536	87.385	325	30	403
MZ962720.1	k141_2553	26536	90.444	293	24	402
MZ962720.1	k141_2553	26536	90.444	293	24	402
MZ962720.1	k141_2553	26536	78.325	406	47	328
MZ962720.1	k141_2553	26536	78.325	406	47	328
MZ962720.1	k141_2553	26536	86.235	247	23	294
MZ962720.1	k141_2553	26536	86.235	247	23	294
MZ962720.1	k141_2553	26536	75.309	405	48	282
MZ962720.1	k141_2553	26536	75.309	405	48	282
MZ962720.1	k141_2553	26536	83.750	240	23	263
MZ962720.1	k141_2553	26536	78.146	302	60	244
MZ962720.1	k141_2553	26536	78.146	302	60	244
MZ962720.1	k141_2553	26536	89.024	82	5	107
MZ962720.1	k141_2553	26536	89.024	82	5	107
MZ962720.1	k141_2553	26536	80.412	97	8	91.5
MZ962720.1	k141_2553	26536	100.000	49	0	89.7
MZ962720.1	k141_2553	26536	100.000	49	0	89.7
MZ962720.1	k141_2553	26536	94.595	37	2	59.0
MZ962720.1	k141_44942	88692	80.625	8475	1375	7825
MZ962720.1	k141_44942	88692	88.225	5274	561	6676
MZ962720.1	k141_44942	88692	80.541	5807	805	5270
MZ962720.1	k141_44942	88692	91.148	2621	220	3679
MZ962720.1	k141_44942	88692	78.018	3612	606	2820
MZ962720.1	k141_44942	88692	85.693	1992	260	2299
MZ962720.1	k141_44942	88692	85.417	1632	226	1855
MZ962720.1	k141_44942	88692	81.212	1815	258	1721
MZ962720.1	k141_44942	88692	76.951	2191	344	1608
MZ962720.1	k141_44942	88692	90.983	1109	100	1550
MZ962720.1	k141_44942	88692	77.452	1978	356	1548
MZ962720.1	k141_44942	88692	78.049	1599	300	1267
MZ962720.1	k141_44942	88692	82.931	1160	140	1171
MZ962720.1	k141_44942	88692	80.368	1034	195	939
MZ962720.1	k141_44942	88692	86.015	808	102	936
MZ962720.1	k141_44942	88692	70.507	1953	476	872
MZ962720.1	k141_44942	88692	83.895	683	94	728
MZ962720.1	k141_44942	88692	76.290	1008	161	672
MZ962720.1	k141_44942	88692	72.832	1130	221	664
MZ962720.1	k141_44942	88692	69.027	1469	254	613
MZ962720.1	k141_44942	88692	75.510	833	158	593
MZ962720.1	k141_44942	88692	76.776	732	103	534
MZ962720.1	k141_44942	88692	84.773	440	58	473
MZ962720.1	k141_44942	88692	76.582	632	101	462
MZ962720.1	k141_44942	88692	77.836	573	127	462
MZ962720.1	k141_44942	88692	77.836	573	127	462
MZ962720.1	k141_44942	88692	74.169	662	130	402
MZ962720.1	k141_44942	88692	77.462	528	87	400
MZ962720.1	k141_44942	88692	71.084	830	164	385
MZ962720.1	k141_44942	88692	72.404	703	172	382
MZ962720.1	k141_44942	88692	67.688	1142	255	373
MZ962720.1	k141_44942	88692	71.027	711	146	327
MZ962720.1	k141_44942	88692	69.623	823	163	319
MZ962720.1	k141_44942	88692	69.623	823	163	319
MZ962720.1	k141_44942	88692	87.967	241	24	300
MZ962720.1	k141_44942	88692	70.087	575	115	296
MZ962720.1	k141_44942	88692	75.598	418	68	285
MZ962720.1	k141_44942	88692	85.356	239	30	274
MZ962720.1	k141_44942	88692	78.274	336	46	270
MZ962720.1	k141_44942	88692	74.406	379	58	264
MZ962720.1	k141_44942	88692	73.475	377	55	239
MZ962720.1	k141_44942	88692	84.286	210	24	234
MZ962720.1	k141_44942	88692	84.286	210	24	234
MZ962720.1	k141_44942	88692	73.876	356	93	224
MZ962720.1	k141_44942	88692	78.906	256	21	222
MZ962720.1	k141_44942	88692	81.818	209	24	205
MZ962720.1	k141_44942	88692	81.818	209	24	205
MZ962720.1	k141_44942	88692	81.481	216	31	205
MZ962720.1	k141_44942	88692	76.429	280	58	202
MZ962720.1	k141_44942	88692	77.966	236	52	192
MZ962720.1	k141_44942	88692	71.681	339	38	187
MZ962720.1	k141_44942	88692	85.030	167	23	182
MZ962720.1	k141_44942	88692	71.132	433	76	181
MZ962720.1	k141_44942	88692	90.769	130	5	178
MZ962720.1	k141_44942	88692	82.911	158	27	164
MZ962720.1	k141_44942	88692	98.864	88	1	155
MZ962720.1	k141_44942	88692	77.103	214	37	154
MZ962720.1	k141_44942	88692	77.103	214	37	154
MZ962720.1	k141_44942	88692	80.864	162	31	153
MZ962720.1	k141_44942	88692	78.736	174	37	148
MZ962720.1	k141_44942	88692	82.237	152	20	146
MZ962720.1	k141_44942	88692	88.393	112	13	144
MZ962720.1	k141_44942	88692	98.780	82	1	144
MZ962720.1	k141_44942	88692	98.780	82	1	144
MZ962720.1	k141_44942	88692	91.919	99	6	136
MZ962720.1	k141_44942	88692	92.308	91	7	133
MZ962720.1	k141_44942	88692	69.782	321	85	126
MZ962720.1	k141_44942	88692	77.515	169	19	124
MZ962720.1	k141_44942	88692	94.805	77	4	122
MZ962720.1	k141_44942	88692	90.361	83	8	114
MZ962720.1	k141_44942	88692	77.622	143	24	113
MZ962720.1	k141_44942	88692	77.622	143	24	113
MZ962720.1	k141_44942	88692	77.622	143	24	113
MZ962720.1	k141_44942	88692	76.761	142	26	105
MZ962720.1	k141_44942	88692	76.871	147	29	104
MZ962720.1	k141_44942	88692	67.802	323	88	102
MZ962720.1	k141_44942	88692	80.769	104	14	99.6
MZ962720.1	k141_44942	88692	80.769	104	14	99.6
MZ962720.1	k141_44942	88692	76.515	132	31	99.6
MZ962720.1	k141_44942	88692	86.667	90	9	98.7
MZ962720.1	k141_44942	88692	87.013	77	10	95.1
MZ962720.1	k141_44942	88692	82.222	90	16	91.5
MZ962720.1	k141_44942	88692	82.222	90	16	91.5
MZ962720.1	k141_44942	88692	82.222	90	16	91.5
MZ962720.1	k141_44942	88692	72.067	179	34	90.6
MZ962720.1	k141_44942	88692	75.591	127	23	88.7
MZ962720.1	k141_44942	88692	78.000	100	15	84.2
MZ962720.1	k141_44942	88692	68.103	232	70	71.6
MZ962720.1	k141_44942	88692	82.258	62	7	62.6
MZ962720.1	k141_44942	88692	81.633	49	3	45.5
MZ962720.1	k141_77841	18662	83.305	2905	361	3039
MZ962720.1	k141_77841	18662	83.305	2905	361	3039
MZ962720.1	k141_77841	18662	81.041	1999	350	1869
MZ962720.1	k141_77841	18662	77.403	2226	470	1732
MZ962720.1	k141_77841	18662	85.053	1425	185	1599
MZ962720.1	k141_77841	18662	85.053	1425	185	1599
MZ962720.1	k141_77841	18662	85.110	638	90	719
MZ962720.1	k141_77841	18662	85.110	638	90	719
MZ962720.1	k141_77841	18662	74.585	964	218	641
MZ962720.1	k141_77841	18662	82.445	319	56	324
MZ962720.1	k141_77841	18662	82.308	130	20	125
MZ962720.1	k141_23313	986	85.102	490	62	543
MZ962720.1	k141_81891	4785	70.888	1137	266	514
MZ962720.1	k141_81891	4785	70.888	1137	266	514
MZ962720.1	k141_71994	1975	72.122	886	207	440
MZ962720.1	k141_71994	1975	72.122	886	207	440
MZ962720.1	k141_71994	1975	88.525	61	7	79.7
MZ962720.1	k141_71994	1975	88.525	61	7	79.7
MZ962720.1	k141_71994	1975	88.525	61	7	79.7
MZ962720.1	k141_40609	658	95.000	140	7	222
MZ962720.1	k141_40609	658	95.000	140	7	222
MZ962720.1	k141_4561	908	69.928	419	124	181
MZ962720.1	k141_11185	433	93.966	116	5	176
MZ962720.1	k141_11185	433	93.966	116	5	176
MZ962720.1	k141_59321	665	92.373	118	9	173
MZ962720.1	k141_71439	900	93.204	103	7	155
MZ962720.1	k141_29931	471	88.034	117	14	149
MZ962720.1	k141_11249	527	97.590	83	2	141
MZ962720.1	k141_11249	527	97.590	83	2	141
MZ962720.1	k141_8629	395	89.524	105	11	141
MZ962720.1	k141_6987	1460	94.253	87	5	135
MZ962720.1	k141_6987	1460	94.253	87	5	135
MZ962720.1	k141_24597	490	84.034	119	11	132
MZ962720.1	k141_54921	283	93.590	78	5	119
MZ962720.1	k141_52381	709	92.308	78	6	114
MZ962720.1	k141_52381	709	82.432	74	13	76.1
MZ962720.1	k141_62953	616	87.097	93	10	112
MZ962720.1	k141_76017	1606	70.136	221	23	109
MZ962720.1	k141_76017	1606	70.136	221	23	109
MZ962720.1	k141_91059	306	87.500	80	5	100
MZ962720.1	k141_91059	306	87.500	80	5	100
MZ962720.1	k141_94805	627	87.500	80	5	100
MZ962720.1	k141_94805	627	87.500	80	5	100
MZ962720.1	k141_26779	2138	91.045	67	1	95.1
MZ962720.1	k141_26779	2138	91.045	67	1	95.1
MZ962720.1	k141_61425	448	96.364	55	2	91.5
MZ962720.1	k141_61425	448	96.364	55	2	91.5
MZ962720.1	k141_75148	559	70.950	179	48	84.2
MZ962720.1	k141_75148	559	70.950	179	48	84.2
MZ962720.1	k141_65232	665	96.000	50	2	82.4
MZ962720.1	k141_65232	665	96.000	50	2	82.4
MZ962720.1	k141_71106	9053	76.522	115	24	80.6
MZ962720.1	k141_71106	9053	76.522	115	24	80.6
MZ962720.1	k141_71106	9053	84.375	64	10	71.6
MZ962720.1	k141_71106	9053	84.375	64	10	71.6
MZ962720.1	k141_72788	467	89.474	38	4	51.8
MH569081.1	k141_44942	88692	84.607	7932	958	8650
MH569081.1	k141_44942	88692	79.612	7470	1104	6506
MH569081.1	k141_44942	88692	83.614	4034	540	4278
MH569081.1	k141_44942	88692	89.867	2625	256	3526
MH569081.1	k141_44942	88692	82.207	3344	511	3343
MH569081.1	k141_44942	88692	80.620	3292	470	3028
MH569081.1	k141_44942	88692	85.410	1926	278	2205
MH569081.1	k141_44942	88692	87.375	1505	190	1858
MH569081.1	k141_44942	88692	79.395	2116	317	1828
MH569081.1	k141_44942	88692	86.602	1545	165	1815
MH569081.1	k141_44942	88692	82.545	1776	252	1800
MH569081.1	k141_44942	88692	76.524	2330	466	1710
MH569081.1	k141_44942	88692	79.098	1952	340	1666
MH569081.1	k141_44942	88692	78.771	1611	255	1343
MH569081.1	k141_44942	88692	85.278	1080	130	1217
MH569081.1	k141_44942	88692	69.820	2389	533	1007
MH569081.1	k141_44942	88692	73.268	1429	242	810
MH569081.1	k141_44942	88692	77.406	987	146	777
MH569081.1	k141_44942	88692	81.395	731	120	707
MH569081.1	k141_44942	88692	83.754	634	94	679
MH569081.1	k141_44942	88692	74.404	1090	207	661
MH569081.1	k141_44942	88692	70.265	1436	300	595
MH569081.1	k141_44942	88692	74.279	832	123	537
MH569081.1	k141_44942	88692	80.237	506	82	447
MH569081.1	k141_44942	88692	74.189	740	153	436
MH569081.1	k141_44942	88692	74.017	712	120	428
MH569081.1	k141_44942	88692	88.785	321	35	414
MH569081.1	k141_44942	88692	70.245	857	148	349
MH569081.1	k141_44942	88692	84.365	307	27	343
MH569081.1	k141_44942	88692	85.667	300	39	338
MH569081.1	k141_44942	88692	82.803	314	47	321
MH569081.1	k141_44942	88692	80.057	351	49	310
MH569081.1	k141_44942	88692	80.564	319	50	289
MH569081.1	k141_44942	88692	80.564	319	50	289
MH569081.1	k141_44942	88692	85.393	267	23	289
MH569081.1	k141_44942	88692	78.012	332	63	266
MH569081.1	k141_44942	88692	77.640	322	68	251
MH569081.1	k141_44942	88692	79.643	280	57	249
MH569081.1	k141_44942	88692	73.247	385	56	237
MH569081.1	k141_44942	88692	83.495	206	27	212
MH569081.1	k141_44942	88692	76.157	281	51	206
MH569081.1	k141_44942	88692	74.434	309	67	204
MH569081.1	k141_44942	88692	86.709	158	21	191
MH569081.1	k141_44942	88692	81.421	183	34	178
MH569081.1	k141_44942	88692	78.818	203	43	173
MH569081.1	k141_44942	88692	76.210	248	34	173
MH569081.1	k141_44942	88692	100.000	82	0	149
MH569081.1	k141_44942	88692	100.000	82	0	149
MH569081.1	k141_44942	88692	78.824	170	30	146
MH569081.1	k141_44942	88692	78.182	165	36	136
MH569081.1	k141_44942	88692	97.500	80	2	136
MH569081.1	k141_44942	88692	92.391	92	7	135
MH569081.1	k141_44942	88692	88.350	103	11	129
MH569081.1	k141_44942	88692	91.209	91	7	125
MH569081.1	k141_44942	88692	94.667	75	4	118
MH569081.1	k141_44942	88692	74.545	165	42	109
MH569081.1	k141_44942	88692	74.713	174	33	108
MH569081.1	k141_44942	88692	73.016	189	33	105
MH569081.1	k141_44942	88692	93.478	46	3	70.7
MH569081.1	k141_44942	88692	93.478	46	3	70.7
MH569081.1	k141_44942	88692	70.064	157	45	65.3
MH569081.1	k141_44942	88692	81.967	61	11	61.7
MH569081.1	k141_44942	88692	75.714	70	17	50.9
MH569081.1	k141_44942	88692	81.633	49	9	49.1
MH569081.1	k141_2553	26536	91.818	4559	236	6520
MH569081.1	k141_2553	26536	91.818	4559	236	6520
MH569081.1	k141_2553	26536	94.519	2992	125	4629
MH569081.1	k141_2553	26536	94.519	2992	125	4629
MH569081.1	k141_2553	26536	92.331	2947	157	4277
MH569081.1	k141_2553	26536	92.331	2947	157	4277
MH569081.1	k141_2553	26536	90.845	2272	125	3118
MH569081.1	k141_2553	26536	90.845	2272	125	3118
MH569081.1	k141_2553	26536	90.678	2199	169	2998
MH569081.1	k141_2553	26536	90.678	2199	169	2998
MH569081.1	k141_2553	26536	83.068	880	124	907
MH569081.1	k141_2553	26536	83.068	880	124	907
MH569081.1	k141_2553	26536	80.519	847	95	771
MH569081.1	k141_2553	26536	80.519	847	95	771
MH569081.1	k141_2553	26536	80.000	800	108	715
MH569081.1	k141_2553	26536	80.000	800	108	715
MH569081.1	k141_2553	26536	82.463	479	43	491
MH569081.1	k141_2553	26536	82.463	479	43	491
MH569081.1	k141_2553	26536	76.923	390	34	335
MH569081.1	k141_2553	26536	76.923	390	34	335
MH569081.1	k141_2553	26536	87.946	224	18	278
MH569081.1	k141_2553	26536	87.946	224	18	278
MH569081.1	k141_2553	26536	97.959	49	1	85.1
MH569081.1	k141_2553	26536	97.959	49	1	85.1
MH569081.1	k141_2553	26536	94.340	53	2	79.7
MH569081.1	k141_2553	26536	94.340	53	2	79.7
MH569081.1	k141_2553	26536	92.308	39	3	58.1
MH569081.1	k141_77841	18662	79.104	2747	440	2361
MH569081.1	k141_77841	18662	82.634	2073	308	2113
MH569081.1	k141_77841	18662	77.883	2324	455	1860
MH569081.1	k141_77841	18662	80.513	1442	246	1307
MH569081.1	k141_77841	18662	75.381	1182	234	809
MH569081.1	k141_77841	18662	80.822	584	108	539
MH569081.1	k141_77841	18662	79.929	563	74	501
MH569081.1	k141_77841	18662	84.073	383	59	414
MH569081.1	k141_77841	18662	70.112	358	74	167
MH569081.1	k141_77841	18662	70.112	358	74	167
MH569081.1	k141_77841	18662	71.756	262	51	138
MH569081.1	k141_81891	4785	71.025	1132	269	513
MH569081.1	k141_81891	4785	71.025	1132	269	513
MH569081.1	k141_23313	986	82.041	490	77	475
MH569081.1	k141_71994	1975	72.500	880	207	461
MH569081.1	k141_71994	1975	72.500	880	207	461
MH569081.1	k141_71994	1975	90.164	61	6	84.2
MH569081.1	k141_71994	1975	90.164	61	6	84.2
MH569081.1	k141_40609	658	94.286	140	8	217
MH569081.1	k141_40609	658	94.286	140	8	217
MH569081.1	k141_4561	908	71.852	405	106	206
MH569081.1	k141_11185	433	97.368	114	3	193
MH569081.1	k141_11185	433	97.368	114	3	193
MH569081.1	k141_29931	471	94.017	117	7	180
MH569081.1	k141_76017	1606	78.218	202	14	176
MH569081.1	k141_76017	1606	78.218	202	14	176
MH569081.1	k141_71439	900	85.938	128	13	150
MH569081.1	k141_11249	527	97.590	83	2	141
MH569081.1	k141_11249	527	97.590	83	2	141
MH569081.1	k141_8629	395	88.571	105	12	136
MH569081.1	k141_61640	2048	75.120	209	50	136
MH569081.1	k141_61640	2048	75.120	209	50	136
MH569081.1	k141_24597	490	84.298	121	11	136
MH569081.1	k141_59321	665	84.746	118	18	132
MH569081.1	k141_46213	308	81.967	122	5	128
MH569081.1	k141_46213	308	81.967	122	5	128
MH569081.1	k141_26779	2138	83.333	114	13	122
MH569081.1	k141_26779	2138	83.333	114	13	122
MH569081.1	k141_26779	2138	91.176	68	1	96.9
MH569081.1	k141_26779	2138	91.176	68	1	96.9
MH569081.1	k141_68539	435	69.784	278	63	120
MH569081.1	k141_54921	283	93.590	78	5	119
MH569081.1	k141_52381	709	94.521	73	4	114
MH569081.1	k141_52381	709	80.000	70	14	64.4
MH569081.1	k141_62953	616	86.139	101	11	113
MH569081.1	k141_6987	1460	87.356	87	11	108
MH569081.1	k141_6987	1460	87.356	87	11	108
MH569081.1	k141_91059	306	88.750	80	4	104
MH569081.1	k141_91059	306	88.750	80	4	104
MH569081.1	k141_94805	627	88.750	80	4	104
MH569081.1	k141_94805	627	88.750	80	4	104
MH569081.1	k141_61425	448	98.182	55	1	96.0
MH569081.1	k141_61425	448	98.182	55	1	96.0
MH569081.1	k141_7944	778	90.909	66	6	93.3
MH569081.1	k141_7944	778	90.909	66	6	93.3
MH569081.1	k141_65232	665	100.000	50	0	91.5
MH569081.1	k141_65232	665	100.000	50	0	91.5
MH569081.1	k141_75148	559	71.508	179	47	88.7
MH569081.1	k141_75148	559	71.508	179	47	88.7
MH569081.1	k141_71106	9053	77.391	115	23	85.1
MH569081.1	k141_71106	9053	77.391	115	23	85.1
MH569081.1	k141_71106	9053	84.375	64	10	71.6
MH569081.1	k141_71106	9053	84.375	64	10	71.6
MH569081.1	k141_62564	603	88.889	63	7	83.3
MH569081.1	k141_29098	352	88.710	62	7	81.5
MH569081.1	k141_29098	352	88.710	62	7	81.5
MH569081.1	k141_97561	338	86.667	75	7	80.6
MH569081.1	k141_9213	1821	75.238	105	18	76.1
MH569081.1	k141_61524	392	86.364	44	6	53.6
MH569081.1	k141_68714	708	91.667	36	3	52.7
MH569081.1	k141_72788	467	75.385	65	16	46.4
NC_033978.1	k141_2553	26536	94.913	10498	347	16500
NC_033978.1	k141_2553	26536	94.913	10498	347	16500
NC_033978.1	k141_2553	26536	93.812	9825	462	14997
NC_033978.1	k141_2553	26536	93.910	9737	447	14906
NC_033978.1	k141_2553	26536	93.822	4856	151	7459
NC_033978.1	k141_2553	26536	93.822	4856	151	7459
NC_033978.1	k141_2553	26536	86.527	1002	57	1215
NC_033978.1	k141_2553	26536	86.527	1002	57	1215
NC_033978.1	k141_2553	26536	94.444	54	3	85.1
NC_033978.1	k141_2553	26536	94.444	54	3	85.1
NC_033978.1	k141_2553	26536	100.000	39	0	71.6
NC_033978.1	k141_2553	26536	92.857	42	3	63.5
NC_033978.1	k141_2553	26536	84.211	38	6	42.8
NC_033978.1	k141_44942	88692	86.100	13928	1431	16363
NC_033978.1	k141_44942	88692	86.880	9207	764	11121
NC_033978.1	k141_44942	88692	83.027	7724	870	7980
NC_033978.1	k141_44942	88692	85.737	5041	521	5772
NC_033978.1	k141_44942	88692	84.820	4743	531	5285
NC_033978.1	k141_44942	88692	87.183	3472	290	4242
NC_033978.1	k141_44942	88692	85.757	2977	287	3496
NC_033978.1	k141_44942	88692	86.222	2054	208	2420
NC_033978.1	k141_44942	88692	76.732	3146	418	2355
NC_033978.1	k141_44942	88692	83.409	2194	298	2308
NC_033978.1	k141_44942	88692	78.455	2757	437	2242
NC_033978.1	k141_44942	88692	79.747	2217	284	1943
NC_033978.1	k141_44942	88692	90.863	1390	105	1928
NC_033978.1	k141_44942	88692	79.615	1766	230	1526
NC_033978.1	k141_44942	88692	90.130	1074	93	1444
NC_033978.1	k141_44942	88692	80.300	1599	242	1422
NC_033978.1	k141_44942	88692	82.275	1213	160	1187
NC_033978.1	k141_44942	88692	77.568	1480	219	1086
NC_033978.1	k141_44942	88692	73.880	1585	249	948
NC_033978.1	k141_44942	88692	74.196	1430	214	853
NC_033978.1	k141_44942	88692	80.941	808	106	780
NC_033978.1	k141_44942	88692	75.564	1064	130	765
NC_033978.1	k141_44942	88692	72.088	1451	278	744
NC_033978.1	k141_44942	88692	71.359	1435	258	653
NC_033978.1	k141_44942	88692	68.918	1525	271	572
NC_033978.1	k141_44942	88692	68.985	1251	206	514
NC_033978.1	k141_44942	88692	73.351	758	114	437
NC_033978.1	k141_44942	88692	75.691	543	88	366
NC_033978.1	k141_44942	88692	80.628	382	57	344
NC_033978.1	k141_44942	88692	72.928	543	109	288
NC_033978.1	k141_44942	88692	74.906	267	34	160
NC_033978.1	k141_44942	88692	94.286	105	5	159
NC_033978.1	k141_44942	88692	100.000	81	0	147
NC_033978.1	k141_44942	88692	76.687	163	38	123
NC_033978.1	k141_44942	88692	76.364	165	39	123
NC_033978.1	k141_44942	88692	97.436	39	1	67.1
NC_033978.1	k141_44942	88692	97.436	39	1	67.1
NC_033978.1	k141_44942	88692	95.000	40	2	64.4
NC_033978.1	k141_44942	88692	100.000	34	0	62.6
NC_033978.1	k141_44942	88692	86.667	45	6	55.4
NC_033978.1	k141_77841	18662	82.236	4920	681	4855
NC_033978.1	k141_77841	18662	79.693	4038	595	3532
NC_033978.1	k141_77841	18662	82.830	2382	358	2440
NC_033978.1	k141_77841	18662	73.232	3564	762	2115
NC_033978.1	k141_77841	18662	86.938	1378	150	1656
NC_033978.1	k141_77841	18662	76.976	291	55	221
NC_033978.1	k141_77841	18662	79.111	225	44	184
NC_033978.1	k141_77841	18662	88.750	80	9	104
NC_033978.1	k141_77841	18662	74.453	137	26	89.7
NC_033978.1	k141_77841	18662	74.453	137	26	89.7
NC_033978.1	k141_23313	986	90.000	490	38	651
NC_033978.1	k141_71994	1975	73.038	879	204	466
NC_033978.1	k141_71994	1975	73.038	879	204	466
NC_033978.1	k141_71994	1975	86.885	61	8	75.2
NC_033978.1	k141_71994	1975	86.885	61	8	75.2
NC_033978.1	k141_81891	4785	75.244	513	116	345
NC_033978.1	k141_81891	4785	75.244	513	116	345
NC_033978.1	k141_81891	4785	75.161	467	94	290
NC_033978.1	k141_81891	4785	75.161	467	94	290
NC_033978.1	k141_76017	1606	91.827	208	8	298
NC_033978.1	k141_76017	1606	91.827	208	8	298
NC_033978.1	k141_5614	560	95.604	182	8	293
NC_033978.1	k141_5614	560	95.604	182	8	293
NC_033978.1	k141_68539	435	79.618	314	39	288
NC_033978.1	k141_40609	658	97.143	140	4	235
NC_033978.1	k141_40609	658	97.143	140	4	235
NC_033978.1	k141_82092	1777	78.292	281	59	225
NC_033978.1	k141_82092	1777	78.292	281	59	225
NC_033978.1	k141_4561	908	71.594	433	115	216
NC_033978.1	k141_29147	392	97.581	124	3	211
NC_033978.1	k141_29147	392	97.581	124	3	211
NC_033978.1	k141_26779	2138	98.305	118	2	205
NC_033978.1	k141_26779	2138	98.305	118	2	205
NC_033978.1	k141_26779	2138	88.000	75	4	96.0
NC_033978.1	k141_26779	2138	88.000	75	4	96.0
NC_033978.1	k141_11185	433	99.123	114	1	202
NC_033978.1	k141_11185	433	99.123	114	1	202
NC_033978.1	k141_59321	665	96.610	118	4	196
NC_033978.1	k141_29931	471	94.017	117	5	178
NC_033978.1	k141_8629	395	95.283	106	5	169
NC_033978.1	k141_4098	431	87.970	133	13	167
NC_033978.1	k141_4098	431	87.970	133	13	167
NC_033978.1	k141_71439	900	86.131	137	11	165
NC_033978.1	k141_46213	308	90.164	122	6	163
NC_033978.1	k141_46213	308	90.164	122	6	163
NC_033978.1	k141_24597	490	86.555	119	8	146
NC_033978.1	k141_62953	616	88.496	113	11	143
NC_033978.1	k141_11249	527	97.590	83	2	141
NC_033978.1	k141_11249	527	97.590	83	2	141
NC_033978.1	k141_6987	1460	93.103	87	6	131
NC_033978.1	k141_6987	1460	93.103	87	6	131
NC_033978.1	k141_6987	1460	76.613	124	11	96.9
NC_033978.1	k141_6987	1460	76.613	124	11	96.9
NC_033978.1	k141_11389	755	81.343	134	20	130
NC_033978.1	k141_54921	283	94.872	78	4	123
NC_033978.1	k141_91059	306	93.750	80	5	123
NC_033978.1	k141_91059	306	93.750	80	5	123
NC_033978.1	k141_94805	627	93.750	80	5	123
NC_033978.1	k141_94805	627	93.750	80	5	123
NC_033978.1	k141_52381	709	93.671	79	5	121
NC_033978.1	k141_97561	338	97.015	67	2	113
NC_033978.1	k141_11215	345	91.781	73	6	105
NC_033978.1	k141_11215	345	91.781	73	6	105
NC_033978.1	k141_9213	1821	83.505	97	16	104
NC_033978.1	k141_65232	665	98.276	58	1	101
NC_033978.1	k141_65232	665	98.276	58	1	101
NC_033978.1	k141_61425	448	100.000	55	0	100
NC_033978.1	k141_61425	448	100.000	55	0	100
NC_033978.1	k141_29098	352	84.810	79	12	89.7
NC_033978.1	k141_29098	352	84.810	79	12	89.7
NC_033978.1	k141_71106	9053	77.391	115	23	85.1
NC_033978.1	k141_71106	9053	77.391	115	23	85.1
NC_033978.1	k141_75148	559	70.879	182	49	85.1
NC_033978.1	k141_75148	559	70.879	182	49	85.1
NC_033978.1	k141_62564	603	87.302	63	8	78.8
NC_033978.1	k141_41690	2593	85.294	68	7	77.0
NC_033978.1	k141_68714	708	80.000	85	10	75.2
NC_033978.1	k141_72788	467	83.077	65	11	68.9
NC_033978.1	k141_14949	454	85.714	56	8	66.2
NC_033978.1	k141_40256	4046	93.023	43	3	65.3
NC_033978.1	k141_40256	4046	93.023	43	3	65.3
MW006668.1	k141_2553	26536	94.397	8263	279	12800
MW006668.1	k141_2553	26536	94.397	8263	279	12800
MW006668.1	k141_2553	26536	88.951	5521	405	7234
MW006668.1	k141_2553	26536	75.296	2028	286	1422
MW006668.1	k141_2553	26536	76.530	1389	175	1037
MW006668.1	k141_2553	26536	86.869	693	60	855
MW006668.1	k141_2553	26536	86.949	567	61	683
MW006668.1	k141_2553	26536	89.263	475	35	633
MW006668.1	k141_2553	26536	89.263	475	35	633
MW006668.1	k141_2553	26536	77.053	767	119	592
MW006668.1	k141_2553	26536	87.797	295	25	367
MW006668.1	k141_2553	26536	87.797	295	25	367
MW006668.1	k141_2553	26536	78.462	325	47	274
MW006668.1	k141_2553	26536	84.393	173	27	191
MW006668.1	k141_2553	26536	83.221	149	15	152
MW006668.1	k141_2553	26536	83.221	149	15	152
MW006668.1	k141_2553	26536	83.212	137	13	140
MW006668.1	k141_2553	26536	66.098	410	100	126
MW006668.1	k141_2553	26536	66.098	410	100	126
MW006668.1	k141_2553	26536	82.857	105	14	108
MW006668.1	k141_2553	26536	64.797	517	127	104
MW006668.1	k141_2553	26536	69.504	282	70	91.5
MW006668.1	k141_2553	26536	69.504	282	70	91.5
MW006668.1	k141_2553	26536	65.784	529	131	89.7
MW006668.1	k141_2553	26536	65.784	529	131	89.7
MW006668.1	k141_2553	26536	74.797	123	19	89.7
MW006668.1	k141_2553	26536	69.474	285	65	88.7
MW006668.1	k141_2553	26536	69.474	285	65	88.7
MW006668.1	k141_2553	26536	69.474	285	65	88.7
MW006668.1	k141_2553	26536	69.474	285	65	88.7
MW006668.1	k141_2553	26536	74.590	122	19	87.8
MW006668.1	k141_2553	26536	74.590	122	19	87.8
MW006668.1	k141_2553	26536	70.552	163	36	85.1
MW006668.1	k141_2553	26536	70.552	163	36	85.1
MW006668.1	k141_2553	26536	70.552	163	36	85.1
MW006668.1	k141_2553	26536	70.552	163	36	85.1
MW006668.1	k141_2553	26536	68.772	285	67	84.2
MW006668.1	k141_2553	26536	68.772	285	67	84.2
MW006668.1	k141_2553	26536	68.772	285	67	84.2
MW006668.1	k141_2553	26536	68.772	285	67	84.2
MW006668.1	k141_2553	26536	100.000	42	0	77.0
MW006668.1	k141_2553	26536	100.000	42	0	77.0
MW006668.1	k141_2553	26536	85.965	57	8	68.0
MW006668.1	k141_2553	26536	85.965	57	8	68.0
MW006668.1	k141_2553	26536	92.857	42	3	63.5
MW006668.1	k141_2553	26536	84.211	57	9	63.5
MW006668.1	k141_2553	26536	84.211	57	9	63.5
MW006668.1	k141_2553	26536	84.211	57	9	63.5
MW006668.1	k141_2553	26536	84.211	57	9	63.5
MW006668.1	k141_2553	26536	84.211	57	9	63.5
MW006668.1	k141_2553	26536	84.211	57	9	63.5
MW006668.1	k141_2553	26536	84.211	57	9	63.5
MW006668.1	k141_2553	26536	84.211	57	9	63.5
MW006668.1	k141_2553	26536	86.275	51	7	61.7
MW006668.1	k141_2553	26536	67.018	285	75	59.0
MW006668.1	k141_2553	26536	67.018	285	75	59.0
MW006668.1	k141_2553	26536	67.018	285	75	59.0
MW006668.1	k141_2553	26536	67.018	285	75	59.0
MW006668.1	k141_2553	26536	72.619	84	23	49.1
MW006668.1	k141_2553	26536	72.619	84	23	49.1
MW006668.1	k141_2553	26536	84.091	44	7	49.1
MW006668.1	k141_2553	26536	84.211	38	6	42.8
MW006668.1	k141_44942	88692	84.295	9322	1190	10197
MW006668.1	k141_44942	88692	90.286	5662	469	7697
MW006668.1	k141_44942	88692	77.821	6371	918	5011
MW006668.1	k141_44942	88692	84.981	4381	506	4919
MW006668.1	k141_44942	88692	81.155	4781	566	4565
MW006668.1	k141_44942	88692	88.080	3406	355	4291
MW006668.1	k141_44942	88692	82.372	3920	461	3901
MW006668.1	k141_44942	88692	71.776	4854	783	2494
MW006668.1	k141_44942	88692	90.049	1849	172	2485
MW006668.1	k141_44942	88692	77.175	3172	525	2438
MW006668.1	k141_44942	88692	83.384	2299	263	2365
MW006668.1	k141_44942	88692	82.787	2225	275	2294
MW006668.1	k141_44942	88692	83.907	1945	280	2095
MW006668.1	k141_44942	88692	78.519	2039	283	1712
MW006668.1	k141_44942	88692	79.506	1781	295	1563
MW006668.1	k141_44942	88692	86.898	1183	138	1424
MW006668.1	k141_44942	88692	91.649	934	69	1328
MW006668.1	k141_44942	88692	91.649	934	69	1328
MW006668.1	k141_44942	88692	79.041	1293	207	1051
MW006668.1	k141_44942	88692	73.876	1646	263	1014
MW006668.1	k141_44942	88692	76.856	1253	185	935
MW006668.1	k141_44942	88692	76.856	1253	185	935
MW006668.1	k141_44942	88692	82.950	827	97	829
MW006668.1	k141_44942	88692	73.718	1229	196	704
MW006668.1	k141_44942	88692	77.406	748	122	594
MW006668.1	k141_44942	88692	72.290	1061	206	560
MW006668.1	k141_44942	88692	71.229	1074	189	558
MW006668.1	k141_44942	88692	77.378	694	86	527
MW006668.1	k141_44942	88692	75.071	706	110	508
MW006668.1	k141_44942	88692	74.018	866	144	508
MW006668.1	k141_44942	88692	88.854	323	36	421
MW006668.1	k141_44942	88692	76.278	489	83	362
MW006668.1	k141_44942	88692	76.278	489	83	362
MW006668.1	k141_44942	88692	80.938	341	44	315
MW006668.1	k141_44942	88692	80.938	341	44	315
MW006668.1	k141_44942	88692	80.753	239	40	221
MW006668.1	k141_44942	88692	69.283	586	111	218
MW006668.1	k141_44942	88692	74.837	306	43	182
MW006668.1	k141_44942	88692	80.296	203	29	174
MW006668.1	k141_44942	88692	79.717	212	34	170
MW006668.1	k141_44942	88692	75.847	236	55	167
MW006668.1	k141_44942	88692	78.774	212	32	160
MW006668.1	k141_44942	88692	78.261	184	34	149
MW006668.1	k141_44942	88692	78.261	184	34	149
MW006668.1	k141_44942	88692	67.599	429	125	142
MW006668.1	k141_44942	88692	66.161	659	140	141
MW006668.1	k141_44942	88692	75.000	220	38	133
MW006668.1	k141_44942	88692	76.966	178	30	133
MW006668.1	k141_44942	88692	94.937	79	4	125
MW006668.1	k141_44942	88692	94.937	79	4	125
MW006668.1	k141_44942	88692	77.707	157	33	123
MW006668.1	k141_44942	88692	74.118	170	44	109
MW006668.1	k141_44942	88692	75.676	148	19	103
MW006668.1	k141_44942	88692	75.676	148	19	103
MW006668.1	k141_44942	88692	95.238	42	2	68.0
MW006668.1	k141_44942	88692	95.238	42	2	68.0
MW006668.1	k141_44942	88692	97.436	39	1	67.1
MW006668.1	k141_44942	88692	76.364	110	20	65.3
MW006668.1	k141_44942	88692	84.211	57	9	63.5
MW006668.1	k141_44942	88692	84.211	57	9	63.5
MW006668.1	k141_44942	88692	94.118	34	2	53.6
MW006668.1	k141_77841	18662	82.653	4848	701	4875
MW006668.1	k141_77841	18662	82.653	4848	701	4875
MW006668.1	k141_77841	18662	82.652	2888	352	2949
MW006668.1	k141_77841	18662	82.652	2888	352	2949
MW006668.1	k141_77841	18662	79.090	2329	443	1986
MW006668.1	k141_77841	18662	84.289	1413	177	1548
MW006668.1	k141_77841	18662	84.289	1413	177	1548
MW006668.1	k141_77841	18662	78.972	214	45	184
MW006668.1	k141_77841	18662	78.972	214	45	184
MW006668.1	k141_77841	18662	87.218	133	16	160
MW006668.1	k141_23313	986	87.755	490	49	606
MW006668.1	k141_71994	1975	72.027	883	207	439
MW006668.1	k141_71994	1975	72.027	883	207	439
MW006668.1	k141_71994	1975	85.246	61	9	70.7
MW006668.1	k141_71994	1975	85.246	61	9	70.7
MW006668.1	k141_81891	4785	74.854	513	118	336
MW006668.1	k141_81891	4785	74.854	513	118	336
MW006668.1	k141_81891	4785	74.518	467	103	276
MW006668.1	k141_81891	4785	74.518	467	103	276
MW006668.1	k141_68539	435	81.159	345	42	324
MW006668.1	k141_76017	1606	93.069	202	13	298
MW006668.1	k141_76017	1606	93.069	202	13	298
MW006668.1	k141_82092	1777	78.292	281	59	225
MW006668.1	k141_82092	1777	78.292	281	59	225
MW006668.1	k141_40609	658	92.857	140	10	208
MW006668.1	k141_4561	908	71.429	392	106	199
MW006668.1	k141_11185	433	95.614	114	5	184
MW006668.1	k141_11185	433	95.614	114	5	184
MW006668.1	k141_29931	471	94.017	117	6	177
MW006668.1	k141_59321	665	92.373	118	9	173
MW006668.1	k141_71439	900	92.661	109	5	159
MW006668.1	k141_8629	395	91.429	105	9	150
MW006668.1	k141_11249	527	98.795	83	1	146
MW006668.1	k141_11249	527	98.795	83	1	146
MW006668.1	k141_46213	308	83.607	122	12	133
MW006668.1	k141_54921	283	94.872	78	4	123
MW006668.1	k141_24597	490	81.818	121	14	123
MW006668.1	k141_52381	709	93.671	79	5	121
MW006668.1	k141_91059	306	93.750	80	2	121
MW006668.1	k141_91059	306	93.750	80	2	121
MW006668.1	k141_94805	627	93.750	80	2	121
MW006668.1	k141_94805	627	93.750	80	2	121
MW006668.1	k141_29147	392	77.698	139	15	117
MW006668.1	k141_62953	616	88.172	93	9	116
MW006668.1	k141_26779	2138	86.364	88	12	105
MW006668.1	k141_26779	2138	88.000	75	4	96.0
MW006668.1	k141_26779	2138	88.000	75	4	96.0
MW006668.1	k141_65232	665	100.000	58	0	105
MW006668.1	k141_65232	665	100.000	58	0	105
MW006668.1	k141_6987	1460	83.908	87	8	96.0
MW006668.1	k141_6987	1460	83.908	87	8	96.0
MW006668.1	k141_85267	835	92.063	63	5	92.4
MW006668.1	k141_29098	352	84.810	79	12	89.7
MW006668.1	k141_29098	352	84.810	79	12	89.7
MW006668.1	k141_97561	338	91.525	59	5	85.1
MW006668.1	k141_71106	9053	77.391	115	23	85.1
MW006668.1	k141_71106	9053	77.391	115	23	85.1
MW006668.1	k141_22921	278	74.219	128	13	83.3
MW006668.1	k141_75148	559	69.444	180	55	77.9
MW006668.1	k141_61425	448	92.727	55	1	76.1
MW006668.1	k141_61425	448	92.727	55	1	76.1
MW006668.1	k141_11215	345	85.484	62	9	72.5
MW006668.1	k141_41690	2593	82.353	68	9	68.0
MW006668.1	k141_41690	2593	82.353	68	9	68.0
MW006668.1	k141_68714	708	81.081	74	13	68.0
MW006668.1	k141_14949	454	85.714	56	8	66.2
MW006668.1	k141_40256	4046	93.023	43	3	65.3
MW006668.1	k141_40256	4046	93.023	43	3	65.3
MW006668.1	k141_54144	430	86.047	43	5	48.2
MW006668.1	k141_54144	430	86.047	43	5	48.2
MW006668.1	k141_88039	722	74.194	62	16	41.0
MW435436.1	k141_2553	26536	92.755	13458	653	19917
MW435436.1	k141_2553	26536	92.755	13458	653	19917
MW435436.1	k141_2553	26536	94.464	11181	341	17394
MW435436.1	k141_2553	26536	94.464	11181	341	17394
MW435436.1	k141_2553	26536	88.320	1935	118	2492
MW435436.1	k141_2553	26536	88.320	1935	118	2492
MW435436.1	k141_2553	26536	95.238	42	2	68.0
MW435436.1	k141_2553	26536	92.308	39	3	58.1
MW435436.1	k141_44942	88692	86.383	10920	1189	12997
MW435436.1	k141_44942	88692	82.404	10042	1203	10125
MW435436.1	k141_44942	88692	90.794	5692	432	7896
MW435436.1	k141_44942	88692	83.391	5798	640	6077
MW435436.1	k141_44942	88692	80.448	6649	862	6066
MW435436.1	k141_44942	88692	84.873	4026	399	4493
MW435436.1	k141_44942	88692	79.699	4182	604	3638
MW435436.1	k141_44942	88692	78.337	2839	395	2330
MW435436.1	k141_44942	88692	84.965	1982	247	2223
MW435436.1	k141_44942	88692	76.388	3007	439	2178
MW435436.1	k141_44942	88692	81.471	2148	214	2079
MW435436.1	k141_44942	88692	82.812	1536	244	1576
MW435436.1	k141_44942	88692	75.047	2116	366	1388
MW435436.1	k141_44942	88692	86.913	1108	109	1328
MW435436.1	k141_44942	88692	75.831	1895	305	1311
MW435436.1	k141_44942	88692	79.499	1278	142	1129
MW435436.1	k141_44942	88692	81.018	1159	164	1077
MW435436.1	k141_44942	88692	69.157	2409	423	955
MW435436.1	k141_44942	88692	74.178	1247	205	782
MW435436.1	k141_44942	88692	80.117	855	109	755
MW435436.1	k141_44942	88692	75.720	799	110	548
MW435436.1	k141_44942	88692	73.500	800	92	488
MW435436.1	k141_44942	88692	86.479	355	42	416
MW435436.1	k141_44942	88692	86.479	355	42	416
MW435436.1	k141_44942	88692	74.637	619	87	382
MW435436.1	k141_44942	88692	69.347	659	115	249
MW435436.1	k141_44942	88692	79.044	272	34	242
MW435436.1	k141_44942	88692	89.937	159	12	205
MW435436.1	k141_44942	88692	87.898	157	18	195
MW435436.1	k141_44942	88692	89.394	132	8	177
MW435436.1	k141_44942	88692	70.681	382	63	170
MW435436.1	k141_44942	88692	88.060	134	13	159
MW435436.1	k141_44942	88692	89.623	106	7	141
MW435436.1	k141_44942	88692	84.677	124	19	139
MW435436.1	k141_44942	88692	97.468	79	2	134
MW435436.1	k141_44942	88692	83.333	126	21	133
MW435436.1	k141_44942	88692	76.667	180	34	125
MW435436.1	k141_44942	88692	83.333	66	11	70.7
MW435436.1	k141_44942	88692	97.436	39	1	67.1
MW435436.1	k141_44942	88692	97.436	39	1	67.1
MW435436.1	k141_44942	88692	100.000	34	0	62.6
MW435436.1	k141_44942	88692	90.476	42	4	59.0
MW435436.1	k141_77841	18662	83.116	3370	462	3488
MW435436.1	k141_77841	18662	81.875	2858	385	2804
MW435436.1	k141_77841	18662	81.457	2265	385	2192
MW435436.1	k141_77841	18662	81.319	2002	340	1924
MW435436.1	k141_77841	18662	85.663	1388	164	1580
MW435436.1	k141_77841	18662	71.538	2737	626	1409
MW435436.1	k141_77841	18662	78.707	1423	252	1161
MW435436.1	k141_77841	18662	74.550	723	131	487
MW435436.1	k141_77841	18662	74.550	723	131	487
MW435436.1	k141_77841	18662	70.098	816	185	362
MW435436.1	k141_23313	986	88.934	488	43	625
MW435436.1	k141_81891	4785	71.240	1137	258	531
MW435436.1	k141_81891	4785	71.240	1137	258	531
MW435436.1	k141_71994	1975	72.727	880	205	456
MW435436.1	k141_71994	1975	72.727	880	205	456
MW435436.1	k141_71994	1975	86.885	61	8	75.2
MW435436.1	k141_71994	1975	86.885	61	8	75.2
MW435436.1	k141_76017	1606	92.271	207	8	300
MW435436.1	k141_76017	1606	92.271	207	8	300
MW435436.1	k141_68539	435	74.799	373	51	266
MW435436.1	k141_5614	560	90.761	184	11	257
MW435436.1	k141_5614	560	90.761	184	11	257
MW435436.1	k141_40609	658	97.857	140	3	240
MW435436.1	k141_40609	658	97.857	140	3	240
MW435436.1	k141_82092	1777	77.936	281	60	221
MW435436.1	k141_82092	1777	77.936	281	60	221
MW435436.1	k141_29147	392	97.600	125	3	213
MW435436.1	k141_29147	392	97.600	125	3	213
MW435436.1	k141_26779	2138	98.305	118	2	205
MW435436.1	k141_26779	2138	98.305	118	2	205
MW435436.1	k141_26779	2138	88.000	75	4	96.0
MW435436.1	k141_26779	2138	88.000	75	4	96.0
MW435436.1	k141_4561	908	70.901	433	118	203
MW435436.1	k141_11185	433	98.246	114	2	197
MW435436.1	k141_11185	433	98.246	114	2	197
MW435436.1	k141_29931	471	95.726	117	4	186
MW435436.1	k141_59321	665	94.068	118	7	182
MW435436.1	k141_4098	431	89.474	133	11	176
MW435436.1	k141_4098	431	89.474	133	11	176
MW435436.1	k141_8629	395	92.453	106	8	156
MW435436.1	k141_71439	900	85.606	132	9	153
MW435436.1	k141_11249	527	98.795	83	1	146
MW435436.1	k141_11249	527	98.795	83	1	146
MW435436.1	k141_24597	490	86.555	119	8	146
MW435436.1	k141_46213	308	84.252	127	7	142
MW435436.1	k141_46213	308	84.252	127	7	142
MW435436.1	k141_91059	306	96.250	80	3	132
MW435436.1	k141_91059	306	96.250	80	3	132
MW435436.1	k141_94805	627	96.250	80	3	132
MW435436.1	k141_94805	627	96.250	80	3	132
MW435436.1	k141_11389	755	79.720	143	23	124
MW435436.1	k141_97561	338	80.132	151	22	123
MW435436.1	k141_52381	709	92.405	79	6	116
MW435436.1	k141_54921	283	91.026	78	7	110
MW435436.1	k141_11215	345	91.781	73	6	105
MW435436.1	k141_11215	345	91.781	73	6	105
MW435436.1	k141_6987	1460	90.667	75	7	104
MW435436.1	k141_6987	1460	90.667	75	7	104
MW435436.1	k141_61425	448	100.000	55	0	100
MW435436.1	k141_61425	448	100.000	55	0	100
MW435436.1	k141_65232	665	96.552	58	2	96.9
MW435436.1	k141_65232	665	96.552	58	2	96.9
MW435436.1	k141_22921	278	91.304	69	3	92.4
MW435436.1	k141_29098	352	84.810	79	12	89.7
MW435436.1	k141_29098	352	84.810	79	12	89.7
MW435436.1	k141_75148	559	71.429	182	48	89.7
MW435436.1	k141_75148	559	71.429	182	48	89.7
MW435436.1	k141_71106	9053	77.391	115	23	85.1
MW435436.1	k141_71106	9053	77.391	115	23	85.1
MW435436.1	k141_62564	603	88.889	63	7	83.3
MW435436.1	k141_9213	1821	80.952	84	16	80.6
MW435436.1	k141_96357	435	71.795	117	7	73.4
MW435436.1	k141_41690	2593	83.824	68	8	72.5
MW435436.1	k141_14949	454	87.500	56	7	70.7
MW435436.1	k141_61524	392	90.000	50	5	68.9
NC_037882.1	k141_2553	26536	94.686	10989	326	17228
NC_037882.1	k141_2553	26536	94.686	10989	326	17228
NC_037882.1	k141_2553	26536	93.914	8281	380	12661
NC_037882.1	k141_2553	26536	93.914	8281	380	12661
NC_037882.1	k141_2553	26536	95.111	4868	111	7762
NC_037882.1	k141_2553	26536	95.111	4868	111	7762
NC_037882.1	k141_2553	26536	92.941	595	25	891
NC_037882.1	k141_2553	26536	92.941	595	25	891
NC_037882.1	k141_2553	26536	89.448	417	13	551
NC_037882.1	k141_2553	26536	89.448	417	13	551
NC_037882.1	k141_2553	26536	97.619	42	1	72.5
NC_037882.1	k141_2553	26536	94.872	39	2	62.6
NC_037882.1	k141_2553	26536	86.842	38	5	47.3
NC_037882.1	k141_2553	26536	84.211	38	6	42.8
NC_037882.1	k141_44942	88692	86.110	13571	1429	15923
NC_037882.1	k141_44942	88692	84.284	10308	1068	11320
NC_037882.1	k141_44942	88692	88.291	8523	718	10804
NC_037882.1	k141_44942	88692	84.385	5834	630	6348
NC_037882.1	k141_44942	88692	89.144	3565	290	4673
NC_037882.1	k141_44942	88692	81.201	4298	501	4124
NC_037882.1	k141_44942	88692	79.877	4388	634	3855
NC_037882.1	k141_44942	88692	77.967	4752	609	3821
NC_037882.1	k141_44942	88692	76.908	3118	388	2384
NC_037882.1	k141_44942	88692	85.926	1961	220	2298
NC_037882.1	k141_44942	88692	78.540	2465	341	2023
NC_037882.1	k141_44942	88692	83.275	1728	249	1814
NC_037882.1	k141_44942	88692	83.404	1175	137	1221
NC_037882.1	k141_44942	88692	90.962	863	48	1201
NC_037882.1	k141_44942	88692	81.552	1160	131	1126
NC_037882.1	k141_44942	88692	77.182	1398	208	1003
NC_037882.1	k141_44942	88692	76.736	1397	192	1003
NC_037882.1	k141_44942	88692	75.191	1443	179	1002
NC_037882.1	k141_44942	88692	74.074	1566	227	962
NC_037882.1	k141_44942	88692	75.388	1032	157	691
NC_037882.1	k141_44942	88692	74.844	799	120	536
NC_037882.1	k141_44942	88692	73.669	714	90	462
NC_037882.1	k141_44942	88692	79.915	473	53	436
NC_037882.1	k141_44942	88692	75.904	498	94	354
NC_037882.1	k141_44942	88692	70.556	540	89	226
NC_037882.1	k141_44942	88692	73.520	321	45	196
NC_037882.1	k141_44942	88692	85.987	157	19	174
NC_037882.1	k141_44942	88692	74.532	267	41	168
NC_037882.1	k141_44942	88692	80.795	151	17	149
NC_037882.1	k141_44942	88692	80.795	151	17	149
NC_037882.1	k141_44942	88692	90.196	102	10	140
NC_037882.1	k141_44942	88692	76.364	165	39	123
NC_037882.1	k141_44942	88692	80.645	124	24	116
NC_037882.1	k141_44942	88692	69.492	236	31	94.2
NC_037882.1	k141_44942	88692	92.857	42	3	63.5
NC_037882.1	k141_44942	88692	94.872	39	2	62.6
NC_037882.1	k141_44942	88692	94.872	39	2	62.6
NC_037882.1	k141_44942	88692	97.059	34	1	58.1
NC_037882.1	k141_77841	18662	80.829	6682	964	6165
NC_037882.1	k141_77841	18662	83.597	2841	324	3048
NC_037882.1	k141_77841	18662	83.062	2332	348	2418
NC_037882.1	k141_77841	18662	70.316	3480	784	1587
NC_037882.1	k141_77841	18662	72.161	819	194	417
NC_037882.1	k141_77841	18662	81.944	288	36	282
NC_037882.1	k141_77841	18662	80.851	235	44	218
NC_037882.1	k141_77841	18662	78.261	138	20	110
NC_037882.1	k141_77841	18662	78.261	138	20	110
NC_037882.1	k141_77841	18662	84.000	75	12	82.4
NC_037882.1	k141_23313	986	89.388	490	41	637
NC_037882.1	k141_71994	1975	72.924	879	205	462
NC_037882.1	k141_71994	1975	72.924	879	205	462
NC_037882.1	k141_71994	1975	86.885	61	8	75.2
NC_037882.1	k141_71994	1975	86.885	61	8	75.2
NC_037882.1	k141_81891	4785	75.049	513	117	341
NC_037882.1	k141_81891	4785	75.049	513	117	341
NC_037882.1	k141_81891	4785	74.310	471	91	282
NC_037882.1	k141_81891	4785	74.310	471	91	282
NC_037882.1	k141_5614	560	95.628	183	8	295
NC_037882.1	k141_5614	560	95.628	183	8	295
NC_037882.1	k141_76017	1606	86.758	219	10	269
NC_037882.1	k141_76017	1606	86.758	219	10	269
NC_037882.1	k141_68539	435	75.066	377	49	257
NC_037882.1	k141_40609	658	97.143	140	4	235
NC_037882.1	k141_40609	658	97.143	140	4	235
NC_037882.1	k141_82092	1777	77.936	281	60	221
NC_037882.1	k141_82092	1777	77.936	281	60	221
NC_037882.1	k141_26779	2138	99.153	118	1	209
NC_037882.1	k141_26779	2138	99.153	118	1	209
NC_037882.1	k141_26779	2138	88.000	75	4	96.0
NC_037882.1	k141_26779	2138	88.000	75	4	96.0
NC_037882.1	k141_29147	392	96.800	125	4	208
NC_037882.1	k141_29147	392	96.800	125	4	208
NC_037882.1	k141_4561	908	70.714	420	117	200
NC_037882.1	k141_11185	433	98.246	114	2	197
NC_037882.1	k141_11185	433	98.246	114	2	197
NC_037882.1	k141_29931	471	95.726	117	4	186
NC_037882.1	k141_59321	665	94.068	118	7	182
NC_037882.1	k141_71439	900	92.105	114	9	166
NC_037882.1	k141_8629	395	91.509	106	9	151
NC_037882.1	k141_4098	431	86.047	129	15	150
NC_037882.1	k141_4098	431	86.047	129	15	150
NC_037882.1	k141_46213	308	86.066	122	9	147
NC_037882.1	k141_46213	308	86.066	122	9	147
NC_037882.1	k141_11389	755	83.217	143	18	147
NC_037882.1	k141_11249	527	98.795	83	1	146
NC_037882.1	k141_11249	527	98.795	83	1	146
NC_037882.1	k141_24597	490	84.874	119	10	137
NC_037882.1	k141_91059	306	97.500	80	2	136
NC_037882.1	k141_91059	306	97.500	80	2	136
NC_037882.1	k141_94805	627	97.500	80	2	136
NC_037882.1	k141_94805	627	97.500	80	2	136
NC_037882.1	k141_62953	616	85.470	117	11	132
NC_037882.1	k141_54921	283	93.590	78	5	119
NC_037882.1	k141_11215	345	94.595	74	4	116
NC_037882.1	k141_11215	345	94.595	74	4	116
NC_037882.1	k141_6987	1460	86.957	92	7	113
NC_037882.1	k141_6987	1460	86.957	92	7	113
NC_037882.1	k141_97561	338	72.131	244	43	112
NC_037882.1	k141_52381	709	91.139	79	7	112
NC_037882.1	k141_96357	435	82.828	99	6	104
NC_037882.1	k141_22921	278	94.203	69	1	101
NC_037882.1	k141_61425	448	100.000	55	0	100
NC_037882.1	k141_61425	448	100.000	55	0	100
NC_037882.1	k141_85267	835	93.750	64	4	98.7
NC_037882.1	k141_65232	665	100.000	53	0	96.9
NC_037882.1	k141_65232	665	100.000	53	0	96.9
NC_037882.1	k141_29098	352	84.810	79	12	89.7
NC_037882.1	k141_29098	352	84.810	79	12	89.7
NC_037882.1	k141_75148	559	71.429	182	48	89.7
NC_037882.1	k141_75148	559	71.429	182	48	89.7
NC_037882.1	k141_71106	9053	77.391	115	23	85.1
NC_037882.1	k141_71106	9053	77.391	115	23	85.1
NC_037882.1	k141_14949	454	73.856	153	28	80.6
NC_037882.1	k141_68714	708	88.710	62	6	77.9
NC_037882.1	k141_41690	2593	85.294	68	7	77.0
NC_037882.1	k141_72788	467	83.607	61	10	66.2
NC_037882.1	k141_40256	4046	93.023	43	3	65.3
NC_037882.1	k141_40256	4046	93.023	43	3	65.3
NC_056190.1	k141_2553	26536	94.641	9927	350	15488
NC_056190.1	k141_2553	26536	94.641	9927	350	15488
NC_056190.1	k141_2553	26536	92.653	9419	496	13890
NC_056190.1	k141_2553	26536	92.794	9367	483	13879
NC_056190.1	k141_2553	26536	91.049	6111	238	8644
NC_056190.1	k141_2553	26536	91.049	6111	238	8644
NC_056190.1	k141_2553	26536	88.636	396	25	512
NC_056190.1	k141_2553	26536	88.636	396	25	512
NC_056190.1	k141_2553	26536	97.959	49	1	85.1
NC_056190.1	k141_2553	26536	97.959	49	1	85.1
NC_056190.1	k141_2553	26536	97.561	41	1	70.7
NC_056190.1	k141_2553	26536	92.308	39	3	58.1
NC_056190.1	k141_2553	26536	86.842	38	5	47.3
NC_056190.1	k141_44942	88692	85.494	12733	1513	14595
NC_056190.1	k141_44942	88692	89.824	5837	481	7825
NC_056190.1	k141_44942	88692	78.768	9368	1400	7778
NC_056190.1	k141_44942	88692	81.525	6571	853	6396
NC_056190.1	k141_44942	88692	83.873	4111	451	4405
NC_056190.1	k141_44942	88692	81.921	4248	538	4113
NC_056190.1	k141_44942	88692	83.395	3523	410	3703
NC_056190.1	k141_44942	88692	78.495	4027	669	3248
NC_056190.1	k141_44942	88692	83.199	2107	223	2174
NC_056190.1	k141_44942	88692	84.488	1992	278	2169
NC_056190.1	k141_44942	88692	74.968	3144	468	2072
NC_056190.1	k141_44942	88692	88.598	1070	100	1364
NC_056190.1	k141_44942	88692	77.267	1676	250	1288
NC_056190.1	k141_44942	88692	78.385	1189	137	1009
NC_056190.1	k141_44942	88692	78.418	1214	193	1003
NC_056190.1	k141_44942	88692	79.433	1128	159	978
NC_056190.1	k141_44942	88692	79.301	1058	172	874
NC_056190.1	k141_44942	88692	73.726	1374	220	802
NC_056190.1	k141_44942	88692	74.960	1246	181	792
NC_056190.1	k141_44942	88692	77.014	1018	173	769
NC_056190.1	k141_44942	88692	72.244	1034	162	590
NC_056190.1	k141_44942	88692	78.076	707	102	566
NC_056190.1	k141_44942	88692	80.777	489	78	442
NC_056190.1	k141_44942	88692	87.316	339	40	416
NC_056190.1	k141_44942	88692	87.831	189	23	238
NC_056190.1	k141_44942	88692	74.277	346	62	212
NC_056190.1	k141_44942	88692	83.951	162	18	165
NC_056190.1	k141_44942	88692	93.814	97	6	149
NC_056190.1	k141_44942	88692	72.039	304	46	147
NC_056190.1	k141_44942	88692	75.472	212	36	145
NC_056190.1	k141_44942	88692	97.531	81	2	138
NC_056190.1	k141_44942	88692	78.981	157	24	134
NC_056190.1	k141_44942	88692	76.364	165	39	123
NC_056190.1	k141_44942	88692	75.460	163	40	114
NC_056190.1	k141_44942	88692	74.317	183	33	113
NC_056190.1	k141_44942	88692	76.471	102	19	72.5
NC_056190.1	k141_44942	88692	91.489	47	4	68.0
NC_056190.1	k141_44942	88692	80.769	78	7	68.0
NC_056190.1	k141_44942	88692	92.857	42	3	63.5
NC_056190.1	k141_44942	88692	94.872	39	2	62.6
NC_056190.1	k141_44942	88692	94.872	39	2	62.6
NC_056190.1	k141_44942	88692	94.118	34	2	53.6
NC_056190.1	k141_77841	18662	81.323	2843	412	2715
NC_056190.1	k141_77841	18662	76.810	2376	399	1758
NC_056190.1	k141_77841	18662	67.524	3381	845	1056
NC_056190.1	k141_77841	18662	75.946	1268	255	903
NC_056190.1	k141_77841	18662	83.226	775	106	798
NC_056190.1	k141_77841	18662	70.235	766	197	342
NC_056190.1	k141_77841	18662	78.909	275	37	241
NC_056190.1	k141_77841	18662	75.494	253	57	173
NC_056190.1	k141_77841	18662	65.533	647	169	152
NC_056190.1	k141_77841	18662	82.500	120	21	123
NC_056190.1	k141_23313	986	88.683	486	44	617
NC_056190.1	k141_71994	1975	73.034	890	207	472
NC_056190.1	k141_71994	1975	73.034	890	207	472
NC_056190.1	k141_71994	1975	86.885	61	8	75.2
NC_056190.1	k141_71994	1975	86.885	61	8	75.2
NC_056190.1	k141_81891	4785	75.049	513	117	341
NC_056190.1	k141_81891	4785	75.049	513	117	341
NC_056190.1	k141_81891	4785	74.735	471	89	291
NC_056190.1	k141_81891	4785	74.735	471	89	291
NC_056190.1	k141_76017	1606	92.611	203	13	292
NC_056190.1	k141_76017	1606	92.611	203	13	292
NC_056190.1	k141_5614	560	95.109	184	9	292
NC_056190.1	k141_5614	560	95.109	184	9	292
NC_056190.1	k141_40609	658	98.571	140	2	244
NC_056190.1	k141_40609	658	98.571	140	2	244
NC_056190.1	k141_4561	908	70.809	507	134	233
NC_056190.1	k141_82092	1777	77.580	281	61	216
NC_056190.1	k141_82092	1777	77.580	281	61	216
NC_056190.1	k141_26779	2138	99.153	118	1	209
NC_056190.1	k141_26779	2138	99.153	118	1	209
NC_056190.1	k141_26779	2138	88.000	75	4	96.0
NC_056190.1	k141_26779	2138	88.000	75	4	96.0
NC_056190.1	k141_11185	433	98.246	114	2	197
NC_056190.1	k141_11185	433	98.246	114	2	197
NC_056190.1	k141_68539	435	71.858	366	62	184
NC_056190.1	k141_29147	392	97.222	108	3	182
NC_056190.1	k141_29147	392	97.222	108	3	182
NC_056190.1	k141_29931	471	93.162	117	7	172
NC_056190.1	k141_59321	665	91.525	118	10	168
NC_056190.1	k141_11389	755	84.615	143	16	156
NC_056190.1	k141_71439	900	95.455	88	4	141
NC_056190.1	k141_8629	395	88.679	106	12	138
NC_056190.1	k141_24597	490	84.874	119	10	137
NC_056190.1	k141_4098	431	83.206	131	14	136
NC_056190.1	k141_4098	431	83.206	131	14	136
NC_056190.1	k141_11249	527	96.429	84	2	135
NC_056190.1	k141_11249	527	96.429	84	2	135
NC_056190.1	k141_62953	616	88.350	103	8	127
NC_056190.1	k141_91059	306	95.000	80	4	127
NC_056190.1	k141_91059	306	95.000	80	4	127
NC_056190.1	k141_94805	627	95.000	80	4	127
NC_056190.1	k141_94805	627	95.000	80	4	127
NC_056190.1	k141_52381	709	93.590	78	5	119
NC_056190.1	k141_54921	283	92.308	78	6	114
NC_056190.1	k141_11215	345	94.444	72	4	113
NC_056190.1	k141_11215	345	94.444	72	4	113
NC_056190.1	k141_6987	1460	85.870	92	8	108
NC_056190.1	k141_6987	1460	85.870	92	8	108
NC_056190.1	k141_65232	665	100.000	58	0	105
NC_056190.1	k141_65232	665	100.000	58	0	105
NC_056190.1	k141_85267	835	93.939	66	4	102
NC_056190.1	k141_7944	778	95.082	61	3	97.8
NC_056190.1	k141_7944	778	95.082	61	3	97.8
NC_056190.1	k141_61425	448	100.000	53	0	96.9
NC_056190.1	k141_61425	448	100.000	53	0	96.9
NC_056190.1	k141_46213	308	82.474	97	12	95.1
NC_056190.1	k141_46213	308	82.474	97	12	95.1
NC_056190.1	k141_29098	352	84.810	79	12	89.7
NC_056190.1	k141_29098	352	84.810	79	12	89.7
NC_056190.1	k141_97561	338	90.323	62	6	86.0
NC_056190.1	k141_71106	9053	77.391	115	23	85.1
NC_056190.1	k141_71106	9053	77.391	115	23	85.1
NC_056190.1	k141_75148	559	70.879	182	49	85.1
NC_056190.1	k141_75148	559	70.879	182	49	85.1
NC_056190.1	k141_72788	467	84.375	64	10	71.6
NC_056190.1	k141_14949	454	87.500	56	7	70.7
NC_056190.1	k141_22921	278	97.500	40	1	68.9
NC_056190.1	k141_68714	708	100.000	37	0	68.0
NC_056190.1	k141_40256	4046	93.023	43	3	65.3
NC_056190.1	k141_40256	4046	93.023	43	3	65.3
NC_056190.1	k141_44448	588	81.818	66	11	62.6
MN564931.1	k141_44942	88692	85.654	12840	1480	14831
MN564931.1	k141_44942	88692	80.769	11580	1540	10769
MN564931.1	k141_44942	88692	89.668	5759	465	7704
MN564931.1	k141_44942	88692	82.440	5501	677	5534
MN564931.1	k141_44942	88692	79.706	4489	633	3897
MN564931.1	k141_44942	88692	91.015	2660	223	3721
MN564931.1	k141_44942	88692	79.108	4150	671	3514
MN564931.1	k141_44942	88692	85.670	1940	215	2231
MN564931.1	k141_44942	88692	81.481	2295	288	2144
MN564931.1	k141_44942	88692	83.075	1997	271	2071
MN564931.1	k141_44942	88692	78.652	1588	265	1340
MN564931.1	k141_44942	88692	87.796	1057	92	1323
MN564931.1	k141_44942	88692	77.630	1426	217	1095
MN564931.1	k141_44942	88692	79.125	1212	179	1018
MN564931.1	k141_44942	88692	79.483	1160	166	990
MN564931.1	k141_44942	88692	75.697	1399	203	984
MN564931.1	k141_44942	88692	74.772	1316	215	811
MN564931.1	k141_44942	88692	81.548	775	115	747
MN564931.1	k141_44942	88692	71.943	1415	230	728
MN564931.1	k141_44942	88692	78.065	889	123	691
MN564931.1	k141_44942	88692	74.343	990	160	631
MN564931.1	k141_44942	88692	75.494	861	125	581
MN564931.1	k141_44942	88692	71.553	1146	181	575
MN564931.1	k141_44942	88692	73.278	842	143	484
MN564931.1	k141_44942	88692	74.267	750	130	477
MN564931.1	k141_44942	88692	74.693	652	98	416
MN564931.1	k141_44942	88692	88.176	296	35	377
MN564931.1	k141_44942	88692	80.337	356	52	316
MN564931.1	k141_44942	88692	76.154	390	66	278
MN564931.1	k141_44942	88692	83.568	213	22	234
MN564931.1	k141_44942	88692	76.678	283	40	210
MN564931.1	k141_44942	88692	68.089	539	102	193
MN564931.1	k141_44942	88692	84.049	163	22	177
MN564931.1	k141_44942	88692	92.308	117	8	168
MN564931.1	k141_44942	88692	69.022	368	100	145
MN564931.1	k141_44942	88692	100.000	79	0	143
MN564931.1	k141_44942	88692	97.436	78	2	132
MN564931.1	k141_44942	88692	89.320	103	9	130
MN564931.1	k141_44942	88692	76.970	165	38	127
MN564931.1	k141_44942	88692	95.238	42	2	68.0
MN564931.1	k141_44942	88692	97.436	39	1	67.1
MN564931.1	k141_44942	88692	97.436	39	1	67.1
MN564931.1	k141_44942	88692	69.006	171	49	60.8
MN564931.1	k141_44942	88692	87.234	47	6	59.0
MN564931.1	k141_44942	88692	82.979	47	8	50.0
MN564931.1	k141_2553	26536	94.302	9178	333	14154
MN564931.1	k141_2553	26536	94.302	9178	333	14154
MN564931.1	k141_2553	26536	91.145	6166	237	8793
MN564931.1	k141_2553	26536	91.145	6166	237	8793
MN564931.1	k141_2553	26536	87.587	3875	329	4854
MN564931.1	k141_2553	26536	87.587	3875	329	4854
MN564931.1	k141_2553	26536	92.192	2267	124	3285
MN564931.1	k141_2553	26536	92.192	2267	124	3285
MN564931.1	k141_2553	26536	84.060	1468	106	1636
MN564931.1	k141_2553	26536	84.060	1468	106	1636
MN564931.1	k141_2553	26536	84.992	1206	106	1400
MN564931.1	k141_2553	26536	84.992	1206	106	1400
MN564931.1	k141_2553	26536	86.988	684	44	842
MN564931.1	k141_2553	26536	86.988	684	44	842
MN564931.1	k141_2553	26536	87.526	481	45	602
MN564931.1	k141_2553	26536	87.526	481	45	602
MN564931.1	k141_2553	26536	84.457	341	41	379
MN564931.1	k141_2553	26536	84.457	341	41	379
MN564931.1	k141_2553	26536	100.000	42	0	77.0
MN564931.1	k141_2553	26536	88.710	62	5	74.3
MN564931.1	k141_2553	26536	88.710	62	5	74.3
MN564931.1	k141_2553	26536	92.857	42	3	63.5
MN564931.1	k141_2553	26536	84.211	38	6	42.8
MN564931.1	k141_77841	18662	80.421	4413	612	4102
MN564931.1	k141_77841	18662	82.162	3330	486	3290
MN564931.1	k141_77841	18662	80.170	2234	409	2027
MN564931.1	k141_77841	18662	78.976	1270	226	1057
MN564931.1	k141_77841	18662	72.403	924	215	499
MN564931.1	k141_77841	18662	72.403	924	215	499
MN564931.1	k141_77841	18662	75.936	561	115	390
MN564931.1	k141_77841	18662	75.936	561	115	390
MN564931.1	k141_77841	18662	72.658	523	95	311
MN564931.1	k141_77841	18662	72.658	523	95	311
MN564931.1	k141_77841	18662	81.124	249	47	238
MN564931.1	k141_77841	18662	79.464	112	23	99.6
MN564931.1	k141_77841	18662	79.464	112	23	99.6
MN564931.1	k141_77841	18662	86.842	76	9	89.7
MN564931.1	k141_23313	986	86.270	488	56	571
MN564931.1	k141_71994	1975	73.151	879	203	471
MN564931.1	k141_71994	1975	73.151	879	203	471
MN564931.1	k141_71994	1975	86.885	61	8	75.2
MN564931.1	k141_71994	1975	86.885	61	8	75.2
MN564931.1	k141_81891	4785	74.464	513	120	327
MN564931.1	k141_81891	4785	74.464	513	120	327
MN564931.1	k141_81891	4785	75.161	467	94	286
MN564931.1	k141_81891	4785	75.161	467	94	286
MN564931.1	k141_68539	435	78.769	325	51	274
MN564931.1	k141_5614	560	92.391	184	14	269
MN564931.1	k141_5614	560	92.391	184	14	269
MN564931.1	k141_76017	1606	87.019	208	15	251
MN564931.1	k141_76017	1606	87.019	208	15	251
MN564931.1	k141_40609	658	97.857	140	3	240
MN564931.1	k141_40609	658	97.857	140	3	240
MN564931.1	k141_82092	1777	77.936	281	60	221
MN564931.1	k141_82092	1777	77.936	281	60	221
MN564931.1	k141_4561	908	71.971	421	110	217
MN564931.1	k141_11185	433	98.246	114	2	197
MN564931.1	k141_11185	433	98.246	114	2	197
MN564931.1	k141_71439	900	81.313	198	25	188
MN564931.1	k141_29931	471	94.872	117	5	181
MN564931.1	k141_26779	2138	91.736	121	7	172
MN564931.1	k141_26779	2138	91.736	121	7	172
MN564931.1	k141_26779	2138	91.045	67	1	95.1
MN564931.1	k141_26779	2138	91.045	67	1	95.1
MN564931.1	k141_8629	395	95.192	104	5	166
MN564931.1	k141_59321	665	88.983	118	13	155
MN564931.1	k141_46213	308	85.039	127	11	147
MN564931.1	k141_46213	308	85.039	127	11	147
MN564931.1	k141_11249	527	97.590	83	2	141
MN564931.1	k141_11249	527	97.590	83	2	141
MN564931.1	k141_24597	490	85.714	119	9	141
MN564931.1	k141_29147	392	83.871	124	14	135
MN564931.1	k141_29147	392	83.871	124	14	135
MN564931.1	k141_6987	1460	91.954	87	7	126
MN564931.1	k141_6987	1460	91.954	87	7	126
MN564931.1	k141_91059	306	95.000	80	1	125
MN564931.1	k141_91059	306	95.000	80	1	125
MN564931.1	k141_94805	627	95.000	80	1	125
MN564931.1	k141_94805	627	95.000	80	1	125
MN564931.1	k141_52381	709	94.521	73	4	114
MN564931.1	k141_11389	755	77.863	131	24	106
MN564931.1	k141_65232	665	100.000	58	0	105
MN564931.1	k141_65232	665	100.000	58	0	105
MN564931.1	k141_54921	283	89.744	78	8	105
MN564931.1	k141_97561	338	96.774	62	2	104
MN564931.1	k141_85267	835	92.754	69	5	103
MN564931.1	k141_61425	448	100.000	55	0	100
MN564931.1	k141_61425	448	100.000	55	0	100
MN564931.1	k141_96357	435	80.392	102	9	91.5
MN564931.1	k141_86924	481	82.796	93	13	90.6
MN564931.1	k141_86924	481	82.796	93	13	90.6
MN564931.1	k141_75148	559	71.429	182	48	89.7
MN564931.1	k141_75148	559	71.429	182	48	89.7
MN564931.1	k141_29098	352	83.544	79	13	85.1
MN564931.1	k141_29098	352	83.544	79	13	85.1
MN564931.1	k141_71106	9053	77.391	115	23	85.1
MN564931.1	k141_71106	9053	77.391	115	23	85.1
MN564931.1	k141_22921	278	90.909	55	3	75.2
MN564931.1	k141_14949	454	89.286	56	6	75.2
MN564931.1	k141_4098	431	80.000	80	10	74.3
MN564931.1	k141_4098	431	80.000	80	10	74.3
MN564931.1	k141_72788	467	81.250	64	12	62.6
MN564931.1	k141_62432	1118	81.633	49	7	41.9
MN564931.1	k141_62432	1118	81.633	49	7	41.9
MN564931.1	k141_7332	858	81.633	49	7	41.9
MN564931.1	k141_7332	858	81.633	49	7	41.9
NC_031651.1	k141_2553	26536	95.686	15995	293	25822
NC_031651.1	k141_2553	26536	95.686	15995	293	25822
NC_031651.1	k141_2553	26536	96.339	9205	220	15119
NC_031651.1	k141_2553	26536	96.749	9044	211	15006
NC_031651.1	k141_2553	26536	84.859	1103	108	1254
NC_031651.1	k141_2553	26536	100.000	49	0	89.7
NC_031651.1	k141_2553	26536	100.000	49	0	89.7
NC_031651.1	k141_2553	26536	93.103	58	4	87.8
NC_031651.1	k141_2553	26536	97.619	42	1	72.5
NC_031651.1	k141_2553	26536	82.000	50	7	43.7
NC_031651.1	k141_2553	26536	82.000	50	7	43.7
NC_031651.1	k141_44942	88692	87.094	19224	1545	23313
NC_031651.1	k141_44942	88692	89.827	14705	864	19709
NC_031651.1	k141_44942	88692	91.384	13579	860	19218
NC_031651.1	k141_44942	88692	87.533	8278	590	10242
NC_031651.1	k141_44942	88692	86.639	4498	400	5372
NC_031651.1	k141_44942	88692	82.952	4370	405	4496
NC_031651.1	k141_44942	88692	85.623	3749	302	4347
NC_031651.1	k141_44942	88692	91.297	3045	179	4294
NC_031651.1	k141_44942	88692	74.131	2818	355	1723
NC_031651.1	k141_44942	88692	84.517	1563	139	1704
NC_031651.1	k141_44942	88692	91.393	1034	65	1441
NC_031651.1	k141_44942	88692	85.794	1253	107	1418
NC_031651.1	k141_44942	88692	86.448	1188	95	1396
NC_031651.1	k141_44942	88692	83.176	1272	134	1294
NC_031651.1	k141_44942	88692	76.767	1769	222	1292
NC_031651.1	k141_44942	88692	93.832	535	29	811
NC_031651.1	k141_44942	88692	83.311	761	94	772
NC_031651.1	k141_44942	88692	75.594	463	66	301
NC_031651.1	k141_44942	88692	75.000	444	44	298
NC_031651.1	k141_44942	88692	95.455	110	5	177
NC_031651.1	k141_44942	88692	76.364	165	39	123
NC_031651.1	k141_44942	88692	74.847	163	41	110
NC_031651.1	k141_44942	88692	96.610	59	2	98.7
NC_031651.1	k141_44942	88692	96.364	55	2	91.5
NC_031651.1	k141_44942	88692	93.617	47	3	72.5
NC_031651.1	k141_44942	88692	97.619	42	1	72.5
NC_031651.1	k141_44942	88692	95.349	43	2	69.8
NC_031651.1	k141_44942	88692	97.436	39	1	67.1
NC_031651.1	k141_44942	88692	97.436	39	1	67.1
NC_031651.1	k141_44942	88692	81.481	54	10	53.6
NC_031651.1	k141_44942	88692	75.676	74	12	45.5
NC_031651.1	k141_77841	18662	88.077	5116	449	6437
NC_031651.1	k141_77841	18662	85.693	3942	415	4512
NC_031651.1	k141_77841	18662	87.439	2237	263	2762
NC_031651.1	k141_77841	18662	78.373	2557	436	2152
NC_031651.1	k141_77841	18662	82.867	1500	193	1551
NC_031651.1	k141_77841	18662	80.939	703	110	668
NC_031651.1	k141_77841	18662	71.387	685	116	343
NC_031651.1	k141_77841	18662	83.761	117	19	126
NC_031651.1	k141_77841	18662	75.000	140	23	97.8
NC_031651.1	k141_77841	18662	86.667	60	7	69.8
NC_031651.1	k141_77841	18662	69.591	171	31	67.1
NC_031651.1	k141_23313	986	92.245	490	27	700
NC_031651.1	k141_71994	1975	73.151	879	203	475
NC_031651.1	k141_71994	1975	73.151	879	203	475
NC_031651.1	k141_71994	1975	86.885	61	8	75.2
NC_031651.1	k141_71994	1975	86.885	61	8	75.2
NC_031651.1	k141_81891	4785	74.854	513	118	336
NC_031651.1	k141_81891	4785	74.854	513	118	336
NC_031651.1	k141_81891	4785	74.090	467	99	281
NC_031651.1	k141_81891	4785	74.090	467	99	281
NC_031651.1	k141_68539	435	78.608	388	52	323
NC_031651.1	k141_5614	560	96.196	184	7	301
NC_031651.1	k141_5614	560	96.196	184	7	301
NC_031651.1	k141_76017	1606	88.208	212	12	273
NC_031651.1	k141_76017	1606	88.208	212	12	273
NC_031651.1	k141_40609	658	99.286	140	1	249
NC_031651.1	k141_40609	658	99.286	140	1	249
NC_031651.1	k141_29147	392	96.377	138	3	224
NC_031651.1	k141_29147	392	96.377	138	3	224
NC_031651.1	k141_82092	1777	77.936	281	60	221
NC_031651.1	k141_82092	1777	77.936	281	60	221
NC_031651.1	k141_4561	908	71.198	434	115	202
NC_031651.1	k141_11185	433	99.123	114	1	202
NC_031651.1	k141_11185	433	99.123	114	1	202
NC_031651.1	k141_26779	2138	97.458	118	3	200
NC_031651.1	k141_26779	2138	97.458	118	3	200
NC_031651.1	k141_26779	2138	86.667	75	5	91.5
NC_031651.1	k141_26779	2138	86.667	75	5	91.5
NC_031651.1	k141_59321	665	97.458	118	3	200
NC_031651.1	k141_29931	471	97.436	117	3	198
NC_031651.1	k141_8629	395	97.170	106	3	178
NC_031651.1	k141_46213	308	91.667	120	2	175
NC_031651.1	k141_46213	308	91.667	120	2	175
NC_031651.1	k141_4098	431	85.612	139	11	165
NC_031651.1	k141_4098	431	85.612	139	11	165
NC_031651.1	k141_24597	490	89.916	119	4	164
NC_031651.1	k141_71439	900	89.744	117	12	158
NC_031651.1	k141_97561	338	73.828	256	32	156
NC_031651.1	k141_11249	527	98.795	83	1	146
NC_031651.1	k141_11249	527	98.795	83	1	146
NC_031651.1	k141_91059	306	100.000	80	0	145
NC_031651.1	k141_91059	306	100.000	80	0	145
NC_031651.1	k141_94805	627	100.000	80	0	145
NC_031651.1	k141_94805	627	100.000	80	0	145
NC_031651.1	k141_62953	616	92.000	100	6	142
NC_031651.1	k141_22921	278	88.073	109	10	137
NC_031651.1	k141_6987	1460	94.253	87	5	135
NC_031651.1	k141_6987	1460	94.253	87	5	135
NC_031651.1	k141_14949	454	80.263	152	21	134
NC_031651.1	k141_54921	283	94.872	78	4	123
NC_031651.1	k141_11215	345	93.243	74	5	112
NC_031651.1	k141_11215	345	93.243	74	5	112
NC_031651.1	k141_85267	835	94.521	73	3	111
NC_031651.1	k141_9213	1821	84.000	100	16	109
NC_031651.1	k141_52381	709	90.909	77	7	108
NC_031651.1	k141_7944	778	95.455	66	3	106
NC_031651.1	k141_7944	778	95.455	66	3	106
NC_031651.1	k141_62564	603	96.825	63	2	105
NC_031651.1	k141_65232	665	100.000	58	0	105
NC_031651.1	k141_65232	665	100.000	58	0	105
NC_031651.1	k141_61425	448	100.000	55	0	100
NC_031651.1	k141_61425	448	100.000	55	0	100
NC_031651.1	k141_29098	352	86.420	81	11	97.8
NC_031651.1	k141_29098	352	86.420	81	11	97.8
NC_031651.1	k141_75148	559	71.978	182	47	94.2
NC_031651.1	k141_75148	559	71.978	182	47	94.2
NC_031651.1	k141_11389	755	73.620	163	36	94.2
NC_031651.1	k141_96357	435	79.798	99	7	92.4
NC_031651.1	k141_72788	467	89.552	67	7	90.6
NC_031651.1	k141_71106	9053	77.391	115	23	85.1
NC_031651.1	k141_71106	9053	77.391	115	23	85.1
NC_031651.1	k141_61524	392	94.000	50	3	77.9
NC_031651.1	k141_41690	2593	85.294	68	7	77.0
NC_031651.1	k141_59942	563	87.719	57	3	71.6
NC_031651.1	k141_59942	563	87.719	57	3	71.6
NC_031651.1	k141_23739	1238	88.235	51	6	66.2
NC_031651.1	k141_68714	708	87.273	55	4	62.6
NC_031651.1	k141_44108	1512	86.275	51	7	61.7
MW366789.1	k141_44942	88692	81.493	8413	1301	8068
MW366789.1	k141_44942	88692	89.392	5260	502	6936
MW366789.1	k141_44942	88692	89.392	5260	502	6936
MW366789.1	k141_44942	88692	80.920	5802	811	5325
MW366789.1	k141_44942	88692	90.353	2716	235	3701
MW366789.1	k141_44942	88692	77.153	3611	610	2730
MW366789.1	k141_44942	88692	75.166	4067	762	2681
MW366789.1	k141_44942	88692	76.993	3173	564	2406
MW366789.1	k141_44942	88692	86.607	1889	253	2267
MW366789.1	k141_44942	88692	84.333	1851	232	2003
MW366789.1	k141_44942	88692	81.130	1876	258	1789
MW366789.1	k141_44942	88692	71.637	3152	601	1608
MW366789.1	k141_44942	88692	78.459	1908	362	1565
MW366789.1	k141_44942	88692	78.333	1740	257	1394
MW366789.1	k141_44942	88692	86.667	1020	110	1223
MW366789.1	k141_44942	88692	77.495	982	162	734
MW366789.1	k141_44942	88692	73.537	1145	236	688
MW366789.1	k141_44942	88692	81.940	670	112	649
MW366789.1	k141_44942	88692	72.718	986	142	581
MW366789.1	k141_44942	88692	74.251	835	150	537
MW366789.1	k141_44942	88692	76.514	677	112	489
MW366789.1	k141_44942	88692	83.803	426	58	441
MW366789.1	k141_44942	88692	76.596	517	114	380
MW366789.1	k141_44942	88692	76.797	487	113	370
MW366789.1	k141_44942	88692	72.624	705	125	360
MW366789.1	k141_44942	88692	75.706	531	92	356
MW366789.1	k141_44942	88692	71.853	707	131	354
MW366789.1	k141_44942	88692	78.190	431	49	350
MW366789.1	k141_44942	88692	78.190	431	49	350
MW366789.1	k141_44942	88692	82.445	319	44	312
MW366789.1	k141_44942	88692	77.889	398	76	301
MW366789.1	k141_44942	88692	85.827	254	27	282
MW366789.1	k141_44942	88692	85.892	241	32	279
MW366789.1	k141_44942	88692	76.124	356	82	258
MW366789.1	k141_44942	88692	79.923	259	42	229
MW366789.1	k141_44942	88692	77.617	277	53	220
MW366789.1	k141_44942	88692	73.410	346	46	215
MW366789.1	k141_44942	88692	75.000	308	53	213
MW366789.1	k141_44942	88692	73.529	374	57	213
MW366789.1	k141_44942	88692	73.701	308	57	195
MW366789.1	k141_44942	88692	85.380	171	24	193
MW366789.1	k141_44942	88692	82.105	190	28	187
MW366789.1	k141_44942	88692	77.291	251	45	185
MW366789.1	k141_44942	88692	87.586	145	14	171
MW366789.1	k141_44942	88692	84.416	154	24	170
MW366789.1	k141_44942	88692	67.291	587	169	169
MW366789.1	k141_44942	88692	67.291	587	169	169
MW366789.1	k141_44942	88692	86.806	144	11	168
MW366789.1	k141_44942	88692	98.824	85	1	150
MW366789.1	k141_44942	88692	98.824	85	1	150
MW366789.1	k141_44942	88692	95.652	92	4	149
MW366789.1	k141_44942	88692	82.759	145	19	146
MW366789.1	k141_44942	88692	93.617	94	6	143
MW366789.1	k141_44942	88692	84.615	130	17	139
MW366789.1	k141_44942	88692	82.143	140	24	137
MW366789.1	k141_44942	88692	77.844	167	32	131
MW366789.1	k141_44942	88692	92.857	84	6	125
MW366789.1	k141_44942	88692	92.500	80	6	118
MW366789.1	k141_44942	88692	75.758	165	40	118
MW366789.1	k141_44942	88692	75.758	165	40	118
MW366789.1	k141_44942	88692	85.859	99	8	113
MW366789.1	k141_44942	88692	88.235	85	10	109
MW366789.1	k141_44942	88692	79.562	137	18	108
MW366789.1	k141_44942	88692	79.032	124	26	107
MW366789.1	k141_44942	88692	79.032	124	26	107
MW366789.1	k141_44942	88692	73.770	183	38	105
MW366789.1	k141_44942	88692	91.781	73	5	102
MW366789.1	k141_44942	88692	85.393	89	10	101
MW366789.1	k141_44942	88692	87.013	77	10	95.1
MW366789.1	k141_44942	88692	85.135	74	11	85.1
MW366789.1	k141_44942	88692	85.135	74	11	85.1
MW366789.1	k141_44942	88692	87.879	66	8	84.2
MW366789.1	k141_44942	88692	94.872	39	2	62.6
MW366789.1	k141_44942	88692	94.872	39	2	62.6
MW366789.1	k141_44942	88692	68.235	170	52	57.2
MW366789.1	k141_44942	88692	68.235	170	52	57.2
MW366789.1	k141_44942	88692	83.019	53	9	56.3
MW366789.1	k141_44942	88692	83.019	53	9	56.3
MW366789.1	k141_44942	88692	84.444	45	7	50.9
MW366789.1	k141_2553	26536	91.883	5248	313	7479
MW366789.1	k141_2553	26536	91.883	5248	313	7479
MW366789.1	k141_2553	26536	89.148	4681	340	6159
MW366789.1	k141_2553	26536	89.148	4681	340	6159
MW366789.1	k141_2553	26536	91.597	1797	101	2561
MW366789.1	k141_2553	26536	91.597	1797	101	2561
MW366789.1	k141_2553	26536	90.476	1743	122	2390
MW366789.1	k141_2553	26536	90.419	1743	123	2386
MW366789.1	k141_2553	26536	82.753	632	63	650
MW366789.1	k141_2553	26536	82.753	632	63	650
MW366789.1	k141_2553	26536	87.991	458	25	588
MW366789.1	k141_2553	26536	87.991	458	25	588
MW366789.1	k141_2553	26536	87.991	458	25	588
MW366789.1	k141_2553	26536	81.429	350	36	338
MW366789.1	k141_2553	26536	81.429	350	36	338
MW366789.1	k141_2553	26536	78.846	312	41	257
MW366789.1	k141_2553	26536	90.805	174	16	242
MW366789.1	k141_2553	26536	90.805	174	16	242
MW366789.1	k141_2553	26536	96.350	137	5	225
MW366789.1	k141_2553	26536	96.350	137	5	225
MW366789.1	k141_2553	26536	85.795	176	24	202
MW366789.1	k141_2553	26536	85.795	176	24	202
MW366789.1	k141_2553	26536	93.750	128	7	194
MW366789.1	k141_2553	26536	93.750	128	7	192
MW366789.1	k141_2553	26536	86.184	152	13	183
MW366789.1	k141_2553	26536	86.184	152	13	183
MW366789.1	k141_2553	26536	77.778	180	18	147
MW366789.1	k141_2553	26536	77.778	180	18	147
MW366789.1	k141_2553	26536	97.333	75	2	127
MW366789.1	k141_2553	26536	97.333	75	2	127
MW366789.1	k141_2553	26536	87.342	79	5	98.7
MW366789.1	k141_2553	26536	87.342	79	5	98.7
MW366789.1	k141_2553	26536	100.000	49	0	89.7
MW366789.1	k141_2553	26536	100.000	49	0	89.7
MW366789.1	k141_2553	26536	89.796	49	5	67.1
MW366789.1	k141_2553	26536	89.796	49	5	67.1
MW366789.1	k141_2553	26536	89.796	49	5	67.1
MW366789.1	k141_2553	26536	94.737	38	2	60.8
MW366789.1	k141_2553	26536	89.744	39	4	53.6
MW366789.1	k141_2553	26536	81.132	53	10	51.8
MW366789.1	k141_2553	26536	81.132	53	10	51.8
MW366789.1	k141_2553	26536	87.500	40	5	50.9
MW366789.1	k141_2553	26536	87.500	40	5	50.9
MW366789.1	k141_2553	26536	79.245	53	11	47.3
MW366789.1	k141_2553	26536	79.245	53	11	47.3
MW366789.1	k141_2553	26536	79.245	53	11	47.3
MW366789.1	k141_2553	26536	79.245	53	11	47.3
MW366789.1	k141_2553	26536	79.245	53	11	47.3
MW366789.1	k141_77841	18662	83.698	2791	356	2959
MW366789.1	k141_77841	18662	83.698	2791	356	2959
MW366789.1	k141_77841	18662	81.056	2027	349	1893
MW366789.1	k141_77841	18662	76.799	2237	472	1674
MW366789.1	k141_77841	18662	84.167	1440	207	1557
MW366789.1	k141_77841	18662	84.167	1440	207	1557
MW366789.1	k141_77841	18662	73.386	1255	249	763
MW366789.1	k141_77841	18662	83.201	631	99	654
MW366789.1	k141_77841	18662	83.201	631	99	654
MW366789.1	k141_77841	18662	80.516	349	64	318
MW366789.1	k141_77841	18662	74.545	165	34	103
MW366789.1	k141_23313	986	85.306	490	61	547
MW366789.1	k141_71994	1975	72.391	891	203	452
MW366789.1	k141_71994	1975	72.391	891	203	452
MW366789.1	k141_71994	1975	90.164	61	6	84.2
MW366789.1	k141_71994	1975	90.164	61	6	84.2
MW366789.1	k141_71994	1975	88.525	61	7	79.7
MW366789.1	k141_71994	1975	88.525	61	7	79.7
MW366789.1	k141_81891	4785	74.464	513	120	327
MW366789.1	k141_81891	4785	74.464	513	120	327
MW366789.1	k141_81891	4785	75.375	467	95	293
MW366789.1	k141_81891	4785	75.375	467	95	293
MW366789.1	k141_40609	658	93.478	138	9	209
MW366789.1	k141_40609	658	93.478	138	9	209
MW366789.1	k141_4561	908	71.173	392	107	195
MW366789.1	k141_76017	1606	80.841	214	21	188
MW366789.1	k141_76017	1606	80.841	214	21	188
MW366789.1	k141_71439	900	94.444	108	6	168
MW366789.1	k141_11185	433	92.241	116	7	167
MW366789.1	k141_11185	433	92.241	116	7	167
MW366789.1	k141_46213	308	89.344	122	5	165
MW366789.1	k141_46213	308	89.344	122	5	165
MW366789.1	k141_59321	665	90.678	118	11	164
MW366789.1	k141_68539	435	72.857	280	52	153
MW366789.1	k141_8629	395	89.524	105	11	141
MW366789.1	k141_8629	395	89.524	105	11	141
MW366789.1	k141_11249	527	95.181	83	3	129
MW366789.1	k141_11249	527	95.181	83	3	129
MW366789.1	k141_24597	490	83.193	119	12	128
MW366789.1	k141_6987	1460	91.954	87	7	126
MW366789.1	k141_6987	1460	91.954	87	7	126
MW366789.1	k141_29931	471	82.906	117	10	126
MW366789.1	k141_62953	616	84.615	104	13	110
MW366789.1	k141_54921	283	91.026	78	7	110
MW366789.1	k141_52381	709	91.026	78	6	106
MW366789.1	k141_7944	778	92.424	66	5	97.8
MW366789.1	k141_7944	778	92.424	66	5	97.8
MW366789.1	k141_7944	778	92.424	66	5	97.8
MW366789.1	k141_7944	778	92.424	66	5	97.8
MW366789.1	k141_7944	778	92.424	66	5	97.8
MW366789.1	k141_26779	2138	91.045	67	1	95.1
MW366789.1	k141_26779	2138	91.045	67	1	95.1
MW366789.1	k141_61425	448	96.364	55	2	91.5
MW366789.1	k141_61425	448	96.364	55	2	91.5
MW366789.1	k141_75148	559	71.186	177	51	90.6
MW366789.1	k141_75148	559	71.186	177	51	90.6
MW366789.1	k141_71106	9053	76.522	115	24	80.6
MW366789.1	k141_71106	9053	76.522	115	24	80.6
MW366789.1	k141_71106	9053	84.375	64	10	71.6
MW366789.1	k141_71106	9053	84.375	64	10	71.6
MW366789.1	k141_65232	665	94.000	50	3	77.9
MW366789.1	k141_65232	665	94.000	50	3	77.9
MW366789.1	k141_91059	306	79.762	84	8	75.2
MW366789.1	k141_91059	306	79.762	84	8	75.2
MW366789.1	k141_94805	627	79.762	84	8	75.2
MW366789.1	k141_94805	627	79.762	84	8	75.2
MW366789.1	k141_62564	603	87.931	58	7	74.3
MW366789.1	k141_11389	755	70.339	118	30	56.3
KT899950.1	k141_2553	26536	94.130	26780	956	41281
KT899950.1	k141_2553	26536	94.251	26630	940	41182
KT899950.1	k141_2553	26536	97.959	49	1	85.1
KT899950.1	k141_2553	26536	97.959	49	1	85.1
KT899950.1	k141_2553	26536	94.872	39	2	62.6
KT899950.1	k141_2553	26536	84.211	38	6	42.8
KT899950.1	k141_44942	88692	86.559	13466	1334	16072
KT899950.1	k141_44942	88692	81.214	16656	1979	15800
KT899950.1	k141_44942	88692	90.864	5878	453	8170
KT899950.1	k141_44942	88692	87.136	4260	429	5194
KT899950.1	k141_44942	88692	92.160	2717	175	3947
KT899950.1	k141_44942	88692	82.558	3635	430	3652
KT899950.1	k141_44942	88692	85.067	2250	216	2503
KT899950.1	k141_44942	88692	82.564	2340	269	2380
KT899950.1	k141_44942	88692	83.480	2155	289	2288
KT899950.1	k141_44942	88692	75.920	2500	360	1783
KT899950.1	k141_44942	88692	89.885	1305	97	1768
KT899950.1	k141_44942	88692	80.705	1928	319	1767
KT899950.1	k141_44942	88692	85.950	1274	165	1495
KT899950.1	k141_44942	88692	84.989	1339	150	1470
KT899950.1	k141_44942	88692	79.827	1616	207	1399
KT899950.1	k141_44942	88692	80.000	1285	151	1129
KT899950.1	k141_44942	88692	82.679	993	108	1002
KT899950.1	k141_44942	88692	77.390	1318	178	966
KT899950.1	k141_44942	88692	72.405	1522	217	841
KT899950.1	k141_44942	88692	83.437	646	73	673
KT899950.1	k141_44942	88692	74.600	1063	151	655
KT899950.1	k141_44942	88692	79.004	743	81	628
KT899950.1	k141_44942	88692	76.501	783	96	554
KT899950.1	k141_44942	88692	77.684	708	101	554
KT899950.1	k141_44942	88692	77.295	599	86	436
KT899950.1	k141_44942	88692	84.615	390	47	427
KT899950.1	k141_44942	88692	76.334	431	61	324
KT899950.1	k141_44942	88692	69.730	816	129	312
KT899950.1	k141_44942	88692	81.988	322	46	308
KT899950.1	k141_44942	88692	67.688	783	145	239
KT899950.1	k141_44942	88692	70.048	414	73	171
KT899950.1	k141_44942	88692	85.156	128	16	144
KT899950.1	k141_44942	88692	100.000	78	0	141
KT899950.1	k141_44942	88692	78.182	165	36	136
KT899950.1	k141_44942	88692	93.023	86	6	129
KT899950.1	k141_44942	88692	69.189	370	77	124
KT899950.1	k141_44942	88692	78.151	119	26	98.7
KT899950.1	k141_44942	88692	76.515	132	20	91.5
KT899950.1	k141_44942	88692	95.455	44	1	68.0
KT899950.1	k141_44942	88692	97.436	39	1	67.1
KT899950.1	k141_44942	88692	97.436	39	1	67.1
KT899950.1	k141_44942	88692	72.826	92	17	48.2
KT899950.1	k141_77841	18662	83.518	4514	560	4718
KT899950.1	k141_77841	18662	87.901	2058	222	2573
KT899950.1	k141_77841	18662	82.028	2337	376	2334
KT899950.1	k141_77841	18662	72.326	3422	737	1893
KT899950.1	k141_77841	18662	82.203	1253	165	1217
KT899950.1	k141_77841	18662	78.566	1409	206	1186
KT899950.1	k141_77841	18662	74.190	895	181	560
KT899950.1	k141_77841	18662	82.158	241	43	242
KT899950.1	k141_77841	18662	83.333	78	13	83.3
KT899950.1	k141_77841	18662	82.759	58	10	60.8
KT899950.1	k141_77841	18662	82.759	58	10	60.8
KT899950.1	k141_77841	18662	82.759	58	10	60.8
KT899950.1	k141_77841	18662	82.759	58	10	60.8
KT899950.1	k141_23313	986	87.551	490	50	597
KT899950.1	k141_71994	1975	73.493	879	200	484
KT899950.1	k141_71994	1975	73.493	879	200	484
KT899950.1	k141_71994	1975	86.885	61	8	75.2
KT899950.1	k141_71994	1975	86.885	61	8	75.2
KT899950.1	k141_81891	4785	74.854	513	118	336
KT899950.1	k141_81891	4785	74.854	513	118	336
KT899950.1	k141_81891	4785	74.522	471	90	287
KT899950.1	k141_81891	4785	74.522	471	90	287
KT899950.1	k141_68539	435	78.025	405	53	326
KT899950.1	k141_5614	560	94.022	184	11	283
KT899950.1	k141_5614	560	94.022	184	11	283
KT899950.1	k141_40609	658	97.857	140	3	240
KT899950.1	k141_40609	658	97.857	140	3	240
KT899950.1	k141_76017	1606	85.572	201	16	235
KT899950.1	k141_76017	1606	85.572	201	16	235
KT899950.1	k141_29147	392	99.200	125	1	222
KT899950.1	k141_29147	392	99.200	125	1	222
KT899950.1	k141_82092	1777	77.936	281	60	221
KT899950.1	k141_82092	1777	77.936	281	60	221
KT899950.1	k141_26779	2138	99.153	118	1	209
KT899950.1	k141_26779	2138	99.153	118	1	209
KT899950.1	k141_26779	2138	88.000	75	4	96.0
KT899950.1	k141_26779	2138	88.000	75	4	96.0
KT899950.1	k141_11185	433	98.246	114	2	197
KT899950.1	k141_11185	433	98.246	114	2	197
KT899950.1	k141_29931	471	94.017	117	7	180
KT899950.1	k141_4561	908	70.171	409	114	178
KT899950.1	k141_4098	431	87.050	139	9	174
KT899950.1	k141_4098	431	87.050	139	9	174
KT899950.1	k141_71439	900	80.319	188	22	173
KT899950.1	k141_59321	665	92.373	118	9	173
KT899950.1	k141_8629	395	93.333	105	7	159
KT899950.1	k141_11249	527	98.795	83	1	146
KT899950.1	k141_11249	527	98.795	83	1	146
KT899950.1	k141_6987	1460	96.552	87	3	144
KT899950.1	k141_6987	1460	96.552	87	3	144
KT899950.1	k141_24597	490	84.874	119	10	137
KT899950.1	k141_62953	616	89.000	100	9	129
KT899950.1	k141_11215	345	95.946	74	3	121
KT899950.1	k141_11215	345	95.946	74	3	121
KT899950.1	k141_52381	709	93.506	77	5	117
KT899950.1	k141_54921	283	92.308	78	6	114
KT899950.1	k141_91059	306	91.250	80	2	113
KT899950.1	k141_91059	306	91.250	80	2	113
KT899950.1	k141_94805	627	91.250	80	2	113
KT899950.1	k141_94805	627	91.250	80	2	113
KT899950.1	k141_11389	755	77.857	140	25	110
KT899950.1	k141_65232	665	100.000	58	0	105
KT899950.1	k141_65232	665	100.000	58	0	105
KT899950.1	k141_7944	778	92.424	66	5	97.8
KT899950.1	k141_7944	778	92.424	66	5	97.8
KT899950.1	k141_62564	603	93.651	63	4	96.9
KT899950.1	k141_61425	448	98.182	55	1	96.0
KT899950.1	k141_61425	448	98.182	55	1	96.0
KT899950.1	k141_46213	308	74.138	116	3	95.1
KT899950.1	k141_46213	308	74.138	116	3	95.1
KT899950.1	k141_75148	559	71.978	182	47	94.2
KT899950.1	k141_75148	559	71.978	182	47	94.2
KT899950.1	k141_97561	338	89.552	67	7	90.6
KT899950.1	k141_29098	352	84.810	79	12	89.7
KT899950.1	k141_29098	352	84.810	79	12	89.7
KT899950.1	k141_71106	9053	77.391	115	23	85.1
KT899950.1	k141_71106	9053	77.391	115	23	85.1
KT899950.1	k141_71106	9053	84.375	64	10	71.6
KT899950.1	k141_71106	9053	84.375	64	10	71.6
KT899950.1	k141_41690	2593	85.294	68	7	77.0
KT899950.1	k141_59942	563	87.931	58	3	73.4
KT899950.1	k141_59942	563	87.931	58	3	73.4
KT899950.1	k141_22921	278	82.051	78	12	71.6
KT899950.1	k141_72788	467	82.258	62	11	63.5
KT899950.1	k141_23739	1238	86.275	51	7	61.7
KT899950.1	k141_68714	708	94.444	36	2	57.2
GU191334.1	k141_2553	26536	89.116	3721	295	4858
GU191334.1	k141_2553	26536	89.116	3721	295	4858
GU191334.1	k141_2553	26536	86.386	2659	240	3103
GU191334.1	k141_2553	26536	86.386	2659	240	3103
GU191334.1	k141_2553	26536	80.020	991	147	874
GU191334.1	k141_2553	26536	80.020	991	147	874
GU191334.1	k141_2553	26536	75.976	666	153	469
GU191334.1	k141_2553	26536	76.244	442	105	324
GU191334.1	k141_2553	26536	72.328	524	145	292
GU191334.1	k141_2553	26536	69.051	643	162	260
GU191334.1	k141_2553	26536	77.922	308	68	250
GU191334.1	k141_2553	26536	94.937	79	4	125
GU191334.1	k141_2553	26536	94.937	79	4	125
GU191334.1	k141_2553	26536	90.476	84	8	116
GU191334.1	k141_2553	26536	90.667	75	7	104
GU191334.1	k141_2553	26536	90.667	75	7	104
GU191334.1	k141_2553	26536	87.838	74	9	94.2
GU191334.1	k141_2553	26536	84.783	46	7	52.7
GU191334.1	k141_44942	88692	81.557	4522	833	4392
GU191334.1	k141_44942	88692	83.539	2436	399	2579
GU191334.1	k141_44942	88692	69.884	3636	1011	1539
GU191334.1	k141_44942	88692	81.310	1573	289	1498
GU191334.1	k141_44942	88692	79.284	1704	350	1471
GU191334.1	k141_44942	88692	82.446	1447	254	1465
GU191334.1	k141_44942	88692	89.547	1081	111	1438
GU191334.1	k141_44942	88692	74.843	2067	463	1386
GU191334.1	k141_44942	88692	83.027	707	118	728
GU191334.1	k141_44942	88692	71.075	1414	381	678
GU191334.1	k141_44942	88692	70.909	1320	347	629
GU191334.1	k141_44942	88692	75.245	917	191	627
GU191334.1	k141_44942	88692	75.277	902	214	599
GU191334.1	k141_44942	88692	83.604	555	84	580
GU191334.1	k141_44942	88692	78.028	710	145	552
GU191334.1	k141_44942	88692	74.375	800	162	517
GU191334.1	k141_44942	88692	70.387	1111	289	489
GU191334.1	k141_44942	88692	73.460	682	171	406
GU191334.1	k141_44942	88692	74.718	621	106	396
GU191334.1	k141_44942	88692	78.632	468	98	387
GU191334.1	k141_44942	88692	71.539	773	207	379
GU191334.1	k141_44942	88692	77.626	438	94	343
GU191334.1	k141_44942	88692	78.747	367	78	311
GU191334.1	k141_44942	88692	83.658	257	42	275
GU191334.1	k141_44942	88692	69.162	668	202	262
GU191334.1	k141_44942	88692	73.253	415	111	249
GU191334.1	k141_44942	88692	67.147	694	179	233
GU191334.1	k141_44942	88692	71.659	434	112	212
GU191334.1	k141_44942	88692	74.277	311	80	201
GU191334.1	k141_44942	88692	78.469	209	45	175
GU191334.1	k141_44942	88692	68.737	499	117	165
GU191334.1	k141_44942	88692	78.261	207	42	165
GU191334.1	k141_44942	88692	75.688	218	53	155
GU191334.1	k141_44942	88692	66.743	439	117	151
GU191334.1	k141_44942	88692	78.333	180	39	150
GU191334.1	k141_44942	88692	82.394	142	18	141
GU191334.1	k141_44942	88692	70.432	301	63	139
GU191334.1	k141_44942	88692	97.333	75	2	127
GU191334.1	k141_44942	88692	92.045	88	6	124
GU191334.1	k141_44942	88692	80.147	136	27	124
GU191334.1	k141_44942	88692	97.260	73	2	123
GU191334.1	k141_44942	88692	90.805	87	8	122
GU191334.1	k141_44942	88692	95.890	73	3	119
GU191334.1	k141_44942	88692	92.405	79	6	116
GU191334.1	k141_44942	88692	94.595	74	4	116
GU191334.1	k141_44942	88692	93.421	76	5	115
GU191334.1	k141_44942	88692	94.521	73	4	114
GU191334.1	k141_44942	88692	86.598	97	12	113
GU191334.1	k141_44942	88692	89.535	86	7	113
GU191334.1	k141_44942	88692	92.208	77	6	113
GU191334.1	k141_44942	88692	87.234	94	11	113
GU191334.1	k141_44942	88692	86.957	92	8	112
GU191334.1	k141_44942	88692	67.241	406	127	112
GU191334.1	k141_44942	88692	91.667	72	6	104
GU191334.1	k141_44942	88692	78.947	133	22	102
GU191334.1	k141_44942	88692	89.474	76	8	102
GU191334.1	k141_44942	88692	76.642	137	27	99.6
GU191334.1	k141_44942	88692	77.419	124	28	98.7
GU191334.1	k141_44942	88692	80.583	103	20	96.9
GU191334.1	k141_44942	88692	76.056	142	32	96.9
GU191334.1	k141_44942	88692	82.609	92	16	95.1
GU191334.1	k141_44942	88692	65.337	401	137	90.6
GU191334.1	k141_44942	88692	66.825	211	30	84.2
GU191334.1	k141_44942	88692	87.500	72	7	83.3
GU191334.1	k141_44942	88692	80.233	86	17	79.7
GU191334.1	k141_44942	88692	85.246	61	4	66.2
GU191334.1	k141_44942	88692	88.636	44	5	58.1
GU191334.1	k141_77841	18662	77.038	1742	388	1305
GU191334.1	k141_77841	18662	71.170	1880	497	921
GU191334.1	k141_77841	18662	74.444	1170	248	728
GU191334.1	k141_77841	18662	74.350	1115	274	715
GU191334.1	k141_77841	18662	67.835	799	227	274
GU191334.1	k141_77841	18662	75.585	299	73	211
GU191334.1	k141_77841	18662	92.593	81	6	120
GU191334.1	k141_77841	18662	70.561	214	61	96.0
GU191334.1	k141_77841	18662	77.982	109	24	89.7
GU191334.1	k141_77841	18662	70.909	220	54	82.4
GU191334.1	k141_71994	1975	73.266	894	198	482
GU191334.1	k141_71994	1975	73.266	894	198	482
GU191334.1	k141_71994	1975	88.525	61	7	79.7
GU191334.1	k141_71994	1975	88.525	61	7	79.7
GU191334.1	k141_23313	986	79.424	486	89	418
GU191334.1	k141_81891	4785	74.805	512	120	333
GU191334.1	k141_81891	4785	74.805	512	120	333
GU191334.1	k141_81891	4785	74.304	467	98	281
GU191334.1	k141_81891	4785	74.304	467	98	281
GU191334.1	k141_4561	908	70.552	489	128	221
GU191334.1	k141_82092	1777	77.580	281	61	216
GU191334.1	k141_82092	1777	77.580	281	61	216
GU191334.1	k141_11185	433	97.368	114	3	193
GU191334.1	k141_11185	433	97.368	114	3	193
GU191334.1	k141_29931	471	84.821	112	17	126
GU191334.1	k141_52381	709	97.297	74	2	125
GU191334.1	k141_59321	665	83.051	118	20	123
GU191334.1	k141_71439	900	94.737	76	4	120
GU191334.1	k141_11249	527	90.361	83	8	114
GU191334.1	k141_11249	527	90.361	83	8	114
GU191334.1	k141_24597	490	76.860	121	20	96.0
GU191334.1	k141_71106	9053	78.261	115	22	89.7
GU191334.1	k141_71106	9053	78.261	115	22	89.7
GU191334.1	k141_71106	9053	84.375	64	10	71.6
GU191334.1	k141_71106	9053	84.375	64	10	71.6
GU191334.1	k141_61425	448	94.643	56	3	88.7
GU191334.1	k141_61425	448	94.643	56	3	88.7
GU191334.1	k141_8629	395	77.143	105	24	82.4
GU191334.1	k141_54921	283	83.117	77	13	81.5
GU191334.1	k141_65232	665	92.593	54	4	80.6
GU191334.1	k141_65232	665	92.593	54	4	80.6
GU191334.1	k141_26779	2138	86.154	65	4	77.9
GU191334.1	k141_26779	2138	86.154	65	4	77.9
GU191334.1	k141_29098	352	85.455	55	8	64.4
GU191334.1	k141_29098	352	85.455	55	8	64.4
GU191334.1	k141_11389	755	74.468	94	19	62.6
GU191334.1	k141_75148	559	65.779	263	85	51.8
