MZ962720.1	k141_26724	107904	84.186	4553	714	4957
MZ962720.1	k141_26724	107904	85.158	2466	366	2798
MZ962720.1	k141_26724	107904	77.588	2106	401	1672
MZ962720.1	k141_26724	107904	84.783	1426	215	1587
MZ962720.1	k141_26724	107904	74.657	2332	488	1504
MZ962720.1	k141_26724	107904	74.657	2332	488	1504
MZ962720.1	k141_26724	107904	75.666	2141	461	1486
MZ962720.1	k141_26724	107904	69.223	3808	1020	1455
MZ962720.1	k141_26724	107904	74.178	2250	474	1405
MZ962720.1	k141_26724	107904	74.178	2250	474	1405
MZ962720.1	k141_26724	107904	86.660	1072	138	1289
MZ962720.1	k141_26724	107904	73.548	1860	428	1095
MZ962720.1	k141_26724	107904	74.626	1336	313	874
MZ962720.1	k141_26724	107904	81.356	885	165	853
MZ962720.1	k141_26724	107904	74.958	1202	267	774
MZ962720.1	k141_26724	107904	74.958	1202	267	774
MZ962720.1	k141_26724	107904	76.900	1013	223	760
MZ962720.1	k141_26724	107904	70.715	1482	312	687
MZ962720.1	k141_26724	107904	70.715	1482	312	687
MZ962720.1	k141_26724	107904	81.418	705	128	680
MZ962720.1	k141_26724	107904	70.544	1453	376	626
MZ962720.1	k141_26724	107904	75.656	838	161	559
MZ962720.1	k141_26724	107904	83.486	327	51	345
MZ962720.1	k141_26724	107904	69.916	831	219	342
MZ962720.1	k141_26724	107904	70.715	741	185	338
MZ962720.1	k141_26724	107904	76.368	457	106	331
MZ962720.1	k141_26724	107904	72.963	540	140	308
MZ962720.1	k141_26724	107904	72.963	540	140	308
MZ962720.1	k141_26724	107904	71.681	565	157	297
MZ962720.1	k141_26724	107904	82.105	285	51	285
MZ962720.1	k141_26724	107904	74.150	441	103	269
MZ962720.1	k141_26724	107904	77.097	310	60	218
MZ962720.1	k141_26724	107904	77.097	310	60	218
MZ962720.1	k141_26724	107904	67.432	740	224	214
MZ962720.1	k141_26724	107904	73.699	346	88	208
MZ962720.1	k141_26724	107904	68.051	554	168	183
MZ962720.1	k141_26724	107904	68.051	554	168	183
MZ962720.1	k141_26724	107904	78.818	203	34	177
MZ962720.1	k141_26724	107904	78.818	203	34	177
MZ962720.1	k141_26724	107904	74.615	260	64	169
MZ962720.1	k141_26724	107904	76.233	223	42	169
MZ962720.1	k141_26724	107904	65.846	650	148	162
MZ962720.1	k141_26724	107904	66.957	575	176	162
MZ962720.1	k141_26724	107904	75.336	223	44	160
MZ962720.1	k141_26724	107904	69.705	373	60	158
MZ962720.1	k141_26724	107904	76.961	204	47	157
MZ962720.1	k141_26724	107904	86.331	139	15	156
MZ962720.1	k141_26724	107904	65.094	742	173	150
MZ962720.1	k141_26724	107904	78.646	192	30	150
MZ962720.1	k141_26724	107904	78.646	192	30	150
MZ962720.1	k141_26724	107904	86.441	118	16	141
MZ962720.1	k141_26724	107904	80.380	158	29	139
MZ962720.1	k141_26724	107904	72.125	287	57	138
MZ962720.1	k141_26724	107904	97.531	81	2	138
MZ962720.1	k141_26724	107904	97.531	81	2	138
MZ962720.1	k141_26724	107904	93.103	87	6	131
MZ962720.1	k141_26724	107904	93.902	82	5	126
MZ962720.1	k141_26724	107904	96.053	76	3	124
MZ962720.1	k141_26724	107904	78.723	141	27	113
MZ962720.1	k141_26724	107904	82.609	115	15	113
MZ962720.1	k141_26724	107904	93.243	74	5	112
MZ962720.1	k141_26724	107904	89.024	82	9	108
MZ962720.1	k141_26724	107904	89.024	82	9	108
MZ962720.1	k141_26724	107904	85.000	100	12	107
MZ962720.1	k141_26724	107904	90.789	76	7	106
MZ962720.1	k141_26724	107904	77.444	133	30	105
MZ962720.1	k141_26724	107904	77.444	133	30	105
MZ962720.1	k141_26724	107904	90.667	75	7	104
MZ962720.1	k141_26724	107904	90.667	75	7	104
MZ962720.1	k141_26724	107904	89.474	76	8	102
MZ962720.1	k141_26724	107904	83.838	99	12	102
MZ962720.1	k141_26724	107904	77.083	144	26	100
MZ962720.1	k141_26724	107904	90.278	72	6	96.0
MZ962720.1	k141_26724	107904	64.605	582	186	95.1
MZ962720.1	k141_26724	107904	87.671	73	9	92.4
MZ962720.1	k141_26724	107904	85.000	80	12	91.5
MZ962720.1	k141_26724	107904	93.220	59	3	86.0
MZ962720.1	k141_26724	107904	71.519	158	45	83.3
MZ962720.1	k141_26724	107904	78.125	96	19	77.0
MZ962720.1	k141_26724	107904	78.125	96	19	77.0
MZ962720.1	k141_26724	107904	76.000	100	24	73.4
MZ962720.1	k141_26724	107904	70.000	170	47	68.0
MZ962720.1	k141_26724	107904	74.038	104	27	67.1
MZ962720.1	k141_26724	107904	97.368	38	1	65.3
MZ962720.1	k141_26724	107904	70.400	125	37	59.9
MZ962720.1	k141_26724	107904	78.788	66	14	57.2
MZ962720.1	k141_26724	107904	85.366	41	6	48.2
MZ962720.1	k141_19218	16621	89.218	3506	294	4564
MZ962720.1	k141_19218	16621	89.218	3506	294	4564
MZ962720.1	k141_19218	16621	80.890	3956	509	3652
MZ962720.1	k141_19218	16621	80.890	3956	509	3652
MZ962720.1	k141_19218	16621	75.038	1314	326	884
MZ962720.1	k141_19218	16621	78.723	611	70	517
MZ962720.1	k141_19218	16621	79.651	172	14	145
MZ962720.1	k141_19218	16621	79.651	172	14	145
MZ962720.1	k141_19218	16621	91.111	90	6	124
MZ962720.1	k141_19218	16621	91.111	90	6	124
MZ962720.1	k141_39860	18402	82.124	1516	271	1513
MZ962720.1	k141_39860	18402	84.848	726	102	812
MZ962720.1	k141_39860	18402	70.404	1436	309	662
MZ962720.1	k141_39860	18402	70.404	1436	309	662
MZ962720.1	k141_39860	18402	85.567	485	70	560
MZ962720.1	k141_39860	18402	80.720	472	90	438
MZ962720.1	k141_39860	18402	75.989	379	91	274
MZ962720.1	k141_39860	18402	74.868	378	56	271
MZ962720.1	k141_39860	18402	70.085	468	101	217
MZ962720.1	k141_39860	18402	73.714	350	89	211
MZ962720.1	k141_39860	18402	70.024	417	108	187
MZ962720.1	k141_39860	18402	75.728	206	50	147
MZ962720.1	k141_39860	18402	75.728	206	50	147
MZ962720.1	k141_39860	18402	91.566	83	6	115
MZ962720.1	k141_39860	18402	90.244	82	8	113
MZ962720.1	k141_39860	18402	90.244	82	8	113
MZ962720.1	k141_39860	18402	71.667	180	33	98.7
MZ962720.1	k141_39860	18402	71.667	180	33	98.7
MZ962720.1	k141_39860	18402	75.630	119	29	85.1
MZ962720.1	k141_39860	18402	66.917	266	88	84.2
MZ962720.1	k141_32516	1839	74.221	1187	265	731
MZ962720.1	k141_32516	1839	74.221	1187	265	731
MZ962720.1	k141_39406	9126	71.210	917	195	423
MZ962720.1	k141_39406	9126	71.210	917	195	423
MZ962720.1	k141_39406	9126	74.893	466	99	285
MZ962720.1	k141_39406	9126	74.893	466	99	285
MZ962720.1	k141_39406	9126	90.164	61	6	84.2
MZ962720.1	k141_39406	9126	90.164	61	6	84.2
MZ962720.1	k141_39406	9126	90.164	61	6	84.2
MZ962720.1	k141_48390	540	75.655	534	113	366
MZ962720.1	k141_48390	540	75.655	534	113	366
MZ962720.1	k141_48390	540	74.113	282	60	174
MZ962720.1	k141_64833	657	76.054	522	120	365
MZ962720.1	k141_64833	657	76.054	522	120	365
MZ962720.1	k141_58222	14164	67.620	769	212	262
MZ962720.1	k141_43820	370	75.697	251	55	166
MZ962720.1	k141_43820	370	75.697	251	55	166
MZ962720.1	k141_58140	582	82.963	135	23	141
MZ962720.1	k141_22238	423	98.413	63	1	110
MZ962720.1	k141_22238	423	98.413	63	1	110
MZ962720.1	k141_14448	10763	72.308	195	54	109
MZ962720.1	k141_46885	646	91.250	80	3	108
MZ962720.1	k141_46885	646	91.250	80	3	108
MZ962720.1	k141_60338	3091	72.316	177	49	99.6
MZ962720.1	k141_60338	3091	72.316	177	49	99.6
MZ962720.1	k141_9380	437	66.258	326	107	91.5
MZ962720.1	k141_12330	33856	69.231	208	62	80.6
MZ962720.1	k141_68044	607	81.579	76	14	75.2
MZ962720.1	k141_68044	607	81.579	76	14	75.2
MZ962720.1	k141_11295	493	97.619	42	1	72.5
MZ962720.1	k141_11295	493	97.619	42	1	72.5
MZ962720.1	k141_36304	420	79.012	81	17	70.7
MZ962720.1	k141_42220	436	67.742	124	40	44.6
MZ962720.1	k141_58578	494	80.488	41	8	39.2
MZ962720.1	k141_58578	494	80.488	41	8	39.2
MZ962720.1	k141_58578	494	80.488	41	8	39.2
MZ962720.1	k141_58578	494	80.488	41	8	39.2
MH569081.1	k141_26724	107904	84.570	4530	697	5011
MH569081.1	k141_26724	107904	83.932	2477	398	2673
MH569081.1	k141_26724	107904	82.635	1480	252	1502
MH569081.1	k141_26724	107904	77.820	1835	393	1456
MH569081.1	k141_26724	107904	73.777	2269	479	1379
MH569081.1	k141_26724	107904	73.777	2269	479	1379
MH569081.1	k141_26724	107904	68.843	3707	1037	1369
MH569081.1	k141_26724	107904	87.708	1082	131	1350
MH569081.1	k141_26724	107904	75.922	1898	431	1346
MH569081.1	k141_26724	107904	78.937	1543	317	1303
MH569081.1	k141_26724	107904	73.960	1851	422	1134
MH569081.1	k141_26724	107904	79.897	970	191	866
MH569081.1	k141_26724	107904	72.999	1474	287	816
MH569081.1	k141_26724	107904	72.999	1474	287	816
MH569081.1	k141_26724	107904	72.198	1392	348	756
MH569081.1	k141_26724	107904	74.421	1208	268	742
MH569081.1	k141_26724	107904	77.008	909	203	685
MH569081.1	k141_26724	107904	80.709	705	136	659
MH569081.1	k141_26724	107904	75.080	943	188	608
MH569081.1	k141_26724	107904	72.410	1004	247	540
MH569081.1	k141_26724	107904	69.774	1148	246	471
MH569081.1	k141_26724	107904	73.630	675	166	381
MH569081.1	k141_26724	107904	69.881	840	225	346
MH569081.1	k141_26724	107904	75.267	469	116	324
MH569081.1	k141_26724	107904	75.799	438	85	314
MH569081.1	k141_26724	107904	70.841	559	160	272
MH569081.1	k141_26724	107904	82.490	257	45	261
MH569081.1	k141_26724	107904	77.538	325	61	246
MH569081.1	k141_26724	107904	75.556	315	75	214
MH569081.1	k141_26724	107904	66.850	727	233	205
MH569081.1	k141_26724	107904	78.099	242	50	192
MH569081.1	k141_26724	107904	66.706	844	216	188
MH569081.1	k141_26724	107904	79.147	211	33	188
MH569081.1	k141_26724	107904	68.542	480	140	178
MH569081.1	k141_26724	107904	77.419	217	46	169
MH569081.1	k141_26724	107904	69.802	404	69	168
MH569081.1	k141_26724	107904	85.065	154	21	168
MH569081.1	k141_26724	107904	85.714	140	18	160
MH569081.1	k141_26724	107904	70.030	337	56	153
MH569081.1	k141_26724	107904	77.073	205	45	151
MH569081.1	k141_26724	107904	75.115	217	54	149
MH569081.1	k141_26724	107904	86.777	121	16	147
MH569081.1	k141_26724	107904	89.623	106	9	140
MH569081.1	k141_26724	107904	96.296	81	3	133
MH569081.1	k141_26724	107904	96.296	81	3	133
MH569081.1	k141_26724	107904	69.341	349	95	132
MH569081.1	k141_26724	107904	94.937	79	4	125
MH569081.1	k141_26724	107904	94.937	79	4	125
MH569081.1	k141_26724	107904	91.011	89	8	125
MH569081.1	k141_26724	107904	97.297	74	2	125
MH569081.1	k141_26724	107904	80.000	145	22	124
MH569081.1	k141_26724	107904	77.019	161	37	124
MH569081.1	k141_26724	107904	91.463	82	7	117
MH569081.1	k141_26724	107904	91.463	82	7	117
MH569081.1	k141_26724	107904	88.172	93	9	116
MH569081.1	k141_26724	107904	76.582	158	36	115
MH569081.1	k141_26724	107904	80.992	121	23	115
MH569081.1	k141_26724	107904	95.652	69	3	112
MH569081.1	k141_26724	107904	94.366	71	4	111
MH569081.1	k141_26724	107904	80.597	134	19	109
MH569081.1	k141_26724	107904	89.873	79	8	107
MH569081.1	k141_26724	107904	84.375	96	15	106
MH569081.1	k141_26724	107904	90.667	75	7	104
MH569081.1	k141_26724	107904	90.667	75	7	104
MH569081.1	k141_26724	107904	71.859	199	50	104
MH569081.1	k141_26724	107904	85.556	90	10	103
MH569081.1	k141_26724	107904	87.654	81	10	102
MH569081.1	k141_26724	107904	89.041	73	8	96.9
MH569081.1	k141_26724	107904	87.013	77	8	92.4
MH569081.1	k141_26724	107904	81.188	101	16	91.5
MH569081.1	k141_26724	107904	78.448	116	23	90.6
MH569081.1	k141_26724	107904	80.412	97	19	90.6
MH569081.1	k141_26724	107904	87.500	64	8	80.6
MH569081.1	k141_26724	107904	81.429	70	13	68.9
MH569081.1	k141_26724	107904	97.436	39	1	67.1
MH569081.1	k141_26724	107904	92.308	39	3	58.1
MH569081.1	k141_26724	107904	92.308	39	3	58.1
MH569081.1	k141_26724	107904	68.992	129	40	53.6
MH569081.1	k141_19218	16621	84.887	2693	265	2988
MH569081.1	k141_19218	16621	84.887	2693	265	2988
MH569081.1	k141_19218	16621	88.166	1859	166	2324
MH569081.1	k141_19218	16621	88.166	1859	166	2324
MH569081.1	k141_19218	16621	91.302	1644	115	2292
MH569081.1	k141_19218	16621	91.302	1644	115	2292
MH569081.1	k141_19218	16621	78.980	1294	175	1078
MH569081.1	k141_19218	16621	78.980	1294	175	1078
MH569081.1	k141_19218	16621	76.796	1267	292	953
MH569081.1	k141_19218	16621	87.805	123	10	150
MH569081.1	k141_19218	16621	87.805	123	10	150
MH569081.1	k141_19218	16621	94.872	78	4	123
MH569081.1	k141_19218	16621	94.872	78	4	123
MH569081.1	k141_19218	16621	71.642	201	31	98.7
MH569081.1	k141_19218	16621	71.642	201	31	98.7
MH569081.1	k141_39860	18402	78.311	1812	353	1470
MH569081.1	k141_39860	18402	84.232	723	110	785
MH569081.1	k141_39860	18402	68.582	1862	465	694
MH569081.1	k141_39860	18402	68.582	1862	465	694
MH569081.1	k141_39860	18402	80.662	574	98	534
MH569081.1	k141_39860	18402	81.013	474	88	443
MH569081.1	k141_39860	18402	67.993	1156	303	379
MH569081.1	k141_39860	18402	75.907	386	88	269
MH569081.1	k141_39860	18402	71.847	444	92	236
MH569081.1	k141_39860	18402	69.082	414	112	162
MH569081.1	k141_39860	18402	96.386	83	3	137
MH569081.1	k141_39860	18402	93.590	78	5	119
MH569081.1	k141_39860	18402	93.590	78	5	119
MH569081.1	k141_39860	18402	76.471	119	28	89.7
MH569081.1	k141_39860	18402	72.807	114	31	67.1
MH569081.1	k141_39860	18402	75.676	74	18	53.6
MH569081.1	k141_32516	1839	74.790	1190	255	772
MH569081.1	k141_32516	1839	74.790	1190	255	772
MH569081.1	k141_39406	9126	71.507	909	199	436
MH569081.1	k141_39406	9126	71.507	909	199	436
MH569081.1	k141_39406	9126	74.034	466	102	277
MH569081.1	k141_39406	9126	74.034	466	102	277
MH569081.1	k141_39406	9126	64.663	815	204	140
MH569081.1	k141_39406	9126	64.663	815	204	140
MH569081.1	k141_39406	9126	91.803	61	5	88.7
MH569081.1	k141_39406	9126	91.803	61	5	88.7
MH569081.1	k141_48390	540	76.360	533	109	378
MH569081.1	k141_48390	540	76.360	533	109	378
MH569081.1	k141_64833	657	75.335	523	122	351
MH569081.1	k141_64833	657	75.335	523	122	351
MH569081.1	k141_39094	465	86.854	213	22	260
MH569081.1	k141_39094	465	86.854	213	22	260
MH569081.1	k141_58222	14164	66.896	728	200	219
MH569081.1	k141_43820	370	79.283	251	46	206
MH569081.1	k141_43820	370	79.283	251	46	206
MH569081.1	k141_14448	10763	74.242	198	45	124
MH569081.1	k141_14448	10763	79.688	64	13	58.1
MH569081.1	k141_58140	582	79.259	135	28	118
MH569081.1	k141_22238	423	92.308	78	6	114
MH569081.1	k141_22238	423	92.308	78	6	114
MH569081.1	k141_60338	3091	73.446	177	47	108
MH569081.1	k141_60338	3091	73.446	177	47	108
MH569081.1	k141_46885	646	91.026	78	6	106
MH569081.1	k141_46885	646	91.026	78	6	106
MH569081.1	k141_9380	437	66.564	326	106	96.0
MH569081.1	k141_68044	607	82.895	76	13	79.7
MH569081.1	k141_68044	607	82.895	76	13	79.7
MH569081.1	k141_11295	493	97.619	42	1	72.5
MH569081.1	k141_11295	493	97.619	42	1	72.5
MH569081.1	k141_12330	33856	64.792	409	132	68.9
MH569081.1	k141_19273	445	79.268	82	13	67.1
MH569081.1	k141_37406	43115	84.211	57	7	60.8
MH569081.1	k141_37406	43115	84.211	57	7	60.8
MH569081.1	k141_49365	25048	75.676	74	18	53.6
MH569081.1	k141_49365	25048	75.676	74	18	53.6
NC_033978.1	k141_26724	107904	84.496	4560	699	5021
NC_033978.1	k141_26724	107904	85.103	2477	369	2804
NC_033978.1	k141_26724	107904	71.410	3781	984	1808
NC_033978.1	k141_26724	107904	80.313	1915	359	1748
NC_033978.1	k141_26724	107904	77.969	2088	439	1684
NC_033978.1	k141_26724	107904	84.553	1489	225	1640
NC_033978.1	k141_26724	107904	76.315	2111	472	1493
NC_033978.1	k141_26724	107904	89.346	1070	114	1416
NC_033978.1	k141_26724	107904	73.740	2262	481	1378
NC_033978.1	k141_26724	107904	73.740	2262	481	1378
NC_033978.1	k141_26724	107904	73.255	1862	429	1072
NC_033978.1	k141_26724	107904	73.741	1470	273	892
NC_033978.1	k141_26724	107904	73.741	1470	273	892
NC_033978.1	k141_26724	107904	81.626	898	165	876
NC_033978.1	k141_26724	107904	74.412	1360	329	856
NC_033978.1	k141_26724	107904	75.973	1207	260	847
NC_033978.1	k141_26724	107904	78.153	888	187	720
NC_033978.1	k141_26724	107904	82.411	705	121	711
NC_033978.1	k141_26724	107904	70.683	1494	309	652
NC_033978.1	k141_26724	107904	71.214	1334	361	651
NC_033978.1	k141_26724	107904	74.948	970	194	636
NC_033978.1	k141_26724	107904	77.669	712	153	555
NC_033978.1	k141_26724	107904	75.431	696	168	483
NC_033978.1	k141_26724	107904	74.574	645	148	416
NC_033978.1	k141_26724	107904	77.055	523	116	398
NC_033978.1	k141_26724	107904	69.891	827	214	329
NC_033978.1	k141_26724	107904	72.760	558	152	322
NC_033978.1	k141_26724	107904	70.455	704	204	318
NC_033978.1	k141_26724	107904	75.529	425	104	298
NC_033978.1	k141_26724	107904	80.323	310	61	285
NC_033978.1	k141_26724	107904	79.299	314	65	274
NC_033978.1	k141_26724	107904	73.043	460	92	264
NC_033978.1	k141_26724	107904	80.420	286	56	264
NC_033978.1	k141_26724	107904	66.410	1039	197	244
NC_033978.1	k141_26724	107904	83.871	217	35	234
NC_033978.1	k141_26724	107904	78.879	232	49	198
NC_033978.1	k141_26724	107904	70.000	470	128	193
NC_033978.1	k141_26724	107904	79.372	223	39	193
NC_033978.1	k141_26724	107904	77.686	242	51	192
NC_033978.1	k141_26724	107904	77.551	245	51	189
NC_033978.1	k141_26724	107904	86.429	140	11	157
NC_033978.1	k141_26724	107904	72.015	268	75	146
NC_033978.1	k141_26724	107904	93.548	93	6	141
NC_033978.1	k141_26724	107904	70.253	316	86	141
NC_033978.1	k141_26724	107904	80.986	142	27	135
NC_033978.1	k141_26724	107904	87.156	109	14	134
NC_033978.1	k141_26724	107904	66.126	493	137	132
NC_033978.1	k141_26724	107904	66.126	493	137	132
NC_033978.1	k141_26724	107904	95.181	83	4	132
NC_033978.1	k141_26724	107904	76.111	180	39	131
NC_033978.1	k141_26724	107904	94.937	79	4	125
NC_033978.1	k141_26724	107904	96.053	76	3	124
NC_033978.1	k141_26724	107904	89.362	94	8	123
NC_033978.1	k141_26724	107904	97.222	72	2	122
NC_033978.1	k141_26724	107904	77.070	157	34	119
NC_033978.1	k141_26724	107904	88.298	94	10	117
NC_033978.1	k141_26724	107904	94.595	74	4	116
NC_033978.1	k141_26724	107904	94.595	74	4	116
NC_033978.1	k141_26724	107904	80.159	126	25	115
NC_033978.1	k141_26724	107904	80.303	132	22	112
NC_033978.1	k141_26724	107904	94.366	71	4	111
NC_033978.1	k141_26724	107904	85.417	96	14	111
NC_033978.1	k141_26724	107904	79.508	122	25	108
NC_033978.1	k141_26724	107904	89.024	82	9	108
NC_033978.1	k141_26724	107904	89.024	82	9	108
NC_033978.1	k141_26724	107904	80.508	118	21	107
NC_033978.1	k141_26724	107904	88.372	86	9	107
NC_033978.1	k141_26724	107904	91.781	73	6	105
NC_033978.1	k141_26724	107904	74.375	160	41	104
NC_033978.1	k141_26724	107904	87.059	85	11	104
NC_033978.1	k141_26724	107904	90.411	73	7	101
NC_033978.1	k141_26724	107904	77.165	127	29	99.6
NC_033978.1	k141_26724	107904	80.374	107	18	93.3
NC_033978.1	k141_26724	107904	84.043	94	11	93.3
NC_033978.1	k141_26724	107904	75.424	118	29	83.3
NC_033978.1	k141_26724	107904	73.984	123	31	75.2
NC_033978.1	k141_26724	107904	64.353	533	111	73.4
NC_033978.1	k141_26724	107904	87.500	48	6	60.8
NC_033978.1	k141_26724	107904	87.500	48	6	60.8
NC_033978.1	k141_26724	107904	94.444	36	2	57.2
NC_033978.1	k141_26724	107904	77.273	66	15	52.7
NC_033978.1	k141_19218	16621	87.939	3955	310	4962
NC_033978.1	k141_19218	16621	87.939	3955	310	4962
NC_033978.1	k141_19218	16621	81.643	4527	540	4315
NC_033978.1	k141_19218	16621	81.643	4527	540	4315
NC_033978.1	k141_19218	16621	76.712	1314	298	985
NC_033978.1	k141_19218	16621	76.216	185	23	137
NC_033978.1	k141_19218	16621	76.216	185	23	137
NC_033978.1	k141_19218	16621	65.966	523	145	113
NC_033978.1	k141_19218	16621	72.959	196	27	107
NC_033978.1	k141_19218	16621	72.959	196	27	107
NC_033978.1	k141_39860	18402	80.767	1591	292	1489
NC_033978.1	k141_39860	18402	68.795	2224	519	856
NC_033978.1	k141_39860	18402	84.924	723	104	813
NC_033978.1	k141_39860	18402	69.148	1867	444	728
NC_033978.1	k141_39860	18402	85.577	520	69	597
NC_033978.1	k141_39860	18402	70.182	1375	356	586
NC_033978.1	k141_39860	18402	79.545	484	93	424
NC_033978.1	k141_39860	18402	78.421	380	81	313
NC_033978.1	k141_39860	18402	70.783	664	183	302
NC_033978.1	k141_39860	18402	67.300	1052	269	266
NC_033978.1	k141_39860	18402	69.068	472	113	196
NC_033978.1	k141_39860	18402	95.122	82	4	131
NC_033978.1	k141_39860	18402	68.208	346	88	117
NC_033978.1	k141_39860	18402	93.333	75	5	113
NC_033978.1	k141_39860	18402	93.333	75	5	113
NC_033978.1	k141_39860	18402	76.744	129	30	98.7
NC_033978.1	k141_39094	465	98.060	464	9	797
NC_033978.1	k141_39094	465	98.060	464	9	797
NC_033978.1	k141_32516	1839	74.495	1188	256	743
NC_033978.1	k141_32516	1839	74.495	1188	256	743
NC_033978.1	k141_32516	1839	82.667	75	13	77.9
NC_033978.1	k141_58922	398	94.975	398	20	628
NC_033978.1	k141_58922	398	94.975	398	20	628
NC_033978.1	k141_39406	9126	71.382	912	195	434
NC_033978.1	k141_39406	9126	71.382	912	195	434
NC_033978.1	k141_39406	9126	74.249	466	100	278
NC_033978.1	k141_39406	9126	74.249	466	100	278
NC_033978.1	k141_39406	9126	78.369	282	59	227
NC_033978.1	k141_39406	9126	78.369	282	59	227
NC_033978.1	k141_39406	9126	88.525	61	7	79.7
NC_033978.1	k141_39406	9126	88.525	61	7	79.7
NC_033978.1	k141_48390	540	76.128	532	112	379
NC_033978.1	k141_48390	540	76.128	532	112	379
NC_033978.1	k141_64833	657	76.099	523	118	369
NC_033978.1	k141_64833	657	76.099	523	118	369
NC_033978.1	k141_58222	14164	67.903	782	210	271
NC_033978.1	k141_43820	370	81.048	248	46	233
NC_033978.1	k141_43820	370	81.048	248	46	233
NC_033978.1	k141_68044	607	72.340	423	106	219
NC_033978.1	k141_68044	607	72.340	423	106	219
NC_033978.1	k141_68044	607	80.233	86	17	79.7
NC_033978.1	k141_68044	607	80.233	86	17	79.7
NC_033978.1	k141_22238	423	96.154	78	3	128
NC_033978.1	k141_22238	423	96.154	78	3	128
NC_033978.1	k141_46885	646	94.805	77	4	122
NC_033978.1	k141_46885	646	94.805	77	4	122
NC_033978.1	k141_60338	3091	72.251	191	53	106
NC_033978.1	k141_60338	3091	72.251	191	53	106
NC_033978.1	k141_58140	582	76.871	147	32	105
NC_033978.1	k141_14448	10763	70.124	241	60	99.6
NC_033978.1	k141_9380	437	66.564	326	106	96.0
NC_033978.1	k141_12330	33856	65.651	361	116	73.4
NC_033978.1	k141_11295	493	97.619	42	1	72.5
NC_033978.1	k141_11295	493	97.619	42	1	72.5
NC_033978.1	k141_36304	420	78.313	83	14	59.9
NC_033978.1	k141_14776	1064	82.456	57	6	49.1
NC_033978.1	k141_49365	25048	78.723	47	10	41.0
NC_033978.1	k141_49365	25048	78.723	47	10	41.0
NC_033978.1	k141_42220	436	65.217	161	56	39.2
MW006668.1	k141_26724	107904	84.335	4558	707	4976
MW006668.1	k141_26724	107904	84.674	2473	379	2752
MW006668.1	k141_26724	107904	79.332	1887	379	1637
MW006668.1	k141_26724	107904	75.453	2265	497	1555
MW006668.1	k141_26724	107904	75.453	2265	497	1555
MW006668.1	k141_26724	107904	76.364	2107	466	1535
MW006668.1	k141_26724	107904	82.629	1491	256	1520
MW006668.1	k141_26724	107904	71.188	3148	831	1504
MW006668.1	k141_26724	107904	74.810	1842	426	1179
MW006668.1	k141_26724	107904	74.810	1842	426	1179
MW006668.1	k141_26724	107904	88.741	826	93	1071
MW006668.1	k141_26724	107904	88.727	825	93	1069
MW006668.1	k141_26724	107904	80.000	965	193	871
MW006668.1	k141_26724	107904	75.096	1301	263	860
MW006668.1	k141_26724	107904	74.135	1330	319	826
MW006668.1	k141_26724	107904	72.106	1477	289	792
MW006668.1	k141_26724	107904	74.709	1202	276	778
MW006668.1	k141_26724	107904	74.709	1202	276	778
MW006668.1	k141_26724	107904	77.825	947	207	760
MW006668.1	k141_26724	107904	81.870	706	125	695
MW006668.1	k141_26724	107904	75.833	960	189	662
MW006668.1	k141_26724	107904	70.881	1487	288	640
MW006668.1	k141_26724	107904	78.150	746	160	609
MW006668.1	k141_26724	107904	69.911	1346	371	579
MW006668.1	k141_26724	107904	74.780	682	167	451
MW006668.1	k141_26724	107904	78.210	514	106	410
MW006668.1	k141_26724	107904	77.878	443	85	352
MW006668.1	k141_26724	107904	69.287	827	225	319
MW006668.1	k141_26724	107904	69.287	827	225	319
MW006668.1	k141_26724	107904	70.270	703	207	319
MW006668.1	k141_26724	107904	71.715	548	155	290
MW006668.1	k141_26724	107904	85.656	244	35	283
MW006668.1	k141_26724	107904	72.371	561	139	283
MW006668.1	k141_26724	107904	79.128	321	60	266
MW006668.1	k141_26724	107904	76.133	331	79	242
MW006668.1	k141_26724	107904	76.133	331	79	242
MW006668.1	k141_26724	107904	77.199	307	68	232
MW006668.1	k141_26724	107904	79.310	261	51	222
MW006668.1	k141_26724	107904	79.310	261	51	222
MW006668.1	k141_26724	107904	79.535	215	41	188
MW006668.1	k141_26724	107904	69.556	473	129	187
MW006668.1	k141_26724	107904	69.556	473	129	187
MW006668.1	k141_26724	107904	67.156	749	152	178
MW006668.1	k141_26724	107904	88.462	130	9	164
MW006668.1	k141_26724	107904	77.619	210	41	164
MW006668.1	k141_26724	107904	86.331	139	15	156
MW006668.1	k141_26724	107904	77.838	185	41	150
MW006668.1	k141_26724	107904	81.761	159	24	143
MW006668.1	k141_26724	107904	87.963	108	13	137
MW006668.1	k141_26724	107904	91.398	93	8	132
MW006668.1	k141_26724	107904	80.714	140	27	132
MW006668.1	k141_26724	107904	68.107	486	123	131
MW006668.1	k141_26724	107904	91.398	93	7	129
MW006668.1	k141_26724	107904	89.247	93	10	123
MW006668.1	k141_26724	107904	89.247	93	10	123
MW006668.1	k141_26724	107904	75.676	185	40	123
MW006668.1	k141_26724	107904	93.671	79	5	121
MW006668.1	k141_26724	107904	95.946	74	3	121
MW006668.1	k141_26724	107904	89.247	93	8	121
MW006668.1	k141_26724	107904	94.737	76	4	120
MW006668.1	k141_26724	107904	64.965	568	183	115
MW006668.1	k141_26724	107904	86.957	92	12	113
MW006668.1	k141_26724	107904	93.243	74	5	112
MW006668.1	k141_26724	107904	84.615	104	13	110
MW006668.1	k141_26724	107904	89.024	82	9	108
MW006668.1	k141_26724	107904	90.789	76	7	106
MW006668.1	k141_26724	107904	79.845	129	22	106
MW006668.1	k141_26724	107904	84.375	96	15	106
MW006668.1	k141_26724	107904	73.958	192	38	105
MW006668.1	k141_26724	107904	90.411	73	7	101
MW006668.1	k141_26724	107904	91.429	70	6	100
MW006668.1	k141_26724	107904	91.304	69	6	98.7
MW006668.1	k141_26724	107904	92.647	68	3	98.7
MW006668.1	k141_26724	107904	92.647	68	3	98.7
MW006668.1	k141_26724	107904	89.041	73	8	96.9
MW006668.1	k141_26724	107904	90.000	70	7	96.0
MW006668.1	k141_26724	107904	90.000	70	7	96.0
MW006668.1	k141_26724	107904	87.838	74	9	94.2
MW006668.1	k141_26724	107904	68.786	173	54	69.8
MW006668.1	k141_26724	107904	87.500	48	6	60.8
MW006668.1	k141_26724	107904	92.308	39	3	58.1
MW006668.1	k141_26724	107904	92.308	39	3	58.1
MW006668.1	k141_26724	107904	77.419	62	14	50.0
MW006668.1	k141_26724	107904	69.369	111	34	48.2
MW006668.1	k141_19218	16621	86.372	3977	331	4699
MW006668.1	k141_19218	16621	86.372	3977	331	4699
MW006668.1	k141_19218	16621	82.947	4052	497	4111
MW006668.1	k141_19218	16621	82.947	4052	497	4111
MW006668.1	k141_19218	16621	74.614	1296	329	855
MW006668.1	k141_19218	16621	76.503	183	24	136
MW006668.1	k141_19218	16621	76.503	183	24	136
MW006668.1	k141_19218	16621	94.521	73	4	114
MW006668.1	k141_19218	16621	92.500	40	3	59.9
MW006668.1	k141_39860	18402	79.689	1610	316	1417
MW006668.1	k141_39860	18402	84.861	720	106	806
MW006668.1	k141_39860	18402	84.248	565	82	611
MW006668.1	k141_39860	18402	69.124	1438	332	549
MW006668.1	k141_39860	18402	80.903	487	93	460
MW006668.1	k141_39860	18402	71.072	681	180	297
MW006668.1	k141_39860	18402	77.966	354	78	288
MW006668.1	k141_39860	18402	73.892	406	73	280
MW006668.1	k141_39860	18402	72.588	456	96	250
MW006668.1	k141_39860	18402	72.861	409	97	214
MW006668.1	k141_39860	18402	75.789	285	67	196
MW006668.1	k141_39860	18402	72.581	310	85	177
MW006668.1	k141_39860	18402	88.288	111	9	137
MW006668.1	k141_39860	18402	88.288	111	9	137
MW006668.1	k141_39860	18402	78.947	152	30	123
MW006668.1	k141_39860	18402	78.947	152	30	123
MW006668.1	k141_39860	18402	93.421	76	5	115
MW006668.1	k141_39860	18402	69.732	261	71	113
MW006668.1	k141_39860	18402	78.626	131	28	111
MW006668.1	k141_32516	1839	74.161	1192	259	734
MW006668.1	k141_32516	1839	74.161	1192	259	734
MW006668.1	k141_32516	1839	79.730	74	15	67.1
MW006668.1	k141_32516	1839	79.730	74	15	67.1
MW006668.1	k141_39094	465	80.169	474	73	433
MW006668.1	k141_39406	9126	71.491	912	195	428
MW006668.1	k141_39406	9126	71.491	912	195	428
MW006668.1	k141_39406	9126	73.391	466	110	259
MW006668.1	k141_39406	9126	73.391	466	110	259
MW006668.1	k141_39406	9126	77.895	285	61	224
MW006668.1	k141_39406	9126	77.895	285	61	224
MW006668.1	k141_39406	9126	86.885	61	8	75.2
MW006668.1	k141_39406	9126	86.885	61	8	75.2
MW006668.1	k141_64833	657	75.763	524	118	368
MW006668.1	k141_64833	657	75.763	524	118	368
MW006668.1	k141_48390	540	73.432	542	119	329
MW006668.1	k141_48390	540	73.432	542	119	329
MW006668.1	k141_58222	14164	66.839	772	217	233
MW006668.1	k141_58922	398	73.158	380	52	226
MW006668.1	k141_43820	370	79.839	248	48	215
MW006668.1	k141_43820	370	79.839	248	48	215
MW006668.1	k141_68044	607	71.158	423	106	196
MW006668.1	k141_68044	607	71.158	423	106	196
MW006668.1	k141_68044	607	82.895	76	13	79.7
MW006668.1	k141_68044	607	82.895	76	13	79.7
MW006668.1	k141_22238	423	93.671	79	5	121
MW006668.1	k141_22238	423	93.671	79	5	121
MW006668.1	k141_58140	582	78.621	145	29	115
MW006668.1	k141_9380	437	70.293	239	71	112
MW006668.1	k141_60338	3091	71.728	191	54	102
MW006668.1	k141_14448	10763	70.142	211	54	92.4
MW006668.1	k141_14448	10763	80.822	73	14	69.8
MW006668.1	k141_46885	646	83.133	83	8	88.7
MW006668.1	k141_46885	646	83.133	83	8	88.7
MW006668.1	k141_11295	493	97.619	42	1	72.5
MW006668.1	k141_11295	493	97.619	42	1	72.5
MW006668.1	k141_12330	33856	75.281	89	22	62.6
MW006668.1	k141_26143	2908	81.818	66	11	62.6
MW006668.1	k141_36304	420	74.074	81	21	52.7
MW006668.1	k141_38126	41084	82.500	40	7	41.9
MW006668.1	k141_38126	41084	82.500	40	7	41.9
MW435436.1	k141_19218	16621	89.707	3818	285	5067
MW435436.1	k141_19218	16621	89.707	3818	285	5067
MW435436.1	k141_19218	16621	81.725	4476	548	4299
MW435436.1	k141_19218	16621	81.725	4476	548	4299
MW435436.1	k141_19218	16621	76.973	1229	277	942
MW435436.1	k141_19218	16621	78.111	1101	235	901
MW435436.1	k141_19218	16621	90.323	93	7	125
MW435436.1	k141_19218	16621	90.323	93	7	125
MW435436.1	k141_19218	16621	69.531	256	60	100
MW435436.1	k141_19218	16621	69.531	256	60	100
MW435436.1	k141_19218	16621	72.581	186	32	96.9
MW435436.1	k141_19218	16621	72.581	186	32	96.9
MW435436.1	k141_26724	107904	83.966	4559	725	4919
MW435436.1	k141_26724	107904	85.057	2476	370	2798
MW435436.1	k141_26724	107904	80.171	1866	365	1693
MW435436.1	k141_26724	107904	70.590	3798	1028	1687
MW435436.1	k141_26724	107904	77.368	2090	458	1624
MW435436.1	k141_26724	107904	84.196	1449	224	1572
MW435436.1	k141_26724	107904	76.303	2110	470	1489
MW435436.1	k141_26724	107904	73.894	2260	471	1397
MW435436.1	k141_26724	107904	73.894	2260	471	1397
MW435436.1	k141_26724	107904	87.966	1072	129	1352
MW435436.1	k141_26724	107904	73.666	1743	417	1036
MW435436.1	k141_26724	107904	76.510	1209	254	869
MW435436.1	k141_26724	107904	80.851	893	171	840
MW435436.1	k141_26724	107904	74.127	1260	310	791
MW435436.1	k141_26724	107904	77.403	978	212	758
MW435436.1	k141_26724	107904	72.387	1311	245	703
MW435436.1	k141_26724	107904	72.387	1311	245	703
MW435436.1	k141_26724	107904	81.986	705	124	698
MW435436.1	k141_26724	107904	71.397	1339	346	664
MW435436.1	k141_26724	107904	74.468	987	194	634
MW435436.1	k141_26724	107904	71.781	1134	225	554
MW435436.1	k141_26724	107904	76.379	707	164	521
MW435436.1	k141_26724	107904	76.496	702	163	516
MW435436.1	k141_26724	107904	73.684	646	152	384
MW435436.1	k141_26724	107904	77.189	491	107	372
MW435436.1	k141_26724	107904	69.701	835	223	339
MW435436.1	k141_26724	107904	72.291	563	156	313
MW435436.1	k141_26724	107904	69.942	692	202	303
MW435436.1	k141_26724	107904	75.289	433	105	292
MW435436.1	k141_26724	107904	80.769	286	55	269
MW435436.1	k141_26724	107904	74.737	380	86	258
MW435436.1	k141_26724	107904	78.387	310	67	258
MW435436.1	k141_26724	107904	70.252	595	133	234
MW435436.1	k141_26724	107904	76.038	313	75	227
MW435436.1	k141_26724	107904	82.243	214	38	215
MW435436.1	k141_26724	107904	68.631	526	160	192
MW435436.1	k141_26724	107904	78.761	226	42	188
MW435436.1	k141_26724	107904	76.172	256	54	185
MW435436.1	k141_26724	107904	86.957	138	10	158
MW435436.1	k141_26724	107904	88.430	121	7	153
MW435436.1	k141_26724	107904	91.753	97	8	140
MW435436.1	k141_26724	107904	66.869	495	130	135
MW435436.1	k141_26724	107904	66.869	495	130	135
MW435436.1	k141_26724	107904	81.379	145	19	134
MW435436.1	k141_26724	107904	90.625	96	7	131
MW435436.1	k141_26724	107904	89.899	99	9	131
MW435436.1	k141_26724	107904	86.239	109	15	130
MW435436.1	k141_26724	107904	66.886	456	76	129
MW435436.1	k141_26724	107904	78.659	164	31	129
MW435436.1	k141_26724	107904	88.235	102	11	127
MW435436.1	k141_26724	107904	71.488	242	69	126
MW435436.1	k141_26724	107904	84.821	112	16	123
MW435436.1	k141_26724	107904	97.222	72	2	122
MW435436.1	k141_26724	107904	93.671	79	5	121
MW435436.1	k141_26724	107904	94.595	74	4	116
MW435436.1	k141_26724	107904	79.104	134	28	116
MW435436.1	k141_26724	107904	73.656	186	43	116
MW435436.1	k141_26724	107904	67.674	430	118	114
MW435436.1	k141_26724	107904	67.674	430	118	114
MW435436.1	k141_26724	107904	82.143	112	20	113
MW435436.1	k141_26724	107904	85.417	96	14	111
MW435436.1	k141_26724	107904	87.778	90	10	110
MW435436.1	k141_26724	107904	87.778	90	10	110
MW435436.1	k141_26724	107904	88.506	87	9	109
MW435436.1	k141_26724	107904	79.851	134	16	108
MW435436.1	k141_26724	107904	91.892	74	6	107
MW435436.1	k141_26724	107904	90.789	76	7	106
MW435436.1	k141_26724	107904	71.154	208	50	105
MW435436.1	k141_26724	107904	90.541	74	7	103
MW435436.1	k141_26724	107904	91.549	71	6	102
MW435436.1	k141_26724	107904	90.411	73	7	101
MW435436.1	k141_26724	107904	75.735	136	27	98.7
MW435436.1	k141_26724	107904	89.062	64	6	81.5
MW435436.1	k141_26724	107904	68.627	204	47	77.9
MW435436.1	k141_26724	107904	73.381	139	28	70.7
MW435436.1	k141_26724	107904	87.500	48	6	60.8
MW435436.1	k141_26724	107904	87.500	48	6	60.8
MW435436.1	k141_26724	107904	77.419	62	14	50.0
MW435436.1	k141_26724	107904	87.179	39	5	49.1
MW435436.1	k141_39860	18402	80.406	1577	301	1441
MW435436.1	k141_39860	18402	69.675	2216	532	913
MW435436.1	k141_39860	18402	69.675	2216	532	913
MW435436.1	k141_39860	18402	84.392	724	108	797
MW435436.1	k141_39860	18402	80.406	689	110	630
MW435436.1	k141_39860	18402	69.264	1399	369	536
MW435436.1	k141_39860	18402	79.755	489	95	431
MW435436.1	k141_39860	18402	70.455	660	190	307
MW435436.1	k141_39860	18402	76.944	373	86	286
MW435436.1	k141_39860	18402	69.038	478	109	204
MW435436.1	k141_39860	18402	67.952	415	121	138
MW435436.1	k141_39860	18402	96.341	82	3	135
MW435436.1	k141_39860	18402	79.730	148	27	131
MW435436.1	k141_39860	18402	93.333	75	5	113
MW435436.1	k141_39860	18402	93.333	75	5	113
MW435436.1	k141_39094	465	96.983	464	14	774
MW435436.1	k141_39094	465	96.983	464	14	774
MW435436.1	k141_32516	1839	74.726	1187	255	762
MW435436.1	k141_32516	1839	74.726	1187	255	762
MW435436.1	k141_58922	398	96.734	398	13	660
MW435436.1	k141_58922	398	96.734	398	13	660
MW435436.1	k141_39406	9126	70.833	912	200	416
MW435436.1	k141_39406	9126	70.833	912	200	416
MW435436.1	k141_39406	9126	74.034	466	101	273
MW435436.1	k141_39406	9126	74.034	466	101	273
MW435436.1	k141_39406	9126	78.246	285	60	228
MW435436.1	k141_39406	9126	78.246	285	60	228
MW435436.1	k141_39406	9126	88.525	61	7	79.7
MW435436.1	k141_39406	9126	88.525	61	7	79.7
MW435436.1	k141_48390	540	76.128	532	112	379
MW435436.1	k141_48390	540	76.128	532	112	379
MW435436.1	k141_64833	657	75.712	527	113	370
MW435436.1	k141_64833	657	75.712	527	113	370
MW435436.1	k141_58222	14164	67.433	783	212	248
MW435436.1	k141_43820	370	81.048	248	46	233
MW435436.1	k141_43820	370	81.048	248	46	233
MW435436.1	k141_68044	607	72.340	423	106	219
MW435436.1	k141_68044	607	72.340	423	106	219
MW435436.1	k141_68044	607	82.895	76	13	79.7
MW435436.1	k141_68044	607	82.895	76	13	79.7
MW435436.1	k141_22238	423	96.203	79	3	130
MW435436.1	k141_22238	423	96.203	79	3	130
MW435436.1	k141_9380	437	68.437	339	102	121
MW435436.1	k141_58140	582	78.472	144	31	121
MW435436.1	k141_46885	646	93.506	77	5	117
MW435436.1	k141_46885	646	93.506	77	5	117
MW435436.1	k141_60338	3091	72.778	180	49	104
MW435436.1	k141_60338	3091	72.778	180	49	104
MW435436.1	k141_14448	10763	70.142	211	54	92.4
MW435436.1	k141_11295	493	97.619	42	1	72.5
MW435436.1	k141_11295	493	97.619	42	1	72.5
MW435436.1	k141_36304	420	76.543	81	19	61.7
MW435436.1	k141_12330	33856	74.157	89	23	58.1
MW435436.1	k141_12330	33856	74.157	89	23	58.1
MW435436.1	k141_49365	25048	71.622	74	21	40.1
MW435436.1	k141_49365	25048	71.622	74	21	40.1
NC_037882.1	k141_19218	16621	88.258	3960	293	5038
NC_037882.1	k141_19218	16621	88.258	3960	293	5038
NC_037882.1	k141_19218	16621	82.236	4509	530	4414
NC_037882.1	k141_19218	16621	82.236	4509	530	4414
NC_037882.1	k141_19218	16621	75.649	1310	319	925
NC_037882.1	k141_19218	16621	77.596	183	22	145
NC_037882.1	k141_19218	16621	77.596	183	22	145
NC_037882.1	k141_19218	16621	82.474	97	12	95.1
NC_037882.1	k141_19218	16621	82.474	97	12	95.1
NC_037882.1	k141_19218	16621	68.421	247	69	89.7
NC_037882.1	k141_26724	107904	84.661	4531	691	5024
NC_037882.1	k141_26724	107904	85.778	2475	352	2877
NC_037882.1	k141_26724	107904	71.504	3804	993	1848
NC_037882.1	k141_26724	107904	81.019	1865	351	1766
NC_037882.1	k141_26724	107904	77.657	2108	444	1676
NC_037882.1	k141_26724	107904	84.584	1492	225	1645
NC_037882.1	k141_26724	107904	78.771	1757	366	1471
NC_037882.1	k141_26724	107904	74.004	2258	469	1411
NC_037882.1	k141_26724	107904	74.004	2258	469	1411
NC_037882.1	k141_26724	107904	88.412	1096	122	1405
NC_037882.1	k141_26724	107904	74.943	1748	391	1144
NC_037882.1	k141_26724	107904	80.933	965	184	911
NC_037882.1	k141_26724	107904	73.605	1470	259	902
NC_037882.1	k141_26724	107904	73.605	1470	259	902
NC_037882.1	k141_26724	107904	74.338	1360	330	866
NC_037882.1	k141_26724	107904	74.918	1216	265	796
NC_037882.1	k141_26724	107904	77.861	935	201	755
NC_037882.1	k141_26724	107904	81.702	705	126	689
NC_037882.1	k141_26724	107904	70.427	1498	307	661
NC_037882.1	k141_26724	107904	71.503	1337	352	657
NC_037882.1	k141_26724	107904	77.472	799	137	610
NC_037882.1	k141_26724	107904	77.455	723	157	557
NC_037882.1	k141_26724	107904	74.415	727	182	468
NC_037882.1	k141_26724	107904	77.645	501	107	386
NC_037882.1	k141_26724	107904	73.028	634	152	359
NC_037882.1	k141_26724	107904	70.324	802	222	352
NC_037882.1	k141_26724	107904	72.939	558	151	326
NC_037882.1	k141_26724	107904	71.499	607	166	299
NC_037882.1	k141_26724	107904	71.031	611	175	297
NC_037882.1	k141_26724	107904	73.846	455	94	289
NC_037882.1	k141_26724	107904	81.944	288	52	286
NC_037882.1	k141_26724	107904	78.981	314	66	269
NC_037882.1	k141_26724	107904	78.710	310	66	262
NC_037882.1	k141_26724	107904	85.253	217	32	248
NC_037882.1	k141_26724	107904	79.654	231	47	205
NC_037882.1	k141_26724	107904	77.220	259	52	204
NC_037882.1	k141_26724	107904	79.464	224	39	190
NC_037882.1	k141_26724	107904	68.337	499	149	178
NC_037882.1	k141_26724	107904	75.104	241	55	165
NC_037882.1	k141_26724	107904	87.050	139	10	159
NC_037882.1	k141_26724	107904	66.473	689	147	156
NC_037882.1	k141_26724	107904	71.519	316	82	154
NC_037882.1	k141_26724	107904	83.916	143	22	151
NC_037882.1	k141_26724	107904	85.385	130	13	146
NC_037882.1	k141_26724	107904	92.708	96	7	142
NC_037882.1	k141_26724	107904	83.333	132	22	140
NC_037882.1	k141_26724	107904	97.468	79	2	134
NC_037882.1	k141_26724	107904	66.057	492	139	133
NC_037882.1	k141_26724	107904	66.057	492	139	133
NC_037882.1	k141_26724	107904	79.874	159	29	132
NC_037882.1	k141_26724	107904	93.902	82	5	126
NC_037882.1	k141_26724	107904	90.426	94	8	126
NC_037882.1	k141_26724	107904	70.066	304	51	125
NC_037882.1	k141_26724	107904	94.937	79	4	125
NC_037882.1	k141_26724	107904	81.746	126	23	124
NC_037882.1	k141_26724	107904	75.723	173	40	121
NC_037882.1	k141_26724	107904	93.590	78	5	119
NC_037882.1	k141_26724	107904	89.773	88	7	116
NC_037882.1	k141_26724	107904	94.595	74	4	116
NC_037882.1	k141_26724	107904	87.912	91	11	115
NC_037882.1	k141_26724	107904	85.577	104	12	114
NC_037882.1	k141_26724	107904	94.366	71	4	111
NC_037882.1	k141_26724	107904	79.365	126	26	111
NC_037882.1	k141_26724	107904	89.024	82	9	108
NC_037882.1	k141_26724	107904	89.024	82	9	108
NC_037882.1	k141_26724	107904	90.789	76	7	106
NC_037882.1	k141_26724	107904	90.789	76	7	106
NC_037882.1	k141_26724	107904	72.170	212	53	104
NC_037882.1	k141_26724	107904	78.295	129	25	101
NC_037882.1	k141_26724	107904	73.750	160	42	100
NC_037882.1	k141_26724	107904	80.000	110	18	95.1
NC_037882.1	k141_26724	107904	76.147	109	26	80.6
NC_037882.1	k141_26724	107904	65.545	505	113	78.8
NC_037882.1	k141_26724	107904	75.701	107	26	77.0
NC_037882.1	k141_26724	107904	85.417	48	7	56.3
NC_037882.1	k141_26724	107904	85.417	48	7	56.3
NC_037882.1	k141_26724	107904	89.744	39	4	53.6
NC_037882.1	k141_26724	107904	77.419	62	14	50.0
NC_037882.1	k141_26724	107904	84.211	38	6	42.8
NC_037882.1	k141_39860	18402	80.536	1603	301	1486
NC_037882.1	k141_39860	18402	84.848	726	99	815
NC_037882.1	k141_39860	18402	70.701	1413	354	637
NC_037882.1	k141_39860	18402	83.894	565	84	602
NC_037882.1	k141_39860	18402	69.558	1199	269	518
NC_037882.1	k141_39860	18402	73.836	795	158	501
NC_037882.1	k141_39860	18402	79.449	472	97	415
NC_037882.1	k141_39860	18402	81.016	374	70	352
NC_037882.1	k141_39860	18402	70.953	661	187	323
NC_037882.1	k141_39860	18402	69.848	723	188	295
NC_037882.1	k141_39860	18402	69.848	723	188	295
NC_037882.1	k141_39860	18402	71.545	492	111	251
NC_037882.1	k141_39860	18402	67.145	767	195	218
NC_037882.1	k141_39860	18402	88.889	108	10	134
NC_037882.1	k141_39860	18402	77.333	150	32	115
NC_037882.1	k141_39860	18402	93.333	75	5	113
NC_037882.1	k141_39860	18402	93.333	75	5	113
NC_037882.1	k141_32516	1839	74.895	1187	253	771
NC_037882.1	k141_32516	1839	74.895	1187	253	771
NC_037882.1	k141_39094	465	94.572	479	11	756
NC_037882.1	k141_39094	465	94.572	479	11	756
NC_037882.1	k141_58922	398	95.980	398	16	646
NC_037882.1	k141_58922	398	95.980	398	16	646
NC_037882.1	k141_39406	9126	71.272	912	196	429
NC_037882.1	k141_39406	9126	71.272	912	196	429
NC_037882.1	k141_39406	9126	74.464	466	99	282
NC_037882.1	k141_39406	9126	74.464	466	99	282
NC_037882.1	k141_39406	9126	78.014	282	60	223
NC_037882.1	k141_39406	9126	78.014	282	60	223
NC_037882.1	k141_39406	9126	88.525	61	7	79.7
NC_037882.1	k141_39406	9126	88.525	61	7	79.7
NC_037882.1	k141_48390	540	75.752	532	114	370
NC_037882.1	k141_48390	540	75.752	532	114	370
NC_037882.1	k141_64833	657	75.522	527	114	365
NC_037882.1	k141_64833	657	75.522	527	114	365
NC_037882.1	k141_58222	14164	68.885	646	195	256
NC_037882.1	k141_58222	14164	74.026	77	20	50.0
NC_037882.1	k141_43820	370	81.452	248	45	237
NC_037882.1	k141_43820	370	81.452	248	45	237
NC_037882.1	k141_68044	607	72.340	423	106	219
NC_037882.1	k141_68044	607	72.340	423	106	219
NC_037882.1	k141_68044	607	80.233	86	17	79.7
NC_037882.1	k141_68044	607	80.233	86	17	79.7
NC_037882.1	k141_22238	423	96.203	79	3	130
NC_037882.1	k141_22238	423	96.203	79	3	130
NC_037882.1	k141_58140	582	78.912	147	29	119
NC_037882.1	k141_9380	437	68.098	326	101	118
NC_037882.1	k141_46885	646	93.506	77	5	117
NC_037882.1	k141_46885	646	93.506	77	5	117
NC_037882.1	k141_60338	3091	71.728	191	54	102
NC_037882.1	k141_60338	3091	71.728	191	54	102
NC_037882.1	k141_14448	10763	71.212	198	51	97.8
NC_037882.1	k141_12330	33856	65.842	404	122	81.5
NC_037882.1	k141_11295	493	97.619	42	1	72.5
NC_037882.1	k141_11295	493	97.619	42	1	72.5
NC_037882.1	k141_18394	372	89.796	49	5	67.1
NC_037882.1	k141_36304	420	75.309	81	20	57.2
NC_037882.1	k141_49365	25048	78.723	47	10	41.0
NC_037882.1	k141_49365	25048	78.723	47	10	41.0
NC_056190.1	k141_19218	16621	88.800	3884	303	5005
NC_056190.1	k141_19218	16621	88.800	3884	303	5005
NC_056190.1	k141_19218	16621	81.804	4369	505	4241
NC_056190.1	k141_19218	16621	81.804	4369	505	4241
NC_056190.1	k141_19218	16621	91.398	93	6	130
NC_056190.1	k141_19218	16621	91.398	93	6	130
NC_056190.1	k141_19218	16621	71.809	188	27	93.3
NC_056190.1	k141_19218	16621	71.809	188	27	93.3
NC_056190.1	k141_26724	107904	83.971	4548	727	4909
NC_056190.1	k141_26724	107904	85.502	2490	361	2864
NC_056190.1	k141_26724	107904	70.705	3772	1022	1716
NC_056190.1	k141_26724	107904	79.784	1855	372	1654
NC_056190.1	k141_26724	107904	76.912	2105	457	1600
NC_056190.1	k141_26724	107904	83.367	1491	243	1567
NC_056190.1	k141_26724	107904	74.314	2258	462	1429
NC_056190.1	k141_26724	107904	74.314	2258	462	1429
NC_056190.1	k141_26724	107904	88.615	1054	120	1361
NC_056190.1	k141_26724	107904	77.273	1738	369	1342
NC_056190.1	k141_26724	107904	73.673	1470	274	896
NC_056190.1	k141_26724	107904	73.673	1470	274	896
NC_056190.1	k141_26724	107904	78.947	988	207	841
NC_056190.1	k141_26724	107904	73.001	1363	343	786
NC_056190.1	k141_26724	107904	81.983	716	120	710
NC_056190.1	k141_26724	107904	77.512	836	162	630
NC_056190.1	k141_26724	107904	70.650	1339	363	617
NC_056190.1	k141_26724	107904	70.668	1466	322	614
NC_056190.1	k141_26724	107904	74.116	707	180	449
NC_056190.1	k141_26724	107904	70.703	925	200	444
NC_056190.1	k141_26724	107904	74.887	665	165	440
NC_056190.1	k141_26724	107904	73.676	642	149	379
NC_056190.1	k141_26724	107904	70.133	827	227	352
NC_056190.1	k141_26724	107904	71.000	700	168	334
NC_056190.1	k141_26724	107904	70.418	693	195	304
NC_056190.1	k141_26724	107904	73.362	473	102	294
NC_056190.1	k141_26724	107904	84.291	261	41	287
NC_056190.1	k141_26724	107904	71.174	562	162	284
NC_056190.1	k141_26724	107904	79.032	310	65	267
NC_056190.1	k141_26724	107904	72.429	457	103	251
NC_056190.1	k141_26724	107904	68.534	696	210	250
NC_056190.1	k141_26724	107904	78.041	296	63	239
NC_056190.1	k141_26724	107904	72.840	324	78	193
NC_056190.1	k141_26724	107904	75.000	248	31	187
NC_056190.1	k141_26724	107904	78.355	231	43	185
NC_056190.1	k141_26724	107904	77.778	225	50	181
NC_056190.1	k141_26724	107904	83.333	162	27	171
NC_056190.1	k141_26724	107904	68.507	489	124	170
NC_056190.1	k141_26724	107904	79.459	185	38	163
NC_056190.1	k141_26724	107904	90.833	120	6	163
NC_056190.1	k141_26724	107904	69.653	346	58	162
NC_056190.1	k141_26724	107904	71.835	316	81	159
NC_056190.1	k141_26724	107904	85.401	137	18	155
NC_056190.1	k141_26724	107904	74.486	243	60	152
NC_056190.1	k141_26724	107904	92.929	99	7	148
NC_056190.1	k141_26724	107904	68.765	429	115	142
NC_056190.1	k141_26724	107904	68.765	429	115	142
NC_056190.1	k141_26724	107904	81.884	138	23	134
NC_056190.1	k141_26724	107904	79.268	164	31	132
NC_056190.1	k141_26724	107904	90.526	95	9	132
NC_056190.1	k141_26724	107904	68.205	390	84	132
NC_056190.1	k141_26724	107904	85.321	109	16	125
NC_056190.1	k141_26724	107904	93.750	80	5	123
NC_056190.1	k141_26724	107904	74.372	199	45	122
NC_056190.1	k141_26724	107904	91.860	86	6	121
NC_056190.1	k141_26724	107904	89.247	93	8	121
NC_056190.1	k141_26724	107904	76.398	161	38	120
NC_056190.1	k141_26724	107904	92.593	81	6	120
NC_056190.1	k141_26724	107904	95.890	73	3	119
NC_056190.1	k141_26724	107904	86.538	104	11	119
NC_056190.1	k141_26724	107904	70.612	245	72	118
NC_056190.1	k141_26724	107904	85.047	107	15	118
NC_056190.1	k141_26724	107904	94.595	74	4	116
NC_056190.1	k141_26724	107904	87.912	91	11	115
NC_056190.1	k141_26724	107904	93.243	74	5	112
NC_056190.1	k141_26724	107904	93.151	73	5	110
NC_056190.1	k141_26724	107904	89.024	82	9	108
NC_056190.1	k141_26724	107904	89.024	82	9	108
NC_056190.1	k141_26724	107904	90.789	76	7	106
NC_056190.1	k141_26724	107904	91.781	73	6	105
NC_056190.1	k141_26724	107904	83.333	96	16	102
NC_056190.1	k141_26724	107904	76.642	137	29	97.8
NC_056190.1	k141_26724	107904	80.000	110	18	95.1
NC_056190.1	k141_26724	107904	76.692	133	24	94.2
NC_056190.1	k141_26724	107904	74.400	125	32	82.4
NC_056190.1	k141_26724	107904	87.500	48	6	60.8
NC_056190.1	k141_26724	107904	87.500	48	6	60.8
NC_056190.1	k141_26724	107904	89.744	39	4	53.6
NC_056190.1	k141_26724	107904	77.419	62	14	50.0
NC_056190.1	k141_26724	107904	79.245	53	11	47.3
NC_056190.1	k141_26724	107904	84.211	38	6	42.8
NC_056190.1	k141_39860	18402	80.138	1596	310	1447
NC_056190.1	k141_39860	18402	84.123	718	111	780
NC_056190.1	k141_39860	18402	83.957	561	83	600
NC_056190.1	k141_39860	18402	75.203	863	181	572
NC_056190.1	k141_39860	18402	70.364	1127	287	502
NC_056190.1	k141_39860	18402	80.042	471	93	423
NC_056190.1	k141_39860	18402	67.915	1228	318	413
NC_056190.1	k141_39860	18402	67.915	1228	318	413
NC_056190.1	k141_39860	18402	77.629	523	110	409
NC_056190.1	k141_39860	18402	80.697	373	72	349
NC_056190.1	k141_39860	18402	69.552	647	190	272
NC_056190.1	k141_39860	18402	71.459	466	102	233
NC_056190.1	k141_39860	18402	65.819	1062	263	225
NC_056190.1	k141_39860	18402	88.235	102	7	131
NC_056190.1	k141_39860	18402	93.333	75	5	113
NC_056190.1	k141_39860	18402	93.333	75	5	113
NC_056190.1	k141_39860	18402	80.357	112	19	97.8
NC_056190.1	k141_32516	1839	74.726	1187	255	762
NC_056190.1	k141_32516	1839	74.726	1187	255	762
NC_056190.1	k141_39094	465	95.474	464	21	743
NC_056190.1	k141_39094	465	95.474	464	21	743
NC_056190.1	k141_58922	398	93.719	398	25	606
NC_056190.1	k141_58922	398	93.719	398	25	606
NC_056190.1	k141_39406	9126	71.398	923	198	440
NC_056190.1	k141_39406	9126	71.398	923	198	440
NC_056190.1	k141_39406	9126	74.034	466	101	273
NC_056190.1	k141_39406	9126	74.034	466	101	273
NC_056190.1	k141_39406	9126	77.544	285	62	219
NC_056190.1	k141_39406	9126	77.544	285	62	219
NC_056190.1	k141_39406	9126	88.525	61	7	79.7
NC_056190.1	k141_39406	9126	88.525	61	7	79.7
NC_056190.1	k141_48390	540	75.564	532	115	365
NC_056190.1	k141_48390	540	75.564	532	115	365
NC_056190.1	k141_64833	657	75.522	527	114	365
NC_056190.1	k141_64833	657	75.522	527	114	365
NC_056190.1	k141_58222	14164	67.939	786	207	278
NC_056190.1	k141_43820	370	81.452	248	45	237
NC_056190.1	k141_43820	370	81.452	248	45	237
NC_056190.1	k141_68044	607	72.038	422	108	216
NC_056190.1	k141_68044	607	72.038	422	108	216
NC_056190.1	k141_68044	607	80.233	86	17	79.7
NC_056190.1	k141_68044	607	80.233	86	17	79.7
NC_056190.1	k141_22238	423	96.203	79	3	130
NC_056190.1	k141_22238	423	96.203	79	3	130
NC_056190.1	k141_9380	437	68.807	327	97	122
NC_056190.1	k141_46885	646	93.506	77	5	117
NC_056190.1	k141_46885	646	93.506	77	5	117
NC_056190.1	k141_58140	582	77.397	146	33	115
NC_056190.1	k141_14448	10763	71.357	199	51	99.6
NC_056190.1	k141_60338	3091	70.681	191	56	93.3
NC_056190.1	k141_60338	3091	70.681	191	56	93.3
NC_056190.1	k141_11295	493	97.619	42	1	72.5
NC_056190.1	k141_11295	493	97.619	42	1	72.5
NC_056190.1	k141_36304	420	73.750	80	21	50.9
NC_056190.1	k141_49365	25048	71.250	80	23	41.9
NC_056190.1	k141_49365	25048	71.250	80	23	41.9
MN564931.1	k141_19218	16621	87.950	3917	295	4925
MN564931.1	k141_19218	16621	87.950	3917	295	4925
MN564931.1	k141_19218	16621	81.651	4409	525	4241
MN564931.1	k141_19218	16621	81.651	4409	525	4241
MN564931.1	k141_19218	16621	76.759	1222	278	911
MN564931.1	k141_19218	16621	93.590	78	5	119
MN564931.1	k141_19218	16621	93.590	78	5	119
MN564931.1	k141_19218	16621	71.809	188	33	87.8
MN564931.1	k141_19218	16621	71.809	188	33	87.8
MN564931.1	k141_26724	107904	83.768	4565	731	4870
MN564931.1	k141_26724	107904	83.542	2473	407	2626
MN564931.1	k141_26724	107904	70.700	3802	1017	1724
MN564931.1	k141_26724	107904	83.266	1494	246	1563
MN564931.1	k141_26724	107904	79.031	1817	378	1558
MN564931.1	k141_26724	107904	76.328	2108	465	1538
MN564931.1	k141_26724	107904	75.583	2101	479	1435
MN564931.1	k141_26724	107904	73.938	2260	469	1403
MN564931.1	k141_26724	107904	73.938	2260	469	1403
MN564931.1	k141_26724	107904	87.884	1073	130	1350
MN564931.1	k141_26724	107904	74.409	1735	411	1090
MN564931.1	k141_26724	107904	73.670	1466	272	890
MN564931.1	k141_26724	107904	73.670	1466	272	890
MN564931.1	k141_26724	107904	79.236	968	198	838
MN564931.1	k141_26724	107904	73.328	1361	342	806
MN564931.1	k141_26724	107904	74.793	1210	270	785
MN564931.1	k141_26724	107904	82.511	709	121	719
MN564931.1	k141_26724	107904	76.749	929	214	695
MN564931.1	k141_26724	107904	71.803	1337	354	688
MN564931.1	k141_26724	107904	76.163	860	156	627
MN564931.1	k141_26724	107904	78.490	702	149	579
MN564931.1	k141_26724	107904	69.104	1518	306	541
MN564931.1	k141_26724	107904	74.175	697	173	439
MN564931.1	k141_26724	107904	74.230	617	141	390
MN564931.1	k141_26724	107904	77.132	516	113	386
MN564931.1	k141_26724	107904	70.375	827	215	334
MN564931.1	k141_26724	107904	72.890	557	151	324
MN564931.1	k141_26724	107904	82.550	298	43	294
MN564931.1	k141_26724	107904	70.942	616	164	282
MN564931.1	k141_26724	107904	79.677	310	63	276
MN564931.1	k141_26724	107904	77.389	314	71	247
MN564931.1	k141_26724	107904	72.973	407	86	224
MN564931.1	k141_26724	107904	77.122	271	61	206
MN564931.1	k141_26724	107904	80.184	217	43	198
MN564931.1	k141_26724	107904	78.475	223	37	192
MN564931.1	k141_26724	107904	65.898	997	213	187
MN564931.1	k141_26724	107904	77.333	225	51	177
MN564931.1	k141_26724	107904	75.620	242	54	167
MN564931.1	k141_26724	107904	67.537	536	151	163
MN564931.1	k141_26724	107904	85.612	139	15	161
MN564931.1	k141_26724	107904	69.805	308	52	147
MN564931.1	k141_26724	107904	80.606	165	28	144
MN564931.1	k141_26724	107904	70.497	322	81	139
MN564931.1	k141_26724	107904	86.726	113	15	137
MN564931.1	k141_26724	107904	90.722	97	9	135
MN564931.1	k141_26724	107904	96.203	79	3	130
MN564931.1	k141_26724	107904	80.851	141	26	130
MN564931.1	k141_26724	107904	96.203	79	3	130
MN564931.1	k141_26724	107904	97.297	74	2	125
MN564931.1	k141_26724	107904	96.053	76	3	124
MN564931.1	k141_26724	107904	70.946	296	62	123
MN564931.1	k141_26724	107904	84.071	113	15	122
MN564931.1	k141_26724	107904	95.775	71	3	115
MN564931.1	k141_26724	107904	76.282	156	37	115
MN564931.1	k141_26724	107904	87.879	99	8	115
MN564931.1	k141_26724	107904	80.328	122	24	113
MN564931.1	k141_26724	107904	94.444	72	4	113
MN564931.1	k141_26724	107904	89.024	82	9	108
MN564931.1	k141_26724	107904	89.024	82	9	108
MN564931.1	k141_26724	107904	86.517	89	12	107
MN564931.1	k141_26724	107904	90.789	76	7	106
MN564931.1	k141_26724	107904	80.328	122	22	105
MN564931.1	k141_26724	107904	79.661	118	23	102
MN564931.1	k141_26724	107904	79.661	118	23	102
MN564931.1	k141_26724	107904	83.333	96	16	102
MN564931.1	k141_26724	107904	90.411	73	7	101
MN564931.1	k141_26724	107904	80.180	111	16	94.2
MN564931.1	k141_26724	107904	77.982	109	24	89.7
MN564931.1	k141_26724	107904	72.222	126	35	70.7
MN564931.1	k141_26724	107904	97.436	39	1	67.1
MN564931.1	k141_26724	107904	87.500	48	6	60.8
MN564931.1	k141_26724	107904	87.500	48	6	60.8
MN564931.1	k141_26724	107904	92.308	39	3	58.1
MN564931.1	k141_26724	107904	77.419	62	14	50.0
MN564931.1	k141_26724	107904	82.979	47	8	50.0
MN564931.1	k141_39860	18402	80.063	1590	305	1432
MN564931.1	k141_39860	18402	69.332	2126	508	831
MN564931.1	k141_39860	18402	84.807	724	105	810
MN564931.1	k141_39860	18402	68.152	1953	478	655
MN564931.1	k141_39860	18402	82.862	566	88	570
MN564931.1	k141_39860	18402	71.137	1126	278	532
MN564931.1	k141_39860	18402	81.897	464	84	459
MN564931.1	k141_39860	18402	78.167	371	79	297
MN564931.1	k141_39860	18402	66.350	1052	326	296
MN564931.1	k141_39860	18402	71.694	484	113	237
MN564931.1	k141_39860	18402	64.946	1027	296	175
MN564931.1	k141_39860	18402	93.827	81	5	124
MN564931.1	k141_39860	18402	93.333	75	5	113
MN564931.1	k141_39860	18402	93.333	75	5	113
MN564931.1	k141_39860	18402	80.159	126	19	103
MN564931.1	k141_32516	1839	74.389	1187	259	748
MN564931.1	k141_32516	1839	74.389	1187	259	748
MN564931.1	k141_39094	465	89.009	464	42	607
MN564931.1	k141_39094	465	89.009	464	42	607
MN564931.1	k141_39406	9126	71.694	915	193	448
MN564931.1	k141_39406	9126	71.694	915	193	448
MN564931.1	k141_39406	9126	74.034	466	101	273
MN564931.1	k141_39406	9126	74.034	466	101	273
MN564931.1	k141_39406	9126	77.193	285	63	214
MN564931.1	k141_39406	9126	77.193	285	63	214
MN564931.1	k141_39406	9126	88.525	61	7	79.7
MN564931.1	k141_39406	9126	88.525	61	7	79.7
MN564931.1	k141_58922	398	83.951	405	47	441
MN564931.1	k141_58922	398	83.951	405	47	441
MN564931.1	k141_48390	540	76.136	528	119	373
MN564931.1	k141_48390	540	76.136	528	119	373
MN564931.1	k141_64833	657	74.953	527	117	352
MN564931.1	k141_64833	657	74.953	527	117	352
MN564931.1	k141_58222	14164	67.536	767	216	269
MN564931.1	k141_43820	370	81.452	248	45	237
MN564931.1	k141_43820	370	81.452	248	45	237
MN564931.1	k141_68044	607	72.000	425	106	215
MN564931.1	k141_68044	607	72.000	425	106	215
MN564931.1	k141_68044	607	82.895	76	13	79.7
MN564931.1	k141_68044	607	82.895	76	13	79.7
MN564931.1	k141_22238	423	96.203	79	3	130
MN564931.1	k141_22238	423	96.203	79	3	130
MN564931.1	k141_46885	646	93.506	77	5	117
MN564931.1	k141_46885	646	93.506	77	5	117
MN564931.1	k141_60338	3091	73.298	191	51	115
MN564931.1	k141_60338	3091	73.298	191	51	115
MN564931.1	k141_58140	582	76.821	151	33	108
MN564931.1	k141_9380	437	70.044	227	68	104
MN564931.1	k141_14448	10763	72.159	176	43	94.2
MN564931.1	k141_14448	10763	81.967	61	11	61.7
MN564931.1	k141_12330	33856	72.308	130	36	73.4
MN564931.1	k141_11295	493	97.619	42	1	72.5
MN564931.1	k141_11295	493	97.619	42	1	72.5
MN564931.1	k141_36304	420	77.778	81	18	66.2
MN564931.1	k141_49365	25048	72.500	80	22	46.4
MN564931.1	k141_49365	25048	72.500	80	22	46.4
MN564931.1	k141_42220	436	67.742	124	40	44.6
NC_031651.1	k141_19218	16621	90.225	3816	265	5149
NC_031651.1	k141_19218	16621	90.225	3816	265	5149
NC_031651.1	k141_19218	16621	82.262	4420	524	4356
NC_031651.1	k141_19218	16621	82.262	4420	524	4356
NC_031651.1	k141_19218	16621	76.720	1177	272	881
NC_031651.1	k141_19218	16621	77.714	175	21	139
NC_031651.1	k141_19218	16621	77.714	175	21	139
NC_031651.1	k141_19218	16621	66.912	272	78	74.3
NC_031651.1	k141_26724	107904	84.101	4560	715	4938
NC_031651.1	k141_26724	107904	84.797	2493	373	2780
NC_031651.1	k141_26724	107904	71.459	3777	985	1806
NC_031651.1	k141_26724	107904	79.806	1956	383	1731
NC_031651.1	k141_26724	107904	77.699	2112	434	1674
NC_031651.1	k141_26724	107904	83.839	1516	238	1618
NC_031651.1	k141_26724	107904	76.717	2126	446	1566
NC_031651.1	k141_26724	107904	74.484	2277	466	1461
NC_031651.1	k141_26724	107904	74.484	2277	466	1461
NC_031651.1	k141_26724	107904	88.433	1072	124	1375
NC_031651.1	k141_26724	107904	76.067	1851	394	1264
NC_031651.1	k141_26724	107904	74.132	1469	268	921
NC_031651.1	k141_26724	107904	74.132	1469	268	921
NC_031651.1	k141_26724	107904	75.557	1256	294	871
NC_031651.1	k141_26724	107904	75.394	1207	267	820
NC_031651.1	k141_26724	107904	77.755	971	210	774
NC_031651.1	k141_26724	107904	84.255	705	108	770
NC_031651.1	k141_26724	107904	78.091	922	190	750
NC_031651.1	k141_26724	107904	71.471	1332	354	659
NC_031651.1	k141_26724	107904	78.019	828	159	649
NC_031651.1	k141_26724	107904	70.034	1485	325	605
NC_031651.1	k141_26724	107904	77.667	703	153	546
NC_031651.1	k141_26724	107904	75.960	703	152	486
NC_031651.1	k141_26724	107904	74.727	641	151	409
NC_031651.1	k141_26724	107904	78.351	485	103	395
NC_031651.1	k141_26724	107904	69.795	831	220	346
NC_031651.1	k141_26724	107904	72.222	558	155	308
NC_031651.1	k141_26724	107904	71.358	611	173	306
NC_031651.1	k141_26724	107904	70.354	678	188	297
NC_031651.1	k141_26724	107904	82.517	286	50	291
NC_031651.1	k141_26724	107904	80.128	312	58	279
NC_031651.1	k141_26724	107904	79.048	315	66	271
NC_031651.1	k141_26724	107904	85.714	217	31	252
NC_031651.1	k141_26724	107904	74.084	382	87	241
NC_031651.1	k141_26724	107904	66.571	1047	218	236
NC_031651.1	k141_26724	107904	67.388	693	171	209
NC_031651.1	k141_26724	107904	69.957	466	133	194
NC_031651.1	k141_26724	107904	77.253	233	53	182
NC_031651.1	k141_26724	107904	78.673	211	39	175
NC_031651.1	k141_26724	107904	75.934	241	53	169
NC_031651.1	k141_26724	107904	74.131	259	61	167
NC_031651.1	k141_26724	107904	86.301	146	10	165
NC_031651.1	k141_26724	107904	82.069	145	26	145
NC_031651.1	k141_26724	107904	88.288	111	13	142
NC_031651.1	k141_26724	107904	92.473	93	7	137
NC_031651.1	k141_26724	107904	83.465	127	21	135
NC_031651.1	k141_26724	107904	85.345	116	17	133
NC_031651.1	k141_26724	107904	91.579	95	7	132
NC_031651.1	k141_26724	107904	83.969	131	18	132
NC_031651.1	k141_26724	107904	95.062	81	4	129
NC_031651.1	k141_26724	107904	78.481	158	33	129
NC_031651.1	k141_26724	107904	68.369	509	113	128
NC_031651.1	k141_26724	107904	90.323	93	7	125
NC_031651.1	k141_26724	107904	95.946	74	3	121
NC_031651.1	k141_26724	107904	86.869	99	11	118
NC_031651.1	k141_26724	107904	72.864	199	48	117
NC_031651.1	k141_26724	107904	91.463	82	7	117
NC_031651.1	k141_26724	107904	95.833	72	3	117
NC_031651.1	k141_26724	107904	94.595	74	4	116
NC_031651.1	k141_26724	107904	94.595	74	4	116
NC_031651.1	k141_26724	107904	86.458	96	13	115
NC_031651.1	k141_26724	107904	64.380	685	190	113
NC_031651.1	k141_26724	107904	64.380	685	190	113
NC_031651.1	k141_26724	107904	90.244	82	8	113
NC_031651.1	k141_26724	107904	90.244	82	8	113
NC_031651.1	k141_26724	107904	91.250	80	6	110
NC_031651.1	k141_26724	107904	92.000	75	6	109
NC_031651.1	k141_26724	107904	78.571	126	27	106
NC_031651.1	k141_26724	107904	78.358	134	26	105
NC_031651.1	k141_26724	107904	90.411	73	7	101
NC_031651.1	k141_26724	107904	89.189	74	8	98.7
NC_031651.1	k141_26724	107904	76.984	126	29	97.8
NC_031651.1	k141_26724	107904	82.609	92	14	92.4
NC_031651.1	k141_26724	107904	75.806	124	22	87.8
NC_031651.1	k141_26724	107904	94.545	55	3	86.9
NC_031651.1	k141_26724	107904	72.477	109	30	62.6
NC_031651.1	k141_26724	107904	90.476	42	4	59.0
NC_031651.1	k141_26724	107904	90.476	42	4	59.0
NC_031651.1	k141_26724	107904	77.419	62	14	50.0
NC_031651.1	k141_26724	107904	84.211	38	6	42.8
NC_031651.1	k141_39860	18402	81.182	1573	290	1504
NC_031651.1	k141_39860	18402	87.443	653	82	809
NC_031651.1	k141_39860	18402	69.355	1860	465	745
NC_031651.1	k141_39860	18402	69.355	1860	465	745
NC_031651.1	k141_39860	18402	83.130	575	89	594
NC_031651.1	k141_39860	18402	69.413	1432	365	557
NC_031651.1	k141_39860	18402	80.498	482	87	444
NC_031651.1	k141_39860	18402	81.395	387	71	370
NC_031651.1	k141_39860	18402	71.407	661	181	334
NC_031651.1	k141_39860	18402	70.058	688	152	307
NC_031651.1	k141_39860	18402	72.321	448	105	244
NC_031651.1	k141_39860	18402	69.193	409	120	167
NC_031651.1	k141_39860	18402	93.827	81	5	124
NC_031651.1	k141_39860	18402	80.000	130	26	118
NC_031651.1	k141_39860	18402	93.243	74	5	112
NC_031651.1	k141_39860	18402	93.243	74	5	112
NC_031651.1	k141_39860	18402	81.250	112	19	105
NC_031651.1	k141_32516	1839	74.979	1187	252	775
NC_031651.1	k141_32516	1839	74.979	1187	252	775
NC_031651.1	k141_39094	465	96.104	462	18	753
NC_031651.1	k141_39094	465	96.104	462	18	753
NC_031651.1	k141_58922	398	94.975	398	20	628
NC_031651.1	k141_58922	398	94.975	398	20	628
NC_031651.1	k141_39406	9126	71.585	915	194	448
NC_031651.1	k141_39406	9126	71.585	915	194	448
NC_031651.1	k141_39406	9126	74.249	466	100	282
NC_031651.1	k141_39406	9126	74.249	466	100	282
NC_031651.1	k141_39406	9126	77.895	285	61	224
NC_031651.1	k141_39406	9126	77.895	285	61	224
NC_031651.1	k141_39406	9126	88.525	61	7	79.7
NC_031651.1	k141_39406	9126	88.525	61	7	79.7
NC_031651.1	k141_48390	540	75.940	532	113	374
NC_031651.1	k141_48390	540	75.940	532	113	374
NC_031651.1	k141_64833	657	75.332	527	115	361
NC_031651.1	k141_64833	657	75.332	527	115	361
NC_031651.1	k141_58222	14164	70.308	650	179	275
NC_031651.1	k141_58222	14164	73.333	90	24	55.4
NC_031651.1	k141_43820	370	81.452	248	45	237
NC_031651.1	k141_43820	370	81.452	248	45	237
NC_031651.1	k141_68044	607	72.170	424	105	214
NC_031651.1	k141_68044	607	72.170	424	105	214
NC_031651.1	k141_68044	607	82.895	76	13	79.7
NC_031651.1	k141_68044	607	82.895	76	13	79.7
NC_031651.1	k141_58140	582	80.137	146	29	133
NC_031651.1	k141_22238	423	96.203	79	3	130
NC_031651.1	k141_22238	423	96.203	79	3	130
NC_031651.1	k141_60338	3091	73.298	191	51	115
NC_031651.1	k141_60338	3091	73.298	191	51	115
NC_031651.1	k141_9380	437	67.160	338	108	108
NC_031651.1	k141_46885	646	90.909	77	7	108
NC_031651.1	k141_46885	646	90.909	77	7	108
NC_031651.1	k141_14448	10763	70.954	241	58	108
NC_031651.1	k141_12330	33856	65.957	376	112	80.6
NC_031651.1	k141_11295	493	97.619	42	1	72.5
NC_031651.1	k141_11295	493	97.619	42	1	72.5
NC_031651.1	k141_36304	420	77.778	81	18	66.2
NC_031651.1	k141_49365	25048	71.250	80	23	41.9
NC_031651.1	k141_49365	25048	71.250	80	23	41.9
MW366789.1	k141_26724	107904	84.565	4574	697	5057
MW366789.1	k141_26724	107904	84.565	4574	697	5057
MW366789.1	k141_26724	107904	85.012	2482	372	2800
MW366789.1	k141_26724	107904	79.094	1899	392	1631
MW366789.1	k141_26724	107904	70.218	3801	1002	1621
MW366789.1	k141_26724	107904	84.122	1480	229	1598
MW366789.1	k141_26724	107904	74.517	2327	495	1481
MW366789.1	k141_26724	107904	74.517	2327	495	1481
MW366789.1	k141_26724	107904	79.446	1552	318	1358
MW366789.1	k141_26724	107904	88.458	1057	122	1357
MW366789.1	k141_26724	107904	73.263	2259	492	1317
MW366789.1	k141_26724	107904	73.263	2259	492	1317
MW366789.1	k141_26724	107904	73.502	1853	441	1066
MW366789.1	k141_26724	107904	73.360	1723	399	980
MW366789.1	k141_26724	107904	75.487	1334	303	922
MW366789.1	k141_26724	107904	79.205	981	198	847
MW366789.1	k141_26724	107904	75.229	1199	269	795
MW366789.1	k141_26724	107904	75.229	1199	269	795
MW366789.1	k141_26724	107904	71.313	1485	313	716
MW366789.1	k141_26724	107904	71.313	1485	313	716
MW366789.1	k141_26724	107904	81.921	708	125	699
MW366789.1	k141_26724	107904	71.923	1357	334	673
MW366789.1	k141_26724	107904	76.859	834	163	608
MW366789.1	k141_26724	107904	68.893	1138	253	417
MW366789.1	k141_26724	107904	71.493	670	158	328
MW366789.1	k141_26724	107904	67.119	958	254	296
MW366789.1	k141_26724	107904	84.436	257	40	284
MW366789.1	k141_26724	107904	70.848	566	160	269
MW366789.1	k141_26724	107904	79.225	284	59	247
MW366789.1	k141_26724	107904	70.905	464	135	229
MW366789.1	k141_26724	107904	74.138	348	86	217
MW366789.1	k141_26724	107904	74.412	340	83	212
MW366789.1	k141_26724	107904	69.534	558	153	211
MW366789.1	k141_26724	107904	69.534	558	153	211
MW366789.1	k141_26724	107904	75.478	314	64	200
MW366789.1	k141_26724	107904	75.478	314	64	200
MW366789.1	k141_26724	107904	78.095	210	38	175
MW366789.1	k141_26724	107904	67.541	610	121	174
MW366789.1	k141_26724	107904	75.934	241	57	170
MW366789.1	k141_26724	107904	86.331	139	15	160
MW366789.1	k141_26724	107904	88.136	118	14	150
MW366789.1	k141_26724	107904	95.506	89	4	143
MW366789.1	k141_26724	107904	85.600	125	17	141
MW366789.1	k141_26724	107904	80.255	157	30	141
MW366789.1	k141_26724	107904	76.374	182	43	135
MW366789.1	k141_26724	107904	96.203	79	3	130
MW366789.1	k141_26724	107904	96.203	79	3	130
MW366789.1	k141_26724	107904	92.308	91	6	130
MW366789.1	k141_26724	107904	90.426	94	7	127
MW366789.1	k141_26724	107904	67.939	393	76	123
MW366789.1	k141_26724	107904	81.538	130	23	123
MW366789.1	k141_26724	107904	95.946	74	3	121
MW366789.1	k141_26724	107904	91.667	84	7	121
MW366789.1	k141_26724	107904	91.667	84	7	121
MW366789.1	k141_26724	107904	76.923	156	36	120
MW366789.1	k141_26724	107904	76.923	156	36	120
MW366789.1	k141_26724	107904	81.295	139	20	117
MW366789.1	k141_26724	107904	79.259	135	24	113
MW366789.1	k141_26724	107904	92.105	76	6	111
MW366789.1	k141_26724	107904	85.417	96	14	111
MW366789.1	k141_26724	107904	86.022	93	12	106
MW366789.1	k141_26724	107904	91.781	73	6	105
MW366789.1	k141_26724	107904	79.365	126	22	105
MW366789.1	k141_26724	107904	93.056	72	4	104
MW366789.1	k141_26724	107904	93.056	72	4	104
MW366789.1	k141_26724	107904	90.667	75	7	104
MW366789.1	k141_26724	107904	87.805	82	10	104
MW366789.1	k141_26724	107904	87.805	82	10	104
MW366789.1	k141_26724	107904	89.474	76	8	102
MW366789.1	k141_26724	107904	78.947	114	24	98.7
MW366789.1	k141_26724	107904	81.308	107	17	97.8
MW366789.1	k141_26724	107904	83.505	97	14	96.9
MW366789.1	k141_26724	107904	79.487	117	18	96.0
MW366789.1	k141_26724	107904	87.671	73	9	92.4
MW366789.1	k141_26724	107904	75.397	126	31	88.7
MW366789.1	k141_26724	107904	75.397	126	31	88.7
MW366789.1	k141_26724	107904	76.119	134	28	84.2
MW366789.1	k141_26724	107904	82.716	81	14	84.2
MW366789.1	k141_26724	107904	69.643	168	51	74.3
MW366789.1	k141_26724	107904	69.643	168	51	74.3
MW366789.1	k141_26724	107904	67.014	288	70	65.3
MW366789.1	k141_26724	107904	64.038	520	134	62.6
MW366789.1	k141_26724	107904	77.011	87	16	58.1
MW366789.1	k141_26724	107904	88.095	42	5	54.5
MW366789.1	k141_26724	107904	88.095	42	5	54.5
MW366789.1	k141_26724	107904	77.273	66	15	52.7
MW366789.1	k141_26724	107904	81.356	59	9	50.9
MW366789.1	k141_26724	107904	78.000	50	11	41.9
MW366789.1	k141_26724	107904	78.000	50	11	41.9
MW366789.1	k141_19218	16621	89.254	3471	294	4542
MW366789.1	k141_19218	16621	89.254	3471	294	4542
MW366789.1	k141_19218	16621	88.363	1753	142	2235
MW366789.1	k141_19218	16621	88.363	1753	142	2235
MW366789.1	k141_19218	16621	77.699	1269	183	973
MW366789.1	k141_19218	16621	77.699	1269	183	973
MW366789.1	k141_19218	16621	75.175	1289	318	875
MW366789.1	k141_19218	16621	76.938	529	60	411
MW366789.1	k141_19218	16621	76.938	529	60	411
MW366789.1	k141_19218	16621	90.345	145	6	202
MW366789.1	k141_19218	16621	90.345	145	6	202
MW366789.1	k141_19218	16621	74.879	207	32	135
MW366789.1	k141_19218	16621	74.879	207	32	135
MW366789.1	k141_19218	16621	94.667	75	4	118
MW366789.1	k141_19218	16621	94.667	75	4	118
MW366789.1	k141_19218	16621	93.421	76	5	115
MW366789.1	k141_19218	16621	73.684	190	30	109
MW366789.1	k141_19218	16621	73.684	190	30	109
MW366789.1	k141_19218	16621	73.684	190	30	109
MW366789.1	k141_39860	18402	79.123	1825	340	1535
MW366789.1	k141_39860	18402	85.933	654	92	765
MW366789.1	k141_39860	18402	71.027	1422	325	678
MW366789.1	k141_39860	18402	71.027	1422	325	678
MW366789.1	k141_39860	18402	81.481	567	96	549
MW366789.1	k141_39860	18402	81.646	474	86	460
MW366789.1	k141_39860	18402	77.480	373	84	295
MW366789.1	k141_39860	18402	68.172	465	102	182
MW366789.1	k141_39860	18402	78.365	208	39	174
MW366789.1	k141_39860	18402	77.404	208	41	160
MW366789.1	k141_39860	18402	78.378	185	32	157
MW366789.1	k141_39860	18402	78.378	185	32	157
MW366789.1	k141_39860	18402	79.874	159	23	133
MW366789.1	k141_39860	18402	71.483	263	72	131
MW366789.1	k141_39860	18402	71.483	263	72	131
MW366789.1	k141_39860	18402	64.870	538	136	131
MW366789.1	k141_39860	18402	90.244	82	8	113
MW366789.1	k141_39860	18402	90.244	82	8	113
MW366789.1	k141_39860	18402	80.000	45	9	41.9
MW366789.1	k141_39860	18402	80.000	45	9	41.9
MW366789.1	k141_32516	1839	74.202	1190	260	737
MW366789.1	k141_32516	1839	74.202	1190	260	737
MW366789.1	k141_39406	9126	70.923	932	201	433
MW366789.1	k141_39406	9126	70.923	932	201	433
MW366789.1	k141_39406	9126	74.893	466	99	289
MW366789.1	k141_39406	9126	74.893	466	99	289
MW366789.1	k141_39406	9126	91.803	61	5	88.7
MW366789.1	k141_39406	9126	91.803	61	5	88.7
MW366789.1	k141_39406	9126	90.164	61	6	84.2
MW366789.1	k141_39406	9126	90.164	61	6	84.2
MW366789.1	k141_48390	540	75.888	535	110	365
MW366789.1	k141_48390	540	75.888	535	110	365
MW366789.1	k141_48390	540	80.392	102	11	94.2
MW366789.1	k141_48390	540	80.392	102	11	94.2
MW366789.1	k141_64833	657	75.816	521	123	361
MW366789.1	k141_64833	657	75.816	521	123	361
MW366789.1	k141_58222	14164	67.389	831	230	265
MW366789.1	k141_43820	370	75.794	252	53	165
MW366789.1	k141_43820	370	75.794	252	53	165
MW366789.1	k141_58140	582	81.481	135	25	132
MW366789.1	k141_58140	582	81.481	135	25	132
MW366789.1	k141_14448	10763	74.874	199	44	131
MW366789.1	k141_46885	646	92.500	80	2	113
MW366789.1	k141_46885	646	92.500	80	2	113
MW366789.1	k141_22238	423	98.438	64	1	112
MW366789.1	k141_22238	423	98.438	64	1	112
MW366789.1	k141_60338	3091	73.446	177	47	108
MW366789.1	k141_60338	3091	73.446	177	47	108
MW366789.1	k141_9380	437	69.163	227	70	95.1
MW366789.1	k141_68044	607	82.895	76	13	79.7
MW366789.1	k141_68044	607	82.895	76	13	79.7
MW366789.1	k141_12330	33856	78.125	96	19	77.0
MW366789.1	k141_11295	493	97.619	42	1	72.5
MW366789.1	k141_11295	493	97.619	42	1	72.5
MW366789.1	k141_37406	43115	87.273	55	7	68.9
MW366789.1	k141_18394	372	92.683	41	3	61.7
MW366789.1	k141_36304	420	75.000	80	20	55.4
MW366789.1	k141_63667	556	82.500	40	7	41.9
MW366789.1	k141_63667	556	82.500	40	7	41.9
MW366789.1	k141_56127	827	82.500	40	7	41.9
MW366789.1	k141_56127	827	82.500	40	7	41.9
MW366789.1	k141_12422	512	82.500	40	7	41.9
MW366789.1	k141_12422	512	82.500	40	7	41.9
KT899950.1	k141_26724	107904	85.232	4564	664	5170
KT899950.1	k141_26724	107904	85.127	2481	369	2811
KT899950.1	k141_26724	107904	71.913	3806	971	1917
KT899950.1	k141_26724	107904	74.563	3035	590	1914
KT899950.1	k141_26724	107904	78.209	2111	430	1725
KT899950.1	k141_26724	107904	84.360	1477	228	1621
KT899950.1	k141_26724	107904	78.953	1758	358	1482
KT899950.1	k141_26724	107904	74.689	2252	469	1466
KT899950.1	k141_26724	107904	74.689	2252	469	1466
KT899950.1	k141_26724	107904	87.009	1070	139	1304
KT899950.1	k141_26724	107904	73.962	1855	412	1124
KT899950.1	k141_26724	107904	73.669	1747	416	1045
KT899950.1	k141_26724	107904	74.490	1470	270	925
KT899950.1	k141_26724	107904	74.490	1470	270	925
KT899950.1	k141_26724	107904	80.518	965	188	893
KT899950.1	k141_26724	107904	76.100	1205	264	856
KT899950.1	k141_26724	107904	73.402	1361	338	809
KT899950.1	k141_26724	107904	82.411	705	121	711
KT899950.1	k141_26724	107904	71.588	1348	332	661
KT899950.1	k141_26724	107904	75.704	959	191	650
KT899950.1	k141_26724	107904	70.250	1479	310	635
KT899950.1	k141_26724	107904	77.746	710	151	548
KT899950.1	k141_26724	107904	76.437	696	161	515
KT899950.1	k141_26724	107904	74.762	630	149	402
KT899950.1	k141_26724	107904	70.987	841	208	391
KT899950.1	k141_26724	107904	73.665	562	148	347
KT899950.1	k141_26724	107904	83.459	266	44	282
KT899950.1	k141_26724	107904	68.990	703	216	279
KT899950.1	k141_26724	107904	74.882	422	102	274
KT899950.1	k141_26724	107904	78.778	311	66	264
KT899950.1	k141_26724	107904	72.258	465	97	260
KT899950.1	k141_26724	107904	78.878	303	64	259
KT899950.1	k141_26724	107904	85.714	217	31	252
KT899950.1	k141_26724	107904	79.339	242	45	212
KT899950.1	k141_26724	107904	66.405	765	179	211
KT899950.1	k141_26724	107904	69.217	549	154	206
KT899950.1	k141_26724	107904	78.788	231	49	196
KT899950.1	k141_26724	107904	79.439	214	32	190
KT899950.1	k141_26724	107904	71.067	356	95	172
KT899950.1	k141_26724	107904	69.298	342	54	154
KT899950.1	k141_26724	107904	85.000	140	17	153
KT899950.1	k141_26724	107904	93.258	89	6	134
KT899950.1	k141_26724	107904	83.871	124	20	134
KT899950.1	k141_26724	107904	96.203	79	3	130
KT899950.1	k141_26724	107904	97.297	74	2	125
KT899950.1	k141_26724	107904	96.053	76	3	124
KT899950.1	k141_26724	107904	79.286	140	29	123
KT899950.1	k141_26724	107904	92.683	82	6	122
KT899950.1	k141_26724	107904	95.946	74	3	121
KT899950.1	k141_26724	107904	68.847	321	50	120
KT899950.1	k141_26724	107904	65.447	492	142	120
KT899950.1	k141_26724	107904	65.447	492	142	120
KT899950.1	k141_26724	107904	77.215	158	35	120
KT899950.1	k141_26724	107904	71.064	235	68	118
KT899950.1	k141_26724	107904	94.667	75	4	118
KT899950.1	k141_26724	107904	76.282	156	37	115
KT899950.1	k141_26724	107904	88.043	92	9	114
KT899950.1	k141_26724	107904	88.172	93	8	113
KT899950.1	k141_26724	107904	90.244	82	8	113
KT899950.1	k141_26724	107904	90.244	82	8	113
KT899950.1	k141_26724	107904	87.097	93	10	112
KT899950.1	k141_26724	107904	85.417	96	14	111
KT899950.1	k141_26724	107904	72.362	199	49	108
KT899950.1	k141_26724	107904	89.024	82	9	108
KT899950.1	k141_26724	107904	75.152	165	38	107
KT899950.1	k141_26724	107904	79.545	132	23	107
KT899950.1	k141_26724	107904	66.863	510	115	104
KT899950.1	k141_26724	107904	88.000	75	9	96.0
KT899950.1	k141_26724	107904	85.185	81	12	93.3
KT899950.1	k141_26724	107904	87.671	73	9	92.4
KT899950.1	k141_26724	107904	85.714	77	10	86.9
KT899950.1	k141_26724	107904	75.229	109	27	76.1
KT899950.1	k141_26724	107904	90.476	42	4	59.0
KT899950.1	k141_26724	107904	90.476	42	4	59.0
KT899950.1	k141_26724	107904	77.419	62	14	50.0
KT899950.1	k141_19218	16621	88.697	3937	295	5067
KT899950.1	k141_19218	16621	88.697	3937	295	5067
KT899950.1	k141_19218	16621	82.182	4501	533	4415
KT899950.1	k141_19218	16621	82.182	4501	533	4415
KT899950.1	k141_19218	16621	77.197	1320	291	1002
KT899950.1	k141_19218	16621	73.936	188	25	127
KT899950.1	k141_19218	16621	73.936	188	25	127
KT899950.1	k141_19218	16621	73.224	183	30	100
KT899950.1	k141_19218	16621	73.224	183	30	100
KT899950.1	k141_39860	18402	80.928	1594	296	1503
KT899950.1	k141_39860	18402	69.110	2224	537	896
KT899950.1	k141_39860	18402	85.083	724	103	820
KT899950.1	k141_39860	18402	69.152	1864	466	737
KT899950.1	k141_39860	18402	83.009	565	89	580
KT899950.1	k141_39860	18402	81.184	473	89	453
KT899950.1	k141_39860	18402	69.152	979	263	368
KT899950.1	k141_39860	18402	67.240	1105	307	366
KT899950.1	k141_39860	18402	80.577	381	74	354
KT899950.1	k141_39860	18402	81.421	366	63	345
KT899950.1	k141_39860	18402	66.345	1037	267	281
KT899950.1	k141_39860	18402	70.996	462	104	234
KT899950.1	k141_39860	18402	97.561	82	2	140
KT899950.1	k141_39860	18402	92.308	78	6	114
KT899950.1	k141_39860	18402	92.308	78	6	114
KT899950.1	k141_32516	1839	74.895	1187	253	771
KT899950.1	k141_32516	1839	74.895	1187	253	771
KT899950.1	k141_39094	465	96.552	464	16	765
KT899950.1	k141_39094	465	96.552	464	16	765
KT899950.1	k141_58922	398	94.221	398	23	615
KT899950.1	k141_58922	398	94.221	398	23	615
KT899950.1	k141_39406	9126	71.711	912	192	447
KT899950.1	k141_39406	9126	71.711	912	192	447
KT899950.1	k141_39406	9126	74.249	466	100	278
KT899950.1	k141_39406	9126	74.249	466	100	278
KT899950.1	k141_39406	9126	78.246	285	60	228
KT899950.1	k141_39406	9126	78.246	285	60	228
KT899950.1	k141_39406	9126	88.525	61	7	79.7
KT899950.1	k141_39406	9126	88.525	61	7	79.7
KT899950.1	k141_48390	540	75.797	533	112	364
KT899950.1	k141_48390	540	75.797	533	112	364
KT899950.1	k141_64833	657	75.332	527	115	361
KT899950.1	k141_64833	657	75.332	527	115	361
KT899950.1	k141_58222	14164	67.658	773	205	259
KT899950.1	k141_43820	370	81.855	248	44	242
KT899950.1	k141_43820	370	81.855	248	44	242
KT899950.1	k141_58140	582	82.759	145	23	142
KT899950.1	k141_22238	423	96.203	79	3	130
KT899950.1	k141_22238	423	96.203	79	3	130
KT899950.1	k141_46885	646	93.506	77	5	117
KT899950.1	k141_46885	646	93.506	77	5	117
KT899950.1	k141_14448	10763	73.232	198	47	115
KT899950.1	k141_9380	437	67.791	326	102	113
KT899950.1	k141_60338	3091	72.251	191	53	106
KT899950.1	k141_60338	3091	72.251	191	53	106
KT899950.1	k141_68044	607	82.895	76	13	79.7
KT899950.1	k141_68044	607	82.895	76	13	79.7
KT899950.1	k141_12330	33856	72.868	129	35	76.1
KT899950.1	k141_11295	493	97.619	42	1	72.5
KT899950.1	k141_11295	493	97.619	42	1	72.5
KT899950.1	k141_36304	420	77.500	80	18	64.4
KT899950.1	k141_49365	25048	78.723	47	10	41.0
KT899950.1	k141_49365	25048	78.723	47	10	41.0
KT899950.1	k141_37406	43115	83.784	37	6	41.0
GU191334.1	k141_19218	16621	90.971	3500	240	4875
GU191334.1	k141_19218	16621	90.971	3500	240	4875
GU191334.1	k141_19218	16621	83.390	3847	382	4010
GU191334.1	k141_19218	16621	83.390	3847	382	4010
GU191334.1	k141_19218	16621	76.066	1149	267	827
GU191334.1	k141_19218	16621	82.741	197	26	196
GU191334.1	k141_19218	16621	82.741	197	26	196
GU191334.1	k141_19218	16621	72.254	346	93	181
GU191334.1	k141_19218	16621	72.254	346	93	181
GU191334.1	k141_19218	16621	90.476	84	8	116
GU191334.1	k141_19218	16621	90.476	84	8	116
GU191334.1	k141_19218	16621	89.873	79	8	107
GU191334.1	k141_19218	16621	89.873	79	8	107
GU191334.1	k141_26724	107904	83.198	4553	762	4752
GU191334.1	k141_26724	107904	83.232	2475	415	2593
GU191334.1	k141_26724	107904	79.943	2104	382	1884
GU191334.1	k141_26724	107904	70.588	3757	1011	1708
GU191334.1	k141_26724	107904	80.044	1819	357	1636
GU191334.1	k141_26724	107904	76.331	2273	450	1627
GU191334.1	k141_26724	107904	84.164	1484	235	1618
GU191334.1	k141_26724	107904	88.421	1140	122	1448
GU191334.1	k141_26724	107904	70.175	3202	846	1379
GU191334.1	k141_26724	107904	77.031	1502	330	1141
GU191334.1	k141_26724	107904	77.871	1428	282	1128
GU191334.1	k141_26724	107904	72.317	1929	477	1042
GU191334.1	k141_26724	107904	74.592	1287	283	797
GU191334.1	k141_26724	107904	77.038	1006	212	755
GU191334.1	k141_26724	107904	81.408	710	132	686
GU191334.1	k141_26724	107904	76.419	916	186	665
GU191334.1	k141_26724	107904	72.392	1083	219	570
GU191334.1	k141_26724	107904	76.131	796	152	560
GU191334.1	k141_26724	107904	75.000	788	193	528
GU191334.1	k141_26724	107904	76.599	688	161	516
GU191334.1	k141_26724	107904	75.241	727	179	497
GU191334.1	k141_26724	107904	75.953	682	156	476
GU191334.1	k141_26724	107904	72.491	807	209	444
GU191334.1	k141_26724	107904	77.689	502	106	393
GU191334.1	k141_26724	107904	76.906	459	95	343
GU191334.1	k141_26724	107904	74.291	529	135	338
GU191334.1	k141_26724	107904	68.580	958	259	337
GU191334.1	k141_26724	107904	71.957	649	156	334
GU191334.1	k141_26724	107904	69.489	744	223	314
GU191334.1	k141_26724	107904	75.862	435	103	305
GU191334.1	k141_26724	107904	84.074	270	43	294
GU191334.1	k141_26724	107904	77.838	370	79	292
GU191334.1	k141_26724	107904	67.826	805	241	274
GU191334.1	k141_26724	107904	70.458	589	140	264
GU191334.1	k141_26724	107904	78.431	306	66	255
GU191334.1	k141_26724	107904	69.620	553	163	232
GU191334.1	k141_26724	107904	77.483	302	47	226
GU191334.1	k141_26724	107904	69.134	554	146	197
GU191334.1	k141_26724	107904	71.018	383	108	189
GU191334.1	k141_26724	107904	78.261	230	45	186
GU191334.1	k141_26724	107904	79.397	199	41	175
GU191334.1	k141_26724	107904	87.500	144	11	168
GU191334.1	k141_26724	107904	71.656	314	67	150
GU191334.1	k141_26724	107904	66.174	677	156	142
GU191334.1	k141_26724	107904	98.734	79	1	139
GU191334.1	k141_26724	107904	86.111	108	15	128
GU191334.1	k141_26724	107904	81.481	135	24	128
GU191334.1	k141_26724	107904	71.255	247	71	126
GU191334.1	k141_26724	107904	97.297	74	2	125
GU191334.1	k141_26724	107904	74.654	217	47	124
GU191334.1	k141_26724	107904	91.954	87	4	124
GU191334.1	k141_26724	107904	79.577	142	18	123
GU191334.1	k141_26724	107904	81.102	127	24	122
GU191334.1	k141_26724	107904	91.011	89	7	122
GU191334.1	k141_26724	107904	91.667	84	7	121
GU191334.1	k141_26724	107904	80.952	126	24	120
GU191334.1	k141_26724	107904	82.946	129	18	120
GU191334.1	k141_26724	107904	83.784	111	18	120
GU191334.1	k141_26724	107904	93.506	77	5	117
GU191334.1	k141_26724	107904	87.500	96	11	116
GU191334.1	k141_26724	107904	94.521	73	4	114
GU191334.1	k141_26724	107904	90.244	82	8	113
GU191334.1	k141_26724	107904	92.405	79	5	113
GU191334.1	k141_26724	107904	92.958	71	5	106
GU191334.1	k141_26724	107904	86.957	92	9	106
GU191334.1	k141_26724	107904	85.870	92	6	92.4
GU191334.1	k141_26724	107904	75.385	130	32	91.5
GU191334.1	k141_26724	107904	80.189	106	19	90.6
GU191334.1	k141_26724	107904	79.798	99	20	89.7
GU191334.1	k141_26724	107904	66.972	218	58	68.9
GU191334.1	k141_26724	107904	93.023	43	3	65.3
GU191334.1	k141_26724	107904	86.957	46	6	57.2
GU191334.1	k141_26724	107904	85.106	47	7	54.5
GU191334.1	k141_39860	18402	81.712	1542	282	1510
GU191334.1	k141_39860	18402	67.965	2850	767	939
GU191334.1	k141_39860	18402	68.351	2613	669	906
GU191334.1	k141_39860	18402	83.776	715	109	760
GU191334.1	k141_39860	18402	81.329	557	100	526
GU191334.1	k141_39860	18402	80.679	471	91	440
GU191334.1	k141_39860	18402	79.245	371	77	323
GU191334.1	k141_39860	18402	75.336	446	91	308
GU191334.1	k141_39860	18402	66.864	676	201	190
GU191334.1	k141_39860	18402	68.232	362	72	133
GU191334.1	k141_39860	18402	74.869	191	44	123
GU191334.1	k141_39860	18402	86.364	88	10	103
GU191334.1	k141_32516	1839	74.747	1188	253	770
GU191334.1	k141_32516	1839	74.747	1188	253	770
GU191334.1	k141_32516	1839	83.562	73	12	78.8
GU191334.1	k141_39406	9126	72.096	921	195	464
GU191334.1	k141_39406	9126	72.096	921	195	464
GU191334.1	k141_39406	9126	74.678	466	98	287
GU191334.1	k141_39406	9126	74.678	466	98	287
GU191334.1	k141_39406	9126	77.544	285	62	219
GU191334.1	k141_39406	9126	77.544	285	62	219
GU191334.1	k141_39406	9126	90.164	61	6	84.2
GU191334.1	k141_39406	9126	90.164	61	6	84.2
GU191334.1	k141_48390	540	76.384	542	99	369
GU191334.1	k141_48390	540	76.384	542	99	369
GU191334.1	k141_64833	657	75.475	526	128	364
GU191334.1	k141_64833	657	75.475	526	128	364
GU191334.1	k141_58222	14164	67.556	937	255	310
GU191334.1	k141_43820	370	81.855	248	44	242
GU191334.1	k141_43820	370	81.855	248	44	242
GU191334.1	k141_22238	423	97.500	80	2	136
GU191334.1	k141_22238	423	97.500	80	2	136
GU191334.1	k141_46885	646	92.208	77	6	113
GU191334.1	k141_46885	646	92.208	77	6	113
GU191334.1	k141_58140	582	74.815	135	34	91.5
GU191334.1	k141_21656	454	75.969	129	30	90.6
GU191334.1	k141_49365	25048	83.133	83	14	87.8
GU191334.1	k141_60338	3091	68.421	190	60	73.4
GU191334.1	k141_11295	493	97.619	42	1	72.5
GU191334.1	k141_11295	493	97.619	42	1	72.5
GU191334.1	k141_12330	33856	78.049	82	18	68.0
GU191334.1	k141_9380	437	66.079	227	77	63.5
GU191334.1	k141_69262	595	76.250	80	19	59.9
GU191334.1	k141_26864	783	78.788	66	14	57.2
GU191334.1	k141_36304	420	73.750	80	21	50.9
