MZ962720.1	k141_35	420	95.000	420	21	664
MZ962720.1	k141_35	420	95.000	420	21	664
MH569081.1	k141_35	420	94.458	415	22	642
MH569081.1	k141_35	420	94.458	415	22	642
NC_033978.1	k141_35	420	98.810	420	5	736
NC_033978.1	k141_35	420	98.810	420	5	736
MW006668.1	k141_35	420	97.619	420	10	713
MW006668.1	k141_35	420	97.619	420	10	713
MW435436.1	k141_35	420	98.810	420	5	736
MW435436.1	k141_35	420	98.810	420	5	736
NC_037882.1	k141_35	420	99.043	418	4	737
NC_037882.1	k141_35	420	99.043	418	4	737
NC_056190.1	k141_35	420	98.333	420	7	727
NC_056190.1	k141_35	420	98.333	420	7	727
MN564931.1	k141_35	420	98.333	420	7	727
MN564931.1	k141_35	420	98.333	420	7	727
NC_031651.1	k141_35	420	98.333	420	7	727
NC_031651.1	k141_35	420	98.333	420	7	727
MW366789.1	k141_35	420	95.215	418	20	664
MW366789.1	k141_35	420	95.215	418	20	664
KT899950.1	k141_35	420	98.571	420	6	731
KT899950.1	k141_35	420	98.571	420	6	731
GU191334.1	k141_35	420	95.058	344	17	545
GU191334.1	k141_35	420	95.058	344	17	545
