MZ962720.1	k141_123244	25507	90.687	7527	473	10349
MZ962720.1	k141_123244	25507	90.687	7527	473	10349
MZ962720.1	k141_123244	25507	88.535	2983	213	3883
MZ962720.1	k141_123244	25507	88.535	2983	213	3883
MZ962720.1	k141_123244	25507	84.967	1643	169	1857
MZ962720.1	k141_123244	25507	84.967	1643	169	1857
MZ962720.1	k141_123244	25507	79.490	824	76	732
MZ962720.1	k141_123244	25507	81.935	620	69	603
MZ962720.1	k141_123244	25507	81.935	620	69	603
MZ962720.1	k141_123244	25507	88.128	438	49	554
MZ962720.1	k141_123244	25507	88.128	438	49	554
MZ962720.1	k141_123244	25507	83.235	340	32	352
MZ962720.1	k141_123244	25507	83.235	340	32	352
MZ962720.1	k141_123244	25507	83.268	257	23	266
MZ962720.1	k141_123244	25507	83.268	257	23	266
MZ962720.1	k141_123244	25507	82.041	245	29	240
MZ962720.1	k141_123244	25507	73.383	402	56	235
MZ962720.1	k141_123244	25507	73.383	402	56	235
MZ962720.1	k141_123244	25507	73.425	365	50	219
MZ962720.1	k141_123244	25507	73.425	365	50	219
MZ962720.1	k141_123244	25507	85.185	189	28	215
MZ962720.1	k141_123244	25507	85.185	189	28	215
MZ962720.1	k141_123244	25507	79.695	197	40	176
MZ962720.1	k141_123244	25507	79.695	197	40	176
MZ962720.1	k141_123244	25507	97.727	88	2	150
MZ962720.1	k141_123244	25507	97.727	88	2	150
MZ962720.1	k141_123244	25507	80.000	120	15	108
MZ962720.1	k141_123244	25507	80.000	120	15	108
MZ962720.1	k141_123244	25507	87.654	81	6	101
MZ962720.1	k141_123244	25507	87.654	81	6	101
MZ962720.1	k141_123244	25507	77.778	99	22	80.6
MZ962720.1	k141_123244	25507	77.778	99	22	80.6
MZ962720.1	k141_123244	25507	95.238	42	2	68.0
MZ962720.1	k141_123244	25507	95.238	42	2	68.0
MZ962720.1	k141_123244	25507	94.595	37	2	59.0
MZ962720.1	k141_82458	80363	77.878	8399	1572	6677
MZ962720.1	k141_82458	80363	86.875	5219	605	6306
MZ962720.1	k141_82458	80363	77.490	5051	803	3825
MZ962720.1	k141_82458	80363	87.905	2778	272	3504
MZ962720.1	k141_82458	80363	76.732	3537	623	2547
MZ962720.1	k141_82458	80363	83.936	1992	301	2140
MZ962720.1	k141_82458	80363	86.685	1472	189	1764
MZ962720.1	k141_82458	80363	89.409	1133	114	1499
MZ962720.1	k141_82458	80363	78.035	1812	314	1455
MZ962720.1	k141_82458	80363	73.101	2093	472	1170
MZ962720.1	k141_82458	80363	83.253	1039	165	1085
MZ962720.1	k141_82458	80363	74.540	1575	295	1021
MZ962720.1	k141_82458	80363	81.756	1025	130	1008
MZ962720.1	k141_82458	80363	84.810	790	115	884
MZ962720.1	k141_82458	80363	74.603	1386	225	866
MZ962720.1	k141_82458	80363	87.009	585	66	713
MZ962720.1	k141_82458	80363	69.611	1698	428	703
MZ962720.1	k141_82458	80363	73.835	1009	155	584
MZ962720.1	k141_82458	80363	81.770	565	100	554
MZ962720.1	k141_82458	80363	77.507	698	157	552
MZ962720.1	k141_82458	80363	79.406	539	111	472
MZ962720.1	k141_82458	80363	79.406	539	111	472
MZ962720.1	k141_82458	80363	71.055	957	231	465
MZ962720.1	k141_82458	80363	85.464	399	51	452
MZ962720.1	k141_82458	80363	71.964	774	154	389
MZ962720.1	k141_82458	80363	66.934	1246	260	370
MZ962720.1	k141_82458	80363	79.767	430	63	365
MZ962720.1	k141_82458	80363	69.811	689	104	327
MZ962720.1	k141_82458	80363	72.089	541	94	320
MZ962720.1	k141_82458	80363	68.593	917	204	315
MZ962720.1	k141_82458	80363	73.783	534	92	313
MZ962720.1	k141_82458	80363	75.105	474	95	308
MZ962720.1	k141_82458	80363	70.580	690	122	308
MZ962720.1	k141_82458	80363	72.668	461	58	289
MZ962720.1	k141_82458	80363	76.389	360	79	263
MZ962720.1	k141_82458	80363	84.583	240	31	259
MZ962720.1	k141_82458	80363	80.315	254	33	235
MZ962720.1	k141_82458	80363	82.432	222	30	229
MZ962720.1	k141_82458	80363	82.432	222	30	229
MZ962720.1	k141_82458	80363	70.901	433	67	226
MZ962720.1	k141_82458	80363	73.729	354	63	220
MZ962720.1	k141_82458	80363	72.170	424	76	217
MZ962720.1	k141_82458	80363	71.429	434	63	216
MZ962720.1	k141_82458	80363	71.429	434	63	216
MZ962720.1	k141_82458	80363	68.955	641	132	216
MZ962720.1	k141_82458	80363	68.815	481	117	190
MZ962720.1	k141_82458	80363	79.439	214	35	187
MZ962720.1	k141_82458	80363	78.125	224	35	183
MZ962720.1	k141_82458	80363	78.125	224	35	183
MZ962720.1	k141_82458	80363	74.729	277	25	176
MZ962720.1	k141_82458	80363	82.738	168	24	173
MZ962720.1	k141_82458	80363	84.615	169	14	172
MZ962720.1	k141_82458	80363	88.571	140	12	171
MZ962720.1	k141_82458	80363	89.764	127	12	168
MZ962720.1	k141_82458	80363	84.459	148	23	164
MZ962720.1	k141_82458	80363	82.424	165	28	164
MZ962720.1	k141_82458	80363	96.939	98	3	164
MZ962720.1	k141_82458	80363	85.000	140	21	159
MZ962720.1	k141_82458	80363	85.000	140	21	159
MZ962720.1	k141_82458	80363	75.610	205	39	146
MZ962720.1	k141_82458	80363	98.795	83	1	146
MZ962720.1	k141_82458	80363	98.795	83	1	146
MZ962720.1	k141_82458	80363	93.617	94	6	143
MZ962720.1	k141_82458	80363	79.012	162	34	140
MZ962720.1	k141_82458	80363	77.586	174	37	136
MZ962720.1	k141_82458	80363	83.582	134	14	132
MZ962720.1	k141_82458	80363	93.182	88	5	129
MZ962720.1	k141_82458	80363	97.368	76	2	129
MZ962720.1	k141_82458	80363	96.104	77	3	126
MZ962720.1	k141_82458	80363	65.588	587	182	122
MZ962720.1	k141_82458	80363	71.759	216	44	113
MZ962720.1	k141_82458	80363	71.759	216	44	113
MZ962720.1	k141_82458	80363	92.208	77	5	109
MZ962720.1	k141_82458	80363	82.569	109	18	108
MZ962720.1	k141_82458	80363	82.569	109	18	108
MZ962720.1	k141_82458	80363	81.731	104	13	104
MZ962720.1	k141_82458	80363	81.731	104	13	104
MZ962720.1	k141_82458	80363	90.667	75	6	101
MZ962720.1	k141_82458	80363	73.333	165	44	100
MZ962720.1	k141_82458	80363	83.158	95	11	96.0
MZ962720.1	k141_82458	80363	88.000	75	9	96.0
MZ962720.1	k141_82458	80363	86.111	72	8	83.3
MZ962720.1	k141_82458	80363	86.957	69	8	81.5
MZ962720.1	k141_82458	80363	78.889	90	19	77.9
MZ962720.1	k141_82458	80363	78.889	90	19	77.9
MZ962720.1	k141_82458	80363	78.889	90	19	77.9
MZ962720.1	k141_82458	80363	68.534	232	69	76.1
MZ962720.1	k141_82458	80363	78.351	97	18	70.7
MZ962720.1	k141_82458	80363	84.127	63	10	69.8
MZ962720.1	k141_82458	80363	84.127	63	10	69.8
MZ962720.1	k141_82458	80363	92.857	42	3	63.5
MZ962720.1	k141_82458	80363	92.857	42	3	63.5
MZ962720.1	k141_82458	80363	92.857	42	3	63.5
MZ962720.1	k141_82458	80363	92.857	42	3	63.5
MZ962720.1	k141_82458	80363	75.758	66	16	48.2
MZ962720.1	k141_109629	17135	77.818	4445	774	3488
MZ962720.1	k141_109629	17135	77.818	4445	774	3488
MZ962720.1	k141_109629	17135	78.299	1940	387	1587
MZ962720.1	k141_109629	17135	75.636	2241	491	1535
MZ962720.1	k141_109629	17135	74.588	972	203	617
MZ962720.1	k141_109629	17135	81.387	548	102	529
MZ962720.1	k141_109629	17135	81.387	548	102	529
MZ962720.1	k141_109629	17135	81.155	329	61	311
MZ962720.1	k141_109629	17135	90.000	100	7	130
MZ962720.1	k141_113485	6313	74.576	531	126	335
MZ962720.1	k141_113485	6313	74.576	531	126	335
MZ962720.1	k141_113485	6313	75.325	462	95	292
MZ962720.1	k141_113485	6313	75.325	462	95	292
MZ962720.1	k141_113485	6313	82.474	97	16	96.0
MZ962720.1	k141_113485	6313	82.474	97	16	96.0
MZ962720.1	k141_113485	6313	69.620	158	41	67.1
MZ962720.1	k141_113485	6313	69.620	158	41	67.1
MZ962720.1	k141_73455	5179	71.374	524	136	246
MZ962720.1	k141_73455	5179	71.374	524	136	246
MZ962720.1	k141_73455	5179	81.707	164	30	161
MZ962720.1	k141_73455	5179	81.707	164	30	161
MZ962720.1	k141_73455	5179	82.353	85	15	86.9
MZ962720.1	k141_73455	5179	82.353	85	15	86.9
MZ962720.1	k141_73455	5179	88.525	61	7	79.7
MZ962720.1	k141_73455	5179	88.525	61	7	79.7
MZ962720.1	k141_73455	5179	88.525	61	7	79.7
MZ962720.1	k141_127335	3277	68.232	639	191	222
MZ962720.1	k141_127335	3277	74.157	89	23	58.1
MZ962720.1	k141_21580	433	74.216	287	50	175
MZ962720.1	k141_21580	433	74.216	287	50	175
MZ962720.1	k141_9843	2348	96.250	80	3	132
MZ962720.1	k141_110549	2883	91.781	73	6	105
MZ962720.1	k141_47197	572	76.812	138	20	98.7
MZ962720.1	k141_49123	369	76.471	119	28	89.7
MZ962720.1	k141_49123	369	75.714	70	17	50.9
MZ962720.1	k141_80684	353	86.486	74	10	89.7
MZ962720.1	k141_35110	470	82.353	85	15	86.9
MZ962720.1	k141_58287	388	87.302	63	8	78.8
MZ962720.1	k141_58287	388	87.302	63	8	78.8
MZ962720.1	k141_3644	9122	73.333	135	32	77.0
MZ962720.1	k141_27621	8306	82.812	64	11	67.1
MZ962720.1	k141_27621	8306	82.812	64	11	67.1
MZ962720.1	k141_9041	450	70.213	141	37	61.7
MZ962720.1	k141_41009	593	80.952	63	12	60.8
MZ962720.1	k141_57217	344	90.244	41	4	57.2
MZ962720.1	k141_57217	344	90.244	41	4	57.2
MZ962720.1	k141_94063	607	90.244	41	4	57.2
MH569081.1	k141_82458	80363	86.488	5425	640	6433
MH569081.1	k141_82458	80363	81.190	3849	646	3667
MH569081.1	k141_82458	80363	76.657	4978	815	3642
MH569081.1	k141_82458	80363	86.698	2759	313	3325
MH569081.1	k141_82458	80363	79.415	3352	605	2912
MH569081.1	k141_82458	80363	81.124	2421	387	2275
MH569081.1	k141_82458	80363	84.327	1895	294	2077
MH569081.1	k141_82458	80363	85.800	1507	207	1751
MH569081.1	k141_82458	80363	84.605	1520	178	1670
MH569081.1	k141_82458	80363	80.908	1718	281	1590
MH569081.1	k141_82458	80363	72.207	2220	505	1206
MH569081.1	k141_82458	80363	76.628	1566	266	1152
MH569081.1	k141_82458	80363	84.519	1040	152	1150
MH569081.1	k141_82458	80363	73.182	1898	381	1127
MH569081.1	k141_82458	80363	74.485	1846	302	1120
MH569081.1	k141_82458	80363	83.400	994	113	1033
MH569081.1	k141_82458	80363	85.153	815	113	919
MH569081.1	k141_82458	80363	68.280	2314	568	802
MH569081.1	k141_82458	80363	82.467	673	93	687
MH569081.1	k141_82458	80363	80.387	724	139	655
MH569081.1	k141_82458	80363	74.767	967	159	604
MH569081.1	k141_82458	80363	80.335	656	122	600
MH569081.1	k141_82458	80363	70.359	1309	248	576
MH569081.1	k141_82458	80363	82.416	563	96	568
MH569081.1	k141_82458	80363	72.593	945	167	471
MH569081.1	k141_82458	80363	73.684	741	173	460
MH569081.1	k141_82458	80363	80.344	524	80	453
MH569081.1	k141_82458	80363	67.984	1215	230	392
MH569081.1	k141_82458	80363	87.037	324	34	389
MH569081.1	k141_82458	80363	74.132	634	108	374
MH569081.1	k141_82458	80363	75.514	486	113	337
MH569081.1	k141_82458	80363	78.899	327	30	288
MH569081.1	k141_82458	80363	70.984	579	125	286
MH569081.1	k141_82458	80363	85.833	240	31	279
MH569081.1	k141_82458	80363	66.705	871	142	271
MH569081.1	k141_82458	80363	78.248	331	63	268
MH569081.1	k141_82458	80363	84.141	227	29	250
MH569081.1	k141_82458	80363	82.960	223	29	222
MH569081.1	k141_82458	80363	76.512	281	66	210
MH569081.1	k141_82458	80363	75.517	290	55	196
MH569081.1	k141_82458	80363	83.978	181	25	196
MH569081.1	k141_82458	80363	87.013	154	20	188
MH569081.1	k141_82458	80363	85.185	162	18	186
MH569081.1	k141_82458	80363	88.194	144	17	184
MH569081.1	k141_82458	80363	86.928	153	16	181
MH569081.1	k141_82458	80363	78.109	201	38	166
MH569081.1	k141_82458	80363	78.109	201	38	166
MH569081.1	k141_82458	80363	76.364	220	52	163
MH569081.1	k141_82458	80363	92.661	109	7	158
MH569081.1	k141_82458	80363	95.098	102	3	155
MH569081.1	k141_82458	80363	95.098	102	3	155
MH569081.1	k141_82458	80363	83.942	137	22	149
MH569081.1	k141_82458	80363	83.942	137	22	149
MH569081.1	k141_82458	80363	89.216	102	11	135
MH569081.1	k141_82458	80363	65.816	588	179	134
MH569081.1	k141_82458	80363	98.667	75	1	132
MH569081.1	k141_82458	80363	98.630	73	1	128
MH569081.1	k141_82458	80363	96.000	75	3	123
MH569081.1	k141_82458	80363	81.102	127	24	122
MH569081.1	k141_82458	80363	90.217	92	6	120
MH569081.1	k141_82458	80363	72.464	207	42	117
MH569081.1	k141_82458	80363	73.864	176	31	111
MH569081.1	k141_82458	80363	88.764	89	7	110
MH569081.1	k141_82458	80363	65.162	554	161	104
MH569081.1	k141_82458	80363	81.690	71	13	70.7
MH569081.1	k141_82458	80363	71.552	116	33	61.7
MH569081.1	k141_82458	80363	78.571	70	15	59.9
MH569081.1	k141_82458	80363	86.667	45	6	55.4
MH569081.1	k141_82458	80363	86.667	45	6	55.4
MH569081.1	k141_82458	80363	81.633	49	9	49.1
MH569081.1	k141_82458	80363	86.842	38	5	47.3
MH569081.1	k141_123244	25507	91.887	3020	157	4296
MH569081.1	k141_123244	25507	91.887	3020	157	4296
MH569081.1	k141_123244	25507	90.592	2955	187	4064
MH569081.1	k141_123244	25507	90.592	2955	187	4064
MH569081.1	k141_123244	25507	91.037	2622	138	3681
MH569081.1	k141_123244	25507	91.037	2622	138	3681
MH569081.1	k141_123244	25507	88.007	2293	132	2917
MH569081.1	k141_123244	25507	88.007	2293	132	2917
MH569081.1	k141_123244	25507	92.917	1426	89	2110
MH569081.1	k141_123244	25507	92.917	1426	89	2110
MH569081.1	k141_123244	25507	80.660	879	142	813
MH569081.1	k141_123244	25507	80.660	879	142	813
MH569081.1	k141_123244	25507	84.111	686	77	744
MH569081.1	k141_123244	25507	84.111	686	77	744
MH569081.1	k141_123244	25507	76.384	813	118	609
MH569081.1	k141_123244	25507	76.384	813	118	609
MH569081.1	k141_123244	25507	77.998	809	117	604
MH569081.1	k141_123244	25507	77.998	809	117	604
MH569081.1	k141_123244	25507	89.885	435	43	583
MH569081.1	k141_123244	25507	89.885	435	43	583
MH569081.1	k141_123244	25507	80.665	481	61	446
MH569081.1	k141_123244	25507	80.665	481	61	446
MH569081.1	k141_123244	25507	75.198	379	38	297
MH569081.1	k141_123244	25507	75.198	379	38	297
MH569081.1	k141_123244	25507	80.426	235	43	215
MH569081.1	k141_123244	25507	80.426	235	43	215
MH569081.1	k141_123244	25507	76.786	224	24	164
MH569081.1	k141_123244	25507	76.786	224	24	164
MH569081.1	k141_123244	25507	86.607	112	15	135
MH569081.1	k141_123244	25507	86.607	112	15	135
MH569081.1	k141_123244	25507	78.431	102	17	81.5
MH569081.1	k141_123244	25507	92.857	42	3	63.5
MH569081.1	k141_123244	25507	92.857	42	3	63.5
MH569081.1	k141_109629	17135	76.690	4350	808	3158
MH569081.1	k141_109629	17135	81.176	1939	330	1843
MH569081.1	k141_109629	17135	75.597	2221	475	1524
MH569081.1	k141_109629	17135	74.103	1170	242	732
MH569081.1	k141_109629	17135	74.051	1133	237	702
MH569081.1	k141_109629	17135	77.164	543	100	402
MH569081.1	k141_109629	17135	69.969	323	69	135
MH569081.1	k141_109629	17135	86.047	86	12	102
MH569081.1	k141_109629	17135	86.047	86	12	102
MH569081.1	k141_109629	17135	95.238	42	2	68.0
MH569081.1	k141_109629	17135	95.238	42	2	68.0
MH569081.1	k141_109629	17135	73.684	76	18	45.5
MH569081.1	k141_113485	6313	74.200	531	128	326
MH569081.1	k141_113485	6313	74.200	531	128	326
MH569081.1	k141_113485	6313	75.271	461	96	294
MH569081.1	k141_113485	6313	75.271	461	96	294
MH569081.1	k141_113485	6313	75.120	209	50	136
MH569081.1	k141_113485	6313	75.120	209	50	136
MH569081.1	k141_113485	6313	80.412	97	19	90.6
MH569081.1	k141_113485	6313	80.412	97	19	90.6
MH569081.1	k141_113485	6313	71.338	157	40	72.5
MH569081.1	k141_113485	6313	71.338	157	40	72.5
MH569081.1	k141_73455	5179	72.266	512	128	265
MH569081.1	k141_73455	5179	72.266	512	128	265
MH569081.1	k141_73455	5179	75.875	257	60	178
MH569081.1	k141_73455	5179	75.875	257	60	178
MH569081.1	k141_73455	5179	82.317	164	29	166
MH569081.1	k141_73455	5179	82.317	164	29	166
MH569081.1	k141_73455	5179	83.529	85	14	91.5
MH569081.1	k141_73455	5179	83.529	85	14	91.5
MH569081.1	k141_73455	5179	90.164	61	6	84.2
MH569081.1	k141_73455	5179	90.164	61	6	84.2
MH569081.1	k141_127335	3277	72.454	432	117	236
MH569081.1	k141_127335	3277	75.325	77	19	54.5
MH569081.1	k141_9843	2348	96.203	79	3	130
MH569081.1	k141_110549	2883	92.000	75	6	109
MH569081.1	k141_49123	369	78.512	121	26	102
MH569081.1	k141_58287	388	96.296	54	2	89.7
MH569081.1	k141_58287	388	96.296	54	2	89.7
MH569081.1	k141_80684	353	88.525	61	7	79.7
MH569081.1	k141_125980	937	86.441	59	8	71.6
MH569081.1	k141_35110	470	77.647	85	19	68.9
MH569081.1	k141_27621	8306	82.812	64	11	67.1
MH569081.1	k141_27621	8306	82.812	64	11	67.1
MH569081.1	k141_27621	8306	75.000	80	20	55.4
MH569081.1	k141_27621	8306	75.000	80	20	55.4
MH569081.1	k141_3644	9122	73.109	119	30	64.4
MH569081.1	k141_112081	1101	80.000	45	9	41.9
NC_033978.1	k141_82458	80363	84.217	12659	1593	13781
NC_033978.1	k141_82458	80363	78.287	10321	1349	8440
NC_033978.1	k141_82458	80363	91.371	5412	433	7623
NC_033978.1	k141_82458	80363	83.938	4576	529	4904
NC_033978.1	k141_82458	80363	92.206	2656	194	3837
NC_033978.1	k141_82458	80363	86.567	2948	313	3503
NC_033978.1	k141_82458	80363	85.444	1848	223	2099
NC_033978.1	k141_82458	80363	78.521	2556	422	2083
NC_033978.1	k141_82458	80363	82.643	2028	279	2038
NC_033978.1	k141_82458	80363	78.500	2214	251	1852
NC_033978.1	k141_82458	80363	91.049	1296	100	1802
NC_033978.1	k141_82458	80363	74.487	2681	540	1706
NC_033978.1	k141_82458	80363	79.323	1654	210	1489
NC_033978.1	k141_82458	80363	74.310	2355	442	1464
NC_033978.1	k141_82458	80363	78.794	1575	269	1335
NC_033978.1	k141_82458	80363	83.472	1198	119	1268
NC_033978.1	k141_82458	80363	79.659	1116	142	913
NC_033978.1	k141_82458	80363	78.364	1137	173	913
NC_033978.1	k141_82458	80363	84.818	685	84	758
NC_033978.1	k141_82458	80363	77.278	933	129	699
NC_033978.1	k141_82458	80363	73.522	1201	185	677
NC_033978.1	k141_82458	80363	70.675	1289	225	583
NC_033978.1	k141_82458	80363	78.808	604	99	485
NC_033978.1	k141_82458	80363	70.509	1041	196	450
NC_033978.1	k141_82458	80363	78.927	522	70	437
NC_033978.1	k141_82458	80363	84.146	328	34	370
NC_033978.1	k141_82458	80363	79.080	435	60	353
NC_033978.1	k141_82458	80363	80.000	280	28	251
NC_033978.1	k141_82458	80363	93.548	155	10	235
NC_033978.1	k141_82458	80363	81.590	239	34	229
NC_033978.1	k141_82458	80363	83.810	210	25	221
NC_033978.1	k141_82458	80363	73.497	366	56	220
NC_033978.1	k141_82458	80363	79.012	243	30	214
NC_033978.1	k141_82458	80363	78.417	278	39	214
NC_033978.1	k141_82458	80363	89.051	137	15	180
NC_033978.1	k141_82458	80363	77.551	245	37	179
NC_033978.1	k141_82458	80363	85.276	163	18	178
NC_033978.1	k141_82458	80363	85.616	146	19	167
NC_033978.1	k141_82458	80363	92.857	112	8	167
NC_033978.1	k141_82458	80363	90.991	111	7	154
NC_033978.1	k141_82458	80363	100.000	80	0	145
NC_033978.1	k141_82458	80363	96.629	89	2	144
NC_033978.1	k141_82458	80363	65.809	544	164	127
NC_033978.1	k141_82458	80363	66.212	586	180	127
NC_033978.1	k141_82458	80363	71.014	276	56	119
NC_033978.1	k141_82458	80363	94.667	75	4	118
NC_033978.1	k141_82458	80363	79.195	149	14	118
NC_033978.1	k141_82458	80363	77.778	81	10	64.4
NC_033978.1	k141_82458	80363	86.667	45	6	55.4
NC_033978.1	k141_82458	80363	86.667	45	6	55.4
NC_033978.1	k141_82458	80363	74.242	66	17	43.7
NC_033978.1	k141_82458	80363	80.851	47	8	41.9
NC_033978.1	k141_123244	25507	94.114	8546	280	13089
NC_033978.1	k141_123244	25507	94.114	8546	280	13089
NC_033978.1	k141_123244	25507	90.083	7694	466	10573
NC_033978.1	k141_123244	25507	90.083	7694	466	10573
NC_033978.1	k141_123244	25507	93.052	3181	133	4721
NC_033978.1	k141_123244	25507	93.052	3181	133	4721
NC_033978.1	k141_123244	25507	83.525	2525	305	2662
NC_033978.1	k141_123244	25507	96.641	1429	48	2361
NC_033978.1	k141_123244	25507	96.641	1429	48	2361
NC_033978.1	k141_123244	25507	87.694	1869	153	2341
NC_033978.1	k141_123244	25507	91.918	730	43	1057
NC_033978.1	k141_123244	25507	82.503	943	60	971
NC_033978.1	k141_123244	25507	82.503	943	60	971
NC_033978.1	k141_123244	25507	88.423	691	48	888
NC_033978.1	k141_123244	25507	88.423	691	48	888
NC_033978.1	k141_123244	25507	94.792	480	18	755
NC_033978.1	k141_123244	25507	97.436	39	1	67.1
NC_033978.1	k141_109629	17135	80.425	2825	400	2605
NC_033978.1	k141_109629	17135	81.810	2243	388	2197
NC_033978.1	k141_109629	17135	83.842	1999	296	2133
NC_033978.1	k141_109629	17135	68.928	4068	892	1640
NC_033978.1	k141_109629	17135	84.576	1381	183	1508
NC_033978.1	k141_109629	17135	79.624	1222	197	1057
NC_033978.1	k141_109629	17135	79.199	1149	193	978
NC_033978.1	k141_109629	17135	78.595	299	50	237
NC_033978.1	k141_109629	17135	95.238	42	2	68.0
NC_033978.1	k141_109629	17135	95.238	42	2	68.0
NC_033978.1	k141_109629	17135	72.881	118	26	57.2
NC_033978.1	k141_113485	6313	74.765	531	125	344
NC_033978.1	k141_113485	6313	74.765	531	125	344
NC_033978.1	k141_113485	6313	75.217	460	97	287
NC_033978.1	k141_113485	6313	75.217	460	97	287
NC_033978.1	k141_113485	6313	71.975	157	39	77.0
NC_033978.1	k141_113485	6313	71.975	157	39	77.0
NC_033978.1	k141_73455	5179	72.941	510	124	275
NC_033978.1	k141_73455	5179	72.941	510	124	275
NC_033978.1	k141_73455	5179	78.788	264	54	217
NC_033978.1	k141_73455	5179	78.788	264	54	217
NC_033978.1	k141_73455	5179	82.317	164	29	166
NC_033978.1	k141_73455	5179	82.317	164	29	166
NC_033978.1	k141_73455	5179	84.706	85	13	96.0
NC_033978.1	k141_73455	5179	84.706	85	13	96.0
NC_033978.1	k141_73455	5179	86.885	61	8	75.2
NC_033978.1	k141_73455	5179	86.885	61	8	75.2
NC_033978.1	k141_127335	3277	66.922	783	220	244
NC_033978.1	k141_21580	433	77.816	293	43	229
NC_033978.1	k141_21580	433	77.816	293	43	229
NC_033978.1	k141_87368	322	84.795	171	24	189
NC_033978.1	k141_87368	322	84.795	171	24	189
NC_033978.1	k141_9843	2348	96.203	79	3	130
NC_033978.1	k141_128295	576	80.137	146	19	129
NC_033978.1	k141_128295	576	80.137	146	19	129
NC_033978.1	k141_110549	2883	93.243	74	5	112
NC_033978.1	k141_47197	572	75.316	158	30	109
NC_033978.1	k141_125015	372	83.168	101	17	106
NC_033978.1	k141_49123	369	77.311	119	27	94.2
NC_033978.1	k141_49123	369	75.714	70	17	50.9
NC_033978.1	k141_113922	446	87.838	74	9	94.2
NC_033978.1	k141_113922	446	87.838	74	9	94.2
NC_033978.1	k141_28848	9524	70.984	193	52	91.5
NC_033978.1	k141_28848	9524	70.984	193	52	91.5
NC_033978.1	k141_58287	388	96.296	54	2	89.7
NC_033978.1	k141_58287	388	96.296	54	2	89.7
NC_033978.1	k141_33236	630	76.190	126	26	87.8
NC_033978.1	k141_125980	937	91.379	58	5	83.3
NC_033978.1	k141_35110	470	80.682	88	17	83.3
NC_033978.1	k141_52625	890	88.889	63	2	78.8
NC_033978.1	k141_67418	1036	90.909	55	5	77.9
NC_033978.1	k141_67418	1036	90.909	55	5	77.9
NC_033978.1	k141_41009	593	84.615	65	10	73.4
NC_033978.1	k141_80684	353	80.822	73	14	69.8
NC_033978.1	k141_3644	9122	78.750	80	17	68.9
NC_033978.1	k141_90155	4423	87.037	54	7	67.1
NC_033978.1	k141_104594	1220	89.583	48	5	65.3
NC_033978.1	k141_104594	1220	89.583	48	5	65.3
NC_033978.1	k141_74673	656	73.913	115	24	65.3
NC_033978.1	k141_94063	607	89.583	48	5	65.3
NC_033978.1	k141_1392	922	79.710	69	14	62.6
NC_033978.1	k141_27621	8306	75.000	80	20	55.4
NC_033978.1	k141_27621	8306	75.000	80	20	55.4
NC_033978.1	k141_26306	410	88.095	42	5	54.5
NC_033978.1	k141_94297	367	83.333	48	8	51.8
NC_033978.1	k141_97997	440	88.571	35	4	46.4
MW006668.1	k141_123244	25507	93.645	8009	290	12103
MW006668.1	k141_123244	25507	93.645	8009	290	12103
MW006668.1	k141_123244	25507	90.092	3159	206	4279
MW006668.1	k141_123244	25507	91.543	1419	116	2013
MW006668.1	k141_123244	25507	83.619	1398	175	1489
MW006668.1	k141_123244	25507	73.515	2088	309	1281
MW006668.1	k141_123244	25507	73.214	1400	202	810
MW006668.1	k141_123244	25507	84.979	486	35	551
MW006668.1	k141_123244	25507	84.979	486	35	551
MW006668.1	k141_123244	25507	75.524	764	130	533
MW006668.1	k141_123244	25507	79.245	318	46	272
MW006668.1	k141_123244	25507	75.000	380	67	260
MW006668.1	k141_123244	25507	86.792	159	19	190
MW006668.1	k141_123244	25507	74.908	271	37	188
MW006668.1	k141_123244	25507	74.908	271	37	188
MW006668.1	k141_123244	25507	83.221	149	17	155
MW006668.1	k141_123244	25507	83.221	149	17	155
MW006668.1	k141_123244	25507	83.212	137	15	142
MW006668.1	k141_123244	25507	67.160	405	104	140
MW006668.1	k141_123244	25507	67.160	405	104	140
MW006668.1	k141_123244	25507	63.514	518	141	96.0
MW006668.1	k141_123244	25507	69.945	183	43	89.7
MW006668.1	k141_123244	25507	69.945	183	43	89.7
MW006668.1	k141_123244	25507	69.945	183	43	89.7
MW006668.1	k141_123244	25507	69.945	183	43	89.7
MW006668.1	k141_123244	25507	74.590	122	19	87.8
MW006668.1	k141_123244	25507	74.590	122	19	87.8
MW006668.1	k141_123244	25507	69.730	185	43	85.1
MW006668.1	k141_123244	25507	64.299	535	138	76.1
MW006668.1	k141_123244	25507	64.299	535	138	76.1
MW006668.1	k141_123244	25507	87.719	57	7	72.5
MW006668.1	k141_123244	25507	87.719	57	7	72.5
MW006668.1	k141_123244	25507	97.619	42	1	72.5
MW006668.1	k141_123244	25507	97.619	42	1	72.5
MW006668.1	k141_123244	25507	63.925	535	140	71.6
MW006668.1	k141_123244	25507	63.925	535	140	71.6
MW006668.1	k141_123244	25507	63.925	535	140	70.7
MW006668.1	k141_123244	25507	63.925	535	140	70.7
MW006668.1	k141_123244	25507	85.965	57	8	68.0
MW006668.1	k141_123244	25507	85.965	57	8	68.0
MW006668.1	k141_123244	25507	85.965	57	8	68.0
MW006668.1	k141_123244	25507	85.965	57	8	68.0
MW006668.1	k141_123244	25507	83.333	60	9	60.8
MW006668.1	k141_82458	80363	80.703	9297	1444	8629
MW006668.1	k141_82458	80363	90.194	5405	465	7350
MW006668.1	k141_82458	80363	81.188	5119	670	4830
MW006668.1	k141_82458	80363	84.351	4211	539	4583
MW006668.1	k141_82458	80363	78.961	5005	747	4181
MW006668.1	k141_82458	80363	86.032	3372	449	3942
MW006668.1	k141_82458	80363	91.847	2539	200	3639
MW006668.1	k141_82458	80363	75.871	3100	565	2163
MW006668.1	k141_82458	80363	84.934	1832	232	2055
MW006668.1	k141_82458	80363	81.752	1929	312	1893
MW006668.1	k141_82458	80363	78.539	2204	280	1823
MW006668.1	k141_82458	80363	77.732	1684	218	1394
MW006668.1	k141_82458	80363	76.409	1810	340	1333
MW006668.1	k141_82458	80363	90.281	926	70	1247
MW006668.1	k141_82458	80363	90.281	926	70	1247
MW006668.1	k141_82458	80363	86.217	1052	103	1232
MW006668.1	k141_82458	80363	71.847	2014	338	1035
MW006668.1	k141_82458	80363	72.545	1446	280	834
MW006668.1	k141_82458	80363	87.141	661	63	807
MW006668.1	k141_82458	80363	83.528	686	92	720
MW006668.1	k141_82458	80363	81.283	748	89	674
MW006668.1	k141_82458	80363	79.704	675	100	607
MW006668.1	k141_82458	80363	74.093	965	149	574
MW006668.1	k141_82458	80363	70.622	1205	197	553
MW006668.1	k141_82458	80363	70.622	1205	197	553
MW006668.1	k141_82458	80363	77.086	659	93	498
MW006668.1	k141_82458	80363	76.527	622	97	450
MW006668.1	k141_82458	80363	86.196	326	27	398
MW006668.1	k141_82458	80363	71.884	722	132	393
MW006668.1	k141_82458	80363	71.884	722	132	393
MW006668.1	k141_82458	80363	84.472	322	41	346
MW006668.1	k141_82458	80363	69.987	783	157	324
MW006668.1	k141_82458	80363	78.761	339	61	275
MW006668.1	k141_82458	80363	78.761	339	61	275
MW006668.1	k141_82458	80363	73.348	469	72	263
MW006668.1	k141_82458	80363	80.297	269	36	240
MW006668.1	k141_82458	80363	91.566	166	14	237
MW006668.1	k141_82458	80363	83.810	210	27	214
MW006668.1	k141_82458	80363	78.682	258	42	212
MW006668.1	k141_82458	80363	77.586	290	45	208
MW006668.1	k141_82458	80363	80.176	227	35	203
MW006668.1	k141_82458	80363	89.333	150	16	199
MW006668.1	k141_82458	80363	82.123	179	23	174
MW006668.1	k141_82458	80363	87.234	141	18	174
MW006668.1	k141_82458	80363	85.915	142	20	167
MW006668.1	k141_82458	80363	88.618	123	8	156
MW006668.1	k141_82458	80363	98.837	86	1	151
MW006668.1	k141_82458	80363	76.606	218	38	149
MW006668.1	k141_82458	80363	66.190	559	110	138
MW006668.1	k141_82458	80363	72.881	236	62	135
MW006668.1	k141_82458	80363	94.186	86	5	133
MW006668.1	k141_82458	80363	77.005	187	27	132
MW006668.1	k141_82458	80363	74.884	215	41	130
MW006668.1	k141_82458	80363	73.953	215	45	128
MW006668.1	k141_82458	80363	73.874	222	41	128
MW006668.1	k141_82458	80363	72.650	234	49	125
MW006668.1	k141_82458	80363	78.395	162	31	125
MW006668.1	k141_82458	80363	94.937	79	4	125
MW006668.1	k141_82458	80363	94.937	79	4	125
MW006668.1	k141_82458	80363	75.294	170	42	118
MW006668.1	k141_82458	80363	66.500	400	120	113
MW006668.1	k141_82458	80363	65.880	551	164	110
MW006668.1	k141_82458	80363	85.714	56	8	66.2
MW006668.1	k141_82458	80363	85.714	56	8	66.2
MW006668.1	k141_82458	80363	86.667	45	6	55.4
MW006668.1	k141_82458	80363	87.805	41	5	52.7
MW006668.1	k141_82458	80363	86.842	38	5	47.3
MW006668.1	k141_82458	80363	82.979	47	7	46.4
MW006668.1	k141_82458	80363	74.194	62	16	41.0
MW006668.1	k141_109629	17135	80.576	4340	626	3988
MW006668.1	k141_109629	17135	80.576	4340	626	3988
MW006668.1	k141_109629	17135	85.172	2030	274	2275
MW006668.1	k141_109629	17135	85.172	2030	274	2275
MW006668.1	k141_109629	17135	78.727	2247	454	1870
MW006668.1	k141_109629	17135	79.085	1224	212	1021
MW006668.1	k141_109629	17135	79.085	1224	212	1021
MW006668.1	k141_109629	17135	79.878	1148	182	997
MW006668.1	k141_109629	17135	79.878	1148	182	997
MW006668.1	k141_109629	17135	85.116	215	30	237
MW006668.1	k141_109629	17135	85.116	215	30	237
MW006668.1	k141_109629	17135	95.238	42	2	68.0
MW006668.1	k141_109629	17135	80.435	46	9	43.7
MW006668.1	k141_113485	6313	74.765	531	125	344
MW006668.1	k141_113485	6313	74.765	531	125	344
MW006668.1	k141_113485	6313	74.194	465	99	272
MW006668.1	k141_113485	6313	74.194	465	99	272
MW006668.1	k141_113485	6313	75.556	135	31	93.3
MW006668.1	k141_113485	6313	75.556	135	31	93.3
MW006668.1	k141_113485	6313	68.790	157	39	54.5
MW006668.1	k141_113485	6313	68.790	157	39	54.5
MW006668.1	k141_73455	5179	72.016	511	128	260
MW006668.1	k141_73455	5179	72.016	511	128	260
MW006668.1	k141_73455	5179	78.788	264	54	217
MW006668.1	k141_73455	5179	78.788	264	54	217
MW006668.1	k141_73455	5179	81.098	164	31	157
MW006668.1	k141_73455	5179	81.098	164	31	157
MW006668.1	k141_73455	5179	84.706	85	13	96.0
MW006668.1	k141_73455	5179	84.706	85	13	96.0
MW006668.1	k141_73455	5179	85.246	61	9	70.7
MW006668.1	k141_73455	5179	85.246	61	9	70.7
MW006668.1	k141_127335	3277	66.316	760	217	216
MW006668.1	k141_21580	433	71.987	307	52	161
MW006668.1	k141_21580	433	71.987	307	52	161
MW006668.1	k141_9843	2348	94.937	79	4	125
MW006668.1	k141_47197	572	77.215	158	27	123
MW006668.1	k141_110549	2883	94.444	72	4	113
MW006668.1	k141_125015	372	84.000	100	16	109
MW006668.1	k141_35110	470	82.955	88	15	92.4
MW006668.1	k141_49123	369	76.471	119	28	89.7
MW006668.1	k141_49123	369	74.699	83	21	56.3
MW006668.1	k141_58287	388	94.444	54	3	85.1
MW006668.1	k141_58287	388	94.444	54	3	85.1
MW006668.1	k141_28848	9524	69.634	191	58	84.2
MW006668.1	k141_125980	937	91.379	58	5	83.3
MW006668.1	k141_41009	593	86.154	65	9	77.9
MW006668.1	k141_9041	450	69.492	177	43	73.4
MW006668.1	k141_3644	9122	72.932	133	34	71.6
MW006668.1	k141_128295	576	84.615	65	9	69.8
MW006668.1	k141_94063	607	90.909	44	4	62.6
MW006668.1	k141_94063	607	90.909	44	4	62.6
MW006668.1	k141_94063	607	90.909	44	4	62.6
MW006668.1	k141_1392	922	86.667	45	6	55.4
MW006668.1	k141_27621	8306	75.000	80	20	55.4
MW006668.1	k141_27621	8306	75.000	80	20	55.4
MW006668.1	k141_97997	440	86.486	37	5	45.5
MW006668.1	k141_67022	420	88.235	34	4	44.6
MW006668.1	k141_67022	420	88.235	34	4	44.6
MW435436.1	k141_123244	25507	92.151	9594	389	13916
MW435436.1	k141_123244	25507	92.151	9594	389	13916
MW435436.1	k141_123244	25507	88.908	8006	535	10582
MW435436.1	k141_123244	25507	88.908	8006	535	10582
MW435436.1	k141_123244	25507	92.505	3162	131	4644
MW435436.1	k141_123244	25507	92.505	3162	131	4644
MW435436.1	k141_123244	25507	85.043	2300	255	2592
MW435436.1	k141_123244	25507	85.043	2300	255	2592
MW435436.1	k141_123244	25507	95.362	1272	53	2021
MW435436.1	k141_123244	25507	95.362	1272	53	2021
MW435436.1	k141_123244	25507	91.148	723	59	1012
MW435436.1	k141_123244	25507	91.148	723	59	1012
MW435436.1	k141_123244	25507	87.428	692	49	859
MW435436.1	k141_123244	25507	87.428	692	49	859
MW435436.1	k141_123244	25507	92.857	42	3	63.5
MW435436.1	k141_82458	80363	81.733	8562	1255	8326
MW435436.1	k141_82458	80363	89.109	5665	511	7432
MW435436.1	k141_82458	80363	87.018	4098	483	4996
MW435436.1	k141_82458	80363	83.425	4549	554	4782
MW435436.1	k141_82458	80363	80.634	5138	678	4728
MW435436.1	k141_82458	80363	90.872	2662	222	3684
MW435436.1	k141_82458	80363	84.204	3064	376	3315
MW435436.1	k141_82458	80363	76.870	4345	701	3273
MW435436.1	k141_82458	80363	82.450	2000	289	2013
MW435436.1	k141_82458	80363	83.848	1845	240	1992
MW435436.1	k141_82458	80363	82.845	1842	259	1877
MW435436.1	k141_82458	80363	77.236	1845	222	1424
MW435436.1	k141_82458	80363	77.792	1585	274	1266
MW435436.1	k141_82458	80363	72.635	2262	336	1251
MW435436.1	k141_82458	80363	81.766	1223	137	1197
MW435436.1	k141_82458	80363	73.265	2061	420	1171
MW435436.1	k141_82458	80363	75.613	1468	228	985
MW435436.1	k141_82458	80363	88.717	647	71	836
MW435436.1	k141_82458	80363	79.516	991	138	801
MW435436.1	k141_82458	80363	85.201	696	71	793
MW435436.1	k141_82458	80363	83.748	683	99	716
MW435436.1	k141_82458	80363	86.667	525	67	621
MW435436.1	k141_82458	80363	76.758	839	137	615
MW435436.1	k141_82458	80363	74.856	871	165	552
MW435436.1	k141_82458	80363	83.925	479	77	517
MW435436.1	k141_82458	80363	91.740	339	22	478
MW435436.1	k141_82458	80363	82.262	451	62	452
MW435436.1	k141_82458	80363	74.499	698	123	444
MW435436.1	k141_82458	80363	72.673	666	120	383
MW435436.1	k141_82458	80363	76.245	522	88	370
MW435436.1	k141_82458	80363	78.372	430	55	351
MW435436.1	k141_82458	80363	84.516	310	46	336
MW435436.1	k141_82458	80363	81.176	340	40	324
MW435436.1	k141_82458	80363	73.374	492	46	297
MW435436.1	k141_82458	80363	89.655	203	20	269
MW435436.1	k141_82458	80363	89.655	203	20	269
MW435436.1	k141_82458	80363	79.371	286	50	245
MW435436.1	k141_82458	80363	84.821	224	23	243
MW435436.1	k141_82458	80363	91.837	147	12	212
MW435436.1	k141_82458	80363	80.247	243	30	198
MW435436.1	k141_82458	80363	92.913	127	9	189
MW435436.1	k141_82458	80363	76.812	276	40	187
MW435436.1	k141_82458	80363	89.781	137	14	185
MW435436.1	k141_82458	80363	89.781	137	14	185
MW435436.1	k141_82458	80363	83.429	175	19	181
MW435436.1	k141_82458	80363	94.444	108	6	168
MW435436.1	k141_82458	80363	90.517	116	7	159
MW435436.1	k141_82458	80363	67.031	549	159	159
MW435436.1	k141_82458	80363	74.708	257	39	154
MW435436.1	k141_82458	80363	80.588	170	23	145
MW435436.1	k141_82458	80363	86.777	121	9	144
MW435436.1	k141_82458	80363	100.000	76	0	138
MW435436.1	k141_82458	80363	66.425	551	161	123
MW435436.1	k141_82458	80363	95.946	74	2	117
MW435436.1	k141_82458	80363	85.294	68	7	68.0
MW435436.1	k141_82458	80363	86.667	45	6	55.4
MW435436.1	k141_82458	80363	86.667	45	6	55.4
MW435436.1	k141_82458	80363	80.851	47	8	41.9
MW435436.1	k141_82458	80363	74.194	62	16	41.0
MW435436.1	k141_109629	17135	78.773	3472	598	2902
MW435436.1	k141_109629	17135	85.472	2127	279	2452
MW435436.1	k141_109629	17135	80.106	2267	412	2046
MW435436.1	k141_109629	17135	80.030	1988	358	1786
MW435436.1	k141_109629	17135	75.803	2178	342	1508
MW435436.1	k141_109629	17135	69.027	2570	577	1064
MW435436.1	k141_109629	17135	79.696	1118	175	964
MW435436.1	k141_109629	17135	70.148	1216	270	528
MW435436.1	k141_109629	17135	95.238	42	2	68.0
MW435436.1	k141_109629	17135	95.238	42	2	68.0
MW435436.1	k141_113485	6313	75.141	531	123	353
MW435436.1	k141_113485	6313	75.141	531	123	353
MW435436.1	k141_113485	6313	75.325	462	93	289
MW435436.1	k141_113485	6313	75.325	462	93	289
MW435436.1	k141_113485	6313	75.556	135	31	93.3
MW435436.1	k141_113485	6313	75.556	135	31	93.3
MW435436.1	k141_113485	6313	71.975	157	39	77.0
MW435436.1	k141_113485	6313	71.975	157	39	77.0
MW435436.1	k141_73455	5179	72.904	513	119	272
MW435436.1	k141_73455	5179	72.904	513	119	272
MW435436.1	k141_73455	5179	78.409	264	55	213
MW435436.1	k141_73455	5179	78.409	264	55	213
MW435436.1	k141_73455	5179	81.707	164	30	161
MW435436.1	k141_73455	5179	81.707	164	30	161
MW435436.1	k141_73455	5179	84.706	85	13	96.0
MW435436.1	k141_73455	5179	84.706	85	13	96.0
MW435436.1	k141_73455	5179	86.885	61	8	75.2
MW435436.1	k141_73455	5179	86.885	61	8	75.2
MW435436.1	k141_127335	3277	67.219	784	216	243
MW435436.1	k141_21580	433	77.474	293	44	224
MW435436.1	k141_21580	433	77.474	293	44	224
MW435436.1	k141_87368	322	84.795	171	24	189
MW435436.1	k141_87368	322	84.795	171	24	189
MW435436.1	k141_128295	576	81.507	146	17	138
MW435436.1	k141_128295	576	81.507	146	17	138
MW435436.1	k141_9843	2348	96.203	79	3	130
MW435436.1	k141_110549	2883	90.909	77	7	108
MW435436.1	k141_125015	372	82.692	104	18	107
MW435436.1	k141_49123	369	78.151	119	26	98.7
MW435436.1	k141_49123	369	74.286	70	18	46.4
MW435436.1	k141_35110	470	83.146	89	15	94.2
MW435436.1	k141_28603	375	82.716	81	5	87.8
MW435436.1	k141_28603	375	82.716	81	5	87.8
MW435436.1	k141_58287	388	94.444	54	3	85.1
MW435436.1	k141_58287	388	94.444	54	3	85.1
MW435436.1	k141_28848	9524	70.879	182	49	85.1
MW435436.1	k141_28848	9524	70.879	182	49	85.1
MW435436.1	k141_67418	1036	94.340	53	3	83.3
MW435436.1	k141_67418	1036	94.340	53	3	83.3
MW435436.1	k141_80684	353	84.932	73	11	83.3
MW435436.1	k141_52625	890	88.710	62	2	77.0
MW435436.1	k141_41009	593	84.615	65	10	73.4
MW435436.1	k141_104594	1220	89.583	48	5	65.3
MW435436.1	k141_104594	1220	89.583	48	5	65.3
MW435436.1	k141_1392	922	79.452	73	15	65.3
MW435436.1	k141_1392	922	79.452	73	15	65.3
MW435436.1	k141_94063	607	89.583	48	5	65.3
MW435436.1	k141_27621	8306	76.250	80	19	59.9
MW435436.1	k141_27621	8306	76.250	80	19	59.9
MW435436.1	k141_3644	9122	75.000	80	20	55.4
MW435436.1	k141_3644	9122	75.000	80	20	55.4
MW435436.1	k141_26306	410	88.095	42	5	54.5
MW435436.1	k141_57217	344	87.805	41	5	52.7
MW435436.1	k141_57217	344	87.805	41	5	52.7
MW435436.1	k141_94297	367	83.333	48	8	51.8
MW435436.1	k141_97997	440	88.571	35	4	46.4
MW435436.1	k141_97997	440	88.571	35	4	46.4
MW435436.1	k141_79029	406	86.111	36	5	43.7
MW435436.1	k141_79029	406	86.111	36	5	43.7
NC_037882.1	k141_82458	80363	84.268	12592	1589	13743
NC_037882.1	k141_82458	80363	89.772	5690	534	7578
NC_037882.1	k141_82458	80363	80.715	5538	690	5139
NC_037882.1	k141_82458	80363	85.048	4548	526	5077
NC_037882.1	k141_82458	80363	88.579	3047	243	3909
NC_037882.1	k141_82458	80363	85.856	3026	333	3501
NC_037882.1	k141_82458	80363	77.922	4312	692	3480
NC_037882.1	k141_82458	80363	82.278	2827	368	2825
NC_037882.1	k141_82458	80363	76.083	3738	538	2626
NC_037882.1	k141_82458	80363	84.319	1945	248	2135
NC_037882.1	k141_82458	80363	85.233	1842	222	2092
NC_037882.1	k141_82458	80363	78.299	2258	259	1869
NC_037882.1	k141_82458	80363	80.584	1643	202	1554
NC_037882.1	k141_82458	80363	78.884	1738	292	1458
NC_037882.1	k141_82458	80363	89.372	828	65	1095
NC_037882.1	k141_82458	80363	75.118	1487	247	990
NC_037882.1	k141_82458	80363	75.017	1453	238	957
NC_037882.1	k141_82458	80363	79.020	1020	131	833
NC_037882.1	k141_82458	80363	84.284	719	90	777
NC_037882.1	k141_82458	80363	74.327	1188	210	705
NC_037882.1	k141_82458	80363	73.184	1253	207	695
NC_037882.1	k141_82458	80363	73.710	1008	130	610
NC_037882.1	k141_82458	80363	81.908	608	94	580
NC_037882.1	k141_82458	80363	75.931	698	109	497
NC_037882.1	k141_82458	80363	69.844	1154	200	475
NC_037882.1	k141_82458	80363	89.080	348	22	453
NC_037882.1	k141_82458	80363	80.139	433	61	371
NC_037882.1	k141_82458	80363	72.727	517	86	315
NC_037882.1	k141_82458	80363	79.868	303	45	255
NC_037882.1	k141_82458	80363	81.853	259	36	243
NC_037882.1	k141_82458	80363	90.476	168	16	232
NC_037882.1	k141_82458	80363	81.604	212	30	211
NC_037882.1	k141_82458	80363	83.417	199	17	207
NC_037882.1	k141_82458	80363	78.800	250	40	202
NC_037882.1	k141_82458	80363	79.621	211	33	178
NC_037882.1	k141_82458	80363	87.234	141	18	174
NC_037882.1	k141_82458	80363	87.234	141	18	174
NC_037882.1	k141_82458	80363	96.970	99	3	166
NC_037882.1	k141_82458	80363	83.226	155	20	159
NC_037882.1	k141_82458	80363	88.710	124	12	159
NC_037882.1	k141_82458	80363	95.506	89	4	143
NC_037882.1	k141_82458	80363	89.000	100	3	130
NC_037882.1	k141_82458	80363	89.655	87	9	117
NC_037882.1	k141_82458	80363	65.595	529	156	113
NC_037882.1	k141_82458	80363	66.000	550	165	111
NC_037882.1	k141_82458	80363	82.432	74	12	72.5
NC_037882.1	k141_82458	80363	90.476	42	4	59.0
NC_037882.1	k141_82458	80363	68.276	145	36	55.4
NC_037882.1	k141_82458	80363	74.194	62	16	41.0
NC_037882.1	k141_123244	25507	93.723	9049	296	13706
NC_037882.1	k141_123244	25507	93.723	9049	296	13706
NC_037882.1	k141_123244	25507	90.129	7436	441	10239
NC_037882.1	k141_123244	25507	90.129	7436	441	10239
NC_037882.1	k141_123244	25507	92.666	3177	106	4708
NC_037882.1	k141_123244	25507	92.666	3177	106	4708
NC_037882.1	k141_123244	25507	83.333	2466	298	2598
NC_037882.1	k141_123244	25507	88.276	1868	130	2381
NC_037882.1	k141_123244	25507	96.011	1429	41	2331
NC_037882.1	k141_123244	25507	96.011	1429	41	2331
NC_037882.1	k141_123244	25507	90.098	1424	88	1940
NC_037882.1	k141_123244	25507	90.098	1424	88	1940
NC_037882.1	k141_123244	25507	84.634	423	20	471
NC_037882.1	k141_123244	25507	84.634	423	20	471
NC_037882.1	k141_123244	25507	95.238	42	2	68.0
NC_037882.1	k141_109629	17135	82.042	2723	358	2735
NC_037882.1	k141_109629	17135	83.758	2001	299	2131
NC_037882.1	k141_109629	17135	80.876	2259	407	2104
NC_037882.1	k141_109629	17135	83.039	1474	214	1483
NC_037882.1	k141_109629	17135	68.090	2927	701	1017
NC_037882.1	k141_109629	17135	79.512	1147	183	989
NC_037882.1	k141_109629	17135	77.859	1233	233	971
NC_037882.1	k141_109629	17135	69.213	877	226	360
NC_037882.1	k141_109629	17135	92.857	42	3	63.5
NC_037882.1	k141_109629	17135	92.857	42	3	63.5
NC_037882.1	k141_113485	6313	74.953	531	124	349
NC_037882.1	k141_113485	6313	74.953	531	124	349
NC_037882.1	k141_113485	6313	75.325	462	93	289
NC_037882.1	k141_113485	6313	75.325	462	93	289
NC_037882.1	k141_113485	6313	75.735	136	31	95.1
NC_037882.1	k141_113485	6313	75.735	136	31	95.1
NC_037882.1	k141_113485	6313	71.975	157	39	77.0
NC_037882.1	k141_113485	6313	71.975	157	39	77.0
NC_037882.1	k141_73455	5179	72.941	510	124	275
NC_037882.1	k141_73455	5179	72.941	510	124	275
NC_037882.1	k141_73455	5179	78.409	264	55	213
NC_037882.1	k141_73455	5179	78.409	264	55	213
NC_037882.1	k141_73455	5179	81.707	164	30	161
NC_037882.1	k141_73455	5179	81.707	164	30	161
NC_037882.1	k141_73455	5179	84.706	85	13	96.0
NC_037882.1	k141_73455	5179	84.706	85	13	96.0
NC_037882.1	k141_73455	5179	86.885	61	8	75.2
NC_037882.1	k141_73455	5179	86.885	61	8	75.2
NC_037882.1	k141_21580	433	79.181	293	39	242
NC_037882.1	k141_21580	433	79.181	293	39	242
NC_037882.1	k141_127335	3277	68.049	651	196	221
NC_037882.1	k141_127335	3277	74.026	77	20	50.0
NC_037882.1	k141_87368	322	85.629	167	22	191
NC_037882.1	k141_87368	322	85.629	167	22	191
NC_037882.1	k141_128295	576	81.507	146	17	138
NC_037882.1	k141_128295	576	81.507	146	17	138
NC_037882.1	k141_9843	2348	96.203	79	3	130
NC_037882.1	k141_125015	372	85.567	97	14	113
NC_037882.1	k141_88003	485	85.567	97	14	113
NC_037882.1	k141_49123	369	79.832	119	24	107
NC_037882.1	k141_49123	369	77.143	70	16	55.4
NC_037882.1	k141_110549	2883	90.541	74	7	103
NC_037882.1	k141_47197	572	77.273	132	20	99.6
NC_037882.1	k141_74673	656	82.955	88	15	92.4
NC_037882.1	k141_58287	388	96.296	54	2	89.7
NC_037882.1	k141_58287	388	96.296	54	2	89.7
NC_037882.1	k141_35110	470	81.818	88	16	87.8
NC_037882.1	k141_28848	9524	70.466	193	53	86.9
NC_037882.1	k141_28848	9524	70.466	193	53	86.9
NC_037882.1	k141_67418	1036	94.545	55	3	86.9
NC_037882.1	k141_67418	1036	94.545	55	3	86.9
NC_037882.1	k141_52625	890	90.323	62	1	81.5
NC_037882.1	k141_125980	937	89.655	58	6	78.8
NC_037882.1	k141_3644	9122	81.250	80	15	77.9
NC_037882.1	k141_91887	474	79.747	79	16	71.6
NC_037882.1	k141_28603	375	76.136	88	5	70.7
NC_037882.1	k141_28603	375	76.136	88	5	70.7
NC_037882.1	k141_1392	922	80.822	73	14	69.8
NC_037882.1	k141_80684	353	80.822	73	14	69.8
NC_037882.1	k141_94063	607	89.583	48	5	65.3
NC_037882.1	k141_41009	593	81.538	65	12	64.4
NC_037882.1	k141_94297	367	85.417	48	7	56.3
NC_037882.1	k141_27621	8306	75.000	80	20	55.4
NC_037882.1	k141_27621	8306	75.000	80	20	55.4
NC_037882.1	k141_26306	410	88.095	42	5	54.5
NC_037882.1	k141_92505	558	81.818	55	7	44.6
NC_037882.1	k141_79029	406	86.111	36	5	43.7
NC_037882.1	k141_57429	532	80.000	45	9	41.9
NC_056190.1	k141_123244	25507	93.836	8306	277	12640
NC_056190.1	k141_123244	25507	93.836	8306	277	12640
NC_056190.1	k141_123244	25507	89.256	7297	497	9753
NC_056190.1	k141_123244	25507	89.256	7297	497	9753
NC_056190.1	k141_123244	25507	89.613	3562	160	4833
NC_056190.1	k141_123244	25507	89.613	3562	160	4833
NC_056190.1	k141_123244	25507	96.501	1429	50	2352
NC_056190.1	k141_123244	25507	96.501	1429	50	2352
NC_056190.1	k141_123244	25507	89.240	1394	97	1846
NC_056190.1	k141_123244	25507	89.240	1394	97	1846
NC_056190.1	k141_123244	25507	82.480	1016	73	1031
NC_056190.1	k141_123244	25507	82.480	1016	73	1031
NC_056190.1	k141_123244	25507	91.365	718	55	1009
NC_056190.1	k141_123244	25507	88.776	686	45	893
NC_056190.1	k141_123244	25507	88.776	686	45	893
NC_056190.1	k141_123244	25507	93.750	528	26	797
NC_056190.1	k141_123244	25507	68.102	627	167	224
NC_056190.1	k141_123244	25507	68.102	627	167	224
NC_056190.1	k141_123244	25507	97.619	42	1	72.5
NC_056190.1	k141_123244	25507	97.619	42	1	72.5
NC_056190.1	k141_123244	25507	95.122	41	2	66.2
NC_056190.1	k141_82458	80363	81.549	8287	1240	7988
NC_056190.1	k141_82458	80363	90.439	5418	473	7391
NC_056190.1	k141_82458	80363	85.884	4300	522	5032
NC_056190.1	k141_82458	80363	79.408	4866	666	4156
NC_056190.1	k141_82458	80363	77.851	4867	714	3912
NC_056190.1	k141_82458	80363	87.881	2987	274	3767
NC_056190.1	k141_82458	80363	76.865	3981	695	2943
NC_056190.1	k141_82458	80363	86.907	2215	260	2656
NC_056190.1	k141_82458	80363	83.817	2342	302	2499
NC_056190.1	k141_82458	80363	73.552	3868	595	2286
NC_056190.1	k141_82458	80363	82.951	2182	284	2216
NC_056190.1	k141_82458	80363	82.232	1998	303	1974
NC_056190.1	k141_82458	80363	78.361	1830	252	1492
NC_056190.1	k141_82458	80363	79.811	1585	212	1428
NC_056190.1	k141_82458	80363	78.062	1527	292	1247
NC_056190.1	k141_82458	80363	72.696	2289	453	1236
NC_056190.1	k141_82458	80363	85.687	1055	101	1205
NC_056190.1	k141_82458	80363	80.796	1005	118	948
NC_056190.1	k141_82458	80363	79.102	1091	142	941
NC_056190.1	k141_82458	80363	87.382	634	78	781
NC_056190.1	k141_82458	80363	76.376	999	156	725
NC_056190.1	k141_82458	80363	83.136	676	97	699
NC_056190.1	k141_82458	80363	72.323	990	149	519
NC_056190.1	k141_82458	80363	77.429	638	101	487
NC_056190.1	k141_82458	80363	69.104	1217	243	458
NC_056190.1	k141_82458	80363	75.468	587	74	406
NC_056190.1	k141_82458	80363	85.897	312	41	359
NC_056190.1	k141_82458	80363	84.918	305	28	355
NC_056190.1	k141_82458	80363	72.249	627	104	329
NC_056190.1	k141_82458	80363	82.869	251	31	252
NC_056190.1	k141_82458	80363	91.329	173	15	245
NC_056190.1	k141_82458	80363	84.071	226	34	243
NC_056190.1	k141_82458	80363	70.763	472	56	241
NC_056190.1	k141_82458	80363	81.897	232	38	215
NC_056190.1	k141_82458	80363	79.283	251	36	215
NC_056190.1	k141_82458	80363	86.709	158	18	185
NC_056190.1	k141_82458	80363	85.612	139	20	161
NC_056190.1	k141_82458	80363	94.059	101	6	156
NC_056190.1	k141_82458	80363	85.833	120	12	136
NC_056190.1	k141_82458	80363	100.000	75	0	136
NC_056190.1	k141_82458	80363	97.500	80	2	136
NC_056190.1	k141_82458	80363	94.253	87	2	129
NC_056190.1	k141_82458	80363	93.976	83	3	125
NC_056190.1	k141_82458	80363	65.195	589	181	115
NC_056190.1	k141_82458	80363	74.545	165	42	109
NC_056190.1	k141_82458	80363	82.692	52	9	54.5
NC_056190.1	k141_82458	80363	84.444	45	7	50.9
NC_056190.1	k141_82458	80363	84.444	45	7	50.9
NC_056190.1	k141_82458	80363	74.194	62	16	41.0
NC_056190.1	k141_109629	17135	76.524	3331	555	2439
NC_056190.1	k141_109629	17135	67.439	3882	904	1267
NC_056190.1	k141_109629	17135	80.380	999	148	926
NC_056190.1	k141_109629	17135	76.490	1225	232	894
NC_056190.1	k141_109629	17135	82.003	689	100	674
NC_056190.1	k141_109629	17135	80.640	594	109	541
NC_056190.1	k141_109629	17135	83.881	335	44	366
NC_056190.1	k141_109629	17135	77.852	298	51	223
NC_056190.1	k141_109629	17135	76.642	137	29	97.8
NC_056190.1	k141_109629	17135	97.368	38	1	65.3
NC_056190.1	k141_109629	17135	97.368	38	1	65.3
NC_056190.1	k141_113485	6313	74.953	531	124	349
NC_056190.1	k141_113485	6313	74.953	531	124	349
NC_056190.1	k141_113485	6313	75.325	462	93	289
NC_056190.1	k141_113485	6313	75.325	462	93	289
NC_056190.1	k141_113485	6313	80.412	97	19	90.6
NC_056190.1	k141_113485	6313	80.412	97	19	90.6
NC_056190.1	k141_113485	6313	71.975	157	39	77.0
NC_056190.1	k141_113485	6313	71.975	157	39	77.0
NC_056190.1	k141_127335	3277	67.356	919	237	281
NC_056190.1	k141_73455	5179	73.137	510	123	279
NC_056190.1	k141_73455	5179	73.137	510	123	279
NC_056190.1	k141_73455	5179	78.030	264	56	208
NC_056190.1	k141_73455	5179	78.030	264	56	208
NC_056190.1	k141_73455	5179	81.143	175	33	168
NC_056190.1	k141_73455	5179	81.143	175	33	168
NC_056190.1	k141_73455	5179	84.706	85	13	96.0
NC_056190.1	k141_73455	5179	84.706	85	13	96.0
NC_056190.1	k141_73455	5179	86.885	61	8	75.2
NC_056190.1	k141_73455	5179	86.885	61	8	75.2
NC_056190.1	k141_21580	433	76.531	294	46	209
NC_056190.1	k141_21580	433	76.531	294	46	209
NC_056190.1	k141_87368	322	86.550	171	21	203
NC_056190.1	k141_87368	322	86.550	171	21	203
NC_056190.1	k141_128295	576	82.192	146	16	142
NC_056190.1	k141_128295	576	82.192	146	16	142
NC_056190.1	k141_9843	2348	97.500	80	2	136
NC_056190.1	k141_47197	572	78.481	158	24	128
NC_056190.1	k141_110549	2883	93.243	74	5	112
NC_056190.1	k141_125015	372	82.178	101	18	102
NC_056190.1	k141_58287	388	96.296	54	2	89.7
NC_056190.1	k141_58287	388	96.296	54	2	89.7
NC_056190.1	k141_49123	369	76.471	119	28	89.7
NC_056190.1	k141_49123	369	77.049	61	14	48.2
NC_056190.1	k141_125980	937	93.103	58	4	87.8
NC_056190.1	k141_35110	470	81.818	88	16	87.8
NC_056190.1	k141_67418	1036	92.727	55	4	82.4
NC_056190.1	k141_67418	1036	92.727	55	4	82.4
NC_056190.1	k141_28603	375	80.247	81	7	78.8
NC_056190.1	k141_28603	375	80.247	81	7	78.8
NC_056190.1	k141_85610	833	84.615	65	8	70.7
NC_056190.1	k141_41009	593	83.077	65	11	68.9
NC_056190.1	k141_94063	607	87.500	48	6	60.8
NC_056190.1	k141_57217	344	90.244	41	4	57.2
NC_056190.1	k141_57217	344	90.244	41	4	57.2
NC_056190.1	k141_113922	446	90.244	41	4	57.2
NC_056190.1	k141_113922	446	90.244	41	4	57.2
NC_056190.1	k141_27621	8306	80.702	57	11	54.5
NC_056190.1	k141_27621	8306	80.702	57	11	54.5
NC_056190.1	k141_94297	367	83.333	48	8	51.8
NC_056190.1	k141_26306	410	85.714	42	6	50.0
MN564931.1	k141_82458	80363	83.772	17094	2095	18244
MN564931.1	k141_82458	80363	89.331	6205	522	8175
MN564931.1	k141_82458	80363	81.662	5873	728	5614
MN564931.1	k141_82458	80363	83.751	4548	503	4908
MN564931.1	k141_82458	80363	91.570	2681	200	3800
MN564931.1	k141_82458	80363	79.104	4173	657	3545
MN564931.1	k141_82458	80363	86.765	1836	202	2204
MN564931.1	k141_82458	80363	84.462	1950	254	2123
MN564931.1	k141_82458	80363	79.064	2436	273	2087
MN564931.1	k141_82458	80363	77.020	2772	402	2015
MN564931.1	k141_82458	80363	81.814	2062	286	1996
MN564931.1	k141_82458	80363	77.315	2257	367	1736
MN564931.1	k141_82458	80363	83.161	1544	185	1613
MN564931.1	k141_82458	80363	87.500	1152	104	1416
MN564931.1	k141_82458	80363	77.955	1633	286	1295
MN564931.1	k141_82458	80363	79.100	1000	123	836
MN564931.1	k141_82458	80363	87.370	673	70	827
MN564931.1	k141_82458	80363	85.879	694	84	792
MN564931.1	k141_82458	80363	85.546	678	85	780
MN564931.1	k141_82458	80363	72.028	1287	232	656
MN564931.1	k141_82458	80363	75.667	937	154	626
MN564931.1	k141_82458	80363	75.000	960	151	618
MN564931.1	k141_82458	80363	78.097	557	78	436
MN564931.1	k141_82458	80363	83.551	383	52	404
MN564931.1	k141_82458	80363	72.796	658	76	401
MN564931.1	k141_82458	80363	87.248	298	38	367
MN564931.1	k141_82458	80363	82.313	294	36	293
MN564931.1	k141_82458	80363	86.636	217	29	261
MN564931.1	k141_82458	80363	72.222	432	42	260
MN564931.1	k141_82458	80363	84.649	228	15	259
MN564931.1	k141_82458	80363	78.205	312	48	239
MN564931.1	k141_82458	80363	78.832	274	33	229
MN564931.1	k141_82458	80363	79.518	249	40	216
MN564931.1	k141_82458	80363	90.506	158	14	214
MN564931.1	k141_82458	80363	82.353	221	29	210
MN564931.1	k141_82458	80363	69.767	516	122	205
MN564931.1	k141_82458	80363	90.071	141	14	192
MN564931.1	k141_82458	80363	81.183	186	22	177
MN564931.1	k141_82458	80363	85.235	149	14	173
MN564931.1	k141_82458	80363	97.701	87	2	149
MN564931.1	k141_82458	80363	67.669	532	150	146
MN564931.1	k141_82458	80363	100.000	79	0	143
MN564931.1	k141_82458	80363	86.087	115	9	138
MN564931.1	k141_82458	80363	91.753	97	7	136
MN564931.1	k141_82458	80363	65.025	589	182	120
MN564931.1	k141_82458	80363	92.857	42	3	63.5
MN564931.1	k141_82458	80363	73.786	103	25	58.1
MN564931.1	k141_82458	80363	88.372	43	5	56.3
MN564931.1	k141_82458	80363	86.667	45	6	55.4
MN564931.1	k141_82458	80363	86.667	45	6	55.4
MN564931.1	k141_82458	80363	82.979	47	8	50.0
MN564931.1	k141_82458	80363	74.194	62	16	41.0
MN564931.1	k141_123244	25507	94.425	8394	255	12995
MN564931.1	k141_123244	25507	94.425	8394	255	12995
MN564931.1	k141_123244	25507	89.607	4580	235	6165
MN564931.1	k141_123244	25507	89.607	4580	235	6165
MN564931.1	k141_123244	25507	84.588	3880	358	4410
MN564931.1	k141_123244	25507	84.588	3880	358	4410
MN564931.1	k141_123244	25507	96.785	1431	37	2378
MN564931.1	k141_123244	25507	96.785	1431	37	2378
MN564931.1	k141_123244	25507	85.201	1196	123	1377
MN564931.1	k141_123244	25507	85.201	1196	123	1377
MN564931.1	k141_123244	25507	93.750	720	39	1088
MN564931.1	k141_123244	25507	82.642	1037	64	1078
MN564931.1	k141_123244	25507	82.642	1037	64	1078
MN564931.1	k141_123244	25507	94.684	602	26	934
MN564931.1	k141_123244	25507	87.288	708	49	877
MN564931.1	k141_123244	25507	87.288	708	49	877
MN564931.1	k141_123244	25507	87.446	693	42	863
MN564931.1	k141_123244	25507	87.446	693	42	863
MN564931.1	k141_123244	25507	85.133	565	52	647
MN564931.1	k141_123244	25507	85.133	565	52	647
MN564931.1	k141_123244	25507	85.451	488	50	566
MN564931.1	k141_123244	25507	85.451	488	50	566
MN564931.1	k141_123244	25507	77.815	595	95	485
MN564931.1	k141_123244	25507	77.815	595	95	485
MN564931.1	k141_123244	25507	87.730	326	28	415
MN564931.1	k141_123244	25507	87.730	326	28	415
MN564931.1	k141_123244	25507	96.226	159	4	258
MN564931.1	k141_123244	25507	96.226	159	4	258
MN564931.1	k141_123244	25507	72.832	173	44	95.1
MN564931.1	k141_123244	25507	72.832	173	44	95.1
MN564931.1	k141_123244	25507	97.619	42	1	72.5
MN564931.1	k141_123244	25507	90.476	42	4	59.0
MN564931.1	k141_109629	17135	80.843	3487	509	3241
MN564931.1	k141_109629	17135	75.390	4226	742	2909
MN564931.1	k141_109629	17135	81.100	2254	378	2125
MN564931.1	k141_109629	17135	83.896	1422	190	1523
MN564931.1	k141_109629	17135	81.466	1160	160	1092
MN564931.1	k141_109629	17135	66.942	1210	297	360
MN564931.1	k141_109629	17135	63.733	1795	381	352
MN564931.1	k141_109629	17135	63.733	1795	381	352
MN564931.1	k141_109629	17135	82.724	301	42	305
MN564931.1	k141_109629	17135	64.783	460	114	107
MN564931.1	k141_109629	17135	64.783	460	114	107
MN564931.1	k141_109629	17135	80.556	72	14	68.0
MN564931.1	k141_109629	17135	80.556	72	14	68.0
MN564931.1	k141_109629	17135	95.238	42	2	68.0
MN564931.1	k141_109629	17135	95.238	42	2	68.0
MN564931.1	k141_113485	6313	74.388	531	127	335
MN564931.1	k141_113485	6313	74.388	531	127	335
MN564931.1	k141_113485	6313	75.000	460	98	282
MN564931.1	k141_113485	6313	75.000	460	98	282
MN564931.1	k141_113485	6313	75.556	135	31	93.3
MN564931.1	k141_113485	6313	75.556	135	31	93.3
MN564931.1	k141_113485	6313	71.975	157	39	77.0
MN564931.1	k141_113485	6313	71.975	157	39	77.0
MN564931.1	k141_73455	5179	73.137	510	123	279
MN564931.1	k141_73455	5179	73.137	510	123	279
MN564931.1	k141_73455	5179	78.409	264	55	213
MN564931.1	k141_73455	5179	78.409	264	55	213
MN564931.1	k141_73455	5179	81.707	164	30	161
MN564931.1	k141_73455	5179	81.707	164	30	161
MN564931.1	k141_73455	5179	84.706	85	13	96.0
MN564931.1	k141_73455	5179	84.706	85	13	96.0
MN564931.1	k141_73455	5179	86.885	61	8	75.2
MN564931.1	k141_73455	5179	86.885	61	8	75.2
MN564931.1	k141_127335	3277	67.258	846	238	259
MN564931.1	k141_21580	433	78.498	293	41	238
MN564931.1	k141_21580	433	78.498	293	41	238
MN564931.1	k141_87368	322	84.795	171	24	189
MN564931.1	k141_87368	322	84.795	171	24	189
MN564931.1	k141_47197	572	79.114	158	24	136
MN564931.1	k141_9843	2348	97.468	79	2	134
MN564931.1	k141_128295	576	80.822	146	18	133
MN564931.1	k141_128295	576	80.822	146	18	133
MN564931.1	k141_110549	2883	93.151	73	5	110
MN564931.1	k141_125015	372	83.168	101	17	106
MN564931.1	k141_49123	369	78.151	119	26	98.7
MN564931.1	k141_49123	369	77.143	70	16	55.4
MN564931.1	k141_28848	9524	71.503	193	51	96.0
MN564931.1	k141_28848	9524	71.503	193	51	96.0
MN564931.1	k141_35110	470	83.146	89	15	94.2
MN564931.1	k141_85610	833	88.312	77	6	93.3
MN564931.1	k141_64355	358	88.312	77	6	93.3
MN564931.1	k141_58287	388	96.296	54	2	89.7
MN564931.1	k141_58287	388	96.296	54	2	89.7
MN564931.1	k141_113922	446	86.486	74	10	89.7
MN564931.1	k141_113922	446	86.486	74	10	89.7
MN564931.1	k141_80684	353	87.324	71	9	88.7
MN564931.1	k141_41009	593	89.231	65	7	86.9
MN564931.1	k141_74673	656	77.228	101	14	78.8
MN564931.1	k141_125980	937	89.286	56	6	75.2
MN564931.1	k141_3644	9122	71.429	133	38	69.8
MN564931.1	k141_94063	607	83.607	61	10	66.2
MN564931.1	k141_94297	367	87.500	48	6	60.8
MN564931.1	k141_53421	357	88.636	44	5	58.1
MN564931.1	k141_53421	357	88.636	44	5	58.1
MN564931.1	k141_57217	344	90.244	41	4	57.2
MN564931.1	k141_57217	344	90.244	41	4	57.2
MN564931.1	k141_27621	8306	75.000	80	20	55.4
MN564931.1	k141_27621	8306	75.000	80	20	55.4
MN564931.1	k141_123933	439	78.125	64	14	53.6
MN564931.1	k141_26306	410	87.805	41	5	52.7
MN564931.1	k141_79029	406	85.366	41	5	44.6
NC_031651.1	k141_123244	25507	92.259	9534	390	13852
NC_031651.1	k141_123244	25507	92.259	9534	390	13852
NC_031651.1	k141_123244	25507	88.290	7105	558	9161
NC_031651.1	k141_123244	25507	88.290	7105	558	9161
NC_031651.1	k141_123244	25507	90.469	3179	155	4424
NC_031651.1	k141_123244	25507	90.469	3179	155	4424
NC_031651.1	k141_123244	25507	96.221	1429	53	2331
NC_031651.1	k141_123244	25507	96.221	1429	53	2331
NC_031651.1	k141_123244	25507	79.400	1534	239	1335
NC_031651.1	k141_123244	25507	86.184	760	63	922
NC_031651.1	k141_123244	25507	87.318	686	55	847
NC_031651.1	k141_123244	25507	87.318	686	55	847
NC_031651.1	k141_123244	25507	95.078	447	22	708
NC_031651.1	k141_123244	25507	83.519	540	53	579
NC_031651.1	k141_123244	25507	83.519	540	53	579
NC_031651.1	k141_123244	25507	84.034	476	42	502
NC_031651.1	k141_123244	25507	84.034	476	42	502
NC_031651.1	k141_123244	25507	91.379	58	5	83.3
NC_031651.1	k141_123244	25507	95.238	42	2	68.0
NC_031651.1	k141_123244	25507	95.238	42	2	68.0
NC_031651.1	k141_123244	25507	95.238	42	2	68.0
NC_031651.1	k141_82458	80363	82.789	12672	1744	13004
NC_031651.1	k141_82458	80363	88.235	5712	583	7226
NC_031651.1	k141_82458	80363	77.411	5963	895	4625
NC_031651.1	k141_82458	80363	83.015	4398	584	4531
NC_031651.1	k141_82458	80363	88.642	2835	289	3642
NC_031651.1	k141_82458	80363	81.440	3152	422	3055
NC_031651.1	k141_82458	80363	76.186	4027	728	2886
NC_031651.1	k141_82458	80363	77.990	2676	439	2158
NC_031651.1	k141_82458	80363	84.980	1791	223	1996
NC_031651.1	k141_82458	80363	80.891	1952	317	1827
NC_031651.1	k141_82458	80363	76.892	2220	307	1674
NC_031651.1	k141_82458	80363	84.986	1039	110	1177
NC_031651.1	k141_82458	80363	75.835	1647	306	1160
NC_031651.1	k141_82458	80363	81.119	1001	139	963
NC_031651.1	k141_82458	80363	77.392	1296	177	959
NC_031651.1	k141_82458	80363	74.635	1439	241	922
NC_031651.1	k141_82458	80363	72.311	1571	323	843
NC_031651.1	k141_82458	80363	77.723	1019	154	773
NC_031651.1	k141_82458	80363	84.593	688	76	759
NC_031651.1	k141_82458	80363	85.477	661	92	755
NC_031651.1	k141_82458	80363	82.388	670	98	673
NC_031651.1	k141_82458	80363	73.070	1166	177	631
NC_031651.1	k141_82458	80363	78.933	712	82	616
NC_031651.1	k141_82458	80363	82.149	605	98	587
NC_031651.1	k141_82458	80363	71.956	1002	151	527
NC_031651.1	k141_82458	80363	74.891	689	107	455
NC_031651.1	k141_82458	80363	69.485	1242	235	450
NC_031651.1	k141_82458	80363	80.154	519	75	434
NC_031651.1	k141_82458	80363	76.040	505	90	353
NC_031651.1	k141_82458	80363	82.530	332	39	333
NC_031651.1	k141_82458	80363	78.756	386	41	324
NC_031651.1	k141_82458	80363	74.889	450	64	270
NC_031651.1	k141_82458	80363	84.332	217	25	229
NC_031651.1	k141_82458	80363	87.047	193	20	227
NC_031651.1	k141_82458	80363	79.583	240	36	215
NC_031651.1	k141_82458	80363	89.706	136	14	183
NC_031651.1	k141_82458	80363	86.667	150	14	182
NC_031651.1	k141_82458	80363	82.011	189	29	179
NC_031651.1	k141_82458	80363	87.838	148	16	179
NC_031651.1	k141_82458	80363	86.508	126	14	150
NC_031651.1	k141_82458	80363	98.701	77	1	135
NC_031651.1	k141_82458	80363	94.186	86	5	133
NC_031651.1	k141_82458	80363	98.667	75	1	132
NC_031651.1	k141_82458	80363	91.667	96	4	128
NC_031651.1	k141_82458	80363	77.301	163	26	120
NC_031651.1	k141_82458	80363	75.152	165	41	113
NC_031651.1	k141_82458	80363	80.165	121	24	111
NC_031651.1	k141_82458	80363	98.182	55	1	96.0
NC_031651.1	k141_82458	80363	86.667	45	6	55.4
NC_031651.1	k141_82458	80363	86.667	45	6	55.4
NC_031651.1	k141_82458	80363	80.851	47	8	41.9
NC_031651.1	k141_82458	80363	74.194	62	16	41.0
NC_031651.1	k141_109629	17135	79.604	4290	682	3727
NC_031651.1	k141_109629	17135	83.391	2017	305	2105
NC_031651.1	k141_109629	17135	79.766	2219	412	1975
NC_031651.1	k141_109629	17135	77.042	1224	230	920
NC_031651.1	k141_109629	17135	78.269	1109	207	882
NC_031651.1	k141_109629	17135	65.378	3853	949	858
NC_031651.1	k141_109629	17135	79.184	245	47	212
NC_031651.1	k141_109629	17135	95.238	42	2	68.0
NC_031651.1	k141_109629	17135	95.238	42	2	68.0
NC_031651.1	k141_109629	17135	97.297	37	1	63.5
NC_031651.1	k141_113485	6313	74.765	531	125	344
NC_031651.1	k141_113485	6313	74.765	531	125	344
NC_031651.1	k141_113485	6313	74.892	462	95	285
NC_031651.1	k141_113485	6313	74.892	462	95	285
NC_031651.1	k141_113485	6313	75.373	134	31	91.5
NC_031651.1	k141_113485	6313	75.373	134	31	91.5
NC_031651.1	k141_113485	6313	71.975	157	39	77.0
NC_031651.1	k141_113485	6313	71.975	157	39	77.0
NC_031651.1	k141_73455	5179	73.294	513	117	281
NC_031651.1	k141_73455	5179	73.294	513	117	281
NC_031651.1	k141_73455	5179	78.409	264	55	213
NC_031651.1	k141_73455	5179	78.409	264	55	213
NC_031651.1	k141_73455	5179	82.317	164	29	166
NC_031651.1	k141_73455	5179	82.317	164	29	166
NC_031651.1	k141_73455	5179	85.057	87	13	99.6
NC_031651.1	k141_73455	5179	85.057	87	13	99.6
NC_031651.1	k141_73455	5179	86.885	61	8	75.2
NC_031651.1	k141_73455	5179	86.885	61	8	75.2
NC_031651.1	k141_21580	433	77.816	293	43	229
NC_031651.1	k141_21580	433	77.816	293	43	229
NC_031651.1	k141_127335	3277	66.240	859	249	225
NC_031651.1	k141_87368	322	83.140	172	21	178
NC_031651.1	k141_87368	322	83.140	172	21	178
NC_031651.1	k141_47197	572	79.747	158	23	141
NC_031651.1	k141_128295	576	81.618	136	15	129
NC_031651.1	k141_128295	576	81.618	136	15	129
NC_031651.1	k141_9843	2348	94.737	76	4	120
NC_031651.1	k141_110549	2883	90.411	73	7	101
NC_031651.1	k141_28848	9524	72.021	193	50	100
NC_031651.1	k141_28848	9524	72.021	193	50	100
NC_031651.1	k141_125015	372	82.105	95	17	96.0
NC_031651.1	k141_113922	446	87.838	74	9	94.2
NC_031651.1	k141_113922	446	87.838	74	9	94.2
NC_031651.1	k141_49123	369	76.860	121	28	93.3
NC_031651.1	k141_49123	369	72.857	70	19	41.9
NC_031651.1	k141_58287	388	96.296	54	2	89.7
NC_031651.1	k141_58287	388	96.296	54	2	89.7
NC_031651.1	k141_67418	1036	92.727	55	4	82.4
NC_031651.1	k141_67418	1036	92.727	55	4	82.4
NC_031651.1	k141_3644	9122	75.397	126	29	81.5
NC_031651.1	k141_28603	375	80.247	81	7	78.8
NC_031651.1	k141_28603	375	80.247	81	7	78.8
NC_031651.1	k141_35110	470	79.545	88	18	78.8
NC_031651.1	k141_80684	353	83.562	73	12	78.8
NC_031651.1	k141_91887	474	79.747	79	16	71.6
NC_031651.1	k141_41009	593	83.077	65	11	68.9
NC_031651.1	k141_94063	607	89.583	48	5	65.3
NC_031651.1	k141_1392	922	78.667	75	16	64.4
NC_031651.1	k141_57217	344	90.244	41	4	57.2
NC_031651.1	k141_57217	344	90.244	41	4	57.2
NC_031651.1	k141_27621	8306	75.000	80	20	55.4
NC_031651.1	k141_27621	8306	75.000	80	20	55.4
NC_031651.1	k141_26306	410	88.095	42	5	54.5
NC_031651.1	k141_16724	8574	83.721	43	7	47.3
NC_031651.1	k141_94297	367	81.250	48	9	47.3
MW366789.1	k141_123244	25507	89.086	5296	358	6882
MW366789.1	k141_123244	25507	89.086	5296	358	6882
MW366789.1	k141_123244	25507	89.416	2740	190	3648
MW366789.1	k141_123244	25507	89.416	2740	190	3648
MW366789.1	k141_123244	25507	91.532	1795	103	2547
MW366789.1	k141_123244	25507	91.532	1795	103	2547
MW366789.1	k141_123244	25507	87.389	1459	154	1798
MW366789.1	k141_123244	25507	87.389	1459	154	1798
MW366789.1	k141_123244	25507	79.222	823	89	720
MW366789.1	k141_123244	25507	79.222	823	89	720
MW366789.1	k141_123244	25507	82.400	625	69	628
MW366789.1	k141_123244	25507	82.400	625	69	628
MW366789.1	k141_123244	25507	89.498	438	43	581
MW366789.1	k141_123244	25507	89.930	427	43	577
MW366789.1	k141_123244	25507	85.301	449	28	507
MW366789.1	k141_123244	25507	85.301	449	28	507
MW366789.1	k141_123244	25507	85.301	449	28	507
MW366789.1	k141_123244	25507	87.407	270	27	336
MW366789.1	k141_123244	25507	87.407	270	27	336
MW366789.1	k141_123244	25507	96.350	137	5	225
MW366789.1	k141_123244	25507	96.350	137	5	225
MW366789.1	k141_123244	25507	73.734	316	50	204
MW366789.1	k141_123244	25507	90.845	142	13	198
MW366789.1	k141_123244	25507	90.845	142	13	198
MW366789.1	k141_123244	25507	80.383	209	33	182
MW366789.1	k141_123244	25507	79.904	209	34	182
MW366789.1	k141_123244	25507	84.328	134	12	151
MW366789.1	k141_123244	25507	84.328	134	12	151
MW366789.1	k141_123244	25507	79.775	178	23	149
MW366789.1	k141_123244	25507	79.775	178	23	149
MW366789.1	k141_123244	25507	85.593	118	12	139
MW366789.1	k141_123244	25507	85.593	118	12	137
MW366789.1	k141_123244	25507	92.391	92	7	135
MW366789.1	k141_123244	25507	92.391	92	7	135
MW366789.1	k141_123244	25507	95.238	42	2	68.0
MW366789.1	k141_123244	25507	95.238	42	2	68.0
MW366789.1	k141_123244	25507	89.796	49	5	67.1
MW366789.1	k141_123244	25507	89.796	49	5	67.1
MW366789.1	k141_123244	25507	89.796	49	5	67.1
MW366789.1	k141_82458	80363	78.135	8374	1555	6772
MW366789.1	k141_82458	80363	87.510	5188	582	6427
MW366789.1	k141_82458	80363	87.510	5188	582	6427
MW366789.1	k141_82458	80363	76.957	5008	839	3681
MW366789.1	k141_82458	80363	87.500	2792	291	3465
MW366789.1	k141_82458	80363	76.188	3557	658	2501
MW366789.1	k141_82458	80363	85.843	1893	268	2206
MW366789.1	k141_82458	80363	75.198	3278	654	2201
MW366789.1	k141_82458	80363	85.328	1663	218	1878
MW366789.1	k141_82458	80363	80.350	1715	301	1548
MW366789.1	k141_82458	80363	76.757	1949	381	1443
MW366789.1	k141_82458	80363	76.619	1822	353	1351
MW366789.1	k141_82458	80363	76.316	1558	291	1145
MW366789.1	k141_82458	80363	81.980	1010	134	1009
MW366789.1	k141_82458	80363	72.604	1763	318	912
MW366789.1	k141_82458	80363	76.727	1057	232	765
MW366789.1	k141_82458	80363	84.615	663	92	737
MW366789.1	k141_82458	80363	74.354	1006	162	608
MW366789.1	k141_82458	80363	81.129	567	100	529
MW366789.1	k141_82458	80363	72.805	934	156	498
MW366789.1	k141_82458	80363	69.244	1125	257	446
MW366789.1	k141_82458	80363	85.117	383	50	427
MW366789.1	k141_82458	80363	76.495	485	114	361
MW366789.1	k141_82458	80363	71.387	692	149	360
MW366789.1	k141_82458	80363	75.000	512	117	330
MW366789.1	k141_82458	80363	73.704	540	97	321
MW366789.1	k141_82458	80363	75.550	409	69	284
MW366789.1	k141_82458	80363	75.550	409	69	284
MW366789.1	k141_82458	80363	79.167	312	53	259
MW366789.1	k141_82458	80363	75.556	405	68	259
MW366789.1	k141_82458	80363	71.508	537	96	254
MW366789.1	k141_82458	80363	84.120	233	35	251
MW366789.1	k141_82458	80363	82.114	246	32	243
MW366789.1	k141_82458	80363	74.157	356	90	221
MW366789.1	k141_82458	80363	80.176	227	33	205
MW366789.1	k141_82458	80363	67.040	625	117	198
MW366789.1	k141_82458	80363	85.207	169	19	194
MW366789.1	k141_82458	80363	86.709	158	21	191
MW366789.1	k141_82458	80363	78.733	221	43	187
MW366789.1	k141_82458	80363	74.468	282	72	185
MW366789.1	k141_82458	80363	90.441	136	12	184
MW366789.1	k141_82458	80363	65.831	878	231	181
MW366789.1	k141_82458	80363	86.395	147	20	176
MW366789.1	k141_82458	80363	83.051	177	17	169
MW366789.1	k141_82458	80363	71.594	345	59	167
MW366789.1	k141_82458	80363	84.932	146	22	165
MW366789.1	k141_82458	80363	85.714	140	20	163
MW366789.1	k141_82458	80363	84.932	146	19	159
MW366789.1	k141_82458	80363	81.034	174	26	159
MW366789.1	k141_82458	80363	66.392	607	185	157
MW366789.1	k141_82458	80363	66.392	607	185	157
MW366789.1	k141_82458	80363	85.714	140	17	157
MW366789.1	k141_82458	80363	92.308	104	8	152
MW366789.1	k141_82458	80363	82.692	156	20	149
MW366789.1	k141_82458	80363	98.795	83	1	146
MW366789.1	k141_82458	80363	98.795	83	1	146
MW366789.1	k141_82458	80363	82.677	127	22	131
MW366789.1	k141_82458	80363	86.607	112	10	131
MW366789.1	k141_82458	80363	87.500	104	13	130
MW366789.1	k141_82458	80363	97.368	76	2	129
MW366789.1	k141_82458	80363	84.211	114	18	125
MW366789.1	k141_82458	80363	94.937	79	4	125
MW366789.1	k141_82458	80363	96.000	75	3	123
MW366789.1	k141_82458	80363	65.385	442	141	110
MW366789.1	k141_82458	80363	65.385	442	141	110
MW366789.1	k141_82458	80363	87.000	100	8	109
MW366789.1	k141_82458	80363	94.286	70	4	109
MW366789.1	k141_82458	80363	91.139	79	5	104
MW366789.1	k141_82458	80363	87.500	88	8	104
MW366789.1	k141_82458	80363	77.778	126	28	102
MW366789.1	k141_82458	80363	77.778	126	28	102
MW366789.1	k141_82458	80363	77.311	119	27	94.2
MW366789.1	k141_82458	80363	85.915	71	10	84.2
MW366789.1	k141_82458	80363	75.194	129	23	79.7
MW366789.1	k141_82458	80363	85.246	61	8	67.1
MW366789.1	k141_82458	80363	86.667	45	6	55.4
MW366789.1	k141_82458	80363	86.667	45	6	55.4
MW366789.1	k141_82458	80363	79.245	53	11	47.3
MW366789.1	k141_82458	80363	79.245	53	11	47.3
MW366789.1	k141_82458	80363	67.442	129	42	44.6
MW366789.1	k141_82458	80363	67.442	129	42	44.6
MW366789.1	k141_82458	80363	74.242	66	17	43.7
MW366789.1	k141_109629	17135	78.016	4385	751	3511
MW366789.1	k141_109629	17135	78.016	4385	751	3511
MW366789.1	k141_109629	17135	78.109	1946	392	1566
MW366789.1	k141_109629	17135	75.290	2238	496	1523
MW366789.1	k141_109629	17135	73.549	1172	224	704
MW366789.1	k141_109629	17135	78.415	593	125	491
MW366789.1	k141_109629	17135	78.415	593	125	491
MW366789.1	k141_109629	17135	74.500	400	90	260
MW366789.1	k141_109629	17135	95.238	42	2	68.0
MW366789.1	k141_109629	17135	95.238	42	2	68.0
MW366789.1	k141_73455	5179	69.327	802	163	336
MW366789.1	k141_73455	5179	69.327	802	163	336
MW366789.1	k141_73455	5179	90.164	61	6	84.2
MW366789.1	k141_73455	5179	90.164	61	6	84.2
MW366789.1	k141_73455	5179	88.525	61	7	79.7
MW366789.1	k141_73455	5179	88.525	61	7	79.7
MW366789.1	k141_113485	6313	74.200	531	128	331
MW366789.1	k141_113485	6313	74.200	531	128	331
MW366789.1	k141_113485	6313	75.325	462	95	292
MW366789.1	k141_113485	6313	75.325	462	95	292
MW366789.1	k141_113485	6313	66.000	500	140	113
MW366789.1	k141_113485	6313	66.000	500	140	113
MW366789.1	k141_113485	6313	80.412	97	19	90.6
MW366789.1	k141_113485	6313	80.412	97	19	90.6
MW366789.1	k141_127335	3277	66.927	768	211	234
MW366789.1	k141_9843	2348	96.154	78	3	128
MW366789.1	k141_47197	572	77.215	158	27	127
MW366789.1	k141_49123	369	79.832	119	24	107
MW366789.1	k141_49123	369	75.410	61	15	43.7
MW366789.1	k141_110549	2883	90.541	74	6	99.6
MW366789.1	k141_80684	353	89.041	73	8	96.9
MW366789.1	k141_3644	9122	72.340	141	37	72.5
MW366789.1	k141_33236	630	81.579	76	13	71.6
MW366789.1	k141_58287	388	87.037	54	7	67.1
MW366789.1	k141_58287	388	87.037	54	7	67.1
MW366789.1	k141_27621	8306	82.812	64	11	67.1
MW366789.1	k141_27621	8306	82.812	64	11	67.1
MW366789.1	k141_27621	8306	74.713	87	22	59.0
MW366789.1	k141_27621	8306	74.713	87	22	59.0
MW366789.1	k141_90155	4423	85.455	55	8	64.4
MW366789.1	k141_41009	593	81.250	64	12	62.6
MW366789.1	k141_57217	344	90.244	41	4	57.2
MW366789.1	k141_57217	344	90.244	41	4	57.2
MW366789.1	k141_111042	3362	85.714	42	6	50.0
MW366789.1	k141_111042	3362	85.714	42	6	50.0
MW366789.1	k141_94297	367	81.250	48	9	47.3
KT899950.1	k141_123244	25507	91.810	9622	398	13778
KT899950.1	k141_123244	25507	91.810	9622	398	13778
KT899950.1	k141_123244	25507	87.767	7970	629	10096
KT899950.1	k141_123244	25507	87.767	7970	629	10096
KT899950.1	k141_123244	25507	90.869	3154	169	4412
KT899950.1	k141_123244	25507	90.869	3154	169	4412
KT899950.1	k141_123244	25507	95.822	1436	49	2316
KT899950.1	k141_123244	25507	95.822	1436	49	2316
KT899950.1	k141_123244	25507	80.649	2527	336	2297
KT899950.1	k141_123244	25507	87.469	1604	123	1972
KT899950.1	k141_123244	25507	86.425	744	70	897
KT899950.1	k141_123244	25507	87.318	686	55	847
KT899950.1	k141_123244	25507	87.318	686	55	847
KT899950.1	k141_123244	25507	93.151	438	27	654
KT899950.1	k141_123244	25507	97.619	42	1	72.5
KT899950.1	k141_123244	25507	97.619	42	1	72.5
KT899950.1	k141_82458	80363	82.231	12629	1856	12598
KT899950.1	k141_82458	80363	88.329	5655	569	7193
KT899950.1	k141_82458	80363	77.912	5967	888	4756
KT899950.1	k141_82458	80363	82.227	4563	607	4514
KT899950.1	k141_82458	80363	89.159	2841	264	3699
KT899950.1	k141_82458	80363	82.378	2826	374	2801
KT899950.1	k141_82458	80363	76.934	3555	626	2682
KT899950.1	k141_82458	80363	72.650	3872	633	2187
KT899950.1	k141_82458	80363	83.053	1841	273	1891
KT899950.1	k141_82458	80363	78.079	2103	359	1681
KT899950.1	k141_82458	80363	75.172	2465	352	1678
KT899950.1	k141_82458	80363	81.125	1547	218	1473
KT899950.1	k141_82458	80363	86.009	1065	139	1227
KT899950.1	k141_82458	80363	72.592	2211	428	1200
KT899950.1	k141_82458	80363	84.630	1054	106	1163
KT899950.1	k141_82458	80363	80.135	1188	191	1093
KT899950.1	k141_82458	80363	77.811	996	136	765
KT899950.1	k141_82458	80363	84.880	668	70	760
KT899950.1	k141_82458	80363	81.457	755	138	728
KT899950.1	k141_82458	80363	83.634	666	108	707
KT899950.1	k141_82458	80363	80.952	693	110	639
KT899950.1	k141_82458	80363	73.285	962	171	533
KT899950.1	k141_82458	80363	70.540	1222	236	499
KT899950.1	k141_82458	80363	79.623	530	77	462
KT899950.1	k141_82458	80363	88.855	332	31	429
KT899950.1	k141_82458	80363	74.269	684	113	421
KT899950.1	k141_82458	80363	76.045	622	107	398
KT899950.1	k141_82458	80363	84.478	335	47	366
KT899950.1	k141_82458	80363	85.342	307	33	353
KT899950.1	k141_82458	80363	71.963	642	109	339
KT899950.1	k141_82458	80363	87.755	245	18	309
KT899950.1	k141_82458	80363	83.710	221	27	232
KT899950.1	k141_82458	80363	90.323	155	15	213
KT899950.1	k141_82458	80363	88.485	165	18	209
KT899950.1	k141_82458	80363	81.395	215	28	196
KT899950.1	k141_82458	80363	85.535	159	19	178
KT899950.1	k141_82458	80363	87.943	141	17	178
KT899950.1	k141_82458	80363	84.722	144	19	150
KT899950.1	k141_82458	80363	92.929	99	7	148
KT899950.1	k141_82458	80363	96.552	87	3	144
KT899950.1	k141_82458	80363	93.617	94	4	141
KT899950.1	k141_82458	80363	91.176	102	7	137
KT899950.1	k141_82458	80363	96.000	75	3	123
KT899950.1	k141_82458	80363	75.758	165	40	118
KT899950.1	k141_82458	80363	75.641	156	38	111
KT899950.1	k141_82458	80363	92.105	76	5	107
KT899950.1	k141_82458	80363	74.684	158	32	104
KT899950.1	k141_82458	80363	86.667	45	6	55.4
KT899950.1	k141_82458	80363	86.667	45	6	55.4
KT899950.1	k141_82458	80363	88.372	43	1	50.9
KT899950.1	k141_82458	80363	74.194	62	16	41.0
KT899950.1	k141_109629	17135	79.380	2774	444	2400
KT899950.1	k141_109629	17135	82.092	2027	330	1995
KT899950.1	k141_109629	17135	79.609	2251	437	1957
KT899950.1	k141_109629	17135	81.878	1363	209	1316
KT899950.1	k141_109629	17135	65.577	4006	945	994
KT899950.1	k141_109629	17135	76.988	1182	223	883
KT899950.1	k141_109629	17135	77.016	1153	212	870
KT899950.1	k141_109629	17135	79.298	285	48	250
KT899950.1	k141_109629	17135	95.238	42	2	68.0
KT899950.1	k141_109629	17135	95.238	42	2	68.0
KT899950.1	k141_113485	6313	74.765	531	125	344
KT899950.1	k141_113485	6313	74.765	531	125	344
KT899950.1	k141_113485	6313	75.541	462	92	294
KT899950.1	k141_113485	6313	75.541	462	92	294
KT899950.1	k141_113485	6313	81.443	97	18	95.1
KT899950.1	k141_113485	6313	81.443	97	18	95.1
KT899950.1	k141_113485	6313	71.338	157	40	72.5
KT899950.1	k141_113485	6313	71.338	157	40	72.5
KT899950.1	k141_73455	5179	73.438	512	122	288
KT899950.1	k141_73455	5179	73.438	512	122	288
KT899950.1	k141_73455	5179	78.409	264	55	213
KT899950.1	k141_73455	5179	78.409	264	55	213
KT899950.1	k141_73455	5179	82.317	164	29	166
KT899950.1	k141_73455	5179	82.317	164	29	166
KT899950.1	k141_73455	5179	84.706	85	13	96.0
KT899950.1	k141_73455	5179	84.706	85	13	96.0
KT899950.1	k141_73455	5179	86.885	61	8	75.2
KT899950.1	k141_73455	5179	86.885	61	8	75.2
KT899950.1	k141_21580	433	78.157	293	42	233
KT899950.1	k141_21580	433	78.157	293	42	233
KT899950.1	k141_127335	3277	65.607	849	247	197
KT899950.1	k141_87368	322	84.795	171	18	190
KT899950.1	k141_87368	322	84.795	171	18	190
KT899950.1	k141_47197	572	80.380	158	22	145
KT899950.1	k141_9843	2348	94.937	79	4	125
KT899950.1	k141_128295	576	80.147	136	17	120
KT899950.1	k141_128295	576	80.147	136	17	120
KT899950.1	k141_110549	2883	93.151	73	5	110
KT899950.1	k141_35110	470	83.146	89	15	94.2
KT899950.1	k141_33236	630	75.188	133	22	93.3
KT899950.1	k141_58287	388	96.296	54	2	89.7
KT899950.1	k141_58287	388	96.296	54	2	89.7
KT899950.1	k141_49123	369	76.471	119	28	89.7
KT899950.1	k141_49123	369	77.049	61	14	48.2
KT899950.1	k141_67418	1036	92.727	55	4	82.4
KT899950.1	k141_67418	1036	92.727	55	4	82.4
KT899950.1	k141_125015	372	77.000	100	23	77.9
KT899950.1	k141_3644	9122	74.603	126	30	77.0
KT899950.1	k141_28603	375	87.719	57	7	72.5
KT899950.1	k141_28603	375	87.719	57	7	72.5
KT899950.1	k141_41009	593	83.077	65	11	68.9
KT899950.1	k141_27621	8306	82.812	64	11	67.1
KT899950.1	k141_27621	8306	82.812	64	11	67.1
KT899950.1	k141_27621	8306	75.000	80	20	55.4
KT899950.1	k141_27621	8306	75.000	80	20	55.4
KT899950.1	k141_57217	344	90.244	41	4	57.2
KT899950.1	k141_57217	344	90.244	41	4	57.2
KT899950.1	k141_18562	870	83.721	43	7	47.3
KT899950.1	k141_18562	870	83.721	43	7	47.3
KT899950.1	k141_125169	792	83.333	42	7	45.5
GU191334.1	k141_123244	25507	88.536	3742	310	4764
GU191334.1	k141_123244	25507	88.536	3742	310	4764
GU191334.1	k141_123244	25507	86.395	2646	245	3077
GU191334.1	k141_123244	25507	86.395	2646	245	3077
GU191334.1	k141_123244	25507	77.181	1043	170	780
GU191334.1	k141_123244	25507	77.181	1043	170	780
GU191334.1	k141_123244	25507	75.976	666	153	469
GU191334.1	k141_123244	25507	70.195	718	182	342
GU191334.1	k141_123244	25507	76.267	434	103	319
GU191334.1	k141_123244	25507	71.756	524	148	279
GU191334.1	k141_123244	25507	77.597	308	69	245
GU191334.1	k141_123244	25507	94.937	79	4	125
GU191334.1	k141_123244	25507	94.937	79	4	125
GU191334.1	k141_123244	25507	89.286	84	9	112
GU191334.1	k141_123244	25507	90.667	75	7	104
GU191334.1	k141_123244	25507	90.667	75	7	104
GU191334.1	k141_123244	25507	88.158	76	9	97.8
GU191334.1	k141_123244	25507	68.817	279	83	97.8
GU191334.1	k141_82458	80363	81.910	4555	821	4489
GU191334.1	k141_82458	80363	81.300	2738	475	2596
GU191334.1	k141_82458	80363	78.352	1820	375	1483
GU191334.1	k141_82458	80363	82.778	1440	248	1480
GU191334.1	k141_82458	80363	69.400	3683	1036	1463
GU191334.1	k141_82458	80363	88.634	1091	119	1405
GU191334.1	k141_82458	80363	79.609	1584	321	1398
GU191334.1	k141_82458	80363	74.698	1988	455	1303
GU191334.1	k141_82458	80363	83.051	708	115	728
GU191334.1	k141_82458	80363	76.584	884	202	644
GU191334.1	k141_82458	80363	70.651	1414	383	641
GU191334.1	k141_82458	80363	71.130	1292	344	639
GU191334.1	k141_82458	80363	78.468	692	144	568
GU191334.1	k141_82458	80363	74.505	859	197	546
GU191334.1	k141_82458	80363	82.099	486	87	485
GU191334.1	k141_82458	80363	79.487	546	104	479
GU191334.1	k141_82458	80363	68.969	1115	300	439
GU191334.1	k141_82458	80363	74.395	703	167	433
GU191334.1	k141_82458	80363	79.618	471	89	406
GU191334.1	k141_82458	80363	75.856	613	117	395
GU191334.1	k141_82458	80363	78.448	464	96	381
GU191334.1	k141_82458	80363	71.223	695	196	347
GU191334.1	k141_82458	80363	67.449	937	258	295
GU191334.1	k141_82458	80363	84.146	246	39	269
GU191334.1	k141_82458	80363	77.632	304	68	242
GU191334.1	k141_82458	80363	73.116	398	107	236
GU191334.1	k141_82458	80363	68.571	665	201	229
GU191334.1	k141_82458	80363	71.363	433	109	209
GU191334.1	k141_82458	80363	66.769	650	200	182
GU191334.1	k141_82458	80363	76.606	218	51	164
GU191334.1	k141_82458	80363	77.778	216	45	163
GU191334.1	k141_82458	80363	66.216	592	171	161
GU191334.1	k141_82458	80363	69.302	430	107	159
GU191334.1	k141_82458	80363	67.120	441	114	157
GU191334.1	k141_82458	80363	78.075	187	41	153
GU191334.1	k141_82458	80363	69.973	373	68	150
GU191334.1	k141_82458	80363	79.268	164	34	143
GU191334.1	k141_82458	80363	83.465	127	19	132
GU191334.1	k141_82458	80363	96.203	79	3	130
GU191334.1	k141_82458	80363	92.222	90	6	128
GU191334.1	k141_82458	80363	89.474	95	6	126
GU191334.1	k141_82458	80363	96.053	76	3	124
GU191334.1	k141_82458	80363	94.872	78	4	123
GU191334.1	k141_82458	80363	97.260	73	2	123
GU191334.1	k141_82458	80363	68.485	330	59	123
GU191334.1	k141_82458	80363	90.805	87	8	122
GU191334.1	k141_82458	80363	79.412	136	28	120
GU191334.1	k141_82458	80363	85.149	101	15	115
GU191334.1	k141_82458	80363	80.488	123	24	114
GU191334.1	k141_82458	80363	75.152	165	41	113
GU191334.1	k141_82458	80363	88.506	87	8	110
GU191334.1	k141_82458	80363	86.170	94	11	109
GU191334.1	k141_82458	80363	77.372	137	31	108
GU191334.1	k141_82458	80363	90.789	76	7	106
GU191334.1	k141_82458	80363	83.696	92	15	99.6
GU191334.1	k141_82458	80363	76.087	138	23	96.9
GU191334.1	k141_82458	80363	88.571	70	8	91.5
GU191334.1	k141_82458	80363	81.609	87	16	86.0
GU191334.1	k141_82458	80363	82.716	81	14	84.2
GU191334.1	k141_82458	80363	84.211	76	12	84.2
GU191334.1	k141_82458	80363	75.410	122	20	81.5
GU191334.1	k141_82458	80363	79.070	86	18	75.2
GU191334.1	k141_82458	80363	68.627	204	47	73.4
GU191334.1	k141_82458	80363	97.368	38	1	65.3
GU191334.1	k141_82458	80363	64.220	218	35	63.5
GU191334.1	k141_82458	80363	77.941	68	15	56.3
GU191334.1	k141_82458	80363	85.106	47	7	54.5
GU191334.1	k141_82458	80363	86.364	44	6	53.6
GU191334.1	k141_82458	80363	79.688	64	11	50.9
GU191334.1	k141_109629	17135	76.325	1774	398	1281
GU191334.1	k141_109629	17135	71.249	1833	485	887
GU191334.1	k141_109629	17135	75.043	1174	246	754
GU191334.1	k141_109629	17135	74.455	1100	273	707
GU191334.1	k141_109629	17135	69.779	814	194	307
GU191334.1	k141_109629	17135	75.251	299	74	206
GU191334.1	k141_109629	17135	87.273	110	13	132
GU191334.1	k141_109629	17135	77.586	116	23	82.4
GU191334.1	k141_113485	6313	74.576	531	126	340
GU191334.1	k141_113485	6313	74.576	531	126	340
GU191334.1	k141_113485	6313	74.784	464	92	288
GU191334.1	k141_113485	6313	74.784	464	92	288
GU191334.1	k141_113485	6313	76.119	134	30	96.0
GU191334.1	k141_113485	6313	76.119	134	30	96.0
GU191334.1	k141_113485	6313	64.417	489	129	94.2
GU191334.1	k141_113485	6313	64.417	489	129	94.2
GU191334.1	k141_127335	3277	67.925	848	229	288
GU191334.1	k141_73455	5179	73.879	513	118	287
GU191334.1	k141_73455	5179	73.879	513	118	287
GU191334.1	k141_73455	5179	78.030	264	56	208
GU191334.1	k141_73455	5179	78.030	264	56	208
GU191334.1	k141_73455	5179	81.714	175	32	172
GU191334.1	k141_73455	5179	81.714	175	32	172
GU191334.1	k141_73455	5179	84.706	85	13	96.0
GU191334.1	k141_73455	5179	84.706	85	13	96.0
GU191334.1	k141_73455	5179	88.525	61	7	79.7
GU191334.1	k141_73455	5179	88.525	61	7	79.7
GU191334.1	k141_21580	433	72.378	286	53	161
GU191334.1	k141_21580	433	72.378	286	53	161
GU191334.1	k141_110549	2883	95.890	73	3	119
GU191334.1	k141_9843	2348	88.462	78	9	101
GU191334.1	k141_49123	369	77.311	119	27	94.2
GU191334.1	k141_49123	369	76.119	67	14	47.3
GU191334.1	k141_58287	388	96.296	54	2	89.7
GU191334.1	k141_58287	388	96.296	54	2	89.7
GU191334.1	k141_81879	303	88.889	54	6	71.6
GU191334.1	k141_3644	9122	79.012	81	17	70.7
GU191334.1	k141_35110	470	77.381	84	19	67.1
GU191334.1	k141_27621	8306	82.812	64	11	67.1
GU191334.1	k141_27621	8306	82.812	64	11	67.1
GU191334.1	k141_94063	607	84.483	58	9	65.3
GU191334.1	k141_28848	9524	66.540	263	84	64.4
GU191334.1	k141_83930	1147	92.857	42	3	63.5
GU191334.1	k141_80684	353	75.342	73	18	51.8
GU191334.1	k141_26306	410	85.714	42	6	50.0
GU191334.1	k141_41827	1345	82.609	46	7	44.6
GU191334.1	k141_24610	338	78.723	47	10	41.0
