MZ962720.1	k141_543	26996	91.770	7594	428	10844
MZ962720.1	k141_543	26996	91.770	7594	428	10844
MZ962720.1	k141_543	26996	90.481	3267	222	4507
MZ962720.1	k141_543	26996	90.481	3267	222	4507
MZ962720.1	k141_543	26996	88.426	1728	160	2206
MZ962720.1	k141_543	26996	88.426	1728	160	2206
MZ962720.1	k141_543	26996	84.737	1828	173	2027
MZ962720.1	k141_543	26996	84.737	1828	173	2027
MZ962720.1	k141_543	26996	81.983	827	69	834
MZ962720.1	k141_543	26996	89.769	303	26	407
MZ962720.1	k141_543	26996	89.769	303	26	407
MZ962720.1	k141_543	26996	90.102	293	25	398
MZ962720.1	k141_543	26996	90.102	293	25	398
MZ962720.1	k141_543	26996	78.880	393	48	322
MZ962720.1	k141_543	26996	78.880	393	48	322
MZ962720.1	k141_543	26996	89.333	225	19	298
MZ962720.1	k141_543	26996	89.333	225	19	298
MZ962720.1	k141_543	26996	87.615	218	17	277
MZ962720.1	k141_543	26996	75.622	402	52	271
MZ962720.1	k141_543	26996	75.622	402	52	271
MZ962720.1	k141_543	26996	77.152	302	63	231
MZ962720.1	k141_543	26996	77.152	302	63	231
MZ962720.1	k141_543	26996	94.595	37	2	59.0
MZ962720.1	k141_50302	86236	87.774	5210	568	6510
MZ962720.1	k141_50302	86236	80.222	5774	809	5155
MZ962720.1	k141_50302	86236	80.836	4378	723	4069
MZ962720.1	k141_50302	86236	91.064	2585	226	3617
MZ962720.1	k141_50302	86236	79.550	4044	707	3520
MZ962720.1	k141_50302	86236	81.212	3119	470	2890
MZ962720.1	k141_50302	86236	82.348	2334	374	2328
MZ962720.1	k141_50302	86236	87.720	1474	181	1843
MZ962720.1	k141_50302	86236	80.908	1828	275	1714
MZ962720.1	k141_50302	86236	91.253	1109	97	1563
MZ962720.1	k141_50302	86236	76.905	2113	336	1559
MZ962720.1	k141_50302	86236	77.526	1940	364	1481
MZ962720.1	k141_50302	86236	75.226	2103	423	1402
MZ962720.1	k141_50302	86236	83.679	1060	138	1110
MZ962720.1	k141_50302	86236	86.245	807	102	950
MZ962720.1	k141_50302	86236	81.095	1005	157	937
MZ962720.1	k141_50302	86236	68.730	2440	590	905
MZ962720.1	k141_50302	86236	72.598	1124	221	636
MZ962720.1	k141_50302	86236	80.798	677	112	629
MZ962720.1	k141_50302	86236	73.356	867	147	481
MZ962720.1	k141_50302	86236	73.684	741	108	460
MZ962720.1	k141_50302	86236	77.818	559	124	450
MZ962720.1	k141_50302	86236	77.818	559	124	450
MZ962720.1	k141_50302	86236	84.262	413	50	448
MZ962720.1	k141_50302	86236	75.829	633	106	436
MZ962720.1	k141_50302	86236	69.192	1003	160	425
MZ962720.1	k141_50302	86236	70.670	866	191	398
MZ962720.1	k141_50302	86236	75.862	522	106	370
MZ962720.1	k141_50302	86236	75.522	527	81	359
MZ962720.1	k141_50302	86236	72.464	621	110	351
MZ962720.1	k141_50302	86236	76.271	472	108	342
MZ962720.1	k141_50302	86236	70.529	699	172	327
MZ962720.1	k141_50302	86236	69.613	826	152	313
MZ962720.1	k141_50302	86236	69.613	826	152	313
MZ962720.1	k141_50302	86236	86.692	263	29	309
MZ962720.1	k141_50302	86236	69.875	561	112	284
MZ962720.1	k141_50302	86236	68.647	791	171	275
MZ962720.1	k141_50302	86236	74.934	379	56	273
MZ962720.1	k141_50302	86236	75.622	402	61	272
MZ962720.1	k141_50302	86236	75.121	414	70	259
MZ962720.1	k141_50302	86236	77.260	365	58	258
MZ962720.1	k141_50302	86236	84.649	228	30	254
MZ962720.1	k141_50302	86236	84.762	210	23	239
MZ962720.1	k141_50302	86236	84.762	210	23	239
MZ962720.1	k141_50302	86236	69.088	537	127	224
MZ962720.1	k141_50302	86236	82.301	226	19	220
MZ962720.1	k141_50302	86236	82.301	226	19	220
MZ962720.1	k141_50302	86236	76.923	286	66	219
MZ962720.1	k141_50302	86236	93.151	146	8	212
MZ962720.1	k141_50302	86236	80.909	220	28	207
MZ962720.1	k141_50302	86236	80.909	220	28	207
MZ962720.1	k141_50302	86236	67.036	722	150	205
MZ962720.1	k141_50302	86236	81.991	211	32	197
MZ962720.1	k141_50302	86236	76.307	287	45	196
MZ962720.1	k141_50302	86236	81.043	211	31	196
MZ962720.1	k141_50302	86236	82.162	185	29	185
MZ962720.1	k141_50302	86236	76.695	236	55	178
MZ962720.1	k141_50302	86236	89.922	129	6	172
MZ962720.1	k141_50302	86236	83.553	152	25	162
MZ962720.1	k141_50302	86236	98.864	88	1	155
MZ962720.1	k141_50302	86236	69.900	402	71	153
MZ962720.1	k141_50302	86236	93.204	103	5	148
MZ962720.1	k141_50302	86236	94.505	91	5	142
MZ962720.1	k141_50302	86236	86.325	117	16	140
MZ962720.1	k141_50302	86236	80.392	153	19	133
MZ962720.1	k141_50302	86236	94.048	84	5	130
MZ962720.1	k141_50302	86236	89.796	98	9	129
MZ962720.1	k141_50302	86236	74.299	214	38	127
MZ962720.1	k141_50302	86236	74.299	214	38	127
MZ962720.1	k141_50302	86236	81.690	142	21	126
MZ962720.1	k141_50302	86236	76.543	162	38	122
MZ962720.1	k141_50302	86236	94.805	77	4	122
MZ962720.1	k141_50302	86236	65.523	583	189	121
MZ962720.1	k141_50302	86236	89.888	89	6	119
MZ962720.1	k141_50302	86236	89.888	89	6	119
MZ962720.1	k141_50302	86236	79.720	143	21	117
MZ962720.1	k141_50302	86236	79.720	143	21	117
MZ962720.1	k141_50302	86236	79.720	143	21	117
MZ962720.1	k141_50302	86236	83.654	104	11	113
MZ962720.1	k141_50302	86236	83.654	104	11	113
MZ962720.1	k141_50302	86236	89.157	83	9	110
MZ962720.1	k141_50302	86236	76.871	147	29	104
MZ962720.1	k141_50302	86236	89.474	76	8	102
MZ962720.1	k141_50302	86236	81.731	104	18	99.6
MZ962720.1	k141_50302	86236	78.740	127	19	97.8
MZ962720.1	k141_50302	86236	71.978	182	45	96.0
MZ962720.1	k141_50302	86236	80.000	100	13	93.3
MZ962720.1	k141_50302	86236	67.183	323	90	93.3
MZ962720.1	k141_50302	86236	82.222	90	16	91.5
MZ962720.1	k141_50302	86236	82.222	90	16	91.5
MZ962720.1	k141_50302	86236	82.222	90	16	91.5
MZ962720.1	k141_50302	86236	84.810	79	11	86.0
MZ962720.1	k141_50302	86236	93.333	45	3	68.9
MZ962720.1	k141_50302	86236	72.650	117	32	68.0
MZ962720.1	k141_50302	86236	72.650	117	32	68.0
MZ962720.1	k141_50302	86236	66.492	191	62	50.0
MZ962720.1	k141_50302	86236	74.242	66	17	43.7
MZ962720.1	k141_92352	18636	83.093	2709	345	2806
MZ962720.1	k141_92352	18636	83.093	2709	345	2806
MZ962720.1	k141_92352	18636	80.665	1986	354	1829
MZ962720.1	k141_92352	18636	77.318	2222	465	1694
MZ962720.1	k141_92352	18636	83.605	1470	207	1555
MZ962720.1	k141_92352	18636	83.605	1470	207	1555
MZ962720.1	k141_92352	18636	83.728	633	96	675
MZ962720.1	k141_92352	18636	83.728	633	96	675
MZ962720.1	k141_92352	18636	75.233	965	208	655
MZ962720.1	k141_92352	18636	82.555	321	56	327
MZ962720.1	k141_92352	18636	86.869	99	12	117
MZ962720.1	k141_13271	2377	84.971	1211	143	1372
MZ962720.1	k141_53100	21884	70.888	1137	266	514
MZ962720.1	k141_53100	21884	70.888	1137	266	514
MZ962720.1	k141_53100	21884	90.123	81	8	111
MZ962720.1	k141_53100	21884	65.175	514	152	104
MZ962720.1	k141_53100	21884	65.175	514	152	104
MZ962720.1	k141_53100	21884	82.474	97	16	96.0
MZ962720.1	k141_53100	21884	82.474	97	16	96.0
MZ962720.1	k141_5042	703	77.559	508	91	392
MZ962720.1	k141_88679	4329	71.270	811	189	367
MZ962720.1	k141_88679	4329	71.270	811	189	367
MZ962720.1	k141_38039	2942	67.241	812	229	254
MZ962720.1	k141_50521	586	100.000	140	0	253
MZ962720.1	k141_50521	586	100.000	140	0	253
MZ962720.1	k141_64920	387	84.545	220	34	244
MZ962720.1	k141_5106	13349	74.515	361	81	233
MZ962720.1	k141_75860	3434	94.406	143	8	223
MZ962720.1	k141_75860	3434	94.406	143	8	223
MZ962720.1	k141_34880	4856	75.828	302	47	217
MZ962720.1	k141_74011	2944	89.865	148	5	200
MZ962720.1	k141_74011	2944	89.865	148	5	200
MZ962720.1	k141_50361	500	94.068	118	2	178
MZ962720.1	k141_50361	500	94.068	118	2	178
MZ962720.1	k141_42591	308	84.375	160	25	177
MZ962720.1	k141_42591	308	82.500	160	28	163
MZ962720.1	k141_32549	3148	79.070	172	25	150
MZ962720.1	k141_70767	1868	96.386	83	3	137
MZ962720.1	k141_70767	1868	96.386	83	3	137
MZ962720.1	k141_73818	8612	80.132	151	27	136
MZ962720.1	k141_21412	2052	97.500	80	2	136
MZ962720.1	k141_21412	2052	97.500	80	2	136
MZ962720.1	k141_15647	4136	94.048	84	5	130
MZ962720.1	k141_12270	450	82.540	126	22	129
MZ962720.1	k141_12270	450	82.540	126	22	129
MZ962720.1	k141_12270	450	88.525	61	7	79.7
MZ962720.1	k141_12270	450	88.525	61	7	79.7
MZ962720.1	k141_12270	450	88.525	61	7	79.7
MZ962720.1	k141_11131	1618	92.500	80	6	118
MZ962720.1	k141_11131	1618	77.273	66	15	52.7
MZ962720.1	k141_8657	954	68.687	297	58	113
MZ962720.1	k141_75389	2439	78.261	138	29	111
MZ962720.1	k141_87589	666	93.548	62	4	95.1
MZ962720.1	k141_87589	666	93.548	62	4	95.1
MZ962720.1	k141_34846	2126	82.105	95	12	91.5
MZ962720.1	k141_7988	449	74.815	135	27	88.7
MZ962720.1	k141_7988	449	74.815	135	27	88.7
MZ962720.1	k141_53075	409	85.714	70	10	82.4
MZ962720.1	k141_53646	413	84.286	70	11	77.9
MZ962720.1	k141_32780	668	88.636	44	5	58.1
MZ962720.1	k141_32780	668	88.636	44	5	58.1
MZ962720.1	k141_64004	5456	82.609	46	8	48.2
MZ962720.1	k141_64004	5456	82.609	46	8	48.2
MZ962720.1	k141_19520	1226	77.586	58	13	47.3
MZ962720.1	k141_69399	706	83.333	42	7	45.5
MH569081.1	k141_50302	86236	87.790	5397	577	6733
MH569081.1	k141_50302	86236	78.815	7491	1171	6257
MH569081.1	k141_50302	86236	83.009	4008	565	4146
MH569081.1	k141_50302	86236	89.344	2637	271	3476
MH569081.1	k141_50302	86236	81.239	3358	539	3208
MH569081.1	k141_50302	86236	80.952	3066	437	2894
MH569081.1	k141_50302	86236	75.545	3762	704	2566
MH569081.1	k141_50302	86236	84.228	2124	318	2323
MH569081.1	k141_50302	86236	86.711	1505	200	1813
MH569081.1	k141_50302	86236	82.741	1744	242	1783
MH569081.1	k141_50302	86236	79.630	2052	276	1769
MH569081.1	k141_50302	86236	82.009	1762	270	1737
MH569081.1	k141_50302	86236	78.783	1956	352	1619
MH569081.1	k141_50302	86236	75.506	2274	478	1581
MH569081.1	k141_50302	86236	87.710	952	105	1183
MH569081.1	k141_50302	86236	80.433	1017	158	907
MH569081.1	k141_50302	86236	77.624	1086	195	830
MH569081.1	k141_50302	86236	82.780	633	103	647
MH569081.1	k141_50302	86236	73.358	1081	204	601
MH569081.1	k141_50302	86236	80.234	683	104	589
MH569081.1	k141_50302	86236	72.134	1073	164	570
MH569081.1	k141_50302	86236	70.370	1242	202	551
MH569081.1	k141_50302	86236	74.221	834	111	521
MH569081.1	k141_50302	86236	68.276	1450	279	516
MH569081.1	k141_50302	86236	77.876	565	96	446
MH569081.1	k141_50302	86236	79.668	482	83	424
MH569081.1	k141_50302	86236	89.164	323	34	422
MH569081.1	k141_50302	86236	74.811	663	131	413
MH569081.1	k141_50302	86236	73.361	732	126	405
MH569081.1	k141_50302	86236	83.133	332	39	344
MH569081.1	k141_50302	86236	72.841	637	110	332
MH569081.1	k141_50302	86236	81.013	316	53	297
MH569081.1	k141_50302	86236	87.500	240	27	297
MH569081.1	k141_50302	86236	81.230	309	49	291
MH569081.1	k141_50302	86236	81.230	309	49	291
MH569081.1	k141_50302	86236	75.366	410	62	275
MH569081.1	k141_50302	86236	79.643	280	57	249
MH569081.1	k141_50302	86236	78.378	296	64	246
MH569081.1	k141_50302	86236	76.489	319	65	233
MH569081.1	k141_50302	86236	78.014	282	46	231
MH569081.1	k141_50302	86236	83.043	230	26	224
MH569081.1	k141_50302	86236	83.043	230	26	224
MH569081.1	k141_50302	86236	85.246	183	26	205
MH569081.1	k141_50302	86236	82.587	201	34	202
MH569081.1	k141_50302	86236	76.119	268	52	197
MH569081.1	k141_50302	86236	87.342	158	20	196
MH569081.1	k141_50302	86236	79.787	188	34	163
MH569081.1	k141_50302	86236	95.050	101	4	157
MH569081.1	k141_50302	86236	78.235	170	31	141
MH569081.1	k141_50302	86236	92.391	92	7	135
MH569081.1	k141_50302	86236	97.468	79	2	134
MH569081.1	k141_50302	86236	76.970	165	38	127
MH569081.1	k141_50302	86236	91.860	86	7	124
MH569081.1	k141_50302	86236	87.879	99	11	122
MH569081.1	k141_50302	86236	91.765	85	5	120
MH569081.1	k141_50302	86236	74.138	174	34	104
MH569081.1	k141_50302	86236	74.854	171	31	104
MH569081.1	k141_50302	86236	73.006	163	44	96.9
MH569081.1	k141_50302	86236	84.507	71	11	79.7
MH569081.1	k141_50302	86236	100.000	39	0	71.6
MH569081.1	k141_50302	86236	100.000	39	0	71.6
MH569081.1	k141_50302	86236	80.597	67	13	63.5
MH569081.1	k141_50302	86236	74.490	98	23	58.1
MH569081.1	k141_50302	86236	81.633	49	9	49.1
MH569081.1	k141_50302	86236	67.059	170	54	48.2
MH569081.1	k141_543	26996	91.994	4534	236	6520
MH569081.1	k141_543	26996	91.994	4534	236	6520
MH569081.1	k141_543	26996	94.348	2990	133	4605
MH569081.1	k141_543	26996	94.348	2990	133	4605
MH569081.1	k141_543	26996	92.004	2939	159	4211
MH569081.1	k141_543	26996	92.004	2939	159	4211
MH569081.1	k141_543	26996	90.071	2266	126	3054
MH569081.1	k141_543	26996	90.071	2266	126	3054
MH569081.1	k141_543	26996	90.223	2199	179	2953
MH569081.1	k141_543	26996	90.223	2199	179	2953
MH569081.1	k141_543	26996	83.070	886	125	913
MH569081.1	k141_543	26996	83.070	886	125	913
MH569081.1	k141_543	26996	79.657	816	100	698
MH569081.1	k141_543	26996	79.657	816	100	698
MH569081.1	k141_543	26996	83.673	490	56	509
MH569081.1	k141_543	26996	83.673	490	56	509
MH569081.1	k141_543	26996	82.979	470	47	490
MH569081.1	k141_543	26996	82.979	470	47	490
MH569081.1	k141_543	26996	77.261	387	32	339
MH569081.1	k141_543	26996	77.261	387	32	339
MH569081.1	k141_543	26996	86.607	224	21	264
MH569081.1	k141_543	26996	86.607	224	21	264
MH569081.1	k141_543	26996	77.778	252	39	205
MH569081.1	k141_543	26996	77.778	252	39	205
MH569081.1	k141_543	26996	78.431	102	17	81.5
MH569081.1	k141_543	26996	90.566	53	4	70.7
MH569081.1	k141_543	26996	90.566	53	4	70.7
MH569081.1	k141_543	26996	87.500	48	6	60.8
MH569081.1	k141_543	26996	92.308	39	3	58.1
MH569081.1	k141_92352	18636	77.525	4387	765	3427
MH569081.1	k141_92352	18636	78.171	3390	599	2747
MH569081.1	k141_92352	18636	76.678	2294	472	1683
MH569081.1	k141_92352	18636	77.107	1127	206	858
MH569081.1	k141_92352	18636	78.986	552	88	471
MH569081.1	k141_92352	18636	71.591	352	73	182
MH569081.1	k141_92352	18636	71.591	352	73	182
MH569081.1	k141_92352	18636	71.538	260	47	133
MH569081.1	k141_13271	2377	82.222	1215	177	1226
MH569081.1	k141_53100	21884	71.025	1132	269	513
MH569081.1	k141_53100	21884	71.025	1132	269	513
MH569081.1	k141_53100	21884	75.120	209	50	136
MH569081.1	k141_53100	21884	75.120	209	50	136
MH569081.1	k141_53100	21884	91.026	78	7	110
MH569081.1	k141_53100	21884	80.412	97	19	90.6
MH569081.1	k141_53100	21884	80.412	97	19	90.6
MH569081.1	k141_53100	21884	71.338	157	40	72.5
MH569081.1	k141_53100	21884	71.338	157	40	72.5
MH569081.1	k141_88679	4329	71.553	805	190	383
MH569081.1	k141_88679	4329	71.553	805	190	383
MH569081.1	k141_88679	4329	76.265	257	59	182
MH569081.1	k141_88679	4329	76.265	257	59	182
MH569081.1	k141_5042	703	76.984	504	99	370
MH569081.1	k141_5106	13349	80.909	330	62	308
MH569081.1	k141_38039	2942	67.813	814	219	277
MH569081.1	k141_64920	387	74.805	385	71	250
MH569081.1	k141_50521	586	97.857	140	3	240
MH569081.1	k141_50521	586	97.857	140	3	240
MH569081.1	k141_50521	586	82.716	81	9	84.2
MH569081.1	k141_50521	586	82.716	81	9	84.2
MH569081.1	k141_74011	2944	94.558	147	5	224
MH569081.1	k141_74011	2944	94.558	147	5	224
MH569081.1	k141_8657	954	70.208	480	92	223
MH569081.1	k141_75860	3434	93.750	144	8	216
MH569081.1	k141_75860	3434	93.750	144	8	216
MH569081.1	k141_50361	500	98.305	118	2	205
MH569081.1	k141_50361	500	98.305	118	2	205
MH569081.1	k141_42591	308	86.310	168	23	200
MH569081.1	k141_34880	4856	73.510	302	54	186
MH569081.1	k141_73818	8612	81.034	174	29	160
MH569081.1	k141_32549	3148	80.128	156	15	143
MH569081.1	k141_70767	1868	97.561	82	2	140
MH569081.1	k141_70767	1868	97.561	82	2	140
MH569081.1	k141_21412	2052	95.238	84	4	134
MH569081.1	k141_21412	2052	95.238	84	4	134
MH569081.1	k141_12270	450	83.333	126	21	133
MH569081.1	k141_12270	450	83.333	126	21	133
MH569081.1	k141_12270	450	90.164	61	6	84.2
MH569081.1	k141_12270	450	90.164	61	6	84.2
MH569081.1	k141_75389	2439	80.986	142	26	132
MH569081.1	k141_67691	1934	73.684	209	34	126
MH569081.1	k141_34738	3838	89.247	93	4	120
MH569081.1	k141_11131	1618	93.421	76	5	115
MH569081.1	k141_11131	1618	80.000	70	14	64.4
MH569081.1	k141_34846	2126	78.462	130	19	108
MH569081.1	k141_15647	4136	87.209	86	11	106
MH569081.1	k141_87589	666	96.774	62	2	104
MH569081.1	k141_87589	666	96.774	62	2	104
MH569081.1	k141_53075	409	90.278	72	7	99.6
MH569081.1	k141_50816	2011	83.951	81	5	86.9
MH569081.1	k141_77393	4825	76.786	112	25	82.4
MH569081.1	k141_7988	449	73.529	136	29	81.5
MH569081.1	k141_79674	504	64.205	528	136	81.5
MH569081.1	k141_32780	668	79.518	83	16	70.7
MH569081.1	k141_32780	668	79.518	83	16	70.7
MH569081.1	k141_51112	7399	76.623	77	14	58.1
MH569081.1	k141_22552	4984	72.000	75	21	41.9
MH569081.1	k141_22552	4984	72.000	75	21	41.9
MH569081.1	k141_64004	5456	80.488	41	8	39.2
NC_033978.1	k141_50302	86236	85.098	13609	1585	15339
NC_033978.1	k141_50302	86236	87.443	8362	784	10271
NC_033978.1	k141_50302	86236	83.222	6461	791	6732
NC_033978.1	k141_50302	86236	84.655	5044	585	5480
NC_033978.1	k141_50302	86236	74.350	7037	1064	4378
NC_033978.1	k141_50302	86236	86.705	3332	318	4017
NC_033978.1	k141_50302	86236	85.343	2961	311	3414
NC_033978.1	k141_50302	86236	83.870	2951	344	3169
NC_033978.1	k141_50302	86236	76.737	4058	616	3025
NC_033978.1	k141_50302	86236	78.190	3260	465	2603
NC_033978.1	k141_50302	86236	83.486	1962	267	2089
NC_033978.1	k141_50302	86236	76.310	2786	498	2006
NC_033978.1	k141_50302	86236	89.314	1385	108	1827
NC_033978.1	k141_50302	86236	79.697	1586	212	1369
NC_033978.1	k141_50302	86236	87.936	1061	95	1340
NC_033978.1	k141_50302	86236	83.111	1048	109	1073
NC_033978.1	k141_50302	86236	79.081	1219	174	1037
NC_033978.1	k141_50302	86236	76.667	1320	191	931
NC_033978.1	k141_50302	86236	80.457	875	103	779
NC_033978.1	k141_50302	86236	76.355	1070	168	767
NC_033978.1	k141_50302	86236	72.963	1117	222	595
NC_033978.1	k141_50302	86236	81.697	601	96	579
NC_033978.1	k141_50302	86236	86.420	405	43	467
NC_033978.1	k141_50302	86236	77.023	618	102	462
NC_033978.1	k141_50302	86236	78.532	545	51	444
NC_033978.1	k141_50302	86236	72.261	721	102	370
NC_033978.1	k141_50302	86236	79.292	367	53	314
NC_033978.1	k141_50302	86236	77.273	396	59	292
NC_033978.1	k141_50302	86236	70.259	501	107	212
NC_033978.1	k141_50302	86236	96.117	103	3	165
NC_033978.1	k141_50302	86236	89.516	124	12	162
NC_033978.1	k141_50302	86236	78.283	198	27	160
NC_033978.1	k141_50302	86236	89.286	112	8	148
NC_033978.1	k141_50302	86236	100.000	81	0	147
NC_033978.1	k141_50302	86236	89.720	107	11	144
NC_033978.1	k141_50302	86236	89.720	107	11	144
NC_033978.1	k141_50302	86236	89.720	107	11	144
NC_033978.1	k141_50302	86236	76.970	165	38	127
NC_033978.1	k141_50302	86236	75.758	165	40	118
NC_033978.1	k141_50302	86236	97.619	42	1	72.5
NC_033978.1	k141_50302	86236	97.619	42	1	72.5
NC_033978.1	k141_50302	86236	100.000	37	0	68.0
NC_033978.1	k141_50302	86236	75.439	57	14	41.0
NC_033978.1	k141_50302	86236	75.439	57	14	41.0
NC_033978.1	k141_50302	86236	72.727	66	18	39.2
NC_033978.1	k141_543	26996	94.849	9338	311	14650
NC_033978.1	k141_543	26996	94.849	9338	311	14650
NC_033978.1	k141_543	26996	93.728	9088	477	13832
NC_033978.1	k141_543	26996	93.728	9088	477	13832
NC_033978.1	k141_543	26996	93.587	4834	170	7352
NC_033978.1	k141_543	26996	93.587	4834	170	7352
NC_033978.1	k141_543	26996	87.935	978	87	1242
NC_033978.1	k141_543	26996	87.935	978	87	1242
NC_033978.1	k141_543	26996	85.291	945	60	1104
NC_033978.1	k141_543	26996	85.291	945	60	1104
NC_033978.1	k141_543	26996	91.837	196	13	276
NC_033978.1	k141_543	26996	91.837	196	13	276
NC_033978.1	k141_543	26996	94.444	54	3	85.1
NC_033978.1	k141_543	26996	94.444	54	3	85.1
NC_033978.1	k141_543	26996	100.000	40	0	73.4
NC_033978.1	k141_543	26996	100.000	40	0	73.4
NC_033978.1	k141_543	26996	100.000	39	0	71.6
NC_033978.1	k141_543	26996	92.857	42	3	63.5
NC_033978.1	k141_92352	18636	75.208	8277	1493	5621
NC_033978.1	k141_92352	18636	83.773	3334	437	3533
NC_033978.1	k141_92352	18636	81.425	2315	376	2227
NC_033978.1	k141_92352	18636	85.453	1368	172	1554
NC_033978.1	k141_92352	18636	77.996	1377	231	1097
NC_033978.1	k141_92352	18636	79.677	433	64	389
NC_033978.1	k141_92352	18636	77.866	253	50	196
NC_033978.1	k141_92352	18636	80.952	147	16	141
NC_033978.1	k141_92352	18636	80.952	147	16	141
NC_033978.1	k141_13271	2377	89.500	1219	91	1628
NC_033978.1	k141_5042	703	83.708	712	100	749
NC_033978.1	k141_5106	13349	89.041	365	39	475
NC_033978.1	k141_5106	13349	82.051	39	7	40.1
NC_033978.1	k141_88679	4329	72.015	804	188	389
NC_033978.1	k141_88679	4329	72.015	804	188	389
NC_033978.1	k141_88679	4329	78.292	281	59	225
NC_033978.1	k141_88679	4329	78.292	281	59	225
NC_033978.1	k141_64920	387	82.308	390	49	379
NC_033978.1	k141_79674	504	76.054	522	96	369
NC_033978.1	k141_53100	21884	75.244	513	116	345
NC_033978.1	k141_53100	21884	75.244	513	116	345
NC_033978.1	k141_53100	21884	75.161	467	94	290
NC_033978.1	k141_53100	21884	75.161	467	94	290
NC_033978.1	k141_53100	21884	63.985	808	209	121
NC_033978.1	k141_53100	21884	63.985	808	209	121
NC_033978.1	k141_53100	21884	93.506	77	5	117
NC_033978.1	k141_38039	2942	68.145	857	236	308
NC_033978.1	k141_8657	954	72.121	495	72	272
NC_033978.1	k141_74011	2944	99.310	145	0	254
NC_033978.1	k141_74011	2944	99.310	145	0	254
NC_033978.1	k141_50521	586	100.000	140	0	253
NC_033978.1	k141_50521	586	100.000	140	0	253
NC_033978.1	k141_50521	586	83.951	81	8	88.7
NC_033978.1	k141_50521	586	83.951	81	8	88.7
NC_033978.1	k141_32549	3148	82.278	237	29	242
NC_033978.1	k141_34880	4856	77.152	302	43	235
NC_033978.1	k141_75860	3434	97.143	140	4	235
NC_033978.1	k141_75860	3434	97.143	140	4	235
NC_033978.1	k141_42591	308	91.515	165	14	235
NC_033978.1	k141_50361	500	98.305	118	2	205
NC_033978.1	k141_50361	500	98.305	118	2	205
NC_033978.1	k141_67691	1934	80.088	226	24	202
NC_033978.1	k141_73818	8612	85.057	174	25	194
NC_033978.1	k141_34738	3838	80.808	198	31	175
NC_033978.1	k141_15647	4136	81.988	161	22	158
NC_033978.1	k141_58474	347	87.826	115	5	149
NC_033978.1	k141_58474	347	87.826	115	5	149
NC_033978.1	k141_21412	2052	98.795	83	1	146
NC_033978.1	k141_21412	2052	98.795	83	1	146
NC_033978.1	k141_70767	1868	97.561	82	2	140
NC_033978.1	k141_75389	2439	81.690	142	25	136
NC_033978.1	k141_12270	450	83.333	126	21	133
NC_033978.1	k141_12270	450	83.333	126	21	133
NC_033978.1	k141_12270	450	86.885	61	8	75.2
NC_033978.1	k141_12270	450	86.885	61	8	75.2
NC_033978.1	k141_69362	415	68.844	398	80	132
NC_033978.1	k141_11131	1618	93.506	77	5	117
NC_033978.1	k141_11131	1618	77.049	61	14	48.2
NC_033978.1	k141_50816	2011	91.250	80	4	112
NC_033978.1	k141_53075	409	93.056	72	5	108
NC_033978.1	k141_34846	2126	76.582	158	22	105
NC_033978.1	k141_22811	1613	77.099	131	13	104
NC_033978.1	k141_22811	1613	77.099	131	13	104
NC_033978.1	k141_53646	413	90.141	71	7	97.8
NC_033978.1	k141_87589	666	93.548	62	4	95.1
NC_033978.1	k141_87589	666	93.548	62	4	95.1
NC_033978.1	k141_7988	449	74.815	135	27	88.7
NC_033978.1	k141_83690	1081	91.525	59	5	85.1
NC_033978.1	k141_83690	1081	91.525	59	5	85.1
NC_033978.1	k141_71633	3269	92.593	54	4	80.6
NC_033978.1	k141_69698	2667	88.136	59	7	76.1
NC_033978.1	k141_69698	2667	88.136	59	7	76.1
NC_033978.1	k141_32780	668	79.518	83	16	70.7
NC_033978.1	k141_32780	668	79.518	83	16	70.7
NC_033978.1	k141_54270	3384	87.037	54	7	67.1
NC_033978.1	k141_29419	3556	86.792	53	7	65.3
NC_033978.1	k141_84490	611	85.417	48	7	56.3
NC_033978.1	k141_12653	738	84.000	50	8	55.4
NC_033978.1	k141_12653	738	84.000	50	8	55.4
NC_033978.1	k141_51112	7399	75.325	77	15	53.6
NC_033978.1	k141_37125	11142	86.047	43	6	51.8
NC_033978.1	k141_64004	5456	78.723	47	10	41.0
MW006668.1	k141_543	26996	94.103	8225	301	12664
MW006668.1	k141_543	26996	94.103	8225	301	12664
MW006668.1	k141_543	26996	88.889	5472	434	7127
MW006668.1	k141_543	26996	74.498	1894	265	1260
MW006668.1	k141_543	26996	75.072	1388	192	934
MW006668.1	k141_543	26996	86.724	693	61	850
MW006668.1	k141_543	26996	78.096	767	120	625
MW006668.1	k141_543	26996	89.755	449	45	600
MW006668.1	k141_543	26996	88.514	444	45	572
MW006668.1	k141_543	26996	88.514	444	45	572
MW006668.1	k141_543	26996	88.489	278	24	356
MW006668.1	k141_543	26996	88.489	278	24	356
MW006668.1	k141_543	26996	77.846	325	49	265
MW006668.1	k141_543	26996	84.393	173	27	191
MW006668.1	k141_543	26996	82.550	149	16	148
MW006668.1	k141_543	26996	82.550	149	16	148
MW006668.1	k141_543	26996	82.482	137	14	135
MW006668.1	k141_543	26996	66.256	406	106	125
MW006668.1	k141_543	26996	66.256	406	106	125
MW006668.1	k141_543	26996	81.905	105	15	104
MW006668.1	k141_543	26996	63.992	511	141	101
MW006668.1	k141_543	26996	74.797	123	19	89.7
MW006668.1	k141_543	26996	74.590	122	19	87.8
MW006668.1	k141_543	26996	74.590	122	19	87.8
MW006668.1	k141_543	26996	70.552	163	36	85.1
MW006668.1	k141_543	26996	70.552	163	36	85.1
MW006668.1	k141_543	26996	70.552	163	36	85.1
MW006668.1	k141_543	26996	70.552	163	36	85.1
MW006668.1	k141_543	26996	65.028	529	135	80.6
MW006668.1	k141_543	26996	65.028	529	135	80.6
MW006668.1	k141_543	26996	65.028	529	135	80.6
MW006668.1	k141_543	26996	65.028	529	135	80.6
MW006668.1	k141_543	26996	65.028	529	135	80.6
MW006668.1	k141_543	26996	65.028	529	135	80.6
MW006668.1	k141_543	26996	64.839	529	136	79.7
MW006668.1	k141_543	26996	64.839	529	136	79.7
MW006668.1	k141_543	26996	64.783	531	133	78.8
MW006668.1	k141_543	26996	64.783	531	133	78.8
MW006668.1	k141_543	26996	100.000	42	0	77.0
MW006668.1	k141_543	26996	100.000	42	0	77.0
MW006668.1	k141_543	26996	100.000	42	0	77.0
MW006668.1	k141_543	26996	85.965	57	8	68.0
MW006668.1	k141_543	26996	85.965	57	8	68.0
MW006668.1	k141_543	26996	92.857	42	3	63.5
MW006668.1	k141_543	26996	86.275	51	7	61.7
MW006668.1	k141_50302	86236	82.966	9352	1292	9689
MW006668.1	k141_50302	86236	89.947	5521	481	7409
MW006668.1	k141_50302	86236	85.200	4223	497	4810
MW006668.1	k141_50302	86236	84.444	3812	420	4195
MW006668.1	k141_50302	86236	87.115	3407	389	4157
MW006668.1	k141_50302	86236	81.797	4230	565	4036
MW006668.1	k141_50302	86236	80.783	3882	505	3571
MW006668.1	k141_50302	86236	89.142	1842	184	2404
MW006668.1	k141_50302	86236	82.672	2268	295	2277
MW006668.1	k141_50302	86236	86.915	1796	192	2196
MW006668.1	k141_50302	86236	82.690	1918	295	1956
MW006668.1	k141_50302	86236	75.083	2709	520	1807
MW006668.1	k141_50302	86236	77.894	1823	325	1470
MW006668.1	k141_50302	86236	74.164	2152	328	1346
MW006668.1	k141_50302	86236	87.928	1052	109	1319
MW006668.1	k141_50302	86236	70.111	2961	498	1298
MW006668.1	k141_50302	86236	92.891	844	60	1252
MW006668.1	k141_50302	86236	92.891	844	60	1252
MW006668.1	k141_50302	86236	73.743	1611	264	985
MW006668.1	k141_50302	86236	76.659	1341	227	982
MW006668.1	k141_50302	86236	75.909	1457	232	977
MW006668.1	k141_50302	86236	75.158	1264	191	854
MW006668.1	k141_50302	86236	75.158	1264	191	854
MW006668.1	k141_50302	86236	76.890	1164	189	838
MW006668.1	k141_50302	86236	83.312	773	91	780
MW006668.1	k141_50302	86236	76.471	918	163	681
MW006668.1	k141_50302	86236	74.038	1117	186	666
MW006668.1	k141_50302	86236	78.559	597	103	487
MW006668.1	k141_50302	86236	74.504	706	114	486
MW006668.1	k141_50302	86236	87.432	366	30	459
MW006668.1	k141_50302	86236	80.116	518	85	451
MW006668.1	k141_50302	86236	71.777	861	169	407
MW006668.1	k141_50302	86236	74.380	605	92	391
MW006668.1	k141_50302	86236	86.012	336	40	388
MW006668.1	k141_50302	86236	77.053	475	76	369
MW006668.1	k141_50302	86236	77.053	475	76	369
MW006668.1	k141_50302	86236	77.810	347	50	277
MW006668.1	k141_50302	86236	77.810	347	50	277
MW006668.1	k141_50302	86236	80.228	263	41	233
MW006668.1	k141_50302	86236	82.819	227	33	231
MW006668.1	k141_50302	86236	80.628	191	27	174
MW006668.1	k141_50302	86236	75.630	238	56	166
MW006668.1	k141_50302	86236	72.638	307	60	161
MW006668.1	k141_50302	86236	78.241	216	36	152
MW006668.1	k141_50302	86236	90.000	110	9	147
MW006668.1	k141_50302	86236	97.619	84	2	143
MW006668.1	k141_50302	86236	80.247	162	24	142
MW006668.1	k141_50302	86236	76.344	186	34	138
MW006668.1	k141_50302	86236	76.344	186	34	138
MW006668.1	k141_50302	86236	92.308	91	7	133
MW006668.1	k141_50302	86236	94.937	79	4	125
MW006668.1	k141_50302	86236	94.937	79	4	125
MW006668.1	k141_50302	86236	66.828	413	123	123
MW006668.1	k141_50302	86236	76.730	159	35	118
MW006668.1	k141_50302	86236	73.182	220	42	115
MW006668.1	k141_50302	86236	71.296	216	38	110
MW006668.1	k141_50302	86236	74.118	170	44	109
MW006668.1	k141_50302	86236	85.526	76	9	86.0
MW006668.1	k141_50302	86236	72.973	148	23	85.1
MW006668.1	k141_50302	86236	72.973	148	23	85.1
MW006668.1	k141_50302	86236	97.619	42	1	72.5
MW006668.1	k141_50302	86236	100.000	39	0	71.6
MW006668.1	k141_50302	86236	100.000	39	0	71.6
MW006668.1	k141_50302	86236	86.792	53	7	65.3
MW006668.1	k141_50302	86236	86.792	53	7	65.3
MW006668.1	k141_50302	86236	89.362	47	5	63.5
MW006668.1	k141_92352	18636	80.993	4814	722	4492
MW006668.1	k141_92352	18636	80.993	4814	722	4492
MW006668.1	k141_92352	18636	82.601	2776	371	2827
MW006668.1	k141_92352	18636	82.601	2776	371	2827
MW006668.1	k141_92352	18636	77.976	2243	457	1807
MW006668.1	k141_92352	18636	81.777	1564	198	1534
MW006668.1	k141_92352	18636	81.777	1564	198	1534
MW006668.1	k141_92352	18636	81.395	215	38	201
MW006668.1	k141_92352	18636	81.395	215	38	201
MW006668.1	k141_92352	18636	83.333	126	20	130
MW006668.1	k141_13271	2377	85.949	1217	132	1433
MW006668.1	k141_5042	703	81.972	710	110	689
MW006668.1	k141_5106	13349	83.152	368	58	379
MW006668.1	k141_5106	13349	85.000	40	6	46.4
MW006668.1	k141_88679	4329	70.916	808	191	361
MW006668.1	k141_88679	4329	70.916	808	191	361
MW006668.1	k141_88679	4329	78.292	281	59	225
MW006668.1	k141_88679	4329	78.292	281	59	225
MW006668.1	k141_53100	21884	74.854	513	118	336
MW006668.1	k141_53100	21884	74.854	513	118	336
MW006668.1	k141_53100	21884	74.518	467	103	276
MW006668.1	k141_53100	21884	74.518	467	103	276
MW006668.1	k141_53100	21884	93.506	77	5	117
MW006668.1	k141_53100	21884	63.366	808	209	98.7
MW006668.1	k141_53100	21884	63.366	808	209	98.7
MW006668.1	k141_64920	387	78.117	393	47	325
MW006668.1	k141_8657	954	75.264	473	64	311
MW006668.1	k141_38039	2942	66.955	808	224	257
MW006668.1	k141_50521	586	100.000	140	0	253
MW006668.1	k141_50521	586	100.000	140	0	253
MW006668.1	k141_50521	586	81.707	82	9	82.4
MW006668.1	k141_50521	586	81.707	82	9	82.4
MW006668.1	k141_74011	2944	97.241	145	3	241
MW006668.1	k141_74011	2944	97.241	145	3	241
MW006668.1	k141_75860	3434	96.429	140	5	231
MW006668.1	k141_75860	3434	96.429	140	5	231
MW006668.1	k141_42591	308	89.017	173	19	227
MW006668.1	k141_32549	3148	73.623	345	45	214
MW006668.1	k141_34880	4856	75.248	303	49	210
MW006668.1	k141_50361	500	98.305	118	2	205
MW006668.1	k141_50361	500	98.305	118	2	205
MW006668.1	k141_67691	1934	81.481	216	25	196
MW006668.1	k141_79674	504	69.006	513	139	196
MW006668.1	k141_73818	8612	83.908	174	27	185
MW006668.1	k141_34738	3838	79.444	180	31	150
MW006668.1	k141_15647	4136	77.174	184	27	143
MW006668.1	k141_21412	2052	96.386	83	3	137
MW006668.1	k141_21412	2052	96.386	83	3	137
MW006668.1	k141_75389	2439	80.986	142	26	132
MW006668.1	k141_45367	593	67.763	456	103	128
MW006668.1	k141_70767	1868	94.937	79	4	125
MW006668.1	k141_70767	1868	94.937	79	4	125
MW006668.1	k141_12270	450	81.746	126	23	124
MW006668.1	k141_12270	450	81.746	126	23	124
MW006668.1	k141_12270	450	85.246	61	9	70.7
MW006668.1	k141_12270	450	85.246	61	9	70.7
MW006668.1	k141_11131	1618	94.737	76	4	120
MW006668.1	k141_11131	1618	77.193	57	13	45.5
MW006668.1	k141_34846	2126	86.000	100	10	113
MW006668.1	k141_53075	409	93.056	72	5	108
MW006668.1	k141_87589	666	96.774	62	2	104
MW006668.1	k141_87589	666	96.774	62	2	104
MW006668.1	k141_7988	449	76.692	133	24	98.7
MW006668.1	k141_7988	449	76.692	133	24	98.7
MW006668.1	k141_50816	2011	89.189	74	5	96.9
MW006668.1	k141_5862	6349	83.562	73	10	76.1
MW006668.1	k141_32780	668	79.518	83	16	70.7
MW006668.1	k141_32780	668	79.518	83	16	70.7
MW006668.1	k141_29419	3556	88.679	53	6	69.8
MW006668.1	k141_69698	2667	85.000	60	9	68.9
MW006668.1	k141_71633	3269	87.037	54	7	67.1
MW006668.1	k141_71633	3269	87.037	54	7	67.1
MW006668.1	k141_4960	513	88.889	36	4	48.2
MW006668.1	k141_4960	513	88.889	36	4	48.2
MW006668.1	k141_69399	706	80.952	42	8	41.0
MW006668.1	k141_74303	4234	74.194	62	16	41.0
MW435436.1	k141_543	26996	93.598	11168	394	16963
MW435436.1	k141_543	26996	93.598	11168	394	16963
MW435436.1	k141_543	26996	93.219	9069	520	13583
MW435436.1	k141_543	26996	93.219	9069	520	13583
MW435436.1	k141_543	26996	91.441	3809	177	5417
MW435436.1	k141_543	26996	91.441	3809	177	5417
MW435436.1	k141_543	26996	86.727	987	82	1207
MW435436.1	k141_543	26996	86.727	987	82	1207
MW435436.1	k141_543	26996	86.719	768	62	917
MW435436.1	k141_543	26996	86.719	768	62	917
MW435436.1	k141_543	26996	95.238	42	2	68.0
MW435436.1	k141_543	26996	92.308	39	3	58.1
MW435436.1	k141_50302	86236	85.139	10881	1328	12337
MW435436.1	k141_50302	86236	82.072	8233	1045	8113
MW435436.1	k141_50302	86236	90.252	5683	472	7717
MW435436.1	k141_50302	86236	84.615	4576	507	5076
MW435436.1	k141_50302	86236	85.565	3734	391	4289
MW435436.1	k141_50302	86236	80.005	4301	565	3803
MW435436.1	k141_50302	86236	78.936	4154	661	3488
MW435436.1	k141_50302	86236	83.261	2061	249	2181
MW435436.1	k141_50302	86236	85.944	1864	227	2172
MW435436.1	k141_50302	86236	83.668	1990	273	2117
MW435436.1	k141_50302	86236	73.556	3498	570	2067
MW435436.1	k141_50302	86236	80.746	2119	242	1975
MW435436.1	k141_50302	86236	80.410	1562	265	1425
MW435436.1	k141_50302	86236	74.988	2135	361	1370
MW435436.1	k141_50302	86236	85.556	1080	106	1241
MW435436.1	k141_50302	86236	80.598	1237	169	1123
MW435436.1	k141_50302	86236	73.130	1939	332	1121
MW435436.1	k141_50302	86236	79.737	1140	142	1028
MW435436.1	k141_50302	86236	78.535	1174	178	931
MW435436.1	k141_50302	86236	79.710	1035	132	896
MW435436.1	k141_50302	86236	72.605	1482	253	819
MW435436.1	k141_50302	86236	79.310	841	132	703
MW435436.1	k141_50302	86236	80.851	564	93	513
MW435436.1	k141_50302	86236	83.047	466	54	485
MW435436.1	k141_50302	86236	83.047	466	54	485
MW435436.1	k141_50302	86236	74.305	755	118	462
MW435436.1	k141_50302	86236	79.074	497	77	416
MW435436.1	k141_50302	86236	88.217	314	31	397
MW435436.1	k141_50302	86236	71.701	629	101	294
MW435436.1	k141_50302	86236	86.842	228	24	273
MW435436.1	k141_50302	86236	80.081	246	27	225
MW435436.1	k141_50302	86236	74.754	305	45	205
MW435436.1	k141_50302	86236	85.185	162	15	184
MW435436.1	k141_50302	86236	88.976	127	13	163
MW435436.1	k141_50302	86236	90.756	119	8	159
MW435436.1	k141_50302	86236	95.000	100	3	156
MW435436.1	k141_50302	86236	87.903	124	12	150
MW435436.1	k141_50302	86236	94.624	93	5	146
MW435436.1	k141_50302	86236	94.624	93	5	146
MW435436.1	k141_50302	86236	72.587	259	50	140
MW435436.1	k141_50302	86236	97.468	79	2	134
MW435436.1	k141_50302	86236	83.333	126	21	133
MW435436.1	k141_50302	86236	90.110	91	9	124
MW435436.1	k141_50302	86236	82.645	121	21	124
MW435436.1	k141_50302	86236	86.765	68	9	83.3
MW435436.1	k141_50302	86236	80.000	95	14	82.4
MW435436.1	k141_50302	86236	97.619	42	1	72.5
MW435436.1	k141_50302	86236	97.619	42	1	72.5
MW435436.1	k141_50302	86236	74.510	102	20	64.4
MW435436.1	k141_50302	86236	94.872	39	2	62.6
MW435436.1	k141_92352	18636	80.679	4803	763	4402
MW435436.1	k141_92352	18636	82.366	2756	401	2708
MW435436.1	k141_92352	18636	80.053	2266	403	2044
MW435436.1	k141_92352	18636	80.348	2010	345	1836
MW435436.1	k141_92352	18636	82.790	1534	203	1564
MW435436.1	k141_92352	18636	71.665	2534	535	1354
MW435436.1	k141_92352	18636	76.295	869	172	638
MW435436.1	k141_92352	18636	76.295	869	172	638
MW435436.1	k141_92352	18636	69.352	1204	286	516
MW435436.1	k141_92352	18636	79.592	147	18	132
MW435436.1	k141_92352	18636	79.592	147	18	132
MW435436.1	k141_13271	2377	87.469	1213	116	1513
MW435436.1	k141_5042	703	80.447	716	120	638
MW435436.1	k141_53100	21884	71.240	1137	258	531
MW435436.1	k141_53100	21884	71.240	1137	258	531
MW435436.1	k141_53100	21884	63.985	808	209	121
MW435436.1	k141_53100	21884	63.985	808	209	121
MW435436.1	k141_53100	21884	92.208	77	6	113
MW435436.1	k141_5106	13349	85.112	356	52	400
MW435436.1	k141_64920	387	82.097	391	50	386
MW435436.1	k141_88679	4329	71.677	805	189	379
MW435436.1	k141_88679	4329	71.677	805	189	379
MW435436.1	k141_88679	4329	77.936	281	60	221
MW435436.1	k141_88679	4329	77.936	281	60	221
MW435436.1	k141_79674	504	76.226	530	93	369
MW435436.1	k141_79674	504	76.226	530	93	369
MW435436.1	k141_38039	2942	68.145	857	236	304
MW435436.1	k141_50521	586	100.000	142	0	257
MW435436.1	k141_50521	586	100.000	142	0	257
MW435436.1	k141_50521	586	82.716	81	9	84.2
MW435436.1	k141_50521	586	82.716	81	9	84.2
MW435436.1	k141_75860	3434	98.571	140	2	244
MW435436.1	k141_75860	3434	98.571	140	2	244
MW435436.1	k141_8657	954	73.399	406	57	242
MW435436.1	k141_32549	3148	84.906	212	14	242
MW435436.1	k141_34880	4856	77.409	301	42	238
MW435436.1	k141_74011	2944	95.862	145	5	232
MW435436.1	k141_74011	2944	95.862	145	5	232
MW435436.1	k141_42591	308	89.595	173	18	232
MW435436.1	k141_50361	500	98.305	118	2	205
MW435436.1	k141_50361	500	98.305	118	2	205
MW435436.1	k141_67691	1934	81.735	219	24	203
MW435436.1	k141_73818	8612	84.483	174	26	189
MW435436.1	k141_34738	3838	85.926	135	15	153
MW435436.1	k141_58474	347	87.826	115	5	149
MW435436.1	k141_58474	347	87.826	115	5	149
MW435436.1	k141_15647	4136	79.558	181	25	149
MW435436.1	k141_21412	2052	97.590	83	2	141
MW435436.1	k141_21412	2052	97.590	83	2	141
MW435436.1	k141_12270	450	83.333	126	21	133
MW435436.1	k141_12270	450	83.333	126	21	133
MW435436.1	k141_12270	450	86.885	61	8	75.2
MW435436.1	k141_12270	450	86.885	61	8	75.2
MW435436.1	k141_75389	2439	80.986	142	26	132
MW435436.1	k141_70767	1868	95.000	80	4	127
MW435436.1	k141_34846	2126	80.303	132	15	118
MW435436.1	k141_11131	1618	92.208	77	6	113
MW435436.1	k141_11131	1618	77.193	57	13	45.5
MW435436.1	k141_45367	593	72.947	207	40	109
MW435436.1	k141_22811	1613	77.863	131	12	108
MW435436.1	k141_22811	1613	77.863	131	12	108
MW435436.1	k141_53075	409	93.056	72	5	108
MW435436.1	k141_50816	2011	91.892	74	3	105
MW435436.1	k141_7988	449	77.037	135	24	102
MW435436.1	k141_87589	666	93.548	62	4	95.1
MW435436.1	k141_87589	666	93.548	62	4	95.1
MW435436.1	k141_5862	6349	85.057	87	10	93.3
MW435436.1	k141_5862	6349	85.057	87	10	93.3
MW435436.1	k141_83690	1081	89.831	59	6	80.6
MW435436.1	k141_83690	1081	89.831	59	6	80.6
MW435436.1	k141_71633	3269	90.385	52	5	72.5
MW435436.1	k141_32780	668	79.518	83	16	70.7
MW435436.1	k141_32780	668	79.518	83	16	70.7
MW435436.1	k141_29419	3556	86.792	53	7	65.3
MW435436.1	k141_37125	11142	83.721	43	7	47.3
MW435436.1	k141_69399	706	80.952	42	8	41.0
MW435436.1	k141_22552	4984	82.051	39	7	40.1
MW435436.1	k141_22552	4984	82.051	39	7	40.1
NC_037882.1	k141_543	26996	94.380	9840	323	15298
NC_037882.1	k141_543	26996	94.380	9840	323	15298
NC_037882.1	k141_543	26996	93.461	7967	406	12055
NC_037882.1	k141_543	26996	93.461	7967	406	12055
NC_037882.1	k141_543	26996	94.164	4901	143	7602
NC_037882.1	k141_543	26996	94.164	4901	143	7602
NC_037882.1	k141_543	26996	85.556	990	79	1172
NC_037882.1	k141_543	26996	85.556	990	79	1172
NC_037882.1	k141_543	26996	97.267	439	12	738
NC_037882.1	k141_543	26996	97.267	439	12	738
NC_037882.1	k141_543	26996	89.835	364	10	492
NC_037882.1	k141_543	26996	89.835	364	10	492
NC_037882.1	k141_543	26996	100.000	49	0	89.7
NC_037882.1	k141_543	26996	100.000	49	0	89.7
NC_037882.1	k141_543	26996	97.619	42	1	72.5
NC_037882.1	k141_543	26996	94.872	39	2	62.6
NC_037882.1	k141_50302	86236	85.587	13037	1455	15053
NC_037882.1	k141_50302	86236	86.967	8563	813	10315
NC_037882.1	k141_50302	86236	82.173	9211	1044	9315
NC_037882.1	k141_50302	86236	86.337	4523	495	5342
NC_037882.1	k141_50302	86236	87.911	3623	331	4543
NC_037882.1	k141_50302	86236	80.557	4274	521	3930
NC_037882.1	k141_50302	86236	80.288	4028	603	3605
NC_037882.1	k141_50302	86236	76.321	4768	675	3445
NC_037882.1	k141_50302	86236	81.826	2333	298	2279
NC_037882.1	k141_50302	86236	84.175	1940	254	2109
NC_037882.1	k141_50302	86236	77.558	2580	396	1969
NC_037882.1	k141_50302	86236	81.617	1670	252	1615
NC_037882.1	k141_50302	86236	84.089	1037	115	1122
NC_037882.1	k141_50302	86236	88.208	865	56	1115
NC_037882.1	k141_50302	86236	80.932	1180	167	1090
NC_037882.1	k141_50302	86236	80.521	1114	131	1055
NC_037882.1	k141_50302	86236	76.671	1436	193	992
NC_037882.1	k141_50302	86236	77.437	1272	183	968
NC_037882.1	k141_50302	86236	80.892	1031	111	946
NC_037882.1	k141_50302	86236	76.624	1185	150	850
NC_037882.1	k141_50302	86236	73.611	1440	235	839
NC_037882.1	k141_50302	86236	73.395	1075	175	606
NC_037882.1	k141_50302	86236	83.333	552	73	563
NC_037882.1	k141_50302	86236	87.311	331	29	402
NC_037882.1	k141_50302	86236	76.295	502	70	382
NC_037882.1	k141_50302	86236	80.251	319	43	292
NC_037882.1	k141_50302	86236	77.188	320	51	228
NC_037882.1	k141_50302	86236	77.273	286	48	194
NC_037882.1	k141_50302	86236	72.256	328	49	161
NC_037882.1	k141_50302	86236	92.453	106	8	156
NC_037882.1	k141_50302	86236	93.333	105	5	156
NC_037882.1	k141_50302	86236	95.699	93	4	150
NC_037882.1	k141_50302	86236	95.699	93	4	150
NC_037882.1	k141_50302	86236	90.566	106	10	147
NC_037882.1	k141_50302	86236	98.734	79	1	139
NC_037882.1	k141_50302	86236	94.118	85	2	130
NC_037882.1	k141_50302	86236	79.365	126	26	111
NC_037882.1	k141_50302	86236	73.939	165	43	104
NC_037882.1	k141_50302	86236	95.238	42	2	68.0
NC_037882.1	k141_50302	86236	95.238	42	2	68.0
NC_037882.1	k141_50302	86236	97.436	39	1	67.1
NC_037882.1	k141_92352	18636	82.976	2749	345	2865
NC_037882.1	k141_92352	18636	79.154	3075	455	2621
NC_037882.1	k141_92352	18636	84.909	2094	282	2333
NC_037882.1	k141_92352	18636	80.601	2330	399	2131
NC_037882.1	k141_92352	18636	69.063	3979	909	1588
NC_037882.1	k141_92352	18636	78.577	1223	227	998
NC_037882.1	k141_92352	18636	82.340	453	50	457
NC_037882.1	k141_92352	18636	69.637	965	274	419
NC_037882.1	k141_92352	18636	81.028	253	42	237
NC_037882.1	k141_92352	18636	80.952	147	16	141
NC_037882.1	k141_92352	18636	80.952	147	16	141
NC_037882.1	k141_13271	2377	88.093	1201	107	1532
NC_037882.1	k141_5042	703	80.056	717	107	650
NC_037882.1	k141_5106	13349	87.637	364	44	451
NC_037882.1	k141_88679	4329	72.015	804	188	389
NC_037882.1	k141_88679	4329	72.015	804	188	389
NC_037882.1	k141_88679	4329	77.936	281	60	221
NC_037882.1	k141_88679	4329	77.936	281	60	221
NC_037882.1	k141_64920	387	80.214	374	49	342
NC_037882.1	k141_53100	21884	75.049	513	117	341
NC_037882.1	k141_53100	21884	75.049	513	117	341
NC_037882.1	k141_53100	21884	74.310	471	91	282
NC_037882.1	k141_53100	21884	74.310	471	91	282
NC_037882.1	k141_53100	21884	63.985	808	209	121
NC_037882.1	k141_53100	21884	63.985	808	209	121
NC_037882.1	k141_53100	21884	91.139	79	7	112
NC_037882.1	k141_79674	504	73.535	529	109	306
NC_037882.1	k141_8657	954	72.134	506	73	280
NC_037882.1	k141_38039	2942	67.229	830	241	277
NC_037882.1	k141_50521	586	100.000	140	0	253
NC_037882.1	k141_50521	586	100.000	140	0	253
NC_037882.1	k141_50521	586	83.951	81	8	88.7
NC_037882.1	k141_50521	586	83.951	81	8	88.7
NC_037882.1	k141_34880	4856	78.073	301	40	247
NC_037882.1	k141_74011	2944	97.931	145	2	245
NC_037882.1	k141_74011	2944	97.931	145	2	245
NC_037882.1	k141_32549	3148	80.224	268	27	242
NC_037882.1	k141_42591	308	89.888	178	18	241
NC_037882.1	k141_75860	3434	97.143	140	4	235
NC_037882.1	k141_75860	3434	97.143	140	4	235
NC_037882.1	k141_50361	500	98.305	118	2	205
NC_037882.1	k141_50361	500	98.305	118	2	205
NC_037882.1	k141_67691	1934	77.083	240	23	187
NC_037882.1	k141_73818	8612	83.333	174	28	180
NC_037882.1	k141_15647	4136	77.826	230	29	178
NC_037882.1	k141_34738	3838	80.000	200	27	170
NC_037882.1	k141_75389	2439	84.507	142	21	154
NC_037882.1	k141_58474	347	94.565	92	5	144
NC_037882.1	k141_58474	347	94.565	92	5	144
NC_037882.1	k141_70767	1868	98.750	80	1	141
NC_037882.1	k141_21412	2052	96.386	83	3	137
NC_037882.1	k141_21412	2052	96.386	83	3	137
NC_037882.1	k141_12270	450	82.540	126	22	129
NC_037882.1	k141_12270	450	82.540	126	22	129
NC_037882.1	k141_12270	450	86.885	61	8	75.2
NC_037882.1	k141_12270	450	86.885	61	8	75.2
NC_037882.1	k141_34846	2126	80.303	132	15	123
NC_037882.1	k141_77393	4825	83.036	112	18	113
NC_037882.1	k141_53075	409	93.056	72	5	108
NC_037882.1	k141_11131	1618	90.909	77	7	108
NC_037882.1	k141_11131	1618	77.193	57	13	45.5
NC_037882.1	k141_7988	449	77.778	135	23	106
NC_037882.1	k141_22811	1613	77.099	131	13	104
NC_037882.1	k141_22811	1613	77.099	131	13	104
NC_037882.1	k141_87589	666	96.774	62	2	104
NC_037882.1	k141_87589	666	96.774	62	2	104
NC_037882.1	k141_53646	413	91.549	71	6	102
NC_037882.1	k141_50816	2011	92.754	69	2	101
NC_037882.1	k141_83690	1081	91.525	59	5	85.1
NC_037882.1	k141_83690	1081	91.525	59	5	85.1
NC_037882.1	k141_5862	6349	90.164	61	6	84.2
NC_037882.1	k141_5862	6349	90.164	61	6	84.2
NC_037882.1	k141_69698	2667	88.136	59	7	76.1
NC_037882.1	k141_69698	2667	88.136	59	7	76.1
NC_037882.1	k141_32780	668	79.518	83	16	70.7
NC_037882.1	k141_32780	668	79.518	83	16	70.7
NC_037882.1	k141_29419	3556	86.792	53	7	65.3
NC_037882.1	k141_37125	11142	86.047	43	6	51.8
NC_037882.1	k141_69399	706	80.952	42	8	41.0
NC_056190.1	k141_543	26996	94.495	9083	337	14102
NC_056190.1	k141_543	26996	94.495	9083	337	14102
NC_056190.1	k141_543	26996	92.580	9083	515	13364
NC_056190.1	k141_543	26996	92.580	9083	515	13364
NC_056190.1	k141_543	26996	90.286	6084	283	8419
NC_056190.1	k141_543	26996	90.286	6084	283	8419
NC_056190.1	k141_543	26996	88.708	797	69	1038
NC_056190.1	k141_543	26996	88.708	797	69	1038
NC_056190.1	k141_543	26996	87.980	391	32	489
NC_056190.1	k141_543	26996	87.980	391	32	489
NC_056190.1	k141_543	26996	97.561	41	1	70.7
NC_056190.1	k141_543	26996	92.308	39	3	58.1
NC_056190.1	k141_50302	86236	84.174	12764	1664	13904
NC_056190.1	k141_50302	86236	86.295	9836	1010	11669
NC_056190.1	k141_50302	86236	81.437	6443	908	6203
NC_056190.1	k141_50302	86236	79.141	5005	733	4285
NC_056190.1	k141_50302	86236	80.869	4234	546	3920
NC_056190.1	k141_50302	86236	81.934	3537	451	3488
NC_056190.1	k141_50302	86236	77.679	4050	663	3135
NC_056190.1	k141_50302	86236	74.953	4284	657	2813
NC_056190.1	k141_50302	86236	81.733	2135	234	2067
NC_056190.1	k141_50302	86236	83.688	1925	278	2026
NC_056190.1	k141_50302	86236	79.976	1668	256	1479
NC_056190.1	k141_50302	86236	87.393	1047	106	1272
NC_056190.1	k141_50302	86236	83.784	999	141	1064
NC_056190.1	k141_50302	86236	76.497	1319	177	998
NC_056190.1	k141_50302	86236	79.653	1096	171	960
NC_056190.1	k141_50302	86236	76.226	1203	187	857
NC_056190.1	k141_50302	86236	78.051	1016	169	795
NC_056190.1	k141_50302	86236	72.569	1440	251	762
NC_056190.1	k141_50302	86236	74.113	1240	195	755
NC_056190.1	k141_50302	86236	75.304	1150	191	738
NC_056190.1	k141_50302	86236	71.993	1114	175	555
NC_056190.1	k141_50302	86236	80.071	562	87	496
NC_056190.1	k141_50302	86236	76.213	639	103	471
NC_056190.1	k141_50302	86236	87.859	313	32	390
NC_056190.1	k141_50302	86236	75.368	544	103	352
NC_056190.1	k141_50302	86236	67.847	706	132	251
NC_056190.1	k141_50302	86236	87.302	189	24	233
NC_056190.1	k141_50302	86236	75.157	318	47	215
NC_056190.1	k141_50302	86236	80.000	195	29	172
NC_056190.1	k141_50302	86236	79.188	197	21	167
NC_056190.1	k141_50302	86236	79.775	178	25	147
NC_056190.1	k141_50302	86236	94.505	91	5	142
NC_056190.1	k141_50302	86236	88.073	109	13	139
NC_056190.1	k141_50302	86236	97.531	81	2	138
NC_056190.1	k141_50302	86236	72.428	243	55	130
NC_056190.1	k141_50302	86236	88.350	103	10	130
NC_056190.1	k141_50302	86236	88.350	103	10	130
NC_056190.1	k141_50302	86236	75.152	165	41	113
NC_056190.1	k141_50302	86236	72.059	204	43	111
NC_056190.1	k141_50302	86236	74.545	165	42	109
NC_056190.1	k141_50302	86236	73.427	143	30	72.5
NC_056190.1	k141_50302	86236	95.238	42	2	68.0
NC_056190.1	k141_50302	86236	95.238	42	2	68.0
NC_056190.1	k141_50302	86236	97.436	39	1	67.1
NC_056190.1	k141_50302	86236	84.211	57	6	61.7
NC_056190.1	k141_50302	86236	76.923	91	9	59.0
NC_056190.1	k141_92352	18636	78.198	3440	527	2790
NC_056190.1	k141_92352	18636	76.854	2346	409	1760
NC_056190.1	k141_92352	18636	67.270	3923	921	1181
NC_056190.1	k141_92352	18636	73.874	1577	313	959
NC_056190.1	k141_92352	18636	84.780	703	92	782
NC_056190.1	k141_92352	18636	80.000	235	37	204
NC_056190.1	k141_92352	18636	66.738	469	131	143
NC_056190.1	k141_92352	18636	66.738	469	131	143
NC_056190.1	k141_13271	2377	86.201	1203	130	1432
NC_056190.1	k141_5042	703	82.461	707	101	701
NC_056190.1	k141_5106	13349	86.027	365	50	425
NC_056190.1	k141_88679	4329	72.139	804	187	393
NC_056190.1	k141_88679	4329	72.139	804	187	393
NC_056190.1	k141_88679	4329	77.580	281	61	216
NC_056190.1	k141_88679	4329	77.580	281	61	216
NC_056190.1	k141_53100	21884	75.049	513	117	341
NC_056190.1	k141_53100	21884	75.049	513	117	341
NC_056190.1	k141_53100	21884	74.735	471	89	291
NC_056190.1	k141_53100	21884	74.735	471	89	291
NC_056190.1	k141_53100	21884	92.208	77	6	113
NC_056190.1	k141_53100	21884	65.267	524	143	111
NC_056190.1	k141_53100	21884	65.267	524	143	111
NC_056190.1	k141_53100	21884	80.412	97	19	90.6
NC_056190.1	k141_53100	21884	80.412	97	19	90.6
NC_056190.1	k141_38039	2942	68.293	943	250	339
NC_056190.1	k141_64920	387	79.076	368	53	312
NC_056190.1	k141_8657	954	72.561	492	81	279
NC_056190.1	k141_32549	3148	79.012	324	38	260
NC_056190.1	k141_50521	586	100.000	140	0	253
NC_056190.1	k141_50521	586	100.000	140	0	253
NC_056190.1	k141_50521	586	83.951	81	8	88.7
NC_056190.1	k141_50521	586	83.951	81	8	88.7
NC_056190.1	k141_74011	2944	98.571	140	2	244
NC_056190.1	k141_74011	2944	98.571	140	2	244
NC_056190.1	k141_75860	3434	97.143	140	4	235
NC_056190.1	k141_75860	3434	97.143	140	4	235
NC_056190.1	k141_42591	308	88.000	175	21	222
NC_056190.1	k141_34880	4856	76.080	301	46	220
NC_056190.1	k141_50361	500	93.548	124	2	189
NC_056190.1	k141_50361	500	93.548	124	2	189
NC_056190.1	k141_15647	4136	77.876	226	41	178
NC_056190.1	k141_67691	1934	79.104	201	27	165
NC_056190.1	k141_75389	2439	83.803	142	22	150
NC_056190.1	k141_73818	8612	79.290	169	34	144
NC_056190.1	k141_70767	1868	97.531	81	2	138
NC_056190.1	k141_12270	450	81.752	137	25	135
NC_056190.1	k141_12270	450	81.752	137	25	135
NC_056190.1	k141_12270	450	86.885	61	8	75.2
NC_056190.1	k141_12270	450	86.885	61	8	75.2
NC_056190.1	k141_34738	3838	83.846	130	13	134
NC_056190.1	k141_21412	2052	95.181	83	4	132
NC_056190.1	k141_21412	2052	95.181	83	4	132
NC_056190.1	k141_58474	347	82.301	113	5	119
NC_056190.1	k141_58474	347	82.301	113	5	119
NC_056190.1	k141_11131	1618	93.506	77	5	117
NC_056190.1	k141_11131	1618	77.193	57	13	45.5
NC_056190.1	k141_53075	409	95.714	70	3	113
NC_056190.1	k141_34846	2126	78.906	128	16	106
NC_056190.1	k141_87589	666	96.774	62	2	104
NC_056190.1	k141_87589	666	96.774	62	2	104
NC_056190.1	k141_69362	415	72.330	206	41	98.7
NC_056190.1	k141_50816	2011	91.176	68	3	95.1
NC_056190.1	k141_5862	6349	86.765	68	9	83.3
NC_056190.1	k141_5862	6349	86.765	68	9	83.3
NC_056190.1	k141_69698	2667	88.136	59	7	76.1
NC_056190.1	k141_69698	2667	88.136	59	7	76.1
NC_056190.1	k141_32780	668	79.518	83	16	70.7
NC_056190.1	k141_32780	668	79.518	83	16	70.7
NC_056190.1	k141_71633	3269	88.462	52	6	68.0
NC_056190.1	k141_12653	738	77.465	71	10	58.1
NC_056190.1	k141_12653	738	77.465	71	10	58.1
NC_056190.1	k141_29419	3556	84.314	51	6	54.5
NC_056190.1	k141_7988	449	87.805	41	5	52.7
NC_056190.1	k141_37125	11142	83.721	43	7	47.3
NC_056190.1	k141_69399	706	80.952	42	8	41.0
MN564931.1	k141_543	26996	93.682	9227	366	14009
MN564931.1	k141_543	26996	93.682	9227	366	14009
MN564931.1	k141_543	26996	92.907	5061	204	7550
MN564931.1	k141_543	26996	92.907	5061	204	7550
MN564931.1	k141_543	26996	86.504	3905	357	4717
MN564931.1	k141_543	26996	86.504	3905	357	4717
MN564931.1	k141_543	26996	92.326	2124	117	3088
MN564931.1	k141_543	26996	92.326	2124	117	3088
MN564931.1	k141_543	26996	84.571	1212	112	1379
MN564931.1	k141_543	26996	84.571	1212	112	1379
MN564931.1	k141_543	26996	83.143	1050	68	1118
MN564931.1	k141_543	26996	83.143	1050	68	1118
MN564931.1	k141_543	26996	89.388	556	41	745
MN564931.1	k141_543	26996	89.388	556	41	745
MN564931.1	k141_543	26996	85.252	556	62	629
MN564931.1	k141_543	26996	85.252	556	62	629
MN564931.1	k141_543	26996	86.939	490	30	600
MN564931.1	k141_543	26996	86.939	490	30	600
MN564931.1	k141_543	26996	86.486	481	50	580
MN564931.1	k141_543	26996	86.486	481	50	580
MN564931.1	k141_543	26996	75.821	335	48	256
MN564931.1	k141_543	26996	75.821	335	48	256
MN564931.1	k141_543	26996	100.000	42	0	77.0
MN564931.1	k141_543	26996	97.619	42	1	72.5
MN564931.1	k141_543	26996	97.619	42	1	72.5
MN564931.1	k141_543	26996	91.111	45	4	64.4
MN564931.1	k141_543	26996	91.111	45	4	64.4
MN564931.1	k141_543	26996	92.857	42	3	63.5
MN564931.1	k141_50302	86236	84.606	10868	1375	12073
MN564931.1	k141_50302	86236	80.933	8722	1186	8148
MN564931.1	k141_50302	86236	89.011	5724	518	7479
MN564931.1	k141_50302	86236	84.488	4300	513	4756
MN564931.1	k141_50302	86236	90.218	2658	239	3618
MN564931.1	k141_50302	86236	81.730	3722	502	3609
MN564931.1	k141_50302	86236	78.226	4115	668	3331
MN564931.1	k141_50302	86236	86.797	1795	205	2153
MN564931.1	k141_50302	86236	85.524	1879	217	2150
MN564931.1	k141_50302	86236	80.365	2302	306	2052
MN564931.1	k141_50302	86236	82.485	2004	285	1984
MN564931.1	k141_50302	86236	74.862	2908	469	1852
MN564931.1	k141_50302	86236	86.583	1036	89	1251
MN564931.1	k141_50302	86236	82.854	1009	118	1049
MN564931.1	k141_50302	86236	85.610	820	118	948
MN564931.1	k141_50302	86236	86.383	705	85	840
MN564931.1	k141_50302	86236	87.671	657	81	820
MN564931.1	k141_50302	86236	77.886	1031	145	812
MN564931.1	k141_50302	86236	82.776	778	98	787
MN564931.1	k141_50302	86236	80.161	867	131	785
MN564931.1	k141_50302	86236	73.435	1246	233	709
MN564931.1	k141_50302	86236	70.934	1445	222	680
MN564931.1	k141_50302	86236	77.203	851	127	618
MN564931.1	k141_50302	86236	71.352	1124	201	541
MN564931.1	k141_50302	86236	73.769	873	137	526
MN564931.1	k141_50302	86236	74.352	772	109	513
MN564931.1	k141_50302	86236	76.166	579	88	423
MN564931.1	k141_50302	86236	73.478	739	148	421
MN564931.1	k141_50302	86236	70.865	786	154	368
MN564931.1	k141_50302	86236	72.884	638	136	364
MN564931.1	k141_50302	86236	84.451	328	33	361
MN564931.1	k141_50302	86236	86.824	296	39	359
MN564931.1	k141_50302	86236	80.533	375	54	334
MN564931.1	k141_50302	86236	76.396	394	66	280
MN564931.1	k141_50302	86236	79.182	269	31	233
MN564931.1	k141_50302	86236	76.897	290	39	220
MN564931.1	k141_50302	86236	75.532	282	42	200
MN564931.1	k141_50302	86236	86.667	150	15	181
MN564931.1	k141_50302	86236	86.486	148	20	178
MN564931.1	k141_50302	86236	91.736	121	9	170
MN564931.1	k141_50302	86236	89.516	124	12	162
MN564931.1	k141_50302	86236	96.040	101	3	161
MN564931.1	k141_50302	86236	95.699	93	3	147
MN564931.1	k141_50302	86236	88.785	107	9	138
MN564931.1	k141_50302	86236	92.222	90	6	128
MN564931.1	k141_50302	86236	67.919	346	99	126
MN564931.1	k141_50302	86236	90.909	88	8	123
MN564931.1	k141_50302	86236	90.909	88	8	123
MN564931.1	k141_50302	86236	75.152	165	41	113
MN564931.1	k141_50302	86236	72.500	160	26	89.7
MN564931.1	k141_50302	86236	97.619	42	1	72.5
MN564931.1	k141_50302	86236	97.619	42	1	72.5
MN564931.1	k141_50302	86236	100.000	39	0	71.6
MN564931.1	k141_50302	86236	82.979	47	8	50.0
MN564931.1	k141_50302	86236	68.966	116	36	48.2
MN564931.1	k141_92352	18636	80.159	4788	765	4226
MN564931.1	k141_92352	18636	81.085	2765	389	2619
MN564931.1	k141_92352	18636	78.954	2238	422	1885
MN564931.1	k141_92352	18636	83.405	1392	181	1474
MN564931.1	k141_92352	18636	68.333	1260	303	434
MN564931.1	k141_92352	18636	68.333	1260	303	434
MN564931.1	k141_92352	18636	69.827	865	222	379
MN564931.1	k141_92352	18636	69.827	865	222	379
MN564931.1	k141_92352	18636	74.345	534	101	356
MN564931.1	k141_92352	18636	74.345	534	101	356
MN564931.1	k141_92352	18636	80.315	254	42	223
MN564931.1	k141_92352	18636	80.000	160	20	147
MN564931.1	k141_92352	18636	80.000	160	20	147
MN564931.1	k141_92352	18636	78.912	147	19	128
MN564931.1	k141_92352	18636	78.912	147	19	128
MN564931.1	k141_92352	18636	74.375	160	37	99.6
MN564931.1	k141_92352	18636	74.375	160	37	99.6
MN564931.1	k141_13271	2377	86.477	1198	126	1441
MN564931.1	k141_5042	703	86.629	703	83	832
MN564931.1	k141_5106	13349	86.575	365	48	434
MN564931.1	k141_5106	13349	78.846	52	11	45.5
MN564931.1	k141_88679	4329	72.264	804	186	398
MN564931.1	k141_88679	4329	72.264	804	186	398
MN564931.1	k141_88679	4329	77.936	281	60	221
MN564931.1	k141_88679	4329	77.936	281	60	221
MN564931.1	k141_53100	21884	74.464	513	120	327
MN564931.1	k141_53100	21884	74.464	513	120	327
MN564931.1	k141_53100	21884	75.161	467	94	286
MN564931.1	k141_53100	21884	75.161	467	94	286
MN564931.1	k141_53100	21884	64.109	808	210	123
MN564931.1	k141_53100	21884	64.109	808	210	123
MN564931.1	k141_53100	21884	92.405	79	6	116
MN564931.1	k141_38039	2942	68.713	847	224	316
MN564931.1	k141_64920	387	77.225	382	62	288
MN564931.1	k141_79674	504	72.332	506	110	264
MN564931.1	k141_50521	586	99.286	140	1	249
MN564931.1	k141_50521	586	99.286	140	1	249
MN564931.1	k141_50521	586	83.951	81	8	88.7
MN564931.1	k141_50521	586	83.951	81	8	88.7
MN564931.1	k141_42591	308	89.560	182	19	243
MN564931.1	k141_74011	2944	97.241	145	3	241
MN564931.1	k141_74011	2944	97.241	145	3	241
MN564931.1	k141_75860	3434	95.714	140	6	226
MN564931.1	k141_75860	3434	95.714	140	6	226
MN564931.1	k141_34880	4856	74.916	299	51	201
MN564931.1	k141_50361	500	97.458	118	3	200
MN564931.1	k141_50361	500	97.458	118	3	200
MN564931.1	k141_67691	1934	77.122	271	42	192
MN564931.1	k141_32549	3148	77.828	221	21	181
MN564931.1	k141_73818	8612	81.283	187	34	177
MN564931.1	k141_15647	4136	79.144	187	24	158
MN564931.1	k141_21412	2052	97.619	84	2	143
MN564931.1	k141_21412	2052	97.619	84	2	143
MN564931.1	k141_75389	2439	82.394	142	24	141
MN564931.1	k141_34846	2126	85.246	122	17	136
MN564931.1	k141_70767	1868	97.500	80	2	136
MN564931.1	k141_12270	450	82.540	126	22	129
MN564931.1	k141_12270	450	82.540	126	22	129
MN564931.1	k141_12270	450	86.885	61	8	75.2
MN564931.1	k141_12270	450	86.885	61	8	75.2
MN564931.1	k141_34738	3838	83.193	119	14	122
MN564931.1	k141_11131	1618	94.595	74	4	116
MN564931.1	k141_11131	1618	77.193	57	13	45.5
MN564931.1	k141_58474	347	93.243	74	5	112
MN564931.1	k141_58474	347	93.243	74	5	112
MN564931.1	k141_87589	666	96.774	62	2	104
MN564931.1	k141_87589	666	96.774	62	2	104
MN564931.1	k141_7988	449	77.037	135	24	102
MN564931.1	k141_53075	409	90.278	72	7	99.6
MN564931.1	k141_50816	2011	89.041	73	5	95.1
MN564931.1	k141_83690	1081	91.525	59	5	85.1
MN564931.1	k141_83690	1081	91.525	59	5	85.1
MN564931.1	k141_71633	3269	88.889	54	6	71.6
MN564931.1	k141_71633	3269	78.873	71	15	61.7
MN564931.1	k141_51112	7399	80.519	77	11	71.6
MN564931.1	k141_12653	738	81.690	71	13	70.7
MN564931.1	k141_12653	738	81.690	71	13	70.7
MN564931.1	k141_53646	413	87.273	55	7	68.9
MN564931.1	k141_32780	668	90.196	51	4	67.1
MN564931.1	k141_32780	668	90.196	51	4	67.1
MN564931.1	k141_29419	3556	84.906	53	8	60.8
MN564931.1	k141_37125	11142	86.047	43	6	51.8
MN564931.1	k141_69399	706	83.333	42	7	45.5
NC_031651.1	k141_50302	86236	95.662	53045	1082	85178
NC_031651.1	k141_50302	86236	97.039	15331	282	25585
NC_031651.1	k141_50302	86236	93.850	12879	396	19670
NC_031651.1	k141_50302	86236	92.686	3596	138	5282
NC_031651.1	k141_50302	86236	90.988	1498	51	2097
NC_031651.1	k141_50302	86236	95.906	171	1	274
NC_031651.1	k141_50302	86236	95.625	160	1	254
NC_031651.1	k141_50302	86236	98.519	135	1	232
NC_031651.1	k141_50302	86236	73.939	165	43	104
NC_031651.1	k141_50302	86236	73.333	165	44	100
NC_031651.1	k141_50302	86236	98.113	53	1	92.4
NC_031651.1	k141_50302	86236	93.333	60	2	84.2
NC_031651.1	k141_50302	86236	97.619	42	1	72.5
NC_031651.1	k141_50302	86236	97.619	42	1	72.5
NC_031651.1	k141_50302	86236	97.368	38	1	65.3
NC_031651.1	k141_50302	86236	85.106	47	7	54.5
NC_031651.1	k141_50302	86236	79.630	54	11	49.1
NC_031651.1	k141_50302	86236	76.271	59	14	44.6
NC_031651.1	k141_50302	86236	76.271	59	14	44.6
NC_031651.1	k141_543	26996	98.851	24882	116	43596
NC_031651.1	k141_543	26996	98.851	24882	116	43596
NC_031651.1	k141_543	26996	93.743	927	53	1402
NC_031651.1	k141_543	26996	93.651	63	4	96.9
NC_031651.1	k141_543	26996	95.652	46	2	75.2
NC_031651.1	k141_543	26996	97.619	42	1	72.5
NC_031651.1	k141_92352	18636	93.580	15077	641	22805
NC_031651.1	k141_92352	18636	94.041	2467	115	3784
NC_031651.1	k141_92352	18636	95.059	850	39	1342
NC_031651.1	k141_92352	18636	91.549	142	12	203
NC_031651.1	k141_92352	18636	96.000	50	2	82.4
NC_031651.1	k141_13271	2377	85.762	1201	135	1406
NC_031651.1	k141_5042	703	80.335	717	120	641
NC_031651.1	k141_5106	13349	95.616	365	15	583
NC_031651.1	k141_5106	13349	97.222	72	1	118
NC_031651.1	k141_5106	13349	72.362	199	32	105
NC_031651.1	k141_88679	4329	72.264	804	186	398
NC_031651.1	k141_88679	4329	72.264	804	186	398
NC_031651.1	k141_88679	4329	77.936	281	60	221
NC_031651.1	k141_88679	4329	77.936	281	60	221
NC_031651.1	k141_53100	21884	74.854	513	118	336
NC_031651.1	k141_53100	21884	74.854	513	118	336
NC_031651.1	k141_53100	21884	74.090	467	99	281
NC_031651.1	k141_53100	21884	74.090	467	99	281
NC_031651.1	k141_53100	21884	63.985	808	209	121
NC_031651.1	k141_53100	21884	63.985	808	209	121
NC_031651.1	k141_53100	21884	91.892	74	6	107
NC_031651.1	k141_67691	1934	77.839	361	37	294
NC_031651.1	k141_64920	387	77.926	376	67	283
NC_031651.1	k141_38039	2942	67.146	834	235	264
NC_031651.1	k141_74011	2944	99.310	145	0	254
NC_031651.1	k141_74011	2944	99.310	145	0	254
NC_031651.1	k141_74011	2944	71.351	185	44	95.1
NC_031651.1	k141_50521	586	100.000	140	0	253
NC_031651.1	k141_50521	586	100.000	140	0	253
NC_031651.1	k141_50521	586	83.951	81	8	88.7
NC_031651.1	k141_50521	586	83.951	81	8	88.7
NC_031651.1	k141_75860	3434	100.000	140	0	253
NC_031651.1	k141_75860	3434	100.000	140	0	253
NC_031651.1	k141_15647	4136	85.778	225	20	251
NC_031651.1	k141_79674	504	71.154	520	110	249
NC_031651.1	k141_32549	3148	75.272	368	50	242
NC_031651.1	k141_42591	308	85.024	207	25	235
NC_031651.1	k141_34880	4856	76.568	303	45	228
NC_031651.1	k141_8657	954	71.795	429	58	223
NC_031651.1	k141_34738	3838	88.506	174	11	219
NC_031651.1	k141_48708	511	95.652	138	5	219
NC_031651.1	k141_54669	458	99.180	122	1	216
NC_031651.1	k141_50361	500	100.000	118	0	214
NC_031651.1	k141_50361	500	100.000	118	0	214
NC_031651.1	k141_58474	347	100.000	115	0	208
NC_031651.1	k141_58474	347	100.000	115	0	208
NC_031651.1	k141_37125	11142	75.000	300	52	197
NC_031651.1	k141_37125	11142	78.313	83	10	59.0
NC_031651.1	k141_73818	8612	83.237	173	28	178
NC_031651.1	k141_34846	2126	84.091	132	10	145
NC_031651.1	k141_75389	2439	83.453	139	22	144
NC_031651.1	k141_77393	4825	88.393	112	12	141
NC_031651.1	k141_12270	450	83.333	126	21	133
NC_031651.1	k141_12270	450	83.333	126	21	133
NC_031651.1	k141_12270	450	86.885	61	8	75.2
NC_031651.1	k141_12270	450	86.885	61	8	75.2
NC_031651.1	k141_21412	2052	95.181	83	4	132
NC_031651.1	k141_21412	2052	95.181	83	4	132
NC_031651.1	k141_53075	409	100.000	72	0	131
NC_031651.1	k141_53646	413	98.592	71	1	124
NC_031651.1	k141_7988	449	79.699	133	20	116
NC_031651.1	k141_70124	4616	78.231	147	18	116
NC_031651.1	k141_50816	2011	80.000	125	10	113
NC_031651.1	k141_11131	1618	90.909	77	7	108
NC_031651.1	k141_11131	1618	77.193	57	13	45.5
NC_031651.1	k141_87589	666	96.774	62	2	104
NC_031651.1	k141_87589	666	96.774	62	2	104
NC_031651.1	k141_70767	1868	100.000	55	0	100
NC_031651.1	k141_71633	3269	98.148	54	1	94.2
NC_031651.1	k141_71633	3269	81.690	71	13	70.7
NC_031651.1	k141_24415	415	90.625	64	6	89.7
NC_031651.1	k141_83690	1081	93.220	59	4	89.7
NC_031651.1	k141_83690	1081	93.220	59	4	89.7
NC_031651.1	k141_9109	3570	85.526	76	11	88.7
NC_031651.1	k141_9109	3570	88.372	43	5	56.3
NC_031651.1	k141_69698	2667	90.000	60	6	82.4
NC_031651.1	k141_69698	2667	90.000	60	6	82.4
NC_031651.1	k141_43399	396	85.135	74	10	81.5
NC_031651.1	k141_84490	611	86.441	59	8	71.6
NC_031651.1	k141_32780	668	79.518	83	16	70.7
NC_031651.1	k141_32780	668	79.518	83	16	70.7
NC_031651.1	k141_5862	6349	91.667	48	4	69.8
NC_031651.1	k141_5862	6349	91.667	48	4	69.8
NC_031651.1	k141_33474	419	82.353	68	12	69.8
NC_031651.1	k141_17229	366	100.000	37	0	68.0
NC_031651.1	k141_19520	1226	86.667	60	4	68.0
NC_031651.1	k141_38390	1359	85.714	56	8	66.2
NC_031651.1	k141_9211	534	91.111	45	3	60.8
NC_031651.1	k141_22942	373	86.667	45	6	55.4
NC_031651.1	k141_44374	5293	77.419	62	13	46.4
NC_031651.1	k141_71595	10578	76.562	64	14	45.5
NC_031651.1	k141_37525	2690	82.051	39	7	40.1
MW366789.1	k141_50302	86236	80.350	8448	1369	7698
MW366789.1	k141_50302	86236	88.900	5198	509	6758
MW366789.1	k141_50302	86236	88.900	5198	509	6758
MW366789.1	k141_50302	86236	79.903	5762	840	5066
MW366789.1	k141_50302	86236	90.443	2616	238	3580
MW366789.1	k141_50302	86236	82.033	3000	459	2913
MW366789.1	k141_50302	86236	74.662	4144	831	2663
MW366789.1	k141_50302	86236	79.622	2537	401	2214
MW366789.1	k141_50302	86236	83.930	1817	237	1934
MW366789.1	k141_50302	86236	80.970	1855	282	1760
MW366789.1	k141_50302	86236	78.133	1907	364	1535
MW366789.1	k141_50302	86236	78.538	1724	263	1385
MW366789.1	k141_50302	86236	74.559	2099	426	1359
MW366789.1	k141_50302	86236	86.028	1002	126	1158
MW366789.1	k141_50302	86236	86.946	858	102	1043
MW366789.1	k141_50302	86236	81.169	1009	153	948
MW366789.1	k141_50302	86236	74.373	1116	218	722
MW366789.1	k141_50302	86236	80.030	671	127	590
MW366789.1	k141_50302	86236	74.824	850	150	550
MW366789.1	k141_50302	86236	74.590	854	138	521
MW366789.1	k141_50302	86236	75.823	699	122	479
MW366789.1	k141_50302	86236	69.291	1016	163	457
MW366789.1	k141_50302	86236	83.213	417	55	424
MW366789.1	k141_50302	86236	76.517	511	89	382
MW366789.1	k141_50302	86236	76.829	492	114	374
MW366789.1	k141_50302	86236	76.228	509	112	354
MW366789.1	k141_50302	86236	77.986	427	51	350
MW366789.1	k141_50302	86236	77.986	427	51	350
MW366789.1	k141_50302	86236	84.295	312	43	330
MW366789.1	k141_50302	86236	74.031	516	93	310
MW366789.1	k141_50302	86236	79.558	362	61	305
MW366789.1	k141_50302	86236	70.028	724	141	302
MW366789.1	k141_50302	86236	86.266	233	30	274
MW366789.1	k141_50302	86236	76.965	369	50	269
MW366789.1	k141_50302	86236	85.470	234	26	259
MW366789.1	k141_50302	86236	76.048	334	80	242
MW366789.1	k141_50302	86236	82.819	227	21	228
MW366789.1	k141_50302	86236	80.400	250	39	226
MW366789.1	k141_50302	86236	82.379	227	22	224
MW366789.1	k141_50302	86236	74.932	367	56	222
MW366789.1	k141_50302	86236	68.699	607	171	215
MW366789.1	k141_50302	86236	68.699	607	171	215
MW366789.1	k141_50302	86236	77.061	279	53	212
MW366789.1	k141_50302	86236	73.701	308	57	195
MW366789.1	k141_50302	86236	82.199	191	23	193
MW366789.1	k141_50302	86236	84.211	171	27	187
MW366789.1	k141_50302	86236	72.403	308	61	177
MW366789.1	k141_50302	86236	86.301	146	13	171
MW366789.1	k141_50302	86236	84.564	149	23	166
MW366789.1	k141_50302	86236	87.857	140	10	165
MW366789.1	k141_50302	86236	83.916	143	22	151
MW366789.1	k141_50302	86236	83.562	146	21	145
MW366789.1	k141_50302	86236	64.568	810	168	144
MW366789.1	k141_50302	86236	87.500	112	13	136
MW366789.1	k141_50302	86236	81.250	144	26	135
MW366789.1	k141_50302	86236	85.965	114	16	134
MW366789.1	k141_50302	86236	91.489	94	8	134
MW366789.1	k141_50302	86236	85.039	127	12	132
MW366789.1	k141_50302	86236	89.796	98	7	131
MW366789.1	k141_50302	86236	89.888	89	6	119
MW366789.1	k141_50302	86236	92.500	80	6	118
MW366789.1	k141_50302	86236	92.405	79	6	116
MW366789.1	k141_50302	86236	88.889	90	9	114
MW366789.1	k141_50302	86236	75.152	165	41	113
MW366789.1	k141_50302	86236	75.152	165	41	113
MW366789.1	k141_50302	86236	79.412	136	22	107
MW366789.1	k141_50302	86236	84.158	101	8	104
MW366789.1	k141_50302	86236	77.778	126	28	102
MW366789.1	k141_50302	86236	77.778	126	28	102
MW366789.1	k141_50302	86236	91.781	73	5	102
MW366789.1	k141_50302	86236	78.947	133	21	98.7
MW366789.1	k141_50302	86236	87.671	73	9	92.4
MW366789.1	k141_50302	86236	73.529	136	36	84.2
MW366789.1	k141_50302	86236	76.923	130	23	84.2
MW366789.1	k141_50302	86236	85.333	75	10	83.3
MW366789.1	k141_50302	86236	85.333	75	10	83.3
MW366789.1	k141_50302	86236	78.125	96	18	73.4
MW366789.1	k141_50302	86236	95.238	42	2	68.0
MW366789.1	k141_50302	86236	95.238	42	2	68.0
MW366789.1	k141_50302	86236	77.941	68	15	56.3
MW366789.1	k141_50302	86236	83.019	53	9	56.3
MW366789.1	k141_50302	86236	83.019	53	9	56.3
MW366789.1	k141_50302	86236	84.444	45	7	50.9
MW366789.1	k141_50302	86236	67.442	129	42	44.6
MW366789.1	k141_50302	86236	67.442	129	42	44.6
MW366789.1	k141_50302	86236	82.927	41	7	43.7
MW366789.1	k141_543	26996	91.452	5241	314	7386
MW366789.1	k141_543	26996	91.452	5241	314	7386
MW366789.1	k141_543	26996	89.696	4639	341	6209
MW366789.1	k141_543	26996	89.696	4639	341	6209
MW366789.1	k141_543	26996	91.430	1797	104	2547
MW366789.1	k141_543	26996	91.430	1797	104	2547
MW366789.1	k141_543	26996	90.145	1725	128	2338
MW366789.1	k141_543	26996	90.262	1715	128	2335
MW366789.1	k141_543	26996	82.753	632	62	646
MW366789.1	k141_543	26996	82.753	632	62	646
MW366789.1	k141_543	26996	89.269	438	31	575
MW366789.1	k141_543	26996	89.269	438	31	575
MW366789.1	k141_543	26996	89.269	438	31	575
MW366789.1	k141_543	26996	82.164	342	40	339
MW366789.1	k141_543	26996	82.164	342	40	339
MW366789.1	k141_543	26996	77.044	318	43	245
MW366789.1	k141_543	26996	90.230	174	17	238
MW366789.1	k141_543	26996	90.230	174	17	238
MW366789.1	k141_543	26996	96.350	137	5	225
MW366789.1	k141_543	26996	96.350	137	5	225
MW366789.1	k141_543	26996	85.227	176	25	197
MW366789.1	k141_543	26996	85.227	176	25	197
MW366789.1	k141_543	26996	90.278	144	14	197
MW366789.1	k141_543	26996	90.278	144	14	197
MW366789.1	k141_543	26996	79.651	172	21	152
MW366789.1	k141_543	26996	79.651	172	21	152
MW366789.1	k141_543	26996	91.919	99	8	145
MW366789.1	k141_543	26996	91.919	99	8	143
MW366789.1	k141_543	26996	91.304	92	8	131
MW366789.1	k141_543	26996	91.304	92	8	131
MW366789.1	k141_543	26996	87.342	79	5	98.7
MW366789.1	k141_543	26996	87.342	79	5	98.7
MW366789.1	k141_543	26996	89.796	49	5	67.1
MW366789.1	k141_543	26996	89.796	49	5	67.1
MW366789.1	k141_543	26996	89.796	49	5	67.1
MW366789.1	k141_543	26996	94.737	38	2	60.8
MW366789.1	k141_543	26996	81.132	53	10	51.8
MW366789.1	k141_543	26996	81.132	53	10	51.8
MW366789.1	k141_543	26996	79.245	53	11	47.3
MW366789.1	k141_543	26996	79.245	53	11	47.3
MW366789.1	k141_543	26996	79.245	53	11	47.3
MW366789.1	k141_543	26996	79.245	53	11	47.3
MW366789.1	k141_543	26996	79.245	53	11	47.3
MW366789.1	k141_92352	18636	82.871	2773	362	2827
MW366789.1	k141_92352	18636	82.871	2773	362	2827
MW366789.1	k141_92352	18636	80.402	1990	359	1819
MW366789.1	k141_92352	18636	76.598	2222	483	1643
MW366789.1	k141_92352	18636	83.062	1476	221	1521
MW366789.1	k141_92352	18636	83.062	1476	221	1521
MW366789.1	k141_92352	18636	74.743	1168	220	777
MW366789.1	k141_92352	18636	82.492	634	98	637
MW366789.1	k141_92352	18636	82.492	634	98	637
MW366789.1	k141_92352	18636	78.670	361	73	304
MW366789.1	k141_92352	18636	74.638	138	31	86.9
MW366789.1	k141_13271	2377	82.902	1199	169	1249
MW366789.1	k141_5042	703	76.607	731	131	512
MW366789.1	k141_88679	4329	71.324	816	187	370
MW366789.1	k141_88679	4329	71.324	816	187	370
MW366789.1	k141_53100	21884	74.464	513	120	327
MW366789.1	k141_53100	21884	74.464	513	120	327
MW366789.1	k141_53100	21884	75.375	467	95	293
MW366789.1	k141_53100	21884	75.375	467	95	293
MW366789.1	k141_53100	21884	67.063	504	146	134
MW366789.1	k141_53100	21884	67.063	504	146	134
MW366789.1	k141_53100	21884	91.892	74	6	107
MW366789.1	k141_53100	21884	80.412	97	19	90.6
MW366789.1	k141_53100	21884	80.412	97	19	90.6
MW366789.1	k141_38039	2942	67.464	836	233	277
MW366789.1	k141_5106	13349	75.269	372	82	257
MW366789.1	k141_50521	586	99.286	140	1	249
MW366789.1	k141_50521	586	99.286	140	1	249
MW366789.1	k141_50521	586	93.182	44	3	67.1
MW366789.1	k141_50521	586	93.182	44	3	67.1
MW366789.1	k141_64920	387	84.685	222	34	248
MW366789.1	k141_74011	2944	91.503	153	3	218
MW366789.1	k141_74011	2944	91.503	153	3	218
MW366789.1	k141_75860	3434	90.667	150	13	205
MW366789.1	k141_75860	3434	90.667	150	13	205
MW366789.1	k141_34880	4856	74.000	300	52	191
MW366789.1	k141_42591	308	84.146	164	26	179
MW366789.1	k141_8657	954	69.975	393	62	174
MW366789.1	k141_32549	3148	77.487	191	27	152
MW366789.1	k141_50361	500	85.593	118	2	146
MW366789.1	k141_50361	500	85.593	118	2	146
MW366789.1	k141_73818	8612	81.457	151	25	145
MW366789.1	k141_70767	1868	97.531	81	2	138
MW366789.1	k141_70767	1868	97.531	81	2	138
MW366789.1	k141_12270	450	83.333	126	21	133
MW366789.1	k141_12270	450	83.333	126	21	133
MW366789.1	k141_12270	450	90.164	61	6	84.2
MW366789.1	k141_12270	450	90.164	61	6	84.2
MW366789.1	k141_12270	450	88.525	61	7	79.7
MW366789.1	k141_12270	450	88.525	61	7	79.7
MW366789.1	k141_15647	4136	93.023	86	6	129
MW366789.1	k141_75389	2439	80.282	142	27	127
MW366789.1	k141_21412	2052	94.667	75	4	118
MW366789.1	k141_21412	2052	94.667	75	4	118
MW366789.1	k141_67691	1934	75.000	180	33	115
MW366789.1	k141_11131	1618	91.250	80	6	110
MW366789.1	k141_11131	1618	75.758	66	16	48.2
MW366789.1	k141_53075	409	89.706	68	7	92.4
MW366789.1	k141_53075	409	89.706	68	7	92.4
MW366789.1	k141_50816	2011	83.721	86	6	91.5
MW366789.1	k141_87589	666	91.935	62	5	90.6
MW366789.1	k141_87589	666	91.935	62	5	90.6
MW366789.1	k141_7988	449	74.815	135	27	88.7
MW366789.1	k141_7988	449	74.815	135	27	88.7
MW366789.1	k141_53646	413	84.507	71	11	79.7
MW366789.1	k141_77393	4825	75.000	112	27	73.4
MW366789.1	k141_54270	3384	85.455	55	8	64.4
MW366789.1	k141_32780	668	77.632	76	17	61.7
MW366789.1	k141_32780	668	77.632	76	17	61.7
MW366789.1	k141_64004	5456	84.783	46	7	52.7
MW366789.1	k141_64004	5456	84.783	46	7	52.7
MW366789.1	k141_69399	706	83.333	42	7	45.5
MW366789.1	k141_22552	4984	70.330	91	27	43.7
MW366789.1	k141_22552	4984	70.330	91	27	43.7
KT899950.1	k141_543	26996	93.658	16052	590	24380
KT899950.1	k141_543	26996	93.658	16052	590	24380
KT899950.1	k141_543	26996	94.121	9066	419	13973
KT899950.1	k141_543	26996	94.121	9066	419	13973
KT899950.1	k141_543	26996	88.217	976	80	1256
KT899950.1	k141_543	26996	88.217	976	80	1256
KT899950.1	k141_543	26996	94.872	39	2	62.6
KT899950.1	k141_50302	86236	86.026	12981	1434	15223
KT899950.1	k141_50302	86236	81.601	8984	1076	8634
KT899950.1	k141_50302	86236	89.632	5864	516	7832
KT899950.1	k141_50302	86236	83.359	5805	669	6053
KT899950.1	k141_50302	86236	92.180	2647	194	3839
KT899950.1	k141_50302	86236	87.565	2300	256	2846
KT899950.1	k141_50302	86236	82.123	2741	357	2751
KT899950.1	k141_50302	86236	82.957	2259	258	2327
KT899950.1	k141_50302	86236	84.296	2095	226	2298
KT899950.1	k141_50302	86236	81.675	2161	321	2094
KT899950.1	k141_50302	86236	89.647	1304	116	1734
KT899950.1	k141_50302	86236	78.663	1945	380	1597
KT899950.1	k141_50302	86236	84.821	1232	172	1379
KT899950.1	k141_50302	86236	91.912	952	68	1361
KT899950.1	k141_50302	86236	78.027	1602	228	1270
KT899950.1	k141_50302	86236	71.898	2281	355	1198
KT899950.1	k141_50302	86236	85.811	1029	114	1191
KT899950.1	k141_50302	86236	80.161	1240	169	1089
KT899950.1	k141_50302	86236	74.169	1595	239	1040
KT899950.1	k141_50302	86236	76.905	1260	180	930
KT899950.1	k141_50302	86236	75.848	1267	180	911
KT899950.1	k141_50302	86236	73.005	1504	219	857
KT899950.1	k141_50302	86236	79.846	908	137	801
KT899950.1	k141_50302	86236	81.752	685	86	649
KT899950.1	k141_50302	86236	79.376	737	99	611
KT899950.1	k141_50302	86236	80.712	674	84	600
KT899950.1	k141_50302	86236	72.669	1083	174	576
KT899950.1	k141_50302	86236	74.018	789	109	487
KT899950.1	k141_50302	86236	75.540	695	107	486
KT899950.1	k141_50302	86236	84.000	375	43	399
KT899950.1	k141_50302	86236	77.457	519	67	364
KT899950.1	k141_50302	86236	71.610	708	108	361
KT899950.1	k141_50302	86236	78.248	331	44	276
KT899950.1	k141_50302	86236	78.498	293	51	242
KT899950.1	k141_50302	86236	73.178	343	63	195
KT899950.1	k141_50302	86236	81.421	183	19	168
KT899950.1	k141_50302	86236	84.058	138	17	150
KT899950.1	k141_50302	86236	94.505	91	5	142
KT899950.1	k141_50302	86236	100.000	78	0	141
KT899950.1	k141_50302	86236	89.720	107	6	140
KT899950.1	k141_50302	86236	89.720	107	6	140
KT899950.1	k141_50302	86236	89.720	107	6	140
KT899950.1	k141_50302	86236	91.954	87	7	126
KT899950.1	k141_50302	86236	70.661	242	48	120
KT899950.1	k141_50302	86236	75.758	165	40	118
KT899950.1	k141_50302	86236	76.860	121	28	93.3
KT899950.1	k141_50302	86236	76.147	109	25	77.0
KT899950.1	k141_50302	86236	97.619	42	1	72.5
KT899950.1	k141_50302	86236	97.619	42	1	72.5
KT899950.1	k141_92352	18636	81.494	3534	504	3407
KT899950.1	k141_92352	18636	84.207	2748	356	2966
KT899950.1	k141_92352	18636	80.503	2944	436	2653
KT899950.1	k141_92352	18636	71.311	4974	1068	2509
KT899950.1	k141_92352	18636	79.769	2338	416	2077
KT899950.1	k141_92352	18636	81.124	249	43	237
KT899950.1	k141_92352	18636	76.419	229	33	180
KT899950.1	k141_92352	18636	82.979	141	18	148
KT899950.1	k141_92352	18636	82.979	141	18	148
KT899950.1	k141_13271	2377	86.511	1201	126	1446
KT899950.1	k141_5042	703	80.084	718	106	648
KT899950.1	k141_5106	13349	91.395	337	28	474
KT899950.1	k141_88679	4329	72.512	804	184	407
KT899950.1	k141_88679	4329	72.512	804	184	407
KT899950.1	k141_88679	4329	77.936	281	60	221
KT899950.1	k141_88679	4329	77.936	281	60	221
KT899950.1	k141_53100	21884	74.854	513	118	336
KT899950.1	k141_53100	21884	74.854	513	118	336
KT899950.1	k141_53100	21884	74.522	471	90	287
KT899950.1	k141_53100	21884	74.522	471	90	287
KT899950.1	k141_53100	21884	92.405	79	6	116
KT899950.1	k141_53100	21884	65.764	517	145	114
KT899950.1	k141_53100	21884	65.764	517	145	114
KT899950.1	k141_53100	21884	81.443	97	18	95.1
KT899950.1	k141_53100	21884	81.443	97	18	95.1
KT899950.1	k141_8657	954	75.378	463	65	316
KT899950.1	k141_64920	387	79.348	368	63	311
KT899950.1	k141_79674	504	71.785	521	120	261
KT899950.1	k141_50521	586	100.000	140	0	253
KT899950.1	k141_50521	586	100.000	140	0	253
KT899950.1	k141_50521	586	83.951	81	8	88.7
KT899950.1	k141_50521	586	83.951	81	8	88.7
KT899950.1	k141_74011	2944	97.241	145	3	241
KT899950.1	k141_74011	2944	97.241	145	3	241
KT899950.1	k141_75860	3434	97.857	140	3	240
KT899950.1	k141_75860	3434	97.857	140	3	240
KT899950.1	k141_42591	308	89.714	175	18	235
KT899950.1	k141_38039	2942	66.220	820	242	226
KT899950.1	k141_34880	4856	75.828	302	47	217
KT899950.1	k141_34738	3838	85.792	183	22	208
KT899950.1	k141_50816	2011	69.316	629	99	201
KT899950.1	k141_32549	3148	76.667	270	31	201
KT899950.1	k141_50361	500	97.458	118	2	196
KT899950.1	k141_50361	500	97.458	118	2	196
KT899950.1	k141_67691	1934	82.447	188	23	187
KT899950.1	k141_73818	8612	82.781	151	23	154
KT899950.1	k141_58474	347	88.696	115	4	153
KT899950.1	k141_58474	347	88.696	115	4	153
KT899950.1	k141_75389	2439	83.803	142	22	150
KT899950.1	k141_21412	2052	96.429	84	3	139
KT899950.1	k141_21412	2052	96.429	84	3	139
KT899950.1	k141_12270	450	83.333	126	21	133
KT899950.1	k141_12270	450	83.333	126	21	133
KT899950.1	k141_12270	450	86.885	61	8	75.2
KT899950.1	k141_12270	450	86.885	61	8	75.2
KT899950.1	k141_70767	1868	97.436	78	2	132
KT899950.1	k141_15647	4136	94.048	84	5	130
KT899950.1	k141_37125	11142	71.154	260	54	128
KT899950.1	k141_37125	11142	83.721	43	7	47.3
KT899950.1	k141_11131	1618	93.671	79	5	121
KT899950.1	k141_11131	1618	77.193	57	13	45.5
KT899950.1	k141_13440	2857	78.947	133	28	114
KT899950.1	k141_34846	2126	86.598	97	12	113
KT899950.1	k141_77393	4825	82.143	112	19	109
KT899950.1	k141_53075	409	93.056	72	5	108
KT899950.1	k141_87589	666	96.774	62	2	104
KT899950.1	k141_87589	666	96.774	62	2	104
KT899950.1	k141_53646	413	91.667	72	2	103
KT899950.1	k141_71633	3269	94.444	54	3	85.1
KT899950.1	k141_71633	3269	77.465	71	16	57.2
KT899950.1	k141_83690	1081	92.857	56	4	84.2
KT899950.1	k141_83690	1081	92.857	56	4	84.2
KT899950.1	k141_69362	415	73.944	142	23	80.6
KT899950.1	k141_69698	2667	86.441	59	8	71.6
KT899950.1	k141_69698	2667	86.441	59	8	71.6
KT899950.1	k141_32780	668	79.518	83	16	70.7
KT899950.1	k141_32780	668	79.518	83	16	70.7
KT899950.1	k141_38390	1359	83.929	56	9	61.7
KT899950.1	k141_44374	5293	78.689	61	12	49.1
KT899950.1	k141_3865	1233	79.592	49	10	44.6
GU191334.1	k141_543	26996	89.020	3725	299	4852
GU191334.1	k141_543	26996	89.020	3725	299	4852
GU191334.1	k141_543	26996	82.679	3822	411	3851
GU191334.1	k141_543	26996	82.679	3822	411	3851
GU191334.1	k141_543	26996	76.426	666	150	482
GU191334.1	k141_543	26996	75.792	442	107	315
GU191334.1	k141_543	26996	72.901	524	142	306
GU191334.1	k141_543	26996	71.429	518	144	262
GU191334.1	k141_543	26996	77.922	308	68	250
GU191334.1	k141_543	26996	70.506	356	98	149
GU191334.1	k141_543	26996	94.937	79	4	125
GU191334.1	k141_543	26996	94.937	79	4	125
GU191334.1	k141_543	26996	90.476	84	8	116
GU191334.1	k141_543	26996	90.667	75	7	104
GU191334.1	k141_543	26996	90.667	75	7	104
GU191334.1	k141_543	26996	88.000	75	9	96.0
GU191334.1	k141_543	26996	87.500	40	5	50.9
GU191334.1	k141_50302	86236	81.054	4518	853	4283
GU191334.1	k141_50302	86236	81.454	2723	469	2604
GU191334.1	k141_50302	86236	69.652	3651	1025	1516
GU191334.1	k141_50302	86236	80.855	1567	295	1461
GU191334.1	k141_50302	86236	82.459	1448	252	1460
GU191334.1	k141_50302	86236	78.672	1702	356	1417
GU191334.1	k141_50302	86236	88.992	1081	117	1411
GU191334.1	k141_50302	86236	74.855	2072	465	1389
GU191334.1	k141_50302	86236	82.345	708	121	704
GU191334.1	k141_50302	86236	70.830	1409	393	669
GU191334.1	k141_50302	86236	71.179	1315	347	643
GU191334.1	k141_50302	86236	76.049	906	192	625
GU191334.1	k141_50302	86236	74.640	903	218	575
GU191334.1	k141_50302	86236	77.733	750	156	574
GU191334.1	k141_50302	86236	83.005	559	88	569
GU191334.1	k141_50302	86236	75.474	791	153	545
GU191334.1	k141_50302	86236	69.667	1111	296	463
GU191334.1	k141_50302	86236	74.355	698	169	421
GU191334.1	k141_50302	86236	73.864	704	171	416
GU191334.1	k141_50302	86236	78.557	499	103	404
GU191334.1	k141_50302	86236	73.718	624	112	379
GU191334.1	k141_50302	86236	77.626	438	94	343
GU191334.1	k141_50302	86236	78.628	379	81	319
GU191334.1	k141_50302	86236	83.268	257	43	270
GU191334.1	k141_50302	86236	68.899	672	184	261
GU191334.1	k141_50302	86236	69.012	668	203	258
GU191334.1	k141_50302	86236	72.874	435	105	238
GU191334.1	k141_50302	86236	72.048	415	116	226
GU191334.1	k141_50302	86236	74.426	305	72	196
GU191334.1	k141_50302	86236	78.947	209	44	179
GU191334.1	k141_50302	86236	77.826	230	46	172
GU191334.1	k141_50302	86236	66.099	646	211	168
GU191334.1	k141_50302	86236	75.688	218	53	155
GU191334.1	k141_50302	86236	67.198	439	109	152
GU191334.1	k141_50302	86236	77.487	191	43	151
GU191334.1	k141_50302	86236	83.099	142	17	146
GU191334.1	k141_50302	86236	67.920	399	126	136
GU191334.1	k141_50302	86236	97.368	76	2	129
GU191334.1	k141_50302	86236	80.147	136	27	124
GU191334.1	k141_50302	86236	94.872	78	4	123
GU191334.1	k141_50302	86236	97.260	73	2	123
GU191334.1	k141_50302	86236	90.805	87	8	122
GU191334.1	k141_50302	86236	93.671	79	5	121
GU191334.1	k141_50302	86236	94.737	76	4	120
GU191334.1	k141_50302	86236	93.590	78	5	119
GU191334.1	k141_50302	86236	87.368	95	8	117
GU191334.1	k141_50302	86236	93.421	76	5	115
GU191334.1	k141_50302	86236	77.703	148	30	113
GU191334.1	k141_50302	86236	93.243	74	5	112
GU191334.1	k141_50302	86236	89.412	85	7	111
GU191334.1	k141_50302	86236	89.157	83	9	110
GU191334.1	k141_50302	86236	91.892	74	6	107
GU191334.1	k141_50302	86236	77.143	140	30	106
GU191334.1	k141_50302	86236	90.789	76	7	106
GU191334.1	k141_50302	86236	77.863	131	29	106
GU191334.1	k141_50302	86236	81.553	103	19	101
GU191334.1	k141_50302	86236	76.984	126	29	97.8
GU191334.1	k141_50302	86236	78.151	119	23	96.9
GU191334.1	k141_50302	86236	78.689	122	19	92.4
GU191334.1	k141_50302	86236	67.907	215	29	91.5
GU191334.1	k141_50302	86236	80.220	91	18	84.2
GU191334.1	k141_50302	86236	81.395	86	16	84.2
GU191334.1	k141_50302	86236	64.792	409	142	82.4
GU191334.1	k141_50302	86236	86.111	72	8	78.8
GU191334.1	k141_50302	86236	73.643	129	26	74.3
GU191334.1	k141_50302	86236	85.000	60	6	67.1
GU191334.1	k141_50302	86236	75.904	83	20	60.8
GU191334.1	k141_92352	18636	77.254	1741	386	1328
GU191334.1	k141_92352	18636	71.102	1879	499	909
GU191334.1	k141_92352	18636	74.619	1115	271	715
GU191334.1	k141_92352	18636	73.648	1165	272	682
GU191334.1	k141_92352	18636	69.724	796	217	322
GU191334.1	k141_92352	18636	74.582	299	76	197
GU191334.1	k141_92352	18636	93.827	81	5	124
GU191334.1	k141_92352	18636	80.899	89	17	85.1
GU191334.1	k141_92352	18636	68.692	214	65	77.9
GU191334.1	k141_13271	2377	77.487	1186	231	941
GU191334.1	k141_88679	4329	72.277	808	179	398
GU191334.1	k141_88679	4329	72.277	808	179	398
GU191334.1	k141_88679	4329	77.580	281	61	216
GU191334.1	k141_88679	4329	77.580	281	61	216
GU191334.1	k141_53100	21884	74.805	512	120	333
GU191334.1	k141_53100	21884	74.805	512	120	333
GU191334.1	k141_53100	21884	74.304	467	98	281
GU191334.1	k141_53100	21884	74.304	467	98	281
GU191334.1	k141_53100	21884	63.659	787	199	101
GU191334.1	k141_53100	21884	63.659	787	199	101
GU191334.1	k141_38039	2942	67.559	971	264	310
GU191334.1	k141_50521	586	100.000	140	0	253
GU191334.1	k141_50521	586	100.000	140	0	253
GU191334.1	k141_50521	586	82.716	81	9	84.2
GU191334.1	k141_50521	586	82.716	81	9	84.2
GU191334.1	k141_50361	500	93.220	118	7	174
GU191334.1	k141_50361	500	93.220	118	7	174
GU191334.1	k141_74011	2944	85.612	139	19	158
GU191334.1	k141_74011	2944	85.612	139	19	158
GU191334.1	k141_12270	450	82.482	137	24	140
GU191334.1	k141_12270	450	82.482	137	24	140
GU191334.1	k141_12270	450	88.525	61	7	79.7
GU191334.1	k141_12270	450	88.525	61	7	79.7
GU191334.1	k141_75860	3434	82.014	139	21	133
GU191334.1	k141_75860	3434	82.014	139	21	133
GU191334.1	k141_5106	13349	71.478	291	77	130
GU191334.1	k141_11131	1618	97.297	74	2	125
GU191334.1	k141_34880	4856	69.388	294	66	124
GU191334.1	k141_64920	387	78.832	137	29	117
GU191334.1	k141_75389	2439	78.261	138	29	111
GU191334.1	k141_42591	308	76.978	139	32	107
GU191334.1	k141_21412	2052	87.838	74	9	94.2
GU191334.1	k141_21412	2052	87.838	74	9	94.2
GU191334.1	k141_50816	2011	85.185	81	4	91.5
GU191334.1	k141_32549	3148	81.609	87	8	88.7
GU191334.1	k141_15647	4136	85.915	71	10	84.2
GU191334.1	k141_22552	4984	78.000	100	22	82.4
GU191334.1	k141_34846	2126	86.111	72	9	82.4
GU191334.1	k141_32780	668	90.196	51	4	67.1
GU191334.1	k141_32780	668	90.196	51	4	67.1
GU191334.1	k141_87589	666	88.000	50	6	64.4
GU191334.1	k141_87589	666	88.000	50	6	64.4
GU191334.1	k141_79856	942	89.474	38	4	51.8
GU191334.1	k141_69399	706	85.000	40	6	46.4
GU191334.1	k141_29449	2699	78.000	50	11	41.9
