MZ962720.1	k141_2706	84214	90.520	7679	484	10512
MZ962720.1	k141_2706	84214	90.520	7679	484	10512
MZ962720.1	k141_2706	84214	86.885	5200	615	6283
MZ962720.1	k141_2706	84214	78.570	4699	702	3845
MZ962720.1	k141_2706	84214	91.050	2514	148	3549
MZ962720.1	k141_2706	84214	91.050	2514	148	3549
MZ962720.1	k141_2706	84214	90.432	2477	237	3399
MZ962720.1	k141_2706	84214	79.061	3152	506	2636
MZ962720.1	k141_2706	84214	80.110	2916	530	2599
MZ962720.1	k141_2706	84214	87.440	1449	143	1792
MZ962720.1	k141_2706	84214	87.440	1449	143	1792
MZ962720.1	k141_2706	84214	86.821	1472	187	1773
MZ962720.1	k141_2706	84214	77.467	1966	376	1501
MZ962720.1	k141_2706	84214	78.155	1799	328	1446
MZ962720.1	k141_2706	84214	75.871	1579	307	1089
MZ962720.1	k141_2706	84214	81.322	1044	129	1005
MZ962720.1	k141_2706	84214	72.133	1866	321	944
MZ962720.1	k141_2706	84214	87.562	603	46	754
MZ962720.1	k141_2706	84214	86.465	628	73	752
MZ962720.1	k141_2706	84214	86.465	628	73	752
MZ962720.1	k141_2706	84214	81.417	635	72	646
MZ962720.1	k141_2706	84214	82.301	565	97	567
MZ962720.1	k141_2706	84214	88.759	427	48	554
MZ962720.1	k141_2706	84214	88.759	427	48	554
MZ962720.1	k141_2706	84214	70.968	961	149	467
MZ962720.1	k141_2706	84214	79.182	538	112	466
MZ962720.1	k141_2706	84214	79.182	538	112	466
MZ962720.1	k141_2706	84214	83.761	351	30	370
MZ962720.1	k141_2706	84214	83.761	351	30	370
MZ962720.1	k141_2706	84214	74.864	553	95	348
MZ962720.1	k141_2706	84214	84.880	291	31	330
MZ962720.1	k141_2706	84214	84.880	291	31	330
MZ962720.1	k141_2706	84214	75.304	494	112	324
MZ962720.1	k141_2706	84214	73.981	515	86	310
MZ962720.1	k141_2706	84214	77.953	381	73	310
MZ962720.1	k141_2706	84214	73.319	461	55	303
MZ962720.1	k141_2706	84214	70.866	635	132	292
MZ962720.1	k141_2706	84214	74.157	445	62	288
MZ962720.1	k141_2706	84214	74.157	445	62	288
MZ962720.1	k141_2706	84214	83.582	268	22	279
MZ962720.1	k141_2706	84214	83.582	268	22	279
MZ962720.1	k141_2706	84214	84.553	246	33	269
MZ962720.1	k141_2706	84214	84.914	232	30	261
MZ962720.1	k141_2706	84214	68.560	722	177	261
MZ962720.1	k141_2706	84214	75.698	358	87	254
MZ962720.1	k141_2706	84214	84.348	230	31	253
MZ962720.1	k141_2706	84214	82.000	250	20	249
MZ962720.1	k141_2706	84214	72.558	430	65	233
MZ962720.1	k141_2706	84214	72.558	430	65	233
MZ962720.1	k141_2706	84214	64.891	1239	283	231
MZ962720.1	k141_2706	84214	82.143	224	38	222
MZ962720.1	k141_2706	84214	72.632	380	54	222
MZ962720.1	k141_2706	84214	72.632	380	54	222
MZ962720.1	k141_2706	84214	85.714	182	26	212
MZ962720.1	k141_2706	84214	85.714	182	26	212
MZ962720.1	k141_2706	84214	73.504	351	67	206
MZ962720.1	k141_2706	84214	67.747	617	136	196
MZ962720.1	k141_2706	84214	74.007	277	21	186
MZ962720.1	k141_2706	84214	82.682	179	26	184
MZ962720.1	k141_2706	84214	90.909	132	11	181
MZ962720.1	k141_2706	84214	88.732	142	14	178
MZ962720.1	k141_2706	84214	80.208	192	31	173
MZ962720.1	k141_2706	84214	80.208	192	31	173
MZ962720.1	k141_2706	84214	82.317	164	29	166
MZ962720.1	k141_2706	84214	77.561	205	35	164
MZ962720.1	k141_2706	84214	77.833	203	45	164
MZ962720.1	k141_2706	84214	95.833	96	4	156
MZ962720.1	k141_2706	84214	82.667	150	26	154
MZ962720.1	k141_2706	84214	72.727	264	41	149
MZ962720.1	k141_2706	84214	68.374	449	73	147
MZ962720.1	k141_2706	84214	74.786	234	48	144
MZ962720.1	k141_2706	84214	79.012	162	34	140
MZ962720.1	k141_2706	84214	66.271	590	173	137
MZ962720.1	k141_2706	84214	89.216	102	4	132
MZ962720.1	k141_2706	84214	97.368	76	2	129
MZ962720.1	k141_2706	84214	93.182	88	5	129
MZ962720.1	k141_2706	84214	79.085	153	28	123
MZ962720.1	k141_2706	84214	79.085	153	28	123
MZ962720.1	k141_2706	84214	92.593	81	6	120
MZ962720.1	k141_2706	84214	80.469	128	25	119
MZ962720.1	k141_2706	84214	92.000	75	5	105
MZ962720.1	k141_2706	84214	87.805	82	6	103
MZ962720.1	k141_2706	84214	87.805	82	6	103
MZ962720.1	k141_2706	84214	88.158	76	9	97.8
MZ962720.1	k141_2706	84214	78.448	116	25	97.8
MZ962720.1	k141_2706	84214	78.448	116	25	97.8
MZ962720.1	k141_2706	84214	76.744	129	23	96.0
MZ962720.1	k141_2706	84214	79.808	104	15	95.1
MZ962720.1	k141_2706	84214	79.808	104	15	95.1
MZ962720.1	k141_2706	84214	89.552	67	3	85.1
MZ962720.1	k141_2706	84214	78.218	101	22	84.2
MZ962720.1	k141_2706	84214	78.652	89	19	76.1
MZ962720.1	k141_2706	84214	78.652	89	19	76.1
MZ962720.1	k141_2706	84214	78.652	89	19	76.1
MZ962720.1	k141_2706	84214	73.333	120	32	73.4
MZ962720.1	k141_2706	84214	73.333	120	32	73.4
MZ962720.1	k141_2706	84214	75.758	99	24	71.6
MZ962720.1	k141_2706	84214	75.758	99	24	71.6
MZ962720.1	k141_2706	84214	95.238	42	2	68.0
MZ962720.1	k141_2706	84214	95.238	42	2	68.0
MZ962720.1	k141_2706	84214	66.667	231	75	63.5
MZ962720.1	k141_2706	84214	81.250	48	9	47.3
MZ962720.1	k141_2706	84214	81.250	48	9	47.3
MZ962720.1	k141_38150	12622	77.406	5643	1053	4359
MZ962720.1	k141_38150	12622	77.177	1240	214	956
MZ962720.1	k141_38150	12622	84.761	794	112	882
MZ962720.1	k141_38150	12622	77.852	1043	211	809
MZ962720.1	k141_38150	12622	73.768	812	177	492
MZ962720.1	k141_38150	12622	71.429	959	209	490
MZ962720.1	k141_38150	12622	85.213	399	53	446
MZ962720.1	k141_38150	12622	81.364	440	55	399
MZ962720.1	k141_38150	12622	81.905	210	29	212
MZ962720.1	k141_38150	12622	81.905	210	29	212
MZ962720.1	k141_1494	17723	79.349	4329	713	3724
MZ962720.1	k141_1494	17723	79.349	4329	713	3724
MZ962720.1	k141_1494	17723	75.494	2277	514	1550
MZ962720.1	k141_1494	17723	77.772	1948	401	1541
MZ962720.1	k141_1494	17723	73.913	989	217	604
MZ962720.1	k141_1494	17723	79.630	594	121	526
MZ962720.1	k141_1494	17723	79.630	594	121	526
MZ962720.1	k141_1494	17723	79.883	343	67	306
MZ962720.1	k141_1494	17723	89.000	100	10	128
MZ962720.1	k141_1494	17723	92.857	42	3	63.5
MZ962720.1	k141_1494	17723	92.857	42	3	63.5
MZ962720.1	k141_60654	10498	76.907	2425	450	1737
MZ962720.1	k141_60654	10498	90.506	1127	101	1547
MZ962720.1	k141_60654	10498	71.144	1303	346	633
MZ962720.1	k141_60654	10498	72.543	692	123	344
MZ962720.1	k141_60654	10498	76.826	397	59	264
MZ962720.1	k141_60654	10498	82.796	186	26	193
MZ962720.1	k141_60654	10498	80.090	221	39	192
MZ962720.1	k141_60654	10498	85.926	135	16	152
MZ962720.1	k141_60654	10498	92.708	96	7	142
MZ962720.1	k141_60654	10498	78.014	141	23	113
MZ962720.1	k141_60654	10498	78.014	141	23	113
MZ962720.1	k141_60654	10498	92.105	76	5	107
MZ962720.1	k141_60654	10498	83.019	53	9	56.3
MZ962720.1	k141_60654	10498	83.019	53	9	56.3
MZ962720.1	k141_17166	16828	70.812	1158	268	520
MZ962720.1	k141_17166	16828	70.812	1158	268	520
MZ962720.1	k141_17166	16828	69.197	909	212	344
MZ962720.1	k141_17166	16828	69.197	909	212	344
MZ962720.1	k141_18312	717	73.414	741	163	421
MZ962720.1	k141_18312	717	73.414	741	163	421
MZ962720.1	k141_74576	498	79.002	481	87	389
MZ962720.1	k141_74576	498	79.002	481	87	389
MZ962720.1	k141_74576	498	75.972	283	58	191
MZ962720.1	k141_92949	567	84.568	324	50	360
MZ962720.1	k141_30487	489	77.807	383	55	299
MZ962720.1	k141_30487	489	77.807	383	55	299
MZ962720.1	k141_30487	489	72.581	310	55	168
MZ962720.1	k141_42660	332	81.481	297	50	279
MZ962720.1	k141_42660	332	81.481	297	50	279
MZ962720.1	k141_56381	4046	68.232	639	191	222
MZ962720.1	k141_56381	4046	74.157	89	23	58.1
MZ962720.1	k141_98080	977	78.409	264	49	214
MZ962720.1	k141_24624	450	78.629	248	49	204
MZ962720.1	k141_24624	450	78.629	248	49	204
MZ962720.1	k141_78799	468	96.721	122	4	203
MZ962720.1	k141_78799	468	96.721	122	4	203
MZ962720.1	k141_15191	2404	84.028	144	23	157
MZ962720.1	k141_74864	2232	96.386	83	3	137
MZ962720.1	k141_74864	2232	78.906	128	20	107
MZ962720.1	k141_24510	351	83.495	103	16	106
MZ962720.1	k141_24510	351	83.495	103	16	106
MZ962720.1	k141_68664	1995	89.474	76	8	102
MZ962720.1	k141_96849	601	77.686	121	15	95.1
MZ962720.1	k141_96849	601	77.686	121	15	95.1
MZ962720.1	k141_9817	2347	73.333	135	32	77.0
MZ962720.1	k141_65428	458	97.222	36	1	61.7
MZ962720.1	k141_65428	458	97.222	36	1	61.7
MZ962720.1	k141_95708	452	81.481	54	10	53.6
MZ962720.1	k141_97203	1821	91.176	34	3	49.1
MZ962720.1	k141_48717	1903	82.609	46	8	48.2
MZ962720.1	k141_48717	1903	82.609	46	8	48.2
MZ962720.1	k141_65438	6751	77.193	57	13	45.5
MZ962720.1	k141_65438	6751	77.193	57	13	45.5
MZ962720.1	k141_65438	6751	77.193	57	13	45.5
MZ962720.1	k141_37546	444	83.784	37	6	41.0
MH569081.1	k141_2706	84214	86.299	5423	650	6397
MH569081.1	k141_2706	84214	90.957	4180	244	5843
MH569081.1	k141_2706	84214	90.957	4180	244	5843
MH569081.1	k141_2706	84214	92.007	3040	152	4357
MH569081.1	k141_2706	84214	92.007	3040	152	4357
MH569081.1	k141_2706	84214	92.720	2761	154	4039
MH569081.1	k141_2706	84214	92.720	2761	154	4039
MH569081.1	k141_2706	84214	78.144	4612	731	3694
MH569081.1	k141_2706	84214	89.082	2473	270	3243
MH569081.1	k141_2706	84214	88.682	2306	136	2974
MH569081.1	k141_2706	84214	88.682	2306	136	2974
MH569081.1	k141_2706	84214	81.231	2957	484	2828
MH569081.1	k141_2706	84214	83.826	1929	303	2072
MH569081.1	k141_2706	84214	86.131	1507	202	1773
MH569081.1	k141_2706	84214	74.159	2616	486	1693
MH569081.1	k141_2706	84214	80.480	1793	317	1609
MH569081.1	k141_2706	84214	73.346	2161	348	1272
MH569081.1	k141_2706	84214	74.627	1943	355	1226
MH569081.1	k141_2706	84214	86.842	988	109	1184
MH569081.1	k141_2706	84214	86.842	988	109	1184
MH569081.1	k141_2706	84214	83.551	1070	162	1136
MH569081.1	k141_2706	84214	82.173	1049	114	1061
MH569081.1	k141_2706	84214	82.025	879	139	864
MH569081.1	k141_2706	84214	82.025	879	139	864
MH569081.1	k141_2706	84214	81.006	716	128	659
MH569081.1	k141_2706	84214	71.099	1301	267	624
MH569081.1	k141_2706	84214	76.646	805	127	592
MH569081.1	k141_2706	84214	76.646	805	127	592
MH569081.1	k141_2706	84214	72.631	1034	164	589
MH569081.1	k141_2706	84214	90.115	435	42	588
MH569081.1	k141_2706	84214	90.115	435	42	588
MH569081.1	k141_2706	84214	83.009	565	93	585
MH569081.1	k141_2706	84214	74.194	744	164	475
MH569081.1	k141_2706	84214	71.764	981	168	466
MH569081.1	k141_2706	84214	85.676	370	24	419
MH569081.1	k141_2706	84214	85.676	370	24	419
MH569081.1	k141_2706	84214	76.171	491	110	352
MH569081.1	k141_2706	84214	71.449	697	116	327
MH569081.1	k141_2706	84214	76.227	387	36	321
MH569081.1	k141_2706	84214	76.227	387	36	321
MH569081.1	k141_2706	84214	71.993	582	115	318
MH569081.1	k141_2706	84214	93.333	210	14	316
MH569081.1	k141_2706	84214	93.333	210	14	316
MH569081.1	k141_2706	84214	79.755	326	27	304
MH569081.1	k141_2706	84214	86.667	240	29	288
MH569081.1	k141_2706	84214	81.413	269	42	254
MH569081.1	k141_2706	84214	76.875	320	61	242
MH569081.1	k141_2706	84214	76.875	320	61	242
MH569081.1	k141_2706	84214	76.582	316	66	231
MH569081.1	k141_2706	84214	84.264	197	25	217
MH569081.1	k141_2706	84214	79.911	224	29	207
MH569081.1	k141_2706	84214	79.911	224	29	207
MH569081.1	k141_2706	84214	80.444	225	42	205
MH569081.1	k141_2706	84214	76.157	281	67	205
MH569081.1	k141_2706	84214	85.806	155	22	181
MH569081.1	k141_2706	84214	78.182	220	48	181
MH569081.1	k141_2706	84214	66.384	589	174	151
MH569081.1	k141_2706	84214	92.381	105	6	151
MH569081.1	k141_2706	84214	84.252	127	20	140
MH569081.1	k141_2706	84214	90.816	98	4	137
MH569081.1	k141_2706	84214	90.722	97	3	136
MH569081.1	k141_2706	84214	98.667	75	1	132
MH569081.1	k141_2706	84214	96.000	75	3	123
MH569081.1	k141_2706	84214	91.765	85	5	120
MH569081.1	k141_2706	84214	75.141	177	33	113
MH569081.1	k141_2706	84214	89.773	88	7	112
MH569081.1	k141_2706	84214	68.797	266	63	102
MH569081.1	k141_2706	84214	92.453	53	3	75.2
MH569081.1	k141_2706	84214	92.453	53	3	75.2
MH569081.1	k141_2706	84214	87.500	56	7	70.7
MH569081.1	k141_2706	84214	84.127	63	10	69.8
MH569081.1	k141_2706	84214	92.857	42	3	63.5
MH569081.1	k141_2706	84214	92.857	42	3	63.5
MH569081.1	k141_2706	84214	88.889	45	5	59.9
MH569081.1	k141_2706	84214	88.889	45	5	59.9
MH569081.1	k141_2706	84214	90.476	42	4	59.0
MH569081.1	k141_2706	84214	82.258	62	9	56.3
MH569081.1	k141_2706	84214	69.828	116	35	52.7
MH569081.1	k141_2706	84214	84.615	39	6	44.6
MH569081.1	k141_2706	84214	74.194	62	16	41.0
MH569081.1	k141_60654	10498	74.516	4077	776	2577
MH569081.1	k141_60654	10498	82.502	1423	228	1432
MH569081.1	k141_60654	10498	69.388	1225	209	453
MH569081.1	k141_60654	10498	73.786	618	100	360
MH569081.1	k141_60654	10498	69.540	847	151	340
MH569081.1	k141_60654	10498	73.684	399	78	226
MH569081.1	k141_60654	10498	79.592	49	10	44.6
MH569081.1	k141_60654	10498	75.714	70	11	42.8
MH569081.1	k141_1494	17723	77.803	3122	599	2456
MH569081.1	k141_1494	17723	77.970	2710	478	2141
MH569081.1	k141_1494	17723	75.077	2283	513	1531
MH569081.1	k141_1494	17723	78.208	1473	272	1177
MH569081.1	k141_1494	17723	73.768	1136	252	684
MH569081.1	k141_1494	17723	77.425	536	99	401
MH569081.1	k141_1494	17723	88.542	96	11	124
MH569081.1	k141_1494	17723	69.231	325	73	115
MH569081.1	k141_1494	17723	69.231	325	73	115
MH569081.1	k141_1494	17723	85.526	76	8	77.9
MH569081.1	k141_1494	17723	85.526	76	8	77.9
MH569081.1	k141_38150	12622	83.376	1552	231	1629
MH569081.1	k141_38150	12622	80.012	1731	309	1537
MH569081.1	k141_38150	12622	80.088	1587	302	1428
MH569081.1	k141_38150	12622	73.077	2210	497	1288
MH569081.1	k141_38150	12622	83.349	1057	161	1113
MH569081.1	k141_38150	12622	79.695	1049	169	949
MH569081.1	k141_38150	12622	75.740	676	102	464
MH569081.1	k141_38150	12622	87.462	327	33	399
MH569081.1	k141_38150	12622	73.832	214	41	134
MH569081.1	k141_17166	16828	71.242	1151	271	521
MH569081.1	k141_17166	16828	71.242	1151	271	521
MH569081.1	k141_17166	16828	70.354	904	203	378
MH569081.1	k141_17166	16828	70.354	904	203	378
MH569081.1	k141_17166	16828	76.654	257	58	187
MH569081.1	k141_17166	16828	76.654	257	58	187
MH569081.1	k141_17166	16828	75.120	209	50	136
MH569081.1	k141_17166	16828	75.120	209	50	136
MH569081.1	k141_18312	717	72.933	750	159	415
MH569081.1	k141_18312	717	72.933	750	159	415
MH569081.1	k141_74576	498	79.707	478	85	405
MH569081.1	k141_74576	498	79.707	478	85	405
MH569081.1	k141_92949	567	83.692	325	53	348
MH569081.1	k141_30487	489	78.701	385	48	320
MH569081.1	k141_30487	489	78.701	385	48	320
MH569081.1	k141_42660	332	82.034	295	50	288
MH569081.1	k141_42660	332	82.034	295	50	288
MH569081.1	k141_24624	450	75.793	347	80	238
MH569081.1	k141_24624	450	75.793	347	80	238
MH569081.1	k141_56381	4046	72.454	432	117	236
MH569081.1	k141_56381	4046	74.157	89	23	58.1
MH569081.1	k141_98080	977	83.636	220	36	235
MH569081.1	k141_78799	468	94.262	122	7	189
MH569081.1	k141_78799	468	94.262	122	7	189
MH569081.1	k141_15191	2404	86.331	139	19	166
MH569081.1	k141_74864	2232	88.618	123	12	152
MH569081.1	k141_74864	2232	74.843	159	26	102
MH569081.1	k141_96849	601	76.712	146	22	108
MH569081.1	k141_96849	601	76.712	146	22	108
MH569081.1	k141_24510	351	82.524	103	17	102
MH569081.1	k141_24510	351	82.524	103	17	102
MH569081.1	k141_51682	271	70.667	225	41	100
MH569081.1	k141_13155	437	80.723	83	16	78.8
MH569081.1	k141_57904	2296	82.667	75	12	74.3
MH569081.1	k141_9817	2347	72.388	134	35	68.9
MH569081.1	k141_65428	458	97.222	36	1	61.7
MH569081.1	k141_65428	458	97.222	36	1	61.7
MH569081.1	k141_65438	6751	77.193	57	13	45.5
MH569081.1	k141_65438	6751	77.193	57	13	45.5
MH569081.1	k141_48717	1903	80.488	41	8	39.2
MH569081.1	k141_57306	559	80.000	50	8	39.2
NC_033978.1	k141_2706	84214	92.247	10989	584	15912
NC_033978.1	k141_2706	84214	93.396	10388	436	15587
NC_033978.1	k141_2706	84214	91.715	6083	335	8770
NC_033978.1	k141_2706	84214	91.715	6083	335	8770
NC_033978.1	k141_2706	84214	90.017	5770	505	7765
NC_033978.1	k141_2706	84214	94.785	4238	147	6633
NC_033978.1	k141_2706	84214	94.785	4238	147	6633
NC_033978.1	k141_2706	84214	81.559	5336	650	5150
NC_033978.1	k141_2706	84214	84.511	4629	511	5058
NC_033978.1	k141_2706	84214	80.490	4613	621	4270
NC_033978.1	k141_2706	84214	87.108	3188	361	3870
NC_033978.1	k141_2706	84214	87.917	3054	276	3852
NC_033978.1	k141_2706	84214	93.737	2347	120	3581
NC_033978.1	k141_2706	84214	93.737	2347	120	3581
NC_033978.1	k141_2706	84214	76.907	3447	475	2580
NC_033978.1	k141_2706	84214	77.640	2992	470	2343
NC_033978.1	k141_2706	84214	79.526	2447	366	2137
NC_033978.1	k141_2706	84214	83.871	1922	224	2070
NC_033978.1	k141_2706	84214	79.425	2226	264	1913
NC_033978.1	k141_2706	84214	78.761	1582	254	1354
NC_033978.1	k141_2706	84214	84.059	1148	118	1246
NC_033978.1	k141_2706	84214	78.269	1063	101	944
NC_033978.1	k141_2706	84214	77.682	1165	154	921
NC_033978.1	k141_2706	84214	84.495	832	49	920
NC_033978.1	k141_2706	84214	84.495	832	49	920
NC_033978.1	k141_2706	84214	79.011	1072	124	866
NC_033978.1	k141_2706	84214	85.926	675	87	788
NC_033978.1	k141_2706	84214	74.326	1262	205	761
NC_033978.1	k141_2706	84214	93.168	483	16	734
NC_033978.1	k141_2706	84214	88.079	302	18	395
NC_033978.1	k141_2706	84214	79.510	449	55	379
NC_033978.1	k141_2706	84214	95.694	209	9	337
NC_033978.1	k141_2706	84214	95.694	209	9	337
NC_033978.1	k141_2706	84214	80.952	357	52	334
NC_033978.1	k141_2706	84214	74.786	468	66	297
NC_033978.1	k141_2706	84214	69.920	625	87	281
NC_033978.1	k141_2706	84214	96.178	157	6	257
NC_033978.1	k141_2706	84214	76.596	329	50	235
NC_033978.1	k141_2706	84214	92.405	158	12	232
NC_033978.1	k141_2706	84214	81.567	217	32	201
NC_033978.1	k141_2706	84214	78.603	229	47	190
NC_033978.1	k141_2706	84214	86.585	164	15	190
NC_033978.1	k141_2706	84214	77.778	216	21	171
NC_033978.1	k141_2706	84214	87.591	137	15	168
NC_033978.1	k141_2706	84214	84.848	132	13	141
NC_033978.1	k141_2706	84214	100.000	76	0	138
NC_033978.1	k141_2706	84214	76.364	165	39	123
NC_033978.1	k141_2706	84214	80.992	121	23	115
NC_033978.1	k141_2706	84214	74.534	161	26	106
NC_033978.1	k141_2706	84214	100.000	39	0	71.6
NC_033978.1	k141_2706	84214	94.872	39	2	62.6
NC_033978.1	k141_2706	84214	88.889	45	5	59.9
NC_033978.1	k141_2706	84214	88.889	45	5	59.9
NC_033978.1	k141_2706	84214	87.179	39	5	49.1
NC_033978.1	k141_2706	84214	84.211	38	6	42.8
NC_033978.1	k141_2706	84214	74.194	62	16	41.0
NC_033978.1	k141_38150	12622	83.879	9869	1237	10624
NC_033978.1	k141_38150	12622	83.235	1861	181	1974
NC_033978.1	k141_38150	12622	77.696	677	100	515
NC_033978.1	k141_38150	12622	80.165	121	19	111
NC_033978.1	k141_1494	17723	82.219	2767	378	2749
NC_033978.1	k141_1494	17723	81.641	2255	398	2188
NC_033978.1	k141_1494	17723	83.885	2023	296	2152
NC_033978.1	k141_1494	17723	70.837	4084	954	1944
NC_033978.1	k141_1494	17723	85.239	1382	175	1559
NC_033978.1	k141_1494	17723	78.481	1264	210	1056
NC_033978.1	k141_1494	17723	79.452	1168	187	1001
NC_033978.1	k141_1494	17723	80.147	272	42	241
NC_033978.1	k141_1494	17723	97.619	42	1	72.5
NC_033978.1	k141_1494	17723	97.619	42	1	72.5
NC_033978.1	k141_60654	10498	92.462	1300	80	1897
NC_033978.1	k141_60654	10498	75.762	2723	543	1893
NC_033978.1	k141_60654	10498	90.939	1214	110	1694
NC_033978.1	k141_60654	10498	79.162	859	117	713
NC_033978.1	k141_60654	10498	71.789	1269	224	647
NC_033978.1	k141_60654	10498	77.752	427	63	313
NC_033978.1	k141_60654	10498	77.778	324	45	253
NC_033978.1	k141_60654	10498	77.419	310	41	248
NC_033978.1	k141_60654	10498	94.340	106	5	161
NC_033978.1	k141_60654	10498	76.812	69	14	46.4
NC_033978.1	k141_17166	16828	71.156	1151	272	530
NC_033978.1	k141_17166	16828	71.156	1151	272	530
NC_033978.1	k141_17166	16828	70.243	904	204	378
NC_033978.1	k141_17166	16828	70.243	904	204	378
NC_033978.1	k141_17166	16828	78.788	264	54	217
NC_033978.1	k141_17166	16828	78.788	264	54	217
NC_033978.1	k141_92949	567	91.358	324	28	459
NC_033978.1	k141_18312	717	73.691	745	153	441
NC_033978.1	k141_18312	717	73.691	745	153	441
NC_033978.1	k141_74576	498	79.958	479	84	411
NC_033978.1	k141_74576	498	79.958	479	84	411
NC_033978.1	k141_40230	1823	80.529	416	48	407
NC_033978.1	k141_40230	1823	80.529	416	48	407
NC_033978.1	k141_98080	977	89.883	257	26	347
NC_033978.1	k141_42660	332	82.034	295	50	292
NC_033978.1	k141_42660	332	82.034	295	50	292
NC_033978.1	k141_30487	489	77.285	383	57	290
NC_033978.1	k141_30487	489	77.285	383	57	290
NC_033978.1	k141_56381	4046	67.050	783	219	249
NC_033978.1	k141_24624	450	74.265	408	91	244
NC_033978.1	k141_24624	450	74.265	408	91	244
NC_033978.1	k141_74864	2232	71.462	431	67	229
NC_033978.1	k141_15191	2404	92.086	139	11	202
NC_033978.1	k141_78799	468	92.683	123	8	178
NC_033978.1	k141_78799	468	92.683	123	8	178
NC_033978.1	k141_8295	462	85.235	149	13	174
NC_033978.1	k141_51682	271	73.859	241	29	146
NC_033978.1	k141_51690	283	73.859	241	29	141
NC_033978.1	k141_24510	351	85.437	103	15	119
NC_033978.1	k141_24510	351	85.437	103	15	119
NC_033978.1	k141_96849	601	80.833	120	14	113
NC_033978.1	k141_96849	601	80.833	120	14	113
NC_033978.1	k141_56917	301	92.105	76	6	111
NC_033978.1	k141_56917	301	92.105	76	6	111
NC_033978.1	k141_68664	1995	89.873	79	8	107
NC_033978.1	k141_3089	254	79.646	113	22	97.8
NC_033978.1	k141_76069	691	92.308	65	5	96.0
NC_033978.1	k141_76069	691	92.308	65	5	96.0
NC_033978.1	k141_51974	762	86.842	76	10	93.3
NC_033978.1	k141_13155	437	83.529	85	14	91.5
NC_033978.1	k141_56997	603	94.828	58	2	88.7
NC_033978.1	k141_56997	603	94.828	58	2	88.7
NC_033978.1	k141_42809	747	81.013	79	15	76.1
NC_033978.1	k141_65428	458	100.000	36	0	66.2
NC_033978.1	k141_65428	458	100.000	36	0	66.2
NC_033978.1	k141_9817	2347	77.500	80	18	64.4
NC_033978.1	k141_97203	1821	94.118	34	2	53.6
NC_033978.1	k141_65438	6751	77.193	57	13	45.5
NC_033978.1	k141_65438	6751	77.193	57	13	45.5
NC_033978.1	k141_48717	1903	78.723	47	10	41.0
MW006668.1	k141_2706	84214	93.525	8309	311	12507
MW006668.1	k141_2706	84214	93.525	8309	311	12507
MW006668.1	k141_2706	84214	89.776	5536	493	7408
MW006668.1	k141_2706	84214	91.322	4229	295	5943
MW006668.1	k141_2706	84214	83.111	4654	571	4828
MW006668.1	k141_2706	84214	84.034	3808	388	4113
MW006668.1	k141_2706	84214	87.128	2890	352	3517
MW006668.1	k141_2706	84214	80.648	2687	351	2456
MW006668.1	k141_2706	84214	89.107	1781	185	2328
MW006668.1	k141_2706	84214	85.199	1831	232	2058
MW006668.1	k141_2706	84214	81.334	2009	315	1924
MW006668.1	k141_2706	84214	79.007	2215	303	1869
MW006668.1	k141_2706	84214	73.550	3017	467	1854
MW006668.1	k141_2706	84214	85.003	1467	171	1667
MW006668.1	k141_2706	84214	79.144	1683	237	1457
MW006668.1	k141_2706	84214	75.722	1870	357	1342
MW006668.1	k141_2706	84214	84.718	1047	102	1184
MW006668.1	k141_2706	84214	72.106	2047	341	1118
MW006668.1	k141_2706	84214	90.273	586	49	799
MW006668.1	k141_2706	84214	84.226	672	99	728
MW006668.1	k141_2706	84214	73.438	1216	229	728
MW006668.1	k141_2706	84214	78.841	794	116	668
MW006668.1	k141_2706	84214	75.784	1020	177	659
MW006668.1	k141_2706	84214	79.679	748	88	636
MW006668.1	k141_2706	84214	78.394	685	81	571
MW006668.1	k141_2706	84214	86.325	468	47	554
MW006668.1	k141_2706	84214	86.325	468	47	554
MW006668.1	k141_2706	84214	73.663	729	136	442
MW006668.1	k141_2706	84214	73.663	729	136	442
MW006668.1	k141_2706	84214	74.912	570	55	432
MW006668.1	k141_2706	84214	88.997	309	16	416
MW006668.1	k141_2706	84214	75.155	644	98	416
MW006668.1	k141_2706	84214	71.355	775	139	364
MW006668.1	k141_2706	84214	81.030	369	50	337
MW006668.1	k141_2706	84214	86.331	278	30	329
MW006668.1	k141_2706	84214	86.331	278	30	329
MW006668.1	k141_2706	84214	80.966	352	45	299
MW006668.1	k141_2706	84214	76.640	381	58	269
MW006668.1	k141_2706	84214	77.273	352	56	265
MW006668.1	k141_2706	84214	77.273	352	56	265
MW006668.1	k141_2706	84214	83.468	248	34	260
MW006668.1	k141_2706	84214	80.866	277	43	252
MW006668.1	k141_2706	84214	76.619	278	35	223
MW006668.1	k141_2706	84214	80.088	226	36	196
MW006668.1	k141_2706	84214	78.222	225	34	186
MW006668.1	k141_2706	84214	81.720	186	31	181
MW006668.1	k141_2706	84214	83.893	149	16	159
MW006668.1	k141_2706	84214	83.893	149	16	159
MW006668.1	k141_2706	84214	97.802	91	2	156
MW006668.1	k141_2706	84214	93.458	107	5	155
MW006668.1	k141_2706	84214	89.565	115	7	154
MW006668.1	k141_2706	84214	76.712	219	38	150
MW006668.1	k141_2706	84214	74.153	236	59	149
MW006668.1	k141_2706	84214	67.317	410	95	149
MW006668.1	k141_2706	84214	67.317	410	95	149
MW006668.1	k141_2706	84214	83.942	137	14	147
MW006668.1	k141_2706	84214	82.517	143	13	143
MW006668.1	k141_2706	84214	84.496	129	16	138
MW006668.1	k141_2706	84214	66.275	510	112	127
MW006668.1	k141_2706	84214	96.000	75	3	123
MW006668.1	k141_2706	84214	73.362	229	34	123
MW006668.1	k141_2706	84214	71.130	239	36	114
MW006668.1	k141_2706	84214	75.152	165	41	113
MW006668.1	k141_2706	84214	80.165	121	24	111
MW006668.1	k141_2706	84214	63.862	523	131	109
MW006668.1	k141_2706	84214	71.066	197	37	99.6
MW006668.1	k141_2706	84214	70.492	183	42	94.2
MW006668.1	k141_2706	84214	70.492	183	42	94.2
MW006668.1	k141_2706	84214	70.492	183	42	94.2
MW006668.1	k141_2706	84214	70.492	183	42	94.2
MW006668.1	k141_2706	84214	71.765	170	48	91.5
MW006668.1	k141_2706	84214	79.048	105	18	90.6
MW006668.1	k141_2706	84214	70.270	185	42	89.7
MW006668.1	k141_2706	84214	74.590	122	19	87.8
MW006668.1	k141_2706	84214	74.590	122	19	87.8
MW006668.1	k141_2706	84214	64.981	534	136	86.0
MW006668.1	k141_2706	84214	64.981	534	136	86.0
MW006668.1	k141_2706	84214	68.421	228	57	83.3
MW006668.1	k141_2706	84214	68.421	228	57	83.3
MW006668.1	k141_2706	84214	64.607	534	138	81.5
MW006668.1	k141_2706	84214	64.607	534	138	81.5
MW006668.1	k141_2706	84214	64.607	534	138	80.6
MW006668.1	k141_2706	84214	64.607	534	138	80.6
MW006668.1	k141_2706	84214	100.000	43	0	78.8
MW006668.1	k141_2706	84214	100.000	43	0	78.8
MW006668.1	k141_2706	84214	85.938	64	9	76.1
MW006668.1	k141_2706	84214	64.353	533	141	73.4
MW006668.1	k141_2706	84214	64.353	533	141	73.4
MW006668.1	k141_2706	84214	64.353	533	141	73.4
MW006668.1	k141_2706	84214	64.353	533	141	73.4
MW006668.1	k141_2706	84214	85.965	57	8	68.0
MW006668.1	k141_2706	84214	85.965	57	8	68.0
MW006668.1	k141_2706	84214	94.872	39	2	62.6
MW006668.1	k141_2706	84214	88.889	45	5	59.9
MW006668.1	k141_2706	84214	87.234	47	6	59.0
MW006668.1	k141_2706	84214	84.314	51	8	57.2
MW006668.1	k141_2706	84214	86.364	44	6	53.6
MW006668.1	k141_2706	84214	87.805	41	5	52.7
MW006668.1	k141_2706	84214	87.179	39	5	49.1
MW006668.1	k141_2706	84214	75.806	62	15	45.5
MW006668.1	k141_2706	84214	84.211	38	6	42.8
MW006668.1	k141_38150	12622	81.828	7330	1077	7196
MW006668.1	k141_38150	12622	83.167	1800	239	1844
MW006668.1	k141_38150	12622	81.991	1838	240	1792
MW006668.1	k141_38150	12622	87.399	619	78	765
MW006668.1	k141_38150	12622	80.762	525	79	480
MW006668.1	k141_38150	12622	68.750	224	40	80.6
MW006668.1	k141_38150	12622	68.900	209	36	79.7
MW006668.1	k141_1494	17723	81.361	4394	667	4185
MW006668.1	k141_1494	17723	81.361	4394	667	4185
MW006668.1	k141_1494	17723	85.316	2043	270	2310
MW006668.1	k141_1494	17723	85.316	2043	270	2310
MW006668.1	k141_1494	17723	78.263	2245	465	1820
MW006668.1	k141_1494	17723	80.477	1173	179	1057
MW006668.1	k141_1494	17723	80.477	1173	179	1057
MW006668.1	k141_1494	17723	77.927	1264	213	1001
MW006668.1	k141_1494	17723	77.927	1264	213	1001
MW006668.1	k141_1494	17723	80.841	214	41	202
MW006668.1	k141_1494	17723	80.841	214	41	202
MW006668.1	k141_1494	17723	77.358	159	34	118
MW006668.1	k141_1494	17723	97.619	42	1	72.5
MW006668.1	k141_60654	10498	77.246	3116	563	2357
MW006668.1	k141_60654	10498	80.482	2449	339	2212
MW006668.1	k141_60654	10498	90.723	927	67	1279
MW006668.1	k141_60654	10498	90.723	927	67	1279
MW006668.1	k141_60654	10498	73.831	1219	178	721
MW006668.1	k141_60654	10498	73.831	1219	178	721
MW006668.1	k141_60654	10498	75.276	635	94	445
MW006668.1	k141_60654	10498	76.179	424	65	279
MW006668.1	k141_17166	16828	71.069	1151	279	520
MW006668.1	k141_17166	16828	71.069	1151	279	520
MW006668.1	k141_17166	16828	69.690	904	210	354
MW006668.1	k141_17166	16828	69.690	904	210	354
MW006668.1	k141_17166	16828	78.788	264	54	217
MW006668.1	k141_17166	16828	78.788	264	54	217
MW006668.1	k141_18312	717	73.118	744	154	419
MW006668.1	k141_18312	717	73.118	744	154	419
MW006668.1	k141_92949	567	88.000	325	39	411
MW006668.1	k141_74576	498	77.572	486	91	370
MW006668.1	k141_74576	498	77.572	486	91	370
MW006668.1	k141_98080	977	91.051	257	23	361
MW006668.1	k141_74864	2232	74.255	470	79	287
MW006668.1	k141_42660	332	80.678	295	54	274
MW006668.1	k141_42660	332	80.678	295	54	274
MW006668.1	k141_30487	489	76.240	383	71	272
MW006668.1	k141_30487	489	76.240	383	71	272
MW006668.1	k141_24624	450	73.529	408	95	230
MW006668.1	k141_24624	450	73.529	408	95	230
MW006668.1	k141_56381	4046	66.316	760	217	216
MW006668.1	k141_15191	2404	92.806	139	10	206
MW006668.1	k141_40230	1823	73.375	323	62	190
MW006668.1	k141_78799	468	90.551	127	7	176
MW006668.1	k141_51690	283	78.222	225	24	163
MW006668.1	k141_51682	271	78.222	225	24	163
MW006668.1	k141_24510	351	86.408	103	14	123
MW006668.1	k141_24510	351	86.408	103	14	123
MW006668.1	k141_96849	601	80.833	120	14	113
MW006668.1	k141_96849	601	80.833	120	14	113
MW006668.1	k141_68664	1995	87.342	79	10	98.7
MW006668.1	k141_57904	2296	87.500	80	9	96.9
MW006668.1	k141_76069	691	93.548	62	4	95.1
MW006668.1	k141_9817	2347	72.932	133	34	71.6
MW006668.1	k141_65428	458	100.000	36	0	66.2
MW006668.1	k141_65428	458	100.000	36	0	66.2
MW006668.1	k141_97203	1821	88.235	34	4	44.6
MW435436.1	k141_2706	84214	95.112	8184	258	12922
MW435436.1	k141_2706	84214	95.112	8184	258	12922
MW435436.1	k141_2706	84214	90.058	6709	416	9179
MW435436.1	k141_2706	84214	90.058	6709	416	9179
MW435436.1	k141_2706	84214	89.595	5680	519	7550
MW435436.1	k141_2706	84214	83.926	4585	542	4915
MW435436.1	k141_2706	84214	82.016	4771	594	4686
MW435436.1	k141_2706	84214	93.647	2739	107	4144
MW435436.1	k141_2706	84214	93.647	2739	107	4144
MW435436.1	k141_2706	84214	87.139	3048	290	3714
MW435436.1	k141_2706	84214	87.413	3003	350	3697
MW435436.1	k141_2706	84214	93.260	2359	120	3551
MW435436.1	k141_2706	84214	93.260	2359	120	3551
MW435436.1	k141_2706	84214	77.714	3648	560	2944
MW435436.1	k141_2706	84214	84.643	2533	281	2813
MW435436.1	k141_2706	84214	84.643	2533	281	2813
MW435436.1	k141_2706	84214	76.885	3011	497	2229
MW435436.1	k141_2706	84214	82.224	2059	295	2051
MW435436.1	k141_2706	84214	95.880	1262	46	2034
MW435436.1	k141_2706	84214	95.880	1262	46	2034
MW435436.1	k141_2706	84214	84.283	1826	237	1977
MW435436.1	k141_2706	84214	77.706	1848	250	1437
MW435436.1	k141_2706	84214	78.373	1586	255	1331
MW435436.1	k141_2706	84214	85.079	1079	112	1202
MW435436.1	k141_2706	84214	73.427	1923	283	1150
MW435436.1	k141_2706	84214	89.673	794	66	1064
MW435436.1	k141_2706	84214	76.162	1485	231	1036
MW435436.1	k141_2706	84214	83.249	788	104	820
MW435436.1	k141_2706	84214	79.604	809	51	751
MW435436.1	k141_2706	84214	79.604	809	51	751
MW435436.1	k141_2706	84214	84.457	682	96	744
MW435436.1	k141_2706	84214	77.083	1008	132	722
MW435436.1	k141_2706	84214	83.779	598	85	621
MW435436.1	k141_2706	84214	75.468	909	150	615
MW435436.1	k141_2706	84214	78.765	664	118	529
MW435436.1	k141_2706	84214	84.598	448	53	494
MW435436.1	k141_2706	84214	70.874	721	93	379
MW435436.1	k141_2706	84214	90.698	258	22	355
MW435436.1	k141_2706	84214	83.489	321	35	343
MW435436.1	k141_2706	84214	84.936	312	38	342
MW435436.1	k141_2706	84214	81.556	347	54	329
MW435436.1	k141_2706	84214	87.398	246	27	295
MW435436.1	k141_2706	84214	80.142	282	51	243
MW435436.1	k141_2706	84214	81.600	250	35	236
MW435436.1	k141_2706	84214	84.483	174	16	189
MW435436.1	k141_2706	84214	73.571	280	45	189
MW435436.1	k141_2706	84214	86.957	161	11	183
MW435436.1	k141_2706	84214	91.150	113	7	158
MW435436.1	k141_2706	84214	87.903	124	7	155
MW435436.1	k141_2706	84214	85.106	141	14	149
MW435436.1	k141_2706	84214	84.921	126	19	142
MW435436.1	k141_2706	84214	100.000	76	0	138
MW435436.1	k141_2706	84214	97.500	80	2	136
MW435436.1	k141_2706	84214	87.619	105	11	124
MW435436.1	k141_2706	84214	65.470	585	188	117
MW435436.1	k141_2706	84214	71.717	198	35	111
MW435436.1	k141_2706	84214	70.445	247	41	101
MW435436.1	k141_2706	84214	86.957	69	9	85.1
MW435436.1	k141_2706	84214	95.238	42	2	68.0
MW435436.1	k141_2706	84214	86.792	53	7	65.3
MW435436.1	k141_2706	84214	88.889	45	5	59.9
MW435436.1	k141_2706	84214	88.889	45	5	59.9
MW435436.1	k141_2706	84214	90.476	42	4	59.0
MW435436.1	k141_2706	84214	84.615	39	6	44.6
MW435436.1	k141_38150	12622	82.998	9881	1316	10240
MW435436.1	k141_38150	12622	78.740	2667	344	2234
MW435436.1	k141_1494	17723	80.742	4476	674	4103
MW435436.1	k141_1494	17723	78.680	3485	569	2921
MW435436.1	k141_1494	17723	79.181	2272	439	1965
MW435436.1	k141_1494	17723	79.513	2011	378	1769
MW435436.1	k141_1494	17723	70.602	2592	608	1167
MW435436.1	k141_1494	17723	80.154	1169	175	1020
MW435436.1	k141_1494	17723	72.789	1176	255	656
MW435436.1	k141_1494	17723	97.619	42	1	72.5
MW435436.1	k141_1494	17723	97.619	42	1	72.5
MW435436.1	k141_60654	10498	89.548	1349	108	1796
MW435436.1	k141_60654	10498	74.691	2667	527	1707
MW435436.1	k141_60654	10498	89.664	1219	126	1631
MW435436.1	k141_60654	10498	77.361	879	147	645
MW435436.1	k141_60654	10498	73.534	665	104	399
MW435436.1	k141_60654	10498	76.798	431	61	317
MW435436.1	k141_60654	10498	84.247	146	6	153
MW435436.1	k141_60654	10498	77.465	71	10	49.1
MW435436.1	k141_17166	16828	71.255	1155	264	540
MW435436.1	k141_17166	16828	71.255	1155	264	540
MW435436.1	k141_17166	16828	69.912	904	207	364
MW435436.1	k141_17166	16828	69.912	904	207	364
MW435436.1	k141_17166	16828	78.409	264	55	213
MW435436.1	k141_17166	16828	78.409	264	55	213
MW435436.1	k141_18312	717	73.960	745	151	450
MW435436.1	k141_18312	717	73.960	745	151	450
MW435436.1	k141_92949	567	88.923	325	36	425
MW435436.1	k141_40230	1823	81.010	416	46	416
MW435436.1	k141_40230	1823	81.010	416	46	416
MW435436.1	k141_74576	498	79.749	479	85	407
MW435436.1	k141_74576	498	79.749	479	85	407
MW435436.1	k141_98080	977	89.883	257	26	347
MW435436.1	k141_30487	489	77.546	383	56	295
MW435436.1	k141_30487	489	77.546	383	56	295
MW435436.1	k141_42660	332	82.034	295	50	292
MW435436.1	k141_42660	332	82.034	295	50	292
MW435436.1	k141_56381	4046	67.347	784	215	248
MW435436.1	k141_24624	450	74.265	408	91	244
MW435436.1	k141_24624	450	74.265	408	91	244
MW435436.1	k141_78799	468	95.082	122	6	194
MW435436.1	k141_78799	468	95.082	122	6	194
MW435436.1	k141_15191	2404	89.552	134	14	179
MW435436.1	k141_8295	462	85.430	151	22	174
MW435436.1	k141_8295	462	85.430	151	22	174
MW435436.1	k141_74864	2232	75.472	212	35	146
MW435436.1	k141_74864	2232	91.000	100	8	137
MW435436.1	k141_24510	351	85.437	103	15	119
MW435436.1	k141_24510	351	85.437	103	15	119
MW435436.1	k141_56917	301	92.105	76	6	111
MW435436.1	k141_56917	301	92.105	76	6	111
MW435436.1	k141_96849	601	80.000	120	15	108
MW435436.1	k141_96849	601	80.000	120	15	108
MW435436.1	k141_68664	1995	87.342	79	10	98.7
MW435436.1	k141_42809	747	81.707	82	15	81.5
MW435436.1	k141_65428	458	97.222	36	1	61.7
MW435436.1	k141_65428	458	97.222	36	1	61.7
MW435436.1	k141_9817	2347	75.000	80	20	55.4
MW435436.1	k141_9817	2347	75.000	80	20	55.4
MW435436.1	k141_65438	6751	77.193	57	13	45.5
MW435436.1	k141_65438	6751	77.193	57	13	45.5
MW435436.1	k141_97203	1821	88.235	34	4	44.6
NC_037882.1	k141_2706	84214	92.650	10939	551	16034
NC_037882.1	k141_2706	84214	94.136	10335	383	15842
NC_037882.1	k141_2706	84214	91.531	5845	325	8386
NC_037882.1	k141_2706	84214	91.531	5845	325	8386
NC_037882.1	k141_2706	84214	90.120	5658	486	7678
NC_037882.1	k141_2706	84214	95.175	4228	122	6717
NC_037882.1	k141_2706	84214	95.175	4228	122	6717
NC_037882.1	k141_2706	84214	85.342	4564	513	5176
NC_037882.1	k141_2706	84214	81.738	5191	627	5093
NC_037882.1	k141_2706	84214	90.272	3608	226	4974
NC_037882.1	k141_2706	84214	92.753	3160	164	4690
NC_037882.1	k141_2706	84214	80.807	4585	628	4313
NC_037882.1	k141_2706	84214	85.747	3529	319	4110
NC_037882.1	k141_2706	84214	88.272	3027	327	3844
NC_037882.1	k141_2706	84214	77.111	3115	449	2335
NC_037882.1	k141_2706	84214	84.348	1987	248	2185
NC_037882.1	k141_2706	84214	81.948	2094	252	2042
NC_037882.1	k141_2706	84214	79.832	2266	285	1966
NC_037882.1	k141_2706	84214	79.988	1624	253	1471
NC_037882.1	k141_2706	84214	75.894	1622	268	1134
NC_037882.1	k141_2706	84214	87.079	890	71	1091
NC_037882.1	k141_2706	84214	77.730	1154	147	910
NC_037882.1	k141_2706	84214	73.997	1346	184	824
NC_037882.1	k141_2706	84214	85.262	726	92	805
NC_037882.1	k141_2706	84214	78.235	997	125	800
NC_037882.1	k141_2706	84214	79.306	778	45	697
NC_037882.1	k141_2706	84214	79.306	778	45	697
NC_037882.1	k141_2706	84214	76.923	923	126	689
NC_037882.1	k141_2706	84214	84.012	344	28	379
NC_037882.1	k141_2706	84214	91.429	210	10	301
NC_037882.1	k141_2706	84214	91.429	210	10	301
NC_037882.1	k141_2706	84214	77.473	364	52	288
NC_037882.1	k141_2706	84214	83.146	267	36	269
NC_037882.1	k141_2706	84214	86.111	216	25	251
NC_037882.1	k141_2706	84214	83.475	236	31	235
NC_037882.1	k141_2706	84214	77.143	280	42	196
NC_037882.1	k141_2706	84214	72.524	313	46	196
NC_037882.1	k141_2706	84214	91.129	124	9	172
NC_037882.1	k141_2706	84214	69.900	402	39	168
NC_037882.1	k141_2706	84214	87.681	138	12	164
NC_037882.1	k141_2706	84214	83.217	143	14	150
NC_037882.1	k141_2706	84214	76.796	181	32	138
NC_037882.1	k141_2706	84214	98.667	75	1	132
NC_037882.1	k141_2706	84214	90.476	84	8	116
NC_037882.1	k141_2706	84214	65.345	580	179	111
NC_037882.1	k141_2706	84214	73.333	165	44	100
NC_037882.1	k141_2706	84214	90.164	61	6	84.2
NC_037882.1	k141_2706	84214	85.714	70	10	82.4
NC_037882.1	k141_2706	84214	97.619	42	1	72.5
NC_037882.1	k141_2706	84214	88.462	52	6	68.0
NC_037882.1	k141_2706	84214	92.857	42	3	63.5
NC_037882.1	k141_2706	84214	86.667	45	6	55.4
NC_037882.1	k141_2706	84214	86.667	45	6	55.4
NC_037882.1	k141_2706	84214	81.356	59	5	54.5
NC_037882.1	k141_2706	84214	87.179	39	5	49.1
NC_037882.1	k141_2706	84214	86.842	38	5	47.3
NC_037882.1	k141_2706	84214	84.211	38	6	42.8
NC_037882.1	k141_38150	12622	83.781	9797	1237	10506
NC_037882.1	k141_38150	12622	83.487	1841	220	1931
NC_037882.1	k141_38150	12622	87.342	395	30	479
NC_037882.1	k141_38150	12622	76.230	122	18	91.5
NC_037882.1	k141_1494	17723	78.430	5540	904	4519
NC_037882.1	k141_1494	17723	80.767	3416	541	3123
NC_037882.1	k141_1494	17723	81.015	2265	389	2121
NC_037882.1	k141_1494	17723	69.360	2921	720	1179
NC_037882.1	k141_1494	17723	77.787	1265	250	985
NC_037882.1	k141_1494	17723	82.800	250	41	251
NC_037882.1	k141_1494	17723	95.238	42	2	68.0
NC_037882.1	k141_1494	17723	95.238	42	2	68.0
NC_037882.1	k141_60654	10498	80.253	4031	593	3644
NC_037882.1	k141_60654	10498	90.414	1231	118	1689
NC_037882.1	k141_60654	10498	75.948	1239	196	857
NC_037882.1	k141_60654	10498	75.572	1093	169	712
NC_037882.1	k141_60654	10498	74.773	662	82	455
NC_037882.1	k141_60654	10498	76.247	421	65	296
NC_037882.1	k141_60654	10498	77.465	71	10	49.1
NC_037882.1	k141_17166	16828	70.996	1155	267	526
NC_037882.1	k141_17166	16828	70.996	1155	267	526
NC_037882.1	k141_17166	16828	70.133	904	205	373
NC_037882.1	k141_17166	16828	70.133	904	205	373
NC_037882.1	k141_17166	16828	78.409	264	55	213
NC_037882.1	k141_17166	16828	78.409	264	55	213
NC_037882.1	k141_18312	717	73.861	746	150	444
NC_037882.1	k141_18312	717	73.861	746	150	444
NC_037882.1	k141_92949	567	90.823	316	29	440
NC_037882.1	k141_40230	1823	81.295	417	43	415
NC_037882.1	k141_40230	1823	81.295	417	43	415
NC_037882.1	k141_74576	498	79.541	479	86	402
NC_037882.1	k141_74576	498	79.541	479	86	402
NC_037882.1	k141_98080	977	91.440	257	22	365
NC_037882.1	k141_74864	2232	77.670	412	57	315
NC_037882.1	k141_30487	489	77.285	383	57	290
NC_037882.1	k141_30487	489	77.285	383	57	290
NC_037882.1	k141_42660	332	81.695	295	51	288
NC_037882.1	k141_42660	332	81.695	295	51	288
NC_037882.1	k141_24624	450	74.265	408	91	244
NC_037882.1	k141_24624	450	74.265	408	91	244
NC_037882.1	k141_56381	4046	68.203	651	195	225
NC_037882.1	k141_56381	4046	72.414	87	24	50.0
NC_037882.1	k141_78799	468	95.082	122	6	194
NC_037882.1	k141_78799	468	95.082	122	6	194
NC_037882.1	k141_15191	2404	89.583	144	15	193
NC_037882.1	k141_56917	301	93.421	76	5	115
NC_037882.1	k141_56917	301	93.421	76	5	115
NC_037882.1	k141_24510	351	84.466	103	16	114
NC_037882.1	k141_24510	351	84.466	103	16	114
NC_037882.1	k141_96849	601	80.833	120	14	113
NC_037882.1	k141_96849	601	80.833	120	14	113
NC_037882.1	k141_51682	271	70.909	220	38	105
NC_037882.1	k141_68664	1995	88.608	79	9	103
NC_037882.1	k141_51690	283	70.455	220	39	101
NC_037882.1	k141_57904	2296	86.420	81	9	95.1
NC_037882.1	k141_13155	437	83.529	85	14	91.5
NC_037882.1	k141_42809	747	81.818	88	16	87.8
NC_037882.1	k141_56997	603	93.103	58	3	84.2
NC_037882.1	k141_56997	603	93.103	58	3	84.2
NC_037882.1	k141_9817	2347	80.000	80	16	73.4
NC_037882.1	k141_65428	458	100.000	36	0	66.2
NC_037882.1	k141_65428	458	100.000	36	0	66.2
NC_037882.1	k141_97203	1821	91.176	34	3	49.1
NC_037882.1	k141_65438	6751	77.193	57	13	45.5
NC_037882.1	k141_65438	6751	77.193	57	13	45.5
NC_056190.1	k141_2706	84214	93.330	9880	379	14856
NC_056190.1	k141_2706	84214	93.330	9880	379	14856
NC_056190.1	k141_2706	84214	90.789	5700	359	7982
NC_056190.1	k141_2706	84214	90.789	5700	359	7982
NC_056190.1	k141_2706	84214	87.360	6250	640	7679
NC_056190.1	k141_2706	84214	93.760	4215	147	6444
NC_056190.1	k141_2706	84214	93.760	4215	147	6444
NC_056190.1	k141_2706	84214	81.370	5765	754	5470
NC_056190.1	k141_2706	84214	79.150	5506	725	4771
NC_056190.1	k141_2706	84214	79.572	4533	665	3956
NC_056190.1	k141_2706	84214	88.463	2895	267	3727
NC_056190.1	k141_2706	84214	86.686	3057	374	3672
NC_056190.1	k141_2706	84214	92.915	2357	133	3507
NC_056190.1	k141_2706	84214	92.915	2357	133	3507
NC_056190.1	k141_2706	84214	75.014	3494	563	2321
NC_056190.1	k141_2706	84214	81.227	2136	312	2030
NC_056190.1	k141_2706	84214	77.443	2221	301	1743
NC_056190.1	k141_2706	84214	78.224	1520	274	1265
NC_056190.1	k141_2706	84214	73.447	2045	386	1175
NC_056190.1	k141_2706	84214	84.889	1039	96	1168
NC_056190.1	k141_2706	84214	89.501	781	64	1042
NC_056190.1	k141_2706	84214	79.829	1051	145	938
NC_056190.1	k141_2706	84214	89.873	632	64	852
NC_056190.1	k141_2706	84214	81.841	793	47	797
NC_056190.1	k141_2706	84214	81.841	793	47	797
NC_056190.1	k141_2706	84214	93.006	529	19	791
NC_056190.1	k141_2706	84214	83.358	673	105	702
NC_056190.1	k141_2706	84214	75.477	995	157	634
NC_056190.1	k141_2706	84214	81.126	657	53	632
NC_056190.1	k141_2706	84214	81.126	657	53	632
NC_056190.1	k141_2706	84214	86.392	316	23	386
NC_056190.1	k141_2706	84214	85.209	311	43	348
NC_056190.1	k141_2706	84214	88.987	227	16	288
NC_056190.1	k141_2706	84214	84.825	257	29	279
NC_056190.1	k141_2706	84214	83.032	277	39	278
NC_056190.1	k141_2706	84214	89.888	178	18	241
NC_056190.1	k141_2706	84214	73.629	383	69	215
NC_056190.1	k141_2706	84214	80.952	231	41	213
NC_056190.1	k141_2706	84214	66.616	653	179	190
NC_056190.1	k141_2706	84214	66.616	653	179	190
NC_056190.1	k141_2706	84214	85.714	147	15	168
NC_056190.1	k141_2706	84214	94.286	105	6	163
NC_056190.1	k141_2706	84214	84.354	147	13	153
NC_056190.1	k141_2706	84214	76.884	199	32	142
NC_056190.1	k141_2706	84214	100.000	75	0	136
NC_056190.1	k141_2706	84214	96.386	83	1	134
NC_056190.1	k141_2706	84214	65.878	592	172	126
NC_056190.1	k141_2706	84214	75.758	165	40	118
NC_056190.1	k141_2706	84214	74.093	193	37	117
NC_056190.1	k141_2706	84214	71.963	214	32	114
NC_056190.1	k141_2706	84214	79.798	99	15	89.7
NC_056190.1	k141_2706	84214	97.619	42	1	72.5
NC_056190.1	k141_2706	84214	97.619	42	1	72.5
NC_056190.1	k141_2706	84214	93.478	46	3	70.7
NC_056190.1	k141_2706	84214	97.561	41	1	70.7
NC_056190.1	k141_2706	84214	95.238	42	1	64.4
NC_056190.1	k141_2706	84214	95.238	42	1	64.4
NC_056190.1	k141_2706	84214	90.476	42	4	59.0
NC_056190.1	k141_2706	84214	86.667	45	6	55.4
NC_056190.1	k141_2706	84214	86.667	45	6	55.4
NC_056190.1	k141_2706	84214	86.842	38	5	47.3
NC_056190.1	k141_2706	84214	84.615	39	6	44.6
NC_056190.1	k141_2706	84214	74.194	62	16	41.0
NC_056190.1	k141_38150	12622	81.909	8286	1218	8137
NC_056190.1	k141_38150	12622	81.375	1847	234	1758
NC_056190.1	k141_38150	12622	86.070	1486	171	1744
NC_056190.1	k141_38150	12622	77.489	653	93	497
NC_056190.1	k141_60654	10498	78.287	3970	664	3186
NC_056190.1	k141_60654	10498	81.419	2438	313	2342
NC_056190.1	k141_60654	10498	72.417	1229	215	638
NC_056190.1	k141_60654	10498	76.006	621	93	445
NC_056190.1	k141_60654	10498	76.796	362	48	253
NC_056190.1	k141_60654	10498	76.812	69	14	46.4
NC_056190.1	k141_1494	17723	80.404	2720	440	2447
NC_056190.1	k141_1494	17723	68.548	3898	921	1449
NC_056190.1	k141_1494	17723	76.039	1227	211	886
NC_056190.1	k141_1494	17723	79.067	1008	161	872
NC_056190.1	k141_1494	17723	76.309	1165	213	833
NC_056190.1	k141_1494	17723	81.818	715	104	691
NC_056190.1	k141_1494	17723	72.210	457	73	247
NC_056190.1	k141_1494	17723	79.104	268	45	224
NC_056190.1	k141_1494	17723	77.273	132	26	94.2
NC_056190.1	k141_1494	17723	95.238	42	2	68.0
NC_056190.1	k141_1494	17723	95.238	42	2	68.0
NC_056190.1	k141_17166	16828	71.082	1155	266	531
NC_056190.1	k141_17166	16828	71.082	1155	266	531
NC_056190.1	k141_17166	16828	70.354	904	203	382
NC_056190.1	k141_17166	16828	70.354	904	203	382
NC_056190.1	k141_17166	16828	78.030	264	56	208
NC_056190.1	k141_17166	16828	78.030	264	56	208
NC_056190.1	k141_18312	717	73.164	749	155	428
NC_056190.1	k141_18312	717	73.164	749	155	428
NC_056190.1	k141_40230	1823	81.490	416	44	425
NC_056190.1	k141_40230	1823	81.490	416	44	425
NC_056190.1	k141_92949	567	88.650	326	37	422
NC_056190.1	k141_74576	498	79.498	478	86	400
NC_056190.1	k141_74576	498	79.498	478	86	400
NC_056190.1	k141_98080	977	89.147	258	28	340
NC_056190.1	k141_74864	2232	75.604	455	70	304
NC_056190.1	k141_30487	489	77.285	383	57	290
NC_056190.1	k141_30487	489	77.285	383	57	290
NC_056190.1	k141_42660	332	81.356	295	52	283
NC_056190.1	k141_42660	332	81.356	295	52	283
NC_056190.1	k141_56381	4046	68.010	794	203	270
NC_056190.1	k141_24624	450	74.265	408	91	244
NC_056190.1	k141_24624	450	74.265	408	91	244
NC_056190.1	k141_78799	468	95.082	122	6	194
NC_056190.1	k141_78799	468	95.082	122	6	194
NC_056190.1	k141_15191	2404	87.770	139	17	175
NC_056190.1	k141_24510	351	85.437	103	15	119
NC_056190.1	k141_24510	351	85.437	103	15	119
NC_056190.1	k141_96849	601	80.833	120	14	113
NC_056190.1	k141_96849	601	80.833	120	14	113
NC_056190.1	k141_68664	1995	89.873	79	8	107
NC_056190.1	k141_12434	721	81.132	106	20	102
NC_056190.1	k141_51690	283	70.000	220	27	99.6
NC_056190.1	k141_56917	301	88.000	75	3	96.9
NC_056190.1	k141_56917	301	88.000	75	3	96.9
NC_056190.1	k141_51682	271	69.545	220	28	95.1
NC_056190.1	k141_56997	603	94.828	58	2	88.7
NC_056190.1	k141_56997	603	94.828	58	2	88.7
NC_056190.1	k141_42809	747	84.615	78	12	87.8
NC_056190.1	k141_57904	2296	85.714	77	10	86.9
NC_056190.1	k141_65428	458	100.000	36	0	66.2
NC_056190.1	k141_65428	458	100.000	36	0	66.2
NC_056190.1	k141_95708	452	80.769	52	10	50.0
NC_056190.1	k141_76536	309	72.500	80	22	46.4
NC_056190.1	k141_65438	6751	77.193	57	13	45.5
NC_056190.1	k141_65438	6751	77.193	57	13	45.5
MN564931.1	k141_2706	84214	94.094	9058	315	13883
MN564931.1	k141_2706	84214	94.094	9058	315	13883
MN564931.1	k141_2706	84214	89.213	6248	524	8212
MN564931.1	k141_2706	84214	94.952	4239	130	6680
MN564931.1	k141_2706	84214	94.952	4239	130	6680
MN564931.1	k141_2706	84214	83.863	5069	475	5592
MN564931.1	k141_2706	84214	83.863	5069	475	5592
MN564931.1	k141_2706	84214	81.949	5562	654	5433
MN564931.1	k141_2706	84214	84.207	4578	500	5013
MN564931.1	k141_2706	84214	81.764	4568	609	4455
MN564931.1	k141_2706	84214	89.597	2903	298	3869
MN564931.1	k141_2706	84214	89.105	2937	224	3869
MN564931.1	k141_2706	84214	79.758	2895	357	2588
MN564931.1	k141_2706	84214	87.214	1838	193	2244
MN564931.1	k141_2706	84214	83.350	1946	233	2086
MN564931.1	k141_2706	84214	78.286	2450	323	2015
MN564931.1	k141_2706	84214	75.422	2901	405	1980
MN564931.1	k141_2706	84214	84.881	1680	131	1911
MN564931.1	k141_2706	84214	84.881	1680	131	1911
MN564931.1	k141_2706	84214	91.398	1023	43	1458
MN564931.1	k141_2706	84214	91.398	1023	43	1458
MN564931.1	k141_2706	84214	88.357	1108	94	1408
MN564931.1	k141_2706	84214	78.264	1647	254	1347
MN564931.1	k141_2706	84214	85.557	817	48	929
MN564931.1	k141_2706	84214	85.557	817	48	929
MN564931.1	k141_2706	84214	88.559	708	40	918
MN564931.1	k141_2706	84214	88.559	708	40	918
MN564931.1	k141_2706	84214	93.035	603	25	901
MN564931.1	k141_2706	84214	83.755	751	85	816
MN564931.1	k141_2706	84214	77.823	992	123	791
MN564931.1	k141_2706	84214	85.591	694	86	783
MN564931.1	k141_2706	84214	75.943	981	161	661
MN564931.1	k141_2706	84214	87.500	488	40	611
MN564931.1	k141_2706	84214	87.500	488	40	611
MN564931.1	k141_2706	84214	77.479	595	97	476
MN564931.1	k141_2706	84214	77.479	595	97	476
MN564931.1	k141_2706	84214	75.264	663	109	430
MN564931.1	k141_2706	84214	78.400	500	66	417
MN564931.1	k141_2706	84214	84.416	385	51	415
MN564931.1	k141_2706	84214	85.352	355	34	414
MN564931.1	k141_2706	84214	85.352	355	34	414
MN564931.1	k141_2706	84214	85.893	319	41	372
MN564931.1	k141_2706	84214	79.250	400	54	343
MN564931.1	k141_2706	84214	88.479	217	25	279
MN564931.1	k141_2706	84214	83.895	267	35	278
MN564931.1	k141_2706	84214	83.333	270	35	262
MN564931.1	k141_2706	84214	89.634	164	17	220
MN564931.1	k141_2706	84214	89.634	164	17	220
MN564931.1	k141_2706	84214	76.736	288	41	219
MN564931.1	k141_2706	84214	85.263	190	22	209
MN564931.1	k141_2706	84214	78.764	259	40	197
MN564931.1	k141_2706	84214	82.540	189	30	191
MN564931.1	k141_2706	84214	84.615	143	11	160
MN564931.1	k141_2706	84214	94.792	96	4	148
MN564931.1	k141_2706	84214	98.750	80	1	141
MN564931.1	k141_2706	84214	65.549	656	144	140
MN564931.1	k141_2706	84214	87.963	108	11	130
MN564931.1	k141_2706	84214	66.477	528	163	127
MN564931.1	k141_2706	84214	73.939	165	43	104
MN564931.1	k141_2706	84214	88.710	62	7	81.5
MN564931.1	k141_2706	84214	100.000	42	0	77.0
MN564931.1	k141_2706	84214	94.872	39	2	62.6
MN564931.1	k141_2706	84214	88.889	45	5	59.9
MN564931.1	k141_2706	84214	88.889	45	5	59.9
MN564931.1	k141_2706	84214	72.549	102	28	59.0
MN564931.1	k141_2706	84214	82.979	47	8	50.0
MN564931.1	k141_2706	84214	87.179	39	5	49.1
MN564931.1	k141_2706	84214	84.211	38	6	42.8
MN564931.1	k141_38150	12622	84.820	10112	1190	11230
MN564931.1	k141_38150	12622	79.872	2658	290	2387
MN564931.1	k141_1494	17723	80.280	4853	681	4430
MN564931.1	k141_1494	17723	75.949	4345	765	3089
MN564931.1	k141_1494	17723	79.606	2437	434	2135
MN564931.1	k141_1494	17723	85.182	1370	171	1549
MN564931.1	k141_1494	17723	67.194	1518	353	475
MN564931.1	k141_1494	17723	71.912	502	93	291
MN564931.1	k141_1494	17723	71.912	502	93	291
MN564931.1	k141_1494	17723	82.456	285	45	285
MN564931.1	k141_1494	17723	74.930	359	78	240
MN564931.1	k141_1494	17723	74.930	359	78	240
MN564931.1	k141_1494	17723	67.342	444	127	141
MN564931.1	k141_1494	17723	67.342	444	127	141
MN564931.1	k141_1494	17723	72.864	199	44	103
MN564931.1	k141_1494	17723	72.864	199	44	103
MN564931.1	k141_1494	17723	97.619	42	1	72.5
MN564931.1	k141_1494	17723	97.619	42	1	72.5
MN564931.1	k141_60654	10498	80.794	4155	635	3854
MN564931.1	k141_60654	10498	87.318	1443	152	1765
MN564931.1	k141_60654	10498	73.878	1248	204	752
MN564931.1	k141_60654	10498	78.456	868	129	694
MN564931.1	k141_60654	10498	72.327	636	75	396
MN564931.1	k141_60654	10498	77.635	389	53	287
MN564931.1	k141_60654	10498	89.583	48	5	65.3
MN564931.1	k141_17166	16828	70.982	1151	274	512
MN564931.1	k141_17166	16828	70.982	1151	274	512
MN564931.1	k141_17166	16828	70.011	927	205	377
MN564931.1	k141_17166	16828	70.011	927	205	377
MN564931.1	k141_17166	16828	78.409	264	55	213
MN564931.1	k141_17166	16828	78.409	264	55	213
MN564931.1	k141_18312	717	74.024	743	156	445
MN564931.1	k141_18312	717	74.024	743	156	445
MN564931.1	k141_92949	567	89.877	326	33	440
MN564931.1	k141_74576	498	79.665	477	87	406
MN564931.1	k141_74576	498	79.665	477	87	406
MN564931.1	k141_98080	977	89.844	256	26	345
MN564931.1	k141_30487	489	77.023	383	58	286
MN564931.1	k141_30487	489	77.023	383	58	286
MN564931.1	k141_42660	332	81.356	295	52	283
MN564931.1	k141_42660	332	81.356	295	52	283
MN564931.1	k141_56381	4046	67.839	768	214	261
MN564931.1	k141_24624	450	74.265	408	91	244
MN564931.1	k141_24624	450	74.265	408	91	244
MN564931.1	k141_40230	1823	75.779	289	59	207
MN564931.1	k141_40230	1823	75.779	289	59	207
MN564931.1	k141_40230	1823	88.710	62	7	81.5
MN564931.1	k141_40230	1823	88.710	62	7	81.5
MN564931.1	k141_74864	2232	80.583	206	15	201
MN564931.1	k141_74864	2232	72.101	276	45	149
MN564931.1	k141_78799	468	95.902	122	5	198
MN564931.1	k141_78799	468	95.902	122	5	198
MN564931.1	k141_15191	2404	91.367	139	12	197
MN564931.1	k141_8295	462	88.571	140	16	181
MN564931.1	k141_8295	462	88.571	140	16	181
MN564931.1	k141_51690	283	74.257	202	29	124
MN564931.1	k141_24510	351	86.408	103	14	123
MN564931.1	k141_24510	351	86.408	103	14	123
MN564931.1	k141_96849	601	80.833	120	14	113
MN564931.1	k141_96849	601	80.833	120	14	113
MN564931.1	k141_76069	691	92.308	65	5	96.0
MN564931.1	k141_76069	691	92.308	65	5	96.0
MN564931.1	k141_13155	437	83.529	85	14	91.5
MN564931.1	k141_68664	1995	83.544	79	13	85.1
MN564931.1	k141_42809	747	82.278	79	14	80.6
MN564931.1	k141_9817	2347	71.429	133	38	69.8
MN564931.1	k141_56917	301	84.746	59	9	67.1
MN564931.1	k141_56917	301	84.746	59	9	67.1
MN564931.1	k141_65428	458	100.000	36	0	66.2
MN564931.1	k141_65428	458	100.000	36	0	66.2
MN564931.1	k141_97203	1821	94.118	34	2	53.6
MN564931.1	k141_65438	6751	77.193	57	13	45.5
MN564931.1	k141_65438	6751	77.193	57	13	45.5
MN564931.1	k141_95708	452	77.778	54	12	44.6
NC_031651.1	k141_2706	84214	94.415	8361	275	12962
NC_031651.1	k141_2706	84214	94.415	8361	275	12962
NC_031651.1	k141_2706	84214	89.879	5523	401	7502
NC_031651.1	k141_2706	84214	89.879	5523	401	7502
NC_031651.1	k141_2706	84214	89.059	5676	554	7394
NC_031651.1	k141_2706	84214	93.224	4265	173	6426
NC_031651.1	k141_2706	84214	93.224	4265	173	6426
NC_031651.1	k141_2706	84214	81.395	5391	711	5158
NC_031651.1	k141_2706	84214	79.174	5618	792	4783
NC_031651.1	k141_2706	84214	83.841	3577	405	3862
NC_031651.1	k141_2706	84214	87.387	2989	335	3680
NC_031651.1	k141_2706	84214	91.393	2347	170	3329
NC_031651.1	k141_2706	84214	91.393	2347	170	3329
NC_031651.1	k141_2706	84214	84.243	1777	224	1944
NC_031651.1	k141_2706	84214	79.941	2039	324	1838
NC_031651.1	k141_2706	84214	80.327	1957	311	1798
NC_031651.1	k141_2706	84214	77.893	2221	310	1757
NC_031651.1	k141_2706	84214	79.547	1545	232	1375
NC_031651.1	k141_2706	84214	75.927	1645	292	1208
NC_031651.1	k141_2706	84214	79.969	1273	150	1201
NC_031651.1	k141_2706	84214	85.085	999	82	1150
NC_031651.1	k141_2706	84214	76.151	1455	237	1011
NC_031651.1	k141_2706	84214	81.348	1024	137	990
NC_031651.1	k141_2706	84214	77.193	1311	189	976
NC_031651.1	k141_2706	84214	73.688	1600	277	920
NC_031651.1	k141_2706	84214	81.943	803	56	808
NC_031651.1	k141_2706	84214	81.943	803	56	808
NC_031651.1	k141_2706	84214	87.578	644	80	801
NC_031651.1	k141_2706	84214	81.366	805	63	787
NC_031651.1	k141_2706	84214	81.366	805	63	787
NC_031651.1	k141_2706	84214	87.007	608	64	741
NC_031651.1	k141_2706	84214	83.735	664	99	706
NC_031651.1	k141_2706	84214	95.862	435	18	704
NC_031651.1	k141_2706	84214	83.245	567	80	590
NC_031651.1	k141_2706	84214	83.245	567	80	590
NC_031651.1	k141_2706	84214	71.234	1029	176	526
NC_031651.1	k141_2706	84214	81.474	529	87	514
NC_031651.1	k141_2706	84214	89.241	316	34	417
NC_031651.1	k141_2706	84214	81.671	371	39	358
NC_031651.1	k141_2706	84214	79.167	384	75	328
NC_031651.1	k141_2706	84214	82.456	285	38	287
NC_031651.1	k141_2706	84214	86.695	233	28	275
NC_031651.1	k141_2706	84214	87.234	188	17	229
NC_031651.1	k141_2706	84214	81.081	222	26	208
NC_031651.1	k141_2706	84214	78.077	260	39	206
NC_031651.1	k141_2706	84214	74.172	302	39	188
NC_031651.1	k141_2706	84214	87.755	147	16	182
NC_031651.1	k141_2706	84214	80.214	187	30	168
NC_031651.1	k141_2706	84214	92.857	98	6	142
NC_031651.1	k141_2706	84214	92.632	95	7	141
NC_031651.1	k141_2706	84214	90.741	108	7	140
NC_031651.1	k141_2706	84214	98.701	77	1	135
NC_031651.1	k141_2706	84214	80.392	153	15	132
NC_031651.1	k141_2706	84214	75.152	165	41	113
NC_031651.1	k141_2706	84214	75.625	160	32	111
NC_031651.1	k141_2706	84214	74.545	165	42	109
NC_031651.1	k141_2706	84214	90.625	64	6	89.7
NC_031651.1	k141_2706	84214	91.379	58	5	83.3
NC_031651.1	k141_2706	84214	95.556	45	2	73.4
NC_031651.1	k141_2706	84214	95.238	42	2	68.0
NC_031651.1	k141_2706	84214	95.238	42	2	68.0
NC_031651.1	k141_2706	84214	88.889	45	5	59.9
NC_031651.1	k141_2706	84214	88.889	45	5	59.9
NC_031651.1	k141_38150	12622	82.317	8200	1182	8204
NC_031651.1	k141_38150	12622	84.825	1575	185	1772
NC_031651.1	k141_38150	12622	80.702	1824	263	1675
NC_031651.1	k141_38150	12622	81.423	506	73	468
NC_031651.1	k141_38150	12622	71.304	115	27	60.8
NC_031651.1	k141_60654	10498	78.083	3682	611	2976
NC_031651.1	k141_60654	10498	87.777	1219	149	1527
NC_031651.1	k141_60654	10498	75.067	1115	173	709
NC_031651.1	k141_60654	10498	71.913	1239	215	601
NC_031651.1	k141_60654	10498	73.836	730	106	465
NC_031651.1	k141_60654	10498	76.499	417	69	279
NC_031651.1	k141_60654	10498	83.173	208	26	204
NC_031651.1	k141_1494	17723	80.691	2807	422	2565
NC_031651.1	k141_1494	17723	83.662	2026	297	2130
NC_031651.1	k141_1494	17723	79.100	2244	438	1911
NC_031651.1	k141_1494	17723	83.322	1409	202	1471
NC_031651.1	k141_1494	17723	66.310	3835	975	999
NC_031651.1	k141_1494	17723	76.285	1265	242	914
NC_031651.1	k141_1494	17723	77.451	1122	206	854
NC_031651.1	k141_1494	17723	82.096	229	37	224
NC_031651.1	k141_1494	17723	97.619	42	1	72.5
NC_031651.1	k141_1494	17723	97.619	42	1	72.5
NC_031651.1	k141_1494	17723	97.436	39	1	67.1
NC_031651.1	k141_17166	16828	70.957	1150	276	526
NC_031651.1	k141_17166	16828	70.957	1150	276	526
NC_031651.1	k141_17166	16828	70.575	904	201	391
NC_031651.1	k141_17166	16828	70.575	904	201	391
NC_031651.1	k141_17166	16828	78.409	264	55	213
NC_031651.1	k141_17166	16828	78.409	264	55	213
NC_031651.1	k141_18312	717	73.720	742	158	439
NC_031651.1	k141_18312	717	73.720	742	158	439
NC_031651.1	k141_92949	567	88.580	324	37	418
NC_031651.1	k141_74576	498	79.707	478	85	405
NC_031651.1	k141_74576	498	79.707	478	85	405
NC_031651.1	k141_40230	1823	79.087	416	54	379
NC_031651.1	k141_40230	1823	79.087	416	54	379
NC_031651.1	k141_98080	977	87.938	257	31	324
NC_031651.1	k141_30487	489	77.546	383	56	295
NC_031651.1	k141_30487	489	77.546	383	56	295
NC_031651.1	k141_42660	332	82.034	295	50	292
NC_031651.1	k141_42660	332	82.034	295	50	292
NC_031651.1	k141_74864	2232	73.568	454	80	256
NC_031651.1	k141_24624	450	75.325	385	81	248
NC_031651.1	k141_24624	450	75.325	385	81	248
NC_031651.1	k141_56381	4046	68.259	649	198	223
NC_031651.1	k141_56381	4046	73.034	89	24	53.6
NC_031651.1	k141_78799	468	95.082	122	6	194
NC_031651.1	k141_78799	468	95.082	122	6	194
NC_031651.1	k141_15191	2404	89.552	134	14	179
NC_031651.1	k141_51682	271	76.329	207	25	143
NC_031651.1	k141_51690	283	75.845	207	26	139
NC_031651.1	k141_24510	351	86.408	103	14	123
NC_031651.1	k141_24510	351	86.408	103	14	123
NC_031651.1	k141_96849	601	80.833	120	14	113
NC_031651.1	k141_96849	601	80.833	120	14	113
NC_031651.1	k141_56917	301	92.000	75	6	109
NC_031651.1	k141_56917	301	92.000	75	6	109
NC_031651.1	k141_57904	2296	86.813	91	10	104
NC_031651.1	k141_68664	1995	88.608	79	9	103
NC_031651.1	k141_56997	603	94.828	58	2	88.7
NC_031651.1	k141_56997	603	94.828	58	2	88.7
NC_031651.1	k141_13155	437	82.353	85	15	86.9
NC_031651.1	k141_9817	2347	75.397	126	29	81.5
NC_031651.1	k141_3089	254	78.022	91	20	75.2
NC_031651.1	k141_65428	458	100.000	36	0	66.2
NC_031651.1	k141_65428	458	100.000	36	0	66.2
NC_031651.1	k141_97203	1821	94.118	34	2	53.6
NC_031651.1	k141_86056	426	89.474	38	4	51.8
NC_031651.1	k141_39440	4821	83.721	43	7	47.3
NC_031651.1	k141_65438	6751	77.193	57	13	45.5
NC_031651.1	k141_65438	6751	77.193	57	13	45.5
NC_031651.1	k141_88666	503	83.333	42	7	45.5
NC_031651.1	k141_77607	1054	80.952	42	8	41.0
NC_031651.1	k141_90940	734	80.952	42	8	41.0
MW366789.1	k141_2706	84214	89.660	5329	353	7057
MW366789.1	k141_2706	84214	89.660	5329	353	7057
MW366789.1	k141_2706	84214	87.380	5214	595	6426
MW366789.1	k141_2706	84214	87.380	5214	595	6426
MW366789.1	k141_2706	84214	88.106	4288	354	5453
MW366789.1	k141_2706	84214	88.106	4288	354	5453
MW366789.1	k141_2706	84214	78.019	4654	751	3666
MW366789.1	k141_2706	84214	90.274	2478	241	3383
MW366789.1	k141_2706	84214	80.481	2910	526	2667
MW366789.1	k141_2706	84214	91.541	1797	105	2549
MW366789.1	k141_2706	84214	91.541	1797	105	2549
MW366789.1	k141_2706	84214	85.308	1933	279	2202
MW366789.1	k141_2706	84214	85.568	1663	222	1898
MW366789.1	k141_2706	84214	79.310	1769	312	1513
MW366789.1	k141_2706	84214	74.678	1631	304	1088
MW366789.1	k141_2706	84214	81.731	1040	174	1012
MW366789.1	k141_2706	84214	81.936	1002	112	1004
MW366789.1	k141_2706	84214	73.429	1750	311	969
MW366789.1	k141_2706	84214	87.879	627	57	788
MW366789.1	k141_2706	84214	87.879	627	57	788
MW366789.1	k141_2706	84214	87.024	578	74	701
MW366789.1	k141_2706	84214	81.978	627	71	619
MW366789.1	k141_2706	84214	81.978	627	71	619
MW366789.1	k141_2706	84214	89.391	443	44	586
MW366789.1	k141_2706	84214	90.164	427	42	581
MW366789.1	k141_2706	84214	73.868	972	155	581
MW366789.1	k141_2706	84214	78.475	669	128	545
MW366789.1	k141_2706	84214	73.117	956	167	521
MW366789.1	k141_2706	84214	86.292	445	34	521
MW366789.1	k141_2706	84214	86.292	445	34	521
MW366789.1	k141_2706	84214	86.292	445	34	521
MW366789.1	k141_2706	84214	74.963	683	169	454
MW366789.1	k141_2706	84214	72.779	698	139	395
MW366789.1	k141_2706	84214	76.824	466	108	354
MW366789.1	k141_2706	84214	76.458	480	105	351
MW366789.1	k141_2706	84214	71.079	695	124	314
MW366789.1	k141_2706	84214	75.297	421	70	286
MW366789.1	k141_2706	84214	75.297	421	70	286
MW366789.1	k141_2706	84214	84.064	251	38	266
MW366789.1	k141_2706	84214	70.870	563	135	262
MW366789.1	k141_2706	84214	84.549	233	34	256
MW366789.1	k141_2706	84214	85.377	212	24	245
MW366789.1	k141_2706	84214	85.377	212	24	245
MW366789.1	k141_2706	84214	75.281	356	86	239
MW366789.1	k141_2706	84214	78.000	300	58	229
MW366789.1	k141_2706	84214	96.350	137	5	225
MW366789.1	k141_2706	84214	96.350	137	5	225
MW366789.1	k141_2706	84214	86.047	172	15	206
MW366789.1	k141_2706	84214	86.047	172	15	206
MW366789.1	k141_2706	84214	86.364	176	23	206
MW366789.1	k141_2706	84214	86.364	176	23	206
MW366789.1	k141_2706	84214	85.000	180	21	205
MW366789.1	k141_2706	84214	75.578	303	59	200
MW366789.1	k141_2706	84214	74.018	331	74	194
MW366789.1	k141_2706	84214	66.330	793	192	191
MW366789.1	k141_2706	84214	89.928	139	13	185
MW366789.1	k141_2706	84214	90.299	134	13	184
MW366789.1	k141_2706	84214	90.299	134	13	184
MW366789.1	k141_2706	84214	85.443	158	23	182
MW366789.1	k141_2706	84214	89.922	129	11	172
MW366789.1	k141_2706	84214	75.000	260	51	171
MW366789.1	k141_2706	84214	75.385	260	50	171
MW366789.1	k141_2706	84214	95.050	101	5	160
MW366789.1	k141_2706	84214	66.172	606	186	159
MW366789.1	k141_2706	84214	66.172	606	186	159
MW366789.1	k141_2706	84214	86.441	118	11	143
MW366789.1	k141_2706	84214	82.759	145	19	141
MW366789.1	k141_2706	84214	90.291	103	10	141
MW366789.1	k141_2706	84214	86.441	118	11	141
MW366789.1	k141_2706	84214	84.252	127	20	140
MW366789.1	k141_2706	84214	82.090	134	15	138
MW366789.1	k141_2706	84214	82.090	134	15	138
MW366789.1	k141_2706	84214	84.426	122	19	135
MW366789.1	k141_2706	84214	91.579	95	5	134
MW366789.1	k141_2706	84214	68.317	404	63	134
MW366789.1	k141_2706	84214	66.667	444	132	131
MW366789.1	k141_2706	84214	66.667	444	132	131
MW366789.1	k141_2706	84214	91.304	92	8	131
MW366789.1	k141_2706	84214	91.304	92	8	131
MW366789.1	k141_2706	84214	97.368	76	2	129
MW366789.1	k141_2706	84214	96.104	77	3	126
MW366789.1	k141_2706	84214	92.208	77	6	113
MW366789.1	k141_2706	84214	78.571	126	27	106
MW366789.1	k141_2706	84214	78.571	126	27	106
MW366789.1	k141_2706	84214	91.139	79	5	104
MW366789.1	k141_2706	84214	88.750	80	7	97.8
MW366789.1	k141_2706	84214	88.333	60	7	77.9
MW366789.1	k141_2706	84214	80.435	92	14	76.1
MW366789.1	k141_2706	84214	95.238	42	2	68.0
MW366789.1	k141_2706	84214	95.238	42	2	68.0
MW366789.1	k141_2706	84214	89.796	49	5	67.1
MW366789.1	k141_2706	84214	89.796	49	5	67.1
MW366789.1	k141_2706	84214	89.796	49	5	67.1
MW366789.1	k141_2706	84214	94.737	38	2	60.8
MW366789.1	k141_2706	84214	84.000	50	8	55.4
MW366789.1	k141_2706	84214	89.744	39	4	53.6
MW366789.1	k141_38150	12622	77.987	5533	1030	4441
MW366789.1	k141_38150	12622	76.541	1833	358	1361
MW366789.1	k141_38150	12622	74.699	1245	234	827
MW366789.1	k141_38150	12622	76.836	1062	227	779
MW366789.1	k141_38150	12622	70.710	1113	252	528
MW366789.1	k141_38150	12622	90.032	311	27	421
MW366789.1	k141_38150	12622	74.221	578	96	347
MW366789.1	k141_1494	17723	79.199	4370	735	3719
MW366789.1	k141_1494	17723	79.199	4370	735	3719
MW366789.1	k141_1494	17723	78.457	1996	398	1618
MW366789.1	k141_1494	17723	75.122	2255	514	1531
MW366789.1	k141_1494	17723	71.732	1224	241	648
MW366789.1	k141_1494	17723	79.089	593	123	508
MW366789.1	k141_1494	17723	79.089	593	123	508
MW366789.1	k141_1494	17723	77.329	322	73	252
MW366789.1	k141_1494	17723	95.238	42	2	68.0
MW366789.1	k141_1494	17723	95.238	42	2	68.0
MW366789.1	k141_60654	10498	75.829	3289	671	2320
MW366789.1	k141_60654	10498	77.141	2441	375	1845
MW366789.1	k141_60654	10498	69.505	646	116	269
MW366789.1	k141_60654	10498	68.975	722	139	261
MW366789.1	k141_60654	10498	72.684	421	68	216
MW366789.1	k141_60654	10498	72.439	410	76	214
MW366789.1	k141_60654	10498	69.755	367	61	144
MW366789.1	k141_60654	10498	87.324	71	9	88.7
MW366789.1	k141_60654	10498	76.744	129	22	83.3
MW366789.1	k141_60654	10498	81.132	53	10	51.8
MW366789.1	k141_60654	10498	81.132	53	10	51.8
MW366789.1	k141_17166	16828	70.895	1151	279	517
MW366789.1	k141_17166	16828	70.895	1151	279	517
MW366789.1	k141_17166	16828	69.453	933	214	359
MW366789.1	k141_17166	16828	69.453	933	214	359
MW366789.1	k141_18312	717	74.084	737	153	435
MW366789.1	k141_18312	717	74.084	737	153	435
MW366789.1	k141_74576	498	78.958	480	87	388
MW366789.1	k141_74576	498	78.958	480	87	388
MW366789.1	k141_74576	498	83.495	103	12	105
MW366789.1	k141_74576	498	83.495	103	12	105
MW366789.1	k141_92949	567	83.591	323	53	344
MW366789.1	k141_30487	489	78.068	383	54	304
MW366789.1	k141_30487	489	78.068	383	54	304
MW366789.1	k141_30487	489	81.197	117	7	113
MW366789.1	k141_30487	489	81.197	117	7	113
MW366789.1	k141_42660	332	83.895	267	38	279
MW366789.1	k141_42660	332	83.895	267	38	279
MW366789.1	k141_56381	4046	66.927	768	211	234
MW366789.1	k141_98080	977	79.468	263	48	228
MW366789.1	k141_24624	450	76.948	308	66	227
MW366789.1	k141_24624	450	76.948	308	66	227
MW366789.1	k141_78799	468	95.082	122	6	194
MW366789.1	k141_78799	468	95.082	122	6	194
MW366789.1	k141_15191	2404	90.441	136	13	187
MW366789.1	k141_51682	271	73.661	224	34	134
MW366789.1	k141_51690	283	73.214	224	35	130
MW366789.1	k141_74864	2232	96.203	79	3	130
MW366789.1	k141_74864	2232	74.157	178	30	102
MW366789.1	k141_24510	351	82.569	109	19	112
MW366789.1	k141_24510	351	82.569	109	19	112
MW366789.1	k141_57904	2296	84.444	90	13	96.9
MW366789.1	k141_68664	1995	82.895	76	13	79.7
MW366789.1	k141_9817	2347	72.340	141	37	72.5
MW366789.1	k141_95708	452	83.333	54	9	58.1
MW366789.1	k141_48717	1903	84.783	46	7	52.7
MW366789.1	k141_48717	1903	84.783	46	7	52.7
MW366789.1	k141_65438	6751	77.193	57	13	45.5
MW366789.1	k141_65438	6751	77.193	57	13	45.5
MW366789.1	k141_65438	6751	77.193	57	13	45.5
MW366789.1	k141_65438	6751	77.193	57	13	45.5
MW366789.1	k141_97203	1821	88.235	34	4	44.6
KT899950.1	k141_2706	84214	91.962	10699	554	15360
KT899950.1	k141_2706	84214	93.039	10128	427	15035
KT899950.1	k141_2706	84214	88.405	6727	474	8720
KT899950.1	k141_2706	84214	88.405	6727	474	8720
KT899950.1	k141_2706	84214	87.696	5795	590	7221
KT899950.1	k141_2706	84214	92.763	4256	184	6327
KT899950.1	k141_2706	84214	92.763	4256	184	6327
KT899950.1	k141_2706	84214	76.838	7931	1164	5974
KT899950.1	k141_2706	84214	84.112	4280	552	4593
KT899950.1	k141_2706	84214	86.923	2944	366	3569
KT899950.1	k141_2706	84214	91.892	2479	201	3565
KT899950.1	k141_2706	84214	90.220	2362	169	3252
KT899950.1	k141_2706	84214	90.220	2362	169	3252
KT899950.1	k141_2706	84214	78.119	3839	619	3102
KT899950.1	k141_2706	84214	82.806	1832	266	1870
KT899950.1	k141_2706	84214	80.715	2043	343	1856
KT899950.1	k141_2706	84214	76.421	2235	332	1651
KT899950.1	k141_2706	84214	83.966	1054	91	1160
KT899950.1	k141_2706	84214	72.004	2011	383	1080
KT899950.1	k141_2706	84214	78.908	1190	185	1039
KT899950.1	k141_2706	84214	73.167	1759	292	1031
KT899950.1	k141_2706	84214	85.571	797	77	940
KT899950.1	k141_2706	84214	84.243	806	59	871
KT899950.1	k141_2706	84214	84.243	806	59	871
KT899950.1	k141_2706	84214	87.097	589	59	731
KT899950.1	k141_2706	84214	76.869	1003	129	730
KT899950.1	k141_2706	84214	84.674	659	98	728
KT899950.1	k141_2706	84214	82.293	689	108	683
KT899950.1	k141_2706	84214	93.911	427	26	654
KT899950.1	k141_2706	84214	74.306	973	174	602
KT899950.1	k141_2706	84214	73.398	718	118	406
KT899950.1	k141_2706	84214	83.036	336	52	341
KT899950.1	k141_2706	84214	90.756	238	22	331
KT899950.1	k141_2706	84214	86.076	237	22	271
KT899950.1	k141_2706	84214	81.369	263	33	251
KT899950.1	k141_2706	84214	87.368	190	23	232
KT899950.1	k141_2706	84214	73.913	299	53	175
KT899950.1	k141_2706	84214	88.806	134	15	175
KT899950.1	k141_2706	84214	88.800	125	14	163
KT899950.1	k141_2706	84214	88.462	130	12	161
KT899950.1	k141_2706	84214	96.703	91	2	148
KT899950.1	k141_2706	84214	91.919	99	7	140
KT899950.1	k141_2706	84214	97.468	79	2	134
KT899950.1	k141_2706	84214	67.751	369	103	126
KT899950.1	k141_2706	84214	91.667	84	6	117
KT899950.1	k141_2706	84214	76.433	157	26	113
KT899950.1	k141_2706	84214	75.000	156	39	106
KT899950.1	k141_2706	84214	88.889	63	7	83.3
KT899950.1	k141_2706	84214	97.619	42	1	72.5
KT899950.1	k141_2706	84214	97.619	42	1	72.5
KT899950.1	k141_2706	84214	92.857	42	3	63.5
KT899950.1	k141_2706	84214	88.889	45	5	59.9
KT899950.1	k141_2706	84214	88.889	45	5	59.9
KT899950.1	k141_2706	84214	87.179	39	5	49.1
KT899950.1	k141_2706	84214	85.366	41	6	48.2
KT899950.1	k141_2706	84214	84.211	38	6	42.8
KT899950.1	k141_2706	84214	74.194	62	16	41.0
KT899950.1	k141_38150	12622	81.649	9847	1455	9555
KT899950.1	k141_38150	12622	82.917	1200	167	1234
KT899950.1	k141_38150	12622	81.250	528	73	499
KT899950.1	k141_38150	12622	89.602	327	28	434
KT899950.1	k141_60654	10498	79.827	3237	529	2839
KT899950.1	k141_60654	10498	82.064	1773	262	1711
KT899950.1	k141_60654	10498	72.352	1237	211	632
KT899950.1	k141_60654	10498	75.399	626	95	425
KT899950.1	k141_60654	10498	77.094	585	103	403
KT899950.1	k141_60654	10498	73.160	652	94	375
KT899950.1	k141_60654	10498	74.764	424	71	257
KT899950.1	k141_60654	10498	75.000	68	17	47.3
KT899950.1	k141_1494	17723	80.606	2738	445	2464
KT899950.1	k141_1494	17723	82.876	2003	320	2042
KT899950.1	k141_1494	17723	78.745	2263	455	1901
KT899950.1	k141_1494	17723	83.176	1373	215	1405
KT899950.1	k141_1494	17723	67.271	4024	1006	1267
KT899950.1	k141_1494	17723	76.551	1177	196	888
KT899950.1	k141_1494	17723	74.571	1223	233	820
KT899950.1	k141_1494	17723	97.619	42	1	72.5
KT899950.1	k141_1494	17723	97.619	42	1	72.5
KT899950.1	k141_17166	16828	70.996	1155	267	526
KT899950.1	k141_17166	16828	70.996	1155	267	526
KT899950.1	k141_17166	16828	70.575	904	201	391
KT899950.1	k141_17166	16828	70.575	904	201	391
KT899950.1	k141_17166	16828	78.409	264	55	213
KT899950.1	k141_17166	16828	78.409	264	55	213
KT899950.1	k141_18312	717	73.819	741	159	440
KT899950.1	k141_18312	717	73.819	741	159	440
KT899950.1	k141_92949	567	88.272	324	38	414
KT899950.1	k141_40230	1823	80.000	410	55	390
KT899950.1	k141_40230	1823	80.000	410	55	390
KT899950.1	k141_74576	498	78.870	478	89	387
KT899950.1	k141_74576	498	78.870	478	89	387
KT899950.1	k141_98080	977	88.845	251	28	327
KT899950.1	k141_30487	489	78.068	383	54	304
KT899950.1	k141_30487	489	78.068	383	54	304
KT899950.1	k141_42660	332	81.695	295	51	288
KT899950.1	k141_42660	332	81.695	295	51	288
KT899950.1	k141_24624	450	76.068	351	72	243
KT899950.1	k141_24624	450	76.068	351	72	243
KT899950.1	k141_78799	468	95.902	122	5	198
KT899950.1	k141_78799	468	95.902	122	5	198
KT899950.1	k141_56381	4046	65.888	771	224	196
KT899950.1	k141_74864	2232	69.851	471	83	191
KT899950.1	k141_15191	2404	89.928	139	14	188
KT899950.1	k141_51682	271	79.091	220	30	168
KT899950.1	k141_51690	283	78.636	220	31	164
KT899950.1	k141_8295	462	84.286	140	22	154
KT899950.1	k141_24510	351	85.437	103	15	119
KT899950.1	k141_24510	351	85.437	103	15	119
KT899950.1	k141_96849	601	80.833	120	14	113
KT899950.1	k141_96849	601	80.833	120	14	113
KT899950.1	k141_56917	301	92.105	76	6	111
KT899950.1	k141_56917	301	92.105	76	6	111
KT899950.1	k141_68664	1995	88.608	79	9	103
KT899950.1	k141_57904	2296	87.059	85	10	101
KT899950.1	k141_3089	254	78.505	107	23	90.6
KT899950.1	k141_56997	603	93.103	58	3	84.2
KT899950.1	k141_56997	603	93.103	58	3	84.2
KT899950.1	k141_42809	747	82.278	79	14	80.6
KT899950.1	k141_13155	437	80.723	83	16	78.8
KT899950.1	k141_9817	2347	74.603	126	30	77.0
KT899950.1	k141_65428	458	97.222	36	1	61.7
KT899950.1	k141_65428	458	97.222	36	1	61.7
KT899950.1	k141_65438	6751	77.193	57	13	45.5
KT899950.1	k141_65438	6751	77.193	57	13	45.5
GU191334.1	k141_2706	84214	89.817	3447	236	4621
GU191334.1	k141_2706	84214	89.817	3447	236	4621
GU191334.1	k141_2706	84214	82.155	4539	808	4527
GU191334.1	k141_2706	84214	86.048	2652	256	3065
GU191334.1	k141_2706	84214	86.048	2652	256	3065
GU191334.1	k141_2706	84214	83.047	2442	414	2538
GU191334.1	k141_2706	84214	83.194	1440	242	1507
GU191334.1	k141_2706	84214	80.682	1584	306	1478
GU191334.1	k141_2706	84214	78.043	1799	382	1444
GU191334.1	k141_2706	84214	69.135	2741	792	1057
GU191334.1	k141_2706	84214	78.119	1042	170	819
GU191334.1	k141_2706	84214	78.119	1042	170	819
GU191334.1	k141_2706	84214	82.590	695	116	704
GU191334.1	k141_2706	84214	75.651	883	211	609
GU191334.1	k141_2706	84214	74.861	899	200	586
GU191334.1	k141_2706	84214	82.510	486	85	494
GU191334.1	k141_2706	84214	80.073	547	97	493
GU191334.1	k141_2706	84214	75.976	666	153	469
GU191334.1	k141_2706	84214	74.395	703	167	433
GU191334.1	k141_2706	84214	68.722	1135	316	419
GU191334.1	k141_2706	84214	74.554	617	124	399
GU191334.1	k141_2706	84214	78.526	475	97	389
GU191334.1	k141_2706	84214	71.073	764	202	372
GU191334.1	k141_2706	84214	76.376	436	99	317
GU191334.1	k141_2706	84214	75.792	442	107	315
GU191334.1	k141_2706	84214	67.678	956	261	307
GU191334.1	k141_2706	84214	71.756	524	148	279
GU191334.1	k141_2706	84214	77.922	308	68	250
GU191334.1	k141_2706	84214	76.774	310	72	235
GU191334.1	k141_2706	84214	71.102	481	110	232
GU191334.1	k141_2706	84214	72.356	416	110	224
GU191334.1	k141_2706	84214	83.333	198	28	200
GU191334.1	k141_2706	84214	83.333	198	28	200
GU191334.1	k141_2706	84214	69.002	571	120	194
GU191334.1	k141_2706	84214	66.512	648	205	184
GU191334.1	k141_2706	84214	68.337	439	110	183
GU191334.1	k141_2706	84214	77.419	217	49	171
GU191334.1	k141_2706	84214	78.534	191	41	160
GU191334.1	k141_2706	84214	77.315	216	46	159
GU191334.1	k141_2706	84214	75.598	209	51	148
GU191334.1	k141_2706	84214	67.391	552	137	142
GU191334.1	k141_2706	84214	70.033	307	90	132
GU191334.1	k141_2706	84214	93.182	88	5	129
GU191334.1	k141_2706	84214	86.916	107	5	125
GU191334.1	k141_2706	84214	86.792	106	8	125
GU191334.1	k141_2706	84214	94.937	79	4	125
GU191334.1	k141_2706	84214	94.937	79	4	125
GU191334.1	k141_2706	84214	94.937	79	4	125
GU191334.1	k141_2706	84214	96.053	76	3	124
GU191334.1	k141_2706	84214	81.890	127	21	123
GU191334.1	k141_2706	84214	79.412	136	28	120
GU191334.1	k141_2706	84214	86.139	101	14	120
GU191334.1	k141_2706	84214	89.655	87	9	117
GU191334.1	k141_2706	84214	80.159	126	25	115
GU191334.1	k141_2706	84214	89.535	86	9	115
GU191334.1	k141_2706	84214	80.488	123	24	114
GU191334.1	k141_2706	84214	65.079	567	174	112
GU191334.1	k141_2706	84214	93.243	74	5	112
GU191334.1	k141_2706	84214	84.466	103	15	111
GU191334.1	k141_2706	84214	90.667	75	7	104
GU191334.1	k141_2706	84214	90.667	75	7	104
GU191334.1	k141_2706	84214	77.863	131	26	100
GU191334.1	k141_2706	84214	83.516	91	15	97.8
GU191334.1	k141_2706	84214	88.158	76	9	97.8
GU191334.1	k141_2706	84214	88.571	70	8	91.5
GU191334.1	k141_2706	84214	73.984	123	20	80.6
GU191334.1	k141_2706	84214	83.333	72	12	77.0
GU191334.1	k141_2706	84214	79.070	86	18	75.2
GU191334.1	k141_2706	84214	87.234	47	6	59.0
GU191334.1	k141_2706	84214	88.636	44	5	58.1
GU191334.1	k141_2706	84214	88.095	42	5	54.5
GU191334.1	k141_2706	84214	84.783	46	7	52.7
GU191334.1	k141_2706	84214	77.419	62	14	50.0
GU191334.1	k141_2706	84214	82.609	46	7	44.6
GU191334.1	k141_60654	10498	88.818	1091	117	1414
GU191334.1	k141_60654	10498	75.029	1714	362	1118
GU191334.1	k141_60654	10498	78.723	141	21	114
GU191334.1	k141_60654	10498	88.043	92	9	114
GU191334.1	k141_60654	10498	91.892	74	6	107
GU191334.1	k141_60654	10498	76.923	130	29	96.9
GU191334.1	k141_60654	10498	73.494	166	33	94.2
GU191334.1	k141_60654	10498	97.368	38	1	65.3
GU191334.1	k141_1494	17723	77.562	1747	374	1351
GU191334.1	k141_1494	17723	70.053	1880	502	809
GU191334.1	k141_1494	17723	76.017	1180	230	788
GU191334.1	k141_1494	17723	74.886	1099	270	735
GU191334.1	k141_1494	17723	67.980	812	221	256
GU191334.1	k141_1494	17723	74.582	299	76	197
GU191334.1	k141_1494	17723	67.719	570	160	176
GU191334.1	k141_1494	17723	91.358	81	7	115
GU191334.1	k141_1494	17723	77.064	109	25	85.1
GU191334.1	k141_1494	17723	71.318	129	35	59.9
GU191334.1	k141_38150	12622	71.451	1289	343	662
GU191334.1	k141_38150	12622	70.756	1296	357	618
GU191334.1	k141_38150	12622	77.224	742	157	561
GU191334.1	k141_38150	12622	72.207	1065	273	549
GU191334.1	k141_38150	12622	70.462	931	250	431
GU191334.1	k141_38150	12622	73.237	695	182	410
GU191334.1	k141_38150	12622	84.553	246	38	273
GU191334.1	k141_38150	12622	68.760	653	196	234
GU191334.1	k141_17166	16828	70.859	1153	272	519
GU191334.1	k141_17166	16828	70.859	1153	272	519
GU191334.1	k141_17166	16828	70.538	930	195	406
GU191334.1	k141_17166	16828	70.538	930	195	406
GU191334.1	k141_17166	16828	78.409	264	55	213
GU191334.1	k141_17166	16828	78.409	264	55	213
GU191334.1	k141_18312	717	73.691	745	160	439
GU191334.1	k141_18312	717	73.691	745	160	439
GU191334.1	k141_74576	498	79.089	483	85	390
GU191334.1	k141_74576	498	79.089	483	85	390
GU191334.1	k141_30487	489	78.068	383	60	312
GU191334.1	k141_30487	489	78.068	383	60	312
GU191334.1	k141_42660	332	81.356	295	52	283
GU191334.1	k141_42660	332	81.356	295	52	283
GU191334.1	k141_56381	4046	68.252	778	204	275
GU191334.1	k141_24624	450	76.099	364	75	253
GU191334.1	k141_24624	450	76.099	364	75	253
GU191334.1	k141_92949	567	78.092	283	62	232
GU191334.1	k141_15191	2404	83.453	139	23	148
GU191334.1	k141_24510	351	85.437	103	15	119
GU191334.1	k141_24510	351	85.437	103	15	119
GU191334.1	k141_74864	2232	87.209	86	11	106
GU191334.1	k141_74864	2232	80.000	85	11	78.8
GU191334.1	k141_96849	601	75.000	124	18	83.3
GU191334.1	k141_96849	601	75.000	124	18	83.3
GU191334.1	k141_78799	468	84.848	66	10	75.2
GU191334.1	k141_9817	2347	77.778	81	18	66.2
GU191334.1	k141_95708	452	79.245	53	11	47.3
GU191334.1	k141_74932	319	77.586	58	13	47.3
GU191334.1	k141_74932	319	77.586	58	13	47.3
GU191334.1	k141_65438	6751	77.193	57	13	45.5
GU191334.1	k141_65438	6751	77.193	57	13	45.5
