MZ962720.1	k141_3855	10090	87.067	3727	373	4476
MZ962720.1	k141_3855	10090	87.067	3727	373	4476
MZ962720.1	k141_3855	10090	80.182	3628	432	3290
MZ962720.1	k141_3855	10090	80.182	3628	432	3290
MZ962720.1	k141_3855	10090	90.909	352	26	483
MZ962720.1	k141_3855	10090	95.890	73	3	119
MZ962720.1	k141_3855	10090	93.506	77	4	113
MZ962720.1	k141_3855	10090	93.506	77	4	113
MZ962720.1	k141_3855	10090	90.667	75	7	104
MZ962720.1	k141_3855	10090	90.667	75	7	104
MZ962720.1	k141_3855	10090	75.385	65	16	46.4
MZ962720.1	k141_12603	61978	81.476	4540	839	4389
MZ962720.1	k141_12603	61978	82.338	2695	449	2676
MZ962720.1	k141_12603	61978	68.863	3658	1039	1332
MZ962720.1	k141_12603	61978	75.309	2021	432	1330
MZ962720.1	k141_12603	61978	86.864	1081	140	1307
MZ962720.1	k141_12603	61978	73.043	1150	290	659
MZ962720.1	k141_12603	61978	74.211	919	194	574
MZ962720.1	k141_12603	61978	77.918	711	144	551
MZ962720.1	k141_12603	61978	70.053	1329	346	551
MZ962720.1	k141_12603	61978	75.826	666	152	462
MZ962720.1	k141_12603	61978	75.826	666	152	462
MZ962720.1	k141_12603	61978	78.231	441	83	361
MZ962720.1	k141_12603	61978	72.862	538	146	313
MZ962720.1	k141_12603	61978	72.862	538	146	313
MZ962720.1	k141_12603	61978	75.105	474	110	313
MZ962720.1	k141_12603	61978	85.214	257	38	293
MZ962720.1	k141_12603	61978	78.641	309	64	253
MZ962720.1	k141_12603	61978	78.641	309	64	253
MZ962720.1	k141_12603	61978	67.940	733	204	237
MZ962720.1	k141_12603	61978	72.311	437	116	230
MZ962720.1	k141_12603	61978	71.271	362	100	179
MZ962720.1	k141_12603	61978	77.990	209	33	164
MZ962720.1	k141_12603	61978	77.990	209	33	164
MZ962720.1	k141_12603	61978	79.545	176	36	156
MZ962720.1	k141_12603	61978	74.074	216	48	136
MZ962720.1	k141_12603	61978	74.537	216	47	136
MZ962720.1	k141_12603	61978	82.639	144	21	133
MZ962720.1	k141_12603	61978	83.065	124	21	130
MZ962720.1	k141_12603	61978	94.805	77	4	122
MZ962720.1	k141_12603	61978	98.551	69	1	121
MZ962720.1	k141_12603	61978	79.699	133	27	119
MZ962720.1	k141_12603	61978	95.890	73	3	119
MZ962720.1	k141_12603	61978	94.595	74	4	116
MZ962720.1	k141_12603	61978	91.139	79	7	112
MZ962720.1	k141_12603	61978	91.139	79	7	112
MZ962720.1	k141_12603	61978	88.889	81	9	106
MZ962720.1	k141_12603	61978	88.889	81	9	106
MZ962720.1	k141_12603	61978	93.151	73	4	106
MZ962720.1	k141_12603	61978	81.481	108	20	105
MZ962720.1	k141_12603	61978	88.158	76	9	97.8
MZ962720.1	k141_12603	61978	90.411	73	6	97.8
MZ962720.1	k141_12603	61978	70.183	218	45	96.9
MZ962720.1	k141_12603	61978	72.115	208	49	96.0
MZ962720.1	k141_12603	61978	88.000	75	9	96.0
MZ962720.1	k141_12603	61978	86.250	80	11	96.0
MZ962720.1	k141_12603	61978	75.694	144	29	95.1
MZ962720.1	k141_12603	61978	88.732	71	8	93.3
MZ962720.1	k141_12603	61978	82.222	90	16	91.5
MZ962720.1	k141_12603	61978	69.756	205	62	91.5
MZ962720.1	k141_12603	61978	68.085	235	52	89.7
MZ962720.1	k141_12603	61978	75.833	120	27	84.2
MZ962720.1	k141_12603	61978	96.226	53	1	84.2
MZ962720.1	k141_12603	61978	69.427	157	48	68.0
MZ962720.1	k141_12603	61978	97.436	39	1	67.1
MZ962720.1	k141_12603	61978	90.909	44	4	62.6
MZ962720.1	k141_12603	61978	85.366	41	6	48.2
MZ962720.1	k141_12603	61978	74.242	66	17	43.7
MZ962720.1	k141_13532	29192	83.713	1406	229	1504
MZ962720.1	k141_13532	29192	80.458	1571	297	1436
MZ962720.1	k141_13532	29192	78.567	1703	357	1411
MZ962720.1	k141_13532	29192	82.394	710	119	710
MZ962720.1	k141_13532	29192	74.884	864	207	563
MZ962720.1	k141_13532	29192	74.297	782	170	492
MZ962720.1	k141_13532	29192	79.715	562	110	490
MZ962720.1	k141_13532	29192	76.350	389	90	280
MZ962720.1	k141_13532	29192	66.667	984	265	259
MZ962720.1	k141_13532	29192	70.750	547	132	237
MZ962720.1	k141_13532	29192	70.750	547	132	237
MZ962720.1	k141_13532	29192	71.625	437	111	224
MZ962720.1	k141_13532	29192	71.625	437	111	224
MZ962720.1	k141_13532	29192	71.504	379	69	210
MZ962720.1	k141_13532	29192	71.758	347	88	180
MZ962720.1	k141_13532	29192	70.370	378	97	164
MZ962720.1	k141_13532	29192	71.787	319	61	156
MZ962720.1	k141_13532	29192	69.157	415	118	145
MZ962720.1	k141_13532	29192	65.864	457	109	141
MZ962720.1	k141_13532	29192	72.532	233	43	133
MZ962720.1	k141_13532	29192	72.532	233	43	133
MZ962720.1	k141_13532	29192	93.671	79	5	121
MZ962720.1	k141_13532	29192	81.301	123	21	116
MZ962720.1	k141_13532	29192	72.430	214	53	113
MZ962720.1	k141_13532	29192	86.842	76	10	93.3
MZ962720.1	k141_13532	29192	86.842	76	10	93.3
MZ962720.1	k141_13532	29192	72.024	168	39	86.0
MZ962720.1	k141_13532	29192	67.293	266	86	85.1
MZ962720.1	k141_13532	29192	68.475	295	80	85.1
MZ962720.1	k141_13532	29192	71.257	167	39	76.1
MZ962720.1	k141_13532	29192	73.214	168	33	76.1
MZ962720.1	k141_13532	29192	91.892	37	3	54.5
MZ962720.1	k141_13532	29192	79.245	53	11	47.3
MZ962720.1	k141_13532	29192	79.245	53	11	47.3
MZ962720.1	k141_13532	29192	79.245	53	11	47.3
MZ962720.1	k141_47168	19321	76.215	1749	391	1261
MZ962720.1	k141_47168	19321	76.215	1749	391	1261
MZ962720.1	k141_47168	19321	72.255	1849	453	991
MZ962720.1	k141_47168	19321	72.093	1333	350	707
MZ962720.1	k141_47168	19321	73.797	1164	279	694
MZ962720.1	k141_47168	19321	73.797	1164	279	694
MZ962720.1	k141_47168	19321	68.143	813	216	243
MZ962720.1	k141_47168	19321	72.446	323	85	181
MZ962720.1	k141_47168	19321	89.024	82	8	104
MZ962720.1	k141_3291	3779	68.362	1239	301	446
MZ962720.1	k141_3291	3779	68.362	1239	301	446
MZ962720.1	k141_3291	3779	90.000	60	6	82.4
MZ962720.1	k141_3291	3779	90.000	60	6	82.4
MZ962720.1	k141_3291	3779	90.000	60	6	82.4
MZ962720.1	k141_18845	1921	69.317	893	220	343
MZ962720.1	k141_18845	1921	69.317	893	220	343
MZ962720.1	k141_18845	1921	65.107	513	153	93.3
MZ962720.1	k141_18845	1921	65.107	513	153	93.3
MZ962720.1	k141_45699	919	71.429	399	110	201
MZ962720.1	k141_45699	919	70.213	141	42	66.2
MZ962720.1	k141_50210	1221	74.336	226	56	140
MZ962720.1	k141_50210	1221	74.336	226	56	140
MZ962720.1	k141_32258	985	91.026	78	7	110
MZ962720.1	k141_32258	985	91.026	78	7	110
MZ962720.1	k141_15538	560	90.411	73	7	101
MZ962720.1	k141_41233	2285	73.944	142	37	90.6
MZ962720.1	k141_38146	545	71.508	179	47	84.2
MZ962720.1	k141_38146	545	71.508	179	47	84.2
MZ962720.1	k141_26198	494	84.211	38	6	42.8
MZ962720.1	k141_13745	692	80.488	41	8	39.2
MH569081.1	k141_12603	61978	79.347	5026	983	4349
MH569081.1	k141_12603	61978	83.272	2463	408	2571
MH569081.1	k141_12603	61978	87.224	1088	135	1331
MH569081.1	k141_12603	61978	67.708	3713	1053	1161
MH569081.1	k141_12603	61978	75.045	1679	387	1096
MH569081.1	k141_12603	61978	70.370	1215	315	551
MH569081.1	k141_12603	61978	77.235	716	152	545
MH569081.1	k141_12603	61978	73.106	911	221	525
MH569081.1	k141_12603	61978	70.646	1114	296	518
MH569081.1	k141_12603	61978	76.426	666	148	480
MH569081.1	k141_12603	61978	76.426	666	148	480
MH569081.1	k141_12603	61978	73.760	625	127	372
MH569081.1	k141_12603	61978	75.472	477	109	323
MH569081.1	k141_12603	61978	72.677	538	147	308
MH569081.1	k141_12603	61978	72.677	538	147	308
MH569081.1	k141_12603	61978	70.301	697	195	299
MH569081.1	k141_12603	61978	73.491	464	120	277
MH569081.1	k141_12603	61978	73.491	464	120	277
MH569081.1	k141_12603	61978	83.984	256	39	275
MH569081.1	k141_12603	61978	79.612	309	61	267
MH569081.1	k141_12603	61978	79.612	309	61	267
MH569081.1	k141_12603	61978	72.414	435	109	236
MH569081.1	k141_12603	61978	66.766	674	212	181
MH569081.1	k141_12603	61978	78.261	207	37	169
MH569081.1	k141_12603	61978	78.977	176	37	151
MH569081.1	k141_12603	61978	82.639	144	20	143
MH569081.1	k141_12603	61978	67.118	517	137	133
MH569081.1	k141_12603	61978	87.037	108	9	128
MH569081.1	k141_12603	61978	98.630	73	1	128
MH569081.1	k141_12603	61978	81.538	130	24	127
MH569081.1	k141_12603	61978	96.104	77	3	126
MH569081.1	k141_12603	61978	90.110	91	8	121
MH569081.1	k141_12603	61978	93.590	78	5	119
MH569081.1	k141_12603	61978	92.405	79	6	116
MH569081.1	k141_12603	61978	94.521	73	4	114
MH569081.1	k141_12603	61978	95.652	69	3	112
MH569081.1	k141_12603	61978	77.941	136	30	111
MH569081.1	k141_12603	61978	78.030	132	29	108
MH569081.1	k141_12603	61978	88.889	81	9	106
MH569081.1	k141_12603	61978	88.889	81	9	106
MH569081.1	k141_12603	61978	91.781	73	6	105
MH569081.1	k141_12603	61978	91.781	73	6	105
MH569081.1	k141_12603	61978	78.226	124	27	103
MH569081.1	k141_12603	61978	80.531	113	18	100
MH569081.1	k141_12603	61978	74.233	163	34	90.6
MH569081.1	k141_12603	61978	88.406	69	8	89.7
MH569081.1	k141_12603	61978	66.512	215	28	86.0
MH569081.1	k141_12603	61978	69.604	227	65	85.1
MH569081.1	k141_12603	61978	74.815	135	24	82.4
MH569081.1	k141_12603	61978	82.667	75	13	77.9
MH569081.1	k141_12603	61978	90.741	54	3	73.4
MH569081.1	k141_12603	61978	67.317	205	67	68.9
MH569081.1	k141_12603	61978	82.857	70	8	68.0
MH569081.1	k141_12603	61978	76.744	86	20	66.2
MH569081.1	k141_12603	61978	86.364	44	6	53.6
MH569081.1	k141_12603	61978	76.471	68	16	51.8
MH569081.1	k141_3855	10090	84.624	2686	268	2902
MH569081.1	k141_3855	10090	84.624	2686	268	2902
MH569081.1	k141_3855	10090	88.017	1911	172	2394
MH569081.1	k141_3855	10090	88.017	1911	172	2394
MH569081.1	k141_3855	10090	85.137	1857	199	2067
MH569081.1	k141_3855	10090	85.137	1857	199	2067
MH569081.1	k141_3855	10090	79.406	942	149	811
MH569081.1	k141_3855	10090	79.406	942	149	811
MH569081.1	k141_3855	10090	95.946	74	3	121
MH569081.1	k141_3855	10090	95.946	74	3	121
MH569081.1	k141_3855	10090	90.667	75	7	104
MH569081.1	k141_3855	10090	90.667	75	7	104
MH569081.1	k141_13532	29192	82.153	1440	255	1432
MH569081.1	k141_13532	29192	80.127	1575	308	1416
MH569081.1	k141_13532	29192	77.582	1704	370	1331
MH569081.1	k141_13532	29192	82.040	696	120	688
MH569081.1	k141_13532	29192	75.494	861	207	588
MH569081.1	k141_13532	29192	76.276	784	160	563
MH569081.1	k141_13532	29192	79.821	560	105	495
MH569081.1	k141_13532	29192	67.250	1142	312	344
MH569081.1	k141_13532	29192	68.770	951	255	334
MH569081.1	k141_13532	29192	76.486	387	91	288
MH569081.1	k141_13532	29192	69.461	501	149	209
MH569081.1	k141_13532	29192	70.320	438	119	196
MH569081.1	k141_13532	29192	70.320	438	119	196
MH569081.1	k141_13532	29192	76.852	216	50	165
MH569081.1	k141_13532	29192	76.852	216	50	165
MH569081.1	k141_13532	29192	72.535	284	78	161
MH569081.1	k141_13532	29192	81.333	150	28	145
MH569081.1	k141_13532	29192	92.941	85	6	127
MH569081.1	k141_13532	29192	65.784	453	110	123
MH569081.1	k141_13532	29192	89.286	84	9	112
MH569081.1	k141_13532	29192	84.783	92	14	104
MH569081.1	k141_13532	29192	76.296	135	28	95.1
MH569081.1	k141_13532	29192	78.070	114	25	94.2
MH569081.1	k141_13532	29192	85.526	76	11	88.7
MH569081.1	k141_13532	29192	85.526	76	11	88.7
MH569081.1	k141_13532	29192	63.796	511	185	88.7
MH569081.1	k141_13532	29192	67.317	205	67	68.9
MH569081.1	k141_13532	29192	79.452	73	15	65.3
MH569081.1	k141_13532	29192	74.157	89	22	54.5
MH569081.1	k141_13532	29192	75.676	74	16	50.9
MH569081.1	k141_47168	19321	75.057	1744	418	1168
MH569081.1	k141_47168	19321	71.225	1828	490	895
MH569081.1	k141_47168	19321	74.707	1111	273	736
MH569081.1	k141_47168	19321	74.937	1185	250	733
MH569081.1	k141_47168	19321	76.817	289	63	205
MH569081.1	k141_47168	19321	72.910	299	81	175
MH569081.1	k141_47168	19321	83.117	154	26	161
MH569081.1	k141_47168	19321	92.771	83	6	123
MH569081.1	k141_47168	19321	75.949	158	38	114
MH569081.1	k141_47168	19321	89.130	46	5	61.7
MH569081.1	k141_47168	19321	77.358	53	12	42.8
MH569081.1	k141_47168	19321	77.358	53	12	42.8
MH569081.1	k141_3291	3779	70.304	1219	279	534
MH569081.1	k141_3291	3779	70.304	1219	279	534
MH569081.1	k141_3291	3779	91.667	60	5	86.9
MH569081.1	k141_3291	3779	91.667	60	5	86.9
MH569081.1	k141_18845	1921	70.337	890	212	372
MH569081.1	k141_18845	1921	70.337	890	212	372
MH569081.1	k141_18845	1921	66.344	517	142	119
MH569081.1	k141_18845	1921	66.344	517	142	119
MH569081.1	k141_45699	919	70.270	444	126	194
MH569081.1	k141_45699	919	71.970	132	37	72.5
MH569081.1	k141_50210	1221	73.568	227	58	132
MH569081.1	k141_50210	1221	73.568	227	58	132
MH569081.1	k141_32258	985	89.286	84	9	112
MH569081.1	k141_32258	985	89.286	84	9	112
MH569081.1	k141_15538	560	88.889	72	8	95.1
MH569081.1	k141_38146	545	70.950	179	48	79.7
MH569081.1	k141_38146	545	70.950	179	48	79.7
MH569081.1	k141_41233	2285	74.157	89	23	58.1
NC_033978.1	k141_3855	10090	90.157	3383	265	4567
NC_033978.1	k141_3855	10090	90.157	3383	265	4567
NC_033978.1	k141_3855	10090	85.816	2672	250	3056
NC_033978.1	k141_3855	10090	85.816	2672	250	3056
NC_033978.1	k141_3855	10090	78.937	997	153	827
NC_033978.1	k141_3855	10090	78.937	997	153	827
NC_033978.1	k141_3855	10090	83.500	200	31	205
NC_033978.1	k141_3855	10090	83.500	200	31	205
NC_033978.1	k141_3855	10090	94.937	79	4	125
NC_033978.1	k141_3855	10090	94.937	79	4	125
NC_033978.1	k141_3855	10090	82.178	101	12	98.7
NC_033978.1	k141_3855	10090	82.178	101	12	98.7
NC_033978.1	k141_12603	61978	81.695	4518	826	4416
NC_033978.1	k141_12603	61978	84.108	2454	389	2664
NC_033978.1	k141_12603	61978	69.886	3696	1026	1551
NC_033978.1	k141_12603	61978	88.817	1082	119	1404
NC_033978.1	k141_12603	61978	74.735	2074	472	1353
NC_033978.1	k141_12603	61978	71.947	1294	326	668
NC_033978.1	k141_12603	61978	79.915	707	137	627
NC_033978.1	k141_12603	61978	72.858	1109	279	623
NC_033978.1	k141_12603	61978	74.320	919	199	573
NC_033978.1	k141_12603	61978	75.826	666	152	462
NC_033978.1	k141_12603	61978	75.826	666	152	462
NC_033978.1	k141_12603	61978	75.285	615	127	411
NC_033978.1	k141_12603	61978	73.333	690	180	406
NC_033978.1	k141_12603	61978	78.366	453	92	368
NC_033978.1	k141_12603	61978	73.420	538	143	326
NC_033978.1	k141_12603	61978	73.420	538	143	326
NC_033978.1	k141_12603	61978	75.271	461	114	318
NC_033978.1	k141_12603	61978	75.271	461	114	318
NC_033978.1	k141_12603	61978	78.247	308	67	254
NC_033978.1	k141_12603	61978	78.247	308	67	254
NC_033978.1	k141_12603	61978	80.934	257	49	243
NC_033978.1	k141_12603	61978	68.750	672	202	237
NC_033978.1	k141_12603	61978	71.365	447	97	231
NC_033978.1	k141_12603	61978	78.704	216	42	173
NC_033978.1	k141_12603	61978	80.791	177	34	167
NC_033978.1	k141_12603	61978	82.734	139	17	136
NC_033978.1	k141_12603	61978	67.981	431	122	130
NC_033978.1	k141_12603	61978	98.630	73	1	128
NC_033978.1	k141_12603	61978	80.741	135	26	127
NC_033978.1	k141_12603	61978	92.045	88	6	124
NC_033978.1	k141_12603	61978	98.592	71	1	124
NC_033978.1	k141_12603	61978	97.260	73	2	123
NC_033978.1	k141_12603	61978	88.660	97	10	123
NC_033978.1	k141_12603	61978	94.737	76	4	120
NC_033978.1	k141_12603	61978	92.593	81	6	120
NC_033978.1	k141_12603	61978	91.566	83	7	119
NC_033978.1	k141_12603	61978	94.595	74	4	116
NC_033978.1	k141_12603	61978	80.645	124	24	116
NC_033978.1	k141_12603	61978	94.595	74	4	116
NC_033978.1	k141_12603	61978	88.889	81	9	106
NC_033978.1	k141_12603	61978	88.889	81	9	106
NC_033978.1	k141_12603	61978	77.863	131	29	106
NC_033978.1	k141_12603	61978	77.778	135	27	103
NC_033978.1	k141_12603	61978	80.000	110	19	98.7
NC_033978.1	k141_12603	61978	72.892	166	38	90.6
NC_033978.1	k141_12603	61978	86.301	73	10	87.8
NC_033978.1	k141_12603	61978	97.778	45	1	77.9
NC_033978.1	k141_12603	61978	79.518	83	17	74.3
NC_033978.1	k141_12603	61978	78.161	87	19	72.5
NC_033978.1	k141_12603	61978	63.556	225	30	70.7
NC_033978.1	k141_12603	61978	76.744	86	20	66.2
NC_033978.1	k141_12603	61978	97.368	38	1	65.3
NC_033978.1	k141_12603	61978	83.673	49	8	53.6
NC_033978.1	k141_12603	61978	75.758	66	16	48.2
NC_033978.1	k141_13532	29192	83.057	1446	245	1504
NC_033978.1	k141_13532	29192	80.874	1579	299	1480
NC_033978.1	k141_13532	29192	79.343	1704	342	1473
NC_033978.1	k141_13532	29192	81.933	714	124	698
NC_033978.1	k141_13532	29192	76.763	865	189	634
NC_033978.1	k141_13532	29192	82.011	567	94	553
NC_033978.1	k141_13532	29192	74.398	789	160	510
NC_033978.1	k141_13532	29192	69.129	1137	307	445
NC_033978.1	k141_13532	29192	71.212	726	204	354
NC_033978.1	k141_13532	29192	68.961	799	199	332
NC_033978.1	k141_13532	29192	67.316	976	253	301
NC_033978.1	k141_13532	29192	76.350	389	90	280
NC_033978.1	k141_13532	29192	76.282	312	74	230
NC_033978.1	k141_13532	29192	70.805	435	121	209
NC_033978.1	k141_13532	29192	75.082	305	76	208
NC_033978.1	k141_13532	29192	67.643	649	196	187
NC_033978.1	k141_13532	29192	76.444	225	53	168
NC_033978.1	k141_13532	29192	77.512	209	47	166
NC_033978.1	k141_13532	29192	65.721	458	116	142
NC_033978.1	k141_13532	29192	68.713	342	57	126
NC_033978.1	k141_13532	29192	84.211	114	18	125
NC_033978.1	k141_13532	29192	81.250	128	21	122
NC_033978.1	k141_13532	29192	92.683	82	6	122
NC_033978.1	k141_13532	29192	66.501	403	133	112
NC_033978.1	k141_13532	29192	88.158	76	9	97.8
NC_033978.1	k141_13532	29192	88.158	76	9	97.8
NC_033978.1	k141_13532	29192	75.000	116	29	79.7
NC_033978.1	k141_13532	29192	68.317	202	64	77.0
NC_033978.1	k141_13532	29192	71.918	146	33	68.9
NC_033978.1	k141_47168	19321	76.289	1746	396	1259
NC_033978.1	k141_47168	19321	70.971	1874	505	904
NC_033978.1	k141_47168	19321	74.933	1113	267	738
NC_033978.1	k141_47168	19321	73.689	1163	272	686
NC_033978.1	k141_47168	19321	69.270	794	209	301
NC_033978.1	k141_47168	19321	77.592	299	67	238
NC_033978.1	k141_47168	19321	84.821	112	16	123
NC_033978.1	k141_47168	19321	77.570	107	24	86.0
NC_033978.1	k141_3291	3779	70.394	1243	286	545
NC_033978.1	k141_3291	3779	70.394	1243	286	545
NC_033978.1	k141_3291	3779	88.333	60	7	77.9
NC_033978.1	k141_3291	3779	88.333	60	7	77.9
NC_033978.1	k141_43335	399	88.859	377	34	485
NC_033978.1	k141_43335	399	88.859	377	34	485
NC_033978.1	k141_18845	1921	69.429	893	215	343
NC_033978.1	k141_18845	1921	69.429	893	215	343
NC_033978.1	k141_18845	1921	65.184	517	148	110
NC_033978.1	k141_18845	1921	65.184	517	148	110
NC_033978.1	k141_45699	919	66.494	773	216	212
NC_033978.1	k141_50210	1221	74.336	226	56	140
NC_033978.1	k141_50210	1221	74.336	226	56	140
NC_033978.1	k141_32258	985	91.026	78	7	110
NC_033978.1	k141_32258	985	91.026	78	7	110
NC_033978.1	k141_15538	560	89.041	73	8	96.9
NC_033978.1	k141_38146	545	71.978	182	47	89.7
NC_033978.1	k141_38146	545	71.978	182	47	89.7
NC_033978.1	k141_41233	2285	75.472	106	24	72.5
NC_033978.1	k141_34013	1804	76.543	81	19	61.7
NC_033978.1	k141_4249	557	77.941	68	15	56.3
NC_033978.1	k141_29656	360	80.488	41	8	39.2
MW006668.1	k141_12603	61978	81.426	4571	842	4391
MW006668.1	k141_12603	61978	83.497	2442	403	2588
MW006668.1	k141_12603	61978	74.042	1957	433	1226
MW006668.1	k141_12603	61978	69.110	3124	910	1212
MW006668.1	k141_12603	61978	88.499	826	95	1062
MW006668.1	k141_12603	61978	88.485	825	95	1060
MW006668.1	k141_12603	61978	72.860	1098	284	614
MW006668.1	k141_12603	61978	74.078	922	199	581
MW006668.1	k141_12603	61978	78.028	710	147	563
MW006668.1	k141_12603	61978	69.391	1297	367	527
MW006668.1	k141_12603	61978	77.156	661	142	498
MW006668.1	k141_12603	61978	74.762	630	118	407
MW006668.1	k141_12603	61978	73.209	698	174	397
MW006668.1	k141_12603	61978	78.194	454	92	357
MW006668.1	k141_12603	61978	73.420	538	143	326
MW006668.1	k141_12603	61978	85.938	256	34	297
MW006668.1	k141_12603	61978	72.845	464	123	268
MW006668.1	k141_12603	61978	73.193	429	115	256
MW006668.1	k141_12603	61978	82.520	246	43	251
MW006668.1	k141_12603	61978	79.496	278	57	245
MW006668.1	k141_12603	61978	72.018	436	107	233
MW006668.1	k141_12603	61978	67.407	675	202	215
MW006668.1	k141_12603	61978	78.222	225	45	176
MW006668.1	k141_12603	61978	79.545	176	36	156
MW006668.1	k141_12603	61978	82.270	141	20	138
MW006668.1	k141_12603	61978	98.611	72	1	126
MW006668.1	k141_12603	61978	90.110	91	9	124
MW006668.1	k141_12603	61978	93.750	80	5	123
MW006668.1	k141_12603	61978	94.805	77	4	122
MW006668.1	k141_12603	61978	88.000	100	9	121
MW006668.1	k141_12603	61978	90.909	88	7	120
MW006668.1	k141_12603	61978	79.699	133	27	119
MW006668.1	k141_12603	61978	80.000	130	26	118
MW006668.1	k141_12603	61978	93.421	76	5	115
MW006668.1	k141_12603	61978	93.421	76	5	115
MW006668.1	k141_12603	61978	92.208	77	6	113
MW006668.1	k141_12603	61978	78.102	137	30	113
MW006668.1	k141_12603	61978	79.839	124	25	112
MW006668.1	k141_12603	61978	95.652	69	3	112
MW006668.1	k141_12603	61978	88.889	81	9	106
MW006668.1	k141_12603	61978	69.266	218	29	104
MW006668.1	k141_12603	61978	91.429	70	6	100
MW006668.1	k141_12603	61978	88.158	76	9	97.8
MW006668.1	k141_12603	61978	88.158	76	9	97.8
MW006668.1	k141_12603	61978	90.000	70	7	96.0
MW006668.1	k141_12603	61978	90.000	70	7	96.0
MW006668.1	k141_12603	61978	64.376	553	183	96.0
MW006668.1	k141_12603	61978	87.838	74	9	94.2
MW006668.1	k141_12603	61978	82.222	90	16	91.5
MW006668.1	k141_12603	61978	76.692	133	25	88.7
MW006668.1	k141_12603	61978	74.627	134	25	84.2
MW006668.1	k141_12603	61978	88.158	76	5	83.3
MW006668.1	k141_12603	61978	80.682	88	17	83.3
MW006668.1	k141_12603	61978	83.133	83	10	82.4
MW006668.1	k141_12603	61978	83.117	77	13	81.5
MW006668.1	k141_12603	61978	73.950	119	31	76.1
MW006668.1	k141_12603	61978	97.368	38	1	65.3
MW006668.1	k141_12603	61978	74.699	83	21	56.3
MW006668.1	k141_12603	61978	77.612	67	15	54.5
MW006668.1	k141_3855	10090	88.538	3420	282	4374
MW006668.1	k141_3855	10090	88.538	3420	282	4374
MW006668.1	k141_3855	10090	87.048	2463	230	2967
MW006668.1	k141_3855	10090	87.048	2463	230	2967
MW006668.1	k141_3855	10090	78.316	1033	168	828
MW006668.1	k141_3855	10090	78.316	1033	168	828
MW006668.1	k141_3855	10090	84.472	161	22	172
MW006668.1	k141_3855	10090	84.472	161	22	172
MW006668.1	k141_3855	10090	93.333	90	5	132
MW006668.1	k141_3855	10090	96.053	76	3	124
MW006668.1	k141_3855	10090	96.053	76	3	124
MW006668.1	k141_3855	10090	90.667	75	7	104
MW006668.1	k141_3855	10090	90.667	75	7	104
MW006668.1	k141_13532	29192	82.247	1442	256	1447
MW006668.1	k141_13532	29192	80.472	1567	303	1436
MW006668.1	k141_13532	29192	78.038	1794	379	1433
MW006668.1	k141_13532	29192	82.444	712	116	716
MW006668.1	k141_13532	29192	76.852	864	188	636
MW006668.1	k141_13532	29192	81.851	562	94	548
MW006668.1	k141_13532	29192	74.749	796	170	526
MW006668.1	k141_13532	29192	68.255	1427	401	502
MW006668.1	k141_13532	29192	79.328	387	80	338
MW006668.1	k141_13532	29192	72.222	414	81	251
MW006668.1	k141_13532	29192	74.063	347	87	219
MW006668.1	k141_13532	29192	68.558	652	183	218
MW006668.1	k141_13532	29192	67.849	451	102	172
MW006668.1	k141_13532	29192	70.548	292	86	140
MW006668.1	k141_13532	29192	94.937	79	4	125
MW006668.1	k141_13532	29192	65.692	513	165	124
MW006668.1	k141_13532	29192	67.330	352	61	112
MW006668.1	k141_13532	29192	62.891	768	211	96.0
MW006668.1	k141_13532	29192	84.810	79	12	89.7
MW006668.1	k141_13532	29192	77.193	114	26	89.7
MW006668.1	k141_13532	29192	82.979	47	8	50.0
MW006668.1	k141_47168	19321	76.835	1744	390	1306
MW006668.1	k141_47168	19321	76.835	1744	390	1306
MW006668.1	k141_47168	19321	71.686	1833	485	943
MW006668.1	k141_47168	19321	71.686	1833	485	943
MW006668.1	k141_47168	19321	74.872	1170	268	732
MW006668.1	k141_47168	19321	74.872	1170	268	732
MW006668.1	k141_47168	19321	71.542	1381	380	695
MW006668.1	k141_47168	19321	67.794	798	220	256
MW006668.1	k141_47168	19321	67.794	798	220	256
MW006668.1	k141_47168	19321	78.689	244	52	206
MW006668.1	k141_47168	19321	78.689	244	52	206
MW006668.1	k141_47168	19321	91.358	81	7	115
MW006668.1	k141_47168	19321	91.358	81	7	115
MW006668.1	k141_47168	19321	72.959	196	51	108
MW006668.1	k141_47168	19321	72.959	196	51	108
MW006668.1	k141_47168	19321	84.337	83	12	88.7
MW006668.1	k141_47168	19321	74.638	138	31	82.4
MW006668.1	k141_47168	19321	74.638	138	31	82.4
MW006668.1	k141_47168	19321	89.130	46	5	61.7
MW006668.1	k141_47168	19321	87.805	41	5	52.7
MW006668.1	k141_47168	19321	87.805	41	5	52.7
MW006668.1	k141_3291	3779	70.233	1243	289	535
MW006668.1	k141_3291	3779	70.233	1243	289	535
MW006668.1	k141_3291	3779	86.667	60	8	73.4
MW006668.1	k141_3291	3779	86.667	60	8	73.4
MW006668.1	k141_18845	1921	69.283	892	224	329
MW006668.1	k141_18845	1921	69.283	892	224	329
MW006668.1	k141_18845	1921	65.558	421	121	96.9
MW006668.1	k141_18845	1921	65.558	421	121	96.9
MW006668.1	k141_45699	919	69.752	443	130	190
MW006668.1	k141_45699	919	76.842	95	22	73.4
MW006668.1	k141_50210	1221	75.221	226	54	149
MW006668.1	k141_50210	1221	75.221	226	54	149
MW006668.1	k141_32258	985	91.026	78	7	110
MW006668.1	k141_32258	985	91.026	78	7	110
MW006668.1	k141_15538	560	87.500	72	9	90.6
MW006668.1	k141_38146	545	70.879	182	49	80.6
MW006668.1	k141_41233	2285	76.404	89	21	67.1
MW006668.1	k141_44747	369	82.258	62	11	63.5
MW435436.1	k141_3855	10090	88.510	3725	334	4734
MW435436.1	k141_3855	10090	88.510	3725	334	4734
MW435436.1	k141_3855	10090	86.128	2660	255	3079
MW435436.1	k141_3855	10090	86.128	2660	255	3079
MW435436.1	k141_3855	10090	78.620	1029	167	836
MW435436.1	k141_3855	10090	78.620	1029	167	836
MW435436.1	k141_3855	10090	94.937	79	4	125
MW435436.1	k141_3855	10090	94.937	79	4	125
MW435436.1	k141_3855	10090	83.168	101	11	103
MW435436.1	k141_3855	10090	83.168	101	11	103
MW435436.1	k141_12603	61978	81.379	4538	839	4353
MW435436.1	k141_12603	61978	84.189	2454	384	2672
MW435436.1	k141_12603	61978	69.821	3678	1029	1531
MW435436.1	k141_12603	61978	74.831	2074	476	1375
MW435436.1	k141_12603	61978	87.153	1082	137	1323
MW435436.1	k141_12603	61978	72.377	1296	321	699
MW435436.1	k141_12603	61978	72.202	1108	290	604
MW435436.1	k141_12603	61978	78.107	708	148	572
MW435436.1	k141_12603	61978	73.684	912	189	560
MW435436.1	k141_12603	61978	76.276	666	149	475
MW435436.1	k141_12603	61978	76.276	666	149	475
MW435436.1	k141_12603	61978	73.479	641	110	377
MW435436.1	k141_12603	61978	77.632	456	93	358
MW435436.1	k141_12603	61978	71.780	691	189	351
MW435436.1	k141_12603	61978	73.048	538	145	317
MW435436.1	k141_12603	61978	73.048	538	145	317
MW435436.1	k141_12603	61978	82.490	257	45	261
MW435436.1	k141_12603	61978	78.571	308	66	259
MW435436.1	k141_12603	61978	78.571	308	66	259
MW435436.1	k141_12603	61978	68.429	643	159	235
MW435436.1	k141_12603	61978	77.104	297	67	226
MW435436.1	k141_12603	61978	77.104	297	67	226
MW435436.1	k141_12603	61978	67.836	684	206	205
MW435436.1	k141_12603	61978	78.414	227	45	179
MW435436.1	k141_12603	61978	80.226	177	35	162
MW435436.1	k141_12603	61978	83.688	141	16	144
MW435436.1	k141_12603	61978	95.062	81	4	129
MW435436.1	k141_12603	61978	93.182	88	5	129
MW435436.1	k141_12603	61978	98.630	73	1	128
MW435436.1	k141_12603	61978	80.741	135	26	127
MW435436.1	k141_12603	61978	82.031	128	21	125
MW435436.1	k141_12603	61978	97.260	73	2	123
MW435436.1	k141_12603	61978	94.805	77	4	122
MW435436.1	k141_12603	61978	95.890	73	3	119
MW435436.1	k141_12603	61978	79.259	135	28	118
MW435436.1	k141_12603	61978	94.595	74	4	116
MW435436.1	k141_12603	61978	90.476	84	3	116
MW435436.1	k141_12603	61978	65.364	563	179	115
MW435436.1	k141_12603	61978	78.986	138	26	113
MW435436.1	k141_12603	61978	90.000	80	8	109
MW435436.1	k141_12603	61978	88.889	81	9	106
MW435436.1	k141_12603	61978	88.889	81	9	106
MW435436.1	k141_12603	61978	90.541	74	7	103
MW435436.1	k141_12603	61978	77.419	124	28	98.7
MW435436.1	k141_12603	61978	85.057	87	11	96.9
MW435436.1	k141_12603	61978	83.146	89	15	94.2
MW435436.1	k141_12603	61978	74.815	135	34	91.5
MW435436.1	k141_12603	61978	78.333	120	19	88.7
MW435436.1	k141_12603	61978	75.556	135	27	87.8
MW435436.1	k141_12603	61978	85.135	74	11	85.1
MW435436.1	k141_12603	61978	80.233	86	17	79.7
MW435436.1	k141_12603	61978	94.872	39	2	62.6
MW435436.1	k141_12603	61978	92.308	39	3	58.1
MW435436.1	k141_12603	61978	83.673	49	8	53.6
MW435436.1	k141_12603	61978	74.242	66	17	43.7
MW435436.1	k141_13532	29192	83.159	1437	242	1501
MW435436.1	k141_13532	29192	78.873	1704	357	1440
MW435436.1	k141_13532	29192	80.485	1568	299	1428
MW435436.1	k141_13532	29192	82.937	715	113	735
MW435436.1	k141_13532	29192	76.014	863	199	595
MW435436.1	k141_13532	29192	82.437	558	88	556
MW435436.1	k141_13532	29192	79.927	548	97	487
MW435436.1	k141_13532	29192	69.332	1138	306	460
MW435436.1	k141_13532	29192	71.918	730	192	364
MW435436.1	k141_13532	29192	70.013	777	202	361
MW435436.1	k141_13532	29192	70.013	777	202	361
MW435436.1	k141_13532	29192	77.480	373	84	295
MW435436.1	k141_13532	29192	76.031	388	93	281
MW435436.1	k141_13532	29192	68.934	647	191	239
MW435436.1	k141_13532	29192	75.593	295	72	208
MW435436.1	k141_13532	29192	72.376	362	92	205
MW435436.1	k141_13532	29192	78.365	208	45	173
MW435436.1	k141_13532	29192	73.516	219	58	134
MW435436.1	k141_13532	29192	67.742	403	128	134
MW435436.1	k141_13532	29192	64.847	458	114	130
MW435436.1	k141_13532	29192	82.456	114	20	116
MW435436.1	k141_13532	29192	92.405	79	6	116
MW435436.1	k141_13532	29192	67.262	336	58	113
MW435436.1	k141_13532	29192	79.365	126	25	107
MW435436.1	k141_13532	29192	88.158	76	9	97.8
MW435436.1	k141_13532	29192	88.158	76	9	97.8
MW435436.1	k141_13532	29192	73.171	123	33	74.3
MW435436.1	k141_13532	29192	77.966	59	13	49.1
MW435436.1	k141_47168	19321	76.174	1746	398	1254
MW435436.1	k141_47168	19321	70.646	1843	499	865
MW435436.1	k141_47168	19321	74.194	1116	276	699
MW435436.1	k141_47168	19321	74.194	1116	276	699
MW435436.1	k141_47168	19321	73.527	1171	268	672
MW435436.1	k141_47168	19321	69.337	799	229	311
MW435436.1	k141_47168	19321	75.159	314	78	215
MW435436.1	k141_47168	19321	91.358	81	7	115
MW435436.1	k141_47168	19321	87.500	48	5	57.2
MW435436.1	k141_3291	3779	70.281	1245	284	534
MW435436.1	k141_3291	3779	70.281	1245	284	534
MW435436.1	k141_3291	3779	88.333	60	7	77.9
MW435436.1	k141_3291	3779	88.333	60	7	77.9
MW435436.1	k141_43335	399	87.766	376	37	475
MW435436.1	k141_43335	399	87.766	376	37	475
MW435436.1	k141_18845	1921	69.541	893	214	347
MW435436.1	k141_18845	1921	69.541	893	214	347
MW435436.1	k141_18845	1921	65.184	517	148	110
MW435436.1	k141_18845	1921	65.184	517	148	110
MW435436.1	k141_45699	919	65.677	775	219	183
MW435436.1	k141_50210	1221	74.779	226	55	144
MW435436.1	k141_50210	1221	74.779	226	55	144
MW435436.1	k141_32258	985	89.744	78	8	105
MW435436.1	k141_32258	985	89.744	78	8	105
MW435436.1	k141_15538	560	90.411	73	7	101
MW435436.1	k141_38146	545	71.134	194	50	86.0
MW435436.1	k141_38146	545	71.134	194	50	86.0
MW435436.1	k141_41233	2285	78.652	89	19	76.1
MW435436.1	k141_41233	2285	78.652	89	19	76.1
MW435436.1	k141_34013	1804	78.161	87	19	72.5
NC_037882.1	k141_3855	10090	88.174	3763	344	4723
NC_037882.1	k141_3855	10090	88.174	3763	344	4723
NC_037882.1	k141_3855	10090	82.695	3814	422	3834
NC_037882.1	k141_3855	10090	82.695	3814	422	3834
NC_037882.1	k141_3855	10090	94.937	79	4	125
NC_037882.1	k141_3855	10090	94.937	79	4	125
NC_037882.1	k141_3855	10090	82.178	101	12	98.7
NC_037882.1	k141_3855	10090	82.178	101	12	98.7
NC_037882.1	k141_12603	61978	81.462	4542	840	4388
NC_037882.1	k141_12603	61978	84.505	2446	378	2700
NC_037882.1	k141_12603	61978	69.471	3708	1031	1499
NC_037882.1	k141_12603	61978	89.094	1082	116	1417
NC_037882.1	k141_12603	61978	74.353	2086	477	1349
NC_037882.1	k141_12603	61978	72.566	1294	318	704
NC_037882.1	k141_12603	61978	73.751	1101	269	670
NC_037882.1	k141_12603	61978	77.809	712	151	565
NC_037882.1	k141_12603	61978	73.304	914	194	554
NC_037882.1	k141_12603	61978	75.526	666	154	453
NC_037882.1	k141_12603	61978	75.526	666	154	453
NC_037882.1	k141_12603	61978	74.839	620	121	398
NC_037882.1	k141_12603	61978	72.688	692	185	391
NC_037882.1	k141_12603	61978	76.891	476	106	358
NC_037882.1	k141_12603	61978	75.922	461	111	332
NC_037882.1	k141_12603	61978	75.922	461	111	332
NC_037882.1	k141_12603	61978	73.420	538	143	326
NC_037882.1	k141_12603	61978	73.420	538	143	326
NC_037882.1	k141_12603	61978	82.422	256	45	260
NC_037882.1	k141_12603	61978	78.571	308	66	259
NC_037882.1	k141_12603	61978	78.571	308	66	259
NC_037882.1	k141_12603	61978	68.750	656	191	227
NC_037882.1	k141_12603	61978	70.404	446	103	209
NC_037882.1	k141_12603	61978	77.215	237	52	182
NC_037882.1	k141_12603	61978	82.486	177	31	180
NC_037882.1	k141_12603	61978	70.509	373	82	158
NC_037882.1	k141_12603	61978	81.343	134	25	130
NC_037882.1	k141_12603	61978	93.182	88	5	129
NC_037882.1	k141_12603	61978	95.000	80	4	127
NC_037882.1	k141_12603	61978	98.592	71	1	124
NC_037882.1	k141_12603	61978	97.260	73	2	123
NC_037882.1	k141_12603	61978	93.750	80	5	123
NC_037882.1	k141_12603	61978	79.562	137	28	122
NC_037882.1	k141_12603	61978	90.805	87	8	122
NC_037882.1	k141_12603	61978	88.776	98	8	122
NC_037882.1	k141_12603	61978	94.737	76	4	120
NC_037882.1	k141_12603	61978	87.629	97	10	119
NC_037882.1	k141_12603	61978	94.595	74	4	116
NC_037882.1	k141_12603	61978	80.645	124	24	116
NC_037882.1	k141_12603	61978	94.521	73	4	114
NC_037882.1	k141_12603	61978	68.610	223	25	110
NC_037882.1	k141_12603	61978	88.889	81	9	106
NC_037882.1	k141_12603	61978	88.889	81	9	106
NC_037882.1	k141_12603	61978	80.531	113	21	102
NC_037882.1	k141_12603	61978	87.324	71	9	88.7
NC_037882.1	k141_12603	61978	75.758	132	22	86.0
NC_037882.1	k141_12603	61978	74.074	135	27	80.6
NC_037882.1	k141_12603	61978	95.652	46	2	75.2
NC_037882.1	k141_12603	61978	79.070	86	18	75.2
NC_037882.1	k141_12603	61978	97.436	39	1	67.1
NC_037882.1	k141_12603	61978	90.909	44	4	62.6
NC_037882.1	k141_12603	61978	81.633	49	9	49.1
NC_037882.1	k141_12603	61978	72.727	66	18	39.2
NC_037882.1	k141_13532	29192	83.967	1447	230	1557
NC_037882.1	k141_13532	29192	80.995	1568	291	1464
NC_037882.1	k141_13532	29192	77.908	1797	388	1433
NC_037882.1	k141_13532	29192	83.006	712	120	736
NC_037882.1	k141_13532	29192	77.408	872	185	664
NC_037882.1	k141_13532	29192	81.326	573	98	542
NC_037882.1	k141_13532	29192	74.226	807	176	502
NC_037882.1	k141_13532	29192	67.471	1451	398	489
NC_037882.1	k141_13532	29192	70.082	1103	288	472
NC_037882.1	k141_13532	29192	68.674	1063	291	427
NC_037882.1	k141_13532	29192	73.011	704	175	373
NC_037882.1	k141_13532	29192	80.109	367	73	334
NC_037882.1	k141_13532	29192	77.428	381	84	293
NC_037882.1	k141_13532	29192	78.548	303	65	254
NC_037882.1	k141_13532	29192	68.879	678	185	237
NC_037882.1	k141_13532	29192	71.734	421	115	218
NC_037882.1	k141_13532	29192	80.513	195	38	181
NC_037882.1	k141_13532	29192	68.085	517	133	159
NC_037882.1	k141_13532	29192	66.219	447	114	150
NC_037882.1	k141_13532	29192	67.920	399	124	129
NC_037882.1	k141_13532	29192	93.671	79	5	121
NC_037882.1	k141_13532	29192	90.361	83	8	114
NC_037882.1	k141_13532	29192	81.579	114	21	112
NC_037882.1	k141_13532	29192	79.825	114	20	101
NC_037882.1	k141_13532	29192	72.678	183	47	99.6
NC_037882.1	k141_13532	29192	67.500	320	86	98.7
NC_037882.1	k141_13532	29192	88.158	76	9	97.8
NC_037882.1	k141_13532	29192	88.158	76	9	97.8
NC_037882.1	k141_13532	29192	65.207	411	131	90.6
NC_037882.1	k141_13532	29192	69.014	213	60	79.7
NC_037882.1	k141_47168	19321	76.575	1746	393	1284
NC_037882.1	k141_47168	19321	70.708	1823	491	843
NC_037882.1	k141_47168	19321	74.394	1113	273	716
NC_037882.1	k141_47168	19321	74.020	1174	261	688
NC_037882.1	k141_47168	19321	69.603	806	217	339
NC_037882.1	k141_47168	19321	75.166	302	69	199
NC_037882.1	k141_47168	19321	92.593	81	6	120
NC_037882.1	k141_47168	19321	64.209	556	189	88.7
NC_037882.1	k141_47168	19321	91.304	46	4	66.2
NC_037882.1	k141_47168	19321	87.500	48	5	57.2
NC_037882.1	k141_3291	3779	70.314	1243	287	540
NC_037882.1	k141_3291	3779	70.314	1243	287	540
NC_037882.1	k141_3291	3779	88.333	60	7	77.9
NC_037882.1	k141_3291	3779	88.333	60	7	77.9
NC_037882.1	k141_43335	399	84.840	376	36	436
NC_037882.1	k141_43335	399	84.840	376	36	436
NC_037882.1	k141_18845	1921	69.653	893	213	352
NC_037882.1	k141_18845	1921	69.653	893	213	352
NC_037882.1	k141_18845	1921	65.184	517	148	110
NC_037882.1	k141_18845	1921	65.184	517	148	110
NC_037882.1	k141_45699	919	66.407	771	220	218
NC_037882.1	k141_50210	1221	74.336	226	56	140
NC_037882.1	k141_50210	1221	74.336	226	56	140
NC_037882.1	k141_32258	985	91.026	78	7	110
NC_037882.1	k141_32258	985	91.026	78	7	110
NC_037882.1	k141_15538	560	89.041	73	8	96.9
NC_037882.1	k141_38146	545	71.429	182	48	85.1
NC_037882.1	k141_38146	545	71.429	182	48	85.1
NC_037882.1	k141_41233	2285	78.652	89	19	76.1
NC_037882.1	k141_4249	557	77.941	68	15	56.3
NC_056190.1	k141_3855	10090	88.286	3739	327	4716
NC_056190.1	k141_3855	10090	88.286	3739	327	4716
NC_056190.1	k141_3855	10090	82.367	3828	410	3802
NC_056190.1	k141_3855	10090	82.367	3828	410	3802
NC_056190.1	k141_3855	10090	93.671	79	5	121
NC_056190.1	k141_3855	10090	93.671	79	5	121
NC_056190.1	k141_3855	10090	85.149	101	9	112
NC_056190.1	k141_3855	10090	85.149	101	9	112
NC_056190.1	k141_12603	61978	81.499	4535	837	4389
NC_056190.1	k141_12603	61978	84.200	2443	386	2666
NC_056190.1	k141_12603	61978	70.176	3695	1015	1594
NC_056190.1	k141_12603	61978	89.212	1066	113	1402
NC_056190.1	k141_12603	61978	74.583	2097	457	1362
NC_056190.1	k141_12603	61978	71.761	1289	330	665
NC_056190.1	k141_12603	61978	72.303	1094	293	590
NC_056190.1	k141_12603	61978	78.080	698	148	561
NC_056190.1	k141_12603	61978	76.577	666	147	484
NC_056190.1	k141_12603	61978	76.577	666	147	484
NC_056190.1	k141_12603	61978	75.041	617	123	402
NC_056190.1	k141_12603	61978	72.029	690	189	370
NC_056190.1	k141_12603	61978	73.606	538	142	331
NC_056190.1	k141_12603	61978	73.606	538	142	331
NC_056190.1	k141_12603	61978	75.705	461	112	327
NC_056190.1	k141_12603	61978	75.705	461	112	327
NC_056190.1	k141_12603	61978	74.713	435	86	297
NC_056190.1	k141_12603	61978	83.268	257	43	270
NC_056190.1	k141_12603	61978	77.961	304	67	247
NC_056190.1	k141_12603	61978	77.961	304	67	247
NC_056190.1	k141_12603	61978	71.125	471	101	228
NC_056190.1	k141_12603	61978	82.090	201	34	198
NC_056190.1	k141_12603	61978	79.149	235	44	186
NC_056190.1	k141_12603	61978	80.226	177	35	162
NC_056190.1	k141_12603	61978	70.235	383	85	159
NC_056190.1	k141_12603	61978	66.519	678	203	159
NC_056190.1	k141_12603	61978	100.000	73	0	132
NC_056190.1	k141_12603	61978	97.403	77	2	131
NC_056190.1	k141_12603	61978	96.154	78	3	128
NC_056190.1	k141_12603	61978	91.954	87	7	126
NC_056190.1	k141_12603	61978	92.045	88	6	124
NC_056190.1	k141_12603	61978	98.592	71	1	124
NC_056190.1	k141_12603	61978	94.805	77	4	122
NC_056190.1	k141_12603	61978	81.452	124	23	121
NC_056190.1	k141_12603	61978	95.946	74	3	121
NC_056190.1	k141_12603	61978	79.412	136	28	120
NC_056190.1	k141_12603	61978	84.956	113	12	119
NC_056190.1	k141_12603	61978	94.444	72	4	113
NC_056190.1	k141_12603	61978	82.407	108	19	110
NC_056190.1	k141_12603	61978	88.889	81	9	106
NC_056190.1	k141_12603	61978	88.889	81	9	106
NC_056190.1	k141_12603	61978	67.907	215	29	100
NC_056190.1	k141_12603	61978	64.413	562	186	98.7
NC_056190.1	k141_12603	61978	87.838	74	9	94.2
NC_056190.1	k141_12603	61978	70.588	221	43	90.6
NC_056190.1	k141_12603	61978	88.732	71	6	86.0
NC_056190.1	k141_12603	61978	80.000	90	18	82.4
NC_056190.1	k141_12603	61978	79.070	86	18	75.2
NC_056190.1	k141_12603	61978	93.182	44	3	67.1
NC_056190.1	k141_12603	61978	84.746	59	5	66.2
NC_056190.1	k141_12603	61978	73.563	87	23	54.5
NC_056190.1	k141_12603	61978	75.758	66	16	48.2
NC_056190.1	k141_13532	29192	82.835	1439	247	1482
NC_056190.1	k141_13532	29192	78.002	1782	385	1431
NC_056190.1	k141_13532	29192	79.874	1590	314	1413
NC_056190.1	k141_13532	29192	81.933	714	120	701
NC_056190.1	k141_13532	29192	75.779	867	196	590
NC_056190.1	k141_13532	29192	81.705	563	93	543
NC_056190.1	k141_13532	29192	75.125	800	164	537
NC_056190.1	k141_13532	29192	68.229	1152	310	420
NC_056190.1	k141_13532	29192	68.361	1141	313	407
NC_056190.1	k141_13532	29192	66.280	1551	409	371
NC_056190.1	k141_13532	29192	71.053	722	200	342
NC_056190.1	k141_13532	29192	75.835	389	92	271
NC_056190.1	k141_13532	29192	74.309	362	85	237
NC_056190.1	k141_13532	29192	71.065	432	125	216
NC_056190.1	k141_13532	29192	74.613	323	82	214
NC_056190.1	k141_13532	29192	69.112	518	135	200
NC_056190.1	k141_13532	29192	66.462	653	197	157
NC_056190.1	k141_13532	29192	66.968	442	115	145
NC_056190.1	k141_13532	29192	67.669	399	125	124
NC_056190.1	k141_13532	29192	78.000	150	32	119
NC_056190.1	k141_13532	29192	72.772	202	55	117
NC_056190.1	k141_13532	29192	92.405	79	6	116
NC_056190.1	k141_13532	29192	88.372	86	10	111
NC_056190.1	k141_13532	29192	77.397	146	25	104
NC_056190.1	k141_13532	29192	88.158	76	9	97.8
NC_056190.1	k141_13532	29192	88.158	76	9	97.8
NC_056190.1	k141_13532	29192	80.000	105	21	96.0
NC_056190.1	k141_13532	29192	72.549	153	41	84.2
NC_056190.1	k141_47168	19321	73.938	1742	423	1078
NC_056190.1	k141_47168	19321	68.792	894	225	336
NC_056190.1	k141_47168	19321	69.428	664	166	267
NC_056190.1	k141_47168	19321	67.714	796	233	259
NC_056190.1	k141_47168	19321	73.518	253	44	158
NC_056190.1	k141_47168	19321	72.835	254	59	152
NC_056190.1	k141_47168	19321	95.000	80	4	127
NC_056190.1	k141_47168	19321	79.817	109	22	98.7
NC_056190.1	k141_47168	19321	68.800	250	74	95.1
NC_056190.1	k141_47168	19321	81.690	71	13	70.7
NC_056190.1	k141_3291	3779	70.335	1254	290	546
NC_056190.1	k141_3291	3779	70.335	1254	290	546
NC_056190.1	k141_3291	3779	88.333	60	7	77.9
NC_056190.1	k141_3291	3779	88.333	60	7	77.9
NC_056190.1	k141_18845	1921	69.541	893	214	347
NC_056190.1	k141_18845	1921	69.541	893	214	347
NC_056190.1	k141_18845	1921	64.627	523	147	104
NC_056190.1	k141_18845	1921	64.627	523	147	104
NC_056190.1	k141_45699	919	66.313	849	241	229
NC_056190.1	k141_43335	399	90.647	139	13	193
NC_056190.1	k141_43335	399	90.647	139	13	193
NC_056190.1	k141_50210	1221	74.336	226	56	140
NC_056190.1	k141_50210	1221	74.336	226	56	140
NC_056190.1	k141_32258	985	92.308	78	6	114
NC_056190.1	k141_32258	985	92.308	78	6	114
NC_056190.1	k141_15538	560	89.041	73	8	96.9
NC_056190.1	k141_38146	545	71.429	182	48	85.1
NC_056190.1	k141_38146	545	71.429	182	48	85.1
NC_056190.1	k141_4249	557	78.462	65	14	55.4
MN564931.1	k141_3855	10090	90.509	3382	256	4612
MN564931.1	k141_3855	10090	90.509	3382	256	4612
MN564931.1	k141_3855	10090	86.664	2617	232	3090
MN564931.1	k141_3855	10090	86.664	2617	232	3090
MN564931.1	k141_3855	10090	77.960	1039	173	802
MN564931.1	k141_3855	10090	77.960	1039	173	802
MN564931.1	k141_3855	10090	80.093	216	33	187
MN564931.1	k141_3855	10090	80.093	216	33	187
MN564931.1	k141_3855	10090	94.937	79	4	125
MN564931.1	k141_3855	10090	94.937	79	4	125
MN564931.1	k141_3855	10090	83.168	101	11	103
MN564931.1	k141_3855	10090	83.168	101	11	103
MN564931.1	k141_12603	61978	81.169	4535	850	4314
MN564931.1	k141_12603	61978	82.924	2442	417	2525
MN564931.1	k141_12603	61978	69.360	3750	1046	1464
MN564931.1	k141_12603	61978	88.372	1075	124	1372
MN564931.1	k141_12603	61978	74.641	1948	439	1273
MN564931.1	k141_12603	61978	72.462	1300	315	702
MN564931.1	k141_12603	61978	70.437	1326	370	609
MN564931.1	k141_12603	61978	78.762	711	146	593
MN564931.1	k141_12603	61978	74.770	868	187	563
MN564931.1	k141_12603	61978	75.976	666	151	466
MN564931.1	k141_12603	61978	75.976	666	151	466
MN564931.1	k141_12603	61978	72.152	711	193	381
MN564931.1	k141_12603	61978	73.667	619	132	365
MN564931.1	k141_12603	61978	76.940	451	98	333
MN564931.1	k141_12603	61978	73.420	538	143	326
MN564931.1	k141_12603	61978	73.420	538	143	326
MN564931.1	k141_12603	61978	74.620	461	117	305
MN564931.1	k141_12603	61978	74.620	461	117	305
MN564931.1	k141_12603	61978	83.268	257	43	270
MN564931.1	k141_12603	61978	79.221	308	64	268
MN564931.1	k141_12603	61978	79.221	308	64	268
MN564931.1	k141_12603	61978	72.414	435	98	237
MN564931.1	k141_12603	61978	67.737	654	201	211
MN564931.1	k141_12603	61978	77.679	224	41	174
MN564931.1	k141_12603	61978	80.682	176	34	165
MN564931.1	k141_12603	61978	82.609	138	16	140
MN564931.1	k141_12603	61978	82.517	143	17	135
MN564931.1	k141_12603	61978	100.000	71	0	129
MN564931.1	k141_12603	61978	93.023	86	4	126
MN564931.1	k141_12603	61978	80.597	134	26	125
MN564931.1	k141_12603	61978	93.827	81	5	124
MN564931.1	k141_12603	61978	97.260	73	2	123
MN564931.1	k141_12603	61978	94.805	77	4	122
MN564931.1	k141_12603	61978	97.222	72	2	122
MN564931.1	k141_12603	61978	93.590	78	5	119
MN564931.1	k141_12603	61978	89.773	88	8	115
MN564931.1	k141_12603	61978	80.153	131	24	113
MN564931.1	k141_12603	61978	93.243	74	5	112
MN564931.1	k141_12603	61978	87.640	89	10	108
MN564931.1	k141_12603	61978	87.640	89	10	108
MN564931.1	k141_12603	61978	77.037	135	31	104
MN564931.1	k141_12603	61978	83.516	91	15	97.8
MN564931.1	k141_12603	61978	87.324	71	9	88.7
MN564931.1	k141_12603	61978	86.301	73	10	87.8
MN564931.1	k141_12603	61978	86.111	72	10	86.0
MN564931.1	k141_12603	61978	73.571	140	24	85.1
MN564931.1	k141_12603	61978	79.070	86	18	75.2
MN564931.1	k141_12603	61978	72.650	117	32	68.0
MN564931.1	k141_12603	61978	97.368	38	1	65.3
MN564931.1	k141_12603	61978	75.269	93	23	65.3
MN564931.1	k141_12603	61978	82.979	47	8	50.0
MN564931.1	k141_12603	61978	84.091	44	7	49.1
MN564931.1	k141_12603	61978	73.973	73	19	47.3
MN564931.1	k141_13532	29192	82.471	1449	254	1469
MN564931.1	k141_13532	29192	80.454	1586	307	1457
MN564931.1	k141_13532	29192	77.350	1713	383	1327
MN564931.1	k141_13532	29192	82.511	709	115	715
MN564931.1	k141_13532	29192	76.240	867	193	620
MN564931.1	k141_13532	29192	81.338	568	98	541
MN564931.1	k141_13532	29192	79.242	554	107	480
MN564931.1	k141_13532	29192	65.347	1945	517	458
MN564931.1	k141_13532	29192	68.700	1115	301	423
MN564931.1	k141_13532	29192	71.121	696	182	313
MN564931.1	k141_13532	29192	77.635	389	85	303
MN564931.1	k141_13532	29192	77.297	370	84	289
MN564931.1	k141_13532	29192	68.937	602	149	246
MN564931.1	k141_13532	29192	75.490	306	75	214
MN564931.1	k141_13532	29192	68.476	479	120	167
MN564931.1	k141_13532	29192	81.529	157	29	153
MN564931.1	k141_13532	29192	67.019	567	123	148
MN564931.1	k141_13532	29192	65.695	446	123	129
MN564931.1	k141_13532	29192	93.671	79	5	121
MN564931.1	k141_13532	29192	66.501	403	133	112
MN564931.1	k141_13532	29192	79.675	123	25	110
MN564931.1	k141_13532	29192	88.158	76	9	97.8
MN564931.1	k141_13532	29192	88.158	76	9	97.8
MN564931.1	k141_13532	29192	70.244	205	61	96.0
MN564931.1	k141_13532	29192	78.641	103	22	87.8
MN564931.1	k141_13532	29192	75.833	120	29	86.9
MN564931.1	k141_47168	19321	73.905	2123	483	1247
MN564931.1	k141_47168	19321	71.327	1831	494	896
MN564931.1	k141_47168	19321	75.750	1167	254	788
MN564931.1	k141_47168	19321	74.597	1118	266	712
MN564931.1	k141_47168	19321	67.485	815	219	245
MN564931.1	k141_47168	19321	75.251	299	74	206
MN564931.1	k141_47168	19321	86.607	112	14	132
MN564931.1	k141_47168	19321	77.982	109	24	89.7
MN564931.1	k141_47168	19321	77.982	109	24	89.7
MN564931.1	k141_47168	19321	91.304	46	4	66.2
MN564931.1	k141_47168	19321	85.417	48	6	52.7
MN564931.1	k141_3291	3779	70.394	1243	286	549
MN564931.1	k141_3291	3779	70.394	1243	286	549
MN564931.1	k141_3291	3779	88.333	60	7	77.9
MN564931.1	k141_3291	3779	88.333	60	7	77.9
MN564931.1	k141_43335	399	80.925	346	45	337
MN564931.1	k141_43335	399	80.925	346	45	337
MN564931.1	k141_18845	1921	69.231	884	208	332
MN564931.1	k141_18845	1921	69.231	884	208	332
MN564931.1	k141_18845	1921	65.184	517	148	110
MN564931.1	k141_18845	1921	65.184	517	148	110
MN564931.1	k141_45699	919	65.586	802	237	202
MN564931.1	k141_50210	1221	72.973	259	66	142
MN564931.1	k141_50210	1221	72.973	259	66	142
MN564931.1	k141_32258	985	88.095	84	10	107
MN564931.1	k141_32258	985	88.095	84	10	107
MN564931.1	k141_15538	560	89.041	73	8	96.9
MN564931.1	k141_38146	545	71.429	182	48	85.1
MN564931.1	k141_38146	545	71.429	182	48	85.1
MN564931.1	k141_41233	2285	78.652	89	19	76.1
NC_031651.1	k141_3855	10090	89.122	3723	310	4844
NC_031651.1	k141_3855	10090	89.122	3723	310	4844
NC_031651.1	k141_3855	10090	85.950	2662	254	3066
NC_031651.1	k141_3855	10090	85.950	2662	254	3066
NC_031651.1	k141_3855	10090	78.958	998	152	834
NC_031651.1	k141_3855	10090	78.958	998	152	834
NC_031651.1	k141_3855	10090	94.937	79	4	125
NC_031651.1	k141_3855	10090	94.937	79	4	125
NC_031651.1	k141_3855	10090	84.848	99	13	109
NC_031651.1	k141_3855	10090	84.848	99	13	109
NC_031651.1	k141_12603	61978	80.828	4517	865	4239
NC_031651.1	k141_12603	61978	83.730	2440	396	2608
NC_031651.1	k141_12603	61978	69.837	3670	1020	1544
NC_031651.1	k141_12603	61978	88.262	1082	125	1377
NC_031651.1	k141_12603	61978	74.238	2100	465	1345
NC_031651.1	k141_12603	61978	71.705	1290	337	671
NC_031651.1	k141_12603	61978	74.034	1113	259	664
NC_031651.1	k141_12603	61978	79.549	709	136	607
NC_031651.1	k141_12603	61978	75.391	894	192	601
NC_031651.1	k141_12603	61978	76.577	666	147	484
NC_031651.1	k141_12603	61978	76.577	666	147	484
NC_031651.1	k141_12603	61978	74.747	693	165	430
NC_031651.1	k141_12603	61978	73.786	618	124	370
NC_031651.1	k141_12603	61978	77.827	451	93	356
NC_031651.1	k141_12603	61978	74.237	524	135	337
NC_031651.1	k141_12603	61978	74.237	524	135	337
NC_031651.1	k141_12603	61978	75.922	461	111	332
NC_031651.1	k141_12603	61978	75.922	461	111	332
NC_031651.1	k141_12603	61978	83.268	257	43	270
NC_031651.1	k141_12603	61978	78.571	308	66	259
NC_031651.1	k141_12603	61978	78.571	308	66	259
NC_031651.1	k141_12603	61978	68.460	669	205	234
NC_031651.1	k141_12603	61978	72.248	436	110	224
NC_031651.1	k141_12603	61978	78.475	223	44	177
NC_031651.1	k141_12603	61978	79.661	177	36	158
NC_031651.1	k141_12603	61978	83.099	142	17	146
NC_031651.1	k141_12603	61978	98.684	76	1	133
NC_031651.1	k141_12603	61978	97.368	76	2	129
NC_031651.1	k141_12603	61978	98.630	73	1	128
NC_031651.1	k141_12603	61978	89.691	97	9	127
NC_031651.1	k141_12603	61978	88.350	103	10	125
NC_031651.1	k141_12603	61978	93.827	81	5	124
NC_031651.1	k141_12603	61978	95.946	74	3	121
NC_031651.1	k141_12603	61978	93.590	78	5	119
NC_031651.1	k141_12603	61978	93.333	75	5	113
NC_031651.1	k141_12603	61978	93.243	74	5	112
NC_031651.1	k141_12603	61978	90.123	81	8	111
NC_031651.1	k141_12603	61978	90.123	81	8	111
NC_031651.1	k141_12603	61978	78.626	131	28	111
NC_031651.1	k141_12603	61978	79.200	125	26	109
NC_031651.1	k141_12603	61978	91.892	74	6	107
NC_031651.1	k141_12603	61978	89.474	76	8	102
NC_031651.1	k141_12603	61978	76.389	144	26	96.9
NC_031651.1	k141_12603	61978	68.396	212	28	94.2
NC_031651.1	k141_12603	61978	76.087	138	26	89.7
NC_031651.1	k141_12603	61978	81.319	91	17	88.7
NC_031651.1	k141_12603	61978	87.500	72	7	83.3
NC_031651.1	k141_12603	61978	80.233	86	17	79.7
NC_031651.1	k141_12603	61978	66.667	243	80	70.7
NC_031651.1	k141_12603	61978	85.965	57	5	66.2
NC_031651.1	k141_12603	61978	83.673	49	8	53.6
NC_031651.1	k141_12603	61978	72.289	83	23	47.3
NC_031651.1	k141_12603	61978	72.727	66	18	39.2
NC_031651.1	k141_13532	29192	80.742	1563	296	1449
NC_031651.1	k141_13532	29192	81.755	1447	262	1413
NC_031651.1	k141_13532	29192	77.385	1698	381	1321
NC_031651.1	k141_13532	29192	82.578	706	122	716
NC_031651.1	k141_13532	29192	76.112	787	164	558
NC_031651.1	k141_13532	29192	73.898	862	219	537
NC_031651.1	k141_13532	29192	81.329	557	96	530
NC_031651.1	k141_13532	29192	69.307	1111	299	446
NC_031651.1	k141_13532	29192	71.550	703	189	341
NC_031651.1	k141_13532	29192	77.863	393	84	315
NC_031651.1	k141_13532	29192	77.635	389	85	303
NC_031651.1	k141_13532	29192	66.915	671	186	220
NC_031651.1	k141_13532	29192	67.951	649	191	208
NC_031651.1	k141_13532	29192	70.602	432	127	207
NC_031651.1	k141_13532	29192	70.602	432	127	207
NC_031651.1	k141_13532	29192	74.419	301	77	196
NC_031651.1	k141_13532	29192	73.397	312	83	189
NC_031651.1	k141_13532	29192	78.947	209	44	179
NC_031651.1	k141_13532	29192	73.894	226	59	142
NC_031651.1	k141_13532	29192	66.284	436	118	137
NC_031651.1	k141_13532	29192	67.969	384	115	128
NC_031651.1	k141_13532	29192	88.421	95	7	122
NC_031651.1	k141_13532	29192	93.671	79	5	121
NC_031651.1	k141_13532	29192	80.672	119	20	110
NC_031651.1	k141_13532	29192	81.818	110	18	106
NC_031651.1	k141_13532	29192	66.029	418	135	98.7
NC_031651.1	k141_13532	29192	78.947	114	24	98.7
NC_031651.1	k141_13532	29192	88.000	75	9	96.0
NC_031651.1	k141_13532	29192	88.000	75	9	96.0
NC_031651.1	k141_47168	19321	77.268	1742	380	1335
NC_031651.1	k141_47168	19321	71.546	1824	482	925
NC_031651.1	k141_47168	19321	74.589	1094	268	693
NC_031651.1	k141_47168	19321	73.494	1162	276	682
NC_031651.1	k141_47168	19321	69.776	804	213	328
NC_031651.1	k141_47168	19321	76.254	299	71	220
NC_031651.1	k141_47168	19321	93.827	81	5	124
NC_031651.1	k141_47168	19321	77.982	109	24	89.7
NC_031651.1	k141_3291	3779	70.706	1246	277	560
NC_031651.1	k141_3291	3779	70.706	1246	277	560
NC_031651.1	k141_3291	3779	88.333	60	7	77.9
NC_031651.1	k141_3291	3779	88.333	60	7	77.9
NC_031651.1	k141_18845	1921	69.731	892	214	361
NC_031651.1	k141_18845	1921	69.731	892	214	361
NC_031651.1	k141_18845	1921	64.797	517	150	101
NC_031651.1	k141_18845	1921	64.797	517	150	101
NC_031651.1	k141_43335	399	77.632	380	64	304
NC_031651.1	k141_45699	919	65.410	769	231	179
NC_031651.1	k141_50210	1221	74.336	226	56	140
NC_031651.1	k141_50210	1221	74.336	226	56	140
NC_031651.1	k141_32258	985	91.250	80	7	113
NC_031651.1	k141_32258	985	91.250	80	7	113
NC_031651.1	k141_15538	560	89.189	74	8	98.7
NC_031651.1	k141_41233	2285	73.134	134	36	80.6
NC_031651.1	k141_38146	545	70.879	182	49	80.6
NC_031651.1	k141_38146	545	70.879	182	49	80.6
NC_031651.1	k141_42825	741	86.000	50	7	59.9
NC_031651.1	k141_4249	557	75.000	68	17	47.3
NC_031651.1	k141_35586	502	84.211	38	6	42.8
MW366789.1	k141_3855	10090	86.654	3739	370	4439
MW366789.1	k141_3855	10090	86.654	3739	370	4439
MW366789.1	k141_3855	10090	88.157	1731	134	2186
MW366789.1	k141_3855	10090	88.157	1731	134	2186
MW366789.1	k141_3855	10090	77.110	948	146	715
MW366789.1	k141_3855	10090	77.110	948	146	715
MW366789.1	k141_3855	10090	73.736	613	98	347
MW366789.1	k141_3855	10090	73.736	613	98	347
MW366789.1	k141_3855	10090	92.199	141	7	205
MW366789.1	k141_3855	10090	92.199	141	7	205
MW366789.1	k141_3855	10090	89.130	92	8	119
MW366789.1	k141_3855	10090	91.358	81	7	115
MW366789.1	k141_3855	10090	91.358	81	7	115
MW366789.1	k141_3855	10090	93.506	77	4	113
MW366789.1	k141_3855	10090	93.506	77	4	113
MW366789.1	k141_3855	10090	91.892	74	6	107
MW366789.1	k141_3855	10090	91.892	74	6	107
MW366789.1	k141_12603	61978	81.694	4534	825	4426
MW366789.1	k141_12603	61978	81.694	4534	825	4426
MW366789.1	k141_12603	61978	83.753	2462	398	2630
MW366789.1	k141_12603	61978	68.994	3609	1027	1371
MW366789.1	k141_12603	61978	87.974	1081	128	1361
MW366789.1	k141_12603	61978	74.221	2118	473	1285
MW366789.1	k141_12603	61978	71.533	1370	356	690
MW366789.1	k141_12603	61978	77.997	709	151	567
MW366789.1	k141_12603	61978	74.881	840	182	559
MW366789.1	k141_12603	61978	69.382	1326	356	526
MW366789.1	k141_12603	61978	76.807	664	149	495
MW366789.1	k141_12603	61978	76.807	664	149	495
MW366789.1	k141_12603	61978	74.960	619	111	399
MW366789.1	k141_12603	61978	76.042	480	106	334
MW366789.1	k141_12603	61978	73.234	538	144	322
MW366789.1	k141_12603	61978	73.234	538	144	322
MW366789.1	k141_12603	61978	70.405	740	177	314
MW366789.1	k141_12603	61978	85.214	257	38	293
MW366789.1	k141_12603	61978	78.317	309	65	249
MW366789.1	k141_12603	61978	78.317	309	65	249
MW366789.1	k141_12603	61978	67.785	596	180	189
MW366789.1	k141_12603	61978	74.205	283	73	182
MW366789.1	k141_12603	61978	69.333	450	128	181
MW366789.1	k141_12603	61978	69.333	450	128	181
MW366789.1	k141_12603	61978	79.630	162	33	144
MW366789.1	k141_12603	61978	92.308	91	6	130
MW366789.1	k141_12603	61978	96.053	76	3	124
MW366789.1	k141_12603	61978	94.872	78	4	123
MW366789.1	k141_12603	61978	80.620	129	25	121
MW366789.1	k141_12603	61978	95.946	74	3	121
MW366789.1	k141_12603	61978	95.946	74	3	121
MW366789.1	k141_12603	61978	93.506	77	5	117
MW366789.1	k141_12603	61978	80.916	131	14	116
MW366789.1	k141_12603	61978	77.848	158	29	115
MW366789.1	k141_12603	61978	94.595	74	3	113
MW366789.1	k141_12603	61978	85.149	101	14	112
MW366789.1	k141_12603	61978	85.149	101	14	112
MW366789.1	k141_12603	61978	79.032	124	26	107
MW366789.1	k141_12603	61978	79.032	124	26	107
MW366789.1	k141_12603	61978	88.095	84	8	104
MW366789.1	k141_12603	61978	91.781	73	5	102
MW366789.1	k141_12603	61978	91.781	73	5	102
MW366789.1	k141_12603	61978	79.646	113	23	101
MW366789.1	k141_12603	61978	79.130	115	21	98.7
MW366789.1	k141_12603	61978	74.251	167	33	90.6
MW366789.1	k141_12603	61978	85.714	77	9	87.8
MW366789.1	k141_12603	61978	80.682	88	17	83.3
MW366789.1	k141_12603	61978	83.099	71	12	75.2
MW366789.1	k141_12603	61978	92.453	53	3	75.2
MW366789.1	k141_12603	61978	90.000	50	5	68.9
MW366789.1	k141_12603	61978	67.961	206	64	68.0
MW366789.1	k141_12603	61978	67.961	206	64	68.0
MW366789.1	k141_12603	61978	74.000	100	24	57.2
MW366789.1	k141_12603	61978	72.414	87	17	51.8
MW366789.1	k141_12603	61978	75.000	68	17	47.3
MW366789.1	k141_13532	29192	83.659	1432	234	1528
MW366789.1	k141_13532	29192	78.966	1702	355	1445
MW366789.1	k141_13532	29192	81.024	1523	287	1437
MW366789.1	k141_13532	29192	82.361	720	115	719
MW366789.1	k141_13532	29192	75.377	861	208	583
MW366789.1	k141_13532	29192	81.913	575	97	557
MW366789.1	k141_13532	29192	75.610	779	169	532
MW366789.1	k141_13532	29192	77.238	391	83	292
MW366789.1	k141_13532	29192	66.700	988	264	268
MW366789.1	k141_13532	29192	71.754	439	107	235
MW366789.1	k141_13532	29192	71.754	439	107	235
MW366789.1	k141_13532	29192	82.778	180	23	184
MW366789.1	k141_13532	29192	82.778	180	23	184
MW366789.1	k141_13532	29192	70.659	334	94	147
MW366789.1	k141_13532	29192	96.104	77	3	126
MW366789.1	k141_13532	29192	82.400	125	20	120
MW366789.1	k141_13532	29192	72.170	212	53	113
MW366789.1	k141_13532	29192	69.630	270	80	111
MW366789.1	k141_13532	29192	67.290	321	51	110
MW366789.1	k141_13532	29192	64.286	476	115	106
MW366789.1	k141_13532	29192	70.283	212	57	96.0
MW366789.1	k141_13532	29192	86.842	76	10	93.3
MW366789.1	k141_13532	29192	86.842	76	10	93.3
MW366789.1	k141_13532	29192	70.681	191	54	86.0
MW366789.1	k141_13532	29192	91.304	46	3	62.6
MW366789.1	k141_13532	29192	94.737	38	2	60.8
MW366789.1	k141_13532	29192	86.047	43	6	51.8
MW366789.1	k141_47168	19321	76.595	1756	378	1295
MW366789.1	k141_47168	19321	76.595	1756	378	1295
MW366789.1	k141_47168	19321	71.568	1850	476	916
MW366789.1	k141_47168	19321	74.249	1165	272	711
MW366789.1	k141_47168	19321	74.249	1165	272	711
MW366789.1	k141_47168	19321	74.371	1112	273	705
MW366789.1	k141_47168	19321	71.250	560	130	259
MW366789.1	k141_47168	19321	72.340	329	85	176
MW366789.1	k141_47168	19321	88.421	95	10	119
MW366789.1	k141_3291	3779	69.406	1229	299	479
MW366789.1	k141_3291	3779	69.406	1229	299	479
MW366789.1	k141_3291	3779	91.667	60	5	86.9
MW366789.1	k141_3291	3779	91.667	60	5	86.9
MW366789.1	k141_3291	3779	90.000	60	6	82.4
MW366789.1	k141_3291	3779	90.000	60	6	82.4
MW366789.1	k141_18845	1921	69.932	878	216	356
MW366789.1	k141_18845	1921	69.932	878	216	356
MW366789.1	k141_18845	1921	68.182	440	129	137
MW366789.1	k141_18845	1921	68.182	440	129	137
MW366789.1	k141_45699	919	66.587	838	237	230
MW366789.1	k141_50210	1221	73.894	226	57	135
MW366789.1	k141_50210	1221	73.894	226	57	135
MW366789.1	k141_32258	985	90.909	77	7	108
MW366789.1	k141_32258	985	90.909	77	7	108
MW366789.1	k141_38146	545	72.316	177	49	99.6
MW366789.1	k141_38146	545	72.316	177	49	99.6
MW366789.1	k141_41233	2285	74.286	140	36	91.5
KT899950.1	k141_3855	10090	88.883	3724	318	4810
KT899950.1	k141_3855	10090	88.883	3724	318	4810
KT899950.1	k141_3855	10090	83.075	3811	419	3908
KT899950.1	k141_3855	10090	83.075	3811	419	3908
KT899950.1	k141_3855	10090	94.937	79	4	125
KT899950.1	k141_3855	10090	94.937	79	4	125
KT899950.1	k141_3855	10090	82.178	101	12	98.7
KT899950.1	k141_3855	10090	82.178	101	12	98.7
KT899950.1	k141_12603	61978	81.289	4532	846	4343
KT899950.1	k141_12603	61978	83.946	2448	392	2640
KT899950.1	k141_12603	61978	69.973	3670	1020	1572
KT899950.1	k141_12603	61978	75.113	1989	432	1354
KT899950.1	k141_12603	61978	87.419	1081	134	1334
KT899950.1	k141_12603	61978	72.235	1293	324	682
KT899950.1	k141_12603	61978	79.213	712	141	601
KT899950.1	k141_12603	61978	72.142	1102	292	586
KT899950.1	k141_12603	61978	73.597	909	200	540
KT899950.1	k141_12603	61978	76.126	666	150	471
KT899950.1	k141_12603	61978	76.126	666	150	471
KT899950.1	k141_12603	61978	75.641	624	115	416
KT899950.1	k141_12603	61978	73.593	693	177	413
KT899950.1	k141_12603	61978	73.978	538	140	340
KT899950.1	k141_12603	61978	73.978	538	140	340
KT899950.1	k141_12603	61978	75.758	462	112	329
KT899950.1	k141_12603	61978	75.758	462	112	329
KT899950.1	k141_12603	61978	75.579	475	112	329
KT899950.1	k141_12603	61978	79.221	308	64	268
KT899950.1	k141_12603	61978	79.221	308	64	268
KT899950.1	k141_12603	61978	81.783	258	47	254
KT899950.1	k141_12603	61978	70.312	448	100	212
KT899950.1	k141_12603	61978	67.958	671	205	210
KT899950.1	k141_12603	61978	78.924	223	43	181
KT899950.1	k141_12603	61978	81.921	177	32	176
KT899950.1	k141_12603	61978	69.630	405	68	154
KT899950.1	k141_12603	61978	98.649	74	1	130
KT899950.1	k141_12603	61978	67.727	440	107	127
KT899950.1	k141_12603	61978	89.583	96	8	126
KT899950.1	k141_12603	61978	91.209	91	7	125
KT899950.1	k141_12603	61978	86.486	111	11	123
KT899950.1	k141_12603	61978	97.260	73	2	123
KT899950.1	k141_12603	61978	95.946	74	3	121
KT899950.1	k141_12603	61978	92.593	81	6	120
KT899950.1	k141_12603	61978	80.000	130	26	118
KT899950.1	k141_12603	61978	79.389	131	27	115
KT899950.1	k141_12603	61978	94.521	73	4	114
KT899950.1	k141_12603	61978	89.286	84	9	112
KT899950.1	k141_12603	61978	90.123	81	8	111
KT899950.1	k141_12603	61978	90.123	81	8	111
KT899950.1	k141_12603	61978	79.032	124	26	107
KT899950.1	k141_12603	61978	69.231	221	27	103
KT899950.1	k141_12603	61978	71.946	221	43	101
KT899950.1	k141_12603	61978	69.620	237	70	96.9
KT899950.1	k141_12603	61978	75.556	135	30	89.7
KT899950.1	k141_12603	61978	81.111	90	17	86.9
KT899950.1	k141_12603	61978	85.135	74	11	85.1
KT899950.1	k141_12603	61978	85.915	71	10	84.2
KT899950.1	k141_12603	61978	79.545	88	18	78.8
KT899950.1	k141_12603	61978	90.741	54	3	73.4
KT899950.1	k141_12603	61978	78.889	90	10	68.0
KT899950.1	k141_12603	61978	74.699	83	21	56.3
KT899950.1	k141_12603	61978	81.633	49	9	49.1
KT899950.1	k141_12603	61978	75.758	66	16	48.2
KT899950.1	k141_13532	29192	81.634	1481	267	1441
KT899950.1	k141_13532	29192	80.127	1580	309	1421
KT899950.1	k141_13532	29192	78.521	1704	363	1413
KT899950.1	k141_13532	29192	82.640	697	121	712
KT899950.1	k141_13532	29192	75.290	862	207	573
KT899950.1	k141_13532	29192	75.784	797	166	556
KT899950.1	k141_13532	29192	81.720	558	92	543
KT899950.1	k141_13532	29192	68.912	1158	290	439
KT899950.1	k141_13532	29192	66.339	1527	423	389
KT899950.1	k141_13532	29192	66.362	1204	296	381
KT899950.1	k141_13532	29192	71.449	711	190	334
KT899950.1	k141_13532	29192	77.320	388	88	304
KT899950.1	k141_13532	29192	69.646	649	183	255
KT899950.1	k141_13532	29192	75.962	312	75	225
KT899950.1	k141_13532	29192	71.226	424	112	206
KT899950.1	k141_13532	29192	70.252	437	117	196
KT899950.1	k141_13532	29192	68.051	554	133	183
KT899950.1	k141_13532	29192	79.208	202	42	176
KT899950.1	k141_13532	29192	65.924	449	115	132
KT899950.1	k141_13532	29192	93.671	79	5	121
KT899950.1	k141_13532	29192	82.609	115	19	114
KT899950.1	k141_13532	29192	68.129	342	66	111
KT899950.1	k141_13532	29192	65.736	537	173	109
KT899950.1	k141_13532	29192	81.553	103	19	101
KT899950.1	k141_13532	29192	88.158	76	9	97.8
KT899950.1	k141_13532	29192	88.158	76	9	97.8
KT899950.1	k141_13532	29192	69.048	210	65	86.9
KT899950.1	k141_13532	29192	79.661	59	12	53.6
KT899950.1	k141_47168	19321	75.728	1751	391	1232
KT899950.1	k141_47168	19321	70.968	1829	490	866
KT899950.1	k141_47168	19321	75.085	1172	260	746
KT899950.1	k141_47168	19321	74.732	1120	277	741
KT899950.1	k141_47168	19321	69.641	807	207	323
KT899950.1	k141_47168	19321	73.913	299	78	188
KT899950.1	k141_47168	19321	92.593	81	6	120
KT899950.1	k141_3291	3779	70.773	1242	283	563
KT899950.1	k141_3291	3779	70.773	1242	283	563
KT899950.1	k141_3291	3779	88.333	60	7	77.9
KT899950.1	k141_3291	3779	88.333	60	7	77.9
KT899950.1	k141_43335	399	81.500	400	50	388
KT899950.1	k141_43335	399	81.500	400	50	388
KT899950.1	k141_18845	1921	69.541	893	214	347
KT899950.1	k141_18845	1921	69.541	893	214	347
KT899950.1	k141_18845	1921	65.184	517	147	102
KT899950.1	k141_18845	1921	65.184	517	147	102
KT899950.1	k141_45699	919	65.887	727	209	193
KT899950.1	k141_50210	1221	74.336	226	56	140
KT899950.1	k141_50210	1221	74.336	226	56	140
KT899950.1	k141_32258	985	88.462	78	9	101
KT899950.1	k141_32258	985	88.462	78	9	101
KT899950.1	k141_15538	560	89.041	73	8	96.9
KT899950.1	k141_38146	545	70.879	182	49	80.6
KT899950.1	k141_38146	545	70.879	182	49	80.6
KT899950.1	k141_41233	2285	77.528	89	20	71.6
KT899950.1	k141_4249	557	78.462	65	14	55.4
KT899950.1	k141_37236	309	84.615	39	6	44.6
KT899950.1	k141_52449	523	79.592	49	9	41.0
KT899950.1	k141_1203	944	80.488	41	8	39.2
GU191334.1	k141_12603	61978	89.898	16908	1177	22793
GU191334.1	k141_12603	61978	92.402	10450	723	15231
GU191334.1	k141_12603	61978	88.713	9046	751	11738
GU191334.1	k141_12603	61978	89.281	7687	556	10156
GU191334.1	k141_12603	61978	87.206	7105	619	8693
GU191334.1	k141_12603	61978	85.000	2420	322	2738
GU191334.1	k141_12603	61978	88.488	999	78	1281
GU191334.1	k141_12603	61978	81.336	1168	166	1090
GU191334.1	k141_12603	61978	81.474	1058	157	1015
GU191334.1	k141_12603	61978	80.743	592	47	574
GU191334.1	k141_12603	61978	92.593	297	17	433
GU191334.1	k141_12603	61978	65.107	1453	296	287
GU191334.1	k141_12603	61978	67.415	936	199	265
GU191334.1	k141_12603	61978	67.044	1059	220	264
GU191334.1	k141_12603	61978	65.722	1517	328	263
GU191334.1	k141_12603	61978	66.667	1050	216	257
GU191334.1	k141_12603	61978	65.592	1427	326	257
GU191334.1	k141_12603	61978	66.460	966	192	252
GU191334.1	k141_12603	61978	65.404	1584	376	249
GU191334.1	k141_12603	61978	68.732	710	147	240
GU191334.1	k141_12603	61978	64.732	1568	329	235
GU191334.1	k141_12603	61978	66.526	950	196	233
GU191334.1	k141_12603	61978	66.486	925	196	225
GU191334.1	k141_12603	61978	64.432	1417	298	213
GU191334.1	k141_12603	61978	66.335	1004	192	212
GU191334.1	k141_12603	61978	68.268	687	163	189
GU191334.1	k141_12603	61978	93.388	121	8	183
GU191334.1	k141_12603	61978	65.364	947	184	170
GU191334.1	k141_12603	61978	67.149	691	170	162
GU191334.1	k141_12603	61978	66.961	566	169	159
GU191334.1	k141_12603	61978	66.195	565	175	146
GU191334.1	k141_12603	61978	65.459	828	212	145
GU191334.1	k141_12603	61978	65.939	687	184	131
GU191334.1	k141_12603	61978	64.973	728	139	129
GU191334.1	k141_12603	61978	66.038	636	142	119
GU191334.1	k141_12603	61978	65.333	600	155	107
GU191334.1	k141_12603	61978	69.343	274	58	104
GU191334.1	k141_12603	61978	63.950	638	163	94.2
GU191334.1	k141_12603	61978	70.466	193	48	91.5
GU191334.1	k141_12603	61978	67.797	295	64	87.8
GU191334.1	k141_12603	61978	86.567	67	9	81.5
GU191334.1	k141_12603	61978	68.817	279	60	77.9
GU191334.1	k141_12603	61978	91.667	48	4	69.8
GU191334.1	k141_12603	61978	62.186	1116	196	67.1
GU191334.1	k141_12603	61978	69.565	138	26	66.2
GU191334.1	k141_12603	61978	83.607	61	10	66.2
GU191334.1	k141_12603	61978	89.583	48	5	65.3
GU191334.1	k141_12603	61978	69.512	164	44	63.5
GU191334.1	k141_12603	61978	71.667	120	26	62.6
GU191334.1	k141_12603	61978	94.737	38	2	60.8
GU191334.1	k141_12603	61978	86.000	50	7	59.9
GU191334.1	k141_12603	61978	68.452	168	36	58.1
GU191334.1	k141_12603	61978	69.231	143	28	57.2
GU191334.1	k141_12603	61978	78.788	66	14	57.2
GU191334.1	k141_12603	61978	85.417	48	7	56.3
GU191334.1	k141_12603	61978	81.818	55	10	55.4
GU191334.1	k141_12603	61978	88.095	42	5	54.5
GU191334.1	k141_12603	61978	71.963	107	20	54.5
GU191334.1	k141_12603	61978	78.182	55	12	46.4
GU191334.1	k141_12603	61978	78.182	55	12	46.4
GU191334.1	k141_12603	61978	76.271	59	14	44.6
GU191334.1	k141_12603	61978	76.786	56	13	43.7
GU191334.1	k141_12603	61978	76.786	56	13	43.7
GU191334.1	k141_12603	61978	77.419	62	12	42.8
GU191334.1	k141_12603	61978	86.486	37	4	41.9
GU191334.1	k141_12603	61978	75.862	58	6	41.0
GU191334.1	k141_13532	29192	88.581	14520	1154	18768
GU191334.1	k141_13532	29192	92.065	5583	343	8031
GU191334.1	k141_13532	29192	91.753	3674	228	5260
GU191334.1	k141_13532	29192	94.058	1969	101	3025
GU191334.1	k141_13532	29192	90.455	1540	107	2106
GU191334.1	k141_13532	29192	88.093	991	87	1252
GU191334.1	k141_13532	29192	90.170	824	64	1110
GU191334.1	k141_13532	29192	93.388	121	8	183
GU191334.1	k141_13532	29192	93.388	121	8	183
GU191334.1	k141_47168	19321	91.011	13227	974	18543
GU191334.1	k141_47168	19321	89.988	4065	272	5533
GU191334.1	k141_47168	19321	91.314	1727	144	2426
GU191334.1	k141_47168	19321	94.071	506	29	774
GU191334.1	k141_47168	19321	95.139	144	4	227
GU191334.1	k141_47168	19321	94.737	114	3	178
GU191334.1	k141_47168	19321	95.238	42	2	68.0
GU191334.1	k141_47168	19321	92.857	42	3	63.5
GU191334.1	k141_47168	19321	87.500	48	5	57.2
GU191334.1	k141_3855	10090	97.208	10173	161	17091
GU191334.1	k141_3855	10090	97.210	10143	160	17042
GU191334.1	k141_3291	3779	70.837	1255	282	568
GU191334.1	k141_3291	3779	70.837	1255	282	568
GU191334.1	k141_3291	3779	90.000	60	6	82.4
GU191334.1	k141_3291	3779	90.000	60	6	82.4
GU191334.1	k141_18845	1921	70.328	883	216	372
GU191334.1	k141_18845	1921	70.328	883	216	372
GU191334.1	k141_18845	1921	65.173	491	139	99.6
GU191334.1	k141_18845	1921	65.173	491	139	99.6
GU191334.1	k141_45699	919	67.228	772	210	233
GU191334.1	k141_32485	1042	92.000	125	10	181
GU191334.1	k141_50210	1221	73.228	254	66	145
GU191334.1	k141_50210	1221	73.228	254	66	145
GU191334.1	k141_18632	727	89.024	82	9	108
GU191334.1	k141_37749	409	89.024	82	9	108
GU191334.1	k141_50222	714	75.940	133	18	104
GU191334.1	k141_32258	985	88.158	76	9	97.8
GU191334.1	k141_32258	985	88.158	76	9	97.8
GU191334.1	k141_4249	557	74.815	135	23	96.9
GU191334.1	k141_44747	369	77.273	110	13	93.3
GU191334.1	k141_15538	560	86.486	74	10	89.7
GU191334.1	k141_37444	841	78.495	93	9	75.2
GU191334.1	k141_37444	841	78.495	93	9	75.2
GU191334.1	k141_41233	2285	75.000	108	27	74.3
GU191334.1	k141_38146	545	69.159	107	33	45.5
GU191334.1	k141_34013	1804	70.930	86	25	43.7
