MZ962720.1	k141_29770	83889	80.772	8368	1377	7808
MZ962720.1	k141_29770	83889	88.178	5202	558	6584
MZ962720.1	k141_29770	83889	89.763	2618	261	3507
MZ962720.1	k141_29770	83889	83.130	3029	349	3130
MZ962720.1	k141_29770	83889	78.628	3514	566	2830
MZ962720.1	k141_29770	83889	80.352	3125	484	2823
MZ962720.1	k141_29770	83889	78.727	2623	385	2155
MZ962720.1	k141_29770	83889	87.653	1474	182	1838
MZ962720.1	k141_29770	83889	82.064	1812	262	1783
MZ962720.1	k141_29770	83889	78.198	2009	379	1639
MZ962720.1	k141_29770	83889	90.187	1121	110	1526
MZ962720.1	k141_29770	83889	74.609	2174	375	1394
MZ962720.1	k141_29770	83889	74.736	2082	416	1370
MZ962720.1	k141_29770	83889	77.931	1595	298	1249
MZ962720.1	k141_29770	83889	82.220	1153	159	1130
MZ962720.1	k141_29770	83889	85.914	788	105	918
MZ962720.1	k141_29770	83889	70.323	1951	472	825
MZ962720.1	k141_29770	83889	71.252	1454	237	703
MZ962720.1	k141_29770	83889	81.858	689	110	671
MZ962720.1	k141_29770	83889	72.402	1203	232	664
MZ962720.1	k141_29770	83889	72.478	1130	233	626
MZ962720.1	k141_29770	83889	75.000	696	87	482
MZ962720.1	k141_29770	83889	69.389	1212	248	476
MZ962720.1	k141_29770	83889	71.476	901	150	455
MZ962720.1	k141_29770	83889	90.062	322	31	434
MZ962720.1	k141_29770	83889	68.352	1226	253	422
MZ962720.1	k141_29770	83889	75.809	587	142	419
MZ962720.1	k141_29770	83889	75.809	587	142	419
MZ962720.1	k141_29770	83889	71.517	804	152	398
MZ962720.1	k141_29770	83889	75.794	504	86	343
MZ962720.1	k141_29770	83889	77.644	416	62	306
MZ962720.1	k141_29770	83889	70.692	621	122	300
MZ962720.1	k141_29770	83889	72.314	484	67	280
MZ962720.1	k141_29770	83889	72.314	484	67	280
MZ962720.1	k141_29770	83889	86.307	241	25	280
MZ962720.1	k141_29770	83889	76.702	382	55	279
MZ962720.1	k141_29770	83889	74.406	379	58	264
MZ962720.1	k141_29770	83889	70.221	544	123	260
MZ962720.1	k141_29770	83889	68.761	589	127	258
MZ962720.1	k141_29770	83889	86.512	215	24	258
MZ962720.1	k141_29770	83889	74.702	419	75	252
MZ962720.1	k141_29770	83889	83.333	210	26	225
MZ962720.1	k141_29770	83889	83.333	210	26	225
MZ962720.1	k141_29770	83889	79.070	258	26	221
MZ962720.1	k141_29770	83889	84.492	187	24	207
MZ962720.1	k141_29770	83889	80.631	222	41	200
MZ962720.1	k141_29770	83889	81.281	203	38	196
MZ962720.1	k141_29770	83889	81.281	203	38	196
MZ962720.1	k141_29770	83889	82.609	184	25	190
MZ962720.1	k141_29770	83889	82.609	184	25	190
MZ962720.1	k141_29770	83889	85.119	168	18	188
MZ962720.1	k141_29770	83889	74.737	285	41	182
MZ962720.1	k141_29770	83889	79.452	219	34	180
MZ962720.1	k141_29770	83889	77.830	212	47	171
MZ962720.1	k141_29770	83889	72.575	299	59	164
MZ962720.1	k141_29770	83889	72.426	272	29	163
MZ962720.1	k141_29770	83889	90.000	120	11	159
MZ962720.1	k141_29770	83889	76.712	219	33	159
MZ962720.1	k141_29770	83889	100.000	86	0	156
MZ962720.1	k141_29770	83889	78.736	174	37	148
MZ962720.1	k141_29770	83889	69.795	341	58	147
MZ962720.1	k141_29770	83889	71.552	348	71	140
MZ962720.1	k141_29770	83889	81.818	143	19	139
MZ962720.1	k141_29770	83889	81.507	146	22	138
MZ962720.1	k141_29770	83889	81.507	146	22	138
MZ962720.1	k141_29770	83889	78.528	163	35	137
MZ962720.1	k141_29770	83889	93.333	90	6	136
MZ962720.1	k141_29770	83889	92.308	91	7	133
MZ962720.1	k141_29770	83889	65.763	590	176	128
MZ962720.1	k141_29770	83889	80.282	142	22	127
MZ962720.1	k141_29770	83889	76.774	155	19	124
MZ962720.1	k141_29770	83889	76.774	155	19	124
MZ962720.1	k141_29770	83889	79.286	140	29	123
MZ962720.1	k141_29770	83889	93.902	82	4	123
MZ962720.1	k141_29770	83889	93.902	82	4	123
MZ962720.1	k141_29770	83889	68.731	323	85	115
MZ962720.1	k141_29770	83889	95.588	68	3	110
MZ962720.1	k141_29770	83889	89.744	78	8	105
MZ962720.1	k141_29770	83889	92.000	75	5	105
MZ962720.1	k141_29770	83889	73.295	176	46	103
MZ962720.1	k141_29770	83889	86.747	83	11	101
MZ962720.1	k141_29770	83889	81.731	104	18	99.6
MZ962720.1	k141_29770	83889	93.846	65	3	96.9
MZ962720.1	k141_29770	83889	76.471	119	21	91.5
MZ962720.1	k141_29770	83889	76.471	119	21	91.5
MZ962720.1	k141_29770	83889	82.222	90	16	91.5
MZ962720.1	k141_29770	83889	82.222	90	16	91.5
MZ962720.1	k141_29770	83889	82.222	90	16	91.5
MZ962720.1	k141_29770	83889	77.000	100	16	79.7
MZ962720.1	k141_29770	83889	69.886	176	51	72.5
MZ962720.1	k141_29770	83889	72.109	147	36	72.5
MZ962720.1	k141_29770	83889	74.242	66	17	43.7
MZ962720.1	k141_95306	25691	92.582	4826	235	7061
MZ962720.1	k141_95306	25691	92.582	4826	235	7061
MZ962720.1	k141_95306	25691	90.711	3262	210	4520
MZ962720.1	k141_95306	25691	90.711	3262	210	4520
MZ962720.1	k141_95306	25691	89.785	2555	177	3431
MZ962720.1	k141_95306	25691	89.785	2555	177	3431
MZ962720.1	k141_95306	25691	88.548	1729	155	2211
MZ962720.1	k141_95306	25691	88.548	1729	155	2211
MZ962720.1	k141_95306	25691	86.333	1756	174	2068
MZ962720.1	k141_95306	25691	86.333	1756	174	2068
MZ962720.1	k141_95306	25691	82.861	776	70	808
MZ962720.1	k141_95306	25691	91.156	294	22	413
MZ962720.1	k141_95306	25691	91.156	294	22	413
MZ962720.1	k141_95306	25691	88.599	307	26	396
MZ962720.1	k141_95306	25691	88.599	307	26	396
MZ962720.1	k141_95306	25691	76.699	412	49	304
MZ962720.1	k141_95306	25691	76.699	412	49	304
MZ962720.1	k141_95306	25691	89.333	225	19	298
MZ962720.1	k141_95306	25691	89.333	225	19	298
MZ962720.1	k141_95306	25691	86.697	218	19	268
MZ962720.1	k141_95306	25691	74.121	398	52	264
MZ962720.1	k141_95306	25691	74.121	398	52	264
MZ962720.1	k141_95306	25691	79.783	277	47	242
MZ962720.1	k141_95306	25691	79.783	277	47	242
MZ962720.1	k141_95306	25691	77.844	167	20	128
MZ962720.1	k141_95306	25691	77.844	167	20	128
MZ962720.1	k141_95306	25691	86.585	82	7	98.7
MZ962720.1	k141_95306	25691	86.585	82	7	98.7
MZ962720.1	k141_95306	25691	86.667	75	5	91.5
MZ962720.1	k141_95306	25691	95.918	49	2	80.6
MZ962720.1	k141_95306	25691	95.918	49	2	80.6
MZ962720.1	k141_50541	19105	82.669	2862	397	2893
MZ962720.1	k141_50541	19105	82.669	2862	397	2893
MZ962720.1	k141_50541	19105	79.662	2011	383	1753
MZ962720.1	k141_50541	19105	77.479	2229	457	1712
MZ962720.1	k141_50541	19105	84.636	1471	210	1618
MZ962720.1	k141_50541	19105	84.636	1471	210	1618
MZ962720.1	k141_50541	19105	75.901	971	203	698
MZ962720.1	k141_50541	19105	84.286	630	94	686
MZ962720.1	k141_50541	19105	84.286	630	94	686
MZ962720.1	k141_50541	19105	82.468	308	54	313
MZ962720.1	k141_65726	13334	71.047	898	208	409
MZ962720.1	k141_65726	13334	71.047	898	208	409
MZ962720.1	k141_65726	13334	88.525	61	7	79.7
MZ962720.1	k141_65726	13334	88.525	61	7	79.7
MZ962720.1	k141_65726	13334	88.525	61	7	79.7
MZ962720.1	k141_73099	7838	91.760	267	22	383
MZ962720.1	k141_65143	9368	74.414	512	122	319
MZ962720.1	k141_65143	9368	74.414	512	122	319
MZ962720.1	k141_65143	9368	75.914	465	92	298
MZ962720.1	k141_65143	9368	75.914	465	92	298
MZ962720.1	k141_30061	9528	86.408	206	23	246
MZ962720.1	k141_30061	9528	86.500	200	22	240
MZ962720.1	k141_58654	508	72.754	345	80	207
MZ962720.1	k141_57418	202	86.471	170	23	204
MZ962720.1	k141_53901	9398	92.727	110	8	163
MZ962720.1	k141_53901	9398	91.818	110	9	159
MZ962720.1	k141_90824	247	91.743	109	9	157
MZ962720.1	k141_92250	293	91.743	109	9	157
MZ962720.1	k141_14454	341	84.397	141	22	156
MZ962720.1	k141_88203	609	88.983	118	12	151
MZ962720.1	k141_88203	609	88.983	118	12	151
MZ962720.1	k141_14663	9133	91.176	102	6	138
MZ962720.1	k141_14663	9133	96.104	77	3	126
MZ962720.1	k141_14663	9133	94.667	75	4	118
MZ962720.1	k141_14663	9133	94.667	75	4	118
MZ962720.1	k141_14663	9133	88.506	87	10	113
MZ962720.1	k141_14663	9133	88.506	87	10	113
MZ962720.1	k141_9004	381	71.784	241	64	123
MZ962720.1	k141_21009	2317	95.890	73	3	119
MZ962720.1	k141_21009	2317	85.135	74	11	85.1
MZ962720.1	k141_21009	2317	74.242	66	17	43.7
MZ962720.1	k141_66047	1431	95.890	73	3	119
MZ962720.1	k141_66047	1431	85.135	74	11	85.1
MZ962720.1	k141_66047	1431	74.242	66	17	43.7
MZ962720.1	k141_92302	4082	95.890	73	3	119
MZ962720.1	k141_92302	4082	85.135	74	11	85.1
MZ962720.1	k141_92302	4082	74.242	66	17	43.7
MZ962720.1	k141_99140	473	85.542	83	12	96.9
MZ962720.1	k141_69223	3810	84.337	83	10	86.0
MZ962720.1	k141_49369	277	89.062	64	6	81.5
MZ962720.1	k141_49369	277	90.000	60	5	78.8
MZ962720.1	k141_49826	594	95.833	48	2	78.8
MZ962720.1	k141_49826	594	95.833	48	2	78.8
MZ962720.1	k141_23802	361	81.250	80	15	77.9
MZ962720.1	k141_8872	382	87.500	64	7	77.0
MZ962720.1	k141_8872	382	88.333	60	6	74.3
MZ962720.1	k141_39409	420	83.099	71	12	75.2
MZ962720.1	k141_60536	744	83.871	62	10	68.0
MZ962720.1	k141_60536	744	83.871	62	10	68.0
MZ962720.1	k141_62780	5571	70.677	133	39	65.3
MZ962720.1	k141_45383	342	97.368	38	1	65.3
MZ962720.1	k141_45383	342	97.368	38	1	65.3
MZ962720.1	k141_56163	565	83.929	56	9	61.7
MZ962720.1	k141_151	768	69.853	136	41	61.7
MZ962720.1	k141_151	768	73.810	84	18	43.7
MZ962720.1	k141_101148	544	75.000	84	18	51.8
MZ962720.1	k141_70568	994	83.721	43	7	47.3
MH569081.1	k141_29770	83889	88.024	5419	574	6816
MH569081.1	k141_29770	83889	79.678	7381	1117	6488
MH569081.1	k141_29770	83889	84.053	3844	539	4177
MH569081.1	k141_29770	83889	84.003	3432	395	3709
MH569081.1	k141_29770	83889	81.505	3336	535	3250
MH569081.1	k141_29770	83889	82.791	2365	335	2428
MH569081.1	k141_29770	83889	83.749	1926	299	2062
MH569081.1	k141_29770	83889	81.904	2006	277	1924
MH569081.1	k141_29770	83889	86.977	1505	196	1831
MH569081.1	k141_29770	83889	87.361	1440	144	1748
MH569081.1	k141_29770	83889	82.176	1728	253	1733
MH569081.1	k141_29770	83889	79.038	2080	293	1717
MH569081.1	k141_29770	83889	78.575	1965	351	1633
MH569081.1	k141_29770	83889	74.715	2278	487	1502
MH569081.1	k141_29770	83889	78.931	1609	257	1335
MH569081.1	k141_29770	83889	85.126	1069	143	1186
MH569081.1	k141_29770	83889	69.996	2363	555	1051
MH569081.1	k141_29770	83889	76.084	1338	226	925
MH569081.1	k141_29770	83889	78.328	1029	139	855
MH569081.1	k141_29770	83889	78.205	1092	191	854
MH569081.1	k141_29770	83889	72.766	1410	240	793
MH569081.1	k141_29770	83889	84.069	634	89	682
MH569081.1	k141_29770	83889	72.000	1225	194	649
MH569081.1	k141_29770	83889	81.011	653	79	597
MH569081.1	k141_29770	83889	73.934	821	118	508
MH569081.1	k141_29770	83889	68.338	1456	310	481
MH569081.1	k141_29770	83889	76.730	636	107	441
MH569081.1	k141_29770	83889	90.735	313	28	431
MH569081.1	k141_29770	83889	80.938	341	33	329
MH569081.1	k141_29770	83889	82.243	321	44	316
MH569081.1	k141_29770	83889	83.793	290	25	300
MH569081.1	k141_29770	83889	80.685	321	48	290
MH569081.1	k141_29770	83889	80.685	321	48	290
MH569081.1	k141_29770	83889	74.940	415	61	269
MH569081.1	k141_29770	83889	78.864	317	52	261
MH569081.1	k141_29770	83889	78.929	280	59	240
MH569081.1	k141_29770	83889	76.292	329	59	237
MH569081.1	k141_29770	83889	77.124	306	69	233
MH569081.1	k141_29770	83889	91.772	158	13	227
MH569081.1	k141_29770	83889	76.159	302	60	223
MH569081.1	k141_29770	83889	79.399	233	47	201
MH569081.1	k141_29770	83889	79.204	226	47	196
MH569081.1	k141_29770	83889	77.381	252	41	190
MH569081.1	k141_29770	83889	79.902	204	39	177
MH569081.1	k141_29770	83889	78.404	213	39	170
MH569081.1	k141_29770	83889	78.756	193	33	158
MH569081.1	k141_29770	83889	87.097	124	12	151
MH569081.1	k141_29770	83889	78.788	165	35	141
MH569081.1	k141_29770	83889	82.069	145	18	139
MH569081.1	k141_29770	83889	90.625	96	9	133
MH569081.1	k141_29770	83889	95.122	82	3	127
MH569081.1	k141_29770	83889	95.122	82	3	127
MH569081.1	k141_29770	83889	94.667	75	4	118
MH569081.1	k141_29770	83889	71.831	213	50	114
MH569081.1	k141_29770	83889	75.706	177	26	114
MH569081.1	k141_29770	83889	87.500	88	11	110
MH569081.1	k141_29770	83889	95.652	69	2	108
MH569081.1	k141_29770	83889	77.698	139	22	102
MH569081.1	k141_29770	83889	91.304	46	4	66.2
MH569081.1	k141_29770	83889	91.304	46	4	66.2
MH569081.1	k141_29770	83889	81.967	61	11	61.7
MH569081.1	k141_29770	83889	77.143	70	16	55.4
MH569081.1	k141_29770	83889	81.633	49	9	49.1
MH569081.1	k141_29770	83889	68.103	116	37	43.7
MH569081.1	k141_95306	25691	91.873	4479	239	6419
MH569081.1	k141_95306	25691	91.873	4479	239	6419
MH569081.1	k141_95306	25691	94.110	2988	127	4563
MH569081.1	k141_95306	25691	94.110	2988	127	4563
MH569081.1	k141_95306	25691	92.370	2818	154	4092
MH569081.1	k141_95306	25691	92.370	2818	154	4092
MH569081.1	k141_95306	25691	89.116	2297	136	2993
MH569081.1	k141_95306	25691	89.116	2297	136	2993
MH569081.1	k141_95306	25691	90.355	2198	177	2964
MH569081.1	k141_95306	25691	90.355	2198	177	2964
MH569081.1	k141_95306	25691	83.163	879	123	910
MH569081.1	k141_95306	25691	83.163	879	123	910
MH569081.1	k141_95306	25691	79.705	813	109	719
MH569081.1	k141_95306	25691	79.705	813	109	719
MH569081.1	k141_95306	25691	79.083	851	108	710
MH569081.1	k141_95306	25691	79.083	851	108	710
MH569081.1	k141_95306	25691	83.864	471	38	510
MH569081.1	k141_95306	25691	83.864	471	38	510
MH569081.1	k141_95306	25691	77.778	387	30	348
MH569081.1	k141_95306	25691	77.778	387	30	348
MH569081.1	k141_95306	25691	83.186	226	19	232
MH569081.1	k141_95306	25691	83.186	226	19	232
MH569081.1	k141_95306	25691	97.959	49	1	85.1
MH569081.1	k141_95306	25691	97.959	49	1	85.1
MH569081.1	k141_95306	25691	92.308	39	3	58.1
MH569081.1	k141_50541	19105	78.481	2700	464	2203
MH569081.1	k141_50541	19105	82.560	1984	311	2010
MH569081.1	k141_50541	19105	77.375	2232	468	1728
MH569081.1	k141_50541	19105	80.593	1484	255	1345
MH569081.1	k141_50541	19105	77.893	1158	207	921
MH569081.1	k141_50541	19105	76.787	1133	193	840
MH569081.1	k141_50541	19105	77.903	534	87	415
MH569081.1	k141_50541	19105	89.691	97	10	131
MH569081.1	k141_50541	19105	89.691	97	10	131
MH569081.1	k141_65726	13334	71.815	887	213	434
MH569081.1	k141_65726	13334	71.815	887	213	434
MH569081.1	k141_65726	13334	77.043	257	57	191
MH569081.1	k141_65726	13334	77.043	257	57	191
MH569081.1	k141_65726	13334	90.164	61	6	84.2
MH569081.1	k141_65726	13334	90.164	61	6	84.2
MH569081.1	k141_73099	7838	91.450	269	23	382
MH569081.1	k141_65143	9368	74.739	479	113	313
MH569081.1	k141_65143	9368	74.739	479	113	313
MH569081.1	k141_65143	9368	75.162	463	98	292
MH569081.1	k141_65143	9368	75.162	463	98	292
MH569081.1	k141_65143	9368	64.773	792	214	131
MH569081.1	k141_65143	9368	64.773	792	214	131
MH569081.1	k141_30061	9528	90.526	190	13	262
MH569081.1	k141_58654	508	75.588	340	67	241
MH569081.1	k141_57418	202	90.000	170	17	231
MH569081.1	k141_14454	341	88.652	141	16	183
MH569081.1	k141_53901	9398	87.591	137	17	171
MH569081.1	k141_90824	247	91.743	109	9	157
MH569081.1	k141_92250	293	91.743	109	9	157
MH569081.1	k141_88203	609	89.831	118	11	156
MH569081.1	k141_88203	609	89.831	118	11	156
MH569081.1	k141_14663	9133	94.318	88	5	137
MH569081.1	k141_14663	9133	96.154	78	3	128
MH569081.1	k141_14663	9133	90.476	84	8	116
MH569081.1	k141_14663	9133	90.476	84	8	116
MH569081.1	k141_14663	9133	91.026	78	7	110
MH569081.1	k141_14663	9133	91.026	78	7	110
MH569081.1	k141_21009	2317	94.595	74	4	116
MH569081.1	k141_21009	2317	76.623	77	16	56.3
MH569081.1	k141_66047	1431	94.595	74	4	116
MH569081.1	k141_66047	1431	76.623	77	16	56.3
MH569081.1	k141_92302	4082	94.595	74	4	116
MH569081.1	k141_92302	4082	76.623	77	16	56.3
MH569081.1	k141_53180	372	88.158	76	9	97.8
MH569081.1	k141_89133	382	82.000	100	10	94.2
MH569081.1	k141_9004	381	67.901	243	74	82.4
MH569081.1	k141_23802	361	84.722	72	11	81.5
MH569081.1	k141_39409	420	86.567	67	9	81.5
MH569081.1	k141_67153	851	82.716	81	9	79.7
MH569081.1	k141_67153	851	82.716	81	9	79.7
MH569081.1	k141_56163	565	89.655	58	6	78.8
MH569081.1	k141_49369	277	95.918	49	1	77.0
MH569081.1	k141_69223	3810	89.286	56	6	75.2
MH569081.1	k141_8872	382	93.878	49	2	72.5
MH569081.1	k141_62780	5571	72.727	121	33	70.7
MH569081.1	k141_74058	1377	88.679	53	6	69.8
MH569081.1	k141_34759	334	95.238	42	2	68.0
MH569081.1	k141_53651	572	89.796	49	5	67.1
MH569081.1	k141_45383	342	97.368	38	1	65.3
MH569081.1	k141_45383	342	97.368	38	1	65.3
MH569081.1	k141_63821	492	89.362	47	5	63.5
MH569081.1	k141_9616	326	89.362	47	5	63.5
MH569081.1	k141_30607	490	90.909	44	4	62.6
MH569081.1	k141_31061	900	82.759	58	10	60.8
MH569081.1	k141_151	768	69.630	135	41	59.9
NC_033978.1	k141_95306	25691	93.335	9812	497	14762
NC_033978.1	k141_95306	25691	93.384	9734	487	14667
NC_033978.1	k141_95306	25691	95.661	5278	131	8467
NC_033978.1	k141_95306	25691	95.661	5278	131	8467
NC_033978.1	k141_95306	25691	93.634	4807	150	7354
NC_033978.1	k141_95306	25691	93.634	4807	150	7354
NC_033978.1	k141_95306	25691	96.033	2798	82	4518
NC_033978.1	k141_95306	25691	96.033	2798	82	4518
NC_033978.1	k141_95306	25691	90.173	1557	100	2126
NC_033978.1	k141_95306	25691	90.173	1557	100	2126
NC_033978.1	k141_95306	25691	88.223	951	46	1216
NC_033978.1	k141_95306	25691	88.223	951	46	1216
NC_033978.1	k141_95306	25691	96.296	54	2	89.7
NC_033978.1	k141_95306	25691	96.296	54	2	89.7
NC_033978.1	k141_95306	25691	100.000	39	0	71.6
NC_033978.1	k141_95306	25691	92.857	42	3	63.5
NC_033978.1	k141_29770	83889	86.280	8112	950	9610
NC_033978.1	k141_29770	83889	90.745	5824	455	8050
NC_033978.1	k141_29770	83889	80.256	7825	903	7203
NC_033978.1	k141_29770	83889	82.995	6445	801	6687
NC_033978.1	k141_29770	83889	88.658	4629	432	5975
NC_033978.1	k141_29770	83889	84.351	4716	572	5112
NC_033978.1	k141_29770	83889	87.168	3312	281	4075
NC_033978.1	k141_29770	83889	86.642	2942	279	3556
NC_033978.1	k141_29770	83889	78.970	2853	458	2366
NC_033978.1	k141_29770	83889	83.823	2145	230	2266
NC_033978.1	k141_29770	83889	85.045	2006	232	2260
NC_033978.1	k141_29770	83889	78.347	2674	444	2186
NC_033978.1	k141_29770	83889	84.861	1909	198	2132
NC_033978.1	k141_29770	83889	78.658	2549	373	2101
NC_033978.1	k141_29770	83889	91.550	1290	95	1839
NC_033978.1	k141_29770	83889	80.991	1615	212	1484
NC_033978.1	k141_29770	83889	87.943	1128	98	1416
NC_033978.1	k141_29770	83889	82.520	1024	104	1031
NC_033978.1	k141_29770	83889	76.844	1356	178	1009
NC_033978.1	k141_29770	83889	88.011	734	86	925
NC_033978.1	k141_29770	83889	77.348	1214	186	900
NC_033978.1	k141_29770	83889	80.426	940	107	855
NC_033978.1	k141_29770	83889	77.578	1057	139	801
NC_033978.1	k141_29770	83889	74.977	1103	173	721
NC_033978.1	k141_29770	83889	74.272	1030	167	626
NC_033978.1	k141_29770	83889	85.455	385	40	434
NC_033978.1	k141_29770	83889	75.633	632	81	426
NC_033978.1	k141_29770	83889	74.531	640	103	425
NC_033978.1	k141_29770	83889	75.838	567	71	393
NC_033978.1	k141_29770	83889	80.760	421	57	389
NC_033978.1	k141_29770	83889	82.051	351	50	339
NC_033978.1	k141_29770	83889	73.764	526	83	327
NC_033978.1	k141_29770	83889	66.667	723	126	227
NC_033978.1	k141_29770	83889	88.889	153	14	198
NC_033978.1	k141_29770	83889	91.176	136	9	186
NC_033978.1	k141_29770	83889	83.436	163	20	175
NC_033978.1	k141_29770	83889	67.606	497	88	174
NC_033978.1	k141_29770	83889	81.481	162	20	149
NC_033978.1	k141_29770	83889	96.203	79	2	126
NC_033978.1	k141_29770	83889	80.952	126	24	120
NC_033978.1	k141_29770	83889	76.074	163	39	119
NC_033978.1	k141_29770	83889	94.286	70	3	105
NC_033978.1	k141_29770	83889	100.000	46	0	84.2
NC_033978.1	k141_29770	83889	73.973	146	34	83.3
NC_033978.1	k141_29770	83889	72.222	144	17	78.8
NC_033978.1	k141_29770	83889	94.872	39	2	62.6
NC_033978.1	k141_29770	83889	94.872	39	2	62.6
NC_033978.1	k141_29770	83889	92.500	40	3	59.9
NC_033978.1	k141_50541	19105	80.713	6652	910	6134
NC_033978.1	k141_50541	19105	83.873	2840	368	3026
NC_033978.1	k141_50541	19105	82.210	2389	355	2397
NC_033978.1	k141_50541	19105	70.446	2602	594	1258
NC_033978.1	k141_50541	19105	80.507	867	141	810
NC_033978.1	k141_50541	19105	72.138	1249	263	657
NC_033978.1	k141_50541	19105	83.249	591	72	631
NC_033978.1	k141_50541	19105	80.000	255	41	222
NC_033978.1	k141_50541	19105	88.889	117	13	153
NC_033978.1	k141_50541	19105	88.889	117	13	153
NC_033978.1	k141_65726	13334	71.959	888	210	443
NC_033978.1	k141_65726	13334	71.959	888	210	443
NC_033978.1	k141_65726	13334	78.292	281	59	225
NC_033978.1	k141_65726	13334	78.292	281	59	225
NC_033978.1	k141_65726	13334	86.885	61	8	75.2
NC_033978.1	k141_65726	13334	86.885	61	8	75.2
NC_033978.1	k141_73099	7838	94.052	269	16	414
NC_033978.1	k141_65143	9368	75.365	479	110	331
NC_033978.1	k141_65143	9368	75.365	479	110	331
NC_033978.1	k141_65143	9368	75.810	463	94	297
NC_033978.1	k141_65143	9368	75.810	463	94	297
NC_033978.1	k141_30061	9528	90.455	220	20	299
NC_033978.1	k141_57418	202	93.529	170	11	258
NC_033978.1	k141_58654	508	74.566	346	74	232
NC_033978.1	k141_14454	341	93.617	141	9	214
NC_033978.1	k141_53901	9398	90.000	150	15	204
NC_033978.1	k141_99140	473	92.366	131	10	192
NC_033978.1	k141_48619	439	93.966	116	7	178
NC_033978.1	k141_48619	439	93.966	116	7	178
NC_033978.1	k141_90824	247	93.578	109	7	166
NC_033978.1	k141_92250	293	93.578	109	7	166
NC_033978.1	k141_88203	609	87.097	124	9	150
NC_033978.1	k141_88203	609	87.097	124	9	150
NC_033978.1	k141_14663	9133	98.701	77	1	135
NC_033978.1	k141_14663	9133	96.104	77	3	126
NC_033978.1	k141_14663	9133	93.590	78	5	119
NC_033978.1	k141_14663	9133	93.590	78	5	119
NC_033978.1	k141_14663	9133	88.636	88	10	114
NC_033978.1	k141_23802	361	94.872	78	4	123
NC_033978.1	k141_89133	382	84.404	109	10	123
NC_033978.1	k141_21009	2317	93.506	77	5	117
NC_033978.1	k141_66047	1431	93.506	77	5	117
NC_033978.1	k141_92302	4082	93.506	77	5	117
NC_033978.1	k141_9004	381	70.301	266	73	116
NC_033978.1	k141_67153	851	88.235	85	4	110
NC_033978.1	k141_67153	851	88.235	85	4	110
NC_033978.1	k141_53180	372	90.541	74	7	103
NC_033978.1	k141_30607	490	95.238	63	3	101
NC_033978.1	k141_46370	326	93.846	65	4	100
NC_033978.1	k141_39409	420	88.732	71	8	93.3
NC_033978.1	k141_60536	744	90.625	64	6	89.7
NC_033978.1	k141_56163	565	91.803	61	5	88.7
NC_033978.1	k141_84455	282	90.769	65	3	80.6
NC_033978.1	k141_31061	900	84.507	71	11	79.7
NC_033978.1	k141_74058	1377	92.453	53	4	78.8
NC_033978.1	k141_53651	572	91.837	49	4	71.6
NC_033978.1	k141_69223	3810	84.848	66	9	71.6
NC_033978.1	k141_63821	492	93.182	44	3	67.1
NC_033978.1	k141_9616	326	93.182	44	3	67.1
NC_033978.1	k141_99508	588	93.182	44	3	67.1
NC_033978.1	k141_151	768	70.588	136	40	66.2
NC_033978.1	k141_62780	5571	77.500	80	18	64.4
NC_033978.1	k141_9607	2091	90.909	44	4	62.6
NC_033978.1	k141_57064	728	94.595	37	2	59.0
NC_033978.1	k141_57064	728	94.595	37	2	59.0
NC_033978.1	k141_30098	541	77.193	57	13	45.5
NC_033978.1	k141_17553	508	85.714	35	5	41.9
MW006668.1	k141_29770	83889	82.978	9206	1337	9538
MW006668.1	k141_29770	83889	89.926	5549	480	7446
MW006668.1	k141_29770	83889	84.077	4616	566	4979
MW006668.1	k141_29770	83889	82.661	4216	473	4288
MW006668.1	k141_29770	83889	87.822	3375	391	4216
MW006668.1	k141_29770	83889	73.063	6441	1012	3729
MW006668.1	k141_29770	83889	85.098	3127	379	3514
MW006668.1	k141_29770	83889	78.369	3911	532	3189
MW006668.1	k141_29770	83889	82.251	2710	320	2734
MW006668.1	k141_29770	83889	89.305	1842	185	2418
MW006668.1	k141_29770	83889	75.768	3450	624	2406
MW006668.1	k141_29770	83889	83.810	2205	284	2321
MW006668.1	k141_29770	83889	83.918	1940	300	2081
MW006668.1	k141_29770	83889	78.015	2015	285	1645
MW006668.1	k141_29770	83889	78.118	1796	317	1469
MW006668.1	k141_29770	83889	92.308	871	67	1269
MW006668.1	k141_29770	83889	92.308	871	67	1269
MW006668.1	k141_29770	83889	83.443	1063	109	1117
MW006668.1	k141_29770	83889	74.796	1591	252	1093
MW006668.1	k141_29770	83889	76.945	1388	225	994
MW006668.1	k141_29770	83889	74.961	1294	167	880
MW006668.1	k141_29770	83889	74.961	1294	167	880
MW006668.1	k141_29770	83889	81.349	949	120	866
MW006668.1	k141_29770	83889	86.111	720	91	843
MW006668.1	k141_29770	83889	85.349	744	76	827
MW006668.1	k141_29770	83889	73.280	1366	223	784
MW006668.1	k141_29770	83889	74.642	907	135	609
MW006668.1	k141_29770	83889	76.884	796	134	580
MW006668.1	k141_29770	83889	74.687	798	108	497
MW006668.1	k141_29770	83889	72.846	766	123	458
MW006668.1	k141_29770	83889	72.846	766	123	458
MW006668.1	k141_29770	83889	87.387	333	31	408
MW006668.1	k141_29770	83889	73.463	618	107	342
MW006668.1	k141_29770	83889	81.818	341	44	330
MW006668.1	k141_29770	83889	81.818	341	44	330
MW006668.1	k141_29770	83889	75.415	301	52	189
MW006668.1	k141_29770	83889	79.048	210	33	182
MW006668.1	k141_29770	83889	72.524	313	59	170
MW006668.1	k141_29770	83889	77.830	212	34	169
MW006668.1	k141_29770	83889	78.774	212	35	162
MW006668.1	k141_29770	83889	66.003	703	137	161
MW006668.1	k141_29770	83889	85.714	133	19	155
MW006668.1	k141_29770	83889	78.049	205	37	152
MW006668.1	k141_29770	83889	92.857	98	7	146
MW006668.1	k141_29770	83889	73.109	238	62	139
MW006668.1	k141_29770	83889	91.579	95	6	129
MW006668.1	k141_29770	83889	91.579	95	6	129
MW006668.1	k141_29770	83889	73.246	228	37	127
MW006668.1	k141_29770	83889	80.952	126	24	120
MW006668.1	k141_29770	83889	76.074	163	39	119
MW006668.1	k141_29770	83889	79.699	133	27	119
MW006668.1	k141_29770	83889	72.619	168	46	96.9
MW006668.1	k141_29770	83889	91.304	69	5	95.1
MW006668.1	k141_29770	83889	76.744	129	19	95.1
MW006668.1	k141_29770	83889	100.000	46	0	84.2
MW006668.1	k141_29770	83889	81.481	81	15	79.7
MW006668.1	k141_29770	83889	78.000	100	14	71.6
MW006668.1	k141_29770	83889	88.889	54	5	68.0
MW006668.1	k141_29770	83889	84.211	57	9	63.5
MW006668.1	k141_29770	83889	84.211	57	9	63.5
MW006668.1	k141_29770	83889	92.857	42	3	63.5
MW006668.1	k141_29770	83889	92.857	42	3	63.5
MW006668.1	k141_29770	83889	94.872	39	2	62.6
MW006668.1	k141_29770	83889	70.543	129	38	62.6
MW006668.1	k141_29770	83889	92.683	41	3	61.7
MW006668.1	k141_29770	83889	83.721	43	7	47.3
MW006668.1	k141_95306	25691	94.193	5338	176	8202
MW006668.1	k141_95306	25691	94.193	5338	176	8202
MW006668.1	k141_95306	25691	88.439	5458	402	7047
MW006668.1	k141_95306	25691	95.684	2479	81	3963
MW006668.1	k141_95306	25691	95.684	2479	81	3963
MW006668.1	k141_95306	25691	75.502	1992	283	1407
MW006668.1	k141_95306	25691	85.180	695	67	800
MW006668.1	k141_95306	25691	79.470	906	121	765
MW006668.1	k141_95306	25691	86.135	577	68	673
MW006668.1	k141_95306	25691	77.474	768	114	605
MW006668.1	k141_95306	25691	85.312	497	35	584
MW006668.1	k141_95306	25691	85.312	497	35	584
MW006668.1	k141_95306	25691	85.667	300	29	343
MW006668.1	k141_95306	25691	85.667	300	29	343
MW006668.1	k141_95306	25691	80.000	325	42	297
MW006668.1	k141_95306	25691	75.988	329	49	229
MW006668.1	k141_95306	25691	83.684	190	31	204
MW006668.1	k141_95306	25691	83.221	149	15	152
MW006668.1	k141_95306	25691	83.221	149	15	152
MW006668.1	k141_95306	25691	83.212	137	13	140
MW006668.1	k141_95306	25691	67.561	410	100	139
MW006668.1	k141_95306	25691	67.561	410	100	139
MW006668.1	k141_95306	25691	85.217	115	10	133
MW006668.1	k141_95306	25691	85.217	115	10	133
MW006668.1	k141_95306	25691	82.857	105	14	108
MW006668.1	k141_95306	25691	64.603	517	134	105
MW006668.1	k141_95306	25691	66.165	532	130	99.6
MW006668.1	k141_95306	25691	66.165	532	130	99.6
MW006668.1	k141_95306	25691	71.351	185	40	98.7
MW006668.1	k141_95306	25691	65.789	532	132	95.1
MW006668.1	k141_95306	25691	65.789	532	132	95.1
MW006668.1	k141_95306	25691	65.789	532	132	94.2
MW006668.1	k141_95306	25691	65.789	532	132	94.2
MW006668.1	k141_95306	25691	70.492	183	42	94.2
MW006668.1	k141_95306	25691	70.492	183	42	94.2
MW006668.1	k141_95306	25691	70.492	183	42	94.2
MW006668.1	k141_95306	25691	70.492	183	42	94.2
MW006668.1	k141_95306	25691	74.803	127	19	88.7
MW006668.1	k141_95306	25691	74.803	127	19	88.7
MW006668.1	k141_95306	25691	65.414	532	134	86.0
MW006668.1	k141_95306	25691	65.414	532	134	86.0
MW006668.1	k141_95306	25691	65.414	532	134	86.0
MW006668.1	k141_95306	25691	65.414	532	134	86.0
MW006668.1	k141_95306	25691	69.176	279	70	86.0
MW006668.1	k141_95306	25691	69.176	279	70	86.0
MW006668.1	k141_95306	25691	100.000	42	0	77.0
MW006668.1	k141_95306	25691	100.000	42	0	77.0
MW006668.1	k141_95306	25691	85.965	57	8	68.0
MW006668.1	k141_95306	25691	85.965	57	8	68.0
MW006668.1	k141_95306	25691	92.857	42	3	63.5
MW006668.1	k141_95306	25691	72.603	73	14	43.7
MW006668.1	k141_50541	19105	81.662	4837	720	4623
MW006668.1	k141_50541	19105	81.662	4837	720	4623
MW006668.1	k141_50541	19105	83.442	2766	375	2904
MW006668.1	k141_50541	19105	83.442	2766	375	2904
MW006668.1	k141_50541	19105	78.072	2303	458	1847
MW006668.1	k141_50541	19105	84.174	1447	179	1560
MW006668.1	k141_50541	19105	84.174	1447	179	1560
MW006668.1	k141_50541	19105	84.722	216	33	242
MW006668.1	k141_50541	19105	84.722	216	33	242
MW006668.1	k141_50541	19105	86.508	126	16	148
MW006668.1	k141_73099	7838	94.052	269	16	414
MW006668.1	k141_65726	13334	71.059	888	219	406
MW006668.1	k141_65726	13334	71.059	888	219	406
MW006668.1	k141_65726	13334	78.648	281	58	230
MW006668.1	k141_65726	13334	78.648	281	58	230
MW006668.1	k141_65726	13334	85.246	61	9	70.7
MW006668.1	k141_65726	13334	85.246	61	9	70.7
MW006668.1	k141_65143	9368	76.042	480	105	343
MW006668.1	k141_65143	9368	76.042	480	105	343
MW006668.1	k141_65143	9368	73.763	465	106	263
MW006668.1	k141_65143	9368	73.763	465	106	263
MW006668.1	k141_30061	9528	90.090	222	22	302
MW006668.1	k141_58654	508	76.316	342	67	256
MW006668.1	k141_57418	202	90.000	170	17	231
MW006668.1	k141_14454	341	90.071	141	14	192
MW006668.1	k141_53901	9398	90.370	135	13	186
MW006668.1	k141_90824	247	92.523	107	8	158
MW006668.1	k141_92250	293	92.523	107	8	158
MW006668.1	k141_88203	609	92.523	107	7	154
MW006668.1	k141_14663	9133	94.505	91	2	141
MW006668.1	k141_14663	9133	94.253	87	4	132
MW006668.1	k141_14663	9133	93.590	78	5	119
MW006668.1	k141_14663	9133	93.590	78	5	119
MW006668.1	k141_14663	9133	83.838	99	12	102
MW006668.1	k141_14663	9133	83.838	99	12	102
MW006668.1	k141_99140	473	83.607	122	20	131
MW006668.1	k141_21009	2317	92.593	81	6	120
MW006668.1	k141_66047	1431	92.593	81	6	120
MW006668.1	k141_92302	4082	92.593	81	6	120
MW006668.1	k141_53180	372	92.105	76	6	111
MW006668.1	k141_23802	361	92.105	76	6	111
MW006668.1	k141_9004	381	69.057	265	78	104
MW006668.1	k141_56163	565	92.647	68	4	97.8
MW006668.1	k141_39409	420	90.141	71	7	97.8
MW006668.1	k141_30607	490	93.651	63	4	96.9
MW006668.1	k141_89133	382	80.392	102	13	96.9
MW006668.1	k141_60536	744	92.188	64	5	94.2
MW006668.1	k141_49369	277	92.308	65	4	92.4
MW006668.1	k141_69223	3810	90.909	66	5	89.7
MW006668.1	k141_8872	382	90.769	65	5	87.8
MW006668.1	k141_84455	282	90.769	65	4	84.2
MW006668.1	k141_74058	1377	94.340	53	3	83.3
MW006668.1	k141_49826	594	95.833	48	2	78.8
MW006668.1	k141_53651	572	90.741	54	5	76.1
MW006668.1	k141_63821	492	95.455	44	2	71.6
MW006668.1	k141_9616	326	95.455	44	2	71.6
MW006668.1	k141_99508	588	95.455	44	2	71.6
MW006668.1	k141_31061	900	80.000	75	15	68.9
MW006668.1	k141_70439	595	77.551	98	18	68.9
MW006668.1	k141_62780	5571	72.650	117	32	68.0
MW006668.1	k141_9607	2091	93.182	44	3	67.1
MW006668.1	k141_101148	544	77.528	89	17	65.3
MW006668.1	k141_101883	400	92.500	40	3	59.9
MW006668.1	k141_8884	258	92.500	40	3	59.9
MW006668.1	k141_151	768	68.148	135	43	50.9
MW006668.1	k141_151	768	75.000	84	17	48.2
MW435436.1	k141_95306	25691	92.542	13341	685	19596
MW435436.1	k141_95306	25691	92.542	13341	685	19596
MW435436.1	k141_95306	25691	95.619	5250	134	8423
MW435436.1	k141_95306	25691	95.619	5250	134	8423
MW435436.1	k141_95306	25691	96.089	2787	92	4524
MW435436.1	k141_95306	25691	96.089	2787	92	4524
MW435436.1	k141_95306	25691	87.868	2786	120	3567
MW435436.1	k141_95306	25691	87.868	2786	120	3567
MW435436.1	k141_95306	25691	86.784	1642	97	2002
MW435436.1	k141_95306	25691	86.784	1642	97	2002
MW435436.1	k141_95306	25691	95.238	42	2	68.0
MW435436.1	k141_95306	25691	92.308	39	3	58.1
MW435436.1	k141_29770	83889	90.275	5666	479	7705
MW435436.1	k141_29770	83889	84.359	6221	856	6835
MW435436.1	k141_29770	83889	80.208	6240	859	5678
MW435436.1	k141_29770	83889	87.629	4551	448	5656
MW435436.1	k141_29770	83889	85.039	4525	522	5077
MW435436.1	k141_29770	83889	84.563	3796	376	4222
MW435436.1	k141_29770	83889	81.493	4166	495	4002
MW435436.1	k141_29770	83889	78.507	4341	654	3617
MW435436.1	k141_29770	83889	86.533	3000	302	3546
MW435436.1	k141_29770	83889	74.543	4761	751	3083
MW435436.1	k141_29770	83889	83.116	2298	296	2361
MW435436.1	k141_29770	83889	86.188	1839	219	2177
MW435436.1	k141_29770	83889	84.062	2014	285	2155
MW435436.1	k141_29770	83889	81.335	1843	210	1714
MW435436.1	k141_29770	83889	76.975	2076	349	1508
MW435436.1	k141_29770	83889	80.620	1548	267	1447
MW435436.1	k141_29770	83889	87.828	1068	93	1324
MW435436.1	k141_29770	83889	80.815	1251	153	1177
MW435436.1	k141_29770	83889	74.389	1472	226	943
MW435436.1	k141_29770	83889	79.644	1012	126	893
MW435436.1	k141_29770	83889	86.115	713	88	841
MW435436.1	k141_29770	83889	79.506	932	132	774
MW435436.1	k141_29770	83889	86.195	565	57	664
MW435436.1	k141_29770	83889	79.480	692	114	589
MW435436.1	k141_29770	83889	69.430	1158	170	506
MW435436.1	k141_29770	83889	75.366	751	131	493
MW435436.1	k141_29770	83889	87.432	366	40	441
MW435436.1	k141_29770	83889	87.432	366	40	441
MW435436.1	k141_29770	83889	72.458	708	98	405
MW435436.1	k141_29770	83889	85.759	323	35	372
MW435436.1	k141_29770	83889	88.889	252	27	325
MW435436.1	k141_29770	83889	90.798	163	15	227
MW435436.1	k141_29770	83889	79.508	244	31	201
MW435436.1	k141_29770	83889	88.312	154	15	196
MW435436.1	k141_29770	83889	86.061	165	17	191
MW435436.1	k141_29770	83889	73.946	261	54	155
MW435436.1	k141_29770	83889	92.381	105	8	154
MW435436.1	k141_29770	83889	87.692	130	11	154
MW435436.1	k141_29770	83889	85.950	121	17	142
MW435436.1	k141_29770	83889	68.378	370	101	128
MW435436.1	k141_29770	83889	81.818	132	22	128
MW435436.1	k141_29770	83889	79.167	144	27	123
MW435436.1	k141_29770	83889	94.286	70	3	105
MW435436.1	k141_29770	83889	100.000	45	0	82.4
MW435436.1	k141_29770	83889	94.872	39	2	62.6
MW435436.1	k141_29770	83889	94.872	39	2	62.6
MW435436.1	k141_50541	19105	81.881	3306	495	3239
MW435436.1	k141_50541	19105	82.385	2759	366	2785
MW435436.1	k141_50541	19105	80.836	2249	394	2106
MW435436.1	k141_50541	19105	80.439	2004	354	1837
MW435436.1	k141_50541	19105	84.831	1424	182	1576
MW435436.1	k141_50541	19105	80.032	1252	205	1127
MW435436.1	k141_50541	19105	81.680	857	141	830
MW435436.1	k141_50541	19105	81.680	857	141	830
MW435436.1	k141_50541	19105	71.503	1158	233	626
MW435436.1	k141_50541	19105	71.050	1171	248	581
MW435436.1	k141_50541	19105	69.918	1220	331	525
MW435436.1	k141_50541	19105	82.000	150	18	144
MW435436.1	k141_50541	19105	82.000	150	18	144
MW435436.1	k141_73099	7838	95.167	269	13	427
MW435436.1	k141_65726	13334	71.558	886	217	426
MW435436.1	k141_65726	13334	71.558	886	217	426
MW435436.1	k141_65726	13334	78.292	281	59	225
MW435436.1	k141_65726	13334	78.292	281	59	225
MW435436.1	k141_65726	13334	86.885	61	8	75.2
MW435436.1	k141_65726	13334	86.885	61	8	75.2
MW435436.1	k141_65143	9368	75.309	486	110	332
MW435436.1	k141_65143	9368	75.309	486	110	332
MW435436.1	k141_65143	9368	75.594	463	95	293
MW435436.1	k141_65143	9368	75.594	463	95	293
MW435436.1	k141_30061	9528	88.636	220	25	285
MW435436.1	k141_57418	202	91.176	170	15	240
MW435436.1	k141_58654	508	73.446	354	79	220
MW435436.1	k141_48619	439	97.414	116	3	196
MW435436.1	k141_48619	439	97.414	116	3	196
MW435436.1	k141_14454	341	90.071	141	14	192
MW435436.1	k141_53901	9398	88.112	143	16	178
MW435436.1	k141_90824	247	91.743	109	9	157
MW435436.1	k141_92250	293	91.743	109	9	157
MW435436.1	k141_88203	609	89.831	118	11	156
MW435436.1	k141_88203	609	89.831	118	11	156
MW435436.1	k141_99140	473	83.969	131	21	142
MW435436.1	k141_14663	9133	98.734	79	1	139
MW435436.1	k141_14663	9133	92.593	81	6	120
MW435436.1	k141_14663	9133	92.308	78	6	114
MW435436.1	k141_14663	9133	92.308	78	6	114
MW435436.1	k141_14663	9133	92.308	78	6	114
MW435436.1	k141_89133	382	83.065	124	13	128
MW435436.1	k141_23802	361	95.000	80	4	127
MW435436.1	k141_21009	2317	95.946	74	3	121
MW435436.1	k141_66047	1431	95.946	74	3	121
MW435436.1	k141_92302	4082	95.946	74	3	121
MW435436.1	k141_53180	372	93.421	76	5	115
MW435436.1	k141_9004	381	69.173	266	76	107
MW435436.1	k141_46370	326	92.063	63	5	92.4
MW435436.1	k141_67153	851	83.529	85	8	92.4
MW435436.1	k141_67153	851	83.529	85	8	92.4
MW435436.1	k141_39409	420	87.500	72	9	90.6
MW435436.1	k141_30607	490	90.476	63	6	87.8
MW435436.1	k141_56163	565	90.476	63	6	87.8
MW435436.1	k141_49826	594	100.000	48	0	87.8
MW435436.1	k141_49826	594	100.000	48	0	87.8
MW435436.1	k141_60536	744	87.500	64	8	80.6
MW435436.1	k141_70439	595	85.294	68	8	76.1
MW435436.1	k141_74058	1377	90.566	53	5	74.3
MW435436.1	k141_49369	277	86.154	65	8	74.3
MW435436.1	k141_53651	572	91.837	49	4	71.6
MW435436.1	k141_63821	492	95.455	44	2	71.6
MW435436.1	k141_9616	326	95.455	44	2	71.6
MW435436.1	k141_99508	588	95.455	44	2	71.6
MW435436.1	k141_8872	382	84.615	65	9	69.8
MW435436.1	k141_9607	2091	93.182	44	3	67.1
MW435436.1	k141_101148	544	76.404	89	18	60.8
MW435436.1	k141_57064	728	94.595	37	2	59.0
MW435436.1	k141_57064	728	94.595	37	2	59.0
MW435436.1	k141_151	768	69.118	136	42	57.2
MW435436.1	k141_151	768	73.810	84	18	43.7
MW435436.1	k141_62780	5571	75.385	65	16	46.4
MW435436.1	k141_62780	5571	75.385	65	16	46.4
NC_037882.1	k141_29770	83889	86.592	12746	1394	15259
NC_037882.1	k141_29770	83889	87.736	8211	745	10220
NC_037882.1	k141_29770	83889	83.699	6699	750	7129
NC_037882.1	k141_29770	83889	86.003	4558	499	5321
NC_037882.1	k141_29770	83889	88.314	3577	303	4567
NC_037882.1	k141_29770	83889	82.349	4198	481	4181
NC_037882.1	k141_29770	83889	78.497	4725	726	3887
NC_037882.1	k141_29770	83889	76.382	4649	631	3454
NC_037882.1	k141_29770	83889	85.981	2354	268	2728
NC_037882.1	k141_29770	83889	83.703	2166	254	2310
NC_037882.1	k141_29770	83889	85.648	1944	246	2242
NC_037882.1	k141_29770	83889	78.964	2491	342	2087
NC_037882.1	k141_29770	83889	81.139	1739	281	1651
NC_037882.1	k141_29770	83889	85.080	1059	103	1180
NC_037882.1	k141_29770	83889	88.901	883	53	1147
NC_037882.1	k141_29770	83889	80.662	1179	127	1127
NC_037882.1	k141_29770	83889	77.890	1289	161	1031
NC_037882.1	k141_29770	83889	78.430	1261	153	1016
NC_037882.1	k141_29770	83889	71.309	2039	340	1013
NC_037882.1	k141_29770	83889	76.284	1421	209	993
NC_037882.1	k141_29770	83889	88.643	722	78	928
NC_037882.1	k141_29770	83889	78.130	1198	153	916
NC_037882.1	k141_29770	83889	76.428	963	155	671
NC_037882.1	k141_29770	83889	74.804	893	135	588
NC_037882.1	k141_29770	83889	82.581	465	55	471
NC_037882.1	k141_29770	83889	73.256	774	119	448
NC_037882.1	k141_29770	83889	74.375	480	79	293
NC_037882.1	k141_29770	83889	79.193	322	45	268
NC_037882.1	k141_29770	83889	75.709	247	32	183
NC_037882.1	k141_29770	83889	85.256	156	18	178
NC_037882.1	k141_29770	83889	80.899	178	26	162
NC_037882.1	k141_29770	83889	77.251	211	31	153
NC_037882.1	k141_29770	83889	91.346	104	8	144
NC_037882.1	k141_29770	83889	83.969	131	21	142
NC_037882.1	k141_29770	83889	80.263	152	14	141
NC_037882.1	k141_29770	83889	80.263	152	14	141
NC_037882.1	k141_29770	83889	75.152	165	41	113
NC_037882.1	k141_29770	83889	68.125	320	88	113
NC_037882.1	k141_29770	83889	94.286	70	3	105
NC_037882.1	k141_29770	83889	84.043	94	9	95.1
NC_037882.1	k141_29770	83889	95.238	42	2	68.0
NC_037882.1	k141_29770	83889	92.308	39	3	58.1
NC_037882.1	k141_29770	83889	92.308	39	3	58.1
NC_037882.1	k141_95306	25691	93.041	8292	421	12390
NC_037882.1	k141_95306	25691	93.041	8292	421	12390
NC_037882.1	k141_95306	25691	96.289	5254	106	8578
NC_037882.1	k141_95306	25691	96.289	5254	106	8578
NC_037882.1	k141_95306	25691	94.119	4863	129	7546
NC_037882.1	k141_95306	25691	94.119	4863	129	7546
NC_037882.1	k141_95306	25691	96.395	2802	73	4592
NC_037882.1	k141_95306	25691	96.395	2802	73	4592
NC_037882.1	k141_95306	25691	89.080	1566	112	2076
NC_037882.1	k141_95306	25691	89.080	1566	112	2076
NC_037882.1	k141_95306	25691	92.466	584	28	856
NC_037882.1	k141_95306	25691	92.466	584	28	856
NC_037882.1	k141_95306	25691	83.622	635	40	699
NC_037882.1	k141_95306	25691	83.622	635	40	699
NC_037882.1	k141_95306	25691	86.866	434	19	529
NC_037882.1	k141_95306	25691	86.866	434	19	529
NC_037882.1	k141_95306	25691	97.619	42	1	72.5
NC_037882.1	k141_95306	25691	94.872	39	2	62.6
NC_037882.1	k141_95306	25691	84.211	38	6	42.8
NC_037882.1	k141_50541	19105	80.181	6726	1005	6029
NC_037882.1	k141_50541	19105	83.892	2744	326	2962
NC_037882.1	k141_50541	19105	81.152	2414	390	2271
NC_037882.1	k141_50541	19105	68.379	2492	619	896
NC_037882.1	k141_50541	19105	81.669	851	143	817
NC_037882.1	k141_50541	19105	86.219	566	66	658
NC_037882.1	k141_50541	19105	69.666	1167	305	495
NC_037882.1	k141_50541	19105	84.746	236	35	260
NC_037882.1	k141_50541	19105	82.270	141	22	141
NC_037882.1	k141_50541	19105	82.270	141	22	141
NC_037882.1	k141_65726	13334	71.847	888	211	438
NC_037882.1	k141_65726	13334	71.847	888	211	438
NC_037882.1	k141_65726	13334	77.936	281	60	221
NC_037882.1	k141_65726	13334	77.936	281	60	221
NC_037882.1	k141_65726	13334	86.885	61	8	75.2
NC_037882.1	k141_65726	13334	86.885	61	8	75.2
NC_037882.1	k141_73099	7838	93.680	269	17	409
NC_037882.1	k141_65143	9368	75.417	480	108	330
NC_037882.1	k141_65143	9368	75.417	480	108	330
NC_037882.1	k141_65143	9368	75.810	463	94	297
NC_037882.1	k141_65143	9368	75.810	463	94	297
NC_037882.1	k141_30061	9528	93.056	216	14	319
NC_037882.1	k141_57418	202	92.941	170	12	253
NC_037882.1	k141_53901	9398	69.715	492	77	236
NC_037882.1	k141_14454	341	94.118	136	8	210
NC_037882.1	k141_58654	508	73.438	320	71	203
NC_037882.1	k141_48619	439	96.552	116	4	192
NC_037882.1	k141_48619	439	96.552	116	4	192
NC_037882.1	k141_99140	473	89.313	131	14	174
NC_037882.1	k141_88203	609	91.525	118	9	165
NC_037882.1	k141_88203	609	91.525	118	9	165
NC_037882.1	k141_90824	247	92.661	109	8	161
NC_037882.1	k141_92250	293	92.661	109	8	161
NC_037882.1	k141_14663	9133	98.701	77	1	135
NC_037882.1	k141_14663	9133	96.296	81	3	133
NC_037882.1	k141_14663	9133	93.590	78	5	119
NC_037882.1	k141_14663	9133	93.590	78	5	119
NC_037882.1	k141_14663	9133	89.744	78	8	105
NC_037882.1	k141_89133	382	85.577	104	12	119
NC_037882.1	k141_21009	2317	93.506	77	5	117
NC_037882.1	k141_66047	1431	93.506	77	5	117
NC_037882.1	k141_92302	4082	93.506	77	5	117
NC_037882.1	k141_23802	361	91.250	80	7	113
NC_037882.1	k141_9004	381	69.434	265	77	108
NC_037882.1	k141_67153	851	87.059	85	5	105
NC_037882.1	k141_67153	851	87.059	85	5	105
NC_037882.1	k141_69223	3810	89.157	83	7	103
NC_037882.1	k141_39409	420	91.549	71	6	102
NC_037882.1	k141_60536	744	93.750	64	4	98.7
NC_037882.1	k141_30607	490	93.651	63	4	96.9
NC_037882.1	k141_53180	372	86.842	76	10	93.3
NC_037882.1	k141_56163	565	92.063	63	5	92.4
NC_037882.1	k141_46370	326	90.476	63	6	87.8
NC_037882.1	k141_31061	900	85.333	75	11	86.9
NC_037882.1	k141_49369	277	89.394	66	5	86.0
NC_037882.1	k141_49826	594	100.000	46	0	84.2
NC_037882.1	k141_49826	594	100.000	46	0	84.2
NC_037882.1	k141_74058	1377	94.340	53	3	83.3
NC_037882.1	k141_8872	382	87.879	66	6	81.5
NC_037882.1	k141_84455	282	87.879	66	5	77.9
NC_037882.1	k141_53651	572	91.837	49	4	71.6
NC_037882.1	k141_63821	492	95.455	44	2	71.6
NC_037882.1	k141_9616	326	95.455	44	2	71.6
NC_037882.1	k141_62780	5571	73.109	119	32	71.6
NC_037882.1	k141_99508	588	95.455	44	2	71.6
NC_037882.1	k141_151	768	71.324	136	39	70.7
NC_037882.1	k141_9607	2091	93.182	44	3	67.1
NC_037882.1	k141_45383	342	97.368	38	1	65.3
NC_037882.1	k141_45383	342	97.368	38	1	65.3
NC_037882.1	k141_57064	728	97.297	37	1	63.5
NC_037882.1	k141_57064	728	97.297	37	1	63.5
NC_037882.1	k141_61884	390	87.879	33	4	42.8
NC_056190.1	k141_95306	25691	92.106	9399	542	13646
NC_056190.1	k141_95306	25691	92.182	9363	532	13626
NC_056190.1	k141_95306	25691	91.975	5981	266	8613
NC_056190.1	k141_95306	25691	91.975	5981	266	8613
NC_056190.1	k141_95306	25691	94.166	5314	158	8184
NC_056190.1	k141_95306	25691	94.166	5314	158	8184
NC_056190.1	k141_95306	25691	95.943	2785	93	4491
NC_056190.1	k141_95306	25691	95.943	2785	93	4491
NC_056190.1	k141_95306	25691	87.476	1549	117	1953
NC_056190.1	k141_95306	25691	87.476	1549	117	1953
NC_056190.1	k141_95306	25691	84.250	400	33	443
NC_056190.1	k141_95306	25691	84.250	400	33	443
NC_056190.1	k141_95306	25691	93.878	49	3	76.1
NC_056190.1	k141_95306	25691	93.878	49	3	76.1
NC_056190.1	k141_95306	25691	97.561	41	1	70.7
NC_056190.1	k141_95306	25691	92.308	39	3	58.1
NC_056190.1	k141_95306	25691	84.211	38	6	42.8
NC_056190.1	k141_29770	83889	87.594	9536	908	11792
NC_056190.1	k141_29770	83889	83.823	8104	1125	8656
NC_056190.1	k141_29770	83889	80.719	7541	1068	7032
NC_056190.1	k141_29770	83889	79.490	7611	1165	6545
NC_056190.1	k141_29770	83889	87.740	4331	476	5413
NC_056190.1	k141_29770	83889	82.107	5164	668	5085
NC_056190.1	k141_29770	83889	82.282	4171	529	4083
NC_056190.1	k141_29770	83889	79.382	3982	619	3356
NC_056190.1	k141_29770	83889	80.006	3381	437	2982
NC_056190.1	k141_29770	83889	82.998	2088	303	2154
NC_056190.1	k141_29770	83889	75.836	2421	335	1743
NC_056190.1	k141_29770	83889	87.444	1107	119	1352
NC_056190.1	k141_29770	83889	74.234	1599	225	1074
NC_056190.1	k141_29770	83889	81.369	1052	135	1002
NC_056190.1	k141_29770	83889	75.109	1370	229	909
NC_056190.1	k141_29770	83889	76.417	1217	201	857
NC_056190.1	k141_29770	83889	78.100	1105	165	855
NC_056190.1	k141_29770	83889	83.425	724	98	776
NC_056190.1	k141_29770	83889	73.954	1171	186	682
NC_056190.1	k141_29770	83889	74.058	929	140	586
NC_056190.1	k141_29770	83889	74.663	667	93	402
NC_056190.1	k141_29770	83889	83.641	379	48	399
NC_056190.1	k141_29770	83889	76.832	423	81	310
NC_056190.1	k141_29770	83889	90.404	198	19	272
NC_056190.1	k141_29770	83889	88.079	151	18	192
NC_056190.1	k141_29770	83889	74.754	305	58	189
NC_056190.1	k141_29770	83889	77.725	211	36	161
NC_056190.1	k141_29770	83889	92.929	99	7	148
NC_056190.1	k141_29770	83889	96.552	87	2	141
NC_056190.1	k141_29770	83889	89.216	102	11	135
NC_056190.1	k141_29770	83889	90.000	100	5	127
NC_056190.1	k141_29770	83889	76.364	165	39	123
NC_056190.1	k141_29770	83889	68.012	322	89	112
NC_056190.1	k141_29770	83889	70.769	260	50	110
NC_056190.1	k141_29770	83889	94.286	70	3	105
NC_056190.1	k141_29770	83889	78.495	93	15	74.3
NC_056190.1	k141_29770	83889	92.683	41	3	61.7
NC_056190.1	k141_29770	83889	90.476	42	4	59.0
NC_056190.1	k141_29770	83889	92.308	39	3	58.1
NC_056190.1	k141_29770	83889	92.308	39	3	58.1
NC_056190.1	k141_50541	19105	72.703	5660	1216	3079
NC_056190.1	k141_50541	19105	77.434	1294	247	982
NC_056190.1	k141_50541	19105	79.268	1066	166	913
NC_056190.1	k141_50541	19105	76.601	1171	209	859
NC_056190.1	k141_50541	19105	83.333	708	98	741
NC_056190.1	k141_50541	19105	71.005	1114	257	532
NC_056190.1	k141_50541	19105	72.451	461	75	266
NC_056190.1	k141_50541	19105	83.636	220	30	227
NC_056190.1	k141_50541	19105	69.197	461	116	188
NC_056190.1	k141_50541	19105	69.197	461	116	188
NC_056190.1	k141_50541	19105	86.408	103	14	123
NC_056190.1	k141_50541	19105	86.408	103	14	123
NC_056190.1	k141_50541	19105	86.408	103	14	123
NC_056190.1	k141_50541	19105	86.408	103	14	123
NC_056190.1	k141_50541	19105	79.832	119	24	107
NC_056190.1	k141_50541	19105	71.429	147	25	78.8
NC_056190.1	k141_65726	13334	71.950	877	207	436
NC_056190.1	k141_65726	13334	71.950	877	207	436
NC_056190.1	k141_65726	13334	77.580	281	61	216
NC_056190.1	k141_65726	13334	77.580	281	61	216
NC_056190.1	k141_65726	13334	86.885	61	8	75.2
NC_056190.1	k141_65726	13334	86.885	61	8	75.2
NC_056190.1	k141_73099	7838	94.007	267	16	410
NC_056190.1	k141_65143	9368	75.417	480	108	330
NC_056190.1	k141_65143	9368	75.417	480	108	330
NC_056190.1	k141_65143	9368	75.810	463	94	297
NC_056190.1	k141_65143	9368	75.810	463	94	297
NC_056190.1	k141_30061	9528	88.837	215	20	279
NC_056190.1	k141_57418	202	92.216	167	13	243
NC_056190.1	k141_58654	508	73.239	355	80	217
NC_056190.1	k141_14454	341	92.029	138	11	200
NC_056190.1	k141_48619	439	92.742	124	9	184
NC_056190.1	k141_48619	439	92.742	124	9	184
NC_056190.1	k141_53901	9398	88.148	135	16	172
NC_056190.1	k141_88203	609	92.373	118	8	169
NC_056190.1	k141_88203	609	92.373	118	8	169
NC_056190.1	k141_90824	247	94.393	107	6	167
NC_056190.1	k141_92250	293	94.393	107	6	167
NC_056190.1	k141_99140	473	82.443	131	23	133
NC_056190.1	k141_14663	9133	93.182	88	6	132
NC_056190.1	k141_14663	9133	96.203	79	3	130
NC_056190.1	k141_14663	9133	92.308	78	6	114
NC_056190.1	k141_14663	9133	92.308	78	6	114
NC_056190.1	k141_14663	9133	88.750	80	9	104
NC_056190.1	k141_21009	2317	93.506	77	5	117
NC_056190.1	k141_66047	1431	93.506	77	5	117
NC_056190.1	k141_92302	4082	93.506	77	5	117
NC_056190.1	k141_23802	361	91.250	80	7	113
NC_056190.1	k141_53180	372	92.105	76	6	111
NC_056190.1	k141_9004	381	68.773	269	72	100
NC_056190.1	k141_89133	382	77.477	111	13	95.1
NC_056190.1	k141_39409	420	87.324	71	9	88.7
NC_056190.1	k141_56163	565	90.476	63	6	87.8
NC_056190.1	k141_49826	594	100.000	46	0	84.2
NC_056190.1	k141_49826	594	100.000	46	0	84.2
NC_056190.1	k141_67153	851	81.176	85	10	83.3
NC_056190.1	k141_67153	851	81.176	85	10	83.3
NC_056190.1	k141_60536	744	87.500	64	8	80.6
NC_056190.1	k141_49369	277	92.593	54	3	77.0
NC_056190.1	k141_8872	382	90.741	54	4	72.5
NC_056190.1	k141_53651	572	88.889	54	6	71.6
NC_056190.1	k141_74058	1377	88.679	53	6	69.8
NC_056190.1	k141_45383	342	100.000	38	0	69.8
NC_056190.1	k141_45383	342	100.000	38	0	69.8
NC_056190.1	k141_101148	544	73.109	119	29	65.3
NC_056190.1	k141_63821	492	89.362	47	5	63.5
NC_056190.1	k141_9616	326	89.362	47	5	63.5
NC_056190.1	k141_57064	728	97.297	37	1	63.5
NC_056190.1	k141_57064	728	97.297	37	1	63.5
NC_056190.1	k141_99508	588	89.362	47	5	63.5
NC_056190.1	k141_151	768	67.647	136	44	48.2
NC_056190.1	k141_151	768	75.000	76	16	46.4
NC_056190.1	k141_66333	822	72.093	86	22	45.5
MN564931.1	k141_29770	83889	84.851	12753	1593	14297
MN564931.1	k141_29770	83889	79.844	13247	1820	11776
MN564931.1	k141_29770	83889	87.052	6673	655	8107
MN564931.1	k141_29770	83889	84.299	4261	544	4673
MN564931.1	k141_29770	83889	81.747	3950	476	3837
MN564931.1	k141_29770	83889	90.432	2665	238	3650
MN564931.1	k141_29770	83889	78.504	4331	729	3557
MN564931.1	k141_29770	83889	85.037	1898	243	2108
MN564931.1	k141_29770	83889	82.141	1999	302	1987
MN564931.1	k141_29770	83889	79.912	2260	294	1953
MN564931.1	k141_29770	83889	74.905	2897	464	1923
MN564931.1	k141_29770	83889	80.597	1474	178	1345
MN564931.1	k141_29770	83889	76.738	1582	288	1208
MN564931.1	k141_29770	83889	79.550	978	128	856
MN564931.1	k141_29770	83889	74.922	1276	188	811
MN564931.1	k141_29770	83889	84.480	741	84	806
MN564931.1	k141_29770	83889	84.384	730	91	797
MN564931.1	k141_29770	83889	77.626	876	129	676
MN564931.1	k141_29770	83889	76.729	911	147	629
MN564931.1	k141_29770	83889	72.342	1110	195	602
MN564931.1	k141_29770	83889	77.383	619	80	499
MN564931.1	k141_29770	83889	75.112	671	107	440
MN564931.1	k141_29770	83889	72.611	701	110	406
MN564931.1	k141_29770	83889	87.586	290	36	361
MN564931.1	k141_29770	83889	81.416	339	40	331
MN564931.1	k141_29770	83889	74.895	474	60	314
MN564931.1	k141_29770	83889	84.328	268	37	295
MN564931.1	k141_29770	83889	83.396	265	36	283
MN564931.1	k141_29770	83889	85.057	174	18	196
MN564931.1	k141_29770	83889	84.181	177	14	193
MN564931.1	k141_29770	83889	85.276	163	19	187
MN564931.1	k141_29770	83889	78.733	221	36	184
MN564931.1	k141_29770	83889	87.671	146	18	183
MN564931.1	k141_29770	83889	83.571	140	15	148
MN564931.1	k141_29770	83889	83.571	140	15	148
MN564931.1	k141_29770	83889	68.919	370	99	137
MN564931.1	k141_29770	83889	97.368	76	2	129
MN564931.1	k141_29770	83889	67.249	458	100	128
MN564931.1	k141_29770	83889	75.152	165	41	113
MN564931.1	k141_29770	83889	95.714	70	2	110
MN564931.1	k141_29770	83889	81.651	109	19	104
MN564931.1	k141_29770	83889	76.378	127	27	84.2
MN564931.1	k141_29770	83889	95.745	47	2	77.0
MN564931.1	k141_29770	83889	70.000	170	49	70.7
MN564931.1	k141_29770	83889	81.159	69	7	68.0
MN564931.1	k141_29770	83889	92.857	42	3	63.5
MN564931.1	k141_29770	83889	94.872	39	2	62.6
MN564931.1	k141_29770	83889	94.872	39	2	62.6
MN564931.1	k141_29770	83889	82.979	47	8	50.0
MN564931.1	k141_95306	25691	92.116	6050	232	8824
MN564931.1	k141_95306	25691	92.116	6050	232	8824
MN564931.1	k141_95306	25691	94.696	5317	172	8273
MN564931.1	k141_95306	25691	94.696	5317	172	8273
MN564931.1	k141_95306	25691	86.294	3896	342	4689
MN564931.1	k141_95306	25691	86.294	3896	342	4689
MN564931.1	k141_95306	25691	96.081	2781	91	4500
MN564931.1	k141_95306	25691	96.081	2781	91	4500
MN564931.1	k141_95306	25691	91.895	2258	126	3236
MN564931.1	k141_95306	25691	91.895	2258	126	3236
MN564931.1	k141_95306	25691	82.493	1468	126	1522
MN564931.1	k141_95306	25691	82.493	1468	126	1522
MN564931.1	k141_95306	25691	84.909	1206	107	1396
MN564931.1	k141_95306	25691	84.909	1206	107	1396
MN564931.1	k141_95306	25691	88.412	699	51	905
MN564931.1	k141_95306	25691	88.412	699	51	905
MN564931.1	k141_95306	25691	85.985	685	45	818
MN564931.1	k141_95306	25691	85.985	685	45	818
MN564931.1	k141_95306	25691	86.279	481	51	575
MN564931.1	k141_95306	25691	86.279	481	51	575
MN564931.1	k141_95306	25691	78.307	189	38	155
MN564931.1	k141_95306	25691	78.307	189	38	155
MN564931.1	k141_95306	25691	100.000	42	0	77.0
MN564931.1	k141_95306	25691	92.857	42	3	63.5
MN564931.1	k141_50541	19105	80.984	4249	644	3979
MN564931.1	k141_50541	19105	80.826	3343	506	3085
MN564931.1	k141_50541	19105	78.929	2316	436	1957
MN564931.1	k141_50541	19105	78.855	1258	218	1050
MN564931.1	k141_50541	19105	73.818	592	130	361
MN564931.1	k141_50541	19105	73.818	592	130	361
MN564931.1	k141_50541	19105	74.016	508	95	333
MN564931.1	k141_50541	19105	74.016	508	95	333
MN564931.1	k141_50541	19105	68.295	880	224	312
MN564931.1	k141_50541	19105	68.295	880	224	312
MN564931.1	k141_50541	19105	83.730	252	41	270
MN564931.1	k141_50541	19105	81.004	279	50	263
MN564931.1	k141_50541	19105	81.004	279	50	263
MN564931.1	k141_50541	19105	74.269	342	82	222
MN564931.1	k141_50541	19105	74.269	342	82	222
MN564931.1	k141_50541	19105	72.340	235	51	126
MN564931.1	k141_50541	19105	72.340	235	51	126
MN564931.1	k141_50541	19105	77.305	141	29	109
MN564931.1	k141_50541	19105	77.305	141	29	109
MN564931.1	k141_65726	13334	72.072	888	209	447
MN564931.1	k141_65726	13334	72.072	888	209	447
MN564931.1	k141_65726	13334	77.936	281	60	221
MN564931.1	k141_65726	13334	77.936	281	60	221
MN564931.1	k141_65726	13334	86.885	61	8	75.2
MN564931.1	k141_65726	13334	86.885	61	8	75.2
MN564931.1	k141_73099	7838	91.822	269	22	387
MN564931.1	k141_65143	9368	74.792	480	111	316
MN564931.1	k141_65143	9368	74.792	480	111	316
MN564931.1	k141_65143	9368	75.594	463	95	293
MN564931.1	k141_65143	9368	75.594	463	95	293
MN564931.1	k141_30061	9528	89.252	214	18	283
MN564931.1	k141_58654	508	77.101	345	65	270
MN564931.1	k141_57418	202	90.588	170	16	235
MN564931.1	k141_53901	9398	76.357	258	31	205
MN564931.1	k141_14454	341	91.429	140	12	199
MN564931.1	k141_88203	609	91.525	118	9	165
MN564931.1	k141_88203	609	91.525	118	9	165
MN564931.1	k141_99140	473	87.023	131	17	160
MN564931.1	k141_90824	247	88.991	109	12	143
MN564931.1	k141_92250	293	88.991	109	12	143
MN564931.1	k141_14663	9133	94.505	91	2	141
MN564931.1	k141_14663	9133	97.531	81	2	138
MN564931.1	k141_14663	9133	92.308	78	6	114
MN564931.1	k141_14663	9133	92.308	78	6	114
MN564931.1	k141_14663	9133	91.026	78	7	110
MN564931.1	k141_21009	2317	97.260	73	2	123
MN564931.1	k141_66047	1431	97.260	73	2	123
MN564931.1	k141_92302	4082	97.260	73	2	123
MN564931.1	k141_53180	372	92.105	76	6	111
MN564931.1	k141_23802	361	91.026	78	7	110
MN564931.1	k141_67153	851	87.059	85	5	105
MN564931.1	k141_67153	851	87.059	85	5	105
MN564931.1	k141_48619	439	78.151	119	14	100
MN564931.1	k141_48619	439	78.151	119	14	100
MN564931.1	k141_9004	381	68.284	268	79	93.3
MN564931.1	k141_89133	382	76.068	117	10	93.3
MN564931.1	k141_60536	744	92.063	63	5	92.4
MN564931.1	k141_39409	420	89.552	67	7	90.6
MN564931.1	k141_49826	594	100.000	48	0	87.8
MN564931.1	k141_49826	594	100.000	48	0	87.8
MN564931.1	k141_49369	277	89.394	66	6	85.1
MN564931.1	k141_74058	1377	94.231	52	3	81.5
MN564931.1	k141_30607	490	88.710	62	7	81.5
MN564931.1	k141_69223	3810	87.879	66	7	80.6
MN564931.1	k141_8872	382	87.879	66	7	80.6
MN564931.1	k141_53651	572	88.889	54	6	71.6
MN564931.1	k141_31061	900	82.609	69	12	71.6
MN564931.1	k141_46370	326	85.246	61	9	70.7
MN564931.1	k141_151	768	71.324	136	39	70.7
MN564931.1	k141_63821	492	95.349	43	2	69.8
MN564931.1	k141_9616	326	95.349	43	2	69.8
MN564931.1	k141_62780	5571	71.429	133	38	69.8
MN564931.1	k141_99508	588	95.349	43	2	69.8
MN564931.1	k141_9607	2091	93.023	43	3	65.3
MN564931.1	k141_45383	342	97.368	38	1	65.3
MN564931.1	k141_45383	342	97.368	38	1	65.3
NC_031651.1	k141_29770	83889	87.058	12131	1037	14815
NC_031651.1	k141_29770	83889	87.332	8091	863	9986
NC_031651.1	k141_29770	83889	84.211	7442	863	8108
NC_031651.1	k141_29770	83889	83.607	6100	664	6426
NC_031651.1	k141_29770	83889	88.563	4643	402	5992
NC_031651.1	k141_29770	83889	85.503	4925	534	5641
NC_031651.1	k141_29770	83889	85.013	4137	424	4635
NC_031651.1	k141_29770	83889	78.676	4699	675	3896
NC_031651.1	k141_29770	83889	81.255	3745	453	3530
NC_031651.1	k141_29770	83889	86.613	2002	203	2380
NC_031651.1	k141_29770	83889	82.797	2145	319	2192
NC_031651.1	k141_29770	83889	82.282	1569	180	1548
NC_031651.1	k141_29770	83889	80.221	1628	227	1440
NC_031651.1	k141_29770	83889	90.509	1022	79	1400
NC_031651.1	k141_29770	83889	79.128	1490	207	1199
NC_031651.1	k141_29770	83889	75.672	1636	249	1169
NC_031651.1	k141_29770	83889	78.487	1269	179	1031
NC_031651.1	k141_29770	83889	74.452	1460	217	935
NC_031651.1	k141_29770	83889	88.162	718	79	909
NC_031651.1	k141_29770	83889	78.507	1005	153	815
NC_031651.1	k141_29770	83889	90.577	520	44	718
NC_031651.1	k141_29770	83889	73.821	806	143	483
NC_031651.1	k141_29770	83889	82.938	422	46	429
NC_031651.1	k141_29770	83889	79.482	463	64	399
NC_031651.1	k141_29770	83889	86.076	237	20	269
NC_031651.1	k141_29770	83889	85.876	177	25	207
NC_031651.1	k141_29770	83889	67.019	567	90	191
NC_031651.1	k141_29770	83889	82.249	169	26	160
NC_031651.1	k141_29770	83889	72.152	316	55	159
NC_031651.1	k141_29770	83889	88.571	105	12	136
NC_031651.1	k141_29770	83889	76.074	163	39	119
NC_031651.1	k141_29770	83889	75.152	165	41	113
NC_031651.1	k141_29770	83889	95.775	71	2	112
NC_031651.1	k141_29770	83889	94.872	39	2	62.6
NC_031651.1	k141_29770	83889	94.872	39	2	62.6
NC_031651.1	k141_29770	83889	85.185	54	5	60.8
NC_031651.1	k141_29770	83889	82.143	56	10	57.2
NC_031651.1	k141_29770	83889	73.239	71	19	43.7
NC_031651.1	k141_95306	25691	94.166	9204	402	14228
NC_031651.1	k141_95306	25691	94.639	9046	384	14164
NC_031651.1	k141_95306	25691	93.897	6013	207	9203
NC_031651.1	k141_95306	25691	93.897	6013	207	9203
NC_031651.1	k141_95306	25691	93.830	5624	170	8585
NC_031651.1	k141_95306	25691	93.830	5624	170	8585
NC_031651.1	k141_95306	25691	97.204	2790	61	4669
NC_031651.1	k141_95306	25691	97.204	2790	61	4669
NC_031651.1	k141_95306	25691	85.368	1155	67	1342
NC_031651.1	k141_95306	25691	85.368	1155	67	1342
NC_031651.1	k141_95306	25691	87.367	752	86	928
NC_031651.1	k141_95306	25691	91.379	58	5	83.3
NC_031651.1	k141_95306	25691	95.918	49	2	80.6
NC_031651.1	k141_95306	25691	95.918	49	2	80.6
NC_031651.1	k141_95306	25691	97.619	42	1	72.5
NC_031651.1	k141_95306	25691	84.000	50	6	48.2
NC_031651.1	k141_95306	25691	84.000	50	6	48.2
NC_031651.1	k141_50541	19105	83.698	3386	435	3557
NC_031651.1	k141_50541	19105	83.862	2745	322	2977
NC_031651.1	k141_50541	19105	81.186	2259	404	2150
NC_031651.1	k141_50541	19105	86.915	1475	161	1788
NC_031651.1	k141_50541	19105	70.939	2567	567	1239
NC_031651.1	k141_50541	19105	78.316	1425	211	1158
NC_031651.1	k141_50541	19105	78.431	867	148	716
NC_031651.1	k141_50541	19105	74.148	1056	241	649
NC_031651.1	k141_50541	19105	81.172	239	41	228
NC_031651.1	k141_50541	19105	82.051	117	21	117
NC_031651.1	k141_65726	13334	72.072	888	209	443
NC_031651.1	k141_65726	13334	72.072	888	209	443
NC_031651.1	k141_65726	13334	77.936	281	60	221
NC_031651.1	k141_65726	13334	77.936	281	60	221
NC_031651.1	k141_65726	13334	86.885	61	8	75.2
NC_031651.1	k141_65726	13334	86.885	61	8	75.2
NC_031651.1	k141_73099	7838	94.052	269	16	414
NC_031651.1	k141_65143	9368	75.208	480	109	325
NC_031651.1	k141_65143	9368	75.208	480	109	325
NC_031651.1	k141_65143	9368	75.594	463	95	297
NC_031651.1	k141_65143	9368	75.594	463	95	297
NC_031651.1	k141_30061	9528	92.308	221	17	323
NC_031651.1	k141_58654	508	76.901	355	67	276
NC_031651.1	k141_57418	202	95.882	170	7	276
NC_031651.1	k141_14454	341	95.035	141	7	224
NC_031651.1	k141_53901	9398	91.892	148	12	214
NC_031651.1	k141_53901	9398	71.351	185	32	92.4
NC_031651.1	k141_48619	439	97.458	118	3	200
NC_031651.1	k141_48619	439	97.458	118	3	200
NC_031651.1	k141_88203	609	93.220	118	7	174
NC_031651.1	k141_88203	609	93.220	118	7	174
NC_031651.1	k141_90824	247	94.495	109	6	170
NC_031651.1	k141_92250	293	94.495	109	6	170
NC_031651.1	k141_99140	473	87.302	126	16	156
NC_031651.1	k141_14663	9133	95.506	89	3	140
NC_031651.1	k141_14663	9133	93.827	81	5	124
NC_031651.1	k141_14663	9133	93.590	78	5	119
NC_031651.1	k141_14663	9133	93.590	78	5	119
NC_031651.1	k141_14663	9133	97.778	45	1	77.9
NC_031651.1	k141_89133	382	85.455	110	7	131
NC_031651.1	k141_21009	2317	94.521	73	4	114
NC_031651.1	k141_66047	1431	94.521	73	4	114
NC_031651.1	k141_92302	4082	94.521	73	4	114
NC_031651.1	k141_17702	15460	73.481	181	23	111
NC_031651.1	k141_67153	851	88.235	85	4	110
NC_031651.1	k141_67153	851	88.235	85	4	110
NC_031651.1	k141_23802	361	91.026	78	7	110
NC_031651.1	k141_53180	372	90.789	76	7	106
NC_031651.1	k141_30607	490	95.238	63	3	101
NC_031651.1	k141_60536	744	92.188	64	5	94.2
NC_031651.1	k141_9004	381	68.400	250	75	90.6
NC_031651.1	k141_46370	326	90.625	64	6	89.7
NC_031651.1	k141_39409	420	87.324	71	9	88.7
NC_031651.1	k141_56163	565	90.476	63	6	87.8
NC_031651.1	k141_49826	594	100.000	48	0	87.8
NC_031651.1	k141_49826	594	100.000	48	0	87.8
NC_031651.1	k141_49369	277	90.769	65	5	87.8
NC_031651.1	k141_8872	382	89.231	65	6	83.3
NC_031651.1	k141_69223	3810	84.000	75	11	78.8
NC_031651.1	k141_74058	1377	92.453	53	4	78.8
NC_031651.1	k141_53651	572	90.741	54	5	76.1
NC_031651.1	k141_62780	5571	74.312	109	28	71.6
NC_031651.1	k141_45383	342	100.000	38	0	69.8
NC_031651.1	k141_45383	342	100.000	38	0	69.8
NC_031651.1	k141_63821	492	91.111	45	4	64.4
NC_031651.1	k141_9616	326	91.111	45	4	64.4
NC_031651.1	k141_99508	588	91.111	45	4	64.4
NC_031651.1	k141_31061	900	77.922	77	17	63.5
NC_031651.1	k141_57064	728	97.297	37	1	63.5
NC_031651.1	k141_57064	728	97.297	37	1	63.5
NC_031651.1	k141_9607	2091	88.889	45	5	59.9
NC_031651.1	k141_151	768	69.118	136	42	57.2
NC_031651.1	k141_17167	459	77.778	72	15	55.4
MW366789.1	k141_29770	83889	81.375	8322	1348	7977
MW366789.1	k141_29770	83889	89.487	5222	486	6914
MW366789.1	k141_29770	83889	89.487	5222	486	6914
MW366789.1	k141_29770	83889	89.843	2609	258	3495
MW366789.1	k141_29770	83889	82.830	2947	374	3031
MW366789.1	k141_29770	83889	82.004	3034	461	2966
MW366789.1	k141_29770	83889	78.127	3502	577	2745
MW366789.1	k141_29770	83889	74.976	4112	753	2706
MW366789.1	k141_29770	83889	79.629	2641	381	2263
MW366789.1	k141_29770	83889	86.647	1655	200	1972
MW366789.1	k141_29770	83889	83.826	1725	237	1833
MW366789.1	k141_29770	83889	78.786	1895	384	1572
MW366789.1	k141_29770	83889	75.490	2142	335	1474
MW366789.1	k141_29770	83889	74.320	2060	431	1306
MW366789.1	k141_29770	83889	77.574	1632	254	1287
MW366789.1	k141_29770	83889	85.024	1035	133	1152
MW366789.1	k141_29770	83889	85.194	878	116	997
MW366789.1	k141_29770	83889	71.715	1446	218	752
MW366789.1	k141_29770	83889	72.616	1143	224	645
MW366789.1	k141_29770	83889	81.166	669	114	627
MW366789.1	k141_29770	83889	73.285	831	142	512
MW366789.1	k141_29770	83889	76.042	672	110	470
MW366789.1	k141_29770	83889	76.147	654	139	452
MW366789.1	k141_29770	83889	82.974	417	47	432
MW366789.1	k141_29770	83889	67.742	1240	285	384
MW366789.1	k141_29770	83889	78.487	423	57	352
MW366789.1	k141_29770	83889	78.487	423	57	352
MW366789.1	k141_29770	83889	71.757	609	138	318
MW366789.1	k141_29770	83889	74.094	552	100	318
MW366789.1	k141_29770	83889	73.628	565	107	314
MW366789.1	k141_29770	83889	81.957	327	50	310
MW366789.1	k141_29770	83889	73.705	502	130	304
MW366789.1	k141_29770	83889	77.596	366	66	283
MW366789.1	k141_29770	83889	73.061	490	86	281
MW366789.1	k141_29770	83889	84.351	262	29	272
MW366789.1	k141_29770	83889	77.410	363	48	262
MW366789.1	k141_29770	83889	73.874	444	77	255
MW366789.1	k141_29770	83889	77.936	281	24	226
MW366789.1	k141_29770	83889	84.135	208	24	226
MW366789.1	k141_29770	83889	73.057	386	99	219
MW366789.1	k141_29770	83889	75.839	298	51	214
MW366789.1	k141_29770	83889	75.168	298	53	205
MW366789.1	k141_29770	83889	68.313	587	163	196
MW366789.1	k141_29770	83889	68.313	587	163	196
MW366789.1	k141_29770	83889	77.510	249	49	195
MW366789.1	k141_29770	83889	81.564	179	27	171
MW366789.1	k141_29770	83889	90.625	128	7	168
MW366789.1	k141_29770	83889	83.750	160	17	167
MW366789.1	k141_29770	83889	89.764	127	8	158
MW366789.1	k141_29770	83889	90.265	113	8	153
MW366789.1	k141_29770	83889	85.075	134	20	152
MW366789.1	k141_29770	83889	89.623	106	10	139
MW366789.1	k141_29770	83889	97.468	79	2	134
MW366789.1	k141_29770	83889	84.298	121	19	133
MW366789.1	k141_29770	83889	96.341	82	2	132
MW366789.1	k141_29770	83889	96.341	82	2	132
MW366789.1	k141_29770	83889	89.474	95	8	120
MW366789.1	k141_29770	83889	82.171	129	19	120
MW366789.1	k141_29770	83889	69.079	304	76	119
MW366789.1	k141_29770	83889	69.079	304	76	119
MW366789.1	k141_29770	83889	73.333	210	43	116
MW366789.1	k141_29770	83889	80.741	135	20	114
MW366789.1	k141_29770	83889	69.718	284	70	113
MW366789.1	k141_29770	83889	69.718	284	70	113
MW366789.1	k141_29770	83889	95.652	69	3	112
MW366789.1	k141_29770	83889	73.514	185	39	109
MW366789.1	k141_29770	83889	80.159	126	21	105
MW366789.1	k141_29770	83889	91.781	73	5	102
MW366789.1	k141_29770	83889	92.754	69	4	99.6
MW366789.1	k141_29770	83889	89.041	73	8	96.9
MW366789.1	k141_29770	83889	84.706	85	13	96.0
MW366789.1	k141_29770	83889	85.484	62	9	72.5
MW366789.1	k141_29770	83889	85.484	62	9	72.5
MW366789.1	k141_29770	83889	77.174	92	20	68.9
MW366789.1	k141_29770	83889	69.767	129	39	58.1
MW366789.1	k141_29770	83889	69.767	129	39	58.1
MW366789.1	k141_29770	83889	83.019	53	9	56.3
MW366789.1	k141_29770	83889	83.019	53	9	56.3
MW366789.1	k141_29770	83889	72.973	74	19	41.0
MW366789.1	k141_95306	25691	89.651	5933	382	7898
MW366789.1	k141_95306	25691	89.651	5933	382	7898
MW366789.1	k141_95306	25691	89.259	4618	344	6099
MW366789.1	k141_95306	25691	89.259	4618	344	6099
MW366789.1	k141_95306	25691	91.987	1797	94	2592
MW366789.1	k141_95306	25691	91.987	1797	94	2592
MW366789.1	k141_95306	25691	89.925	1727	127	2324
MW366789.1	k141_95306	25691	90.041	1717	127	2321
MW366789.1	k141_95306	25691	86.681	473	28	570
MW366789.1	k141_95306	25691	86.681	473	28	570
MW366789.1	k141_95306	25691	86.681	473	28	570
MW366789.1	k141_95306	25691	83.673	343	34	360
MW366789.1	k141_95306	25691	83.673	343	34	360
MW366789.1	k141_95306	25691	92.571	175	13	258
MW366789.1	k141_95306	25691	92.571	175	13	258
MW366789.1	k141_95306	25691	79.239	289	37	245
MW366789.1	k141_95306	25691	96.350	137	5	225
MW366789.1	k141_95306	25691	96.350	137	5	225
MW366789.1	k141_95306	25691	92.361	144	11	211
MW366789.1	k141_95306	25691	92.361	144	11	211
MW366789.1	k141_95306	25691	82.955	176	29	179
MW366789.1	k141_95306	25691	82.955	176	29	179
MW366789.1	k141_95306	25691	82.558	172	16	175
MW366789.1	k141_95306	25691	82.558	172	16	175
MW366789.1	k141_95306	25691	88.462	130	9	170
MW366789.1	k141_95306	25691	88.462	130	9	168
MW366789.1	k141_95306	25691	93.103	87	6	131
MW366789.1	k141_95306	25691	93.103	87	6	131
MW366789.1	k141_95306	25691	87.342	79	5	98.7
MW366789.1	k141_95306	25691	87.342	79	5	98.7
MW366789.1	k141_95306	25691	95.918	49	2	80.6
MW366789.1	k141_95306	25691	95.918	49	2	80.6
MW366789.1	k141_95306	25691	93.878	49	3	76.1
MW366789.1	k141_95306	25691	93.878	49	3	76.1
MW366789.1	k141_95306	25691	93.878	49	3	76.1
MW366789.1	k141_95306	25691	94.737	38	2	60.8
MW366789.1	k141_95306	25691	87.179	39	5	49.1
MW366789.1	k141_50541	19105	83.074	2759	385	2841
MW366789.1	k141_50541	19105	83.074	2759	385	2841
MW366789.1	k141_50541	19105	79.823	1918	364	1700
MW366789.1	k141_50541	19105	76.434	2232	483	1612
MW366789.1	k141_50541	19105	83.978	1473	214	1581
MW366789.1	k141_50541	19105	83.978	1473	214	1581
MW366789.1	k141_50541	19105	76.170	1154	219	861
MW366789.1	k141_50541	19105	83.040	625	98	644
MW366789.1	k141_50541	19105	83.040	625	98	644
MW366789.1	k141_50541	19105	80.064	311	62	282
MW366789.1	k141_50541	19105	78.000	150	27	119
MW366789.1	k141_65726	13334	70.875	903	208	407
MW366789.1	k141_65726	13334	70.875	903	208	407
MW366789.1	k141_65726	13334	90.164	61	6	84.2
MW366789.1	k141_65726	13334	90.164	61	6	84.2
MW366789.1	k141_65726	13334	88.525	61	7	79.7
MW366789.1	k141_65726	13334	88.525	61	7	79.7
MW366789.1	k141_73099	7838	91.822	269	22	387
MW366789.1	k141_73099	7838	91.822	269	22	387
MW366789.1	k141_65143	9368	75.000	480	110	321
MW366789.1	k141_65143	9368	75.000	480	110	321
MW366789.1	k141_65143	9368	76.242	463	94	309
MW366789.1	k141_65143	9368	76.242	463	94	309
MW366789.1	k141_30061	9528	85.778	225	28	257
MW366789.1	k141_57418	202	88.824	170	19	222
MW366789.1	k141_57418	202	88.824	170	19	222
MW366789.1	k141_58654	508	71.884	345	83	189
MW366789.1	k141_14454	341	86.525	141	19	169
MW366789.1	k141_14454	341	86.525	141	19	169
MW366789.1	k141_90824	247	92.661	109	8	161
MW366789.1	k141_90824	247	92.661	109	8	161
MW366789.1	k141_92250	293	92.661	109	8	161
MW366789.1	k141_92250	293	92.661	109	8	161
MW366789.1	k141_53901	9398	83.942	137	22	149
MW366789.1	k141_14663	9133	94.444	90	5	141
MW366789.1	k141_14663	9133	96.053	76	3	124
MW366789.1	k141_14663	9133	89.773	88	9	119
MW366789.1	k141_14663	9133	89.773	88	9	119
MW366789.1	k141_14663	9133	92.105	76	6	111
MW366789.1	k141_14663	9133	92.105	76	6	111
MW366789.1	k141_88203	609	83.898	118	18	124
MW366789.1	k141_88203	609	83.898	118	18	124
MW366789.1	k141_21009	2317	94.595	74	3	113
MW366789.1	k141_66047	1431	94.595	74	3	113
MW366789.1	k141_92302	4082	94.595	74	3	113
MW366789.1	k141_9004	381	69.262	244	69	99.6
MW366789.1	k141_67153	851	84.706	85	7	96.9
MW366789.1	k141_67153	851	84.706	85	7	96.9
MW366789.1	k141_30607	490	90.476	63	6	87.8
MW366789.1	k141_69223	3810	89.394	66	6	85.1
MW366789.1	k141_53180	372	83.784	74	12	80.6
MW366789.1	k141_49369	277	86.765	68	8	79.7
MW366789.1	k141_56163	565	87.302	63	8	78.8
MW366789.1	k141_39409	420	84.286	70	11	77.9
MW366789.1	k141_53651	572	90.741	54	5	76.1
MW366789.1	k141_8872	382	85.294	68	9	75.2
MW366789.1	k141_101148	544	74.790	119	27	74.3
MW366789.1	k141_151	768	71.324	136	39	70.7
MW366789.1	k141_151	768	77.381	84	15	57.2
MW366789.1	k141_16003	13417	87.273	55	7	68.9
MW366789.1	k141_62780	5571	69.444	144	40	61.7
MW366789.1	k141_74058	1377	81.132	53	10	51.8
MW366789.1	k141_66333	822	73.256	86	21	50.0
MW366789.1	k141_63821	492	82.609	46	8	48.2
MW366789.1	k141_9616	326	82.609	46	8	48.2
MW366789.1	k141_39188	1068	83.333	42	7	45.5
MW366789.1	k141_39188	1068	83.333	42	7	45.5
MW366789.1	k141_39161	11807	83.333	42	7	45.5
MW366789.1	k141_39161	11807	83.333	42	7	45.5
KT899950.1	k141_95306	25691	92.892	16433	670	24508
KT899950.1	k141_95306	25691	93.051	16291	658	24410
KT899950.1	k141_95306	25691	95.399	5260	125	8393
KT899950.1	k141_95306	25691	95.399	5260	125	8393
KT899950.1	k141_95306	25691	95.940	2808	77	4543
KT899950.1	k141_95306	25691	95.940	2808	77	4543
KT899950.1	k141_95306	25691	89.881	1591	94	2173
KT899950.1	k141_95306	25691	89.881	1591	94	2173
KT899950.1	k141_95306	25691	93.878	49	3	76.1
KT899950.1	k141_95306	25691	93.878	49	3	76.1
KT899950.1	k141_95306	25691	94.872	39	2	62.6
KT899950.1	k141_29770	83889	85.844	8152	937	9510
KT899950.1	k141_29770	83889	90.802	5762	467	7978
KT899950.1	k141_29770	83889	81.971	7377	874	7259
KT899950.1	k141_29770	83889	84.466	5472	612	6048
KT899950.1	k141_29770	83889	88.549	4637	428	5940
KT899950.1	k141_29770	83889	87.342	3571	337	4371
KT899950.1	k141_29770	83889	84.699	3856	476	4271
KT899950.1	k141_29770	83889	81.043	3872	468	3644
KT899950.1	k141_29770	83889	80.649	3576	502	3303
KT899950.1	k141_29770	83889	83.491	2847	335	3034
KT899950.1	k141_29770	83889	82.166	2826	312	2818
KT899950.1	k141_29770	83889	83.429	2269	299	2372
KT899950.1	k141_29770	83889	82.725	2275	317	2333
KT899950.1	k141_29770	83889	76.414	2476	357	1821
KT899950.1	k141_29770	83889	83.145	1501	192	1527
KT899950.1	k141_29770	83889	85.368	1237	159	1417
KT899950.1	k141_29770	83889	76.248	1583	230	1157
KT899950.1	k141_29770	83889	76.471	1292	177	944
KT899950.1	k141_29770	83889	86.921	734	89	884
KT899950.1	k141_29770	83889	75.788	983	146	653
KT899950.1	k141_29770	83889	80.645	713	82	638
KT899950.1	k141_29770	83889	83.007	612	84	600
KT899950.1	k141_29770	83889	76.654	771	115	584
KT899950.1	k141_29770	83889	77.716	718	97	559
KT899950.1	k141_29770	83889	78.730	630	91	540
KT899950.1	k141_29770	83889	75.722	762	102	526
KT899950.1	k141_29770	83889	84.091	396	40	425
KT899950.1	k141_29770	83889	78.995	438	58	366
KT899950.1	k141_29770	83889	86.166	253	29	296
KT899950.1	k141_29770	83889	74.822	421	62	286
KT899950.1	k141_29770	83889	77.348	362	65	268
KT899950.1	k141_29770	83889	83.264	239	21	251
KT899950.1	k141_29770	83889	68.544	515	113	198
KT899950.1	k141_29770	83889	78.788	231	33	188
KT899950.1	k141_29770	83889	71.154	364	56	183
KT899950.1	k141_29770	83889	73.455	275	45	157
KT899950.1	k141_29770	83889	80.625	160	23	143
KT899950.1	k141_29770	83889	85.833	120	12	141
KT899950.1	k141_29770	83889	76.970	165	38	127
KT899950.1	k141_29770	83889	89.773	88	9	119
KT899950.1	k141_29770	83889	95.714	70	2	110
KT899950.1	k141_29770	83889	79.832	119	24	107
KT899950.1	k141_29770	83889	81.319	91	13	87.8
KT899950.1	k141_29770	83889	94.872	39	2	62.6
KT899950.1	k141_29770	83889	94.872	39	2	62.6
KT899950.1	k141_29770	83889	92.683	41	3	61.7
KT899950.1	k141_50541	19105	83.618	2753	355	2892
KT899950.1	k141_50541	19105	80.690	2926	430	2676
KT899950.1	k141_50541	19105	86.550	2052	250	2458
KT899950.1	k141_50541	19105	80.730	2330	393	2202
KT899950.1	k141_50541	19105	69.961	2580	562	1194
KT899950.1	k141_50541	19105	80.159	1260	199	1147
KT899950.1	k141_50541	19105	74.269	1197	271	768
KT899950.1	k141_50541	19105	75.654	879	142	632
KT899950.1	k141_50541	19105	80.707	368	41	353
KT899950.1	k141_50541	19105	83.007	153	14	166
KT899950.1	k141_50541	19105	83.007	153	14	166
KT899950.1	k141_65726	13334	72.022	890	206	450
KT899950.1	k141_65726	13334	72.022	890	206	450
KT899950.1	k141_65726	13334	78.292	281	59	225
KT899950.1	k141_65726	13334	78.292	281	59	225
KT899950.1	k141_65726	13334	86.885	61	8	75.2
KT899950.1	k141_65726	13334	86.885	61	8	75.2
KT899950.1	k141_73099	7838	93.633	267	17	406
KT899950.1	k141_30061	9528	94.196	224	13	346
KT899950.1	k141_65143	9368	75.208	480	109	325
KT899950.1	k141_65143	9368	75.208	480	109	325
KT899950.1	k141_65143	9368	75.594	463	95	293
KT899950.1	k141_65143	9368	75.594	463	95	293
KT899950.1	k141_58654	508	75.354	353	72	245
KT899950.1	k141_57418	202	91.765	170	14	244
KT899950.1	k141_53901	9398	93.750	144	9	220
KT899950.1	k141_14454	341	90.071	141	14	192
KT899950.1	k141_48619	439	94.828	116	6	183
KT899950.1	k141_48619	439	94.828	116	6	183
KT899950.1	k141_90824	247	94.495	109	6	170
KT899950.1	k141_92250	293	94.495	109	6	170
KT899950.1	k141_99140	473	87.023	131	17	160
KT899950.1	k141_88203	609	90.678	118	10	160
KT899950.1	k141_88203	609	90.678	118	10	160
KT899950.1	k141_14663	9133	93.182	88	6	132
KT899950.1	k141_14663	9133	95.062	81	4	129
KT899950.1	k141_14663	9133	91.026	78	7	110
KT899950.1	k141_14663	9133	91.026	78	7	110
KT899950.1	k141_14663	9133	90.000	80	8	109
KT899950.1	k141_53180	372	93.421	76	5	115
KT899950.1	k141_21009	2317	94.521	73	4	114
KT899950.1	k141_66047	1431	94.521	73	4	114
KT899950.1	k141_92302	4082	94.521	73	4	114
KT899950.1	k141_30607	490	98.413	63	1	110
KT899950.1	k141_23802	361	90.000	80	8	109
KT899950.1	k141_67153	851	87.209	86	4	104
KT899950.1	k141_67153	851	87.209	86	4	104
KT899950.1	k141_39409	420	94.030	67	4	104
KT899950.1	k141_49369	277	95.385	65	2	101
KT899950.1	k141_9004	381	69.672	244	68	99.6
KT899950.1	k141_60536	744	93.750	64	4	98.7
KT899950.1	k141_8872	382	93.846	65	3	96.9
KT899950.1	k141_84455	282	93.846	65	2	93.3
KT899950.1	k141_89133	382	76.271	118	12	93.3
KT899950.1	k141_69223	3810	93.333	60	4	91.5
KT899950.1	k141_49826	594	100.000	48	0	87.8
KT899950.1	k141_49826	594	100.000	48	0	87.8
KT899950.1	k141_74058	1377	94.340	53	3	83.3
KT899950.1	k141_56163	565	91.379	58	5	83.3
KT899950.1	k141_31061	900	84.722	72	11	81.5
KT899950.1	k141_46370	326	87.500	64	8	80.6
KT899950.1	k141_53651	572	90.741	54	5	76.1
KT899950.1	k141_70439	595	86.765	68	7	76.1
KT899950.1	k141_62780	5571	74.312	109	28	71.6
KT899950.1	k141_45383	342	100.000	38	0	69.8
KT899950.1	k141_45383	342	100.000	38	0	69.8
KT899950.1	k141_63821	492	93.333	45	3	68.9
KT899950.1	k141_9616	326	93.333	45	3	68.9
KT899950.1	k141_99508	588	93.333	45	3	68.9
KT899950.1	k141_17167	459	78.161	87	18	68.9
KT899950.1	k141_101883	400	95.000	40	2	64.4
KT899950.1	k141_8884	258	95.000	40	2	64.4
KT899950.1	k141_57064	728	97.297	37	1	63.5
KT899950.1	k141_57064	728	97.297	37	1	63.5
KT899950.1	k141_151	768	69.118	136	42	57.2
KT899950.1	k141_151	768	73.494	83	18	41.9
KT899950.1	k141_101148	544	74.157	89	20	51.8
GU191334.1	k141_95306	25691	88.821	3739	299	4800
GU191334.1	k141_95306	25691	88.821	3739	299	4800
GU191334.1	k141_95306	25691	86.781	2625	237	3107
GU191334.1	k141_95306	25691	86.781	2625	237	3107
GU191334.1	k141_95306	25691	80.765	941	134	856
GU191334.1	k141_95306	25691	80.765	941	134	856
GU191334.1	k141_95306	25691	75.676	666	155	460
GU191334.1	k141_95306	25691	76.018	442	106	320
GU191334.1	k141_95306	25691	72.328	524	145	292
GU191334.1	k141_95306	25691	68.882	662	162	274
GU191334.1	k141_95306	25691	77.922	308	68	250
GU191334.1	k141_95306	25691	94.937	79	4	125
GU191334.1	k141_95306	25691	94.937	79	4	125
GU191334.1	k141_95306	25691	90.667	75	7	104
GU191334.1	k141_95306	25691	90.667	75	7	104
GU191334.1	k141_95306	25691	88.158	76	9	97.8
GU191334.1	k141_29770	83889	81.384	4539	840	4368
GU191334.1	k141_29770	83889	81.385	2729	457	2628
GU191334.1	k141_29770	83889	70.041	3645	1021	1580
GU191334.1	k141_29770	83889	83.679	1446	236	1544
GU191334.1	k141_29770	83889	73.248	2583	611	1494
GU191334.1	k141_29770	83889	80.745	1584	300	1469
GU191334.1	k141_29770	83889	77.863	1703	374	1361
GU191334.1	k141_29770	83889	87.974	1081	128	1361
GU191334.1	k141_29770	83889	71.418	1410	375	698
GU191334.1	k141_29770	83889	81.754	707	127	687
GU191334.1	k141_29770	83889	71.256	1322	340	649
GU191334.1	k141_29770	83889	75.480	885	211	601
GU191334.1	k141_29770	83889	74.482	917	198	600
GU191334.1	k141_29770	83889	83.005	559	88	569
GU191334.1	k141_29770	83889	77.682	699	151	549
GU191334.1	k141_29770	83889	74.375	800	161	523
GU191334.1	k141_29770	83889	69.892	1106	299	471
GU191334.1	k141_29770	83889	74.920	622	114	407
GU191334.1	k141_29770	83889	72.989	696	182	396
GU191334.1	k141_29770	83889	77.637	474	98	367
GU191334.1	k141_29770	83889	71.186	708	191	334
GU191334.1	k141_29770	83889	77.117	437	96	333
GU191334.1	k141_29770	83889	77.461	386	87	305
GU191334.1	k141_29770	83889	82.879	257	44	266
GU191334.1	k141_29770	83889	68.657	670	206	248
GU191334.1	k141_29770	83889	68.189	679	179	244
GU191334.1	k141_29770	83889	77.855	289	64	233
GU191334.1	k141_29770	83889	72.706	436	104	233
GU191334.1	k141_29770	83889	75.828	302	73	216
GU191334.1	k141_29770	83889	73.720	293	76	178
GU191334.1	k141_29770	83889	79.710	207	39	174
GU191334.1	k141_29770	83889	69.538	476	118	171
GU191334.1	k141_29770	83889	77.990	209	46	170
GU191334.1	k141_29770	83889	67.654	439	113	169
GU191334.1	k141_29770	83889	78.534	191	41	160
GU191334.1	k141_29770	83889	74.771	218	55	146
GU191334.1	k141_29770	83889	90.196	102	8	132
GU191334.1	k141_29770	83889	96.053	76	3	124
GU191334.1	k141_29770	83889	97.260	73	2	123
GU191334.1	k141_29770	83889	93.671	79	5	121
GU191334.1	k141_29770	83889	95.946	74	3	121
GU191334.1	k141_29770	83889	97.183	71	2	120
GU191334.1	k141_29770	83889	94.737	76	4	120
GU191334.1	k141_29770	83889	68.506	308	62	119
GU191334.1	k141_29770	83889	78.676	136	29	115
GU191334.1	k141_29770	83889	93.421	76	5	115
GU191334.1	k141_29770	83889	91.250	80	7	113
GU191334.1	k141_29770	83889	71.730	237	63	112
GU191334.1	k141_29770	83889	79.839	124	25	112
GU191334.1	k141_29770	83889	89.412	85	7	111
GU191334.1	k141_29770	83889	77.778	135	30	109
GU191334.1	k141_29770	83889	94.366	71	3	107
GU191334.1	k141_29770	83889	89.873	79	8	107
GU191334.1	k141_29770	83889	90.789	76	7	106
GU191334.1	k141_29770	83889	81.553	103	19	101
GU191334.1	k141_29770	83889	76.056	142	27	96.9
GU191334.1	k141_29770	83889	66.184	414	128	96.0
GU191334.1	k141_29770	83889	88.158	76	8	94.2
GU191334.1	k141_29770	83889	76.923	130	23	88.7
GU191334.1	k141_29770	83889	82.558	86	15	88.7
GU191334.1	k141_29770	83889	80.899	89	17	85.1
GU191334.1	k141_29770	83889	85.915	71	10	84.2
GU191334.1	k141_29770	83889	81.944	72	13	72.5
GU191334.1	k141_29770	83889	73.109	119	32	71.6
GU191334.1	k141_29770	83889	67.943	209	63	70.7
GU191334.1	k141_29770	83889	86.441	59	6	68.9
GU191334.1	k141_29770	83889	86.364	44	6	53.6
GU191334.1	k141_50541	19105	76.431	1765	400	1300
GU191334.1	k141_50541	19105	70.694	1887	501	876
GU191334.1	k141_50541	19105	74.828	1164	259	746
GU191334.1	k141_50541	19105	74.433	1103	268	709
GU191334.1	k141_50541	19105	68.350	812	223	265
GU191334.1	k141_50541	19105	76.271	295	70	217
GU191334.1	k141_50541	19105	91.358	81	7	115
GU191334.1	k141_50541	19105	73.469	196	48	110
GU191334.1	k141_65726	13334	72.191	881	198	451
GU191334.1	k141_65726	13334	72.191	881	198	451
GU191334.1	k141_65726	13334	77.936	281	60	221
GU191334.1	k141_65726	13334	77.936	281	60	221
GU191334.1	k141_65726	13334	88.525	61	7	79.7
GU191334.1	k141_65726	13334	88.525	61	7	79.7
GU191334.1	k141_65143	9368	75.157	479	111	326
GU191334.1	k141_65143	9368	75.157	479	111	326
GU191334.1	k141_65143	9368	75.472	477	93	297
GU191334.1	k141_65143	9368	75.472	477	93	297
GU191334.1	k141_73099	7838	81.955	266	48	264
GU191334.1	k141_57418	202	81.212	165	31	159
GU191334.1	k141_14454	341	82.443	131	23	133
GU191334.1	k141_90824	247	84.404	109	17	121
GU191334.1	k141_92250	293	84.404	109	17	121
GU191334.1	k141_21009	2317	94.595	74	4	116
GU191334.1	k141_66047	1431	94.595	74	4	116
GU191334.1	k141_92302	4082	94.595	74	4	116
GU191334.1	k141_14663	9133	93.421	76	5	115
GU191334.1	k141_14663	9133	87.952	83	9	102
GU191334.1	k141_14663	9133	89.062	64	7	85.1
GU191334.1	k141_14663	9133	89.062	64	7	85.1
GU191334.1	k141_9004	381	71.101	218	55	104
GU191334.1	k141_53901	9398	79.310	116	24	102
GU191334.1	k141_62780	5571	77.778	81	18	66.2
GU191334.1	k141_101148	544	77.528	89	17	65.3
GU191334.1	k141_151	768	70.370	135	40	64.4
GU191334.1	k141_151	768	76.190	84	16	52.7
GU191334.1	k141_66333	822	78.571	56	10	45.5
