MZ962720.1	k141_6567	41110	79.948	5765	763	5125
MZ962720.1	k141_6567	41110	88.588	2550	254	3276
MZ962720.1	k141_6567	41110	85.352	1932	257	2210
MZ962720.1	k141_6567	41110	85.422	1660	201	1909
MZ962720.1	k141_6567	41110	82.328	1873	271	1850
MZ962720.1	k141_6567	41110	78.678	2012	350	1685
MZ962720.1	k141_6567	41110	76.162	2173	325	1537
MZ962720.1	k141_6567	41110	87.142	1081	107	1312
MZ962720.1	k141_6567	41110	77.230	1581	285	1215
MZ962720.1	k141_6567	41110	71.478	1455	209	777
MZ962720.1	k141_6567	41110	72.652	1331	263	729
MZ962720.1	k141_6567	41110	77.686	968	161	723
MZ962720.1	k141_6567	41110	81.703	634	108	619
MZ962720.1	k141_6567	41110	75.966	828	127	572
MZ962720.1	k141_6567	41110	72.210	878	160	479
MZ962720.1	k141_6567	41110	66.835	1188	240	348
MZ962720.1	k141_6567	41110	74.317	549	122	345
MZ962720.1	k141_6567	41110	76.517	379	50	300
MZ962720.1	k141_6567	41110	69.705	746	138	289
MZ962720.1	k141_6567	41110	86.066	244	32	285
MZ962720.1	k141_6567	41110	71.685	558	126	269
MZ962720.1	k141_6567	41110	72.769	437	67	263
MZ962720.1	k141_6567	41110	72.769	437	67	263
MZ962720.1	k141_6567	41110	80.351	285	52	248
MZ962720.1	k141_6567	41110	72.755	323	78	173
MZ962720.1	k141_6567	41110	94.340	106	5	161
MZ962720.1	k141_6567	41110	77.350	234	29	160
MZ962720.1	k141_6567	41110	86.614	127	16	150
MZ962720.1	k141_6567	41110	88.696	115	12	146
MZ962720.1	k141_6567	41110	66.364	550	161	131
MZ962720.1	k141_6567	41110	80.882	136	26	129
MZ962720.1	k141_6567	41110	86.538	104	8	126
MZ962720.1	k141_6567	41110	86.538	104	8	126
MZ962720.1	k141_6567	41110	79.200	125	26	109
MZ962720.1	k141_6567	41110	87.209	86	9	99.6
MZ962720.1	k141_6567	41110	81.000	100	18	92.4
MZ962720.1	k141_6567	41110	84.884	86	11	90.6
MZ962720.1	k141_6567	41110	78.022	91	20	75.2
MZ962720.1	k141_6567	41110	78.022	91	20	75.2
MZ962720.1	k141_6567	41110	78.022	91	20	75.2
MZ962720.1	k141_6567	41110	80.702	57	11	54.5
MZ962720.1	k141_6567	41110	68.153	157	48	51.8
MZ962720.1	k141_6567	41110	76.119	67	16	50.0
MZ962720.1	k141_6567	41110	86.842	38	5	47.3
MZ962720.1	k141_31478	21235	92.622	3009	134	4415
MZ962720.1	k141_31478	21235	92.622	3009	134	4415
MZ962720.1	k141_31478	21235	93.216	2491	120	3739
MZ962720.1	k141_31478	21235	93.216	2491	120	3739
MZ962720.1	k141_31478	21235	89.432	2621	172	3465
MZ962720.1	k141_31478	21235	89.432	2621	172	3465
MZ962720.1	k141_31478	21235	91.769	1871	114	2640
MZ962720.1	k141_31478	21235	91.769	1871	114	2640
MZ962720.1	k141_31478	21235	86.849	2015	200	2426
MZ962720.1	k141_31478	21235	86.849	2015	200	2426
MZ962720.1	k141_31478	21235	86.319	2054	186	2388
MZ962720.1	k141_31478	21235	86.319	2054	186	2388
MZ962720.1	k141_31478	21235	80.268	821	75	775
MZ962720.1	k141_31478	21235	79.972	704	79	641
MZ962720.1	k141_31478	21235	79.972	704	79	641
MZ962720.1	k141_31478	21235	82.105	475	56	478
MZ962720.1	k141_31478	21235	82.105	475	56	478
MZ962720.1	k141_31478	21235	81.514	449	42	424
MZ962720.1	k141_31478	21235	81.514	449	42	424
MZ962720.1	k141_31478	21235	85.099	302	32	341
MZ962720.1	k141_31478	21235	85.099	302	32	341
MZ962720.1	k141_31478	21235	82.295	305	50	297
MZ962720.1	k141_31478	21235	82.295	305	50	297
MZ962720.1	k141_31478	21235	76.152	369	46	267
MZ962720.1	k141_31478	21235	76.152	369	46	267
MZ962720.1	k141_31478	21235	86.387	191	20	229
MZ962720.1	k141_31478	21235	83.178	214	34	217
MZ962720.1	k141_31478	21235	83.178	214	34	217
MZ962720.1	k141_31478	21235	79.283	251	48	209
MZ962720.1	k141_31478	21235	79.283	251	48	209
MZ962720.1	k141_31478	21235	76.636	214	21	156
MZ962720.1	k141_31478	21235	76.636	214	21	156
MZ962720.1	k141_31478	21235	78.333	120	26	100
MZ962720.1	k141_31478	21235	78.333	120	26	100
MZ962720.1	k141_31478	21235	75.000	136	13	94.2
MZ962720.1	k141_31478	21235	66.390	241	39	86.0
MZ962720.1	k141_31478	21235	66.390	241	39	86.0
MZ962720.1	k141_31478	21235	90.566	53	4	70.7
MZ962720.1	k141_31478	21235	90.566	53	4	70.7
MZ962720.1	k141_31478	21235	84.615	52	8	59.0
MZ962720.1	k141_31478	21235	84.615	52	8	59.0
MZ962720.1	k141_31478	21235	88.636	44	5	58.1
MZ962720.1	k141_83604	12734	83.275	3988	520	4183
MZ962720.1	k141_83604	12734	83.275	3988	520	4183
MZ962720.1	k141_83604	12734	81.493	2010	340	1937
MZ962720.1	k141_83604	12734	78.188	2274	443	1841
MZ962720.1	k141_83604	12734	76.042	1056	221	757
MZ962720.1	k141_83604	12734	85.156	640	92	716
MZ962720.1	k141_83604	12734	85.156	640	92	716
MZ962720.1	k141_83604	12734	81.875	320	58	316
MZ962720.1	k141_83604	12734	96.454	141	5	233
MZ962720.1	k141_83604	12734	96.454	141	5	233
MZ962720.1	k141_83604	12734	88.660	97	10	123
MZ962720.1	k141_42345	38200	85.411	3434	380	3931
MZ962720.1	k141_42345	38200	88.589	2857	281	3665
MZ962720.1	k141_42345	38200	80.882	3876	642	3635
MZ962720.1	k141_42345	38200	79.739	3366	570	2998
MZ962720.1	k141_42345	38200	79.741	3396	508	2992
MZ962720.1	k141_42345	38200	91.519	1132	92	1608
MZ962720.1	k141_42345	38200	73.077	2106	465	1217
MZ962720.1	k141_42345	38200	84.083	911	114	973
MZ962720.1	k141_42345	38200	82.668	952	154	966
MZ962720.1	k141_42345	38200	77.004	761	147	578
MZ962720.1	k141_42345	38200	74.706	850	128	544
MZ962720.1	k141_42345	38200	70.483	1118	243	531
MZ962720.1	k141_42345	38200	68.138	1246	218	462
MZ962720.1	k141_42345	38200	72.027	883	159	451
MZ962720.1	k141_42345	38200	86.753	385	43	450
MZ962720.1	k141_42345	38200	75.906	552	88	374
MZ962720.1	k141_42345	38200	74.517	518	92	313
MZ962720.1	k141_42345	38200	77.389	429	71	306
MZ962720.1	k141_42345	38200	84.758	269	35	284
MZ962720.1	k141_42345	38200	85.714	210	21	248
MZ962720.1	k141_42345	38200	85.714	210	21	248
MZ962720.1	k141_42345	38200	75.321	312	65	218
MZ962720.1	k141_42345	38200	81.818	231	31	215
MZ962720.1	k141_42345	38200	81.818	231	31	215
MZ962720.1	k141_42345	38200	85.143	175	22	198
MZ962720.1	k141_42345	38200	73.897	272	20	177
MZ962720.1	k141_42345	38200	75.893	224	39	157
MZ962720.1	k141_42345	38200	89.474	114	7	152
MZ962720.1	k141_42345	38200	89.474	114	9	150
MZ962720.1	k141_42345	38200	72.797	261	51	142
MZ962720.1	k141_42345	38200	84.921	126	9	129
MZ962720.1	k141_42345	38200	87.097	93	10	107
MZ962720.1	k141_42345	38200	67.879	330	90	105
MZ962720.1	k141_42345	38200	75.000	148	32	96.9
MZ962720.1	k141_42345	38200	86.667	75	10	91.5
MZ962720.1	k141_42345	38200	87.838	74	8	90.6
MZ962720.1	k141_42345	38200	68.103	232	70	71.6
MZ962720.1	k141_42345	38200	85.246	61	9	70.7
MZ962720.1	k141_42345	38200	84.783	46	7	52.7
MZ962720.1	k141_37424	5313	82.625	541	68	558
MZ962720.1	k141_37424	5313	82.625	541	68	558
MZ962720.1	k141_37424	5313	92.308	78	6	114
MZ962720.1	k141_37424	5313	82.432	74	13	76.1
MZ962720.1	k141_6664	2567	86.374	455	58	536
MZ962720.1	k141_7135	12472	70.848	1156	272	517
MZ962720.1	k141_7135	12472	70.848	1156	272	517
MZ962720.1	k141_7135	12472	97.163	141	4	237
MZ962720.1	k141_26973	616	87.879	363	34	462
MZ962720.1	k141_80529	342	89.443	341	34	451
MZ962720.1	k141_80529	342	89.443	341	34	451
MZ962720.1	k141_32098	1920	89.881	336	22	451
MZ962720.1	k141_32098	1920	89.881	336	22	451
MZ962720.1	k141_100103	4278	71.833	884	211	430
MZ962720.1	k141_100103	4278	71.833	884	211	430
MZ962720.1	k141_100103	4278	88.333	60	7	77.9
MZ962720.1	k141_100103	4278	88.333	60	7	77.9
MZ962720.1	k141_100103	4278	88.333	60	7	77.9
MZ962720.1	k141_42731	1242	87.156	327	42	401
MZ962720.1	k141_7172	608	75.514	535	107	383
MZ962720.1	k141_47765	987	78.697	399	67	335
MZ962720.1	k141_47765	987	77.119	118	26	88.7
MZ962720.1	k141_45173	999	71.944	499	72	277
MZ962720.1	k141_30592	2027	80.989	263	41	249
MZ962720.1	k141_30592	2027	80.989	263	41	249
MZ962720.1	k141_117738	2183	72.881	413	70	247
MZ962720.1	k141_86932	666	89.506	162	17	216
MZ962720.1	k141_86932	666	89.506	162	17	216
MZ962720.1	k141_81638	733	70.362	442	129	200
MZ962720.1	k141_118421	5089	83.832	167	25	178
MZ962720.1	k141_118421	5089	83.832	167	25	178
MZ962720.1	k141_118421	5089	79.508	122	23	105
MZ962720.1	k141_118421	5089	79.508	122	23	105
MZ962720.1	k141_118421	5089	80.198	101	18	90.6
MZ962720.1	k141_118421	5089	80.198	101	18	90.6
MZ962720.1	k141_118421	5089	87.719	57	5	69.8
MZ962720.1	k141_118421	5089	87.719	57	5	69.8
MZ962720.1	k141_103588	2330	77.510	249	44	172
MZ962720.1	k141_96108	2304	90.083	121	10	162
MZ962720.1	k141_108712	308	94.845	97	5	153
MZ962720.1	k141_108712	308	94.845	97	5	153
MZ962720.1	k141_48801	6770	96.552	87	3	144
MZ962720.1	k141_48801	6770	96.552	87	3	144
MZ962720.1	k141_18127	567	76.667	180	22	136
MZ962720.1	k141_18127	567	76.667	180	22	136
MZ962720.1	k141_794	380	87.129	101	13	124
MZ962720.1	k141_30010	667	83.186	113	19	119
MZ962720.1	k141_21604	666	87.356	87	10	104
MZ962720.1	k141_21604	666	87.356	87	10	104
MZ962720.1	k141_65796	335	96.552	58	2	96.9
MZ962720.1	k141_65796	335	96.552	58	2	96.9
MZ962720.1	k141_65796	335	96.552	58	2	96.9
MZ962720.1	k141_110612	1943	71.186	177	51	90.6
MZ962720.1	k141_110612	1943	71.186	177	51	90.6
MZ962720.1	k141_56964	799	86.301	73	9	84.2
MZ962720.1	k141_56964	799	86.301	73	9	84.2
MZ962720.1	k141_7634	8619	76.522	115	24	80.6
MZ962720.1	k141_7634	8619	76.522	115	24	80.6
MZ962720.1	k141_7634	8619	81.250	64	12	62.6
MZ962720.1	k141_7634	8619	81.250	64	12	62.6
MZ962720.1	k141_61991	9859	72.932	133	36	78.8
MZ962720.1	k141_118180	316	90.909	55	5	77.9
MZ962720.1	k141_118180	316	90.909	55	5	77.9
MZ962720.1	k141_42921	385	86.885	61	8	75.2
MZ962720.1	k141_42921	385	86.885	61	8	75.2
MZ962720.1	k141_103711	672	89.091	55	6	73.4
MZ962720.1	k141_103711	672	89.091	55	6	73.4
MZ962720.1	k141_12855	383	70.714	140	41	68.9
MZ962720.1	k141_117642	1561	80.000	60	12	55.4
MZ962720.1	k141_6425	2091	90.000	40	4	55.4
MZ962720.1	k141_6425	2091	90.000	40	4	55.4
MH569081.1	k141_42345	38200	99.185	22572	123	39846
MH569081.1	k141_42345	38200	98.785	6172	47	10773
MH569081.1	k141_42345	38200	98.821	6021	38	10523
MH569081.1	k141_42345	38200	95.437	3090	27	4995
MH569081.1	k141_42345	38200	98.592	142	1	244
MH569081.1	k141_42345	38200	98.592	142	1	244
MH569081.1	k141_42345	38200	98.889	90	1	159
MH569081.1	k141_42345	38200	71.845	206	43	111
MH569081.1	k141_42345	38200	83.333	102	13	107
MH569081.1	k141_42345	38200	83.333	102	13	107
MH569081.1	k141_42345	38200	67.869	305	86	102
MH569081.1	k141_42345	38200	70.233	215	49	100
MH569081.1	k141_42345	38200	82.609	69	11	68.0
MH569081.1	k141_42345	38200	82.609	69	11	68.0
MH569081.1	k141_42345	38200	87.500	48	6	60.8
MH569081.1	k141_42345	38200	68.790	157	47	56.3
MH569081.1	k141_6567	41110	98.993	21950	118	38541
MH569081.1	k141_6567	41110	97.838	17671	142	30159
MH569081.1	k141_6567	41110	98.849	1390	10	2427
MH569081.1	k141_6567	41110	98.592	142	1	244
MH569081.1	k141_6567	41110	67.869	305	86	102
MH569081.1	k141_6567	41110	97.917	48	1	83.3
MH569081.1	k141_6567	41110	97.917	48	1	83.3
MH569081.1	k141_6567	41110	90.909	44	4	62.6
MH569081.1	k141_6567	41110	78.873	71	15	61.7
MH569081.1	k141_6567	41110	88.889	45	5	59.9
MH569081.1	k141_6567	41110	88.889	45	5	59.9
MH569081.1	k141_6567	41110	68.153	157	48	51.8
MH569081.1	k141_6567	41110	86.957	46	4	50.0
MH569081.1	k141_31478	21235	99.854	21238	27	38147
MH569081.1	k141_31478	21235	99.854	21238	27	38147
MH569081.1	k141_31478	21235	79.412	102	16	86.0
MH569081.1	k141_31478	21235	97.917	48	1	83.3
MH569081.1	k141_31478	21235	88.889	45	5	59.9
MH569081.1	k141_83604	12734	98.315	12759	111	22022
MH569081.1	k141_83604	12734	100.000	141	0	255
MH569081.1	k141_83604	12734	100.000	141	0	255
MH569081.1	k141_83604	12734	100.000	38	0	69.8
MH569081.1	k141_83604	12734	95.238	42	2	68.0
MH569081.1	k141_83604	12734	79.592	49	10	44.6
MH569081.1	k141_6664	2567	87.022	601	23	774
MH569081.1	k141_794	380	98.425	381	3	650
MH569081.1	k141_32098	1920	98.830	342	4	600
MH569081.1	k141_32098	1920	98.830	342	4	600
MH569081.1	k141_26973	616	94.837	368	8	580
MH569081.1	k141_51242	1407	94.385	374	14	578
MH569081.1	k141_51242	1407	94.385	374	14	578
MH569081.1	k141_37424	5313	82.696	549	59	572
MH569081.1	k141_37424	5313	94.521	73	4	114
MH569081.1	k141_37424	5313	80.000	70	14	64.4
MH569081.1	k141_37424	5313	81.633	49	9	49.1
MH569081.1	k141_80529	342	97.076	342	8	570
MH569081.1	k141_80529	342	97.076	342	8	570
MH569081.1	k141_80529	342	77.451	102	18	77.0
MH569081.1	k141_7135	12472	71.156	1151	273	520
MH569081.1	k141_7135	12472	71.156	1151	273	520
MH569081.1	k141_7135	12472	100.000	141	0	255
MH569081.1	k141_7135	12472	74.641	209	51	132
MH569081.1	k141_7135	12472	74.641	209	51	132
MH569081.1	k141_42731	1242	94.817	328	17	516
MH569081.1	k141_30592	2027	96.809	282	2	471
MH569081.1	k141_30592	2027	96.809	282	2	471
MH569081.1	k141_100103	4278	72.374	876	213	457
MH569081.1	k141_100103	4278	72.374	876	213	457
MH569081.1	k141_100103	4278	75.875	257	60	178
MH569081.1	k141_100103	4278	75.875	257	60	178
MH569081.1	k141_100103	4278	90.000	60	6	82.4
MH569081.1	k141_100103	4278	90.000	60	6	82.4
MH569081.1	k141_7172	608	95.539	269	12	432
MH569081.1	k141_7172	608	89.944	179	18	242
MH569081.1	k141_45173	999	74.573	586	82	365
MH569081.1	k141_117738	2183	78.450	413	48	359
MH569081.1	k141_47765	987	80.000	380	56	343
MH569081.1	k141_47765	987	85.000	120	17	132
MH569081.1	k141_18127	567	96.703	182	4	295
MH569081.1	k141_18127	567	96.703	182	4	295
MH569081.1	k141_118421	5089	91.579	190	14	269
MH569081.1	k141_118421	5089	91.579	190	14	269
MH569081.1	k141_118421	5089	73.611	144	6	100
MH569081.1	k141_118421	5089	73.611	144	6	100
MH569081.1	k141_103588	2330	81.323	257	24	247
MH569081.1	k141_92132	551	98.561	139	0	240
MH569081.1	k141_73920	468	97.183	142	4	239
MH569081.1	k141_86932	666	89.412	170	18	226
MH569081.1	k141_86932	666	89.412	170	18	226
MH569081.1	k141_81638	733	72.066	426	117	225
MH569081.1	k141_2940	1242	93.056	144	5	206
MH569081.1	k141_30010	667	73.770	244	17	168
MH569081.1	k141_96108	2304	84.416	154	18	167
MH569081.1	k141_96108	2304	69.231	208	34	78.8
MH569081.1	k141_104862	351	96.939	98	3	164
MH569081.1	k141_104862	351	96.939	98	3	164
MH569081.1	k141_108712	308	95.876	97	4	158
MH569081.1	k141_108712	308	95.876	97	4	158
MH569081.1	k141_61991	9859	96.000	100	2	156
MH569081.1	k141_61991	9859	72.180	133	37	74.3
MH569081.1	k141_48801	6770	95.652	92	4	149
MH569081.1	k141_48801	6770	95.652	92	4	149
MH569081.1	k141_26228	586	100.000	78	0	141
MH569081.1	k141_106890	484	98.750	80	1	141
MH569081.1	k141_106890	484	98.750	80	1	141
MH569081.1	k141_21604	666	90.805	87	8	122
MH569081.1	k141_21604	666	90.805	87	8	122
MH569081.1	k141_64592	391	100.000	63	0	114
MH569081.1	k141_56964	799	94.521	73	3	111
MH569081.1	k141_70431	304	98.387	62	1	108
MH569081.1	k141_70431	304	98.387	62	1	108
MH569081.1	k141_54842	681	100.000	55	0	100
MH569081.1	k141_65796	335	96.552	58	2	96.9
MH569081.1	k141_65796	335	96.552	58	2	96.9
MH569081.1	k141_110612	1943	72.067	179	46	93.3
MH569081.1	k141_110612	1943	72.067	179	46	93.3
MH569081.1	k141_118180	316	96.364	55	2	91.5
MH569081.1	k141_118180	316	96.364	55	2	91.5
MH569081.1	k141_76264	1013	93.103	58	4	87.8
MH569081.1	k141_76264	1013	97.561	41	1	70.7
MH569081.1	k141_7634	8619	77.391	115	23	85.1
MH569081.1	k141_7634	8619	77.391	115	23	85.1
MH569081.1	k141_7634	8619	81.250	64	12	62.6
MH569081.1	k141_7634	8619	81.250	64	12	62.6
MH569081.1	k141_7634	8619	72.527	91	25	52.7
MH569081.1	k141_7634	8619	72.527	91	25	52.7
MH569081.1	k141_64088	336	85.714	70	10	82.4
MH569081.1	k141_42208	525	95.918	49	2	80.6
MH569081.1	k141_42921	385	88.525	61	7	79.7
MH569081.1	k141_42921	385	88.525	61	7	79.7
MH569081.1	k141_107146	655	94.118	51	3	79.7
MH569081.1	k141_12855	383	76.404	89	21	67.1
MH569081.1	k141_6425	2091	97.436	39	1	67.1
MH569081.1	k141_41992	424	77.273	66	14	49.1
NC_033978.1	k141_31478	21235	91.778	4269	228	6097
NC_033978.1	k141_31478	21235	91.778	4269	228	6097
NC_033978.1	k141_31478	21235	93.506	3018	141	4533
NC_033978.1	k141_31478	21235	93.506	3018	141	4533
NC_033978.1	k141_31478	21235	91.650	2958	163	4198
NC_033978.1	k141_31478	21235	91.650	2958	163	4198
NC_033978.1	k141_31478	21235	89.453	2304	125	3036
NC_033978.1	k141_31478	21235	89.453	2304	125	3036
NC_033978.1	k141_31478	21235	87.401	2270	208	2772
NC_033978.1	k141_31478	21235	87.401	2270	208	2772
NC_033978.1	k141_31478	21235	82.731	886	129	899
NC_033978.1	k141_31478	21235	82.731	886	129	899
NC_033978.1	k141_31478	21235	79.703	808	99	700
NC_033978.1	k141_31478	21235	79.703	808	99	700
NC_033978.1	k141_31478	21235	77.792	797	120	619
NC_033978.1	k141_31478	21235	77.792	797	120	619
NC_033978.1	k141_31478	21235	80.606	495	51	456
NC_033978.1	k141_31478	21235	80.606	495	51	456
NC_033978.1	k141_31478	21235	78.889	540	89	447
NC_033978.1	k141_31478	21235	77.749	382	29	343
NC_033978.1	k141_31478	21235	77.749	382	29	343
NC_033978.1	k141_31478	21235	77.994	309	59	246
NC_033978.1	k141_31478	21235	87.692	130	10	159
NC_033978.1	k141_31478	21235	87.692	130	10	159
NC_033978.1	k141_31478	21235	100.000	81	0	147
NC_033978.1	k141_31478	21235	87.963	108	12	133
NC_033978.1	k141_31478	21235	96.226	53	2	87.8
NC_033978.1	k141_31478	21235	96.226	53	2	87.8
NC_033978.1	k141_31478	21235	89.655	58	5	75.2
NC_033978.1	k141_31478	21235	91.111	45	4	64.4
NC_033978.1	k141_31478	21235	95.000	40	2	64.4
NC_033978.1	k141_31478	21235	95.000	40	2	64.4
NC_033978.1	k141_6567	41110	78.890	4993	722	4151
NC_033978.1	k141_6567	41110	87.653	2535	289	3160
NC_033978.1	k141_6567	41110	83.349	2090	299	2186
NC_033978.1	k141_6567	41110	76.100	2728	453	2007
NC_033978.1	k141_6567	41110	87.114	1490	192	1822
NC_033978.1	k141_6567	41110	81.912	1841	258	1819
NC_033978.1	k141_6567	41110	78.719	2077	274	1689
NC_033978.1	k141_6567	41110	78.426	1970	368	1599
NC_033978.1	k141_6567	41110	76.111	1620	278	1159
NC_033978.1	k141_6567	41110	85.404	1014	122	1159
NC_033978.1	k141_6567	41110	72.284	1436	247	779
NC_033978.1	k141_6567	41110	76.512	992	140	719
NC_033978.1	k141_6567	41110	84.261	629	87	686
NC_033978.1	k141_6567	41110	82.796	651	108	669
NC_033978.1	k141_6567	41110	73.444	1028	186	590
NC_033978.1	k141_6567	41110	69.757	1316	278	526
NC_033978.1	k141_6567	41110	70.000	600	115	276
NC_033978.1	k141_6567	41110	87.215	219	25	268
NC_033978.1	k141_6567	41110	81.159	276	30	257
NC_033978.1	k141_6567	41110	78.292	281	61	233
NC_033978.1	k141_6567	41110	83.838	198	25	206
NC_033978.1	k141_6567	41110	82.902	193	26	202
NC_033978.1	k141_6567	41110	93.798	129	8	197
NC_033978.1	k141_6567	41110	79.091	220	46	190
NC_033978.1	k141_6567	41110	74.308	253	44	169
NC_033978.1	k141_6567	41110	83.688	141	17	152
NC_033978.1	k141_6567	41110	88.235	102	11	127
NC_033978.1	k141_6567	41110	87.879	99	12	125
NC_033978.1	k141_6567	41110	79.839	124	25	112
NC_033978.1	k141_6567	41110	70.701	157	44	69.8
NC_033978.1	k141_6567	41110	92.308	39	3	58.1
NC_033978.1	k141_6567	41110	92.308	39	3	58.1
NC_033978.1	k141_6567	41110	90.000	40	4	55.4
NC_033978.1	k141_6567	41110	74.242	66	17	43.7
NC_033978.1	k141_42345	38200	83.402	3862	568	4078
NC_033978.1	k141_42345	38200	87.656	3046	322	3775
NC_033978.1	k141_42345	38200	89.950	2587	250	3485
NC_033978.1	k141_42345	38200	80.668	3352	551	3144
NC_033978.1	k141_42345	38200	82.104	2319	351	2302
NC_033978.1	k141_42345	38200	81.803	1775	267	1728
NC_033978.1	k141_42345	38200	90.266	1202	106	1624
NC_033978.1	k141_42345	38200	75.247	2230	460	1526
NC_033978.1	k141_42345	38200	69.711	2737	624	1109
NC_033978.1	k141_42345	38200	75.988	683	97	477
NC_033978.1	k141_42345	38200	68.250	1263	207	465
NC_033978.1	k141_42345	38200	86.061	330	41	379
NC_033978.1	k141_42345	38200	71.982	671	122	328
NC_033978.1	k141_42345	38200	83.388	307	30	325
NC_033978.1	k141_42345	38200	76.368	402	73	286
NC_033978.1	k141_42345	38200	86.475	244	31	285
NC_033978.1	k141_42345	38200	74.451	364	71	231
NC_033978.1	k141_42345	38200	77.076	301	52	225
NC_033978.1	k141_42345	38200	96.296	135	5	222
NC_033978.1	k141_42345	38200	76.950	282	50	207
NC_033978.1	k141_42345	38200	85.455	165	18	191
NC_033978.1	k141_42345	38200	75.314	239	53	167
NC_033978.1	k141_42345	38200	95.699	93	3	147
NC_033978.1	k141_42345	38200	74.590	244	39	146
NC_033978.1	k141_42345	38200	67.269	443	131	141
NC_033978.1	k141_42345	38200	87.963	108	8	137
NC_033978.1	k141_42345	38200	93.023	86	6	129
NC_033978.1	k141_42345	38200	77.193	171	29	124
NC_033978.1	k141_42345	38200	94.805	77	4	122
NC_033978.1	k141_42345	38200	82.353	102	14	103
NC_033978.1	k141_42345	38200	82.353	102	14	103
NC_033978.1	k141_42345	38200	70.404	223	47	96.0
NC_033978.1	k141_42345	38200	89.286	56	6	75.2
NC_033978.1	k141_83604	12734	81.463	1969	319	1898
NC_033978.1	k141_83604	12734	77.911	2336	414	1884
NC_033978.1	k141_83604	12734	76.419	2379	468	1724
NC_033978.1	k141_83604	12734	81.934	1251	194	1231
NC_033978.1	k141_83604	12734	74.503	1157	237	755
NC_033978.1	k141_83604	12734	79.966	584	115	524
NC_033978.1	k141_83604	12734	82.507	383	64	383
NC_033978.1	k141_83604	12734	90.780	141	13	196
NC_033978.1	k141_83604	12734	79.592	49	10	44.6
NC_033978.1	k141_80529	342	92.669	341	23	500
NC_033978.1	k141_80529	342	92.669	341	23	500
NC_033978.1	k141_26973	616	90.449	356	24	494
NC_033978.1	k141_6664	2567	84.035	451	59	488
NC_033978.1	k141_32098	1920	90.395	354	16	484
NC_033978.1	k141_32098	1920	90.395	354	16	484
NC_033978.1	k141_100103	4278	72.862	877	207	465
NC_033978.1	k141_100103	4278	72.862	877	207	465
NC_033978.1	k141_100103	4278	77.936	281	60	221
NC_033978.1	k141_100103	4278	77.936	281	60	221
NC_033978.1	k141_100103	4278	86.667	60	8	73.4
NC_033978.1	k141_100103	4278	86.667	60	8	73.4
NC_033978.1	k141_42731	1242	87.195	328	42	403
NC_033978.1	k141_47765	987	78.571	490	74	394
NC_033978.1	k141_47765	987	83.333	120	19	123
NC_033978.1	k141_37424	5313	75.362	552	101	388
NC_033978.1	k141_37424	5313	93.671	79	5	121
NC_033978.1	k141_37424	5313	81.633	49	9	49.1
NC_033978.1	k141_45173	999	76.701	485	69	347
NC_033978.1	k141_7135	12472	74.436	532	125	339
NC_033978.1	k141_7135	12472	74.436	532	125	339
NC_033978.1	k141_7135	12472	75.641	468	91	297
NC_033978.1	k141_7135	12472	75.641	468	91	297
NC_033978.1	k141_7135	12472	96.403	139	5	229
NC_033978.1	k141_7135	12472	65.000	800	206	140
NC_033978.1	k141_7135	12472	65.000	800	206	140
NC_033978.1	k141_30592	2027	86.219	283	30	330
NC_033978.1	k141_30592	2027	86.219	283	30	330
NC_033978.1	k141_7172	608	73.346	529	129	321
NC_033978.1	k141_117738	2183	74.515	361	60	243
NC_033978.1	k141_117738	2183	86.047	129	17	149
NC_033978.1	k141_117738	2183	86.047	129	17	149
NC_033978.1	k141_103588	2330	82.231	242	24	242
NC_033978.1	k141_81638	733	70.600	517	138	233
NC_033978.1	k141_86932	666	88.824	170	19	222
NC_033978.1	k141_86932	666	88.824	170	19	222
NC_033978.1	k141_118421	5089	82.703	185	30	187
NC_033978.1	k141_48801	6770	96.939	98	3	164
NC_033978.1	k141_48801	6770	96.939	98	3	164
NC_033978.1	k141_108712	308	94.845	97	5	153
NC_033978.1	k141_108712	308	94.845	97	5	153
NC_033978.1	k141_794	380	90.099	101	7	136
NC_033978.1	k141_96108	2304	90.722	97	8	132
NC_033978.1	k141_21604	666	88.506	87	9	109
NC_033978.1	k141_21604	666	88.506	87	9	109
NC_033978.1	k141_30010	667	80.000	120	22	106
NC_033978.1	k141_70431	304	93.548	62	4	95.1
NC_033978.1	k141_70431	304	93.548	62	4	95.1
NC_033978.1	k141_110612	1943	70.681	191	56	93.3
NC_033978.1	k141_110612	1943	70.681	191	56	93.3
NC_033978.1	k141_104862	351	80.208	96	19	88.7
NC_033978.1	k141_65796	335	93.103	58	4	87.8
NC_033978.1	k141_65796	335	93.103	58	4	87.8
NC_033978.1	k141_7634	8619	77.391	115	23	85.1
NC_033978.1	k141_7634	8619	77.391	115	23	85.1
NC_033978.1	k141_7634	8619	71.845	103	27	53.6
NC_033978.1	k141_7634	8619	71.845	103	27	53.6
NC_033978.1	k141_106890	484	82.051	78	14	78.8
NC_033978.1	k141_106890	484	82.051	78	14	78.8
NC_033978.1	k141_42921	385	88.333	60	7	77.9
NC_033978.1	k141_42921	385	88.333	60	7	77.9
NC_033978.1	k141_117642	1561	74.590	122	19	74.3
NC_033978.1	k141_12855	383	80.519	77	15	72.5
NC_033978.1	k141_56964	799	80.556	72	13	64.4
NC_033978.1	k141_61991	9859	77.500	80	18	64.4
MW006668.1	k141_31478	21235	89.918	5356	305	7198
MW006668.1	k141_31478	21235	89.918	5356	305	7198
MW006668.1	k141_31478	21235	88.762	4458	358	5757
MW006668.1	k141_31478	21235	92.009	2578	140	3695
MW006668.1	k141_31478	21235	92.009	2578	140	3695
MW006668.1	k141_31478	21235	83.141	694	84	732
MW006668.1	k141_31478	21235	85.843	445	61	512
MW006668.1	k141_31478	21235	81.474	475	65	454
MW006668.1	k141_31478	21235	81.474	475	65	454
MW006668.1	k141_31478	21235	80.421	475	53	429
MW006668.1	k141_31478	21235	70.758	831	154	407
MW006668.1	k141_31478	21235	75.791	537	93	376
MW006668.1	k141_31478	21235	75.791	537	93	376
MW006668.1	k141_31478	21235	71.464	799	146	352
MW006668.1	k141_31478	21235	86.022	279	30	318
MW006668.1	k141_31478	21235	86.022	279	30	318
MW006668.1	k141_31478	21235	74.474	380	47	231
MW006668.1	k141_31478	21235	79.389	262	48	226
MW006668.1	k141_31478	21235	82.081	173	27	172
MW006668.1	k141_31478	21235	74.892	231	40	159
MW006668.1	k141_31478	21235	94.937	79	4	125
MW006668.1	k141_31478	21235	94.937	79	4	125
MW006668.1	k141_31478	21235	78.146	151	33	124
MW006668.1	k141_31478	21235	74.497	149	22	95.1
MW006668.1	k141_31478	21235	74.497	149	22	95.1
MW006668.1	k141_31478	21235	74.074	135	19	83.3
MW006668.1	k141_31478	21235	100.000	43	0	78.8
MW006668.1	k141_31478	21235	100.000	43	0	78.8
MW006668.1	k141_31478	21235	95.238	42	2	68.0
MW006668.1	k141_31478	21235	91.111	45	4	64.4
MW006668.1	k141_31478	21235	84.314	51	8	57.2
MW006668.1	k141_6567	41110	78.293	5777	901	4678
MW006668.1	k141_6567	41110	88.103	2530	290	3194
MW006668.1	k141_6567	41110	84.413	1899	293	2089
MW006668.1	k141_6567	41110	82.322	1878	293	1867
MW006668.1	k141_6567	41110	85.695	1482	212	1718
MW006668.1	k141_6567	41110	78.268	1951	366	1588
MW006668.1	k141_6567	41110	77.826	2061	322	1581
MW006668.1	k141_6567	41110	72.736	2054	336	1175
MW006668.1	k141_6567	41110	85.090	1053	141	1175
MW006668.1	k141_6567	41110	73.245	1510	310	915
MW006668.1	k141_6567	41110	81.654	665	110	643
MW006668.1	k141_6567	41110	79.128	757	114	635
MW006668.1	k141_6567	41110	71.149	1279	232	618
MW006668.1	k141_6567	41110	72.021	1133	213	605
MW006668.1	k141_6567	41110	71.215	1136	257	548
MW006668.1	k141_6567	41110	75.336	669	124	433
MW006668.1	k141_6567	41110	71.636	758	118	364
MW006668.1	k141_6567	41110	67.651	779	173	269
MW006668.1	k141_6567	41110	67.651	779	173	269
MW006668.1	k141_6567	41110	82.500	240	36	241
MW006668.1	k141_6567	41110	78.972	214	28	186
MW006668.1	k141_6567	41110	83.951	162	25	172
MW006668.1	k141_6567	41110	68.371	528	121	165
MW006668.1	k141_6567	41110	81.034	174	23	152
MW006668.1	k141_6567	41110	75.229	218	48	147
MW006668.1	k141_6567	41110	77.654	179	20	143
MW006668.1	k141_6567	41110	82.014	139	18	141
MW006668.1	k141_6567	41110	91.209	91	8	129
MW006668.1	k141_6567	41110	83.478	115	19	123
MW006668.1	k141_6567	41110	69.048	294	69	109
MW006668.1	k141_6567	41110	84.286	70	10	74.3
MW006668.1	k141_6567	41110	70.701	157	44	69.8
MW006668.1	k141_6567	41110	80.282	71	14	66.2
MW006668.1	k141_6567	41110	87.755	49	6	62.6
MW006668.1	k141_6567	41110	87.755	49	6	62.6
MW006668.1	k141_6567	41110	92.308	39	3	58.1
MW006668.1	k141_6567	41110	71.296	108	27	50.9
MW006668.1	k141_6567	41110	74.194	62	16	41.0
MW006668.1	k141_42345	38200	85.542	3064	367	3489
MW006668.1	k141_42345	38200	82.244	3396	536	3377
MW006668.1	k141_42345	38200	89.049	2493	273	3266
MW006668.1	k141_42345	38200	78.819	3371	589	2883
MW006668.1	k141_42345	38200	79.866	2543	421	2252
MW006668.1	k141_42345	38200	79.875	1759	289	1563
MW006668.1	k141_42345	38200	70.019	3172	713	1387
MW006668.1	k141_42345	38200	73.292	2269	510	1357
MW006668.1	k141_42345	38200	91.259	858	74	1206
MW006668.1	k141_42345	38200	91.259	858	74	1206
MW006668.1	k141_42345	38200	81.850	573	92	563
MW006668.1	k141_42345	38200	77.147	652	99	500
MW006668.1	k141_42345	38200	71.902	815	125	424
MW006668.1	k141_42345	38200	74.854	684	131	406
MW006668.1	k141_42345	38200	87.055	309	36	377
MW006668.1	k141_42345	38200	74.295	638	115	375
MW006668.1	k141_42345	38200	87.931	290	32	360
MW006668.1	k141_42345	38200	87.931	290	32	360
MW006668.1	k141_42345	38200	81.627	332	39	322
MW006668.1	k141_42345	38200	69.359	780	160	306
MW006668.1	k141_42345	38200	69.359	780	160	306
MW006668.1	k141_42345	38200	76.965	369	66	278
MW006668.1	k141_42345	38200	75.137	366	66	242
MW006668.1	k141_42345	38200	78.571	266	41	211
MW006668.1	k141_42345	38200	72.401	279	71	158
MW006668.1	k141_42345	38200	100.000	75	0	136
MW006668.1	k141_42345	38200	67.376	423	124	136
MW006668.1	k141_42345	38200	90.698	86	8	120
MW006668.1	k141_42345	38200	72.523	222	51	113
MW006668.1	k141_42345	38200	74.737	190	33	109
MW006668.1	k141_42345	38200	91.892	74	6	107
MW006668.1	k141_42345	38200	88.732	71	8	93.3
MW006668.1	k141_42345	38200	87.324	71	9	88.7
MW006668.1	k141_42345	38200	87.324	71	9	88.7
MW006668.1	k141_42345	38200	77.273	110	19	83.3
MW006668.1	k141_42345	38200	79.167	96	19	80.6
MW006668.1	k141_42345	38200	85.965	57	8	68.0
MW006668.1	k141_83604	12734	78.720	3985	670	3322
MW006668.1	k141_83604	12734	78.720	3985	670	3322
MW006668.1	k141_83604	12734	82.130	1953	304	1940
MW006668.1	k141_83604	12734	82.130	1953	304	1940
MW006668.1	k141_83604	12734	75.089	2236	502	1495
MW006668.1	k141_83604	12734	76.395	1093	223	777
MW006668.1	k141_83604	12734	76.395	1093	223	777
MW006668.1	k141_83604	12734	75.173	1156	238	773
MW006668.1	k141_83604	12734	75.173	1156	238	773
MW006668.1	k141_83604	12734	90.780	141	13	196
MW006668.1	k141_83604	12734	90.780	141	13	196
MW006668.1	k141_83604	12734	79.592	49	10	44.6
MW006668.1	k141_26973	616	90.169	356	25	489
MW006668.1	k141_6664	2567	84.848	429	59	478
MW006668.1	k141_32098	1920	90.805	348	20	477
MW006668.1	k141_32098	1920	90.805	348	20	477
MW006668.1	k141_100103	4278	71.850	881	210	438
MW006668.1	k141_100103	4278	71.850	881	210	438
MW006668.1	k141_100103	4278	77.936	281	60	221
MW006668.1	k141_100103	4278	77.936	281	60	221
MW006668.1	k141_100103	4278	85.000	60	9	68.9
MW006668.1	k141_100103	4278	85.000	60	9	68.9
MW006668.1	k141_37424	5313	76.621	509	91	376
MW006668.1	k141_37424	5313	76.621	509	91	376
MW006668.1	k141_37424	5313	93.671	79	5	121
MW006668.1	k141_37424	5313	81.633	49	9	49.1
MW006668.1	k141_80529	342	85.849	318	39	368
MW006668.1	k141_42731	1242	84.756	328	50	367
MW006668.1	k141_47765	987	75.051	493	60	347
MW006668.1	k141_47765	987	81.667	120	21	114
MW006668.1	k141_7135	12472	74.248	532	126	334
MW006668.1	k141_7135	12472	74.248	532	126	334
MW006668.1	k141_7135	12472	75.000	468	100	283
MW006668.1	k141_7135	12472	75.000	468	100	283
MW006668.1	k141_7135	12472	95.035	141	7	224
MW006668.1	k141_7135	12472	78.519	135	27	111
MW006668.1	k141_7135	12472	78.519	135	27	111
MW006668.1	k141_45173	999	75.385	455	71	317
MW006668.1	k141_7172	608	73.245	527	129	313
MW006668.1	k141_103588	2330	80.894	246	34	231
MW006668.1	k141_86932	666	87.059	170	22	208
MW006668.1	k141_86932	666	87.059	170	22	208
MW006668.1	k141_81638	733	70.588	425	125	204
MW006668.1	k141_30592	2027	75.357	280	39	204
MW006668.1	k141_30592	2027	88.785	107	11	136
MW006668.1	k141_30592	2027	88.785	107	11	136
MW006668.1	k141_117738	2183	70.631	412	79	200
MW006668.1	k141_117738	2183	82.171	129	22	126
MW006668.1	k141_118421	5089	80.319	188	35	170
MW006668.1	k141_48801	6770	95.960	99	4	161
MW006668.1	k141_48801	6770	95.960	99	4	161
MW006668.1	k141_108712	308	93.814	97	6	149
MW006668.1	k141_108712	308	93.814	97	6	149
MW006668.1	k141_794	380	90.099	101	7	136
MW006668.1	k141_96108	2304	87.129	101	12	121
MW006668.1	k141_30010	667	83.186	113	19	119
MW006668.1	k141_30010	667	83.186	113	19	119
MW006668.1	k141_21604	666	88.506	87	9	109
MW006668.1	k141_21604	666	88.506	87	9	109
MW006668.1	k141_110612	1943	70.681	191	56	93.3
MW006668.1	k141_65796	335	93.103	58	4	87.8
MW006668.1	k141_65796	335	93.103	58	4	87.8
MW006668.1	k141_7634	8619	77.391	115	23	85.1
MW006668.1	k141_7634	8619	77.391	115	23	85.1
MW006668.1	k141_7634	8619	72.527	91	25	52.7
MW006668.1	k141_7634	8619	72.527	91	25	52.7
MW006668.1	k141_12855	383	81.707	82	15	81.5
MW006668.1	k141_70431	304	88.889	63	6	79.7
MW006668.1	k141_70431	304	88.889	63	6	79.7
MW006668.1	k141_56964	799	83.333	72	11	73.4
MW006668.1	k141_56964	799	83.333	72	11	73.4
MW006668.1	k141_61991	9859	71.795	117	33	63.5
MW006668.1	k141_92132	551	75.000	92	20	61.7
MW006668.1	k141_69344	634	87.500	40	5	50.9
MW006668.1	k141_69344	634	87.500	40	5	50.9
MW006668.1	k141_79682	514	87.500	40	5	50.9
MW006668.1	k141_79682	514	87.500	40	5	50.9
MW006668.1	k141_117642	1561	76.667	60	14	46.4
MW006668.1	k141_63961	679	88.571	35	4	46.4
MW006668.1	k141_63961	679	88.571	35	4	46.4
MW006668.1	k141_69350	411	88.571	35	4	46.4
MW006668.1	k141_69350	411	88.571	35	4	46.4
MW006668.1	k141_8668	603	85.000	40	6	46.4
MW006668.1	k141_8668	603	85.000	40	6	46.4
MW435436.1	k141_6567	41110	77.194	7555	1234	5775
MW435436.1	k141_6567	41110	87.610	2494	275	3113
MW435436.1	k141_6567	41110	84.651	1935	289	2140
MW435436.1	k141_6567	41110	83.710	1725	248	1820
MW435436.1	k141_6567	41110	86.863	1492	196	1808
MW435436.1	k141_6567	41110	78.422	1965	362	1590
MW435436.1	k141_6567	41110	77.522	2042	280	1545
MW435436.1	k141_6567	41110	82.946	1032	125	1042
MW435436.1	k141_6567	41110	76.588	1055	171	782
MW435436.1	k141_6567	41110	76.679	1042	186	773
MW435436.1	k141_6567	41110	70.017	1741	345	721
MW435436.1	k141_6567	41110	73.050	987	150	573
MW435436.1	k141_6567	41110	82.218	568	98	568
MW435436.1	k141_6567	41110	68.188	1402	318	462
MW435436.1	k141_6567	41110	74.962	663	124	423
MW435436.1	k141_6567	41110	76.250	480	101	351
MW435436.1	k141_6567	41110	78.107	338	61	270
MW435436.1	k141_6567	41110	84.583	240	31	250
MW435436.1	k141_6567	41110	77.211	294	63	224
MW435436.1	k141_6567	41110	80.263	228	25	200
MW435436.1	k141_6567	41110	87.342	158	20	196
MW435436.1	k141_6567	41110	87.742	155	19	195
MW435436.1	k141_6567	41110	78.539	219	47	184
MW435436.1	k141_6567	41110	91.473	129	11	184
MW435436.1	k141_6567	41110	76.170	235	38	148
MW435436.1	k141_6567	41110	82.143	140	21	135
MW435436.1	k141_6567	41110	89.000	100	11	132
MW435436.1	k141_6567	41110	78.378	148	23	127
MW435436.1	k141_6567	41110	69.615	260	63	105
MW435436.1	k141_6567	41110	72.973	185	27	103
MW435436.1	k141_6567	41110	76.471	102	24	77.0
MW435436.1	k141_6567	41110	92.308	39	3	58.1
MW435436.1	k141_6567	41110	92.308	39	3	58.1
MW435436.1	k141_6567	41110	68.790	157	47	56.3
MW435436.1	k141_6567	41110	74.194	62	16	41.0
MW435436.1	k141_31478	21235	93.656	2995	145	4509
MW435436.1	k141_31478	21235	93.656	2995	145	4509
MW435436.1	k141_31478	21235	91.692	2949	169	4193
MW435436.1	k141_31478	21235	91.692	2949	169	4193
MW435436.1	k141_31478	21235	91.598	2666	137	3805
MW435436.1	k141_31478	21235	91.598	2666	137	3805
MW435436.1	k141_31478	21235	90.380	2266	125	3076
MW435436.1	k141_31478	21235	90.380	2266	125	3076
MW435436.1	k141_31478	21235	87.920	2260	209	2804
MW435436.1	k141_31478	21235	87.920	2260	209	2804
MW435436.1	k141_31478	21235	88.239	1641	125	2079
MW435436.1	k141_31478	21235	88.239	1641	125	2079
MW435436.1	k141_31478	21235	81.941	886	136	872
MW435436.1	k141_31478	21235	81.941	886	136	872
MW435436.1	k141_31478	21235	76.549	823	106	617
MW435436.1	k141_31478	21235	76.549	823	106	617
MW435436.1	k141_31478	21235	82.773	476	53	484
MW435436.1	k141_31478	21235	82.773	476	53	484
MW435436.1	k141_31478	21235	76.568	542	104	386
MW435436.1	k141_31478	21235	81.818	374	33	369
MW435436.1	k141_31478	21235	81.818	374	33	369
MW435436.1	k141_31478	21235	76.440	382	34	321
MW435436.1	k141_31478	21235	76.440	382	34	321
MW435436.1	k141_31478	21235	76.235	324	31	252
MW435436.1	k141_31478	21235	76.235	324	31	252
MW435436.1	k141_31478	21235	76.677	313	62	228
MW435436.1	k141_31478	21235	76.677	313	62	228
MW435436.1	k141_31478	21235	80.833	240	20	223
MW435436.1	k141_31478	21235	80.833	240	20	223
MW435436.1	k141_31478	21235	97.468	79	2	134
MW435436.1	k141_31478	21235	68.481	349	75	130
MW435436.1	k141_31478	21235	92.453	53	3	75.2
MW435436.1	k141_31478	21235	92.453	53	3	75.2
MW435436.1	k141_31478	21235	95.349	43	2	69.8
MW435436.1	k141_31478	21235	88.889	45	5	59.9
MW435436.1	k141_42345	38200	82.285	3878	610	3894
MW435436.1	k141_42345	38200	86.446	3047	351	3640
MW435436.1	k141_42345	38200	89.027	2579	275	3360
MW435436.1	k141_42345	38200	79.714	3362	569	2978
MW435436.1	k141_42345	38200	81.110	2324	367	2196
MW435436.1	k141_42345	38200	91.030	1204	104	1671
MW435436.1	k141_42345	38200	79.299	1768	310	1531
MW435436.1	k141_42345	38200	73.585	2279	495	1385
MW435436.1	k141_42345	38200	68.724	2430	607	860
MW435436.1	k141_42345	38200	77.743	647	114	496
MW435436.1	k141_42345	38200	89.097	321	33	419
MW435436.1	k141_42345	38200	70.012	827	136	371
MW435436.1	k141_42345	38200	72.188	640	138	330
MW435436.1	k141_42345	38200	81.311	305	36	299
MW435436.1	k141_42345	38200	81.290	310	45	297
MW435436.1	k141_42345	38200	78.507	335	58	275
MW435436.1	k141_42345	38200	73.475	377	62	233
MW435436.1	k141_42345	38200	86.585	164	14	196
MW435436.1	k141_42345	38200	84.076	157	24	168
MW435436.1	k141_42345	38200	90.351	114	7	147
MW435436.1	k141_42345	38200	67.568	444	130	147
MW435436.1	k141_42345	38200	92.000	100	7	141
MW435436.1	k141_42345	38200	72.961	233	51	139
MW435436.1	k141_42345	38200	100.000	75	0	136
MW435436.1	k141_42345	38200	95.946	74	3	121
MW435436.1	k141_42345	38200	76.023	171	33	118
MW435436.1	k141_42345	38200	90.476	84	8	116
MW435436.1	k141_42345	38200	83.333	102	13	107
MW435436.1	k141_42345	38200	83.333	102	13	107
MW435436.1	k141_42345	38200	70.811	185	47	88.7
MW435436.1	k141_42345	38200	84.211	76	11	80.6
MW435436.1	k141_42345	38200	77.895	95	20	74.3
MW435436.1	k141_83604	12734	76.449	4021	676	2988
MW435436.1	k141_83604	12734	79.703	2020	352	1798
MW435436.1	k141_83604	12734	75.847	2273	491	1596
MW435436.1	k141_83604	12734	75.579	1986	429	1370
MW435436.1	k141_83604	12734	75.255	1176	241	796
MW435436.1	k141_83604	12734	75.651	1113	231	750
MW435436.1	k141_83604	12734	89.209	139	15	184
MW435436.1	k141_83604	12734	80.000	50	10	46.4
MW435436.1	k141_7135	12472	71.280	1156	263	538
MW435436.1	k141_7135	12472	71.280	1156	263	538
MW435436.1	k141_7135	12472	97.163	141	4	237
MW435436.1	k141_7135	12472	65.000	800	206	140
MW435436.1	k141_7135	12472	65.000	800	206	140
MW435436.1	k141_26973	616	89.888	356	26	485
MW435436.1	k141_80529	342	90.202	347	26	471
MW435436.1	k141_80529	342	90.202	347	26	471
MW435436.1	k141_32098	1920	89.518	353	23	461
MW435436.1	k141_32098	1920	89.518	353	23	461
MW435436.1	k141_100103	4278	72.645	881	202	457
MW435436.1	k141_100103	4278	72.645	881	202	457
MW435436.1	k141_100103	4278	77.580	281	61	216
MW435436.1	k141_100103	4278	77.580	281	61	216
MW435436.1	k141_100103	4278	86.667	60	8	73.4
MW435436.1	k141_100103	4278	86.667	60	8	73.4
MW435436.1	k141_6664	2567	85.271	387	54	440
MW435436.1	k141_37424	5313	74.684	553	106	370
MW435436.1	k141_37424	5313	92.405	79	6	116
MW435436.1	k141_37424	5313	82.000	50	9	50.9
MW435436.1	k141_42731	1242	84.709	327	50	365
MW435436.1	k141_47765	987	81.572	369	51	361
MW435436.1	k141_47765	987	86.957	92	12	113
MW435436.1	k141_7172	608	73.535	529	119	324
MW435436.1	k141_30592	2027	84.028	288	33	306
MW435436.1	k141_30592	2027	84.028	288	33	306
MW435436.1	k141_45173	999	78.082	292	32	236
MW435436.1	k141_45173	999	89.815	108	10	142
MW435436.1	k141_81638	733	71.304	460	130	228
MW435436.1	k141_86932	666	89.412	170	18	226
MW435436.1	k141_86932	666	89.412	170	18	226
MW435436.1	k141_117738	2183	73.130	361	65	221
MW435436.1	k141_117738	2183	87.597	129	15	158
MW435436.1	k141_117738	2183	87.597	129	15	158
MW435436.1	k141_103588	2330	83.663	202	29	211
MW435436.1	k141_118421	5089	81.081	185	33	174
MW435436.1	k141_118421	5089	81.081	185	33	174
MW435436.1	k141_118421	5089	86.667	45	6	55.4
MW435436.1	k141_118421	5089	86.667	45	6	55.4
MW435436.1	k141_48801	6770	97.980	99	2	170
MW435436.1	k141_48801	6770	97.980	99	2	170
MW435436.1	k141_108712	308	95.876	97	4	158
MW435436.1	k141_108712	308	95.876	97	4	158
MW435436.1	k141_794	380	89.899	99	7	132
MW435436.1	k141_18127	567	75.275	182	23	123
MW435436.1	k141_18127	567	75.275	182	23	123
MW435436.1	k141_30010	667	83.186	113	19	119
MW435436.1	k141_96108	2304	90.476	84	8	116
MW435436.1	k141_110612	1943	71.667	180	51	96.0
MW435436.1	k141_110612	1943	71.667	180	51	96.0
MW435436.1	k141_70431	304	91.935	62	5	90.6
MW435436.1	k141_70431	304	91.935	62	5	90.6
MW435436.1	k141_7634	8619	77.391	115	23	85.1
MW435436.1	k141_7634	8619	77.391	115	23	85.1
MW435436.1	k141_7634	8619	72.816	103	26	58.1
MW435436.1	k141_7634	8619	72.816	103	26	58.1
MW435436.1	k141_65796	335	91.379	58	5	83.3
MW435436.1	k141_65796	335	91.379	58	5	83.3
MW435436.1	k141_106890	484	82.051	78	14	78.8
MW435436.1	k141_106890	484	82.051	78	14	78.8
MW435436.1	k141_42921	385	88.333	60	7	77.9
MW435436.1	k141_42921	385	88.333	60	7	77.9
MW435436.1	k141_92132	551	75.758	99	22	68.9
MW435436.1	k141_12855	383	79.221	77	16	68.0
MW435436.1	k141_56964	799	80.556	72	13	64.4
MW435436.1	k141_117642	1561	77.632	76	12	61.7
MW435436.1	k141_61991	9859	76.923	65	15	50.9
MW435436.1	k141_61991	9859	76.923	65	15	50.9
MW435436.1	k141_106376	465	80.952	42	8	41.0
NC_037882.1	k141_31478	21235	92.175	4358	218	6312
NC_037882.1	k141_31478	21235	92.175	4358	218	6312
NC_037882.1	k141_31478	21235	94.012	3006	126	4582
NC_037882.1	k141_31478	21235	94.012	3006	126	4582
NC_037882.1	k141_31478	21235	92.279	2953	153	4280
NC_037882.1	k141_31478	21235	92.279	2953	153	4280
NC_037882.1	k141_31478	21235	89.187	2312	121	3033
NC_037882.1	k141_31478	21235	89.187	2312	121	3033
NC_037882.1	k141_31478	21235	85.753	1109	127	1262
NC_037882.1	k141_31478	21235	85.753	1109	127	1262
NC_037882.1	k141_31478	21235	82.844	886	128	903
NC_037882.1	k141_31478	21235	82.844	886	128	903
NC_037882.1	k141_31478	21235	79.800	802	105	710
NC_037882.1	k141_31478	21235	79.800	802	105	710
NC_037882.1	k141_31478	21235	75.930	914	85	657
NC_037882.1	k141_31478	21235	75.930	914	85	657
NC_037882.1	k141_31478	21235	91.724	435	35	619
NC_037882.1	k141_31478	21235	91.724	435	35	619
NC_037882.1	k141_31478	21235	78.913	460	40	404
NC_037882.1	k141_31478	21235	78.913	460	40	404
NC_037882.1	k141_31478	21235	75.047	537	88	375
NC_037882.1	k141_31478	21235	76.010	396	36	326
NC_037882.1	k141_31478	21235	76.010	396	36	326
NC_037882.1	k141_31478	21235	76.101	318	64	224
NC_037882.1	k141_31478	21235	76.101	318	64	224
NC_037882.1	k141_31478	21235	69.628	349	73	150
NC_037882.1	k141_31478	21235	98.734	79	1	139
NC_037882.1	k141_31478	21235	95.918	49	2	80.6
NC_037882.1	k141_31478	21235	95.918	49	2	80.6
NC_037882.1	k141_31478	21235	97.674	43	1	74.3
NC_037882.1	k141_31478	21235	91.111	45	4	64.4
NC_037882.1	k141_6567	41110	78.389	7450	1123	6188
NC_037882.1	k141_6567	41110	88.713	2534	269	3265
NC_037882.1	k141_6567	41110	85.870	1932	268	2250
NC_037882.1	k141_6567	41110	82.549	1828	253	1851
NC_037882.1	k141_6567	41110	86.379	1505	205	1791
NC_037882.1	k141_6567	41110	79.608	1937	332	1693
NC_037882.1	k141_6567	41110	77.836	2098	292	1609
NC_037882.1	k141_6567	41110	75.196	1657	305	1137
NC_037882.1	k141_6567	41110	88.005	817	69	1031
NC_037882.1	k141_6567	41110	71.405	1794	325	890
NC_037882.1	k141_6567	41110	75.514	1070	175	728
NC_037882.1	k141_6567	41110	86.018	565	76	662
NC_037882.1	k141_6567	41110	75.517	968	138	650
NC_037882.1	k141_6567	41110	72.385	1061	176	554
NC_037882.1	k141_6567	41110	67.708	1313	290	443
NC_037882.1	k141_6567	41110	80.374	321	50	289
NC_037882.1	k141_6567	41110	82.022	267	31	254
NC_037882.1	k141_6567	41110	70.841	535	92	248
NC_037882.1	k141_6567	41110	77.815	302	66	240
NC_037882.1	k141_6567	41110	89.873	158	16	214
NC_037882.1	k141_6567	41110	85.882	170	24	199
NC_037882.1	k141_6567	41110	75.445	281	69	196
NC_037882.1	k141_6567	41110	79.147	211	44	183
NC_037882.1	k141_6567	41110	88.889	126	14	165
NC_037882.1	k141_6567	41110	96.104	77	3	126
NC_037882.1	k141_6567	41110	91.358	81	7	115
NC_037882.1	k141_6567	41110	82.727	110	19	113
NC_037882.1	k141_6567	41110	73.006	163	44	96.9
NC_037882.1	k141_6567	41110	92.857	42	3	63.5
NC_037882.1	k141_6567	41110	94.872	39	2	62.6
NC_037882.1	k141_6567	41110	94.872	39	2	62.6
NC_037882.1	k141_6567	41110	67.949	156	50	57.2
NC_037882.1	k141_6567	41110	75.714	70	17	50.9
NC_037882.1	k141_6567	41110	74.194	62	16	41.0
NC_037882.1	k141_42345	38200	82.962	3909	592	4038
NC_037882.1	k141_42345	38200	86.586	3049	337	3653
NC_037882.1	k141_42345	38200	90.441	2584	245	3540
NC_037882.1	k141_42345	38200	81.388	3342	543	3213
NC_037882.1	k141_42345	38200	75.532	3756	721	2480
NC_037882.1	k141_42345	38200	83.967	2208	309	2378
NC_037882.1	k141_42345	38200	75.521	2255	477	1547
NC_037882.1	k141_42345	38200	85.159	849	107	954
NC_037882.1	k141_42345	38200	82.210	742	131	740
NC_037882.1	k141_42345	38200	69.262	1246	210	524
NC_037882.1	k141_42345	38200	77.573	651	99	491
NC_037882.1	k141_42345	38200	70.905	873	121	419
NC_037882.1	k141_42345	38200	89.726	292	29	389
NC_037882.1	k141_42345	38200	72.146	797	130	385
NC_037882.1	k141_42345	38200	72.451	657	118	359
NC_037882.1	k141_42345	38200	81.107	307	37	298
NC_037882.1	k141_42345	38200	77.879	330	53	262
NC_037882.1	k141_42345	38200	76.022	367	64	251
NC_037882.1	k141_42345	38200	85.204	196	23	224
NC_037882.1	k141_42345	38200	85.799	169	24	197
NC_037882.1	k141_42345	38200	74.205	283	63	173
NC_037882.1	k141_42345	38200	88.000	125	12	152
NC_037882.1	k141_42345	38200	67.696	421	122	141
NC_037882.1	k141_42345	38200	100.000	75	0	136
NC_037882.1	k141_42345	38200	77.515	169	32	126
NC_037882.1	k141_42345	38200	89.247	93	10	123
NC_037882.1	k141_42345	38200	94.595	74	4	116
NC_037882.1	k141_42345	38200	83.333	102	13	107
NC_037882.1	k141_42345	38200	83.333	102	13	107
NC_037882.1	k141_42345	38200	78.218	101	15	72.5
NC_037882.1	k141_42345	38200	82.812	64	11	67.1
NC_037882.1	k141_42345	38200	80.851	47	9	45.5
NC_037882.1	k141_83604	12734	79.827	2315	392	2048
NC_037882.1	k141_83604	12734	81.061	2054	358	1929
NC_037882.1	k141_83604	12734	76.582	2370	457	1721
NC_037882.1	k141_83604	12734	78.373	1549	281	1256
NC_037882.1	k141_83604	12734	77.647	1105	229	851
NC_037882.1	k141_83604	12734	77.230	953	205	734
NC_037882.1	k141_83604	12734	91.489	141	12	201
NC_037882.1	k141_83604	12734	90.625	96	9	133
NC_037882.1	k141_83604	12734	79.592	49	10	44.6
NC_037882.1	k141_80529	342	92.669	341	23	500
NC_037882.1	k141_80529	342	92.669	341	23	500
NC_037882.1	k141_26973	616	90.449	356	24	494
NC_037882.1	k141_6664	2567	84.130	460	61	494
NC_037882.1	k141_32098	1920	91.691	349	16	489
NC_037882.1	k141_32098	1920	91.691	349	16	489
NC_037882.1	k141_100103	4278	72.748	877	208	461
NC_037882.1	k141_100103	4278	72.748	877	208	461
NC_037882.1	k141_100103	4278	77.580	281	61	216
NC_037882.1	k141_100103	4278	77.580	281	61	216
NC_037882.1	k141_100103	4278	86.667	60	8	73.4
NC_037882.1	k141_100103	4278	86.667	60	8	73.4
NC_037882.1	k141_7172	608	77.989	527	104	416
NC_037882.1	k141_42731	1242	87.195	328	42	403
NC_037882.1	k141_37424	5313	75.730	548	95	397
NC_037882.1	k141_37424	5313	91.139	79	7	112
NC_037882.1	k141_37424	5313	81.633	49	9	49.1
NC_037882.1	k141_47765	987	83.287	359	42	376
NC_037882.1	k141_7135	12472	74.436	532	125	339
NC_037882.1	k141_7135	12472	74.436	532	125	339
NC_037882.1	k141_7135	12472	74.788	472	88	289
NC_037882.1	k141_7135	12472	74.788	472	88	289
NC_037882.1	k141_7135	12472	96.454	141	5	233
NC_037882.1	k141_7135	12472	65.000	800	206	144
NC_037882.1	k141_7135	12472	65.000	800	206	144
NC_037882.1	k141_30592	2027	85.121	289	29	318
NC_037882.1	k141_30592	2027	85.121	289	29	318
NC_037882.1	k141_45173	999	74.837	461	62	304
NC_037882.1	k141_117738	2183	73.399	406	67	256
NC_037882.1	k141_117738	2183	87.597	129	15	158
NC_037882.1	k141_117738	2183	87.597	129	15	158
NC_037882.1	k141_103588	2330	81.974	233	28	231
NC_037882.1	k141_86932	666	89.412	170	18	226
NC_037882.1	k141_86932	666	89.412	170	18	226
NC_037882.1	k141_81638	733	69.717	459	139	202
NC_037882.1	k141_118421	5089	80.541	185	34	169
NC_037882.1	k141_118421	5089	80.541	185	34	169
NC_037882.1	k141_48801	6770	95.960	99	4	161
NC_037882.1	k141_48801	6770	95.960	99	4	161
NC_037882.1	k141_108712	308	95.876	97	4	158
NC_037882.1	k141_108712	308	95.876	97	4	158
NC_037882.1	k141_794	380	92.079	101	5	145
NC_037882.1	k141_96108	2304	87.826	115	13	141
NC_037882.1	k141_30010	667	85.000	120	16	133
NC_037882.1	k141_21604	666	89.655	87	8	113
NC_037882.1	k141_21604	666	89.655	87	8	113
NC_037882.1	k141_110612	1943	71.204	191	55	97.8
NC_037882.1	k141_110612	1943	71.204	191	55	97.8
NC_037882.1	k141_70431	304	93.548	62	4	95.1
NC_037882.1	k141_70431	304	93.548	62	4	95.1
NC_037882.1	k141_65796	335	93.103	58	4	87.8
NC_037882.1	k141_65796	335	93.103	58	4	87.8
NC_037882.1	k141_7634	8619	77.391	115	23	85.1
NC_037882.1	k141_7634	8619	77.391	115	23	85.1
NC_037882.1	k141_7634	8619	71.845	103	27	53.6
NC_037882.1	k141_7634	8619	71.845	103	27	53.6
NC_037882.1	k141_104862	351	79.167	96	20	84.2
NC_037882.1	k141_104862	351	79.167	96	20	84.2
NC_037882.1	k141_106890	484	84.211	76	12	84.2
NC_037882.1	k141_106890	484	84.211	76	12	84.2
NC_037882.1	k141_42921	385	88.333	60	7	77.9
NC_037882.1	k141_42921	385	88.333	60	7	77.9
NC_037882.1	k141_18127	567	72.464	138	19	77.9
NC_037882.1	k141_18127	567	72.464	138	19	77.9
NC_037882.1	k141_61991	9859	73.950	119	31	76.1
NC_037882.1	k141_12855	383	77.922	77	17	63.5
NC_037882.1	k141_117642	1561	73.684	76	15	48.2
NC_037882.1	k141_108088	454	88.235	34	4	44.6
NC_037882.1	k141_30789	414	88.235	34	4	44.6
NC_056190.1	k141_31478	21235	90.925	4441	244	6214
NC_056190.1	k141_31478	21235	90.925	4441	244	6214
NC_056190.1	k141_31478	21235	87.187	3793	310	4606
NC_056190.1	k141_31478	21235	87.187	3793	310	4606
NC_056190.1	k141_31478	21235	92.772	3016	142	4422
NC_056190.1	k141_31478	21235	92.772	3016	142	4422
NC_056190.1	k141_31478	21235	90.723	2242	127	3067
NC_056190.1	k141_31478	21235	90.723	2242	127	3067
NC_056190.1	k141_31478	21235	88.000	2225	208	2773
NC_056190.1	k141_31478	21235	88.000	2225	208	2773
NC_056190.1	k141_31478	21235	82.731	886	129	899
NC_056190.1	k141_31478	21235	82.731	886	129	899
NC_056190.1	k141_31478	21235	77.435	811	113	634
NC_056190.1	k141_31478	21235	77.435	811	113	634
NC_056190.1	k141_31478	21235	81.023	469	49	445
NC_056190.1	k141_31478	21235	81.023	469	49	445
NC_056190.1	k141_31478	21235	75.791	537	97	368
NC_056190.1	k141_31478	21235	75.711	387	38	312
NC_056190.1	k141_31478	21235	75.711	387	38	312
NC_056190.1	k141_31478	21235	76.341	317	62	224
NC_056190.1	k141_31478	21235	87.861	173	17	217
NC_056190.1	k141_31478	21235	87.861	173	17	217
NC_056190.1	k141_31478	21235	97.531	81	2	138
NC_056190.1	k141_31478	21235	86.598	97	13	117
NC_056190.1	k141_31478	21235	97.619	42	1	72.5
NC_056190.1	k141_31478	21235	88.889	45	5	59.9
NC_056190.1	k141_6567	41110	76.611	7482	1217	5507
NC_056190.1	k141_6567	41110	87.530	2542	294	3140
NC_056190.1	k141_6567	41110	84.066	1933	290	2087
NC_056190.1	k141_6567	41110	86.566	1526	198	1817
NC_056190.1	k141_6567	41110	78.207	1941	353	1563
NC_056190.1	k141_6567	41110	75.673	2080	310	1408
NC_056190.1	k141_6567	41110	76.208	1593	302	1149
NC_056190.1	k141_6567	41110	83.648	1058	149	1101
NC_056190.1	k141_6567	41110	78.523	1043	165	853
NC_056190.1	k141_6567	41110	80.902	665	120	616
NC_056190.1	k141_6567	41110	74.150	971	170	590
NC_056190.1	k141_6567	41110	80.472	635	112	584
NC_056190.1	k141_6567	41110	71.559	1097	205	574
NC_056190.1	k141_6567	41110	73.006	978	188	548
NC_056190.1	k141_6567	41110	68.122	1283	255	434
NC_056190.1	k141_6567	41110	86.640	247	21	277
NC_056190.1	k141_6567	41110	76.296	270	30	221
NC_056190.1	k141_6567	41110	76.157	281	67	205
NC_056190.1	k141_6567	41110	79.399	233	48	205
NC_056190.1	k141_6567	41110	87.975	158	19	200
NC_056190.1	k141_6567	41110	77.108	249	42	188
NC_056190.1	k141_6567	41110	82.632	190	30	188
NC_056190.1	k141_6567	41110	78.802	217	46	185
NC_056190.1	k141_6567	41110	79.512	205	42	181
NC_056190.1	k141_6567	41110	87.075	147	14	176
NC_056190.1	k141_6567	41110	83.537	164	26	171
NC_056190.1	k141_6567	41110	72.517	302	79	166
NC_056190.1	k141_6567	41110	78.286	175	34	140
NC_056190.1	k141_6567	41110	82.171	129	23	130
NC_056190.1	k141_6567	41110	96.104	77	3	126
NC_056190.1	k141_6567	41110	93.421	76	5	115
NC_056190.1	k141_6567	41110	73.006	163	44	96.9
NC_056190.1	k141_6567	41110	87.324	71	9	88.7
NC_056190.1	k141_6567	41110	86.301	73	9	84.2
NC_056190.1	k141_6567	41110	76.471	102	18	73.4
NC_056190.1	k141_6567	41110	73.276	116	31	70.7
NC_056190.1	k141_6567	41110	92.857	42	3	63.5
NC_056190.1	k141_6567	41110	74.194	62	16	41.0
NC_056190.1	k141_42345	38200	81.446	4010	632	3880
NC_056190.1	k141_42345	38200	86.785	3042	332	3647
NC_056190.1	k141_42345	38200	88.790	2578	284	3342
NC_056190.1	k141_42345	38200	79.748	3338	588	2962
NC_056190.1	k141_42345	38200	81.876	2367	371	2311
NC_056190.1	k141_42345	38200	87.011	1432	149	1697
NC_056190.1	k141_42345	38200	79.630	1728	298	1507
NC_056190.1	k141_42345	38200	73.261	2214	488	1315
NC_056190.1	k141_42345	38200	68.356	2269	541	772
NC_056190.1	k141_42345	38200	71.548	1195	227	576
NC_056190.1	k141_42345	38200	74.808	651	107	415
NC_056190.1	k141_42345	38200	87.850	321	37	401
NC_056190.1	k141_42345	38200	71.018	835	131	398
NC_056190.1	k141_42345	38200	74.388	613	129	383
NC_056190.1	k141_42345	38200	83.587	329	33	352
NC_056190.1	k141_42345	38200	71.534	678	132	314
NC_056190.1	k141_42345	38200	78.135	311	59	250
NC_056190.1	k141_42345	38200	73.926	349	62	205
NC_056190.1	k141_42345	38200	83.684	190	24	201
NC_056190.1	k141_42345	38200	77.515	169	32	131
NC_056190.1	k141_42345	38200	97.333	75	2	127
NC_056190.1	k141_42345	38200	96.104	77	3	126
NC_056190.1	k141_42345	38200	76.364	165	39	123
NC_056190.1	k141_42345	38200	89.011	91	9	116
NC_056190.1	k141_42345	38200	83.333	102	13	107
NC_056190.1	k141_42345	38200	83.333	102	13	107
NC_056190.1	k141_42345	38200	86.567	67	9	81.5
NC_056190.1	k141_42345	38200	68.586	191	39	76.1
NC_056190.1	k141_42345	38200	76.471	102	18	73.4
NC_056190.1	k141_83604	12734	77.081	2295	432	1754
NC_056190.1	k141_83604	12734	76.605	1137	243	832
NC_056190.1	k141_83604	12734	78.038	938	169	756
NC_056190.1	k141_83604	12734	72.298	1101	241	619
NC_056190.1	k141_83604	12734	78.063	702	117	583
NC_056190.1	k141_83604	12734	91.367	139	12	197
NC_056190.1	k141_83604	12734	69.379	467	87	190
NC_056190.1	k141_83604	12734	75.000	124	31	85.1
NC_056190.1	k141_83604	12734	81.633	49	9	49.1
NC_056190.1	k141_80529	342	93.275	342	21	511
NC_056190.1	k141_80529	342	93.275	342	21	511
NC_056190.1	k141_26973	616	90.704	355	23	497
NC_056190.1	k141_100103	4278	72.860	888	210	471
NC_056190.1	k141_100103	4278	72.860	888	210	471
NC_056190.1	k141_100103	4278	77.224	281	62	212
NC_056190.1	k141_100103	4278	77.224	281	62	212
NC_056190.1	k141_100103	4278	86.667	60	8	73.4
NC_056190.1	k141_100103	4278	86.667	60	8	73.4
NC_056190.1	k141_32098	1920	88.547	358	19	459
NC_056190.1	k141_32098	1920	88.547	358	19	459
NC_056190.1	k141_47765	987	79.443	467	66	392
NC_056190.1	k141_6664	2567	81.606	386	43	384
NC_056190.1	k141_42731	1242	86.842	304	40	369
NC_056190.1	k141_30592	2027	87.279	283	27	343
NC_056190.1	k141_30592	2027	87.279	283	27	343
NC_056190.1	k141_7135	12472	74.436	532	125	339
NC_056190.1	k141_7135	12472	74.436	532	125	339
NC_056190.1	k141_7135	12472	75.212	472	86	298
NC_056190.1	k141_7135	12472	75.212	472	86	298
NC_056190.1	k141_7135	12472	96.403	139	5	229
NC_056190.1	k141_7135	12472	64.677	804	207	132
NC_056190.1	k141_7135	12472	64.677	804	207	132
NC_056190.1	k141_45173	999	76.586	457	69	336
NC_056190.1	k141_7172	608	71.695	537	122	261
NC_056190.1	k141_81638	733	71.062	546	144	259
NC_056190.1	k141_103588	2330	80.242	248	27	229
NC_056190.1	k141_86932	666	89.412	170	18	226
NC_056190.1	k141_86932	666	89.412	170	18	226
NC_056190.1	k141_117738	2183	71.675	406	74	224
NC_056190.1	k141_117738	2183	86.047	129	17	149
NC_056190.1	k141_117738	2183	86.047	129	17	149
NC_056190.1	k141_37424	5313	71.465	396	55	190
NC_056190.1	k141_37424	5313	93.590	78	5	119
NC_056190.1	k141_37424	5313	83.673	49	8	53.6
NC_056190.1	k141_118421	5089	80.541	185	34	169
NC_056190.1	k141_48801	6770	94.340	106	4	162
NC_056190.1	k141_48801	6770	94.340	106	4	162
NC_056190.1	k141_108712	308	94.845	97	5	153
NC_056190.1	k141_108712	308	94.845	97	5	153
NC_056190.1	k141_794	380	90.000	100	7	134
NC_056190.1	k141_96108	2304	86.792	106	12	122
NC_056190.1	k141_18127	567	75.419	179	19	121
NC_056190.1	k141_18127	567	75.419	179	19	121
NC_056190.1	k141_21604	666	89.655	87	8	113
NC_056190.1	k141_21604	666	89.655	87	8	113
NC_056190.1	k141_70431	304	93.548	62	4	95.1
NC_056190.1	k141_70431	304	93.548	62	4	95.1
NC_056190.1	k141_110612	1943	70.984	193	52	91.5
NC_056190.1	k141_110612	1943	70.984	193	52	91.5
NC_056190.1	k141_65796	335	93.103	58	4	87.8
NC_056190.1	k141_65796	335	93.103	58	4	87.8
NC_056190.1	k141_7634	8619	77.391	115	23	85.1
NC_056190.1	k141_7634	8619	77.391	115	23	85.1
NC_056190.1	k141_7634	8619	78.947	57	12	50.0
NC_056190.1	k141_7634	8619	78.947	57	12	50.0
NC_056190.1	k141_12855	383	81.707	82	15	81.5
NC_056190.1	k141_106890	484	82.051	78	14	78.8
NC_056190.1	k141_106890	484	82.051	78	14	78.8
NC_056190.1	k141_42921	385	88.333	60	7	77.9
NC_056190.1	k141_42921	385	88.333	60	7	77.9
NC_056190.1	k141_117642	1561	86.667	45	6	55.4
MN564931.1	k141_31478	21235	91.070	4513	247	6296
MN564931.1	k141_31478	21235	91.070	4513	247	6296
MN564931.1	k141_31478	21235	87.837	3823	299	4718
MN564931.1	k141_31478	21235	87.837	3823	299	4718
MN564931.1	k141_31478	21235	93.542	3004	132	4505
MN564931.1	k141_31478	21235	93.542	3004	132	4505
MN564931.1	k141_31478	21235	89.742	2291	134	3069
MN564931.1	k141_31478	21235	89.742	2291	134	3069
MN564931.1	k141_31478	21235	87.996	2091	195	2618
MN564931.1	k141_31478	21235	87.996	2091	195	2618
MN564931.1	k141_31478	21235	75.679	884	138	645
MN564931.1	k141_31478	21235	75.679	884	138	645
MN564931.1	k141_31478	21235	82.143	476	60	467
MN564931.1	k141_31478	21235	82.143	476	60	467
MN564931.1	k141_31478	21235	83.188	458	63	465
MN564931.1	k141_31478	21235	83.188	458	63	465
MN564931.1	k141_31478	21235	78.828	529	79	425
MN564931.1	k141_31478	21235	74.495	396	39	297
MN564931.1	k141_31478	21235	74.495	396	39	297
MN564931.1	k141_31478	21235	78.165	316	59	251
MN564931.1	k141_31478	21235	81.513	238	20	235
MN564931.1	k141_31478	21235	81.513	238	20	235
MN564931.1	k141_31478	21235	73.066	349	65	205
MN564931.1	k141_31478	21235	73.066	349	65	205
MN564931.1	k141_31478	21235	77.619	210	30	169
MN564931.1	k141_31478	21235	77.619	210	30	169
MN564931.1	k141_31478	21235	100.000	79	0	143
MN564931.1	k141_31478	21235	88.235	68	6	80.6
MN564931.1	k141_31478	21235	91.111	45	4	64.4
MN564931.1	k141_6567	41110	76.813	7776	1313	5719
MN564931.1	k141_6567	41110	87.872	2523	282	3166
MN564931.1	k141_6567	41110	84.446	1903	293	2096
MN564931.1	k141_6567	41110	86.318	1491	203	1766
MN564931.1	k141_6567	41110	80.532	1880	315	1710
MN564931.1	k141_6567	41110	77.056	2079	339	1498
MN564931.1	k141_6567	41110	76.900	1961	362	1473
MN564931.1	k141_6567	41110	77.212	1571	288	1166
MN564931.1	k141_6567	41110	83.046	1044	125	1087
MN564931.1	k141_6567	41110	71.192	1326	259	636
MN564931.1	k141_6567	41110	83.808	562	88	602
MN564931.1	k141_6567	41110	80.030	666	118	602
MN564931.1	k141_6567	41110	72.962	969	148	548
MN564931.1	k141_6567	41110	75.959	678	106	472
MN564931.1	k141_6567	41110	76.458	480	107	353
MN564931.1	k141_6567	41110	74.007	554	125	332
MN564931.1	k141_6567	41110	80.833	240	43	224
MN564931.1	k141_6567	41110	80.804	224	26	213
MN564931.1	k141_6567	41110	75.532	282	67	191
MN564931.1	k141_6567	41110	85.802	162	23	189
MN564931.1	k141_6567	41110	79.343	213	44	187
MN564931.1	k141_6567	41110	94.545	110	6	172
MN564931.1	k141_6567	41110	78.261	207	45	171
MN564931.1	k141_6567	41110	83.537	164	22	166
MN564931.1	k141_6567	41110	87.121	132	15	159
MN564931.1	k141_6567	41110	75.111	225	56	154
MN564931.1	k141_6567	41110	82.237	152	21	154
MN564931.1	k141_6567	41110	93.407	91	6	138
MN564931.1	k141_6567	41110	89.691	97	10	131
MN564931.1	k141_6567	41110	65.595	529	99	114
MN564931.1	k141_6567	41110	78.519	135	23	101
MN564931.1	k141_6567	41110	75.000	124	31	85.1
MN564931.1	k141_6567	41110	71.233	146	40	68.0
MN564931.1	k141_6567	41110	90.476	42	4	59.0
MN564931.1	k141_6567	41110	92.308	39	3	58.1
MN564931.1	k141_6567	41110	92.308	39	3	58.1
MN564931.1	k141_6567	41110	82.979	47	8	50.0
MN564931.1	k141_6567	41110	74.194	62	16	41.0
MN564931.1	k141_42345	38200	82.432	3848	599	3885
MN564931.1	k141_42345	38200	86.319	3048	338	3594
MN564931.1	k141_42345	38200	88.233	2575	294	3268
MN564931.1	k141_42345	38200	80.761	3337	566	3103
MN564931.1	k141_42345	38200	74.120	4119	798	2513
MN564931.1	k141_42345	38200	80.448	2455	397	2258
MN564931.1	k141_42345	38200	80.170	1765	308	1576
MN564931.1	k141_42345	38200	74.034	2199	484	1367
MN564931.1	k141_42345	38200	78.996	538	65	446
MN564931.1	k141_42345	38200	88.820	322	33	417
MN564931.1	k141_42345	38200	88.571	280	30	354
MN564931.1	k141_42345	38200	69.361	829	131	326
MN564931.1	k141_42345	38200	70.607	626	109	287
MN564931.1	k141_42345	38200	76.738	374	80	280
MN564931.1	k141_42345	38200	79.180	317	33	278
MN564931.1	k141_42345	38200	84.490	245	34	270
MN564931.1	k141_42345	38200	75.897	390	71	260
MN564931.1	k141_42345	38200	74.928	347	61	235
MN564931.1	k141_42345	38200	84.184	196	25	215
MN564931.1	k141_42345	38200	89.683	126	11	162
MN564931.1	k141_42345	38200	78.771	179	38	152
MN564931.1	k141_42345	38200	66.316	570	170	142
MN564931.1	k141_42345	38200	100.000	75	0	136
MN564931.1	k141_42345	38200	92.593	81	6	120
MN564931.1	k141_42345	38200	89.130	92	9	118
MN564931.1	k141_42345	38200	90.000	80	8	109
MN564931.1	k141_42345	38200	83.333	102	13	107
MN564931.1	k141_42345	38200	83.333	102	13	107
MN564931.1	k141_42345	38200	87.500	56	7	70.7
MN564931.1	k141_42345	38200	69.006	171	49	60.8
MN564931.1	k141_83604	12734	78.925	2325	410	1953
MN564931.1	k141_83604	12734	81.359	1942	331	1872
MN564931.1	k141_83604	12734	76.264	2216	466	1594
MN564931.1	k141_83604	12734	78.216	1446	260	1161
MN564931.1	k141_83604	12734	73.605	1201	241	738
MN564931.1	k141_83604	12734	75.229	1090	236	717
MN564931.1	k141_83604	12734	90.647	139	13	193
MN564931.1	k141_83604	12734	79.592	49	10	44.6
MN564931.1	k141_80529	342	93.255	341	21	509
MN564931.1	k141_80529	342	93.255	341	21	509
MN564931.1	k141_26973	616	90.449	356	24	494
MN564931.1	k141_32098	1920	91.404	349	17	489
MN564931.1	k141_32098	1920	91.404	349	17	489
MN564931.1	k141_100103	4278	72.976	877	206	470
MN564931.1	k141_100103	4278	72.976	877	206	470
MN564931.1	k141_100103	4278	77.580	281	61	216
MN564931.1	k141_100103	4278	77.580	281	61	216
MN564931.1	k141_100103	4278	86.667	60	8	73.4
MN564931.1	k141_100103	4278	86.667	60	8	73.4
MN564931.1	k141_6664	2567	84.367	403	63	444
MN564931.1	k141_37424	5313	77.164	543	99	425
MN564931.1	k141_37424	5313	94.521	73	4	114
MN564931.1	k141_37424	5313	81.633	49	9	49.1
MN564931.1	k141_42731	1242	87.500	328	41	407
MN564931.1	k141_47765	987	80.488	369	55	343
MN564931.1	k141_47765	987	82.500	120	20	119
MN564931.1	k141_7135	12472	73.872	532	128	325
MN564931.1	k141_7135	12472	73.872	532	128	325
MN564931.1	k141_7135	12472	75.641	468	91	293
MN564931.1	k141_7135	12472	75.641	468	91	293
MN564931.1	k141_7135	12472	97.163	141	4	237
MN564931.1	k141_7135	12472	65.038	798	211	140
MN564931.1	k141_7135	12472	65.038	798	211	140
MN564931.1	k141_30592	2027	85.816	282	33	322
MN564931.1	k141_30592	2027	85.816	282	33	322
MN564931.1	k141_7172	608	71.642	536	122	282
MN564931.1	k141_86932	666	89.412	170	18	226
MN564931.1	k141_86932	666	89.412	170	18	226
MN564931.1	k141_45173	999	78.246	285	39	224
MN564931.1	k141_45173	999	92.929	99	7	148
MN564931.1	k141_81638	733	71.269	449	127	222
MN564931.1	k141_103588	2330	80.992	242	32	220
MN564931.1	k141_117738	2183	72.853	361	66	216
MN564931.1	k141_117738	2183	85.271	129	18	144
MN564931.1	k141_117738	2183	85.271	129	18	144
MN564931.1	k141_118421	5089	81.622	185	32	178
MN564931.1	k141_48801	6770	96.939	98	3	164
MN564931.1	k141_48801	6770	96.939	98	3	164
MN564931.1	k141_108712	308	95.876	97	4	158
MN564931.1	k141_108712	308	95.876	97	4	158
MN564931.1	k141_794	380	92.929	99	4	146
MN564931.1	k141_30010	667	87.611	113	14	141
MN564931.1	k141_18127	567	74.346	191	35	119
MN564931.1	k141_18127	567	74.346	191	35	119
MN564931.1	k141_21604	666	89.655	87	8	113
MN564931.1	k141_21604	666	89.655	87	8	113
MN564931.1	k141_96108	2304	88.764	89	9	113
MN564931.1	k141_110612	1943	71.204	191	55	97.8
MN564931.1	k141_110612	1943	71.204	191	55	97.8
MN564931.1	k141_70431	304	93.548	62	4	95.1
MN564931.1	k141_70431	304	93.548	62	4	95.1
MN564931.1	k141_104862	351	81.250	96	18	93.3
MN564931.1	k141_104862	351	81.928	83	15	83.3
MN564931.1	k141_65796	335	93.103	58	4	87.8
MN564931.1	k141_65796	335	93.103	58	4	87.8
MN564931.1	k141_7634	8619	77.391	115	23	85.1
MN564931.1	k141_7634	8619	77.391	115	23	85.1
MN564931.1	k141_7634	8619	71.845	103	27	53.6
MN564931.1	k141_7634	8619	71.845	103	27	53.6
MN564931.1	k141_117642	1561	75.000	124	19	77.9
MN564931.1	k141_42921	385	88.333	60	7	77.9
MN564931.1	k141_42921	385	88.333	60	7	77.9
MN564931.1	k141_12855	383	81.818	77	14	77.0
MN564931.1	k141_61991	9859	72.180	133	37	74.3
MN564931.1	k141_56964	799	81.944	72	12	68.9
MN564931.1	k141_110014	1215	81.818	55	9	51.8
MN564931.1	k141_110014	1215	81.818	55	9	51.8
MN564931.1	k141_113079	410	81.818	44	7	41.0
NC_031651.1	k141_31478	21235	91.593	4544	245	6448
NC_031651.1	k141_31478	21235	91.593	4544	245	6448
NC_031651.1	k141_31478	21235	94.145	2989	137	4582
NC_031651.1	k141_31478	21235	94.145	2989	137	4582
NC_031651.1	k141_31478	21235	91.865	2938	164	4195
NC_031651.1	k141_31478	21235	91.865	2938	164	4195
NC_031651.1	k141_31478	21235	89.784	2271	127	3037
NC_031651.1	k141_31478	21235	89.784	2271	127	3037
NC_031651.1	k141_31478	21235	89.006	2283	197	2940
NC_031651.1	k141_31478	21235	89.995	2199	184	2935
NC_031651.1	k141_31478	21235	83.070	886	126	917
NC_031651.1	k141_31478	21235	83.070	886	126	917
NC_031651.1	k141_31478	21235	78.256	814	110	627
NC_031651.1	k141_31478	21235	78.256	814	110	627
NC_031651.1	k141_31478	21235	82.979	470	49	489
NC_031651.1	k141_31478	21235	82.979	470	49	489
NC_031651.1	k141_31478	21235	78.815	557	84	459
NC_031651.1	k141_31478	21235	81.450	469	62	445
NC_031651.1	k141_31478	21235	81.450	469	62	445
NC_031651.1	k141_31478	21235	77.003	387	33	334
NC_031651.1	k141_31478	21235	77.003	387	33	334
NC_031651.1	k141_31478	21235	80.997	321	51	296
NC_031651.1	k141_31478	21235	84.375	224	21	242
NC_031651.1	k141_31478	21235	84.375	224	21	242
NC_031651.1	k141_31478	21235	71.651	321	64	162
NC_031651.1	k141_31478	21235	78.173	197	32	159
NC_031651.1	k141_31478	21235	98.182	55	1	96.0
NC_031651.1	k141_31478	21235	100.000	39	0	71.6
NC_031651.1	k141_31478	21235	90.566	53	4	70.7
NC_031651.1	k141_31478	21235	90.566	53	4	70.7
NC_031651.1	k141_6567	41110	78.357	7499	1205	6120
NC_031651.1	k141_6567	41110	88.733	2494	257	3222
NC_031651.1	k141_6567	41110	80.324	3029	454	2787
NC_031651.1	k141_6567	41110	86.379	1505	205	1791
NC_031651.1	k141_6567	41110	82.667	1725	254	1759
NC_031651.1	k141_6567	41110	78.246	2064	290	1639
NC_031651.1	k141_6567	41110	78.436	1957	361	1592
NC_031651.1	k141_6567	41110	87.395	952	108	1165
NC_031651.1	k141_6567	41110	79.803	1015	167	878
NC_031651.1	k141_6567	41110	77.281	1074	196	813
NC_031651.1	k141_6567	41110	70.556	1474	250	661
NC_031651.1	k141_6567	41110	82.938	633	99	655
NC_031651.1	k141_6567	41110	77.080	685	119	504
NC_031651.1	k141_6567	41110	80.705	482	78	446
NC_031651.1	k141_6567	41110	74.026	693	145	412
NC_031651.1	k141_6567	41110	78.175	504	91	399
NC_031651.1	k141_6567	41110	88.430	242	18	297
NC_031651.1	k141_6567	41110	85.833	240	31	279
NC_031651.1	k141_6567	41110	71.540	513	103	239
NC_031651.1	k141_6567	41110	77.104	297	68	230
NC_031651.1	k141_6567	41110	75.526	380	63	226
NC_031651.1	k141_6567	41110	79.646	226	46	201
NC_031651.1	k141_6567	41110	87.975	158	19	200
NC_031651.1	k141_6567	41110	79.781	183	29	158
NC_031651.1	k141_6567	41110	87.302	126	10	157
NC_031651.1	k141_6567	41110	76.119	201	34	150
NC_031651.1	k141_6567	41110	92.391	92	7	135
NC_031651.1	k141_6567	41110	87.879	99	11	122
NC_031651.1	k141_6567	41110	72.393	163	45	92.4
NC_031651.1	k141_6567	41110	87.324	71	9	88.7
NC_031651.1	k141_6567	41110	92.308	39	3	58.1
NC_031651.1	k141_6567	41110	92.308	39	3	58.1
NC_031651.1	k141_6567	41110	65.801	231	77	54.5
NC_031651.1	k141_6567	41110	73.469	98	24	53.6
NC_031651.1	k141_6567	41110	74.194	62	16	41.0
NC_031651.1	k141_42345	38200	83.170	3868	549	4048
NC_031651.1	k141_42345	38200	86.783	3049	340	3681
NC_031651.1	k141_42345	38200	90.596	2499	235	3448
NC_031651.1	k141_42345	38200	80.738	3359	555	3134
NC_031651.1	k141_42345	38200	75.173	3758	734	2485
NC_031651.1	k141_42345	38200	83.702	2123	328	2268
NC_031651.1	k141_42345	38200	81.456	1758	283	1695
NC_031651.1	k141_42345	38200	75.972	2264	465	1612
NC_031651.1	k141_42345	38200	70.516	1221	206	547
NC_031651.1	k141_42345	38200	79.160	643	102	526
NC_031651.1	k141_42345	38200	73.966	822	122	507
NC_031651.1	k141_42345	38200	88.889	324	34	420
NC_031651.1	k141_42345	38200	72.917	720	125	398
NC_031651.1	k141_42345	38200	74.010	631	131	384
NC_031651.1	k141_42345	38200	83.136	338	35	346
NC_031651.1	k141_42345	38200	81.962	316	50	311
NC_031651.1	k141_42345	38200	74.638	414	61	260
NC_031651.1	k141_42345	38200	74.534	322	63	211
NC_031651.1	k141_42345	38200	83.085	201	33	206
NC_031651.1	k141_42345	38200	75.168	298	62	206
NC_031651.1	k141_42345	38200	91.453	117	8	159
NC_031651.1	k141_42345	38200	97.468	79	2	134
NC_031651.1	k141_42345	38200	76.970	165	38	127
NC_031651.1	k141_42345	38200	91.765	85	7	123
NC_031651.1	k141_42345	38200	91.765	85	5	120
NC_031651.1	k141_42345	38200	74.556	169	37	104
NC_031651.1	k141_42345	38200	90.000	50	5	68.9
NC_031651.1	k141_42345	38200	75.714	70	11	42.8
NC_031651.1	k141_83604	12734	82.587	1987	296	2011
NC_031651.1	k141_83604	12734	78.122	2322	391	1900
NC_031651.1	k141_83604	12734	76.585	2272	467	1641
NC_031651.1	k141_83604	12734	79.500	1439	244	1244
NC_031651.1	k141_83604	12734	76.445	1142	201	828
NC_031651.1	k141_83604	12734	73.791	1179	246	728
NC_031651.1	k141_83604	12734	92.199	141	11	205
NC_031651.1	k141_83604	12734	72.470	247	40	138
NC_031651.1	k141_83604	12734	81.633	49	9	49.1
NC_031651.1	k141_37424	5313	81.516	541	73	527
NC_031651.1	k141_37424	5313	90.909	77	7	108
NC_031651.1	k141_37424	5313	83.673	49	8	53.6
NC_031651.1	k141_32098	1920	92.442	344	18	498
NC_031651.1	k141_32098	1920	92.442	344	18	498
NC_031651.1	k141_80529	342	91.789	341	26	487
NC_031651.1	k141_80529	342	91.789	341	26	487
NC_031651.1	k141_26973	616	89.607	356	27	480
NC_031651.1	k141_100103	4278	73.182	880	199	476
NC_031651.1	k141_100103	4278	73.182	880	199	476
NC_031651.1	k141_100103	4278	77.580	281	61	216
NC_031651.1	k141_100103	4278	77.580	281	61	216
NC_031651.1	k141_100103	4278	86.667	60	8	73.4
NC_031651.1	k141_100103	4278	86.667	60	8	73.4
NC_031651.1	k141_6664	2567	87.467	375	47	465
NC_031651.1	k141_47765	987	83.288	371	45	392
NC_031651.1	k141_47765	987	86.667	120	15	141
NC_031651.1	k141_42731	1242	86.280	328	45	389
NC_031651.1	k141_45173	999	77.542	472	64	371
NC_031651.1	k141_7172	608	75.095	526	119	356
NC_031651.1	k141_7135	12472	74.248	532	126	334
NC_031651.1	k141_7135	12472	74.248	532	126	334
NC_031651.1	k141_7135	12472	74.359	468	97	284
NC_031651.1	k141_7135	12472	74.359	468	97	284
NC_031651.1	k141_7135	12472	95.035	141	7	224
NC_031651.1	k141_7135	12472	64.875	800	207	135
NC_031651.1	k141_7135	12472	64.875	800	207	135
NC_031651.1	k141_30592	2027	86.525	282	31	331
NC_031651.1	k141_30592	2027	86.525	282	31	331
NC_031651.1	k141_117738	2183	73.684	361	63	230
NC_031651.1	k141_117738	2183	86.822	129	16	153
NC_031651.1	k141_117738	2183	86.822	129	16	153
NC_031651.1	k141_86932	666	89.412	170	18	226
NC_031651.1	k141_86932	666	89.412	170	18	226
NC_031651.1	k141_103588	2330	81.545	233	35	225
NC_031651.1	k141_81638	733	70.989	455	128	212
NC_031651.1	k141_118421	5089	84.865	185	26	205
NC_031651.1	k141_108712	308	95.876	97	4	158
NC_031651.1	k141_108712	308	95.876	97	4	158
NC_031651.1	k141_48801	6770	95.876	97	4	158
NC_031651.1	k141_48801	6770	95.876	97	4	158
NC_031651.1	k141_30010	667	71.901	242	21	146
NC_031651.1	k141_794	380	87.129	101	10	123
NC_031651.1	k141_96108	2304	91.667	84	7	121
NC_031651.1	k141_21604	666	89.655	87	8	113
NC_031651.1	k141_21604	666	89.655	87	8	113
NC_031651.1	k141_110612	1943	71.728	191	54	102
NC_031651.1	k141_110612	1943	71.728	191	54	102
NC_031651.1	k141_70431	304	93.548	62	4	95.1
NC_031651.1	k141_70431	304	93.548	62	4	95.1
NC_031651.1	k141_65796	335	93.103	58	4	87.8
NC_031651.1	k141_65796	335	93.103	58	4	87.8
NC_031651.1	k141_7634	8619	77.391	115	23	85.1
NC_031651.1	k141_7634	8619	77.391	115	23	85.1
NC_031651.1	k141_7634	8619	71.845	103	27	53.6
NC_031651.1	k141_7634	8619	71.845	103	27	53.6
NC_031651.1	k141_61991	9859	75.455	110	27	77.9
NC_031651.1	k141_106890	484	80.769	78	15	74.3
NC_031651.1	k141_106890	484	80.769	78	15	74.3
NC_031651.1	k141_12855	383	70.659	167	43	73.4
NC_031651.1	k141_117642	1561	71.774	124	23	64.4
NC_031651.1	k141_115053	5014	81.395	43	8	42.8
MW366789.1	k141_31478	21235	89.885	4884	381	6561
MW366789.1	k141_31478	21235	89.885	4884	381	6561
MW366789.1	k141_31478	21235	92.156	2996	155	4322
MW366789.1	k141_31478	21235	92.156	2996	155	4322
MW366789.1	k141_31478	21235	88.845	2259	158	2892
MW366789.1	k141_31478	21235	88.845	2259	158	2892
MW366789.1	k141_31478	21235	86.582	2288	213	2742
MW366789.1	k141_31478	21235	86.538	2288	214	2737
MW366789.1	k141_31478	21235	91.405	1815	101	2571
MW366789.1	k141_31478	21235	91.405	1815	101	2571
MW366789.1	k141_31478	21235	83.881	639	52	690
MW366789.1	k141_31478	21235	83.881	639	52	690
MW366789.1	k141_31478	21235	84.916	537	50	614
MW366789.1	k141_31478	21235	84.916	537	50	614
MW366789.1	k141_31478	21235	88.722	399	32	511
MW366789.1	k141_31478	21235	87.143	280	28	342
MW366789.1	k141_31478	21235	87.143	280	28	342
MW366789.1	k141_31478	21235	97.826	138	3	236
MW366789.1	k141_31478	21235	97.826	138	3	236
MW366789.1	k141_31478	21235	83.673	196	23	209
MW366789.1	k141_31478	21235	83.673	196	23	209
MW366789.1	k141_31478	21235	91.724	145	12	208
MW366789.1	k141_31478	21235	91.724	145	12	208
MW366789.1	k141_31478	21235	86.441	177	22	205
MW366789.1	k141_31478	21235	86.441	177	22	205
MW366789.1	k141_31478	21235	87.037	162	18	198
MW366789.1	k141_31478	21235	74.194	310	43	196
MW366789.1	k141_31478	21235	87.037	162	18	196
MW366789.1	k141_31478	21235	84.173	139	13	156
MW366789.1	k141_31478	21235	84.173	139	13	156
MW366789.1	k141_31478	21235	94.253	87	5	135
MW366789.1	k141_31478	21235	94.253	87	5	135
MW366789.1	k141_31478	21235	87.342	79	5	98.7
MW366789.1	k141_31478	21235	87.342	79	5	98.7
MW366789.1	k141_31478	21235	93.878	49	3	76.1
MW366789.1	k141_31478	21235	93.878	49	3	76.1
MW366789.1	k141_31478	21235	93.878	49	3	76.1
MW366789.1	k141_31478	21235	90.909	44	4	62.6
MW366789.1	k141_6567	41110	80.352	5853	801	5289
MW366789.1	k141_6567	41110	89.496	2542	231	3387
MW366789.1	k141_6567	41110	89.496	2542	231	3387
MW366789.1	k141_6567	41110	85.581	1935	265	2232
MW366789.1	k141_6567	41110	80.151	2126	329	1917
MW366789.1	k141_6567	41110	87.315	1553	180	1902
MW366789.1	k141_6567	41110	80.362	1935	324	1760
MW366789.1	k141_6567	41110	77.514	1770	279	1357
MW366789.1	k141_6567	41110	78.934	1576	267	1319
MW366789.1	k141_6567	41110	86.893	1091	119	1309
MW366789.1	k141_6567	41110	81.607	946	140	899
MW366789.1	k141_6567	41110	78.247	947	136	739
MW366789.1	k141_6567	41110	81.191	638	115	601
MW366789.1	k141_6567	41110	75.918	735	126	529
MW366789.1	k141_6567	41110	79.310	551	91	447
MW366789.1	k141_6567	41110	72.752	723	126	395
MW366789.1	k141_6567	41110	66.488	1304	243	386
MW366789.1	k141_6567	41110	73.521	676	151	375
MW366789.1	k141_6567	41110	78.876	445	61	369
MW366789.1	k141_6567	41110	78.876	445	61	369
MW366789.1	k141_6567	41110	67.531	1041	183	336
MW366789.1	k141_6567	41110	73.321	551	106	333
MW366789.1	k141_6567	41110	87.554	233	26	288
MW366789.1	k141_6567	41110	83.962	212	32	227
MW366789.1	k141_6567	41110	79.424	243	37	198
MW366789.1	k141_6567	41110	68.777	458	117	169
MW366789.1	k141_6567	41110	84.106	151	24	165
MW366789.1	k141_6567	41110	67.266	556	163	164
MW366789.1	k141_6567	41110	67.266	556	163	164
MW366789.1	k141_6567	41110	90.265	113	11	155
MW366789.1	k141_6567	41110	77.987	159	24	122
MW366789.1	k141_6567	41110	78.000	150	28	118
MW366789.1	k141_6567	41110	87.234	94	12	116
MW366789.1	k141_6567	41110	74.556	169	36	109
MW366789.1	k141_6567	41110	68.657	268	68	97.8
MW366789.1	k141_6567	41110	68.657	268	68	97.8
MW366789.1	k141_6567	41110	67.647	170	53	52.7
MW366789.1	k141_6567	41110	67.647	170	53	52.7
MW366789.1	k141_6567	41110	74.627	67	17	45.5
MW366789.1	k141_83604	12734	82.712	3997	521	4085
MW366789.1	k141_83604	12734	82.712	3997	521	4085
MW366789.1	k141_83604	12734	80.739	2030	340	1895
MW366789.1	k141_83604	12734	76.837	2327	480	1757
MW366789.1	k141_83604	12734	78.731	1119	199	945
MW366789.1	k141_83604	12734	83.180	654	105	666
MW366789.1	k141_83604	12734	83.180	654	105	666
MW366789.1	k141_83604	12734	80.685	321	62	300
MW366789.1	k141_83604	12734	94.326	141	8	219
MW366789.1	k141_83604	12734	94.326	141	8	219
MW366789.1	k141_83604	12734	80.469	128	21	109
MW366789.1	k141_83604	12734	79.592	49	10	44.6
MW366789.1	k141_42345	38200	89.504	2925	273	3864
MW366789.1	k141_42345	38200	89.504	2925	273	3864
MW366789.1	k141_42345	38200	81.095	3983	635	3778
MW366789.1	k141_42345	38200	89.760	2832	263	3766
MW366789.1	k141_42345	38200	80.483	3356	546	3094
MW366789.1	k141_42345	38200	79.700	3399	565	2952
MW366789.1	k141_42345	38200	78.479	3550	621	2880
MW366789.1	k141_42345	38200	80.122	1806	288	1595
MW366789.1	k141_42345	38200	79.268	1066	206	927
MW366789.1	k141_42345	38200	72.035	1155	253	618
MW366789.1	k141_42345	38200	75.383	849	119	563
MW366789.1	k141_42345	38200	73.137	1020	162	553
MW366789.1	k141_42345	38200	86.150	361	41	416
MW366789.1	k141_42345	38200	72.754	690	116	399
MW366789.1	k141_42345	38200	83.432	338	45	350
MW366789.1	k141_42345	38200	73.175	589	125	335
MW366789.1	k141_42345	38200	77.394	376	64	279
MW366789.1	k141_42345	38200	88.000	225	25	278
MW366789.1	k141_42345	38200	75.272	368	58	230
MW366789.1	k141_42345	38200	77.936	281	60	221
MW366789.1	k141_42345	38200	75.155	322	51	220
MW366789.1	k141_42345	38200	96.154	104	4	170
MW366789.1	k141_42345	38200	86.957	138	10	158
MW366789.1	k141_42345	38200	78.075	187	35	136
MW366789.1	k141_42345	38200	92.308	91	7	133
MW366789.1	k141_42345	38200	97.436	78	2	132
MW366789.1	k141_42345	38200	70.428	257	40	118
MW366789.1	k141_42345	38200	73.939	165	43	104
MW366789.1	k141_42345	38200	73.939	165	43	104
MW366789.1	k141_42345	38200	89.610	77	8	104
MW366789.1	k141_42345	38200	91.892	74	5	104
MW366789.1	k141_42345	38200	91.892	74	5	104
MW366789.1	k141_42345	38200	78.125	128	26	98.7
MW366789.1	k141_42345	38200	81.373	102	15	98.7
MW366789.1	k141_42345	38200	81.373	102	15	98.7
MW366789.1	k141_42345	38200	76.000	125	28	84.2
MW366789.1	k141_42345	38200	89.286	56	6	75.2
MW366789.1	k141_42345	38200	87.931	58	6	70.7
MW366789.1	k141_42345	38200	87.931	58	6	70.7
MW366789.1	k141_42345	38200	66.379	232	74	53.6
MW366789.1	k141_42345	38200	66.379	232	74	53.6
MW366789.1	k141_42345	38200	73.256	86	17	49.1
MW366789.1	k141_42345	38200	79.245	53	11	47.3
MW366789.1	k141_42345	38200	79.245	53	11	47.3
MW366789.1	k141_37424	5313	80.622	547	80	519
MW366789.1	k141_37424	5313	80.622	547	80	519
MW366789.1	k141_37424	5313	91.026	78	6	106
MW366789.1	k141_37424	5313	81.633	49	9	49.1
MW366789.1	k141_6664	2567	83.065	496	72	505
MW366789.1	k141_80529	342	91.496	341	27	482
MW366789.1	k141_80529	342	91.496	341	27	482
MW366789.1	k141_26973	616	88.472	373	32	480
MW366789.1	k141_26973	616	88.472	373	32	480
MW366789.1	k141_32098	1920	90.616	341	25	469
MW366789.1	k141_32098	1920	90.616	341	25	469
MW366789.1	k141_100103	4278	72.116	893	200	443
MW366789.1	k141_100103	4278	72.116	893	200	443
MW366789.1	k141_100103	4278	90.000	60	6	82.4
MW366789.1	k141_100103	4278	90.000	60	6	82.4
MW366789.1	k141_100103	4278	88.333	60	7	77.9
MW366789.1	k141_100103	4278	88.333	60	7	77.9
MW366789.1	k141_7172	608	77.369	517	117	406
MW366789.1	k141_42731	1242	86.239	327	45	388
MW366789.1	k141_7135	12472	73.321	536	124	322
MW366789.1	k141_7135	12472	73.321	536	124	322
MW366789.1	k141_7135	12472	75.855	468	92	300
MW366789.1	k141_7135	12472	75.855	468	92	300
MW366789.1	k141_7135	12472	97.163	141	4	237
MW366789.1	k141_7135	12472	97.163	141	4	237
MW366789.1	k141_7135	12472	84.536	97	15	108
MW366789.1	k141_7135	12472	84.536	97	15	108
MW366789.1	k141_45173	999	71.815	518	66	304
MW366789.1	k141_30592	2027	82.818	291	34	301
MW366789.1	k141_30592	2027	82.818	291	34	301
MW366789.1	k141_47765	987	77.867	375	54	297
MW366789.1	k141_47765	987	80.833	120	22	110
MW366789.1	k141_117738	2183	72.544	397	68	240
MW366789.1	k141_86932	666	89.506	162	17	216
MW366789.1	k141_86932	666	89.506	162	17	216
MW366789.1	k141_81638	733	70.781	397	116	194
MW366789.1	k141_103588	2330	77.236	246	47	182
MW366789.1	k141_96108	2304	91.818	110	9	159
MW366789.1	k141_118421	5089	79.888	179	26	152
MW366789.1	k141_118421	5089	78.771	179	28	143
MW366789.1	k141_118421	5089	87.719	57	5	69.8
MW366789.1	k141_118421	5089	87.719	57	5	69.8
MW366789.1	k141_108712	308	93.814	97	6	149
MW366789.1	k141_108712	308	93.814	97	6	149
MW366789.1	k141_48801	6770	95.946	74	3	121
MW366789.1	k141_48801	6770	95.946	74	3	121
MW366789.1	k141_30010	667	82.609	115	20	118
MW366789.1	k141_18127	567	88.889	90	10	118
MW366789.1	k141_18127	567	88.889	90	10	118
MW366789.1	k141_21604	666	86.207	87	11	100
MW366789.1	k141_21604	666	86.207	87	11	100
MW366789.1	k141_794	380	82.353	102	16	96.9
MW366789.1	k141_65796	335	96.552	58	2	96.9
MW366789.1	k141_65796	335	96.552	58	2	96.9
MW366789.1	k141_118180	316	92.727	55	4	82.4
MW366789.1	k141_118180	316	92.727	55	4	82.4
MW366789.1	k141_7634	8619	76.522	115	24	80.6
MW366789.1	k141_7634	8619	76.522	115	24	80.6
MW366789.1	k141_7634	8619	81.250	64	12	62.6
MW366789.1	k141_7634	8619	81.250	64	12	62.6
MW366789.1	k141_7634	8619	73.626	91	24	57.2
MW366789.1	k141_7634	8619	73.626	91	24	57.2
MW366789.1	k141_56964	799	84.932	73	10	79.7
MW366789.1	k141_56964	799	84.932	73	10	79.7
MW366789.1	k141_12855	383	77.660	94	21	76.1
MW366789.1	k141_70431	304	87.302	63	7	75.2
MW366789.1	k141_70431	304	87.302	63	7	75.2
MW366789.1	k141_61991	9859	71.429	140	40	73.4
MW366789.1	k141_42921	385	85.246	61	9	70.7
MW366789.1	k141_42921	385	85.246	61	9	70.7
MW366789.1	k141_77010	4236	85.455	55	8	64.4
MW366789.1	k141_38416	3968	85.455	55	8	64.4
MW366789.1	k141_6425	2091	89.744	39	4	53.6
MW366789.1	k141_6425	2091	89.744	39	4	53.6
MW366789.1	k141_27701	6804	82.609	46	8	48.2
MW366789.1	k141_27701	6804	82.609	46	8	48.2
KT899950.1	k141_6567	41110	80.859	7565	978	7079
KT899950.1	k141_6567	41110	90.099	2515	231	3412
KT899950.1	k141_6567	41110	87.253	1922	236	2361
KT899950.1	k141_6567	41110	80.286	2308	316	2097
KT899950.1	k141_6567	41110	81.648	1978	298	1940
KT899950.1	k141_6567	41110	80.187	2140	272	1914
KT899950.1	k141_6567	41110	86.456	1580	205	1880
KT899950.1	k141_6567	41110	80.360	1609	252	1445
KT899950.1	k141_6567	41110	86.760	1148	121	1369
KT899950.1	k141_6567	41110	76.310	1431	208	1036
KT899950.1	k141_6567	41110	79.686	1083	155	944
KT899950.1	k141_6567	41110	75.036	1402	209	925
KT899950.1	k141_6567	41110	78.648	1021	144	836
KT899950.1	k141_6567	41110	71.902	1388	228	716
KT899950.1	k141_6567	41110	81.450	717	112	691
KT899950.1	k141_6567	41110	76.662	647	95	452
KT899950.1	k141_6567	41110	77.055	584	94	450
KT899950.1	k141_6567	41110	81.090	312	46	291
KT899950.1	k141_6567	41110	85.068	221	33	251
KT899950.1	k141_6567	41110	79.286	280	58	244
KT899950.1	k141_6567	41110	80.531	226	44	210
KT899950.1	k141_6567	41110	87.209	172	20	209
KT899950.1	k141_6567	41110	77.698	278	38	204
KT899950.1	k141_6567	41110	76.889	225	52	172
KT899950.1	k141_6567	41110	76.444	225	30	161
KT899950.1	k141_6567	41110	87.255	102	9	125
KT899950.1	k141_6567	41110	77.419	124	28	98.7
KT899950.1	k141_6567	41110	91.667	48	4	69.8
KT899950.1	k141_6567	41110	91.667	48	4	69.8
KT899950.1	k141_6567	41110	70.064	157	45	65.3
KT899950.1	k141_6567	41110	92.308	39	3	58.1
KT899950.1	k141_6567	41110	92.308	39	3	58.1
KT899950.1	k141_6567	41110	74.194	62	16	41.0
KT899950.1	k141_31478	21235	93.511	4515	202	6778
KT899950.1	k141_31478	21235	93.511	4515	202	6778
KT899950.1	k141_31478	21235	95.214	2988	104	4726
KT899950.1	k141_31478	21235	95.214	2988	104	4726
KT899950.1	k141_31478	21235	93.173	2959	119	4411
KT899950.1	k141_31478	21235	93.173	2959	119	4411
KT899950.1	k141_31478	21235	90.576	2292	147	3132
KT899950.1	k141_31478	21235	90.576	2292	147	3132
KT899950.1	k141_31478	21235	90.320	2283	126	3099
KT899950.1	k141_31478	21235	90.320	2283	126	3099
KT899950.1	k141_31478	21235	83.845	879	126	947
KT899950.1	k141_31478	21235	83.845	879	126	947
KT899950.1	k141_31478	21235	83.102	793	95	821
KT899950.1	k141_31478	21235	83.102	793	95	821
KT899950.1	k141_31478	21235	79.587	872	106	764
KT899950.1	k141_31478	21235	79.587	872	106	764
KT899950.1	k141_31478	21235	83.061	490	33	519
KT899950.1	k141_31478	21235	83.061	490	33	519
KT899950.1	k141_31478	21235	80.037	541	80	483
KT899950.1	k141_31478	21235	78.149	389	29	356
KT899950.1	k141_31478	21235	78.149	389	29	356
KT899950.1	k141_31478	21235	90.625	224	17	309
KT899950.1	k141_31478	21235	90.625	224	17	309
KT899950.1	k141_31478	21235	79.299	314	56	269
KT899950.1	k141_31478	21235	74.803	381	69	252
KT899950.1	k141_31478	21235	92.593	108	8	159
KT899950.1	k141_31478	21235	94.340	53	2	79.7
KT899950.1	k141_31478	21235	94.340	53	2	79.7
KT899950.1	k141_31478	21235	91.111	45	4	64.4
KT899950.1	k141_42345	38200	84.993	4018	510	4535
KT899950.1	k141_42345	38200	89.551	3053	272	4034
KT899950.1	k141_42345	38200	84.703	3602	381	3985
KT899950.1	k141_42345	38200	82.965	3346	491	3482
KT899950.1	k141_42345	38200	81.460	3371	475	3244
KT899950.1	k141_42345	38200	79.633	3270	515	2856
KT899950.1	k141_42345	38200	77.971	3332	566	2658
KT899950.1	k141_42345	38200	88.018	868	90	1096
KT899950.1	k141_42345	38200	70.441	1360	213	645
KT899950.1	k141_42345	38200	83.486	436	53	448
KT899950.1	k141_42345	38200	75.076	658	93	440
KT899950.1	k141_42345	38200	73.164	708	101	420
KT899950.1	k141_42345	38200	75.639	587	87	389
KT899950.1	k141_42345	38200	75.000	488	66	345
KT899950.1	k141_42345	38200	80.769	364	34	343
KT899950.1	k141_42345	38200	76.018	442	76	311
KT899950.1	k141_42345	38200	79.181	293	46	250
KT899950.1	k141_42345	38200	96.454	141	5	233
KT899950.1	k141_42345	38200	73.761	343	66	217
KT899950.1	k141_42345	38200	81.928	166	18	158
KT899950.1	k141_42345	38200	85.938	128	18	150
KT899950.1	k141_42345	38200	94.444	90	5	141
KT899950.1	k141_42345	38200	65.232	581	176	116
KT899950.1	k141_42345	38200	74.863	183	35	115
KT899950.1	k141_42345	38200	83.333	102	13	107
KT899950.1	k141_42345	38200	83.333	102	13	107
KT899950.1	k141_42345	38200	91.667	72	6	104
KT899950.1	k141_42345	38200	79.245	106	20	90.6
KT899950.1	k141_83604	12734	83.729	2108	305	2236
KT899950.1	k141_83604	12734	81.258	2337	354	2217
KT899950.1	k141_83604	12734	79.958	2355	407	2097
KT899950.1	k141_83604	12734	82.464	1477	219	1470
KT899950.1	k141_83604	12734	77.574	1253	239	977
KT899950.1	k141_83604	12734	83.818	550	88	588
KT899950.1	k141_83604	12734	84.211	399	60	434
KT899950.1	k141_83604	12734	93.525	139	9	211
KT899950.1	k141_83604	12734	73.616	307	52	188
KT899950.1	k141_6664	2567	85.498	462	57	527
KT899950.1	k141_26973	616	91.736	363	20	525
KT899950.1	k141_80529	342	94.135	341	18	523
KT899950.1	k141_80529	342	94.135	341	18	523
KT899950.1	k141_32098	1920	93.605	344	14	520
KT899950.1	k141_32098	1920	93.605	344	14	520
KT899950.1	k141_47765	987	84.100	478	40	517
KT899950.1	k141_47765	987	92.500	120	8	173
KT899950.1	k141_37424	5313	80.819	537	82	506
KT899950.1	k141_37424	5313	93.506	77	5	117
KT899950.1	k141_37424	5313	79.592	49	10	44.6
KT899950.1	k141_7172	608	81.579	532	82	506
KT899950.1	k141_100103	4278	73.318	877	203	483
KT899950.1	k141_100103	4278	73.318	877	203	483
KT899950.1	k141_100103	4278	77.580	281	61	216
KT899950.1	k141_100103	4278	77.580	281	61	216
KT899950.1	k141_100103	4278	86.667	60	8	73.4
KT899950.1	k141_100103	4278	86.667	60	8	73.4
KT899950.1	k141_45173	999	78.583	593	71	462
KT899950.1	k141_42731	1242	87.195	328	42	403
KT899950.1	k141_30592	2027	87.986	283	25	352
KT899950.1	k141_30592	2027	87.986	283	25	352
KT899950.1	k141_7135	12472	74.248	532	126	334
KT899950.1	k141_7135	12472	74.248	532	126	334
KT899950.1	k141_7135	12472	75.000	472	87	294
KT899950.1	k141_7135	12472	75.000	472	87	294
KT899950.1	k141_7135	12472	97.872	141	3	242
KT899950.1	k141_7135	12472	85.567	97	14	113
KT899950.1	k141_7135	12472	85.567	97	14	113
KT899950.1	k141_103588	2330	87.500	248	18	306
KT899950.1	k141_117738	2183	75.900	361	55	266
KT899950.1	k141_117738	2183	86.822	129	16	153
KT899950.1	k141_117738	2183	86.822	129	16	153
KT899950.1	k141_86932	666	89.412	170	18	226
KT899950.1	k141_86932	666	89.412	170	18	226
KT899950.1	k141_118421	5089	84.324	185	27	201
KT899950.1	k141_118421	5089	80.952	63	5	62.6
KT899950.1	k141_118421	5089	80.952	63	5	62.6
KT899950.1	k141_81638	733	69.545	440	132	183
KT899950.1	k141_108712	308	95.876	97	4	158
KT899950.1	k141_108712	308	95.876	97	4	158
KT899950.1	k141_48801	6770	93.137	102	7	153
KT899950.1	k141_48801	6770	93.137	102	7	153
KT899950.1	k141_18127	567	76.650	197	20	150
KT899950.1	k141_18127	567	76.650	197	20	150
KT899950.1	k141_794	380	92.079	101	5	145
KT899950.1	k141_96108	2304	89.524	105	11	141
KT899950.1	k141_96108	2304	75.833	120	15	90.6
KT899950.1	k141_96108	2304	83.051	59	10	62.6
KT899950.1	k141_30010	667	86.726	113	15	137
KT899950.1	k141_21604	666	89.655	87	8	113
KT899950.1	k141_21604	666	89.655	87	8	113
KT899950.1	k141_110612	1943	71.204	191	55	97.8
KT899950.1	k141_110612	1943	71.204	191	55	97.8
KT899950.1	k141_65796	335	96.552	58	2	96.9
KT899950.1	k141_65796	335	96.552	58	2	96.9
KT899950.1	k141_70431	304	93.548	62	4	95.1
KT899950.1	k141_70431	304	93.548	62	4	95.1
KT899950.1	k141_64088	336	88.235	68	8	87.8
KT899950.1	k141_118180	316	94.444	54	3	85.1
KT899950.1	k141_118180	316	94.444	54	3	85.1
KT899950.1	k141_7634	8619	77.391	115	23	85.1
KT899950.1	k141_7634	8619	77.391	115	23	85.1
KT899950.1	k141_7634	8619	81.250	64	12	62.6
KT899950.1	k141_7634	8619	81.250	64	12	62.6
KT899950.1	k141_7634	8619	71.845	103	27	53.6
KT899950.1	k141_7634	8619	71.845	103	27	53.6
KT899950.1	k141_106890	484	83.333	78	13	83.3
KT899950.1	k141_106890	484	83.333	78	13	83.3
KT899950.1	k141_56964	799	86.111	72	9	82.4
KT899950.1	k141_42921	385	88.525	61	7	79.7
KT899950.1	k141_42921	385	88.525	61	7	79.7
KT899950.1	k141_12855	383	78.652	89	19	76.1
KT899950.1	k141_61991	9859	74.545	110	28	73.4
KT899950.1	k141_61991	9859	81.579	76	9	70.7
KT899950.1	k141_76264	1013	88.462	52	6	68.0
KT899950.1	k141_76264	1013	87.805	41	5	52.7
GU191334.1	k141_31478	21235	84.845	2679	264	2927
GU191334.1	k141_31478	21235	84.845	2679	264	2927
GU191334.1	k141_31478	21235	87.788	1908	166	2388
GU191334.1	k141_31478	21235	87.788	1908	166	2388
GU191334.1	k141_31478	21235	85.668	1849	193	2097
GU191334.1	k141_31478	21235	85.668	1849	193	2097
GU191334.1	k141_31478	21235	79.512	942	148	816
GU191334.1	k141_31478	21235	79.512	942	148	816
GU191334.1	k141_31478	21235	76.126	666	152	473
GU191334.1	k141_31478	21235	71.756	524	148	279
GU191334.1	k141_31478	21235	73.913	437	111	269
GU191334.1	k141_31478	21235	70.881	522	139	255
GU191334.1	k141_31478	21235	79.032	310	61	252
GU191334.1	k141_31478	21235	77.315	216	49	169
GU191334.1	k141_31478	21235	79.670	182	37	162
GU191334.1	k141_31478	21235	70.112	358	96	133
GU191334.1	k141_31478	21235	95.946	74	3	121
GU191334.1	k141_31478	21235	95.946	74	3	121
GU191334.1	k141_31478	21235	89.286	84	9	112
GU191334.1	k141_31478	21235	90.667	75	7	104
GU191334.1	k141_31478	21235	90.667	75	7	104
GU191334.1	k141_31478	21235	85.526	76	11	88.7
GU191334.1	k141_31478	21235	78.947	95	19	78.8
GU191334.1	k141_31478	21235	86.667	45	6	55.4
GU191334.1	k141_42345	38200	82.710	2458	422	2507
GU191334.1	k141_42345	38200	82.651	2346	407	2397
GU191334.1	k141_42345	38200	87.672	1087	132	1354
GU191334.1	k141_42345	38200	68.083	3719	1029	1214
GU191334.1	k141_42345	38200	74.738	1718	394	1124
GU191334.1	k141_42345	38200	70.588	1224	321	557
GU191334.1	k141_42345	38200	76.869	709	158	527
GU191334.1	k141_42345	38200	70.144	1112	305	502
GU191334.1	k141_42345	38200	69.757	701	202	291
GU191334.1	k141_42345	38200	82.490	257	41	260
GU191334.1	k141_42345	38200	67.164	670	216	203
GU191334.1	k141_42345	38200	77.660	188	42	150
GU191334.1	k141_42345	38200	81.507	146	18	137
GU191334.1	k141_42345	38200	82.308	130	23	132
GU191334.1	k141_42345	38200	92.771	83	6	123
GU191334.1	k141_42345	38200	94.667	75	4	118
GU191334.1	k141_42345	38200	92.405	79	6	116
GU191334.1	k141_42345	38200	83.333	108	13	110
GU191334.1	k141_42345	38200	88.235	85	8	106
GU191334.1	k141_42345	38200	91.781	73	6	105
GU191334.1	k141_42345	38200	77.273	132	30	104
GU191334.1	k141_42345	38200	81.651	109	19	104
GU191334.1	k141_42345	38200	77.778	126	28	102
GU191334.1	k141_42345	38200	90.411	73	7	101
GU191334.1	k141_42345	38200	75.325	154	23	94.2
GU191334.1	k141_42345	38200	88.406	69	8	89.7
GU191334.1	k141_42345	38200	81.176	85	16	82.4
GU191334.1	k141_42345	38200	85.484	62	8	68.9
GU191334.1	k141_42345	38200	76.744	86	20	66.2
GU191334.1	k141_42345	38200	79.661	59	12	53.6
GU191334.1	k141_6567	41110	80.834	2327	444	2179
GU191334.1	k141_6567	41110	80.974	1540	291	1450
GU191334.1	k141_6567	41110	82.055	1421	255	1414
GU191334.1	k141_6567	41110	78.320	1702	363	1389
GU191334.1	k141_6567	41110	81.754	707	126	683
GU191334.1	k141_6567	41110	75.585	897	210	608
GU191334.1	k141_6567	41110	73.312	918	214	539
GU191334.1	k141_6567	41110	75.607	783	158	536
GU191334.1	k141_6567	41110	81.183	558	98	522
GU191334.1	k141_6567	41110	74.519	624	118	397
GU191334.1	k141_6567	41110	77.282	471	107	368
GU191334.1	k141_6567	41110	66.960	1138	317	330
GU191334.1	k141_6567	41110	75.314	478	110	320
GU191334.1	k141_6567	41110	67.694	941	266	303
GU191334.1	k141_6567	41110	73.041	434	106	248
GU191334.1	k141_6567	41110	72.222	414	111	224
GU191334.1	k141_6567	41110	78.261	207	37	169
GU191334.1	k141_6567	41110	71.479	284	81	148
GU191334.1	k141_6567	41110	66.814	452	106	148
GU191334.1	k141_6567	41110	68.298	429	128	141
GU191334.1	k141_6567	41110	80.667	150	29	141
GU191334.1	k141_6567	41110	71.473	319	64	141
GU191334.1	k141_6567	41110	96.053	76	3	124
GU191334.1	k141_6567	41110	98.551	69	1	121
GU191334.1	k141_6567	41110	90.909	88	7	120
GU191334.1	k141_6567	41110	79.412	136	28	120
GU191334.1	k141_6567	41110	78.626	131	21	108
GU191334.1	k141_6567	41110	79.487	117	24	104
GU191334.1	k141_6567	41110	92.754	69	5	103
GU191334.1	k141_6567	41110	71.491	228	40	96.9
GU191334.1	k141_6567	41110	66.776	304	101	94.2
GU191334.1	k141_6567	41110	74.815	135	31	89.7
GU191334.1	k141_6567	41110	71.271	181	50	86.0
GU191334.1	k141_6567	41110	65.297	219	32	75.2
GU191334.1	k141_6567	41110	88.889	54	4	68.9
GU191334.1	k141_6567	41110	66.204	216	73	61.7
GU191334.1	k141_6567	41110	77.778	72	16	59.0
GU191334.1	k141_6567	41110	88.636	44	5	58.1
GU191334.1	k141_6567	41110	79.032	62	13	54.5
GU191334.1	k141_6567	41110	76.389	72	17	54.5
GU191334.1	k141_6567	41110	79.661	59	12	53.6
GU191334.1	k141_6567	41110	65.476	252	79	52.7
GU191334.1	k141_83604	12734	75.419	1729	408	1177
GU191334.1	k141_83604	12734	71.210	1827	489	908
GU191334.1	k141_83604	12734	75.045	1102	267	746
GU191334.1	k141_83604	12734	74.428	1181	270	712
GU191334.1	k141_83604	12734	77.333	300	58	217
GU191334.1	k141_83604	12734	72.757	301	78	168
GU191334.1	k141_83604	12734	82.609	138	24	141
GU191334.1	k141_83604	12734	92.771	83	6	123
GU191334.1	k141_83604	12734	72.436	156	43	88.7
GU191334.1	k141_83604	12734	76.364	110	26	82.4
GU191334.1	k141_83604	12734	82.500	40	7	41.9
GU191334.1	k141_100103	4278	73.206	892	200	486
GU191334.1	k141_100103	4278	73.206	892	200	486
GU191334.1	k141_100103	4278	77.224	281	62	212
GU191334.1	k141_100103	4278	77.224	281	62	212
GU191334.1	k141_100103	4278	88.333	60	7	77.9
GU191334.1	k141_100103	4278	88.333	60	7	77.9
GU191334.1	k141_26973	616	84.789	355	44	402
GU191334.1	k141_7135	12472	74.011	531	129	326
GU191334.1	k141_7135	12472	74.011	531	129	326
GU191334.1	k141_7135	12472	74.255	470	94	282
GU191334.1	k141_7135	12472	74.255	470	94	282
GU191334.1	k141_7135	12472	89.362	141	15	187
GU191334.1	k141_7135	12472	79.104	134	26	113
GU191334.1	k141_7135	12472	79.104	134	26	113
GU191334.1	k141_6664	2567	76.676	373	79	270
GU191334.1	k141_37424	5313	74.346	382	78	252
GU191334.1	k141_37424	5313	97.297	74	2	125
GU191334.1	k141_42731	1242	77.888	303	67	245
GU191334.1	k141_81638	733	72.009	443	120	235
GU191334.1	k141_86932	666	87.647	170	21	213
GU191334.1	k141_86932	666	87.647	170	21	213
GU191334.1	k141_47765	987	73.101	316	73	189
GU191334.1	k141_32098	1920	78.744	207	38	163
GU191334.1	k141_32098	1920	78.744	207	38	163
GU191334.1	k141_108712	308	95.876	97	4	158
GU191334.1	k141_108712	308	95.876	97	4	158
GU191334.1	k141_118421	5089	77.326	172	37	132
GU191334.1	k141_45173	999	91.765	85	7	123
GU191334.1	k141_45173	999	84.211	95	11	104
GU191334.1	k141_48801	6770	89.333	75	8	100
GU191334.1	k141_48801	6770	89.333	75	8	100
GU191334.1	k141_21604	666	82.955	88	15	92.4
GU191334.1	k141_21604	666	82.955	88	15	92.4
GU191334.1	k141_70431	304	91.935	62	5	90.6
GU191334.1	k141_70431	304	91.935	62	5	90.6
GU191334.1	k141_7634	8619	78.261	115	22	89.7
GU191334.1	k141_7634	8619	78.261	115	22	89.7
GU191334.1	k141_7634	8619	81.250	64	12	62.6
GU191334.1	k141_7634	8619	81.250	64	12	62.6
GU191334.1	k141_30010	667	80.435	92	18	86.0
GU191334.1	k141_12855	383	73.282	131	35	79.7
GU191334.1	k141_61991	9859	77.778	81	18	66.2
