MZ962720.1	k141_126560	24238	91.827	4882	255	6996
MZ962720.1	k141_126560	24238	91.827	4882	255	6996
MZ962720.1	k141_126560	24238	88.922	3051	216	4003
MZ962720.1	k141_126560	24238	88.922	3051	216	4003
MZ962720.1	k141_126560	24238	89.172	2632	188	3437
MZ962720.1	k141_126560	24238	89.172	2632	188	3437
MZ962720.1	k141_126560	24238	87.272	1752	174	2145
MZ962720.1	k141_126560	24238	87.272	1752	174	2145
MZ962720.1	k141_126560	24238	85.537	1770	171	2012
MZ962720.1	k141_126560	24238	85.537	1770	171	2012
MZ962720.1	k141_126560	24238	81.714	782	73	775
MZ962720.1	k141_126560	24238	85.542	332	36	380
MZ962720.1	k141_126560	24238	85.542	332	36	380
MZ962720.1	k141_126560	24238	84.880	291	40	326
MZ962720.1	k141_126560	24238	84.880	291	40	326
MZ962720.1	k141_126560	24238	76.684	386	50	296
MZ962720.1	k141_126560	24238	76.684	386	50	296
MZ962720.1	k141_126560	24238	84.252	254	28	276
MZ962720.1	k141_126560	24238	84.252	254	28	276
MZ962720.1	k141_126560	24238	75.131	382	54	249
MZ962720.1	k141_126560	24238	75.131	382	54	249
MZ962720.1	k141_126560	24238	81.781	247	28	245
MZ962720.1	k141_126560	24238	87.778	180	22	226
MZ962720.1	k141_126560	24238	87.778	180	22	226
MZ962720.1	k141_126560	24238	76.923	130	23	88.7
MZ962720.1	k141_126560	24238	76.923	130	23	88.7
MZ962720.1	k141_126560	24238	97.619	42	1	72.5
MZ962720.1	k141_126560	24238	97.619	42	1	72.5
MZ962720.1	k141_126560	24238	94.595	37	2	59.0
MZ962720.1	k141_11081	82315	78.032	8253	1508	6629
MZ962720.1	k141_11081	82315	87.161	5242	613	6379
MZ962720.1	k141_11081	82315	79.833	4671	652	4065
MZ962720.1	k141_11081	82315	91.175	2493	220	3505
MZ962720.1	k141_11081	82315	80.514	2530	424	2304
MZ962720.1	k141_11081	82315	83.685	1992	310	2110
MZ962720.1	k141_11081	82315	85.336	1623	203	1855
MZ962720.1	k141_11081	82315	78.956	1934	364	1616
MZ962720.1	k141_11081	82315	79.833	1800	295	1599
MZ962720.1	k141_11081	82315	90.198	1112	109	1515
MZ962720.1	k141_11081	82315	74.384	2190	348	1365
MZ962720.1	k141_11081	82315	74.227	2037	439	1254
MZ962720.1	k141_11081	82315	75.733	1603	316	1100
MZ962720.1	k141_11081	82315	81.927	1090	145	1071
MZ962720.1	k141_11081	82315	85.641	780	107	898
MZ962720.1	k141_11081	82315	78.818	1015	150	839
MZ962720.1	k141_11081	82315	68.351	2038	483	734
MZ962720.1	k141_11081	82315	72.204	1198	237	629
MZ962720.1	k141_11081	82315	80.273	659	116	598
MZ962720.1	k141_11081	82315	74.645	986	163	586
MZ962720.1	k141_11081	82315	73.855	830	157	492
MZ962720.1	k141_11081	82315	85.060	415	57	456
MZ962720.1	k141_11081	82315	74.165	689	93	432
MZ962720.1	k141_11081	82315	79.668	482	60	417
MZ962720.1	k141_11081	82315	70.697	976	160	409
MZ962720.1	k141_11081	82315	75.752	565	137	402
MZ962720.1	k141_11081	82315	75.752	565	137	402
MZ962720.1	k141_11081	82315	70.608	905	219	395
MZ962720.1	k141_11081	82315	72.169	733	152	360
MZ962720.1	k141_11081	82315	68.467	926	224	348
MZ962720.1	k141_11081	82315	74.621	528	93	332
MZ962720.1	k141_11081	82315	75.661	378	53	285
MZ962720.1	k141_11081	82315	84.146	246	34	264
MZ962720.1	k141_11081	82315	74.872	390	87	263
MZ962720.1	k141_11081	82315	79.392	296	49	257
MZ962720.1	k141_11081	82315	74.020	408	67	244
MZ962720.1	k141_11081	82315	82.114	246	38	242
MZ962720.1	k141_11081	82315	74.531	373	60	236
MZ962720.1	k141_11081	82315	83.810	210	25	230
MZ962720.1	k141_11081	82315	83.810	210	25	230
MZ962720.1	k141_11081	82315	63.884	1210	263	225
MZ962720.1	k141_11081	82315	73.816	359	92	217
MZ962720.1	k141_11081	82315	71.395	423	73	212
MZ962720.1	k141_11081	82315	71.395	423	73	212
MZ962720.1	k141_11081	82315	89.610	154	11	197
MZ962720.1	k141_11081	82315	84.066	182	28	195
MZ962720.1	k141_11081	82315	78.814	236	31	187
MZ962720.1	k141_11081	82315	84.302	172	26	186
MZ962720.1	k141_11081	82315	80.296	203	32	185
MZ962720.1	k141_11081	82315	80.296	203	32	185
MZ962720.1	k141_11081	82315	84.302	172	23	184
MZ962720.1	k141_11081	82315	74.324	296	48	181
MZ962720.1	k141_11081	82315	83.333	174	25	178
MZ962720.1	k141_11081	82315	76.371	237	49	173
MZ962720.1	k141_11081	82315	82.857	175	13	169
MZ962720.1	k141_11081	82315	78.325	203	41	167
MZ962720.1	k141_11081	82315	83.226	155	26	163
MZ962720.1	k141_11081	82315	87.879	132	13	160
MZ962720.1	k141_11081	82315	98.864	88	1	155
MZ962720.1	k141_11081	82315	80.368	163	32	150
MZ962720.1	k141_11081	82315	95.455	88	4	141
MZ962720.1	k141_11081	82315	98.750	80	1	141
MZ962720.1	k141_11081	82315	98.750	80	1	141
MZ962720.1	k141_11081	82315	83.459	133	16	138
MZ962720.1	k141_11081	82315	66.375	571	170	131
MZ962720.1	k141_11081	82315	76.720	189	34	130
MZ962720.1	k141_11081	82315	76.720	189	34	130
MZ962720.1	k141_11081	82315	92.135	89	7	130
MZ962720.1	k141_11081	82315	77.160	162	37	126
MZ962720.1	k141_11081	82315	77.215	158	36	123
MZ962720.1	k141_11081	82315	96.000	75	3	123
MZ962720.1	k141_11081	82315	90.000	90	9	123
MZ962720.1	k141_11081	82315	85.047	107	14	119
MZ962720.1	k141_11081	82315	94.805	77	3	118
MZ962720.1	k141_11081	82315	75.439	171	27	115
MZ962720.1	k141_11081	82315	75.439	171	27	115
MZ962720.1	k141_11081	82315	68.308	325	87	110
MZ962720.1	k141_11081	82315	90.909	77	7	108
MZ962720.1	k141_11081	82315	80.172	116	23	106
MZ962720.1	k141_11081	82315	80.172	116	23	106
MZ962720.1	k141_11081	82315	87.059	85	10	101
MZ962720.1	k141_11081	82315	81.915	94	17	94.2
MZ962720.1	k141_11081	82315	89.041	73	7	93.3
MZ962720.1	k141_11081	82315	77.876	113	25	92.4
MZ962720.1	k141_11081	82315	77.876	113	25	92.4
MZ962720.1	k141_11081	82315	79.592	98	14	88.7
MZ962720.1	k141_11081	82315	79.592	98	14	88.7
MZ962720.1	k141_11081	82315	80.899	89	17	85.1
MZ962720.1	k141_11081	82315	80.899	89	17	85.1
MZ962720.1	k141_11081	82315	80.899	89	17	85.1
MZ962720.1	k141_11081	82315	75.439	114	26	73.4
MZ962720.1	k141_11081	82315	86.667	60	8	73.4
MZ962720.1	k141_11081	82315	79.412	68	14	60.8
MZ962720.1	k141_11081	82315	79.412	68	14	60.8
MZ962720.1	k141_11081	82315	68.047	169	52	55.4
MZ962720.1	k141_11081	82315	77.612	67	15	54.5
MZ962720.1	k141_11081	82315	77.612	67	15	54.5
MZ962720.1	k141_11081	82315	82.353	51	9	52.7
MZ962720.1	k141_11081	82315	82.353	51	9	52.7
MZ962720.1	k141_11081	82315	77.273	66	15	52.7
MZ962720.1	k141_136735	18800	81.076	4370	635	4096
MZ962720.1	k141_136735	18800	81.076	4370	635	4096
MZ962720.1	k141_136735	18800	79.040	1937	380	1642
MZ962720.1	k141_136735	18800	75.998	2279	498	1612
MZ962720.1	k141_136735	18800	84.354	588	91	643
MZ962720.1	k141_136735	18800	84.354	588	91	643
MZ962720.1	k141_136735	18800	73.402	970	214	572
MZ962720.1	k141_136735	18800	79.787	376	71	327
MZ962720.1	k141_136735	18800	91.860	86	6	121
MZ962720.1	k141_134059	9232	70.823	1155	273	518
MZ962720.1	k141_134059	9232	70.823	1155	273	518
MZ962720.1	k141_134059	9232	64.981	514	153	100
MZ962720.1	k141_134059	9232	64.981	514	153	100
MZ962720.1	k141_134059	9232	82.474	97	16	96.0
MZ962720.1	k141_134059	9232	82.474	97	16	96.0
MZ962720.1	k141_131185	29018	71.380	884	215	416
MZ962720.1	k141_131185	29018	71.380	884	215	416
MZ962720.1	k141_131185	29018	88.525	61	7	79.7
MZ962720.1	k141_131185	29018	88.525	61	7	79.7
MZ962720.1	k141_131185	29018	88.525	61	7	79.7
MZ962720.1	k141_47945	4313	92.199	282	21	407
MZ962720.1	k141_47945	4313	90.854	164	15	229
MZ962720.1	k141_91423	312	85.000	320	17	371
MZ962720.1	k141_56722	15043	74.802	504	76	311
MZ962720.1	k141_56722	15043	81.143	175	29	162
MZ962720.1	k141_117460	12233	65.815	822	242	206
MZ962720.1	k141_117460	12233	96.341	82	3	135
MZ962720.1	k141_117460	12233	96.341	82	3	135
MZ962720.1	k141_35637	8420	94.505	91	5	142
MZ962720.1	k141_80454	1754	97.500	80	2	136
MZ962720.1	k141_80454	1754	97.500	80	2	136
MZ962720.1	k141_104537	578	80.992	121	23	115
MZ962720.1	k141_57175	372	84.466	103	16	114
MZ962720.1	k141_47643	315	91.781	73	6	105
MZ962720.1	k141_85818	5816	76.642	137	31	100
MZ962720.1	k141_85818	5816	88.525	61	7	79.7
MZ962720.1	k141_85818	5816	88.525	61	7	79.7
MZ962720.1	k141_85818	5816	88.525	61	7	79.7
MZ962720.1	k141_107786	831	93.846	65	4	100
MZ962720.1	k141_107786	831	93.846	65	4	100
MZ962720.1	k141_61291	826	88.000	75	9	96.0
MZ962720.1	k141_42364	2942	70.950	179	48	84.2
MZ962720.1	k141_42364	2942	70.950	179	48	84.2
MZ962720.1	k141_46633	752	80.682	88	17	83.3
MZ962720.1	k141_108300	388	86.364	66	9	79.7
MZ962720.1	k141_49685	3996	71.852	135	34	68.0
MZ962720.1	k141_80879	547	88.000	50	6	64.4
MZ962720.1	k141_80879	547	88.000	50	6	64.4
MZ962720.1	k141_105301	310	79.730	74	14	63.5
MZ962720.1	k141_105301	310	79.730	74	14	63.5
MZ962720.1	k141_108755	309	89.130	46	5	61.7
MZ962720.1	k141_108755	309	89.130	46	5	61.7
MZ962720.1	k141_112193	777	83.333	54	9	58.1
MZ962720.1	k141_75796	467	86.667	45	6	55.4
MZ962720.1	k141_35530	454	89.744	39	4	53.6
MZ962720.1	k141_35530	454	89.744	39	4	53.6
MZ962720.1	k141_150818	488	82.927	41	7	43.7
MH569081.1	k141_126560	24238	91.901	5976	310	8554
MH569081.1	k141_126560	24238	91.901	5976	310	8554
MH569081.1	k141_126560	24238	91.256	4506	258	6333
MH569081.1	k141_126560	24238	91.256	4506	258	6333
MH569081.1	k141_126560	24238	89.382	2298	126	3021
MH569081.1	k141_126560	24238	89.382	2298	126	3021
MH569081.1	k141_126560	24238	89.985	2047	181	2745
MH569081.1	k141_126560	24238	89.985	2047	181	2745
MH569081.1	k141_126560	24238	80.813	886	136	822
MH569081.1	k141_126560	24238	80.813	886	136	822
MH569081.1	k141_126560	24238	78.638	852	118	698
MH569081.1	k141_126560	24238	78.638	852	118	698
MH569081.1	k141_126560	24238	78.963	675	88	568
MH569081.1	k141_126560	24238	78.963	675	88	568
MH569081.1	k141_126560	24238	81.489	470	49	450
MH569081.1	k141_126560	24238	81.489	470	49	450
MH569081.1	k141_126560	24238	77.261	387	32	339
MH569081.1	k141_126560	24238	77.261	387	32	339
MH569081.1	k141_126560	24238	84.615	130	15	141
MH569081.1	k141_126560	24238	84.615	130	15	141
MH569081.1	k141_126560	24238	78.431	102	17	81.5
MH569081.1	k141_126560	24238	94.340	53	2	79.7
MH569081.1	k141_126560	24238	94.340	53	2	79.7
MH569081.1	k141_126560	24238	95.238	42	2	68.0
MH569081.1	k141_126560	24238	95.238	42	2	68.0
MH569081.1	k141_126560	24238	92.308	39	3	58.1
MH569081.1	k141_11081	82315	87.151	5440	632	6594
MH569081.1	k141_11081	82315	78.077	7417	1211	5901
MH569081.1	k141_11081	82315	80.929	3702	617	3511
MH569081.1	k141_11081	82315	88.566	2580	291	3314
MH569081.1	k141_11081	82315	79.323	3337	594	2909
MH569081.1	k141_11081	82315	81.125	2347	377	2232
MH569081.1	k141_11081	82315	83.212	1924	304	2000
MH569081.1	k141_11081	82315	87.566	1512	188	1880
MH569081.1	k141_11081	82315	83.170	1735	254	1784
MH569081.1	k141_11081	82315	85.617	1467	158	1702
MH569081.1	k141_11081	82315	79.227	1940	343	1637
MH569081.1	k141_11081	82315	80.430	1768	278	1632
MH569081.1	k141_11081	82315	77.004	2083	300	1538
MH569081.1	k141_11081	82315	72.881	2242	510	1269
MH569081.1	k141_11081	82315	76.740	1595	286	1191
MH569081.1	k141_11081	82315	84.676	1018	121	1120
MH569081.1	k141_11081	82315	70.837	2270	517	1038
MH569081.1	k141_11081	82315	75.857	1255	223	880
MH569081.1	k141_11081	82315	73.353	1381	242	729
MH569081.1	k141_11081	82315	77.140	958	134	687
MH569081.1	k141_11081	82315	79.780	727	127	636
MH569081.1	k141_11081	82315	82.862	566	94	582
MH569081.1	k141_11081	82315	77.061	667	103	496
MH569081.1	k141_11081	82315	68.296	1391	293	492
MH569081.1	k141_11081	82315	74.633	682	122	393
MH569081.1	k141_11081	82315	72.448	715	115	390
MH569081.1	k141_11081	82315	87.342	316	36	389
MH569081.1	k141_11081	82315	87.266	267	28	330
MH569081.1	k141_11081	82315	72.174	575	131	311
MH569081.1	k141_11081	82315	71.017	659	116	292
MH569081.1	k141_11081	82315	71.726	672	116	283
MH569081.1	k141_11081	82315	84.030	263	38	280
MH569081.1	k141_11081	82315	77.839	361	55	260
MH569081.1	k141_11081	82315	82.331	266	36	251
MH569081.1	k141_11081	82315	77.848	316	58	248
MH569081.1	k141_11081	82315	77.848	316	58	248
MH569081.1	k141_11081	82315	93.151	146	10	219
MH569081.1	k141_11081	82315	83.415	205	33	214
MH569081.1	k141_11081	82315	76.512	281	66	210
MH569081.1	k141_11081	82315	80.426	235	32	203
MH569081.1	k141_11081	82315	74.013	304	54	188
MH569081.1	k141_11081	82315	79.803	203	41	182
MH569081.1	k141_11081	82315	76.824	233	54	178
MH569081.1	k141_11081	82315	76.957	230	52	173
MH569081.1	k141_11081	82315	96.809	94	3	157
MH569081.1	k141_11081	82315	96.667	90	3	150
MH569081.1	k141_11081	82315	79.070	172	36	149
MH569081.1	k141_11081	82315	100.000	80	0	145
MH569081.1	k141_11081	82315	100.000	80	0	145
MH569081.1	k141_11081	82315	84.167	120	19	132
MH569081.1	k141_11081	82315	90.110	91	9	124
MH569081.1	k141_11081	82315	76.364	165	39	123
MH569081.1	k141_11081	82315	91.765	85	7	123
MH569081.1	k141_11081	82315	73.039	204	55	121
MH569081.1	k141_11081	82315	97.101	69	2	116
MH569081.1	k141_11081	82315	92.000	75	6	109
MH569081.1	k141_11081	82315	74.051	158	41	101
MH569081.1	k141_11081	82315	90.278	72	7	99.6
MH569081.1	k141_11081	82315	91.304	69	6	98.7
MH569081.1	k141_11081	82315	70.408	196	33	97.8
MH569081.1	k141_11081	82315	85.897	78	10	88.7
MH569081.1	k141_11081	82315	95.556	45	2	73.4
MH569081.1	k141_11081	82315	95.556	45	2	73.4
MH569081.1	k141_11081	82315	80.000	70	14	64.4
MH569081.1	k141_11081	82315	81.633	49	9	49.1
MH569081.1	k141_136735	18800	77.931	4359	725	3459
MH569081.1	k141_136735	18800	81.823	1931	324	1893
MH569081.1	k141_136735	18800	76.160	2328	476	1669
MH569081.1	k141_136735	18800	75.505	1139	226	777
MH569081.1	k141_136735	18800	78.885	592	118	489
MH569081.1	k141_136735	18800	77.138	538	84	407
MH569081.1	k141_136735	18800	82.586	379	64	384
MH569081.1	k141_136735	18800	82.836	134	20	132
MH569081.1	k141_136735	18800	68.513	343	85	117
MH569081.1	k141_136735	18800	68.513	343	85	117
MH569081.1	k141_136735	18800	93.617	47	2	68.9
MH569081.1	k141_136735	18800	93.617	47	2	68.9
MH569081.1	k141_136735	18800	90.476	42	4	59.0
MH569081.1	k141_134059	9232	71.069	1151	273	521
MH569081.1	k141_134059	9232	71.069	1151	273	521
MH569081.1	k141_134059	9232	75.120	209	50	136
MH569081.1	k141_134059	9232	75.120	209	50	136
MH569081.1	k141_134059	9232	80.412	97	19	90.6
MH569081.1	k141_134059	9232	80.412	97	19	90.6
MH569081.1	k141_134059	9232	71.338	157	40	72.5
MH569081.1	k141_134059	9232	71.338	157	40	72.5
MH569081.1	k141_56722	15043	73.556	900	159	514
MH569081.1	k141_131185	29018	71.918	876	217	439
MH569081.1	k141_131185	29018	71.918	876	217	439
MH569081.1	k141_131185	29018	90.164	61	6	84.2
MH569081.1	k141_131185	29018	90.164	61	6	84.2
MH569081.1	k141_47945	4313	89.716	282	28	375
MH569081.1	k141_47945	4313	90.854	164	15	229
MH569081.1	k141_117460	12233	72.960	429	108	241
MH569081.1	k141_117460	12233	97.561	82	2	140
MH569081.1	k141_117460	12233	97.561	82	2	140
MH569081.1	k141_117460	12233	75.281	89	22	62.6
MH569081.1	k141_4895	2397	78.545	275	46	229
MH569081.1	k141_107786	831	90.090	111	11	151
MH569081.1	k141_107786	831	90.090	111	11	151
MH569081.1	k141_35637	8420	92.473	93	7	137
MH569081.1	k141_80454	1754	95.294	85	4	136
MH569081.1	k141_80454	1754	95.294	85	4	136
MH569081.1	k141_57175	372	87.500	104	13	130
MH569081.1	k141_104537	578	80.342	117	23	108
MH569081.1	k141_85818	5816	77.692	130	29	104
MH569081.1	k141_85818	5816	90.164	61	6	84.2
MH569081.1	k141_85818	5816	90.164	61	6	84.2
MH569081.1	k141_47643	315	90.541	74	7	103
MH569081.1	k141_61291	826	88.000	75	9	96.0
MH569081.1	k141_42364	2942	71.508	179	47	88.7
MH569081.1	k141_42364	2942	71.508	179	47	88.7
MH569081.1	k141_108300	388	85.714	70	10	82.4
MH569081.1	k141_46633	752	80.233	86	17	79.7
MH569081.1	k141_80879	547	92.000	50	4	73.4
MH569081.1	k141_80879	547	92.000	50	4	73.4
MH569081.1	k141_95818	465	94.872	39	2	62.6
MH569081.1	k141_95818	465	94.872	39	2	62.6
MH569081.1	k141_49685	3996	73.832	107	26	60.8
MH569081.1	k141_108755	309	83.636	55	9	59.9
MH569081.1	k141_108755	309	83.636	55	9	59.9
MH569081.1	k141_35530	454	89.744	39	4	53.6
MH569081.1	k141_35530	454	89.744	39	4	53.6
NC_033978.1	k141_11081	82315	83.508	14110	1801	14961
NC_033978.1	k141_11081	82315	80.428	10009	1187	9175
NC_033978.1	k141_11081	82315	90.911	5809	422	8093
NC_033978.1	k141_11081	82315	84.541	4651	481	5154
NC_033978.1	k141_11081	82315	83.012	4662	566	4874
NC_033978.1	k141_11081	82315	88.623	3173	263	4066
NC_033978.1	k141_11081	82315	84.949	2950	300	3350
NC_033978.1	k141_11081	82315	80.564	2624	356	2433
NC_033978.1	k141_11081	82315	85.009	2108	213	2344
NC_033978.1	k141_11081	82315	82.729	2235	269	2279
NC_033978.1	k141_11081	82315	78.822	2564	359	2167
NC_033978.1	k141_11081	82315	78.065	2480	441	1996
NC_033978.1	k141_11081	82315	92.730	1293	75	1908
NC_033978.1	k141_11081	82315	82.473	1666	231	1690
NC_033978.1	k141_11081	82315	89.762	1133	84	1500
NC_033978.1	k141_11081	82315	76.292	1780	241	1269
NC_033978.1	k141_11081	82315	80.473	1142	158	1041
NC_033978.1	k141_11081	82315	81.810	1061	124	998
NC_033978.1	k141_11081	82315	76.263	1386	183	964
NC_033978.1	k141_11081	82315	78.992	1171	154	951
NC_033978.1	k141_11081	82315	77.555	1096	149	838
NC_033978.1	k141_11081	82315	73.937	1270	193	774
NC_033978.1	k141_11081	82315	80.300	467	47	433
NC_033978.1	k141_11081	82315	73.828	661	84	412
NC_033978.1	k141_11081	82315	70.142	844	124	407
NC_033978.1	k141_11081	82315	71.060	698	107	371
NC_033978.1	k141_11081	82315	72.145	578	109	288
NC_033978.1	k141_11081	82315	75.350	357	41	259
NC_033978.1	k141_11081	82315	77.778	315	42	251
NC_033978.1	k141_11081	82315	78.058	278	29	238
NC_033978.1	k141_11081	82315	77.199	307	43	218
NC_033978.1	k141_11081	82315	67.541	610	111	196
NC_033978.1	k141_11081	82315	82.418	182	23	175
NC_033978.1	k141_11081	82315	83.230	161	7	174
NC_033978.1	k141_11081	82315	98.824	85	1	150
NC_033978.1	k141_11081	82315	75.393	191	32	138
NC_033978.1	k141_11081	82315	81.746	126	23	124
NC_033978.1	k141_11081	82315	75.625	160	39	113
NC_033978.1	k141_11081	82315	97.826	46	1	79.7
NC_033978.1	k141_11081	82315	97.561	41	1	70.7
NC_033978.1	k141_11081	82315	97.561	41	1	70.7
NC_033978.1	k141_11081	82315	97.500	40	1	68.9
NC_033978.1	k141_11081	82315	86.792	53	7	65.3
NC_033978.1	k141_11081	82315	75.758	66	16	48.2
NC_033978.1	k141_126560	24238	95.171	5674	157	8968
NC_033978.1	k141_126560	24238	95.171	5674	157	8968
NC_033978.1	k141_126560	24238	92.884	5748	289	8563
NC_033978.1	k141_126560	24238	92.884	5748	289	8563
NC_033978.1	k141_126560	24238	93.844	4792	173	7350
NC_033978.1	k141_126560	24238	93.844	4792	173	7350
NC_033978.1	k141_126560	24238	95.419	3034	91	4821
NC_033978.1	k141_126560	24238	95.419	3034	91	4821
NC_033978.1	k141_126560	24238	92.026	2972	153	4332
NC_033978.1	k141_126560	24238	92.473	2883	148	4257
NC_033978.1	k141_126560	24238	86.593	992	60	1197
NC_033978.1	k141_126560	24238	86.593	992	60	1197
NC_033978.1	k141_126560	24238	93.333	780	49	1171
NC_033978.1	k141_126560	24238	93.333	780	49	1171
NC_033978.1	k141_126560	24238	100.000	39	0	71.6
NC_033978.1	k141_126560	24238	92.857	42	3	63.5
NC_033978.1	k141_126560	24238	86.842	38	5	47.3
NC_033978.1	k141_136735	18800	81.848	4600	572	4512
NC_033978.1	k141_136735	18800	83.382	3394	440	3542
NC_033978.1	k141_136735	18800	79.805	2565	418	2291
NC_033978.1	k141_136735	18800	77.981	1476	242	1168
NC_033978.1	k141_136735	18800	69.759	1908	378	862
NC_033978.1	k141_136735	18800	86.914	512	55	615
NC_033978.1	k141_136735	18800	86.914	512	55	615
NC_033978.1	k141_136735	18800	75.160	781	135	529
NC_033978.1	k141_136735	18800	74.477	478	106	305
NC_033978.1	k141_136735	18800	82.427	239	29	236
NC_033978.1	k141_136735	18800	92.199	141	11	205
NC_033978.1	k141_136735	18800	92.199	141	11	205
NC_033978.1	k141_136735	18800	66.191	491	106	133
NC_033978.1	k141_136735	18800	97.436	39	1	67.1
NC_033978.1	k141_136735	18800	97.436	39	1	67.1
NC_033978.1	k141_136735	18800	92.857	42	3	63.5
NC_033978.1	k141_56722	15043	74.231	1203	201	713
NC_033978.1	k141_131185	29018	72.418	881	204	453
NC_033978.1	k141_131185	29018	72.418	881	204	453
NC_033978.1	k141_131185	29018	78.788	264	54	217
NC_033978.1	k141_131185	29018	78.788	264	54	217
NC_033978.1	k141_131185	29018	86.885	61	8	75.2
NC_033978.1	k141_131185	29018	86.885	61	8	75.2
NC_033978.1	k141_131185	29018	87.037	54	7	67.1
NC_033978.1	k141_131185	29018	78.723	47	10	41.0
NC_033978.1	k141_47945	4313	92.553	282	20	411
NC_033978.1	k141_47945	4313	93.293	164	11	247
NC_033978.1	k141_4895	2397	88.571	280	32	361
NC_033978.1	k141_134059	9232	74.812	532	123	348
NC_033978.1	k141_134059	9232	74.812	532	123	348
NC_033978.1	k141_134059	9232	74.946	467	95	286
NC_033978.1	k141_134059	9232	74.946	467	95	286
NC_033978.1	k141_134059	9232	65.637	518	145	113
NC_033978.1	k141_134059	9232	65.637	518	145	113
NC_033978.1	k141_117460	12233	66.667	786	217	224
NC_033978.1	k141_117460	12233	97.561	82	2	140
NC_033978.1	k141_125240	886	95.200	125	6	199
NC_033978.1	k141_125240	886	95.200	125	6	199
NC_033978.1	k141_100513	10261	80.000	210	36	187
NC_033978.1	k141_100513	10261	74.667	75	19	50.9
NC_033978.1	k141_107786	831	96.396	111	4	183
NC_033978.1	k141_107786	831	96.396	111	4	183
NC_033978.1	k141_104537	578	91.453	117	10	167
NC_033978.1	k141_57175	372	95.192	104	5	166
NC_033978.1	k141_85818	5816	86.232	138	19	164
NC_033978.1	k141_85818	5816	86.885	61	8	75.2
NC_033978.1	k141_85818	5816	86.885	61	8	75.2
NC_033978.1	k141_35637	8420	87.097	124	16	152
NC_033978.1	k141_80454	1754	98.795	83	1	146
NC_033978.1	k141_80454	1754	98.795	83	1	146
NC_033978.1	k141_47643	315	97.297	74	2	125
NC_033978.1	k141_46633	752	90.000	90	9	123
NC_033978.1	k141_108300	388	92.857	70	5	104
NC_033978.1	k141_35635	356	91.026	78	4	104
NC_033978.1	k141_35635	356	91.026	78	4	104
NC_033978.1	k141_95818	465	95.082	61	3	97.8
NC_033978.1	k141_61291	826	86.667	75	10	91.5
NC_033978.1	k141_42364	2942	71.429	182	48	89.7
NC_033978.1	k141_42364	2942	71.429	182	48	89.7
NC_033978.1	k141_80879	547	94.000	50	3	77.9
NC_033978.1	k141_80879	547	94.000	50	3	77.9
NC_033978.1	k141_112193	777	90.741	54	5	76.1
NC_033978.1	k141_75796	467	90.566	53	5	74.3
NC_033978.1	k141_49685	3996	78.750	80	17	68.9
NC_033978.1	k141_108755	309	87.273	55	7	68.9
NC_033978.1	k141_108755	309	87.273	55	7	68.9
NC_033978.1	k141_109416	571	89.362	47	5	63.5
NC_033978.1	k141_109416	571	89.362	47	5	63.5
NC_033978.1	k141_138960	6479	87.755	49	6	62.6
NC_033978.1	k141_138960	6479	87.755	49	6	62.6
NC_033978.1	k141_5860	621	80.303	66	13	61.7
NC_033978.1	k141_35530	454	89.744	39	4	53.6
NC_033978.1	k141_35530	454	89.744	39	4	53.6
MW006668.1	k141_11081	82315	83.177	9505	1284	9901
MW006668.1	k141_11081	82315	91.119	5551	426	7763
MW006668.1	k141_11081	82315	84.897	4648	511	5196
MW006668.1	k141_11081	82315	86.020	4063	354	4771
MW006668.1	k141_11081	82315	81.641	4363	542	4257
MW006668.1	k141_11081	82315	84.441	3792	373	4195
MW006668.1	k141_11081	82315	86.774	3236	388	3907
MW006668.1	k141_11081	82315	84.542	3021	355	3314
MW006668.1	k141_11081	82315	77.882	3522	560	2826
MW006668.1	k141_11081	82315	77.820	3413	470	2718
MW006668.1	k141_11081	82315	89.197	1842	186	2410
MW006668.1	k141_11081	82315	76.639	3219	461	2407
MW006668.1	k141_11081	82315	85.415	2098	217	2377
MW006668.1	k141_11081	82315	88.305	1847	187	2357
MW006668.1	k141_11081	82315	79.966	1772	284	1597
MW006668.1	k141_11081	82315	92.787	915	57	1348
MW006668.1	k141_11081	82315	92.787	915	57	1348
MW006668.1	k141_11081	82315	76.909	1624	235	1311
MW006668.1	k141_11081	82315	76.162	1699	255	1216
MW006668.1	k141_11081	82315	80.463	1295	161	1170
MW006668.1	k141_11081	82315	74.690	1695	222	1116
MW006668.1	k141_11081	82315	75.888	1323	155	939
MW006668.1	k141_11081	82315	75.888	1323	155	939
MW006668.1	k141_11081	82315	82.284	858	93	857
MW006668.1	k141_11081	82315	86.382	727	75	838
MW006668.1	k141_11081	82315	78.022	728	121	600
MW006668.1	k141_11081	82315	78.022	728	121	600
MW006668.1	k141_11081	82315	75.736	849	134	564
MW006668.1	k141_11081	82315	74.535	699	92	469
MW006668.1	k141_11081	82315	74.791	718	112	452
MW006668.1	k141_11081	82315	85.933	327	38	377
MW006668.1	k141_11081	82315	85.933	327	38	377
MW006668.1	k141_11081	82315	75.046	545	80	367
MW006668.1	k141_11081	82315	74.327	557	82	357
MW006668.1	k141_11081	82315	77.855	429	54	338
MW006668.1	k141_11081	82315	70.335	627	120	285
MW006668.1	k141_11081	82315	73.529	374	38	257
MW006668.1	k141_11081	82315	70.574	418	71	202
MW006668.1	k141_11081	82315	80.184	217	39	197
MW006668.1	k141_11081	82315	68.197	588	136	187
MW006668.1	k141_11081	82315	81.043	211	32	186
MW006668.1	k141_11081	82315	80.905	199	30	182
MW006668.1	k141_11081	82315	81.683	202	25	182
MW006668.1	k141_11081	82315	76.471	238	54	175
MW006668.1	k141_11081	82315	81.622	185	31	175
MW006668.1	k141_11081	82315	87.591	137	16	168
MW006668.1	k141_11081	82315	77.169	219	34	162
MW006668.1	k141_11081	82315	77.907	172	25	138
MW006668.1	k141_11081	82315	94.937	79	4	125
MW006668.1	k141_11081	82315	94.937	79	4	125
MW006668.1	k141_11081	82315	66.268	418	127	113
MW006668.1	k141_11081	82315	74.847	163	41	110
MW006668.1	k141_11081	82315	83.951	81	13	88.7
MW006668.1	k141_11081	82315	97.917	48	1	83.3
MW006668.1	k141_11081	82315	93.878	49	3	76.1
MW006668.1	k141_11081	82315	93.878	49	3	76.1
MW006668.1	k141_11081	82315	97.561	41	1	70.7
MW006668.1	k141_11081	82315	81.944	72	12	68.9
MW006668.1	k141_11081	82315	81.944	72	12	68.9
MW006668.1	k141_11081	82315	91.489	47	4	68.0
MW006668.1	k141_11081	82315	94.872	39	2	62.6
MW006668.1	k141_11081	82315	87.805	41	5	52.7
MW006668.1	k141_11081	82315	75.806	62	15	45.5
MW006668.1	k141_126560	24238	94.364	5607	163	8672
MW006668.1	k141_126560	24238	94.364	5607	163	8672
MW006668.1	k141_126560	24238	89.707	5353	391	7188
MW006668.1	k141_126560	24238	96.434	2496	62	4085
MW006668.1	k141_126560	24238	96.434	2496	62	4085
MW006668.1	k141_126560	24238	74.428	1881	265	1243
MW006668.1	k141_126560	24238	82.492	891	124	866
MW006668.1	k141_126560	24238	86.580	693	62	846
MW006668.1	k141_126560	24238	88.829	555	60	715
MW006668.1	k141_126560	24238	80.301	665	100	606
MW006668.1	k141_126560	24238	88.187	364	22	473
MW006668.1	k141_126560	24238	88.187	364	22	473
MW006668.1	k141_126560	24238	75.891	589	89	421
MW006668.1	k141_126560	24238	79.128	436	58	348
MW006668.1	k141_126560	24238	87.410	278	27	343
MW006668.1	k141_126560	24238	87.410	278	27	343
MW006668.1	k141_126560	24238	82.993	147	16	152
MW006668.1	k141_126560	24238	82.993	147	16	152
MW006668.1	k141_126560	24238	83.088	136	14	141
MW006668.1	k141_126560	24238	81.905	105	15	104
MW006668.1	k141_126560	24238	70.370	243	60	89.7
MW006668.1	k141_126560	24238	70.370	243	60	89.7
MW006668.1	k141_126560	24238	72.472	178	42	86.9
MW006668.1	k141_126560	24238	67.704	257	61	78.8
MW006668.1	k141_126560	24238	67.704	257	61	78.8
MW006668.1	k141_126560	24238	100.000	42	0	77.0
MW006668.1	k141_126560	24238	100.000	42	0	77.0
MW006668.1	k141_126560	24238	92.857	42	3	63.5
MW006668.1	k141_126560	24238	86.275	51	7	61.7
MW006668.1	k141_126560	24238	67.078	243	71	55.4
MW006668.1	k141_126560	24238	67.078	243	71	55.4
MW006668.1	k141_126560	24238	67.078	243	71	55.4
MW006668.1	k141_126560	24238	67.078	243	71	55.4
MW006668.1	k141_126560	24238	86.842	38	5	47.3
MW006668.1	k141_136735	18800	86.086	4384	471	5115
MW006668.1	k141_136735	18800	86.086	4384	471	5115
MW006668.1	k141_136735	18800	83.361	4772	634	4995
MW006668.1	k141_136735	18800	83.361	4772	634	4995
MW006668.1	k141_136735	18800	80.060	2322	434	2082
MW006668.1	k141_136735	18800	83.913	230	29	251
MW006668.1	k141_136735	18800	83.913	230	29	251
MW006668.1	k141_136735	18800	89.313	131	13	170
MW006668.1	k141_136735	18800	72.951	122	21	78.8
MW006668.1	k141_136735	18800	72.951	122	21	78.8
MW006668.1	k141_136735	18800	68.306	183	46	76.1
MW006668.1	k141_136735	18800	68.306	183	46	76.1
MW006668.1	k141_136735	18800	68.306	183	46	76.1
MW006668.1	k141_136735	18800	68.306	183	46	76.1
MW006668.1	k141_136735	18800	67.895	190	49	75.2
MW006668.1	k141_136735	18800	67.895	190	49	75.2
MW006668.1	k141_136735	18800	97.436	39	1	67.1
MW006668.1	k141_136735	18800	92.857	42	3	63.5
MW006668.1	k141_56722	15043	78.797	981	140	781
MW006668.1	k141_131185	29018	71.542	882	211	424
MW006668.1	k141_131185	29018	71.542	882	211	424
MW006668.1	k141_131185	29018	78.788	264	54	217
MW006668.1	k141_131185	29018	78.788	264	54	217
MW006668.1	k141_131185	29018	85.246	61	9	70.7
MW006668.1	k141_131185	29018	85.246	61	9	70.7
MW006668.1	k141_47945	4313	92.908	282	19	416
MW006668.1	k141_47945	4313	93.939	165	10	253
MW006668.1	k141_134059	9232	74.436	532	125	339
MW006668.1	k141_134059	9232	74.436	532	125	339
MW006668.1	k141_134059	9232	74.518	467	103	276
MW006668.1	k141_134059	9232	74.518	467	103	276
MW006668.1	k141_134059	9232	75.556	135	31	93.3
MW006668.1	k141_134059	9232	75.556	135	31	93.3
MW006668.1	k141_134059	9232	64.672	518	145	90.6
MW006668.1	k141_134059	9232	64.672	518	145	90.6
MW006668.1	k141_4895	2397	83.032	277	44	287
MW006668.1	k141_117460	12233	65.924	763	215	205
MW006668.1	k141_117460	12233	94.937	79	4	125
MW006668.1	k141_117460	12233	94.937	79	4	125
MW006668.1	k141_85818	5816	86.486	148	19	174
MW006668.1	k141_85818	5816	85.246	61	9	70.7
MW006668.1	k141_85818	5816	85.246	61	9	70.7
MW006668.1	k141_107786	831	92.727	110	8	163
MW006668.1	k141_107786	831	90.351	114	7	156
MW006668.1	k141_107786	831	90.351	114	7	156
MW006668.1	k141_107786	831	79.730	74	11	66.2
MW006668.1	k141_57175	372	94.231	104	6	161
MW006668.1	k141_104537	578	88.430	121	14	156
MW006668.1	k141_35637	8420	98.851	87	1	153
MW006668.1	k141_100513	10261	76.190	210	44	150
MW006668.1	k141_100513	10261	76.190	210	44	150
MW006668.1	k141_80454	1754	96.386	83	3	137
MW006668.1	k141_80454	1754	96.386	83	3	137
MW006668.1	k141_46633	752	87.778	90	11	113
MW006668.1	k141_47643	315	93.151	73	5	110
MW006668.1	k141_61291	826	90.667	75	7	104
MW006668.1	k141_112193	777	92.727	55	4	82.4
MW006668.1	k141_42364	2942	70.000	180	54	82.4
MW006668.1	k141_108300	388	85.714	70	10	82.4
MW006668.1	k141_75796	467	92.453	53	4	78.8
MW006668.1	k141_105301	310	84.000	75	11	78.8
MW006668.1	k141_105301	310	84.000	75	11	78.8
MW006668.1	k141_49685	3996	72.932	133	34	71.6
MW006668.1	k141_108755	309	90.196	51	5	70.7
MW006668.1	k141_108755	309	90.196	51	5	70.7
MW006668.1	k141_80879	547	84.314	51	6	54.5
MW006668.1	k141_80879	547	84.314	51	6	54.5
MW006668.1	k141_35530	454	89.744	39	4	53.6
MW006668.1	k141_25594	564	85.000	40	6	46.4
MW006668.1	k141_25594	564	85.000	40	6	46.4
MW006668.1	k141_138960	6479	81.818	44	8	44.6
MW435436.1	k141_11081	82315	83.840	10594	1413	11382
MW435436.1	k141_11081	82315	90.438	5689	448	7795
MW435436.1	k141_11081	82315	82.299	7463	928	7452
MW435436.1	k141_11081	82315	80.663	6816	842	6293
MW435436.1	k141_11081	82315	85.341	3711	378	4210
MW435436.1	k141_11081	82315	80.057	4578	614	4171
MW435436.1	k141_11081	82315	84.350	3048	350	3335
MW435436.1	k141_11081	82315	75.496	3477	502	2376
MW435436.1	k141_11081	82315	85.850	1993	242	2301
MW435436.1	k141_11081	82315	82.965	2219	266	2296
MW435436.1	k141_11081	82315	84.581	2030	279	2209
MW435436.1	k141_11081	82315	80.698	2119	225	1995
MW435436.1	k141_11081	82315	90.861	1313	90	1837
MW435436.1	k141_11081	82315	76.423	2371	431	1705
MW435436.1	k141_11081	82315	76.497	2038	351	1470
MW435436.1	k141_11081	82315	87.593	1080	102	1342
MW435436.1	k141_11081	82315	77.437	1272	149	1040
MW435436.1	k141_11081	82315	77.233	1265	182	976
MW435436.1	k141_11081	82315	73.107	1532	221	875
MW435436.1	k141_11081	82315	78.899	872	122	723
MW435436.1	k141_11081	82315	74.910	1108	175	694
MW435436.1	k141_11081	82315	80.165	726	102	640
MW435436.1	k141_11081	82315	88.542	480	53	611
MW435436.1	k141_11081	82315	86.992	369	39	449
MW435436.1	k141_11081	82315	86.992	369	39	449
MW435436.1	k141_11081	82315	73.659	615	88	356
MW435436.1	k141_11081	82315	70.827	641	94	348
MW435436.1	k141_11081	82315	68.714	700	120	279
MW435436.1	k141_11081	82315	73.982	442	85	257
MW435436.1	k141_11081	82315	88.889	198	16	255
MW435436.1	k141_11081	82315	79.565	230	20	210
MW435436.1	k141_11081	82315	90.647	139	10	191
MW435436.1	k141_11081	82315	84.848	165	19	178
MW435436.1	k141_11081	82315	86.000	150	12	176
MW435436.1	k141_11081	82315	86.000	150	12	176
MW435436.1	k141_11081	82315	82.500	160	27	159
MW435436.1	k141_11081	82315	83.766	154	13	154
MW435436.1	k141_11081	82315	80.000	165	33	150
MW435436.1	k141_11081	82315	90.654	107	9	145
MW435436.1	k141_11081	82315	97.468	79	2	134
MW435436.1	k141_11081	82315	89.583	96	8	126
MW435436.1	k141_11081	82315	66.287	439	134	120
MW435436.1	k141_11081	82315	77.027	148	20	109
MW435436.1	k141_11081	82315	85.526	76	11	88.7
MW435436.1	k141_11081	82315	95.745	47	2	77.0
MW435436.1	k141_11081	82315	79.747	79	16	71.6
MW435436.1	k141_11081	82315	97.561	41	1	70.7
MW435436.1	k141_11081	82315	97.561	41	1	70.7
MW435436.1	k141_11081	82315	75.806	62	15	45.5
MW435436.1	k141_126560	24238	95.801	5287	120	8550
MW435436.1	k141_126560	24238	95.801	5287	120	8550
MW435436.1	k141_126560	24238	92.084	5748	329	8357
MW435436.1	k141_126560	24238	92.084	5748	329	8357
MW435436.1	k141_126560	24238	92.085	5711	233	8311
MW435436.1	k141_126560	24238	92.085	5711	233	8311
MW435436.1	k141_126560	24238	92.494	3584	149	5265
MW435436.1	k141_126560	24238	92.494	3584	149	5265
MW435436.1	k141_126560	24238	92.881	2950	153	4385
MW435436.1	k141_126560	24238	92.881	2950	153	4385
MW435436.1	k141_126560	24238	92.289	804	38	1175
MW435436.1	k141_126560	24238	92.289	804	38	1175
MW435436.1	k141_126560	24238	80.214	374	38	334
MW435436.1	k141_126560	24238	80.214	374	38	334
MW435436.1	k141_126560	24238	95.238	42	2	68.0
MW435436.1	k141_126560	24238	92.308	39	3	58.1
MW435436.1	k141_136735	18800	82.292	4529	586	4544
MW435436.1	k141_136735	18800	79.745	4779	765	4217
MW435436.1	k141_136735	18800	80.803	2266	399	2127
MW435436.1	k141_136735	18800	80.529	2003	354	1856
MW435436.1	k141_136735	18800	86.081	546	61	643
MW435436.1	k141_136735	18800	86.081	546	61	643
MW435436.1	k141_136735	18800	72.532	932	207	499
MW435436.1	k141_136735	18800	73.913	736	134	452
MW435436.1	k141_136735	18800	68.351	831	209	317
MW435436.1	k141_136735	18800	75.105	474	101	307
MW435436.1	k141_136735	18800	75.105	474	101	307
MW435436.1	k141_136735	18800	93.617	141	9	214
MW435436.1	k141_136735	18800	93.617	141	9	214
MW435436.1	k141_136735	18800	97.436	39	1	67.1
MW435436.1	k141_136735	18800	97.436	39	1	67.1
MW435436.1	k141_136735	18800	90.476	42	4	59.0
MW435436.1	k141_134059	9232	71.021	1156	265	530
MW435436.1	k141_134059	9232	71.021	1156	265	530
MW435436.1	k141_134059	9232	65.637	518	145	113
MW435436.1	k141_134059	9232	65.637	518	145	113
MW435436.1	k141_134059	9232	75.556	135	31	93.3
MW435436.1	k141_134059	9232	75.556	135	31	93.3
MW435436.1	k141_56722	15043	75.502	747	127	488
MW435436.1	k141_56722	15043	87.222	180	17	218
MW435436.1	k141_131185	29018	72.172	884	201	441
MW435436.1	k141_131185	29018	72.172	884	201	441
MW435436.1	k141_131185	29018	78.409	264	55	213
MW435436.1	k141_131185	29018	78.409	264	55	213
MW435436.1	k141_131185	29018	86.885	61	8	75.2
MW435436.1	k141_131185	29018	86.885	61	8	75.2
MW435436.1	k141_47945	4313	91.135	282	24	393
MW435436.1	k141_47945	4313	92.727	165	12	244
MW435436.1	k141_4895	2397	87.143	280	36	343
MW435436.1	k141_117460	12233	67.939	655	190	213
MW435436.1	k141_117460	12233	95.000	80	4	127
MW435436.1	k141_117460	12233	75.325	77	19	54.5
MW435436.1	k141_107786	831	98.198	111	2	192
MW435436.1	k141_107786	831	98.198	111	2	192
MW435436.1	k141_125240	886	93.600	125	8	190
MW435436.1	k141_125240	886	93.600	125	8	190
MW435436.1	k141_85818	5816	88.722	133	15	173
MW435436.1	k141_85818	5816	86.885	61	8	75.2
MW435436.1	k141_85818	5816	86.885	61	8	75.2
MW435436.1	k141_57175	372	95.146	103	5	164
MW435436.1	k141_104537	578	89.474	114	12	152
MW435436.1	k141_35637	8420	87.097	124	14	150
MW435436.1	k141_80454	1754	97.590	83	2	141
MW435436.1	k141_80454	1754	97.590	83	2	141
MW435436.1	k141_46633	752	91.111	90	8	127
MW435436.1	k141_47643	315	94.595	74	4	116
MW435436.1	k141_108300	388	94.286	70	4	109
MW435436.1	k141_42364	2942	71.978	182	47	94.2
MW435436.1	k141_42364	2942	71.978	182	47	94.2
MW435436.1	k141_61291	826	86.842	76	10	93.3
MW435436.1	k141_95818	465	92.727	55	4	82.4
MW435436.1	k141_105301	310	84.000	75	11	78.8
MW435436.1	k141_105301	310	84.000	75	11	78.8
MW435436.1	k141_75796	467	92.000	50	4	73.4
MW435436.1	k141_80879	547	92.000	50	4	73.4
MW435436.1	k141_80879	547	92.000	50	4	73.4
MW435436.1	k141_108755	309	87.273	55	7	68.9
MW435436.1	k141_108755	309	87.273	55	7	68.9
MW435436.1	k141_138960	6479	85.714	49	7	58.1
MW435436.1	k141_138960	6479	85.714	49	7	58.1
MW435436.1	k141_49685	3996	75.000	80	20	55.4
MW435436.1	k141_49685	3996	75.000	80	20	55.4
MW435436.1	k141_35530	454	89.744	39	4	53.6
MW435436.1	k141_35530	454	89.744	39	4	53.6
MW435436.1	k141_100513	10261	73.810	84	22	53.6
NC_037882.1	k141_11081	82315	84.659	12724	1576	14084
NC_037882.1	k141_11081	82315	83.264	10283	1102	10848
NC_037882.1	k141_11081	82315	91.189	5822	439	8159
NC_037882.1	k141_11081	82315	83.249	7510	841	7852
NC_037882.1	k141_11081	82315	87.283	3633	335	4444
NC_037882.1	k141_11081	82315	81.783	4183	490	4093
NC_037882.1	k141_11081	82315	79.281	4619	680	3946
NC_037882.1	k141_11081	82315	84.117	3041	363	3294
NC_037882.1	k141_11081	82315	78.475	3870	489	3192
NC_037882.1	k141_11081	82315	84.238	2119	245	2329
NC_037882.1	k141_11081	82315	83.938	2123	225	2266
NC_037882.1	k141_11081	82315	78.385	2415	323	1997
NC_037882.1	k141_11081	82315	88.130	952	73	1208
NC_037882.1	k141_11081	82315	72.855	1993	308	1109
NC_037882.1	k141_11081	82315	75.254	1475	181	969
NC_037882.1	k141_11081	82315	82.913	872	84	924
NC_037882.1	k141_11081	82315	74.634	1297	167	840
NC_037882.1	k141_11081	82315	81.733	854	104	803
NC_037882.1	k141_11081	82315	85.450	378	37	442
NC_037882.1	k141_11081	82315	76.329	621	100	433
NC_037882.1	k141_11081	82315	67.864	1114	198	405
NC_037882.1	k141_11081	82315	86.829	205	19	251
NC_037882.1	k141_11081	82315	75.064	393	71	251
NC_037882.1	k141_11081	82315	83.475	236	18	247
NC_037882.1	k141_11081	82315	78.125	288	34	240
NC_037882.1	k141_11081	82315	82.629	213	31	210
NC_037882.1	k141_11081	82315	83.333	210	25	204
NC_037882.1	k141_11081	82315	83.815	173	20	185
NC_037882.1	k141_11081	82315	83.871	155	7	175
NC_037882.1	k141_11081	82315	83.871	155	7	175
NC_037882.1	k141_11081	82315	88.060	134	11	166
NC_037882.1	k141_11081	82315	89.431	123	13	164
NC_037882.1	k141_11081	82315	79.581	191	28	161
NC_037882.1	k141_11081	82315	84.247	146	14	159
NC_037882.1	k141_11081	82315	84.667	150	16	156
NC_037882.1	k141_11081	82315	93.137	102	7	153
NC_037882.1	k141_11081	82315	94.505	91	5	142
NC_037882.1	k141_11081	82315	79.221	154	27	116
NC_037882.1	k141_11081	82315	74.545	165	42	109
NC_037882.1	k141_11081	82315	75.000	160	40	109
NC_037882.1	k141_11081	82315	100.000	42	0	77.0
NC_037882.1	k141_11081	82315	95.122	41	2	66.2
NC_037882.1	k141_11081	82315	95.122	41	2	66.2
NC_037882.1	k141_11081	82315	89.130	46	5	61.7
NC_037882.1	k141_11081	82315	75.806	62	15	45.5
NC_037882.1	k141_126560	24238	95.458	5658	146	9037
NC_037882.1	k141_126560	24238	95.458	5658	146	9037
NC_037882.1	k141_126560	24238	92.695	5736	293	8484
NC_037882.1	k141_126560	24238	92.695	5736	293	8484
NC_037882.1	k141_126560	24238	94.296	4856	134	7575
NC_037882.1	k141_126560	24238	94.296	4856	134	7575
NC_037882.1	k141_126560	24238	92.300	4026	129	5937
NC_037882.1	k141_126560	24238	92.300	4026	129	5937
NC_037882.1	k141_126560	24238	91.773	1726	92	2496
NC_037882.1	k141_126560	24238	91.773	1726	92	2496
NC_037882.1	k141_126560	24238	94.275	786	34	1216
NC_037882.1	k141_126560	24238	94.275	786	34	1216
NC_037882.1	k141_126560	24238	93.606	563	18	861
NC_037882.1	k141_126560	24238	93.606	563	18	861
NC_037882.1	k141_126560	24238	97.619	42	1	72.5
NC_037882.1	k141_126560	24238	94.872	39	2	62.6
NC_037882.1	k141_126560	24238	89.474	38	4	51.8
NC_037882.1	k141_126560	24238	86.842	38	5	47.3
NC_037882.1	k141_136735	18800	83.917	4458	537	4776
NC_037882.1	k141_136735	18800	81.278	3536	504	3387
NC_037882.1	k141_136735	18800	80.121	2480	416	2261
NC_037882.1	k141_136735	18800	82.120	1113	177	1090
NC_037882.1	k141_136735	18800	84.644	547	58	605
NC_037882.1	k141_136735	18800	84.644	547	58	605
NC_037882.1	k141_136735	18800	75.036	689	154	462
NC_037882.1	k141_136735	18800	71.210	719	165	343
NC_037882.1	k141_136735	18800	73.085	483	114	278
NC_037882.1	k141_136735	18800	65.896	1038	255	244
NC_037882.1	k141_136735	18800	84.434	212	24	233
NC_037882.1	k141_136735	18800	89.796	147	9	199
NC_037882.1	k141_136735	18800	89.796	147	9	199
NC_037882.1	k141_136735	18800	76.190	252	44	177
NC_037882.1	k141_136735	18800	92.857	42	3	63.5
NC_037882.1	k141_136735	18800	94.872	39	2	62.6
NC_037882.1	k141_136735	18800	94.872	39	2	62.6
NC_037882.1	k141_56722	15043	75.326	1228	177	828
NC_037882.1	k141_131185	29018	72.304	881	205	448
NC_037882.1	k141_131185	29018	72.304	881	205	448
NC_037882.1	k141_131185	29018	78.409	264	55	213
NC_037882.1	k141_131185	29018	78.409	264	55	213
NC_037882.1	k141_131185	29018	86.885	61	8	75.2
NC_037882.1	k141_131185	29018	86.885	61	8	75.2
NC_037882.1	k141_47945	4313	93.972	282	16	429
NC_037882.1	k141_47945	4313	93.293	164	11	247
NC_037882.1	k141_4895	2397	91.071	280	25	393
NC_037882.1	k141_134059	9232	74.624	532	124	343
NC_037882.1	k141_134059	9232	74.624	532	124	343
NC_037882.1	k141_134059	9232	74.310	471	91	282
NC_037882.1	k141_134059	9232	74.310	471	91	282
NC_037882.1	k141_134059	9232	65.637	518	145	113
NC_037882.1	k141_134059	9232	65.637	518	145	113
NC_037882.1	k141_134059	9232	75.556	135	31	93.3
NC_037882.1	k141_134059	9232	75.556	135	31	93.3
NC_037882.1	k141_117460	12233	67.939	655	190	208
NC_037882.1	k141_117460	12233	98.750	80	1	141
NC_037882.1	k141_117460	12233	69.748	119	36	53.6
NC_037882.1	k141_125240	886	94.400	125	7	195
NC_037882.1	k141_125240	886	94.400	125	7	195
NC_037882.1	k141_107786	831	98.198	111	2	192
NC_037882.1	k141_107786	831	98.198	111	2	192
NC_037882.1	k141_100513	10261	79.048	210	38	178
NC_037882.1	k141_85818	5816	86.806	144	19	175
NC_037882.1	k141_85818	5816	86.885	61	8	75.2
NC_037882.1	k141_85818	5816	86.885	61	8	75.2
NC_037882.1	k141_104537	578	89.256	121	13	160
NC_037882.1	k141_35637	8420	95.789	95	4	154
NC_037882.1	k141_57175	372	92.308	104	8	152
NC_037882.1	k141_80454	1754	96.386	83	3	137
NC_037882.1	k141_80454	1754	96.386	83	3	137
NC_037882.1	k141_47643	315	97.297	74	2	125
NC_037882.1	k141_46633	752	90.000	90	9	123
NC_037882.1	k141_108300	388	92.857	70	5	104
NC_037882.1	k141_42364	2942	71.978	182	47	94.2
NC_037882.1	k141_42364	2942	71.978	182	47	94.2
NC_037882.1	k141_95818	465	91.803	61	5	88.7
NC_037882.1	k141_112193	777	92.727	55	4	82.4
NC_037882.1	k141_61291	826	83.784	74	12	80.6
NC_037882.1	k141_20095	340	74.194	124	23	79.7
NC_037882.1	k141_80879	547	94.000	50	3	77.9
NC_037882.1	k141_80879	547	94.000	50	3	77.9
NC_037882.1	k141_49685	3996	81.250	80	15	77.9
NC_037882.1	k141_108755	309	89.091	55	6	73.4
NC_037882.1	k141_108755	309	89.091	55	6	73.4
NC_037882.1	k141_75796	467	88.679	53	6	69.8
NC_037882.1	k141_138960	6479	87.755	49	6	62.6
NC_037882.1	k141_138960	6479	87.755	49	6	62.6
NC_037882.1	k141_35530	454	89.744	39	4	53.6
NC_037882.1	k141_35530	454	89.744	39	4	53.6
NC_056190.1	k141_11081	82315	84.164	12926	1645	14089
NC_056190.1	k141_11081	82315	89.405	9637	751	12745
NC_056190.1	k141_11081	82315	83.682	5785	653	6142
NC_056190.1	k141_11081	82315	83.762	5204	581	5503
NC_056190.1	k141_11081	82315	84.134	4954	608	5358
NC_056190.1	k141_11081	82315	83.310	4236	505	4387
NC_056190.1	k141_11081	82315	80.283	4027	563	3657
NC_056190.1	k141_11081	82315	75.869	4314	523	3198
NC_056190.1	k141_11081	82315	85.295	2149	250	2430
NC_056190.1	k141_11081	82315	83.902	2112	200	2277
NC_056190.1	k141_11081	82315	78.325	2436	367	1983
NC_056190.1	k141_11081	82315	82.667	1725	225	1754
NC_056190.1	k141_11081	82315	89.211	1140	91	1481
NC_056190.1	k141_11081	82315	75.549	1820	274	1232
NC_056190.1	k141_11081	82315	81.684	1081	125	1074
NC_056190.1	k141_11081	82315	81.624	1121	147	1066
NC_056190.1	k141_11081	82315	77.510	1245	170	997
NC_056190.1	k141_11081	82315	75.283	1412	197	939
NC_056190.1	k141_11081	82315	78.442	886	108	727
NC_056190.1	k141_11081	82315	78.116	722	106	570
NC_056190.1	k141_11081	82315	83.514	370	47	388
NC_056190.1	k141_11081	82315	87.636	275	30	343
NC_056190.1	k141_11081	82315	71.739	690	117	342
NC_056190.1	k141_11081	82315	79.167	336	45	291
NC_056190.1	k141_11081	82315	75.871	402	45	290
NC_056190.1	k141_11081	82315	85.022	227	23	253
NC_056190.1	k141_11081	82315	87.864	206	23	252
NC_056190.1	k141_11081	82315	76.286	350	64	248
NC_056190.1	k141_11081	82315	69.360	594	112	202
NC_056190.1	k141_11081	82315	90.141	142	13	190
NC_056190.1	k141_11081	82315	93.043	115	7	168
NC_056190.1	k141_11081	82315	93.043	115	7	168
NC_056190.1	k141_11081	82315	73.477	279	50	151
NC_056190.1	k141_11081	82315	95.402	87	4	140
NC_056190.1	k141_11081	82315	82.443	131	17	130
NC_056190.1	k141_11081	82315	75.152	165	41	113
NC_056190.1	k141_11081	82315	74.375	160	41	104
NC_056190.1	k141_11081	82315	95.238	42	2	68.0
NC_056190.1	k141_11081	82315	95.122	41	2	66.2
NC_056190.1	k141_11081	82315	95.122	41	2	66.2
NC_056190.1	k141_11081	82315	75.806	62	15	45.5
NC_056190.1	k141_126560	24238	92.169	6359	227	9278
NC_056190.1	k141_126560	24238	92.169	6359	227	9278
NC_056190.1	k141_126560	24238	94.335	5666	147	8793
NC_056190.1	k141_126560	24238	94.335	5666	147	8793
NC_056190.1	k141_126560	24238	92.507	5725	290	8408
NC_056190.1	k141_126560	24238	92.507	5725	290	8408
NC_056190.1	k141_126560	24238	96.935	2806	68	4649
NC_056190.1	k141_126560	24238	96.935	2806	68	4649
NC_056190.1	k141_126560	24238	93.293	2952	132	4451
NC_056190.1	k141_126560	24238	93.436	2925	126	4429
NC_056190.1	k141_126560	24238	94.622	781	41	1216
NC_056190.1	k141_126560	24238	94.622	781	41	1216
NC_056190.1	k141_126560	24238	97.561	41	1	70.7
NC_056190.1	k141_126560	24238	95.238	42	2	68.0
NC_056190.1	k141_126560	24238	95.238	42	2	68.0
NC_056190.1	k141_126560	24238	92.308	39	3	58.1
NC_056190.1	k141_126560	24238	89.474	38	4	51.8
NC_056190.1	k141_136735	18800	84.078	2776	369	2963
NC_056190.1	k141_136735	18800	78.359	3290	511	2671
NC_056190.1	k141_136735	18800	80.829	1231	196	1161
NC_056190.1	k141_136735	18800	74.307	1082	209	689
NC_056190.1	k141_136735	18800	74.307	1082	209	689
NC_056190.1	k141_136735	18800	68.042	1890	430	667
NC_056190.1	k141_136735	18800	72.619	756	175	428
NC_056190.1	k141_136735	18800	72.840	567	72	335
NC_056190.1	k141_136735	18800	83.491	212	22	224
NC_056190.1	k141_136735	18800	90.071	141	14	192
NC_056190.1	k141_136735	18800	90.071	141	14	192
NC_056190.1	k141_136735	18800	87.692	130	16	163
NC_056190.1	k141_136735	18800	76.289	194	31	143
NC_056190.1	k141_136735	18800	76.812	138	31	102
NC_056190.1	k141_136735	18800	94.872	39	2	62.6
NC_056190.1	k141_136735	18800	94.872	39	2	62.6
NC_056190.1	k141_136735	18800	90.476	42	4	59.0
NC_056190.1	k141_56722	15043	77.709	969	151	729
NC_056190.1	k141_131185	29018	72.422	892	207	459
NC_056190.1	k141_131185	29018	72.422	892	207	459
NC_056190.1	k141_131185	29018	78.030	264	56	208
NC_056190.1	k141_131185	29018	78.030	264	56	208
NC_056190.1	k141_131185	29018	86.885	61	8	75.2
NC_056190.1	k141_131185	29018	86.885	61	8	75.2
NC_056190.1	k141_47945	4313	92.908	282	19	416
NC_056190.1	k141_47945	4313	91.463	164	14	233
NC_056190.1	k141_134059	9232	74.624	532	124	343
NC_056190.1	k141_134059	9232	74.624	532	124	343
NC_056190.1	k141_134059	9232	74.310	471	91	282
NC_056190.1	k141_134059	9232	74.310	471	91	282
NC_056190.1	k141_134059	9232	65.076	524	144	106
NC_056190.1	k141_134059	9232	65.076	524	144	106
NC_056190.1	k141_134059	9232	80.412	97	19	90.6
NC_056190.1	k141_134059	9232	80.412	97	19	90.6
NC_056190.1	k141_4895	2397	86.620	284	38	342
NC_056190.1	k141_117460	12233	66.812	919	242	259
NC_056190.1	k141_117460	12233	97.531	81	2	138
NC_056190.1	k141_107786	831	99.099	111	1	196
NC_056190.1	k141_107786	831	99.099	111	1	196
NC_056190.1	k141_125240	886	93.600	125	8	190
NC_056190.1	k141_125240	886	93.600	125	8	190
NC_056190.1	k141_85818	5816	86.755	151	20	183
NC_056190.1	k141_85818	5816	86.885	61	8	75.2
NC_056190.1	k141_85818	5816	86.885	61	8	75.2
NC_056190.1	k141_57175	372	92.308	104	8	152
NC_056190.1	k141_35637	8420	95.506	89	4	143
NC_056190.1	k141_104537	578	85.950	121	17	142
NC_056190.1	k141_80454	1754	95.181	83	4	132
NC_056190.1	k141_80454	1754	95.181	83	4	132
NC_056190.1	k141_46633	752	92.222	90	7	132
NC_056190.1	k141_61291	826	92.000	75	6	109
NC_056190.1	k141_47643	315	91.892	74	6	107
NC_056190.1	k141_42364	2942	71.429	182	48	89.7
NC_056190.1	k141_42364	2942	71.429	182	48	89.7
NC_056190.1	k141_108300	388	85.714	70	10	82.4
NC_056190.1	k141_20095	340	74.400	125	23	81.5
NC_056190.1	k141_95818	465	88.525	61	7	79.7
NC_056190.1	k141_105301	310	84.000	75	11	78.8
NC_056190.1	k141_105301	310	84.000	75	11	78.8
NC_056190.1	k141_80879	547	94.000	50	3	77.9
NC_056190.1	k141_80879	547	94.000	50	3	77.9
NC_056190.1	k141_109416	571	93.617	47	3	72.5
NC_056190.1	k141_109416	571	93.617	47	3	72.5
NC_056190.1	k141_75796	467	86.667	60	6	70.7
NC_056190.1	k141_108755	309	87.273	55	7	68.9
NC_056190.1	k141_108755	309	87.273	55	7	68.9
NC_056190.1	k141_35635	356	95.000	40	2	64.4
NC_056190.1	k141_35635	356	95.000	40	2	64.4
NC_056190.1	k141_35530	454	89.744	39	4	53.6
NC_056190.1	k141_35530	454	89.744	39	4	53.6
NC_056190.1	k141_150818	488	82.500	40	7	41.9
MN564931.1	k141_11081	82315	83.768	12426	1655	13255
MN564931.1	k141_11081	82315	80.289	13272	1785	12011
MN564931.1	k141_11081	82315	87.529	9494	878	11767
MN564931.1	k141_11081	82315	81.584	5696	713	5495
MN564931.1	k141_11081	82315	79.689	4116	617	3644
MN564931.1	k141_11081	82315	81.923	3286	417	3232
MN564931.1	k141_11081	82315	74.518	3579	533	2315
MN564931.1	k141_11081	82315	85.991	1856	216	2170
MN564931.1	k141_11081	82315	84.470	1906	241	2099
MN564931.1	k141_11081	82315	81.376	2137	265	2027
MN564931.1	k141_11081	82315	89.655	1044	87	1388
MN564931.1	k141_11081	82315	79.895	1527	242	1375
MN564931.1	k141_11081	82315	87.915	662	66	829
MN564931.1	k141_11081	82315	84.430	745	96	817
MN564931.1	k141_11081	82315	73.364	1299	204	709
MN564931.1	k141_11081	82315	81.704	716	86	670
MN564931.1	k141_11081	82315	76.667	870	123	655
MN564931.1	k141_11081	82315	71.654	1203	177	627
MN564931.1	k141_11081	82315	72.852	1024	158	549
MN564931.1	k141_11081	82315	71.214	667	121	321
MN564931.1	k141_11081	82315	69.436	674	123	295
MN564931.1	k141_11081	82315	80.333	300	47	269
MN564931.1	k141_11081	82315	78.462	325	58	269
MN564931.1	k141_11081	82315	90.155	193	18	260
MN564931.1	k141_11081	82315	89.529	191	16	250
MN564931.1	k141_11081	82315	74.811	397	78	250
MN564931.1	k141_11081	82315	68.596	570	117	205
MN564931.1	k141_11081	82315	79.825	228	26	205
MN564931.1	k141_11081	82315	90.411	146	14	201
MN564931.1	k141_11081	82315	84.431	167	24	182
MN564931.1	k141_11081	82315	97.872	94	2	161
MN564931.1	k141_11081	82315	88.618	123	8	156
MN564931.1	k141_11081	82315	90.909	110	10	154
MN564931.1	k141_11081	82315	81.132	159	14	153
MN564931.1	k141_11081	82315	100.000	79	0	143
MN564931.1	k141_11081	82315	65.635	614	178	128
MN564931.1	k141_11081	82315	89.535	86	8	112
MN564931.1	k141_11081	82315	74.545	165	42	109
MN564931.1	k141_11081	82315	67.790	267	48	93.3
MN564931.1	k141_11081	82315	97.619	42	1	72.5
MN564931.1	k141_11081	82315	97.561	41	1	70.7
MN564931.1	k141_11081	82315	97.561	41	1	70.7
MN564931.1	k141_11081	82315	68.790	157	47	56.3
MN564931.1	k141_11081	82315	83.333	48	8	51.8
MN564931.1	k141_11081	82315	75.806	62	15	45.5
MN564931.1	k141_126560	24238	90.651	6439	293	8992
MN564931.1	k141_126560	24238	90.651	6439	293	8992
MN564931.1	k141_126560	24238	94.413	5674	196	8760
MN564931.1	k141_126560	24238	94.413	5674	196	8760
MN564931.1	k141_126560	24238	86.287	3938	367	4680
MN564931.1	k141_126560	24238	86.287	3938	367	4680
MN564931.1	k141_126560	24238	95.836	2858	91	4585
MN564931.1	k141_126560	24238	95.836	2858	91	4585
MN564931.1	k141_126560	24238	92.043	2237	117	3229
MN564931.1	k141_126560	24238	92.043	2237	117	3229
MN564931.1	k141_126560	24238	84.904	1199	106	1379
MN564931.1	k141_126560	24238	84.904	1199	106	1379
MN564931.1	k141_126560	24238	85.538	567	64	656
MN564931.1	k141_126560	24238	85.538	567	64	656
MN564931.1	k141_126560	24238	87.344	482	46	600
MN564931.1	k141_126560	24238	87.344	482	46	600
MN564931.1	k141_126560	24238	92.615	325	24	479
MN564931.1	k141_126560	24238	92.615	325	24	479
MN564931.1	k141_126560	24238	83.953	430	31	472
MN564931.1	k141_126560	24238	83.953	430	31	472
MN564931.1	k141_126560	24238	100.000	42	0	77.0
MN564931.1	k141_126560	24238	87.097	62	6	69.8
MN564931.1	k141_126560	24238	87.097	62	6	69.8
MN564931.1	k141_126560	24238	92.857	42	3	63.5
MN564931.1	k141_126560	24238	86.842	38	5	47.3
MN564931.1	k141_136735	18800	79.710	4756	746	4186
MN564931.1	k141_136735	18800	82.639	2713	392	2746
MN564931.1	k141_136735	18800	80.182	2311	406	2096
MN564931.1	k141_136735	18800	84.012	1351	163	1462
MN564931.1	k141_136735	18800	88.604	351	31	457
MN564931.1	k141_136735	18800	88.604	351	31	457
MN564931.1	k141_136735	18800	77.234	593	121	452
MN564931.1	k141_136735	18800	77.234	593	121	452
MN564931.1	k141_136735	18800	72.857	490	103	303
MN564931.1	k141_136735	18800	72.857	490	103	303
MN564931.1	k141_136735	18800	81.319	273	28	266
MN564931.1	k141_136735	18800	68.602	465	100	182
MN564931.1	k141_136735	18800	68.602	465	100	182
MN564931.1	k141_136735	18800	84.397	141	13	159
MN564931.1	k141_136735	18800	84.397	141	13	159
MN564931.1	k141_136735	18800	74.138	174	34	99.6
MN564931.1	k141_136735	18800	74.138	174	34	99.6
MN564931.1	k141_136735	18800	97.436	39	1	67.1
MN564931.1	k141_136735	18800	97.436	39	1	67.1
MN564931.1	k141_136735	18800	92.857	42	3	63.5
MN564931.1	k141_136735	18800	84.906	53	8	60.8
MN564931.1	k141_56722	15043	74.711	692	107	458
MN564931.1	k141_56722	15043	79.670	182	26	163
MN564931.1	k141_131185	29018	72.520	877	210	456
MN564931.1	k141_131185	29018	72.520	877	210	456
MN564931.1	k141_131185	29018	79.167	264	53	222
MN564931.1	k141_131185	29018	79.167	264	53	222
MN564931.1	k141_131185	29018	86.885	61	8	75.2
MN564931.1	k141_131185	29018	86.885	61	8	75.2
MN564931.1	k141_47945	4313	89.347	291	28	384
MN564931.1	k141_47945	4313	90.854	164	15	229
MN564931.1	k141_134059	9232	74.060	532	127	330
MN564931.1	k141_134059	9232	74.060	532	127	330
MN564931.1	k141_134059	9232	74.946	467	95	281
MN564931.1	k141_134059	9232	74.946	467	95	281
MN564931.1	k141_134059	9232	65.637	518	145	113
MN564931.1	k141_134059	9232	65.637	518	145	113
MN564931.1	k141_134059	9232	75.556	135	31	93.3
MN564931.1	k141_134059	9232	75.556	135	31	93.3
MN564931.1	k141_4895	2397	85.357	280	41	321
MN564931.1	k141_4895	2397	82.326	215	34	216
MN564931.1	k141_117460	12233	67.256	849	233	269
MN564931.1	k141_117460	12233	97.500	80	2	136
MN564931.1	k141_125240	886	92.800	125	9	186
MN564931.1	k141_125240	886	92.800	125	9	186
MN564931.1	k141_35637	8420	82.609	184	24	182
MN564931.1	k141_85818	5816	86.466	133	18	159
MN564931.1	k141_85818	5816	86.885	61	8	75.2
MN564931.1	k141_85818	5816	86.885	61	8	75.2
MN564931.1	k141_107786	831	88.333	120	1	152
MN564931.1	k141_107786	831	88.333	120	1	152
MN564931.1	k141_80454	1754	97.647	85	2	145
MN564931.1	k141_80454	1754	97.647	85	2	145
MN564931.1	k141_57175	372	90.385	104	10	143
MN564931.1	k141_104537	578	85.124	121	18	138
MN564931.1	k141_46633	752	87.778	90	11	113
MN564931.1	k141_47643	315	91.892	74	6	107
MN564931.1	k141_61291	826	90.667	75	7	104
MN564931.1	k141_108300	388	90.000	70	7	96.0
MN564931.1	k141_42364	2942	71.978	182	47	94.2
MN564931.1	k141_42364	2942	71.978	182	47	94.2
MN564931.1	k141_95818	465	93.443	61	4	93.3
MN564931.1	k141_95818	465	93.443	61	4	93.3
MN564931.1	k141_35635	356	84.524	84	7	90.6
MN564931.1	k141_35635	356	84.524	84	7	90.6
MN564931.1	k141_105301	310	85.333	75	10	83.3
MN564931.1	k141_105301	310	85.333	75	10	83.3
MN564931.1	k141_20095	340	74.194	124	23	79.7
MN564931.1	k141_80879	547	94.000	50	3	77.9
MN564931.1	k141_80879	547	94.000	50	3	77.9
MN564931.1	k141_75796	467	90.000	50	5	68.9
MN564931.1	k141_49685	3996	78.750	80	17	68.9
MN564931.1	k141_108755	309	85.455	55	8	64.4
MN564931.1	k141_108755	309	85.455	55	8	64.4
MN564931.1	k141_109416	571	89.362	47	5	63.5
MN564931.1	k141_109416	571	89.362	47	5	63.5
MN564931.1	k141_138960	6479	87.755	49	6	62.6
MN564931.1	k141_138960	6479	87.755	49	6	62.6
MN564931.1	k141_35530	454	89.744	39	4	53.6
MN564931.1	k141_35530	454	89.744	39	4	53.6
NC_031651.1	k141_126560	24238	90.839	9595	464	13422
NC_031651.1	k141_126560	24238	90.839	9595	464	13422
NC_031651.1	k141_126560	24238	93.396	5648	178	8554
NC_031651.1	k141_126560	24238	93.396	5648	178	8554
NC_031651.1	k141_126560	24238	90.925	5741	387	8036
NC_031651.1	k141_126560	24238	90.925	5741	387	8036
NC_031651.1	k141_126560	24238	89.973	2972	200	4051
NC_031651.1	k141_126560	24238	91.449	2830	188	4035
NC_031651.1	k141_126560	24238	88.385	353	38	451
NC_031651.1	k141_126560	24238	84.252	381	41	412
NC_031651.1	k141_126560	24238	84.252	381	41	412
NC_031651.1	k141_126560	24238	87.931	58	7	74.3
NC_031651.1	k141_126560	24238	97.619	42	1	72.5
NC_031651.1	k141_126560	24238	97.619	42	1	72.5
NC_031651.1	k141_126560	24238	97.619	42	1	72.5
NC_031651.1	k141_11081	82315	83.050	12466	1761	12993
NC_031651.1	k141_11081	82315	81.797	8004	1099	7783
NC_031651.1	k141_11081	82315	89.296	5755	509	7572
NC_031651.1	k141_11081	82315	83.367	4497	595	4673
NC_031651.1	k141_11081	82315	84.592	3667	398	4059
NC_031651.1	k141_11081	82315	84.902	2921	365	3223
NC_031651.1	k141_11081	82315	84.778	1938	230	2170
NC_031651.1	k141_11081	82315	77.274	2803	470	2091
NC_031651.1	k141_11081	82315	81.998	2122	258	2077
NC_031651.1	k141_11081	82315	81.649	2038	310	1989
NC_031651.1	k141_11081	82315	93.394	1211	69	1829
NC_031651.1	k141_11081	82315	73.172	2762	530	1597
NC_031651.1	k141_11081	82315	75.633	2212	325	1532
NC_031651.1	k141_11081	82315	78.833	1663	280	1406
NC_031651.1	k141_11081	82315	88.208	1060	86	1352
NC_031651.1	k141_11081	82315	73.309	2203	373	1264
NC_031651.1	k141_11081	82315	73.842	1598	268	1012
NC_031651.1	k141_11081	82315	73.596	1496	235	886
NC_031651.1	k141_11081	82315	80.987	973	134	868
NC_031651.1	k141_11081	82315	85.007	707	101	789
NC_031651.1	k141_11081	82315	76.685	1068	149	777
NC_031651.1	k141_11081	82315	74.083	1227	184	747
NC_031651.1	k141_11081	82315	77.972	858	116	690
NC_031651.1	k141_11081	82315	79.255	752	99	687
NC_031651.1	k141_11081	82315	81.295	556	82	527
NC_031651.1	k141_11081	82315	72.475	901	159	475
NC_031651.1	k141_11081	82315	73.622	762	130	443
NC_031651.1	k141_11081	82315	71.698	636	107	343
NC_031651.1	k141_11081	82315	77.219	338	51	264
NC_031651.1	k141_11081	82315	81.301	246	33	235
NC_031651.1	k141_11081	82315	76.949	295	42	214
NC_031651.1	k141_11081	82315	89.189	148	16	196
NC_031651.1	k141_11081	82315	69.165	467	98	168
NC_031651.1	k141_11081	82315	93.636	110	7	168
NC_031651.1	k141_11081	82315	85.517	145	11	163
NC_031651.1	k141_11081	82315	93.617	94	6	143
NC_031651.1	k141_11081	82315	88.182	110	13	141
NC_031651.1	k141_11081	82315	66.906	417	126	132
NC_031651.1	k141_11081	82315	89.655	87	9	117
NC_031651.1	k141_11081	82315	75.152	165	41	113
NC_031651.1	k141_11081	82315	87.805	82	9	100
NC_031651.1	k141_11081	82315	80.899	89	16	81.5
NC_031651.1	k141_11081	82315	97.561	41	1	70.7
NC_031651.1	k141_11081	82315	97.561	41	1	70.7
NC_031651.1	k141_11081	82315	75.806	62	15	45.5
NC_031651.1	k141_11081	82315	83.333	42	7	45.5
NC_031651.1	k141_136735	18800	79.556	4011	641	3482
NC_031651.1	k141_136735	18800	82.133	2804	366	2803
NC_031651.1	k141_136735	18800	79.566	2256	412	1985
NC_031651.1	k141_136735	18800	82.909	1533	186	1572
NC_031651.1	k141_136735	18800	84.767	558	85	624
NC_031651.1	k141_136735	18800	79.924	528	88	482
NC_031651.1	k141_136735	18800	70.968	682	171	317
NC_031651.1	k141_136735	18800	68.605	774	177	293
NC_031651.1	k141_136735	18800	65.622	1149	286	273
NC_031651.1	k141_136735	18800	72.854	431	110	243
NC_031651.1	k141_136735	18800	82.870	216	29	222
NC_031651.1	k141_136735	18800	88.652	141	16	183
NC_031651.1	k141_136735	18800	97.561	41	1	70.7
NC_031651.1	k141_136735	18800	97.436	39	1	67.1
NC_031651.1	k141_136735	18800	97.436	39	1	67.1
NC_031651.1	k141_56722	15043	72.414	1247	190	671
NC_031651.1	k141_131185	29018	72.841	880	202	467
NC_031651.1	k141_131185	29018	72.841	880	202	467
NC_031651.1	k141_131185	29018	78.409	264	55	213
NC_031651.1	k141_131185	29018	78.409	264	55	213
NC_031651.1	k141_131185	29018	86.885	61	8	75.2
NC_031651.1	k141_131185	29018	86.885	61	8	75.2
NC_031651.1	k141_47945	4313	88.776	294	30	376
NC_031651.1	k141_47945	4313	89.024	164	18	215
NC_031651.1	k141_134059	9232	74.436	532	125	339
NC_031651.1	k141_134059	9232	74.436	532	125	339
NC_031651.1	k141_134059	9232	74.090	467	99	281
NC_031651.1	k141_134059	9232	74.090	467	99	281
NC_031651.1	k141_134059	9232	65.444	518	146	113
NC_031651.1	k141_134059	9232	65.444	518	146	113
NC_031651.1	k141_134059	9232	75.373	134	31	91.5
NC_031651.1	k141_134059	9232	75.373	134	31	91.5
NC_031651.1	k141_4895	2397	84.643	280	43	312
NC_031651.1	k141_117460	12233	68.252	652	193	220
NC_031651.1	k141_117460	12233	100.000	55	0	100
NC_031651.1	k141_117460	12233	68.862	167	46	59.9
NC_031651.1	k141_107786	831	99.099	111	1	196
NC_031651.1	k141_107786	831	99.099	111	1	196
NC_031651.1	k141_125240	886	92.800	125	9	186
NC_031651.1	k141_125240	886	92.800	125	9	186
NC_031651.1	k141_57175	372	93.269	104	7	157
NC_031651.1	k141_104537	578	86.777	121	16	147
NC_031651.1	k141_35637	8420	93.617	94	6	143
NC_031651.1	k141_35637	8420	90.244	41	4	57.2
NC_031651.1	k141_85818	5816	83.846	130	21	141
NC_031651.1	k141_85818	5816	86.885	61	8	75.2
NC_031651.1	k141_85818	5816	86.885	61	8	75.2
NC_031651.1	k141_80454	1754	95.181	83	4	132
NC_031651.1	k141_80454	1754	95.181	83	4	132
NC_031651.1	k141_47643	315	94.595	74	4	116
NC_031651.1	k141_46633	752	87.500	88	11	110
NC_031651.1	k141_61291	826	89.333	75	8	100
NC_031651.1	k141_42364	2942	72.527	182	46	98.7
NC_031651.1	k141_42364	2942	72.527	182	46	98.7
NC_031651.1	k141_108300	388	91.176	68	6	96.9
NC_031651.1	k141_95818	465	91.803	61	5	88.7
NC_031651.1	k141_75796	467	92.453	53	4	78.8
NC_031651.1	k141_105301	310	84.000	75	11	78.8
NC_031651.1	k141_105301	310	84.000	75	11	78.8
NC_031651.1	k141_80879	547	94.000	50	3	77.9
NC_031651.1	k141_80879	547	94.000	50	3	77.9
NC_031651.1	k141_49685	3996	74.400	125	30	75.2
NC_031651.1	k141_35635	356	79.730	74	3	73.4
NC_031651.1	k141_35635	356	79.730	74	3	73.4
NC_031651.1	k141_108755	309	89.091	55	6	73.4
NC_031651.1	k141_108755	309	89.091	55	6	73.4
NC_031651.1	k141_109416	571	89.362	47	5	63.5
NC_031651.1	k141_109416	571	89.362	47	5	63.5
MW366789.1	k141_126560	24238	90.059	5281	348	7110
MW366789.1	k141_126560	24238	90.059	5281	348	7110
MW366789.1	k141_126560	24238	88.121	4588	379	5832
MW366789.1	k141_126560	24238	88.121	4588	379	5832
MW366789.1	k141_126560	24238	91.811	1795	99	2573
MW366789.1	k141_126560	24238	91.811	1795	99	2573
MW366789.1	k141_126560	24238	88.838	1747	148	2265
MW366789.1	k141_126560	24238	88.781	1747	149	2260
MW366789.1	k141_126560	24238	84.152	631	56	687
MW366789.1	k141_126560	24238	84.152	631	56	687
MW366789.1	k141_126560	24238	86.214	457	42	542
MW366789.1	k141_126560	24238	86.214	457	42	542
MW366789.1	k141_126560	24238	86.214	457	42	542
MW366789.1	k141_126560	24238	79.762	336	44	299
MW366789.1	k141_126560	24238	79.762	336	44	299
MW366789.1	k141_126560	24238	76.582	316	44	233
MW366789.1	k141_126560	24238	96.350	137	5	225
MW366789.1	k141_126560	24238	96.350	137	5	225
MW366789.1	k141_126560	24238	88.372	172	20	221
MW366789.1	k141_126560	24238	88.372	172	20	221
MW366789.1	k141_126560	24238	90.278	144	14	197
MW366789.1	k141_126560	24238	90.278	144	14	197
MW366789.1	k141_126560	24238	84.659	176	25	189
MW366789.1	k141_126560	24238	84.659	176	25	189
MW366789.1	k141_126560	24238	81.646	158	15	154
MW366789.1	k141_126560	24238	81.646	158	15	154
MW366789.1	k141_126560	24238	87.931	116	14	149
MW366789.1	k141_126560	24238	95.652	92	4	149
MW366789.1	k141_126560	24238	95.652	92	4	149
MW366789.1	k141_126560	24238	87.931	116	14	147
MW366789.1	k141_126560	24238	84.810	79	7	89.7
MW366789.1	k141_126560	24238	84.810	79	7	89.7
MW366789.1	k141_126560	24238	97.619	42	1	72.5
MW366789.1	k141_126560	24238	97.619	42	1	72.5
MW366789.1	k141_126560	24238	91.837	49	4	71.6
MW366789.1	k141_126560	24238	91.837	49	4	71.6
MW366789.1	k141_126560	24238	91.837	49	4	71.6
MW366789.1	k141_126560	24238	94.737	38	2	60.8
MW366789.1	k141_126560	24238	92.308	39	3	58.1
MW366789.1	k141_11081	82315	78.463	8223	1454	6775
MW366789.1	k141_11081	82315	88.398	5232	566	6660
MW366789.1	k141_11081	82315	88.398	5232	566	6660
MW366789.1	k141_11081	82315	79.497	4614	707	3988
MW366789.1	k141_11081	82315	89.637	2615	252	3489
MW366789.1	k141_11081	82315	74.089	4091	762	2521
MW366789.1	k141_11081	82315	79.344	2561	437	2205
MW366789.1	k141_11081	82315	84.965	1869	280	2101
MW366789.1	k141_11081	82315	85.006	1774	237	1973
MW366789.1	k141_11081	82315	82.039	1726	283	1704
MW366789.1	k141_11081	82315	77.400	1969	379	1510
MW366789.1	k141_11081	82315	73.861	2085	449	1278
MW366789.1	k141_11081	82315	77.208	1676	279	1223
MW366789.1	k141_11081	82315	76.899	1593	293	1210
MW366789.1	k141_11081	82315	82.800	1093	143	1115
MW366789.1	k141_11081	82315	83.648	899	130	952
MW366789.1	k141_11081	82315	78.739	1063	170	859
MW366789.1	k141_11081	82315	75.230	977	174	616
MW366789.1	k141_11081	82315	78.659	656	133	550
MW366789.1	k141_11081	82315	72.117	954	147	530
MW366789.1	k141_11081	82315	69.462	1097	244	456
MW366789.1	k141_11081	82315	84.058	414	61	445
MW366789.1	k141_11081	82315	71.510	881	147	430
MW366789.1	k141_11081	82315	72.050	805	168	426
MW366789.1	k141_11081	82315	74.730	649	152	411
MW366789.1	k141_11081	82315	74.568	637	119	381
MW366789.1	k141_11081	82315	75.751	466	113	332
MW366789.1	k141_11081	82315	73.083	587	138	329
MW366789.1	k141_11081	82315	73.105	554	106	308
MW366789.1	k141_11081	82315	81.132	318	49	296
MW366789.1	k141_11081	82315	72.477	545	97	288
MW366789.1	k141_11081	82315	75.309	405	68	282
MW366789.1	k141_11081	82315	75.309	405	68	282
MW366789.1	k141_11081	82315	83.262	233	37	242
MW366789.1	k141_11081	82315	81.781	247	38	241
MW366789.1	k141_11081	82315	78.889	270	52	226
MW366789.1	k141_11081	82315	77.228	303	54	223
MW366789.1	k141_11081	82315	87.356	174	22	215
MW366789.1	k141_11081	82315	74.247	365	78	209
MW366789.1	k141_11081	82315	65.789	874	197	208
MW366789.1	k141_11081	82315	81.043	211	35	192
MW366789.1	k141_11081	82315	90.714	140	12	191
MW366789.1	k141_11081	82315	71.935	367	62	177
MW366789.1	k141_11081	82315	77.273	242	45	176
MW366789.1	k141_11081	82315	76.446	242	47	167
MW366789.1	k141_11081	82315	84.314	153	17	161
MW366789.1	k141_11081	82315	94.792	96	5	151
MW366789.1	k141_11081	82315	74.274	241	39	145
MW366789.1	k141_11081	82315	95.699	93	1	144
MW366789.1	k141_11081	82315	95.699	93	1	144
MW366789.1	k141_11081	82315	80.226	177	24	141
MW366789.1	k141_11081	82315	81.379	145	26	137
MW366789.1	k141_11081	82315	90.722	97	9	135
MW366789.1	k141_11081	82315	82.456	114	20	116
MW366789.1	k141_11081	82315	68.023	344	101	115
MW366789.1	k141_11081	82315	68.023	344	101	115
MW366789.1	k141_11081	82315	75.152	165	41	113
MW366789.1	k141_11081	82315	75.152	165	41	113
MW366789.1	k141_11081	82315	85.567	97	13	109
MW366789.1	k141_11081	82315	90.909	77	7	108
MW366789.1	k141_11081	82315	90.909	77	7	108
MW366789.1	k141_11081	82315	86.170	94	9	106
MW366789.1	k141_11081	82315	69.828	232	38	105
MW366789.1	k141_11081	82315	90.411	73	6	97.8
MW366789.1	k141_11081	82315	76.190	126	30	93.3
MW366789.1	k141_11081	82315	76.190	126	30	93.3
MW366789.1	k141_11081	82315	87.671	73	9	92.4
MW366789.1	k141_11081	82315	84.337	83	11	85.1
MW366789.1	k141_11081	82315	70.330	182	34	72.5
MW366789.1	k141_11081	82315	83.871	62	10	68.0
MW366789.1	k141_11081	82315	83.871	62	10	68.0
MW366789.1	k141_11081	82315	79.104	67	14	59.0
MW366789.1	k141_11081	82315	79.104	67	14	59.0
MW366789.1	k141_11081	82315	75.676	74	17	50.0
MW366789.1	k141_11081	82315	67.188	128	42	42.8
MW366789.1	k141_11081	82315	67.188	128	42	42.8
MW366789.1	k141_136735	18800	80.521	4379	639	3979
MW366789.1	k141_136735	18800	80.521	4379	639	3979
MW366789.1	k141_136735	18800	80.159	1890	356	1709
MW366789.1	k141_136735	18800	75.339	2283	509	1561
MW366789.1	k141_136735	18800	72.766	1186	248	683
MW366789.1	k141_136735	18800	81.557	591	107	572
MW366789.1	k141_136735	18800	81.557	591	107	572
MW366789.1	k141_136735	18800	79.688	320	65	285
MW366789.1	k141_136735	18800	79.699	133	23	118
MW366789.1	k141_136735	18800	94.872	39	2	62.6
MW366789.1	k141_136735	18800	94.872	39	2	62.6
MW366789.1	k141_136735	18800	92.683	41	3	61.7
MW366789.1	k141_131185	29018	72.004	893	201	434
MW366789.1	k141_131185	29018	72.004	893	201	434
MW366789.1	k141_131185	29018	90.164	61	6	84.2
MW366789.1	k141_131185	29018	90.164	61	6	84.2
MW366789.1	k141_131185	29018	88.525	61	7	79.7
MW366789.1	k141_131185	29018	88.525	61	7	79.7
MW366789.1	k141_131185	29018	85.455	55	8	64.4
MW366789.1	k141_131185	29018	84.783	46	7	52.7
MW366789.1	k141_131185	29018	84.783	46	7	52.7
MW366789.1	k141_56722	15043	71.264	870	156	428
MW366789.1	k141_47945	4313	93.727	271	17	413
MW366789.1	k141_47945	4313	93.727	271	17	413
MW366789.1	k141_47945	4313	92.683	164	12	242
MW366789.1	k141_47945	4313	92.683	164	12	242
MW366789.1	k141_134059	9232	74.060	532	127	330
MW366789.1	k141_134059	9232	74.060	532	127	330
MW366789.1	k141_134059	9232	75.375	467	95	293
MW366789.1	k141_134059	9232	75.375	467	95	293
MW366789.1	k141_134059	9232	66.865	504	147	130
MW366789.1	k141_134059	9232	66.865	504	147	130
MW366789.1	k141_134059	9232	80.412	97	19	90.6
MW366789.1	k141_134059	9232	80.412	97	19	90.6
MW366789.1	k141_117460	12233	67.211	735	196	231
MW366789.1	k141_117460	12233	97.561	82	2	140
MW366789.1	k141_117460	12233	97.561	82	2	140
MW366789.1	k141_4895	2397	74.583	240	59	151
MW366789.1	k141_35637	8420	97.531	81	2	138
MW366789.1	k141_35637	8420	87.805	41	5	52.7
MW366789.1	k141_104537	578	85.000	120	18	136
MW366789.1	k141_57175	372	85.437	103	15	119
MW366789.1	k141_57175	372	85.437	103	15	119
MW366789.1	k141_80454	1754	94.667	75	4	118
MW366789.1	k141_80454	1754	94.667	75	4	118
MW366789.1	k141_47643	315	90.541	74	7	103
MW366789.1	k141_47643	315	90.541	74	7	103
MW366789.1	k141_61291	826	89.333	75	8	100
MW366789.1	k141_61291	826	89.333	75	8	100
MW366789.1	k141_85818	5816	76.154	130	31	96.0
MW366789.1	k141_85818	5816	90.164	61	6	84.2
MW366789.1	k141_85818	5816	90.164	61	6	84.2
MW366789.1	k141_85818	5816	88.525	61	7	79.7
MW366789.1	k141_85818	5816	88.525	61	7	79.7
MW366789.1	k141_46633	752	82.955	88	15	92.4
MW366789.1	k141_46633	752	82.955	88	15	92.4
MW366789.1	k141_108300	388	86.765	68	9	83.3
MW366789.1	k141_107786	831	85.507	69	10	80.6
MW366789.1	k141_107786	831	85.507	69	10	80.6
MW366789.1	k141_105301	310	84.127	63	10	69.8
MW366789.1	k141_105301	310	84.127	63	10	69.8
MW366789.1	k141_75796	467	90.000	50	5	68.9
MW366789.1	k141_49685	3996	76.404	89	21	67.1
MW366789.1	k141_35635	356	77.922	77	6	64.4
MW366789.1	k141_35635	356	77.922	77	6	64.4
MW366789.1	k141_35635	356	77.922	77	6	64.4
MW366789.1	k141_108755	309	83.636	55	9	59.9
MW366789.1	k141_108755	309	83.636	55	9	59.9
MW366789.1	k141_109416	571	85.106	47	7	54.5
MW366789.1	k141_109416	571	85.106	47	7	54.5
MW366789.1	k141_109416	571	85.106	47	7	54.5
MW366789.1	k141_150818	488	82.927	41	7	43.7
KT899950.1	k141_126560	24238	91.201	9603	459	13559
KT899950.1	k141_126560	24238	91.201	9603	459	13559
KT899950.1	k141_126560	24238	93.875	5665	198	8652
KT899950.1	k141_126560	24238	93.875	5665	198	8652
KT899950.1	k141_126560	24238	90.992	5728	401	8018
KT899950.1	k141_126560	24238	90.992	5728	401	8018
KT899950.1	k141_126560	24238	89.005	2974	211	3949
KT899950.1	k141_126560	24238	89.787	2859	201	3886
KT899950.1	k141_126560	24238	92.041	779	50	1128
KT899950.1	k141_126560	24238	92.041	779	50	1128
KT899950.1	k141_126560	24238	95.238	42	2	68.0
KT899950.1	k141_126560	24238	95.238	42	2	68.0
KT899950.1	k141_126560	24238	94.872	39	2	62.6
KT899950.1	k141_126560	24238	86.842	38	5	47.3
KT899950.1	k141_11081	82315	83.086	12463	1754	12931
KT899950.1	k141_11081	82315	89.339	5797	506	7612
KT899950.1	k141_11081	82315	80.754	6682	888	6143
KT899950.1	k141_11081	82315	82.031	5415	695	5328
KT899950.1	k141_11081	82315	87.902	3017	275	3787
KT899950.1	k141_11081	82315	80.908	3855	605	3595
KT899950.1	k141_11081	82315	84.735	2509	326	2764
KT899950.1	k141_11081	82315	76.730	3468	532	2526
KT899950.1	k141_11081	82315	85.499	1855	230	2128
KT899950.1	k141_11081	82315	81.086	2210	352	2067
KT899950.1	k141_11081	82315	81.568	2105	266	2031
KT899950.1	k141_11081	82315	87.212	1517	151	1856
KT899950.1	k141_11081	82315	76.453	2306	411	1673
KT899950.1	k141_11081	82315	87.934	1036	85	1301
KT899950.1	k141_11081	82315	82.292	1265	184	1281
KT899950.1	k141_11081	82315	76.946	1644	327	1241
KT899950.1	k141_11081	82315	75.020	1261	189	874
KT899950.1	k141_11081	82315	77.826	1141	162	869
KT899950.1	k141_11081	82315	84.593	701	101	775
KT899950.1	k141_11081	82315	71.542	1265	192	657
KT899950.1	k141_11081	82315	75.510	931	135	636
KT899950.1	k141_11081	82315	82.753	574	70	571
KT899950.1	k141_11081	82315	75.293	769	115	504
KT899950.1	k141_11081	82315	78.439	538	84	432
KT899950.1	k141_11081	82315	77.080	589	84	424
KT899950.1	k141_11081	82315	87.267	322	34	394
KT899950.1	k141_11081	82315	75.643	583	114	370
KT899950.1	k141_11081	82315	75.654	382	55	264
KT899950.1	k141_11081	82315	76.923	338	48	259
KT899950.1	k141_11081	82315	83.544	237	28	249
KT899950.1	k141_11081	82315	89.005	191	20	247
KT899950.1	k141_11081	82315	77.895	285	58	231
KT899950.1	k141_11081	82315	75.235	319	48	212
KT899950.1	k141_11081	82315	76.987	239	39	180
KT899950.1	k141_11081	82315	90.400	125	11	168
KT899950.1	k141_11081	82315	96.809	94	3	157
KT899950.1	k141_11081	82315	75.983	229	37	155
KT899950.1	k141_11081	82315	86.400	125	15	142
KT899950.1	k141_11081	82315	98.795	83	0	142
KT899950.1	k141_11081	82315	94.318	88	5	137
KT899950.1	k141_11081	82315	76.970	165	38	127
KT899950.1	k141_11081	82315	65.180	583	173	114
KT899950.1	k141_11081	82315	79.675	123	22	108
KT899950.1	k141_11081	82315	97.561	41	1	70.7
KT899950.1	k141_11081	82315	97.561	41	1	70.7
KT899950.1	k141_11081	82315	70.988	162	32	68.0
KT899950.1	k141_11081	82315	75.806	62	15	45.5
KT899950.1	k141_136735	18800	83.297	2748	374	2815
KT899950.1	k141_136735	18800	83.928	1991	295	2126
KT899950.1	k141_136735	18800	79.587	2371	430	2080
KT899950.1	k141_136735	18800	83.221	1335	187	1378
KT899950.1	k141_136735	18800	80.868	1129	175	1050
KT899950.1	k141_136735	18800	77.920	1173	224	917
KT899950.1	k141_136735	18800	85.049	515	62	582
KT899950.1	k141_136735	18800	85.049	515	62	582
KT899950.1	k141_136735	18800	72.950	695	173	398
KT899950.1	k141_136735	18800	70.503	756	165	330
KT899950.1	k141_136735	18800	68.068	761	171	279
KT899950.1	k141_136735	18800	71.875	448	102	226
KT899950.1	k141_136735	18800	91.489	141	12	201
KT899950.1	k141_136735	18800	91.489	141	12	201
KT899950.1	k141_136735	18800	69.742	271	66	116
KT899950.1	k141_136735	18800	97.436	39	1	67.1
KT899950.1	k141_136735	18800	97.436	39	1	67.1
KT899950.1	k141_136735	18800	92.857	42	3	63.5
KT899950.1	k141_56722	15043	76.270	1142	155	794
KT899950.1	k141_131185	29018	72.872	881	200	471
KT899950.1	k141_131185	29018	72.872	881	200	471
KT899950.1	k141_131185	29018	78.409	264	55	213
KT899950.1	k141_131185	29018	78.409	264	55	213
KT899950.1	k141_131185	29018	86.885	61	8	75.2
KT899950.1	k141_131185	29018	86.885	61	8	75.2
KT899950.1	k141_47945	4313	92.171	281	21	405
KT899950.1	k141_47945	4313	89.091	165	18	217
KT899950.1	k141_134059	9232	74.436	532	125	339
KT899950.1	k141_134059	9232	74.436	532	125	339
KT899950.1	k141_134059	9232	74.522	471	90	287
KT899950.1	k141_134059	9232	74.522	471	90	287
KT899950.1	k141_134059	9232	65.571	517	146	110
KT899950.1	k141_134059	9232	65.571	517	146	110
KT899950.1	k141_134059	9232	81.443	97	18	95.1
KT899950.1	k141_134059	9232	81.443	97	18	95.1
KT899950.1	k141_4895	2397	86.071	280	39	330
KT899950.1	k141_125240	886	96.000	125	5	204
KT899950.1	k141_125240	886	96.000	125	5	204
KT899950.1	k141_100513	10261	80.952	210	34	196
KT899950.1	k141_117460	12233	65.258	852	245	186
KT899950.1	k141_117460	12233	97.436	78	2	132
KT899950.1	k141_107786	831	96.396	111	4	183
KT899950.1	k141_107786	831	96.396	111	4	183
KT899950.1	k141_35637	8420	72.941	340	54	170
KT899950.1	k141_35637	8420	82.184	174	19	154
KT899950.1	k141_57175	372	92.308	104	8	152
KT899950.1	k141_104537	578	86.777	121	16	147
KT899950.1	k141_80454	1754	96.471	85	3	141
KT899950.1	k141_80454	1754	96.471	85	3	141
KT899950.1	k141_85818	5816	83.333	126	21	133
KT899950.1	k141_85818	5816	86.885	61	8	75.2
KT899950.1	k141_85818	5816	86.885	61	8	75.2
KT899950.1	k141_47643	315	93.243	74	5	112
KT899950.1	k141_42364	2942	71.978	182	47	94.2
KT899950.1	k141_42364	2942	71.978	182	47	94.2
KT899950.1	k141_61291	826	87.838	74	9	94.2
KT899950.1	k141_95818	465	91.935	62	5	90.6
KT899950.1	k141_46633	752	81.818	88	16	87.8
KT899950.1	k141_108300	388	87.143	70	9	86.9
KT899950.1	k141_105301	310	84.000	75	11	78.8
KT899950.1	k141_105301	310	84.000	75	11	78.8
KT899950.1	k141_80879	547	90.741	54	5	76.1
KT899950.1	k141_80879	547	90.741	54	5	76.1
KT899950.1	k141_75796	467	92.000	50	4	73.4
KT899950.1	k141_49685	3996	80.000	80	16	73.4
KT899950.1	k141_108755	309	87.273	55	7	68.9
KT899950.1	k141_108755	309	87.273	55	7	68.9
KT899950.1	k141_138960	6479	87.500	48	6	60.8
KT899950.1	k141_138960	6479	87.500	48	6	60.8
KT899950.1	k141_35530	454	89.744	39	4	53.6
KT899950.1	k141_35530	454	89.744	39	4	53.6
KT899950.1	k141_109416	571	82.979	47	8	50.0
KT899950.1	k141_109416	571	82.979	47	8	50.0
GU191334.1	k141_126560	24238	90.445	3391	248	4634
GU191334.1	k141_126560	24238	90.445	3391	248	4634
GU191334.1	k141_126560	24238	86.909	2643	237	3157
GU191334.1	k141_126560	24238	86.909	2643	237	3157
GU191334.1	k141_126560	24238	78.614	996	154	818
GU191334.1	k141_126560	24238	78.614	996	154	818
GU191334.1	k141_126560	24238	76.084	669	152	471
GU191334.1	k141_126560	24238	76.018	442	106	320
GU191334.1	k141_126560	24238	72.710	524	143	301
GU191334.1	k141_126560	24238	71.622	518	143	271
GU191334.1	k141_126560	24238	77.273	308	70	241
GU191334.1	k141_126560	24238	89.103	156	16	202
GU191334.1	k141_126560	24238	89.103	156	16	202
GU191334.1	k141_126560	24238	94.937	79	4	125
GU191334.1	k141_126560	24238	94.937	79	4	125
GU191334.1	k141_126560	24238	92.000	75	6	109
GU191334.1	k141_126560	24238	92.000	75	6	109
GU191334.1	k141_126560	24238	89.474	76	8	102
GU191334.1	k141_126560	24238	86.957	46	6	57.2
GU191334.1	k141_11081	82315	81.960	4540	817	4488
GU191334.1	k141_11081	82315	83.661	2442	399	2606
GU191334.1	k141_11081	82315	84.156	1439	228	1568
GU191334.1	k141_11081	82315	69.636	3682	1023	1483
GU191334.1	k141_11081	82315	80.215	1582	311	1440
GU191334.1	k141_11081	82315	89.187	1082	115	1422
GU191334.1	k141_11081	82315	78.174	1709	360	1381
GU191334.1	k141_11081	82315	72.680	2328	541	1318
GU191334.1	k141_11081	82315	83.593	707	105	749
GU191334.1	k141_11081	82315	76.854	890	202	663
GU191334.1	k141_11081	82315	73.066	1099	280	627
GU191334.1	k141_11081	82315	75.548	912	189	626
GU191334.1	k141_11081	82315	70.229	1310	358	584
GU191334.1	k141_11081	82315	81.932	559	94	537
GU191334.1	k141_11081	82315	67.155	1775	452	507
GU191334.1	k141_11081	82315	76.437	696	151	506
GU191334.1	k141_11081	82315	80.479	543	104	499
GU191334.1	k141_11081	82315	74.063	694	176	435
GU191334.1	k141_11081	82315	76.403	606	117	432
GU191334.1	k141_11081	82315	78.602	472	97	391
GU191334.1	k141_11081	82315	70.611	769	219	357
GU191334.1	k141_11081	82315	77.477	444	96	345
GU191334.1	k141_11081	82315	79.019	367	77	315
GU191334.1	k141_11081	82315	83.268	257	43	270
GU191334.1	k141_11081	82315	69.449	671	194	256
GU191334.1	k141_11081	82315	69.369	555	121	234
GU191334.1	k141_11081	82315	75.692	325	79	231
GU191334.1	k141_11081	82315	76.080	301	72	219
GU191334.1	k141_11081	82315	70.455	440	97	211
GU191334.1	k141_11081	82315	69.144	444	102	197
GU191334.1	k141_11081	82315	66.770	644	212	190
GU191334.1	k141_11081	82315	78.469	209	45	175
GU191334.1	k141_11081	82315	78.241	216	44	168
GU191334.1	k141_11081	82315	67.500	520	157	151
GU191334.1	k141_11081	82315	77.487	191	43	151
GU191334.1	k141_11081	82315	68.137	408	120	141
GU191334.1	k141_11081	82315	74.312	218	56	141
GU191334.1	k141_11081	82315	82.353	136	24	138
GU191334.1	k141_11081	82315	82.270	141	20	138
GU191334.1	k141_11081	82315	68.675	415	98	133
GU191334.1	k141_11081	82315	92.222	90	6	128
GU191334.1	k141_11081	82315	82.114	123	22	123
GU191334.1	k141_11081	82315	97.260	73	2	123
GU191334.1	k141_11081	82315	93.671	79	5	121
GU191334.1	k141_11081	82315	66.087	575	123	120
GU191334.1	k141_11081	82315	90.000	90	7	120
GU191334.1	k141_11081	82315	75.758	165	40	118
GU191334.1	k141_11081	82315	79.545	132	27	117
GU191334.1	k141_11081	82315	89.535	86	9	115
GU191334.1	k141_11081	82315	89.412	85	7	111
GU191334.1	k141_11081	82315	92.105	76	6	111
GU191334.1	k141_11081	82315	91.892	74	6	107
GU191334.1	k141_11081	82315	90.789	76	7	106
GU191334.1	k141_11081	82315	76.087	138	24	100
GU191334.1	k141_11081	82315	88.312	77	9	99.6
GU191334.1	k141_11081	82315	76.316	152	22	98.7
GU191334.1	k141_11081	82315	81.111	90	17	86.9
GU191334.1	k141_11081	82315	77.500	120	19	85.1
GU191334.1	k141_11081	82315	75.214	117	29	81.5
GU191334.1	k141_11081	82315	84.507	71	11	79.7
GU191334.1	k141_11081	82315	78.409	88	19	74.3
GU191334.1	k141_11081	82315	77.108	83	19	65.3
GU191334.1	k141_11081	82315	97.368	38	1	65.3
GU191334.1	k141_11081	82315	85.417	48	6	52.7
GU191334.1	k141_136735	18800	77.051	1743	390	1314
GU191334.1	k141_136735	18800	70.920	1826	493	880
GU191334.1	k141_136735	18800	74.532	1174	243	730
GU191334.1	k141_136735	18800	70.931	1407	379	663
GU191334.1	k141_136735	18800	67.488	812	225	256
GU191334.1	k141_136735	18800	74.026	308	80	196
GU191334.1	k141_136735	18800	92.593	81	6	120
GU191334.1	k141_136735	18800	69.710	241	69	101
GU191334.1	k141_136735	18800	75.701	107	26	77.0
GU191334.1	k141_136735	18800	74.545	110	28	73.4
GU191334.1	k141_131185	29018	73.043	894	198	480
GU191334.1	k141_131185	29018	73.043	894	198	480
GU191334.1	k141_131185	29018	78.030	264	56	208
GU191334.1	k141_131185	29018	78.030	264	56	208
GU191334.1	k141_131185	29018	88.525	61	7	79.7
GU191334.1	k141_131185	29018	88.525	61	7	79.7
GU191334.1	k141_134059	9232	74.388	531	127	335
GU191334.1	k141_134059	9232	74.388	531	127	335
GU191334.1	k141_134059	9232	74.304	467	98	281
GU191334.1	k141_134059	9232	74.304	467	98	281
GU191334.1	k141_134059	9232	76.119	134	30	96.0
GU191334.1	k141_134059	9232	76.119	134	30	96.0
GU191334.1	k141_134059	9232	64.634	492	141	93.3
GU191334.1	k141_134059	9232	64.634	492	141	93.3
GU191334.1	k141_117460	12233	67.689	848	231	279
GU191334.1	k141_47945	4313	81.004	279	52	261
GU191334.1	k141_47945	4313	85.185	162	24	185
GU191334.1	k141_4895	2397	75.000	232	58	158
GU191334.1	k141_35637	8420	94.737	76	4	120
GU191334.1	k141_56722	15043	86.316	95	9	113
GU191334.1	k141_56722	15043	89.873	79	8	107
GU191334.1	k141_56722	15043	74.797	123	26	78.8
GU191334.1	k141_80454	1754	87.838	74	9	94.2
GU191334.1	k141_80454	1754	87.838	74	9	94.2
GU191334.1	k141_57175	372	79.612	103	21	92.4
GU191334.1	k141_85818	5816	88.525	61	7	79.7
GU191334.1	k141_85818	5816	88.525	61	7	79.7
GU191334.1	k141_49685	3996	79.012	81	17	70.7
GU191334.1	k141_105301	310	83.871	62	10	68.0
GU191334.1	k141_105301	310	83.871	62	10	68.0
GU191334.1	k141_47643	315	80.556	72	14	68.0
GU191334.1	k141_61291	826	77.273	66	15	52.7
GU191334.1	k141_108300	388	76.923	65	15	50.9
GU191334.1	k141_46633	752	83.333	42	7	45.5
