MZ962720.1	k141_11541	56475	88.329	5261	538	6685
MZ962720.1	k141_11541	56475	88.799	2955	285	3816
MZ962720.1	k141_11541	56475	80.075	4020	681	3617
MZ962720.1	k141_11541	56475	78.787	4106	626	3415
MZ962720.1	k141_11541	56475	80.024	3374	564	3047
MZ962720.1	k141_11541	56475	85.843	1893	251	2208
MZ962720.1	k141_11541	56475	86.554	1651	186	1969
MZ962720.1	k141_11541	56475	83.380	1799	250	1874
MZ962720.1	k141_11541	56475	91.254	1132	95	1595
MZ962720.1	k141_11541	56475	76.376	2180	316	1551
MZ962720.1	k141_11541	56475	73.709	2130	451	1253
MZ962720.1	k141_11541	56475	84.558	939	114	1028
MZ962720.1	k141_11541	56475	82.958	933	153	958
MZ962720.1	k141_11541	56475	77.116	957	156	692
MZ962720.1	k141_11541	56475	76.812	759	152	571
MZ962720.1	k141_11541	56475	70.572	1118	242	535
MZ962720.1	k141_11541	56475	73.918	855	132	507
MZ962720.1	k141_11541	56475	71.323	945	178	472
MZ962720.1	k141_11541	56475	68.544	1243	217	461
MZ962720.1	k141_11541	56475	70.179	949	167	406
MZ962720.1	k141_11541	56475	75.461	542	102	357
MZ962720.1	k141_11541	56475	76.221	471	76	315
MZ962720.1	k141_11541	56475	76.157	432	74	292
MZ962720.1	k141_11541	56475	84.674	261	31	290
MZ962720.1	k141_11541	56475	85.130	269	33	289
MZ962720.1	k141_11541	56475	86.475	244	31	289
MZ962720.1	k141_11541	56475	85.238	210	22	243
MZ962720.1	k141_11541	56475	85.238	210	22	243
MZ962720.1	k141_11541	56475	85.572	201	24	224
MZ962720.1	k141_11541	56475	75.641	312	64	223
MZ962720.1	k141_11541	56475	81.818	231	31	215
MZ962720.1	k141_11541	56475	81.818	231	31	215
MZ962720.1	k141_11541	56475	83.429	175	25	185
MZ962720.1	k141_11541	56475	73.529	272	21	181
MZ962720.1	k141_11541	56475	87.591	137	16	168
MZ962720.1	k141_11541	56475	96.809	94	3	157
MZ962720.1	k141_11541	56475	75.785	223	39	155
MZ962720.1	k141_11541	56475	80.357	168	28	155
MZ962720.1	k141_11541	56475	89.474	114	9	150
MZ962720.1	k141_11541	56475	86.179	123	16	142
MZ962720.1	k141_11541	56475	92.632	95	5	138
MZ962720.1	k141_11541	56475	85.039	127	10	130
MZ962720.1	k141_11541	56475	65.872	545	162	117
MZ962720.1	k141_11541	56475	87.368	95	8	113
MZ962720.1	k141_11541	56475	67.674	331	89	104
MZ962720.1	k141_11541	56475	75.676	148	31	101
MZ962720.1	k141_11541	56475	86.585	82	7	98.7
MZ962720.1	k141_11541	56475	86.585	82	7	98.7
MZ962720.1	k141_11541	56475	81.000	100	18	92.4
MZ962720.1	k141_11541	56475	86.667	75	10	91.5
MZ962720.1	k141_11541	56475	87.838	74	8	90.6
MZ962720.1	k141_11541	56475	68.534	232	69	76.1
MZ962720.1	k141_11541	56475	87.931	58	7	74.3
MZ962720.1	k141_11541	56475	90.000	50	5	68.9
MZ962720.1	k141_11541	56475	92.500	40	3	59.9
MZ962720.1	k141_11541	56475	92.500	40	3	59.9
MZ962720.1	k141_11541	56475	77.143	70	16	55.4
MZ962720.1	k141_11541	56475	80.702	57	11	54.5
MZ962720.1	k141_11541	56475	84.783	46	7	52.7
MZ962720.1	k141_11541	56475	81.633	49	9	49.1
MZ962720.1	k141_11541	56475	67.516	157	49	47.3
MZ962720.1	k141_53415	24595	80.382	5765	735	5213
MZ962720.1	k141_53415	24595	78.982	2122	377	1802
MZ962720.1	k141_53415	24595	85.617	1175	125	1352
MZ962720.1	k141_53415	24595	77.524	1575	284	1227
MZ962720.1	k141_53415	24595	73.178	1331	256	756
MZ962720.1	k141_53415	24595	70.580	1448	205	724
MZ962720.1	k141_53415	24595	82.492	634	103	642
MZ962720.1	k141_53415	24595	75.317	867	136	584
MZ962720.1	k141_53415	24595	67.876	1158	219	383
MZ962720.1	k141_53415	24595	75.000	548	112	362
MZ962720.1	k141_53415	24595	75.989	379	52	291
MZ962720.1	k141_53415	24595	73.660	429	60	277
MZ962720.1	k141_53415	24595	73.660	429	60	277
MZ962720.1	k141_53415	24595	71.043	556	131	260
MZ962720.1	k141_53415	24595	76.527	311	50	226
MZ962720.1	k141_53415	24595	79.724	217	31	192
MZ962720.1	k141_53415	24595	79.724	217	31	192
MZ962720.1	k141_53415	24595	72.755	323	80	176
MZ962720.1	k141_53415	24595	73.529	272	37	162
MZ962720.1	k141_53415	24595	82.353	136	24	138
MZ962720.1	k141_53415	24595	85.577	104	9	122
MZ962720.1	k141_53415	24595	85.577	104	9	122
MZ962720.1	k141_53415	24595	76.316	152	32	112
MZ962720.1	k141_53415	24595	77.953	127	15	102
MZ962720.1	k141_53415	24595	80.734	109	18	92.4
MZ962720.1	k141_53415	24595	76.577	111	13	82.4
MZ962720.1	k141_53415	24595	79.775	89	18	80.6
MZ962720.1	k141_53415	24595	79.775	89	18	80.6
MZ962720.1	k141_53415	24595	79.775	89	18	80.6
MZ962720.1	k141_101397	19419	92.451	3007	143	4386
MZ962720.1	k141_101397	19419	92.451	3007	143	4386
MZ962720.1	k141_101397	19419	90.983	3061	184	4310
MZ962720.1	k141_101397	19419	90.983	3061	184	4310
MZ962720.1	k141_101397	19419	89.332	2634	180	3480
MZ962720.1	k141_101397	19419	89.332	2634	180	3480
MZ962720.1	k141_101397	19419	92.098	1873	105	2664
MZ962720.1	k141_101397	19419	92.098	1873	105	2664
MZ962720.1	k141_101397	19419	86.083	2055	189	2365
MZ962720.1	k141_101397	19419	86.083	2055	189	2365
MZ962720.1	k141_101397	19419	79.537	821	81	748
MZ962720.1	k141_101397	19419	80.280	715	80	655
MZ962720.1	k141_101397	19419	80.280	715	80	655
MZ962720.1	k141_101397	19419	81.069	449	44	415
MZ962720.1	k141_101397	19419	81.069	449	44	415
MZ962720.1	k141_101397	19419	83.990	381	54	401
MZ962720.1	k141_101397	19419	83.990	381	54	401
MZ962720.1	k141_101397	19419	85.762	302	30	350
MZ962720.1	k141_101397	19419	85.762	302	30	350
MZ962720.1	k141_101397	19419	83.824	272	40	283
MZ962720.1	k141_101397	19419	83.824	272	40	283
MZ962720.1	k141_101397	19419	75.881	369	47	267
MZ962720.1	k141_101397	19419	75.881	369	47	267
MZ962720.1	k141_101397	19419	85.340	191	22	220
MZ962720.1	k141_101397	19419	78.037	214	18	169
MZ962720.1	k141_101397	19419	78.037	214	18	169
MZ962720.1	k141_101397	19419	86.585	82	7	98.7
MZ962720.1	k141_101397	19419	86.585	82	7	98.7
MZ962720.1	k141_101397	19419	88.679	53	5	66.2
MZ962720.1	k141_101397	19419	88.679	53	5	66.2
MZ962720.1	k141_101397	19419	88.636	44	5	58.1
MZ962720.1	k141_56017	12963	82.997	3970	519	4113
MZ962720.1	k141_56017	12963	82.997	3970	519	4113
MZ962720.1	k141_56017	12963	81.238	2036	342	1928
MZ962720.1	k141_56017	12963	77.983	2271	457	1822
MZ962720.1	k141_56017	12963	76.382	1067	212	784
MZ962720.1	k141_56017	12963	83.546	705	99	728
MZ962720.1	k141_56017	12963	83.546	705	99	728
MZ962720.1	k141_56017	12963	82.188	320	57	321
MZ962720.1	k141_56017	12963	95.745	141	6	228
MZ962720.1	k141_56017	12963	95.745	141	6	228
MZ962720.1	k141_56017	12963	88.542	96	10	121
MZ962720.1	k141_98502	2312	86.749	2015	203	2421
MZ962720.1	k141_98502	2312	86.749	2015	203	2421
MZ962720.1	k141_98502	2312	80.080	251	46	218
MZ962720.1	k141_98502	2312	80.080	251	46	218
MZ962720.1	k141_98502	2312	79.167	120	25	104
MZ962720.1	k141_98502	2312	79.167	120	25	104
MZ962720.1	k141_98502	2312	66.805	241	39	94.2
MZ962720.1	k141_98502	2312	66.805	241	39	94.2
MZ962720.1	k141_98502	2312	86.538	52	7	63.5
MZ962720.1	k141_98502	2312	86.538	52	7	63.5
MZ962720.1	k141_53686	1700	91.429	455	39	645
MZ962720.1	k141_11371	8244	70.848	1156	272	517
MZ962720.1	k141_11371	8244	70.848	1156	272	517
MZ962720.1	k141_55800	4953	71.833	884	211	430
MZ962720.1	k141_55800	4953	71.833	884	211	430
MZ962720.1	k141_55800	4953	88.333	60	7	77.9
MZ962720.1	k141_55800	4953	88.333	60	7	77.9
MZ962720.1	k141_55800	4953	88.333	60	7	77.9
MZ962720.1	k141_33083	5400	86.145	332	41	392
MZ962720.1	k141_13935	1360	85.350	314	42	354
MZ962720.1	k141_13935	1360	86.179	123	15	139
MZ962720.1	k141_11975	5143	78.643	398	67	334
MZ962720.1	k141_11975	5143	77.119	118	26	88.7
MZ962720.1	k141_5466	5899	73.446	531	83	321
MZ962720.1	k141_5466	5899	95.098	102	4	159
MZ962720.1	k141_32996	528	75.827	393	63	269
MZ962720.1	k141_97490	1016	80.986	284	44	265
MZ962720.1	k141_97490	1016	80.986	284	44	265
MZ962720.1	k141_27110	3258	71.554	457	62	251
MZ962720.1	k141_4608	1007	97.143	140	4	235
MZ962720.1	k141_87630	1519	66.423	822	237	224
MZ962720.1	k141_104103	5673	89.256	121	11	158
MZ962720.1	k141_71447	2336	90.741	108	10	150
MZ962720.1	k141_71447	2336	90.741	108	10	150
MZ962720.1	k141_76294	1026	78.857	175	37	150
MZ962720.1	k141_61261	2434	86.441	118	14	139
MZ962720.1	k141_61261	2434	86.441	118	14	139
MZ962720.1	k141_96435	465	86.441	118	15	138
MZ962720.1	k141_96435	465	86.441	118	15	138
MZ962720.1	k141_75414	484	94.318	88	5	137
MZ962720.1	k141_75414	484	94.318	88	5	137
MZ962720.1	k141_79724	858	88.350	103	12	132
MZ962720.1	k141_97868	2322	90.526	95	9	132
MZ962720.1	k141_8929	850	82.540	126	17	129
MZ962720.1	k141_8892	630	82.540	126	17	129
MZ962720.1	k141_3555	629	90.217	92	9	126
MZ962720.1	k141_69564	3002	92.308	78	6	114
MZ962720.1	k141_69564	3002	82.432	74	13	76.1
MZ962720.1	k141_59634	418	87.778	90	11	113
MZ962720.1	k141_16322	459	83.333	108	17	111
MZ962720.1	k141_16322	459	83.333	108	17	111
MZ962720.1	k141_56135	1047	73.034	178	35	99.6
MZ962720.1	k141_13056	333	96.364	55	2	91.5
MZ962720.1	k141_13056	333	96.364	55	2	91.5
MZ962720.1	k141_107562	617	94.737	57	3	90.6
MZ962720.1	k141_107562	617	94.737	57	3	90.6
MZ962720.1	k141_87743	550	91.935	62	5	90.6
MZ962720.1	k141_3277	1161	85.333	75	11	86.9
MZ962720.1	k141_17195	1819	70.621	177	52	86.0
MZ962720.1	k141_17195	1819	70.621	177	52	86.0
MZ962720.1	k141_74343	661	90.164	61	6	84.2
MZ962720.1	k141_94190	889	90.741	54	4	72.5
MZ962720.1	k141_94190	889	90.741	54	4	72.5
MZ962720.1	k141_97539	1598	90.385	52	5	72.5
MZ962720.1	k141_94957	2027	72.581	124	25	70.7
MZ962720.1	k141_94957	2027	72.581	124	25	70.7
MZ962720.1	k141_53583	587	87.273	55	7	68.9
MZ962720.1	k141_53583	587	87.273	55	7	68.9
MZ962720.1	k141_74510	523	82.090	67	12	68.0
MZ962720.1	k141_74510	523	82.090	67	12	68.0
MZ962720.1	k141_106031	550	87.500	56	6	67.1
MZ962720.1	k141_43349	2103	72.034	118	33	65.3
MZ962720.1	k141_21325	348	87.500	48	6	60.8
MZ962720.1	k141_21325	348	87.500	48	6	60.8
MZ962720.1	k141_13170	674	91.892	37	3	54.5
MZ962720.1	k141_13170	674	91.892	37	3	54.5
MH569081.1	k141_11541	56475	95.256	18403	512	29213
MH569081.1	k141_11541	56475	95.158	16109	442	25573
MH569081.1	k141_11541	56475	94.463	12515	393	19459
MH569081.1	k141_11541	56475	96.315	5563	141	9112
MH569081.1	k141_11541	56475	89.027	1686	64	2244
MH569081.1	k141_11541	56475	89.799	1539	55	2084
MH569081.1	k141_11541	56475	99.291	141	1	251
MH569081.1	k141_11541	56475	99.291	141	1	251
MH569081.1	k141_11541	56475	94.245	139	7	212
MH569081.1	k141_11541	56475	94.245	139	7	212
MH569081.1	k141_11541	56475	74.020	204	38	130
MH569081.1	k141_11541	56475	71.574	197	38	111
MH569081.1	k141_11541	56475	67.702	322	90	107
MH569081.1	k141_11541	56475	73.006	163	44	96.9
MH569081.1	k141_11541	56475	72.078	154	28	85.1
MH569081.1	k141_11541	56475	69.536	151	31	70.7
MH569081.1	k141_11541	56475	81.159	69	12	63.5
MH569081.1	k141_11541	56475	78.873	71	15	61.7
MH569081.1	k141_11541	56475	87.500	48	6	60.8
MH569081.1	k141_11541	56475	88.889	45	5	59.9
MH569081.1	k141_11541	56475	88.889	45	5	59.9
MH569081.1	k141_11541	56475	67.516	157	49	47.3
MH569081.1	k141_11541	56475	66.879	157	50	42.8
MH569081.1	k141_11541	56475	77.551	49	11	40.1
MH569081.1	k141_11541	56475	82.051	39	7	40.1
MH569081.1	k141_53415	24595	95.125	15529	399	24618
MH569081.1	k141_53415	24595	93.224	5785	172	8698
MH569081.1	k141_53415	24595	94.272	2322	85	3591
MH569081.1	k141_53415	24595	98.718	234	3	409
MH569081.1	k141_53415	24595	98.718	234	3	409
MH569081.1	k141_53415	24595	94.245	139	7	212
MH569081.1	k141_53415	24595	90.909	143	8	200
MH569081.1	k141_53415	24595	94.595	37	2	59.0
MH569081.1	k141_53415	24595	86.957	46	4	50.0
MH569081.1	k141_101397	19419	98.954	10520	82	18452
MH569081.1	k141_101397	19419	98.953	10508	82	18430
MH569081.1	k141_101397	19419	99.086	4921	28	8670
MH569081.1	k141_101397	19419	99.086	4921	28	8670
MH569081.1	k141_101397	19419	97.406	3315	32	5617
MH569081.1	k141_101397	19419	97.406	3315	32	5617
MH569081.1	k141_101397	19419	97.746	355	8	605
MH569081.1	k141_101397	19419	97.746	355	8	605
MH569081.1	k141_101397	19419	97.917	48	1	83.3
MH569081.1	k141_101397	19419	91.489	47	4	68.0
MH569081.1	k141_101397	19419	91.489	47	4	68.0
MH569081.1	k141_101397	19419	88.889	45	5	59.9
MH569081.1	k141_56017	12963	94.796	5284	179	8268
MH569081.1	k141_56017	12963	95.262	3947	133	6270
MH569081.1	k141_56017	12963	92.184	3595	173	5278
MH569081.1	k141_56017	12963	100.000	141	0	255
MH569081.1	k141_56017	12963	100.000	129	0	233
MH569081.1	k141_56017	12963	97.500	40	1	68.9
MH569081.1	k141_56017	12963	89.583	48	5	65.3
MH569081.1	k141_56017	12963	77.551	49	11	40.1
MH569081.1	k141_98502	2312	98.485	2310	33	4002
MH569081.1	k141_98502	2312	98.485	2310	33	4002
MH569081.1	k141_98502	2312	80.392	102	15	90.6
MH569081.1	k141_13935	1360	87.130	979	84	1155
MH569081.1	k141_5466	5899	81.020	843	116	794
MH569081.1	k141_53686	1700	97.186	462	12	772
MH569081.1	k141_32996	528	86.213	544	38	655
MH569081.1	k141_76294	1026	81.894	602	63	587
MH569081.1	k141_76294	1026	92.857	154	10	225
MH569081.1	k141_11371	8244	71.156	1151	273	520
MH569081.1	k141_11371	8244	71.156	1151	273	520
MH569081.1	k141_11371	8244	74.648	142	34	87.8
MH569081.1	k141_11371	8244	74.648	142	34	87.8
MH569081.1	k141_33083	5400	97.039	304	9	508
MH569081.1	k141_97490	1016	96.284	296	3	483
MH569081.1	k141_97490	1016	96.284	296	3	483
MH569081.1	k141_55800	4953	72.374	876	213	457
MH569081.1	k141_55800	4953	72.374	876	213	457
MH569081.1	k141_55800	4953	90.000	60	6	82.4
MH569081.1	k141_55800	4953	90.000	60	6	82.4
MH569081.1	k141_11975	5143	77.728	449	70	346
MH569081.1	k141_11975	5143	85.000	120	17	132
MH569081.1	k141_27110	3258	74.755	511	60	335
MH569081.1	k141_35025	589	97.727	176	4	300
MH569081.1	k141_35025	589	97.727	176	4	300
MH569081.1	k141_66368	3174	98.802	167	2	293
MH569081.1	k141_66368	3174	98.802	167	2	293
MH569081.1	k141_4608	1007	100.000	140	0	253
MH569081.1	k141_105025	1320	81.538	260	27	245
MH569081.1	k141_87630	1519	67.148	761	199	229
MH569081.1	k141_71447	2336	97.222	108	3	182
MH569081.1	k141_71447	2336	97.222	108	3	182
MH569081.1	k141_61261	2434	92.683	123	7	179
MH569081.1	k141_61261	2434	92.683	123	7	179
MH569081.1	k141_104103	5673	69.512	410	53	178
MH569081.1	k141_104103	5673	73.125	160	34	90.6
MH569081.1	k141_63632	595	99.000	100	1	177
MH569081.1	k141_79724	858	95.238	105	5	168
MH569081.1	k141_8929	850	97.938	97	2	167
MH569081.1	k141_8892	630	97.938	97	2	167
MH569081.1	k141_101080	640	89.516	124	4	165
MH569081.1	k141_96435	465	87.407	135	10	160
MH569081.1	k141_75414	484	100.000	88	0	159
MH569081.1	k141_75414	484	100.000	88	0	159
MH569081.1	k141_97868	2322	95.833	96	4	156
MH569081.1	k141_3555	629	96.739	92	3	153
MH569081.1	k141_56135	1047	80.814	172	26	150
MH569081.1	k141_59634	418	96.667	90	3	150
MH569081.1	k141_16322	459	87.037	108	13	129
MH569081.1	k141_16322	459	87.037	108	13	129
MH569081.1	k141_26466	478	98.611	72	1	126
MH569081.1	k141_74510	523	98.529	68	1	119
MH569081.1	k141_74510	523	98.529	68	1	119
MH569081.1	k141_69564	3002	94.521	73	4	114
MH569081.1	k141_69564	3002	80.000	70	14	64.4
MH569081.1	k141_87743	550	100.000	63	0	114
MH569081.1	k141_3277	1161	92.208	77	6	113
MH569081.1	k141_8258	381	96.825	63	2	105
MH569081.1	k141_8258	381	96.825	63	2	105
MH569081.1	k141_94957	2027	74.306	144	10	104
MH569081.1	k141_94957	2027	74.306	144	10	104
MH569081.1	k141_102688	834	83.333	96	16	102
MH569081.1	k141_13056	333	100.000	55	0	100
MH569081.1	k141_13056	333	100.000	55	0	100
MH569081.1	k141_103797	1496	90.541	74	1	99.6
MH569081.1	k141_103797	1496	90.541	74	1	99.6
MH569081.1	k141_107562	617	96.610	59	2	98.7
MH569081.1	k141_107562	617	96.610	59	2	98.7
MH569081.1	k141_97539	1598	100.000	52	0	95.1
MH569081.1	k141_14907	485	81.132	106	15	93.3
MH569081.1	k141_35323	723	96.429	56	2	93.3
MH569081.1	k141_53583	587	94.828	58	3	92.4
MH569081.1	k141_53583	587	94.828	58	3	92.4
MH569081.1	k141_94190	889	96.296	54	2	89.7
MH569081.1	k141_94190	889	96.296	54	2	89.7
MH569081.1	k141_17195	1819	71.508	179	47	88.7
MH569081.1	k141_17195	1819	71.508	179	47	88.7
MH569081.1	k141_106031	550	91.525	59	5	85.1
MH569081.1	k141_74343	661	90.164	61	6	84.2
MH569081.1	k141_21325	348	94.231	52	3	81.5
MH569081.1	k141_44040	859	89.831	59	0	81.5
MH569081.1	k141_96917	1272	87.500	64	8	80.6
MH569081.1	k141_46488	751	94.118	51	3	79.7
MH569081.1	k141_66936	823	94.118	51	3	79.7
MH569081.1	k141_96089	2424	95.745	47	2	77.0
MH569081.1	k141_2508	1077	97.619	42	1	72.5
MH569081.1	k141_2508	1077	97.619	42	1	72.5
MH569081.1	k141_83964	595	91.837	49	4	71.6
MH569081.1	k141_31824	1955	97.561	41	1	70.7
MH569081.1	k141_68715	436	95.238	42	2	68.0
MH569081.1	k141_68715	436	95.238	42	2	68.0
MH569081.1	k141_45866	316	95.238	42	2	68.0
MH569081.1	k141_45866	316	95.238	42	2	68.0
MH569081.1	k141_45859	316	95.238	42	2	68.0
MH569081.1	k141_45859	316	95.238	42	2	68.0
MH569081.1	k141_43349	2103	72.034	118	33	65.3
MH569081.1	k141_42841	390	100.000	35	0	64.4
MH569081.1	k141_85736	702	100.000	35	0	64.4
MH569081.1	k141_13170	674	97.297	37	1	63.5
MH569081.1	k141_13170	674	97.297	37	1	63.5
MH569081.1	k141_47319	621	80.645	62	12	59.0
MH569081.1	k141_94942	412	84.211	38	6	42.8
MH569081.1	k141_8682	1184	80.488	41	8	39.2
NC_033978.1	k141_11541	56475	87.700	5439	593	6749
NC_033978.1	k141_11541	56475	83.411	3870	558	4085
NC_033978.1	k141_11541	56475	90.182	2587	244	3512
NC_033978.1	k141_11541	56475	80.870	3356	555	3169
NC_033978.1	k141_11541	56475	82.368	2314	356	2318
NC_033978.1	k141_11541	56475	83.086	2093	302	2177
NC_033978.1	k141_11541	56475	87.718	1490	183	1863
NC_033978.1	k141_11541	56475	81.784	1839	265	1802
NC_033978.1	k141_11541	56475	81.534	1825	275	1752
NC_033978.1	k141_11541	56475	78.667	2100	286	1689
NC_033978.1	k141_11541	56475	88.416	1269	133	1608
NC_033978.1	k141_11541	56475	75.370	2229	459	1545
NC_033978.1	k141_11541	56475	69.934	2724	622	1159
NC_033978.1	k141_11541	56475	75.878	1111	186	780
NC_033978.1	k141_11541	56475	75.955	1073	147	737
NC_033978.1	k141_11541	56475	68.596	1296	201	486
NC_033978.1	k141_11541	56475	74.963	683	102	452
NC_033978.1	k141_11541	56475	86.834	319	39	385
NC_033978.1	k141_11541	56475	73.185	675	113	360
NC_033978.1	k141_11541	56475	84.365	307	27	339
NC_033978.1	k141_11541	56475	79.518	332	53	284
NC_033978.1	k141_11541	56475	88.532	218	25	281
NC_033978.1	k141_11541	56475	81.295	278	30	260
NC_033978.1	k141_11541	56475	75.135	370	72	249
NC_033978.1	k141_11541	56475	73.822	382	76	229
NC_033978.1	k141_11541	56475	95.556	135	6	217
NC_033978.1	k141_11541	56475	77.500	280	50	206
NC_033978.1	k141_11541	56475	89.796	147	15	198
NC_033978.1	k141_11541	56475	85.207	169	19	194
NC_033978.1	k141_11541	56475	87.324	142	18	176
NC_033978.1	k141_11541	56475	87.324	142	18	176
NC_033978.1	k141_11541	56475	72.819	298	75	174
NC_033978.1	k141_11541	56475	73.115	305	51	159
NC_033978.1	k141_11541	56475	84.397	141	16	157
NC_033978.1	k141_11541	56475	94.681	94	4	144
NC_033978.1	k141_11541	56475	100.000	75	0	136
NC_033978.1	k141_11541	56475	77.576	165	37	132
NC_033978.1	k141_11541	56475	91.304	92	5	129
NC_033978.1	k141_11541	56475	93.023	86	6	129
NC_033978.1	k141_11541	56475	77.358	159	17	129
NC_033978.1	k141_11541	56475	80.000	150	24	128
NC_033978.1	k141_11541	56475	78.992	119	25	103
NC_033978.1	k141_11541	56475	85.366	82	11	91.5
NC_033978.1	k141_11541	56475	68.750	224	51	79.7
NC_033978.1	k141_11541	56475	89.286	56	6	75.2
NC_033978.1	k141_11541	56475	69.427	157	46	60.8
NC_033978.1	k141_11541	56475	78.571	70	15	59.9
NC_033978.1	k141_11541	56475	92.308	39	3	58.1
NC_033978.1	k141_11541	56475	92.308	39	3	58.1
NC_033978.1	k141_11541	56475	90.000	40	4	55.4
NC_033978.1	k141_101397	19419	90.507	4835	289	6637
NC_033978.1	k141_101397	19419	90.507	4835	289	6637
NC_033978.1	k141_101397	19419	93.603	3017	140	4543
NC_033978.1	k141_101397	19419	93.603	3017	140	4543
NC_033978.1	k141_101397	19419	91.487	3101	182	4373
NC_033978.1	k141_101397	19419	91.487	3101	182	4373
NC_033978.1	k141_101397	19419	89.730	2298	131	3054
NC_033978.1	k141_101397	19419	89.730	2298	131	3054
NC_033978.1	k141_101397	19419	82.063	892	130	879
NC_033978.1	k141_101397	19419	82.063	892	130	879
NC_033978.1	k141_101397	19419	77.895	855	85	721
NC_033978.1	k141_101397	19419	77.895	855	85	721
NC_033978.1	k141_101397	19419	79.387	815	99	694
NC_033978.1	k141_101397	19419	79.387	815	99	694
NC_033978.1	k141_101397	19419	79.201	601	85	503
NC_033978.1	k141_101397	19419	79.201	601	85	503
NC_033978.1	k141_101397	19419	87.435	382	33	478
NC_033978.1	k141_101397	19419	87.435	382	33	478
NC_033978.1	k141_101397	19419	78.584	551	94	457
NC_033978.1	k141_101397	19419	88.462	130	9	164
NC_033978.1	k141_101397	19419	88.462	130	9	164
NC_033978.1	k141_101397	19419	87.037	108	13	129
NC_033978.1	k141_101397	19419	94.340	53	3	83.3
NC_033978.1	k141_101397	19419	94.340	53	3	83.3
NC_033978.1	k141_101397	19419	89.655	58	5	75.2
NC_033978.1	k141_101397	19419	97.500	40	1	68.9
NC_033978.1	k141_101397	19419	97.500	40	1	68.9
NC_033978.1	k141_101397	19419	91.111	45	4	64.4
NC_033978.1	k141_101397	19419	84.211	38	6	42.8
NC_033978.1	k141_53415	24595	78.765	4987	732	4167
NC_033978.1	k141_53415	24595	74.921	4773	859	3201
NC_033978.1	k141_53415	24595	78.677	2026	378	1674
NC_033978.1	k141_53415	24595	85.994	1021	117	1189
NC_033978.1	k141_53415	24595	83.981	643	90	694
NC_033978.1	k141_53415	24595	74.006	1031	190	605
NC_033978.1	k141_53415	24595	70.597	1306	267	559
NC_033978.1	k141_53415	24595	74.100	722	120	444
NC_033978.1	k141_53415	24595	80.600	500	82	443
NC_033978.1	k141_53415	24595	89.381	226	23	297
NC_033978.1	k141_53415	24595	89.381	226	23	297
NC_033978.1	k141_53415	24595	85.833	240	31	279
NC_033978.1	k141_53415	24595	70.000	600	107	274
NC_033978.1	k141_53415	24595	77.580	281	63	224
NC_033978.1	k141_53415	24595	80.000	220	44	199
NC_033978.1	k141_53415	24595	83.240	179	23	190
NC_033978.1	k141_53415	24595	73.518	253	46	160
NC_033978.1	k141_53415	24595	86.869	99	13	121
NC_033978.1	k141_98502	2312	90.346	1761	132	2404
NC_033978.1	k141_98502	2312	90.346	1761	132	2404
NC_033978.1	k141_98502	2312	77.564	312	61	242
NC_033978.1	k141_98502	2312	100.000	81	0	147
NC_033978.1	k141_56017	12963	81.675	1970	314	1919
NC_033978.1	k141_56017	12963	77.453	2324	408	1826
NC_033978.1	k141_56017	12963	76.444	2390	465	1730
NC_033978.1	k141_56017	12963	81.796	1247	199	1220
NC_033978.1	k141_56017	12963	77.309	1115	221	832
NC_033978.1	k141_56017	12963	75.303	1154	239	784
NC_033978.1	k141_56017	12963	90.071	141	14	192
NC_033978.1	k141_56017	12963	81.633	49	9	49.1
NC_033978.1	k141_53686	1700	93.333	450	30	677
NC_033978.1	k141_5466	5899	75.088	855	117	583
NC_033978.1	k141_5466	5899	89.796	49	5	67.1
NC_033978.1	k141_55800	4953	72.862	877	207	465
NC_033978.1	k141_55800	4953	72.862	877	207	465
NC_033978.1	k141_55800	4953	77.936	281	60	221
NC_033978.1	k141_55800	4953	77.936	281	60	221
NC_033978.1	k141_55800	4953	86.667	60	8	73.4
NC_033978.1	k141_55800	4953	86.667	60	8	73.4
NC_033978.1	k141_33083	5400	88.816	304	34	396
NC_033978.1	k141_11975	5143	78.340	494	65	393
NC_033978.1	k141_11975	5143	83.333	120	19	123
NC_033978.1	k141_97490	1016	86.869	297	29	352
NC_033978.1	k141_97490	1016	86.869	297	29	352
NC_033978.1	k141_11371	8244	74.436	532	125	339
NC_033978.1	k141_11371	8244	74.436	532	125	339
NC_033978.1	k141_11371	8244	75.641	468	91	297
NC_033978.1	k141_11371	8244	75.641	468	91	297
NC_033978.1	k141_27110	3258	76.974	456	60	336
NC_033978.1	k141_13935	1360	81.290	310	45	301
NC_033978.1	k141_13935	1360	84.028	144	16	154
NC_033978.1	k141_32996	528	75.781	384	67	275
NC_033978.1	k141_35025	589	90.452	199	19	274
NC_033978.1	k141_35025	589	90.452	199	19	274
NC_033978.1	k141_87630	1519	67.619	840	221	268
NC_033978.1	k141_4608	1007	96.377	138	5	227
NC_033978.1	k141_105025	1320	78.486	251	26	208
NC_033978.1	k141_71447	2336	93.519	108	7	164
NC_033978.1	k141_71447	2336	93.519	108	7	164
NC_033978.1	k141_75414	484	97.727	88	2	150
NC_033978.1	k141_75414	484	97.727	88	2	150
NC_033978.1	k141_88508	635	71.223	278	49	147
NC_033978.1	k141_79724	858	88.679	106	12	138
NC_033978.1	k141_61261	2434	85.246	122	16	137
NC_033978.1	k141_104103	5673	68.496	419	64	137
NC_033978.1	k141_8929	850	90.722	97	9	135
NC_033978.1	k141_8892	630	90.722	97	9	135
NC_033978.1	k141_3555	629	91.111	90	8	127
NC_033978.1	k141_69564	3002	93.671	79	5	121
NC_033978.1	k141_56135	1047	76.111	180	30	116
NC_033978.1	k141_56135	1047	76.250	80	12	52.7
NC_033978.1	k141_66368	3174	75.138	181	31	114
NC_033978.1	k141_66368	3174	75.138	181	31	114
NC_033978.1	k141_104799	1006	77.778	135	28	106
NC_033978.1	k141_104799	1006	77.778	135	28	106
NC_033978.1	k141_59634	418	85.556	90	13	104
NC_033978.1	k141_16322	459	81.481	108	19	102
NC_033978.1	k141_16322	459	81.481	108	19	102
NC_033978.1	k141_13056	333	100.000	55	0	100
NC_033978.1	k141_13056	333	100.000	55	0	100
NC_033978.1	k141_97868	2322	83.158	95	16	100
NC_033978.1	k141_97868	2322	71.739	92	24	42.8
NC_033978.1	k141_107562	617	96.491	57	2	95.1
NC_033978.1	k141_107562	617	96.491	57	2	95.1
NC_033978.1	k141_103797	1496	89.189	74	2	95.1
NC_033978.1	k141_103797	1496	89.189	74	2	95.1
NC_033978.1	k141_17195	1819	70.157	191	57	88.7
NC_033978.1	k141_17195	1819	70.157	191	57	88.7
NC_033978.1	k141_87743	550	90.323	62	6	86.0
NC_033978.1	k141_3277	1161	83.117	77	13	81.5
NC_033978.1	k141_94190	889	92.593	54	3	77.0
NC_033978.1	k141_94190	889	92.593	54	3	77.0
NC_033978.1	k141_97539	1598	90.385	52	5	72.5
NC_033978.1	k141_106031	550	89.286	56	5	71.6
NC_033978.1	k141_74343	661	85.000	60	9	68.9
NC_033978.1	k141_21325	348	88.462	52	6	68.0
NC_033978.1	k141_13170	674	100.000	37	0	68.0
NC_033978.1	k141_13170	674	100.000	37	0	68.0
NC_033978.1	k141_43349	2103	77.500	80	18	64.4
NC_033978.1	k141_74510	523	90.476	42	4	59.0
NC_033978.1	k141_74510	523	90.476	42	4	59.0
NC_033978.1	k141_76294	1026	75.610	82	20	59.0
NC_033978.1	k141_96089	2424	78.723	47	10	41.0
NC_033978.1	k141_8682	1184	78.723	47	10	41.0
MW006668.1	k141_101397	19419	90.041	5352	307	7210
MW006668.1	k141_101397	19419	90.041	5352	307	7210
MW006668.1	k141_101397	19419	88.015	4998	419	6282
MW006668.1	k141_101397	19419	92.113	2574	141	3702
MW006668.1	k141_101397	19419	92.113	2574	141	3702
MW006668.1	k141_101397	19419	69.739	1454	215	648
MW006668.1	k141_101397	19419	71.600	831	153	438
MW006668.1	k141_101397	19419	80.206	485	63	436
MW006668.1	k141_101397	19419	80.206	485	63	436
MW006668.1	k141_101397	19419	76.277	548	94	399
MW006668.1	k141_101397	19419	76.277	548	94	399
MW006668.1	k141_101397	19419	74.813	401	67	277
MW006668.1	k141_101397	19419	86.897	145	19	177
MW006668.1	k141_101397	19419	82.081	173	27	172
MW006668.1	k141_101397	19419	85.906	149	17	169
MW006668.1	k141_101397	19419	85.906	149	17	169
MW006668.1	k141_101397	19419	77.011	174	40	134
MW006668.1	k141_101397	19419	81.905	105	15	99.6
MW006668.1	k141_101397	19419	100.000	43	0	78.8
MW006668.1	k141_101397	19419	100.000	43	0	78.8
MW006668.1	k141_101397	19419	97.619	42	1	72.5
MW006668.1	k141_101397	19419	91.111	45	4	64.4
MW006668.1	k141_101397	19419	86.275	51	7	61.7
MW006668.1	k141_101397	19419	84.211	38	6	42.8
MW006668.1	k141_11541	56475	86.665	5452	638	6505
MW006668.1	k141_11541	56475	82.638	3404	513	3442
MW006668.1	k141_11541	56475	89.431	2479	262	3290
MW006668.1	k141_11541	56475	79.119	3381	579	2926
MW006668.1	k141_11541	56475	80.615	2569	427	2335
MW006668.1	k141_11541	56475	84.446	1903	293	2096
MW006668.1	k141_11541	56475	81.535	1955	313	1874
MW006668.1	k141_11541	56475	86.143	1501	208	1770
MW006668.1	k141_11541	56475	79.898	1761	288	1577
MW006668.1	k141_11541	56475	77.471	2064	332	1539
MW006668.1	k141_11541	56475	73.160	2269	513	1334
MW006668.1	k141_11541	56475	91.015	857	77	1199
MW006668.1	k141_11541	56475	91.015	857	77	1199
MW006668.1	k141_11541	56475	69.745	2274	533	986
MW006668.1	k141_11541	56475	80.134	745	108	659
MW006668.1	k141_11541	56475	81.834	578	88	567
MW006668.1	k141_11541	56475	76.429	700	125	519
MW006668.1	k141_11541	56475	78.691	596	81	499
MW006668.1	k141_11541	56475	78.120	617	98	489
MW006668.1	k141_11541	56475	72.426	845	124	455
MW006668.1	k141_11541	56475	74.596	681	126	397
MW006668.1	k141_11541	56475	89.310	290	29	381
MW006668.1	k141_11541	56475	89.310	290	29	381
MW006668.1	k141_11541	56475	74.184	643	112	375
MW006668.1	k141_11541	56475	86.928	306	35	372
MW006668.1	k141_11541	56475	71.713	753	126	351
MW006668.1	k141_11541	56475	82.831	332	35	340
MW006668.1	k141_11541	56475	69.643	784	151	312
MW006668.1	k141_11541	56475	69.643	784	151	312
MW006668.1	k141_11541	56475	78.492	358	63	285
MW006668.1	k141_11541	56475	75.472	371	70	247
MW006668.1	k141_11541	56475	80.579	242	38	215
MW006668.1	k141_11541	56475	76.245	261	48	173
MW006668.1	k141_11541	56475	86.525	141	19	169
MW006668.1	k141_11541	56475	73.881	268	67	167
MW006668.1	k141_11541	56475	85.517	145	17	162
MW006668.1	k141_11541	56475	85.517	145	17	162
MW006668.1	k141_11541	56475	78.212	179	19	148
MW006668.1	k141_11541	56475	82.734	139	17	145
MW006668.1	k141_11541	56475	100.000	75	0	136
MW006668.1	k141_11541	56475	90.000	100	7	134
MW006668.1	k141_11541	56475	76.970	165	38	127
MW006668.1	k141_11541	56475	90.698	86	8	120
MW006668.1	k141_11541	56475	87.640	89	9	109
MW006668.1	k141_11541	56475	69.550	289	66	109
MW006668.1	k141_11541	56475	71.493	221	53	102
MW006668.1	k141_11541	56475	88.732	71	8	93.3
MW006668.1	k141_11541	56475	87.324	71	9	88.7
MW006668.1	k141_11541	56475	87.324	71	9	88.7
MW006668.1	k141_11541	56475	79.167	96	19	80.6
MW006668.1	k141_11541	56475	75.652	115	19	77.0
MW006668.1	k141_11541	56475	84.286	70	10	74.3
MW006668.1	k141_11541	56475	80.282	71	14	66.2
MW006668.1	k141_11541	56475	87.755	49	6	62.6
MW006668.1	k141_11541	56475	87.755	49	6	62.6
MW006668.1	k141_11541	56475	69.427	157	46	60.8
MW006668.1	k141_11541	56475	92.308	39	3	58.1
MW006668.1	k141_11541	56475	75.385	65	16	46.4
MW006668.1	k141_53415	24595	78.691	5730	859	4773
MW006668.1	k141_53415	24595	78.553	1963	378	1627
MW006668.1	k141_53415	24595	85.768	1061	135	1216
MW006668.1	k141_53415	24595	73.067	2031	338	1205
MW006668.1	k141_53415	24595	73.753	1524	310	937
MW006668.1	k141_53415	24595	81.805	665	109	652
MW006668.1	k141_53415	24595	70.373	1313	261	590
MW006668.1	k141_53415	24595	71.149	1123	248	535
MW006668.1	k141_53415	24595	71.537	1054	198	506
MW006668.1	k141_53415	24595	69.928	552	118	269
MW006668.1	k141_53415	24595	69.928	552	118	269
MW006668.1	k141_53415	24595	87.615	218	26	269
MW006668.1	k141_53415	24595	86.239	218	25	254
MW006668.1	k141_53415	24595	86.239	218	25	254
MW006668.1	k141_53415	24595	82.917	240	35	245
MW006668.1	k141_53415	24595	66.630	899	205	193
MW006668.1	k141_53415	24595	84.211	152	23	163
MW006668.1	k141_53415	24595	79.487	195	25	154
MW006668.1	k141_53415	24595	75.229	218	48	142
MW006668.1	k141_53415	24595	78.231	147	28	121
MW006668.1	k141_56017	12963	80.479	2295	383	2093
MW006668.1	k141_56017	12963	80.479	2295	383	2093
MW006668.1	k141_56017	12963	82.268	1940	310	1943
MW006668.1	k141_56017	12963	82.268	1940	310	1943
MW006668.1	k141_56017	12963	75.446	2240	499	1508
MW006668.1	k141_56017	12963	79.201	1476	240	1253
MW006668.1	k141_56017	12963	79.201	1476	240	1253
MW006668.1	k141_56017	12963	76.923	1092	223	806
MW006668.1	k141_56017	12963	76.923	1092	223	806
MW006668.1	k141_56017	12963	75.324	1159	237	783
MW006668.1	k141_56017	12963	75.324	1159	237	783
MW006668.1	k141_56017	12963	90.780	141	13	196
MW006668.1	k141_56017	12963	90.780	141	13	196
MW006668.1	k141_56017	12963	86.087	115	11	127
MW006668.1	k141_56017	12963	86.087	115	11	127
MW006668.1	k141_98502	2312	83.046	637	75	670
MW006668.1	k141_98502	2312	84.719	445	66	489
MW006668.1	k141_98502	2312	86.697	218	24	259
MW006668.1	k141_98502	2312	86.697	218	24	259
MW006668.1	k141_98502	2312	79.468	263	47	224
MW006668.1	k141_98502	2312	94.937	79	4	125
MW006668.1	k141_98502	2312	94.937	79	4	125
MW006668.1	k141_53686	1700	92.889	450	32	668
MW006668.1	k141_55800	4953	71.850	881	210	438
MW006668.1	k141_55800	4953	71.850	881	210	438
MW006668.1	k141_55800	4953	77.936	281	60	221
MW006668.1	k141_55800	4953	77.936	281	60	221
MW006668.1	k141_55800	4953	85.000	60	9	68.9
MW006668.1	k141_55800	4953	85.000	60	9	68.9
MW006668.1	k141_5466	5899	71.210	851	149	414
MW006668.1	k141_33083	5400	86.513	304	41	364
MW006668.1	k141_11975	5143	74.390	492	59	335
MW006668.1	k141_11975	5143	81.667	120	21	114
MW006668.1	k141_11371	8244	74.248	532	126	334
MW006668.1	k141_11371	8244	74.248	532	126	334
MW006668.1	k141_11371	8244	75.000	468	100	283
MW006668.1	k141_11371	8244	75.000	468	100	283
MW006668.1	k141_27110	3258	75.604	455	65	308
MW006668.1	k141_13935	1360	83.813	278	42	297
MW006668.1	k141_13935	1360	80.986	142	19	133
MW006668.1	k141_32996	528	77.143	385	60	288
MW006668.1	k141_87630	1519	66.842	760	213	225
MW006668.1	k141_4608	1007	95.000	140	7	222
MW006668.1	k141_97490	1016	75.850	294	40	216
MW006668.1	k141_97490	1016	87.037	108	12	125
MW006668.1	k141_97490	1016	87.037	108	12	125
MW006668.1	k141_105025	1320	77.381	252	41	195
MW006668.1	k141_71447	2336	92.593	108	8	159
MW006668.1	k141_71447	2336	92.593	108	8	159
MW006668.1	k141_35025	589	76.847	203	38	159
MW006668.1	k141_75414	484	94.318	88	5	137
MW006668.1	k141_75414	484	94.318	88	5	137
MW006668.1	k141_8929	850	88.660	97	11	126
MW006668.1	k141_8892	630	88.660	97	11	126
MW006668.1	k141_104103	5673	87.379	103	12	124
MW006668.1	k141_97868	2322	88.421	95	11	123
MW006668.1	k141_97868	2322	71.739	92	24	42.8
MW006668.1	k141_69564	3002	93.671	79	5	121
MW006668.1	k141_79724	858	84.906	106	16	120
MW006668.1	k141_61261	2434	81.818	121	20	117
MW006668.1	k141_104799	1006	78.519	135	27	111
MW006668.1	k141_104799	1006	78.519	135	27	111
MW006668.1	k141_3555	629	86.667	90	12	109
MW006668.1	k141_16322	459	82.407	108	18	106
MW006668.1	k141_16322	459	82.407	108	18	106
MW006668.1	k141_13056	333	100.000	55	0	100
MW006668.1	k141_13056	333	100.000	55	0	100
MW006668.1	k141_56135	1047	74.566	173	35	100
MW006668.1	k141_56135	1047	77.500	80	11	57.2
MW006668.1	k141_59634	418	84.444	90	14	100
MW006668.1	k141_107562	617	94.737	57	3	90.6
MW006668.1	k141_107562	617	94.737	57	3	90.6
MW006668.1	k141_103797	1496	88.406	69	3	89.7
MW006668.1	k141_103797	1496	88.406	69	3	89.7
MW006668.1	k141_3277	1161	85.526	76	11	88.7
MW006668.1	k141_3277	1161	85.526	76	11	88.7
MW006668.1	k141_17195	1819	70.157	191	57	88.7
MW006668.1	k141_87743	550	90.476	63	6	87.8
MW006668.1	k141_76294	1026	73.881	134	34	81.5
MW006668.1	k141_94190	889	92.593	54	3	77.0
MW006668.1	k141_94190	889	92.593	54	3	77.0
MW006668.1	k141_106031	550	91.071	56	4	76.1
MW006668.1	k141_74343	661	85.000	60	9	68.9
MW006668.1	k141_97539	1598	88.462	52	6	68.0
MW006668.1	k141_43349	2103	78.462	65	14	55.4
MW006668.1	k141_13170	674	91.892	37	3	54.5
MW006668.1	k141_96089	2424	82.979	47	8	50.0
MW006668.1	k141_15365	435	84.211	38	6	42.8
MW006668.1	k141_15365	435	84.211	38	6	42.8
MW435436.1	k141_11541	56475	86.737	5421	625	6530
MW435436.1	k141_11541	56475	82.347	3886	598	3910
MW435436.1	k141_11541	56475	89.027	2579	275	3360
MW435436.1	k141_11541	56475	81.344	2321	371	2218
MW435436.1	k141_11541	56475	84.881	1938	282	2167
MW435436.1	k141_11541	56475	87.198	1492	191	1830
MW435436.1	k141_11541	56475	83.102	1728	258	1786
MW435436.1	k141_11541	56475	90.544	1195	110	1636
MW435436.1	k141_11541	56475	83.205	1554	237	1635
MW435436.1	k141_11541	56475	79.341	1820	316	1588
MW435436.1	k141_11541	56475	77.133	2051	286	1507
MW435436.1	k141_11541	56475	80.258	1626	307	1476
MW435436.1	k141_11541	56475	73.386	2277	503	1360
MW435436.1	k141_11541	56475	68.758	2423	601	841
MW435436.1	k141_11541	56475	76.982	1047	181	784
MW435436.1	k141_11541	56475	73.367	980	153	585
MW435436.1	k141_11541	56475	76.994	652	107	476
MW435436.1	k141_11541	56475	89.655	319	30	425
MW435436.1	k141_11541	56475	70.083	839	135	388
MW435436.1	k141_11541	56475	71.783	645	137	316
MW435436.1	k141_11541	56475	82.295	305	33	313
MW435436.1	k141_11541	56475	81.613	310	44	301
MW435436.1	k141_11541	56475	79.525	337	58	280
MW435436.1	k141_11541	56475	84.167	240	32	245
MW435436.1	k141_11541	56475	73.404	376	66	227
MW435436.1	k141_11541	56475	87.037	162	15	199
MW435436.1	k141_11541	56475	91.473	129	11	184
MW435436.1	k141_11541	56475	87.943	141	17	178
MW435436.1	k141_11541	56475	87.943	141	17	178
MW435436.1	k141_11541	56475	84.713	157	23	172
MW435436.1	k141_11541	56475	72.093	301	61	154
MW435436.1	k141_11541	56475	90.351	114	7	147
MW435436.1	k141_11541	56475	67.568	444	130	147
MW435436.1	k141_11541	56475	87.500	120	11	144
MW435436.1	k141_11541	56475	89.524	105	8	139
MW435436.1	k141_11541	56475	90.722	97	9	135
MW435436.1	k141_11541	56475	79.054	148	22	132
MW435436.1	k141_11541	56475	89.583	96	8	126
MW435436.1	k141_11541	56475	68.215	409	80	125
MW435436.1	k141_11541	56475	74.731	186	24	118
MW435436.1	k141_11541	56475	77.632	152	26	115
MW435436.1	k141_11541	56475	79.832	119	24	107
MW435436.1	k141_11541	56475	91.071	56	5	79.7
MW435436.1	k141_11541	56475	81.818	77	14	77.0
MW435436.1	k141_11541	56475	77.895	95	20	74.3
MW435436.1	k141_11541	56475	92.308	39	3	58.1
MW435436.1	k141_11541	56475	92.308	39	3	58.1
MW435436.1	k141_11541	56475	68.790	157	47	56.3
MW435436.1	k141_11541	56475	77.143	70	16	55.4
MW435436.1	k141_53415	24595	77.149	7667	1235	5840
MW435436.1	k141_53415	24595	78.733	1989	361	1642
MW435436.1	k141_53415	24595	83.188	1029	126	1051
MW435436.1	k141_53415	24595	71.090	1349	256	652
MW435436.1	k141_53415	24595	80.280	644	114	583
MW435436.1	k141_53415	24595	84.937	478	72	538
MW435436.1	k141_53415	24595	68.230	1407	292	482
MW435436.1	k141_53415	24595	81.153	451	72	416
MW435436.1	k141_53415	24595	74.179	670	124	406
MW435436.1	k141_53415	24595	75.919	544	107	372
MW435436.1	k141_53415	24595	88.938	226	24	292
MW435436.1	k141_53415	24595	88.938	226	24	292
MW435436.1	k141_53415	24595	78.402	338	60	275
MW435436.1	k141_53415	24595	78.571	294	59	242
MW435436.1	k141_53415	24595	80.734	218	40	197
MW435436.1	k141_53415	24595	87.342	158	20	196
MW435436.1	k141_53415	24595	79.736	227	26	194
MW435436.1	k141_53415	24595	78.112	233	50	187
MW435436.1	k141_53415	24595	86.301	146	20	174
MW435436.1	k141_53415	24595	69.576	401	77	142
MW435436.1	k141_53415	24595	88.889	99	11	130
MW435436.1	k141_101397	19419	86.540	4101	274	4956
MW435436.1	k141_101397	19419	86.540	4101	274	4956
MW435436.1	k141_101397	19419	93.756	2995	142	4523
MW435436.1	k141_101397	19419	93.756	2995	142	4523
MW435436.1	k141_101397	19419	90.227	3213	191	4391
MW435436.1	k141_101397	19419	90.227	3213	191	4391
MW435436.1	k141_101397	19419	90.763	2241	119	3089
MW435436.1	k141_101397	19419	90.763	2241	119	3089
MW435436.1	k141_101397	19419	88.239	1641	125	2079
MW435436.1	k141_101397	19419	88.239	1641	125	2079
MW435436.1	k141_101397	19419	81.278	892	137	852
MW435436.1	k141_101397	19419	81.278	892	137	852
MW435436.1	k141_101397	19419	76.173	831	105	609
MW435436.1	k141_101397	19419	76.173	831	105	609
MW435436.1	k141_101397	19419	79.734	602	86	524
MW435436.1	k141_101397	19419	79.734	602	86	524
MW435436.1	k141_101397	19419	85.864	382	39	451
MW435436.1	k141_101397	19419	85.864	382	39	451
MW435436.1	k141_101397	19419	77.256	554	102	413
MW435436.1	k141_101397	19419	80.833	240	20	223
MW435436.1	k141_101397	19419	80.833	240	20	223
MW435436.1	k141_101397	19419	68.103	348	78	131
MW435436.1	k141_101397	19419	90.566	53	4	70.7
MW435436.1	k141_101397	19419	90.566	53	4	70.7
MW435436.1	k141_101397	19419	95.349	43	2	69.8
MW435436.1	k141_101397	19419	88.889	45	5	59.9
MW435436.1	k141_56017	12963	76.760	3395	632	2550
MW435436.1	k141_56017	12963	83.470	1712	280	1810
MW435436.1	k141_56017	12963	75.732	2254	491	1578
MW435436.1	k141_56017	12963	75.373	2010	438	1369
MW435436.1	k141_56017	12963	78.947	1444	243	1213
MW435436.1	k141_56017	12963	75.651	1113	229	765
MW435436.1	k141_56017	12963	88.652	141	16	183
MW435436.1	k141_56017	12963	68.529	537	123	181
MW435436.1	k141_56017	12963	78.000	50	11	41.9
MW435436.1	k141_98502	2312	90.686	1750	135	2402
MW435436.1	k141_98502	2312	90.686	1750	135	2402
MW435436.1	k141_98502	2312	76.433	314	63	225
MW435436.1	k141_98502	2312	76.433	314	63	225
MW435436.1	k141_98502	2312	97.468	79	2	134
MW435436.1	k141_53686	1700	93.111	450	31	673
MW435436.1	k141_5466	5899	74.463	838	136	554
MW435436.1	k141_5466	5899	87.273	55	7	68.9
MW435436.1	k141_11371	8244	71.280	1156	263	538
MW435436.1	k141_11371	8244	71.280	1156	263	538
MW435436.1	k141_55800	4953	72.645	881	202	457
MW435436.1	k141_55800	4953	72.645	881	202	457
MW435436.1	k141_55800	4953	77.580	281	61	216
MW435436.1	k141_55800	4953	77.580	281	61	216
MW435436.1	k141_55800	4953	86.667	60	8	73.4
MW435436.1	k141_55800	4953	86.667	60	8	73.4
MW435436.1	k141_11975	5143	75.822	517	78	362
MW435436.1	k141_11975	5143	86.957	92	12	113
MW435436.1	k141_33083	5400	86.184	304	42	360
MW435436.1	k141_97490	1016	84.768	302	32	328
MW435436.1	k141_97490	1016	84.768	302	32	328
MW435436.1	k141_13935	1360	86.420	243	33	290
MW435436.1	k141_13935	1360	78.659	164	24	135
MW435436.1	k141_87630	1519	67.816	783	213	258
MW435436.1	k141_35025	589	88.442	199	23	256
MW435436.1	k141_35025	589	88.442	199	23	256
MW435436.1	k141_32996	528	74.026	385	72	242
MW435436.1	k141_4608	1007	97.143	140	4	235
MW435436.1	k141_27110	3258	76.712	292	31	218
MW435436.1	k141_27110	3258	88.182	110	13	141
MW435436.1	k141_105025	1320	80.095	211	29	186
MW435436.1	k141_71447	2336	93.519	108	7	164
MW435436.1	k141_71447	2336	93.519	108	7	164
MW435436.1	k141_88508	635	74.459	231	38	152
MW435436.1	k141_75414	484	97.727	88	2	150
MW435436.1	k141_75414	484	97.727	88	2	150
MW435436.1	k141_104103	5673	68.395	405	81	138
MW435436.1	k141_61261	2434	84.426	122	15	130
MW435436.1	k141_61261	2434	84.426	122	15	130
MW435436.1	k141_3555	629	89.130	92	10	122
MW435436.1	k141_79724	858	84.906	106	16	120
MW435436.1	k141_66368	3174	75.138	181	31	119
MW435436.1	k141_66368	3174	75.138	181	31	119
MW435436.1	k141_8929	850	86.598	97	13	117
MW435436.1	k141_8892	630	86.598	97	13	117
MW435436.1	k141_69564	3002	92.405	79	6	116
MW435436.1	k141_104799	1006	78.519	135	27	111
MW435436.1	k141_104799	1006	78.519	135	27	111
MW435436.1	k141_56135	1047	78.986	138	23	111
MW435436.1	k141_56135	1047	80.000	80	9	66.2
MW435436.1	k141_97868	2322	84.211	95	15	104
MW435436.1	k141_16322	459	81.481	108	19	102
MW435436.1	k141_16322	459	81.481	108	19	102
MW435436.1	k141_13056	333	100.000	55	0	100
MW435436.1	k141_13056	333	100.000	55	0	100
MW435436.1	k141_103797	1496	89.189	74	2	95.1
MW435436.1	k141_103797	1496	89.189	74	2	95.1
MW435436.1	k141_17195	1819	71.111	180	52	91.5
MW435436.1	k141_17195	1819	71.111	180	52	91.5
MW435436.1	k141_59634	418	82.222	90	16	91.5
MW435436.1	k141_107562	617	94.737	57	3	90.6
MW435436.1	k141_107562	617	94.737	57	3	90.6
MW435436.1	k141_87743	550	87.302	63	8	78.8
MW435436.1	k141_74510	523	84.507	71	8	77.9
MW435436.1	k141_74510	523	84.507	71	8	77.9
MW435436.1	k141_97539	1598	92.308	52	4	77.0
MW435436.1	k141_106031	550	86.441	59	8	71.6
MW435436.1	k141_74343	661	85.000	60	9	68.9
MW435436.1	k141_13170	674	100.000	37	0	68.0
MW435436.1	k141_13170	674	100.000	37	0	68.0
MW435436.1	k141_21325	348	86.538	52	7	63.5
MW435436.1	k141_43349	2103	76.923	65	15	50.9
MW435436.1	k141_43349	2103	76.923	65	15	50.9
MW435436.1	k141_76294	1026	72.840	81	22	48.2
MW435436.1	k141_96089	2424	78.723	47	10	41.0
NC_037882.1	k141_53415	24595	76.804	9868	1563	7437
NC_037882.1	k141_53415	24595	80.285	1968	342	1770
NC_037882.1	k141_53415	24595	85.390	924	87	1052
NC_037882.1	k141_53415	24595	71.996	1789	312	904
NC_037882.1	k141_53415	24595	83.746	646	87	691
NC_037882.1	k141_53415	24595	72.619	1008	175	553
NC_037882.1	k141_53415	24595	68.349	1308	273	476
NC_037882.1	k141_53415	24595	80.685	321	49	294
NC_037882.1	k141_53415	24595	88.496	226	25	288
NC_037882.1	k141_53415	24595	88.496	226	25	288
NC_037882.1	k141_53415	24595	78.477	302	64	249
NC_037882.1	k141_53415	24595	89.873	158	16	214
NC_037882.1	k141_53415	24595	79.147	211	44	183
NC_037882.1	k141_53415	24595	87.586	145	18	181
NC_037882.1	k141_53415	24595	81.818	110	20	109
NC_037882.1	k141_101397	19419	90.865	4904	266	6831
NC_037882.1	k141_101397	19419	90.865	4904	266	6831
NC_037882.1	k141_101397	19419	88.628	4089	272	5249
NC_037882.1	k141_101397	19419	88.628	4089	272	5249
NC_037882.1	k141_101397	19419	94.145	3006	122	4600
NC_037882.1	k141_101397	19419	94.145	3006	122	4600
NC_037882.1	k141_101397	19419	89.554	2307	123	3059
NC_037882.1	k141_101397	19419	89.554	2307	123	3059
NC_037882.1	k141_101397	19419	82.175	892	129	884
NC_037882.1	k141_101397	19419	82.175	892	129	884
NC_037882.1	k141_101397	19419	79.408	811	102	697
NC_037882.1	k141_101397	19419	79.408	811	102	697
NC_037882.1	k141_101397	19419	81.441	555	81	526
NC_037882.1	k141_101397	19419	81.441	555	81	526
NC_037882.1	k141_101397	19419	85.354	396	40	461
NC_037882.1	k141_101397	19419	85.354	396	40	461
NC_037882.1	k141_101397	19419	75.365	548	90	394
NC_037882.1	k141_101397	19419	70.857	350	67	159
NC_037882.1	k141_101397	19419	97.959	49	1	85.1
NC_037882.1	k141_101397	19419	97.959	49	1	85.1
NC_037882.1	k141_101397	19419	97.674	43	1	74.3
NC_037882.1	k141_101397	19419	91.111	45	4	64.4
NC_037882.1	k141_101397	19419	86.842	38	5	47.3
NC_037882.1	k141_101397	19419	84.211	38	6	42.8
NC_037882.1	k141_11541	56475	87.571	5439	589	6723
NC_037882.1	k141_11541	56475	83.184	3913	573	4077
NC_037882.1	k141_11541	56475	89.977	2634	260	3546
NC_037882.1	k141_11541	56475	81.577	3349	542	3236
NC_037882.1	k141_11541	56475	75.651	3762	707	2501
NC_037882.1	k141_11541	56475	83.190	2320	340	2399
NC_037882.1	k141_11541	56475	86.084	1933	265	2269
NC_037882.1	k141_11541	56475	82.986	1822	257	1869
NC_037882.1	k141_11541	56475	87.293	1511	192	1860
NC_037882.1	k141_11541	56475	79.696	1842	265	1645
NC_037882.1	k141_11541	56475	78.144	2091	306	1618
NC_037882.1	k141_11541	56475	75.555	2254	478	1557
NC_037882.1	k141_11541	56475	82.090	670	111	667
NC_037882.1	k141_11541	56475	75.698	967	141	662
NC_037882.1	k141_11541	56475	70.755	1272	203	590
NC_037882.1	k141_11541	56475	76.602	671	103	480
NC_037882.1	k141_11541	56475	70.946	888	122	408
NC_037882.1	k141_11541	56475	90.068	292	29	397
NC_037882.1	k141_11541	56475	70.880	886	154	385
NC_037882.1	k141_11541	56475	72.424	660	118	356
NC_037882.1	k141_11541	56475	72.378	677	113	333
NC_037882.1	k141_11541	56475	82.085	307	34	312
NC_037882.1	k141_11541	56475	76.454	361	65	255
NC_037882.1	k141_11541	56475	76.807	332	60	236
NC_037882.1	k141_11541	56475	84.848	198	23	220
NC_037882.1	k141_11541	56475	86.310	168	23	200
NC_037882.1	k141_11541	56475	90.071	141	14	192
NC_037882.1	k141_11541	56475	90.071	141	14	192
NC_037882.1	k141_11541	56475	75.735	272	39	173
NC_037882.1	k141_11541	56475	74.113	282	65	169
NC_037882.1	k141_11541	56475	90.741	108	9	147
NC_037882.1	k141_11541	56475	100.000	75	0	136
NC_037882.1	k141_11541	56475	67.221	421	124	132
NC_037882.1	k141_11541	56475	81.679	131	13	130
NC_037882.1	k141_11541	56475	78.750	160	28	128
NC_037882.1	k141_11541	56475	90.000	90	9	123
NC_037882.1	k141_11541	56475	94.595	74	4	116
NC_037882.1	k141_11541	56475	88.764	89	10	116
NC_037882.1	k141_11541	56475	71.779	163	46	87.8
NC_037882.1	k141_11541	56475	88.679	53	5	66.2
NC_037882.1	k141_11541	56475	92.857	42	3	63.5
NC_037882.1	k141_11541	56475	81.250	64	12	62.6
NC_037882.1	k141_11541	56475	94.872	39	2	62.6
NC_037882.1	k141_11541	56475	94.872	39	2	62.6
NC_037882.1	k141_11541	56475	67.949	156	50	57.2
NC_037882.1	k141_11541	56475	75.714	70	17	50.9
NC_037882.1	k141_11541	56475	80.851	47	9	45.5
NC_037882.1	k141_56017	12963	79.826	2300	385	2038
NC_037882.1	k141_56017	12963	82.085	1976	326	1957
NC_037882.1	k141_56017	12963	76.517	2274	454	1667
NC_037882.1	k141_56017	12963	78.968	1531	276	1275
NC_037882.1	k141_56017	12963	77.798	1108	220	864
NC_037882.1	k141_56017	12963	73.946	1186	234	760
NC_037882.1	k141_56017	12963	91.489	141	12	201
NC_037882.1	k141_98502	2312	90.187	642	54	865
NC_037882.1	k141_98502	2312	90.187	642	54	865
NC_037882.1	k141_98502	2312	91.034	435	38	606
NC_037882.1	k141_98502	2312	91.034	435	38	606
NC_037882.1	k141_98502	2312	75.786	318	66	224
NC_037882.1	k141_98502	2312	75.786	318	66	224
NC_037882.1	k141_98502	2312	98.734	79	1	139
NC_037882.1	k141_53686	1700	93.333	450	30	677
NC_037882.1	k141_5466	5899	75.720	799	128	559
NC_037882.1	k141_55800	4953	72.748	877	208	461
NC_037882.1	k141_55800	4953	72.748	877	208	461
NC_037882.1	k141_55800	4953	77.580	281	61	216
NC_037882.1	k141_55800	4953	77.580	281	61	216
NC_037882.1	k141_55800	4953	86.667	60	8	73.4
NC_037882.1	k141_55800	4953	86.667	60	8	73.4
NC_037882.1	k141_33083	5400	89.145	304	33	400
NC_037882.1	k141_11975	5143	83.287	359	42	376
NC_037882.1	k141_97490	1016	85.809	303	28	340
NC_037882.1	k141_97490	1016	85.809	303	28	340
NC_037882.1	k141_11371	8244	74.436	532	125	339
NC_037882.1	k141_11371	8244	74.436	532	125	339
NC_037882.1	k141_11371	8244	74.788	472	88	289
NC_037882.1	k141_11371	8244	74.788	472	88	289
NC_037882.1	k141_13935	1360	82.759	319	43	321
NC_037882.1	k141_13935	1360	79.518	166	15	137
NC_037882.1	k141_27110	3258	74.138	464	63	289
NC_037882.1	k141_35025	589	88.945	199	22	260
NC_037882.1	k141_35025	589	88.945	199	22	260
NC_037882.1	k141_32996	528	78.165	316	55	259
NC_037882.1	k141_4608	1007	96.429	140	5	231
NC_037882.1	k141_87630	1519	66.667	783	222	222
NC_037882.1	k141_105025	1320	78.903	237	27	201
NC_037882.1	k141_71447	2336	92.593	108	8	159
NC_037882.1	k141_71447	2336	92.593	108	8	159
NC_037882.1	k141_75414	484	97.727	88	2	150
NC_037882.1	k141_75414	484	97.727	88	2	150
NC_037882.1	k141_104103	5673	88.696	115	12	146
NC_037882.1	k141_8929	850	89.691	97	10	131
NC_037882.1	k141_8892	630	89.691	97	10	131
NC_037882.1	k141_79724	858	86.792	106	14	129
NC_037882.1	k141_97868	2322	89.474	95	10	127
NC_037882.1	k141_3555	629	90.000	90	9	123
NC_037882.1	k141_88508	635	70.124	241	37	120
NC_037882.1	k141_61261	2434	81.967	122	20	119
NC_037882.1	k141_61261	2434	81.967	122	20	119
NC_037882.1	k141_66368	3174	81.897	116	17	114
NC_037882.1	k141_66368	3174	81.897	116	17	114
NC_037882.1	k141_69564	3002	91.139	79	7	112
NC_037882.1	k141_104799	1006	78.519	135	27	111
NC_037882.1	k141_104799	1006	78.519	135	27	111
NC_037882.1	k141_59634	418	86.667	90	12	109
NC_037882.1	k141_16322	459	81.481	108	19	102
NC_037882.1	k141_16322	459	81.481	108	19	102
NC_037882.1	k141_13056	333	100.000	55	0	100
NC_037882.1	k141_13056	333	100.000	55	0	100
NC_037882.1	k141_56135	1047	73.446	177	35	96.9
NC_037882.1	k141_56135	1047	78.481	79	6	59.0
NC_037882.1	k141_87743	550	93.651	63	4	96.9
NC_037882.1	k141_107562	617	96.491	57	2	95.1
NC_037882.1	k141_107562	617	96.491	57	2	95.1
NC_037882.1	k141_103797	1496	89.189	74	2	95.1
NC_037882.1	k141_103797	1496	89.189	74	2	95.1
NC_037882.1	k141_17195	1819	70.681	191	56	93.3
NC_037882.1	k141_17195	1819	70.681	191	56	93.3
NC_037882.1	k141_74510	523	88.235	68	8	87.8
NC_037882.1	k141_74510	523	88.235	68	8	87.8
NC_037882.1	k141_97539	1598	92.727	55	4	82.4
NC_037882.1	k141_94190	889	94.444	54	2	81.5
NC_037882.1	k141_94190	889	94.444	54	2	81.5
NC_037882.1	k141_106031	550	91.071	56	4	76.1
NC_037882.1	k141_94957	2027	75.833	120	17	75.2
NC_037882.1	k141_94957	2027	75.833	120	17	75.2
NC_037882.1	k141_43349	2103	78.409	88	19	74.3
NC_037882.1	k141_74343	661	85.000	60	9	68.9
NC_037882.1	k141_13170	674	100.000	37	0	68.0
NC_037882.1	k141_13170	674	100.000	37	0	68.0
NC_037882.1	k141_76294	1026	92.683	41	3	61.7
NC_037882.1	k141_96089	2424	80.851	47	9	45.5
NC_056190.1	k141_101397	19419	89.978	4969	308	6735
NC_056190.1	k141_101397	19419	89.978	4969	308	6735
NC_056190.1	k141_101397	19419	92.672	3016	145	4413
NC_056190.1	k141_101397	19419	92.672	3016	145	4413
NC_056190.1	k141_101397	19419	91.690	2888	168	4111
NC_056190.1	k141_101397	19419	91.690	2888	168	4111
NC_056190.1	k141_101397	19419	90.860	2243	123	3083
NC_056190.1	k141_101397	19419	90.860	2243	123	3083
NC_056190.1	k141_101397	19419	82.063	892	130	879
NC_056190.1	k141_101397	19419	82.063	892	130	879
NC_056190.1	k141_101397	19419	76.857	821	110	625
NC_056190.1	k141_101397	19419	76.857	821	110	625
NC_056190.1	k141_101397	19419	80.180	555	85	492
NC_056190.1	k141_101397	19419	80.180	555	85	492
NC_056190.1	k141_101397	19419	85.013	387	43	442
NC_056190.1	k141_101397	19419	85.013	387	43	442
NC_056190.1	k141_101397	19419	78.063	506	65	414
NC_056190.1	k141_101397	19419	78.063	506	65	414
NC_056190.1	k141_101397	19419	75.774	549	99	377
NC_056190.1	k141_101397	19419	82.834	367	37	375
NC_056190.1	k141_101397	19419	82.834	367	37	375
NC_056190.1	k141_101397	19419	87.283	173	18	213
NC_056190.1	k141_101397	19419	87.283	173	18	213
NC_056190.1	k141_101397	19419	86.598	97	13	117
NC_056190.1	k141_101397	19419	97.619	42	1	72.5
NC_056190.1	k141_101397	19419	88.679	53	5	66.2
NC_056190.1	k141_101397	19419	88.679	53	5	66.2
NC_056190.1	k141_101397	19419	88.889	45	5	59.9
NC_056190.1	k141_101397	19419	86.842	38	5	47.3
NC_056190.1	k141_11541	56475	86.838	5440	629	6549
NC_056190.1	k141_11541	56475	82.213	3868	582	3880
NC_056190.1	k141_11541	56475	88.984	2578	279	3365
NC_056190.1	k141_11541	56475	79.695	3349	588	2976
NC_056190.1	k141_11541	56475	74.023	3992	778	2402
NC_056190.1	k141_11541	56475	80.693	2569	405	2344
NC_056190.1	k141_11541	56475	81.869	2140	326	2108
NC_056190.1	k141_11541	56475	87.285	1510	186	1850
NC_056190.1	k141_11541	56475	79.758	1734	294	1525
NC_056190.1	k141_11541	56475	76.154	2080	308	1451
NC_056190.1	k141_11541	56475	73.532	2214	482	1342
NC_056190.1	k141_11541	56475	78.128	1047	167	845
NC_056190.1	k141_11541	56475	81.053	665	119	620
NC_056190.1	k141_11541	56475	71.836	1193	222	600
NC_056190.1	k141_11541	56475	72.857	1050	179	583
NC_056190.1	k141_11541	56475	74.381	687	112	427
NC_056190.1	k141_11541	56475	88.088	319	35	403
NC_056190.1	k141_11541	56475	71.145	856	133	398
NC_056190.1	k141_11541	56475	74.437	622	120	391
NC_056190.1	k141_11541	56475	83.587	329	33	352
NC_056190.1	k141_11541	56475	72.035	683	125	327
NC_056190.1	k141_11541	56475	86.235	247	22	272
NC_056190.1	k141_11541	56475	78.526	312	63	251
NC_056190.1	k141_11541	56475	74.212	349	65	206
NC_056190.1	k141_11541	56475	84.127	189	23	204
NC_056190.1	k141_11541	56475	83.158	190	29	193
NC_056190.1	k141_11541	56475	88.652	141	16	183
NC_056190.1	k141_11541	56475	88.652	141	16	183
NC_056190.1	k141_11541	56475	87.755	147	14	175
NC_056190.1	k141_11541	56475	93.407	91	4	135
NC_056190.1	k141_11541	56475	97.333	75	2	127
NC_056190.1	k141_11541	56475	96.104	77	3	126
NC_056190.1	k141_11541	56475	78.125	160	29	123
NC_056190.1	k141_11541	56475	76.364	165	39	123
NC_056190.1	k141_11541	56475	89.535	86	9	115
NC_056190.1	k141_11541	56475	93.421	76	5	115
NC_056190.1	k141_11541	56475	69.302	215	52	90.6
NC_056190.1	k141_11541	56475	85.000	80	11	87.8
NC_056190.1	k141_11541	56475	91.071	56	5	79.7
NC_056190.1	k141_11541	56475	76.471	102	18	73.4
NC_056190.1	k141_11541	56475	66.372	226	49	72.5
NC_056190.1	k141_11541	56475	92.857	42	3	63.5
NC_056190.1	k141_11541	56475	71.552	116	33	61.7
NC_056190.1	k141_11541	56475	78.571	70	15	59.9
NC_056190.1	k141_53415	24595	78.692	4604	689	3765
NC_056190.1	k141_53415	24595	75.418	2754	507	1902
NC_056190.1	k141_53415	24595	79.051	1938	351	1625
NC_056190.1	k141_53415	24595	76.667	1590	293	1185
NC_056190.1	k141_53415	24595	84.334	1066	143	1133
NC_056190.1	k141_53415	24595	79.940	668	118	593
NC_056190.1	k141_53415	24595	71.608	1113	205	566
NC_056190.1	k141_53415	24595	73.077	988	185	544
NC_056190.1	k141_53415	24595	68.995	1274	260	490
NC_056190.1	k141_53415	24595	89.091	220	21	288
NC_056190.1	k141_53415	24595	89.091	220	21	288
NC_056190.1	k141_53415	24595	77.037	270	28	230
NC_056190.1	k141_53415	24595	76.157	281	67	205
NC_056190.1	k141_53415	24595	79.399	233	48	205
NC_056190.1	k141_53415	24595	67.967	487	89	196
NC_056190.1	k141_53415	24595	79.724	217	44	194
NC_056190.1	k141_53415	24595	77.291	251	42	192
NC_056190.1	k141_53415	24595	86.709	158	21	191
NC_056190.1	k141_53415	24595	72.517	302	79	166
NC_056190.1	k141_53415	24595	83.448	145	24	154
NC_056190.1	k141_53415	24595	82.500	120	21	123
NC_056190.1	k141_53415	24595	87.324	71	9	88.7
NC_056190.1	k141_53415	24595	76.471	102	18	73.4
NC_056190.1	k141_98502	2312	90.330	1758	136	2390
NC_056190.1	k141_98502	2312	90.330	1758	136	2390
NC_056190.1	k141_98502	2312	76.025	317	64	223
NC_056190.1	k141_98502	2312	97.531	81	2	138
NC_056190.1	k141_56017	12963	76.889	2289	415	1729
NC_056190.1	k141_56017	12963	76.687	1141	241	841
NC_056190.1	k141_56017	12963	78.674	905	160	761
NC_056190.1	k141_56017	12963	73.557	1074	238	645
NC_056190.1	k141_56017	12963	78.223	698	119	581
NC_056190.1	k141_56017	12963	70.626	463	82	208
NC_056190.1	k141_56017	12963	89.362	141	15	187
NC_056190.1	k141_56017	12963	74.797	123	31	83.3
NC_056190.1	k141_56017	12963	79.592	49	10	44.6
NC_056190.1	k141_53686	1700	93.541	449	29	680
NC_056190.1	k141_55800	4953	72.860	888	210	471
NC_056190.1	k141_55800	4953	72.860	888	210	471
NC_056190.1	k141_55800	4953	77.224	281	62	212
NC_056190.1	k141_55800	4953	77.224	281	62	212
NC_056190.1	k141_55800	4953	86.667	60	8	73.4
NC_056190.1	k141_55800	4953	86.667	60	8	73.4
NC_056190.1	k141_5466	5899	80.690	435	75	401
NC_056190.1	k141_5466	5899	89.630	135	6	184
NC_056190.1	k141_11975	5143	78.801	467	65	387
NC_056190.1	k141_33083	5400	86.842	304	40	369
NC_056190.1	k141_97490	1016	87.879	297	26	365
NC_056190.1	k141_97490	1016	87.879	297	26	365
NC_056190.1	k141_11371	8244	74.436	532	125	339
NC_056190.1	k141_11371	8244	74.436	532	125	339
NC_056190.1	k141_11371	8244	75.212	472	86	298
NC_056190.1	k141_11371	8244	75.212	472	86	298
NC_056190.1	k141_27110	3258	75.589	467	75	324
NC_056190.1	k141_13935	1360	88.571	245	24	306
NC_056190.1	k141_13935	1360	96.203	79	3	130
NC_056190.1	k141_87630	1519	67.955	880	219	292
NC_056190.1	k141_32996	528	73.858	394	71	244
NC_056190.1	k141_35025	589	86.935	199	26	242
NC_056190.1	k141_35025	589	86.935	199	26	242
NC_056190.1	k141_4608	1007	96.377	138	5	227
NC_056190.1	k141_105025	1320	76.654	257	29	195
NC_056190.1	k141_75414	484	97.727	88	2	150
NC_056190.1	k141_75414	484	97.727	88	2	150
NC_056190.1	k141_88508	635	74.779	226	43	146
NC_056190.1	k141_71447	2336	86.726	113	10	137
NC_056190.1	k141_71447	2336	86.726	113	10	137
NC_056190.1	k141_79724	858	87.736	106	13	133
NC_056190.1	k141_97868	2322	88.421	95	11	123
NC_056190.1	k141_97868	2322	80.000	45	9	41.9
NC_056190.1	k141_61261	2434	82.645	121	19	122
NC_056190.1	k141_104103	5673	86.792	106	12	122
NC_056190.1	k141_69564	3002	93.590	78	5	119
NC_056190.1	k141_8929	850	85.567	97	14	113
NC_056190.1	k141_8892	630	85.567	97	14	113
NC_056190.1	k141_66368	3174	81.034	116	18	110
NC_056190.1	k141_66368	3174	81.034	116	18	110
NC_056190.1	k141_104799	1006	84.536	97	15	108
NC_056190.1	k141_104799	1006	84.536	97	15	108
NC_056190.1	k141_59634	418	85.556	90	13	104
NC_056190.1	k141_3555	629	85.393	89	13	103
NC_056190.1	k141_16322	459	81.481	108	19	102
NC_056190.1	k141_16322	459	81.481	108	19	102
NC_056190.1	k141_13056	333	100.000	55	0	100
NC_056190.1	k141_13056	333	100.000	55	0	100
NC_056190.1	k141_3277	1161	87.013	77	10	95.1
NC_056190.1	k141_87743	550	93.548	62	4	95.1
NC_056190.1	k141_103797	1496	89.189	74	2	95.1
NC_056190.1	k141_103797	1496	89.189	74	2	95.1
NC_056190.1	k141_107562	617	94.737	57	3	90.6
NC_056190.1	k141_107562	617	94.737	57	3	90.6
NC_056190.1	k141_17195	1819	70.466	193	53	86.9
NC_056190.1	k141_17195	1819	70.466	193	53	86.9
NC_056190.1	k141_94190	889	94.545	55	2	83.3
NC_056190.1	k141_94190	889	94.545	55	2	83.3
NC_056190.1	k141_106031	550	91.071	56	4	76.1
NC_056190.1	k141_76294	1026	72.388	134	36	72.5
NC_056190.1	k141_97539	1598	90.385	52	5	72.5
NC_056190.1	k141_74343	661	88.889	54	6	71.6
NC_056190.1	k141_96089	2424	89.362	47	5	63.5
NC_056190.1	k141_13170	674	97.297	37	1	63.5
NC_056190.1	k141_13170	674	97.297	37	1	63.5
MN564931.1	k141_53415	24595	75.988	9820	1680	6910
MN564931.1	k141_53415	24595	77.875	1948	381	1539
MN564931.1	k141_53415	24595	82.717	1082	134	1107
MN564931.1	k141_53415	24595	71.331	1322	257	633
MN564931.1	k141_53415	24595	83.986	562	87	607
MN564931.1	k141_53415	24595	75.712	667	100	466
MN564931.1	k141_53415	24595	67.302	1364	272	417
MN564931.1	k141_53415	24595	74.007	554	117	339
MN564931.1	k141_53415	24595	86.726	226	20	269
MN564931.1	k141_53415	24595	86.726	226	20	269
MN564931.1	k141_53415	24595	81.667	240	41	233
MN564931.1	k141_53415	24595	79.018	224	47	193
MN564931.1	k141_53415	24595	75.532	282	67	191
MN564931.1	k141_53415	24595	85.526	152	22	176
MN564931.1	k141_53415	24595	83.537	164	21	167
MN564931.1	k141_53415	24595	75.111	225	56	154
MN564931.1	k141_53415	24595	86.667	120	16	145
MN564931.1	k141_53415	24595	79.259	135	22	105
MN564931.1	k141_101397	19419	90.144	5053	322	6837
MN564931.1	k141_101397	19419	90.144	5053	322	6837
MN564931.1	k141_101397	19419	93.675	3004	128	4523
MN564931.1	k141_101397	19419	93.675	3004	128	4523
MN564931.1	k141_101397	19419	91.275	2934	187	4101
MN564931.1	k141_101397	19419	91.275	2934	187	4101
MN564931.1	k141_101397	19419	89.987	2287	137	3072
MN564931.1	k141_101397	19419	89.987	2287	137	3072
MN564931.1	k141_101397	19419	77.778	936	89	768
MN564931.1	k141_101397	19419	77.778	936	89	768
MN564931.1	k141_101397	19419	75.169	890	138	630
MN564931.1	k141_101397	19419	75.169	890	138	630
MN564931.1	k141_101397	19419	81.838	468	61	447
MN564931.1	k141_101397	19419	81.838	468	61	447
MN564931.1	k141_101397	19419	78.889	540	82	435
MN564931.1	k141_101397	19419	83.838	396	43	432
MN564931.1	k141_101397	19419	83.838	396	43	432
MN564931.1	k141_101397	19419	79.825	456	54	402
MN564931.1	k141_101397	19419	79.825	456	54	402
MN564931.1	k141_101397	19419	81.513	238	20	235
MN564931.1	k141_101397	19419	81.513	238	20	235
MN564931.1	k141_101397	19419	73.352	349	64	205
MN564931.1	k141_101397	19419	73.352	349	64	205
MN564931.1	k141_101397	19419	77.885	208	29	170
MN564931.1	k141_101397	19419	77.885	208	29	170
MN564931.1	k141_101397	19419	88.235	68	6	80.6
MN564931.1	k141_101397	19419	95.238	42	2	68.0
MN564931.1	k141_101397	19419	95.238	42	2	68.0
MN564931.1	k141_101397	19419	91.111	45	4	64.4
MN564931.1	k141_101397	19419	84.211	38	6	42.8
MN564931.1	k141_11541	56475	86.953	5419	608	6553
MN564931.1	k141_11541	56475	82.559	3853	590	3912
MN564931.1	k141_11541	56475	88.272	2575	293	3273
MN564931.1	k141_11541	56475	80.830	3349	560	3134
MN564931.1	k141_11541	56475	80.620	2549	404	2325
MN564931.1	k141_11541	56475	84.252	1905	293	2076
MN564931.1	k141_11541	56475	86.442	1512	204	1800
MN564931.1	k141_11541	56475	85.559	1468	155	1672
MN564931.1	k141_11541	56475	80.629	1812	302	1667
MN564931.1	k141_11541	56475	80.656	1768	297	1625
MN564931.1	k141_11541	56475	76.325	2095	334	1459
MN564931.1	k141_11541	56475	73.770	2196	495	1352
MN564931.1	k141_11541	56475	69.421	2227	554	890
MN564931.1	k141_11541	56475	80.030	666	118	602
MN564931.1	k141_11541	56475	73.105	963	151	554
MN564931.1	k141_11541	56475	77.641	568	93	438
MN564931.1	k141_11541	56475	88.750	320	32	415
MN564931.1	k141_11541	56475	88.214	280	30	346
MN564931.1	k141_11541	56475	69.508	833	129	335
MN564931.1	k141_11541	56475	79.811	317	31	287
MN564931.1	k141_11541	56475	85.306	245	32	279
MN564931.1	k141_11541	56475	78.852	331	68	275
MN564931.1	k141_11541	56475	70.048	631	109	273
MN564931.1	k141_11541	56475	75.897	390	69	262
MN564931.1	k141_11541	56475	74.074	351	61	228
MN564931.1	k141_11541	56475	84.158	202	26	222
MN564931.1	k141_11541	56475	80.804	224	26	213
MN564931.1	k141_11541	56475	86.301	146	20	174
MN564931.1	k141_11541	56475	82.386	176	21	169
MN564931.1	k141_11541	56475	86.466	133	15	158
MN564931.1	k141_11541	56475	78.771	179	38	152
MN564931.1	k141_11541	56475	80.667	150	16	139
MN564931.1	k141_11541	56475	80.667	150	16	139
MN564931.1	k141_11541	56475	92.632	95	5	138
MN564931.1	k141_11541	56475	93.407	91	6	138
MN564931.1	k141_11541	56475	65.669	568	177	126
MN564931.1	k141_11541	56475	92.857	84	6	125
MN564931.1	k141_11541	56475	90.217	92	8	123
MN564931.1	k141_11541	56475	92.593	81	6	120
MN564931.1	k141_11541	56475	90.789	76	7	106
MN564931.1	k141_11541	56475	75.630	119	29	85.1
MN564931.1	k141_11541	56475	87.500	56	7	70.7
MN564931.1	k141_11541	56475	84.127	63	6	64.4
MN564931.1	k141_11541	56475	68.824	170	51	61.7
MN564931.1	k141_11541	56475	69.863	146	42	59.0
MN564931.1	k141_11541	56475	90.476	42	4	59.0
MN564931.1	k141_11541	56475	92.308	39	3	58.1
MN564931.1	k141_11541	56475	92.308	39	3	58.1
MN564931.1	k141_11541	56475	73.832	107	20	57.2
MN564931.1	k141_11541	56475	82.979	47	8	50.0
MN564931.1	k141_11541	56475	83.333	42	7	45.5
MN564931.1	k141_98502	2312	89.657	1750	153	2321
MN564931.1	k141_98502	2312	89.657	1750	153	2321
MN564931.1	k141_98502	2312	77.287	317	61	240
MN564931.1	k141_98502	2312	100.000	79	0	143
MN564931.1	k141_56017	12963	81.411	1942	330	1876
MN564931.1	k141_56017	12963	78.105	2311	424	1866
MN564931.1	k141_56017	12963	76.070	2219	467	1567
MN564931.1	k141_56017	12963	78.103	1434	273	1136
MN564931.1	k141_56017	12963	75.651	1113	232	749
MN564931.1	k141_56017	12963	72.842	1193	246	690
MN564931.1	k141_56017	12963	90.071	141	14	192
MN564931.1	k141_53686	1700	93.111	450	31	673
MN564931.1	k141_55800	4953	72.976	877	206	470
MN564931.1	k141_55800	4953	72.976	877	206	470
MN564931.1	k141_55800	4953	77.580	281	61	216
MN564931.1	k141_55800	4953	77.580	281	61	216
MN564931.1	k141_55800	4953	86.667	60	8	73.4
MN564931.1	k141_55800	4953	86.667	60	8	73.4
MN564931.1	k141_33083	5400	89.474	304	32	405
MN564931.1	k141_5466	5899	79.348	460	90	398
MN564931.1	k141_5466	5899	84.358	179	16	186
MN564931.1	k141_5466	5899	85.000	60	8	65.3
MN564931.1	k141_11975	5143	80.488	369	55	343
MN564931.1	k141_11975	5143	82.500	120	20	119
MN564931.1	k141_97490	1016	86.486	296	32	343
MN564931.1	k141_97490	1016	86.486	296	32	343
MN564931.1	k141_11371	8244	73.872	532	128	325
MN564931.1	k141_11371	8244	73.872	532	128	325
MN564931.1	k141_11371	8244	75.641	468	91	293
MN564931.1	k141_11371	8244	75.641	468	91	293
MN564931.1	k141_13935	1360	83.588	262	43	279
MN564931.1	k141_13935	1360	92.473	93	7	137
MN564931.1	k141_13935	1360	80.851	47	9	45.5
MN564931.1	k141_87630	1519	67.839	768	214	261
MN564931.1	k141_32996	528	75.000	384	64	258
MN564931.1	k141_35025	589	88.384	198	23	254
MN564931.1	k141_35025	589	88.384	198	23	254
MN564931.1	k141_4608	1007	97.143	140	4	235
MN564931.1	k141_27110	3258	76.842	285	38	206
MN564931.1	k141_27110	3258	92.308	104	8	152
MN564931.1	k141_105025	1320	77.291	251	34	186
MN564931.1	k141_88508	635	76.991	226	32	165
MN564931.1	k141_75414	484	97.727	88	2	150
MN564931.1	k141_75414	484	97.727	88	2	150
MN564931.1	k141_71447	2336	88.496	113	8	146
MN564931.1	k141_71447	2336	88.496	113	8	146
MN564931.1	k141_79724	858	88.679	106	12	138
MN564931.1	k141_8929	850	89.691	97	10	131
MN564931.1	k141_8892	630	89.691	97	10	131
MN564931.1	k141_61261	2434	82.645	121	19	122
MN564931.1	k141_3555	629	88.889	90	10	118
MN564931.1	k141_104103	5673	89.888	89	8	117
MN564931.1	k141_69564	3002	94.521	73	4	114
MN564931.1	k141_104799	1006	78.519	135	27	111
MN564931.1	k141_104799	1006	78.519	135	27	111
MN564931.1	k141_16322	459	82.407	108	18	106
MN564931.1	k141_16322	459	82.407	108	18	106
MN564931.1	k141_97868	2322	84.211	95	15	104
MN564931.1	k141_13056	333	100.000	55	0	100
MN564931.1	k141_13056	333	100.000	55	0	100
MN564931.1	k141_56135	1047	68.385	291	44	100
MN564931.1	k141_59634	418	84.444	90	14	100
MN564931.1	k141_3277	1161	88.000	75	9	96.0
MN564931.1	k141_107562	617	96.491	57	2	95.1
MN564931.1	k141_107562	617	96.491	57	2	95.1
MN564931.1	k141_103797	1496	89.189	74	2	95.1
MN564931.1	k141_103797	1496	89.189	74	2	95.1
MN564931.1	k141_17195	1819	70.681	191	56	93.3
MN564931.1	k141_17195	1819	70.681	191	56	93.3
MN564931.1	k141_87743	550	90.323	62	6	86.0
MN564931.1	k141_94190	889	94.444	54	2	81.5
MN564931.1	k141_94190	889	94.444	54	2	81.5
MN564931.1	k141_66368	3174	80.952	84	16	80.6
MN564931.1	k141_66368	3174	80.952	84	16	80.6
MN564931.1	k141_97539	1598	90.385	52	5	72.5
MN564931.1	k141_106031	550	89.286	56	5	71.6
MN564931.1	k141_43349	2103	78.750	80	17	68.9
MN564931.1	k141_76294	1026	76.471	85	20	64.4
MN564931.1	k141_21325	348	86.538	52	7	63.5
MN564931.1	k141_13170	674	97.297	37	1	63.5
MN564931.1	k141_13170	674	97.297	37	1	63.5
MN564931.1	k141_74343	661	82.759	58	10	60.8
MN564931.1	k141_96089	2424	87.234	47	6	59.0
MN564931.1	k141_94957	2027	81.818	66	10	59.0
MN564931.1	k141_94957	2027	81.818	66	10	59.0
NC_031651.1	k141_101397	19419	90.866	5080	300	7051
NC_031651.1	k141_101397	19419	90.866	5080	300	7051
NC_031651.1	k141_101397	19419	89.450	3621	250	4774
NC_031651.1	k141_101397	19419	89.450	3621	250	4774
NC_031651.1	k141_101397	19419	94.279	2989	133	4600
NC_031651.1	k141_101397	19419	94.279	2989	133	4600
NC_031651.1	k141_101397	19419	89.740	2271	129	3040
NC_031651.1	k141_101397	19419	89.740	2271	129	3040
NC_031651.1	k141_101397	19419	82.399	892	127	897
NC_031651.1	k141_101397	19419	82.399	892	127	897
NC_031651.1	k141_101397	19419	83.725	553	65	570
NC_031651.1	k141_101397	19419	83.725	553	65	570
NC_031651.1	k141_101397	19419	86.563	387	37	469
NC_031651.1	k141_101397	19419	86.563	387	37	469
NC_031651.1	k141_101397	19419	78.383	569	88	463
NC_031651.1	k141_101397	19419	90.090	333	26	450
NC_031651.1	k141_101397	19419	90.090	333	26	450
NC_031651.1	k141_101397	19419	81.342	477	58	447
NC_031651.1	k141_101397	19419	81.342	477	58	447
NC_031651.1	k141_101397	19419	84.821	224	20	246
NC_031651.1	k141_101397	19419	84.821	224	20	246
NC_031651.1	k141_101397	19419	71.963	321	63	167
NC_031651.1	k141_101397	19419	77.889	199	33	158
NC_031651.1	k141_101397	19419	100.000	39	0	71.6
NC_031651.1	k141_11541	56475	87.440	5422	598	6689
NC_031651.1	k141_11541	56475	83.179	3876	539	4054
NC_031651.1	k141_11541	56475	90.516	2499	237	3439
NC_031651.1	k141_11541	56475	80.605	3372	554	3115
NC_031651.1	k141_11541	56475	80.681	3023	448	2811
NC_031651.1	k141_11541	56475	75.333	3750	724	2495
NC_031651.1	k141_11541	56475	82.289	2315	369	2319
NC_031651.1	k141_11541	56475	86.631	1511	202	1815
NC_031651.1	k141_11541	56475	82.254	1730	257	1737
NC_031651.1	k141_11541	56475	81.942	1761	272	1735
NC_031651.1	k141_11541	56475	78.004	2064	303	1623
NC_031651.1	k141_11541	56475	76.089	2250	461	1608
NC_031651.1	k141_11541	56475	77.374	1074	202	816
NC_031651.1	k141_11541	56475	70.857	1225	196	574
NC_031651.1	k141_11541	56475	79.348	644	104	526
NC_031651.1	k141_11541	56475	73.136	845	128	496
NC_031651.1	k141_11541	56475	90.127	314	28	425
NC_031651.1	k141_11541	56475	72.568	740	130	391
NC_031651.1	k141_11541	56475	73.659	634	133	377
NC_031651.1	k141_11541	56475	83.136	338	35	346
NC_031651.1	k141_11541	56475	82.334	317	54	313
NC_031651.1	k141_11541	56475	88.066	243	17	301
NC_031651.1	k141_11541	56475	77.348	362	56	267
NC_031651.1	k141_11541	56475	84.080	201	31	215
NC_031651.1	k141_11541	56475	74.618	327	58	212
NC_031651.1	k141_11541	56475	74.679	312	67	205
NC_031651.1	k141_11541	56475	90.071	141	14	192
NC_031651.1	k141_11541	56475	90.071	141	14	192
NC_031651.1	k141_11541	56475	84.247	146	16	158
NC_031651.1	k141_11541	56475	90.598	117	9	155
NC_031651.1	k141_11541	56475	87.963	108	13	137
NC_031651.1	k141_11541	56475	92.391	92	7	135
NC_031651.1	k141_11541	56475	76.970	165	38	127
NC_031651.1	k141_11541	56475	90.110	91	7	122
NC_031651.1	k141_11541	56475	90.588	85	8	118
NC_031651.1	k141_11541	56475	93.506	77	5	117
NC_031651.1	k141_11541	56475	75.309	162	30	104
NC_031651.1	k141_11541	56475	72.393	163	45	92.4
NC_031651.1	k141_11541	56475	90.000	50	5	68.9
NC_031651.1	k141_11541	56475	92.308	39	3	58.1
NC_031651.1	k141_11541	56475	92.308	39	3	58.1
NC_031651.1	k141_11541	56475	75.714	70	17	50.9
NC_031651.1	k141_11541	56475	67.059	170	54	48.2
NC_031651.1	k141_11541	56475	75.000	68	17	47.3
NC_031651.1	k141_11541	56475	75.714	70	11	42.8
NC_031651.1	k141_53415	24595	78.381	7512	1188	6141
NC_031651.1	k141_53415	24595	78.950	1962	351	1625
NC_031651.1	k141_53415	24595	87.683	958	106	1180
NC_031651.1	k141_53415	24595	79.447	1012	164	878
NC_031651.1	k141_53415	24595	81.764	669	106	654
NC_031651.1	k141_53415	24595	70.135	1480	247	627
NC_031651.1	k141_53415	24595	68.569	1419	289	551
NC_031651.1	k141_53415	24595	77.259	686	119	509
NC_031651.1	k141_53415	24595	78.383	532	92	435
NC_031651.1	k141_53415	24595	77.778	504	93	395
NC_031651.1	k141_53415	24595	88.938	226	24	292
NC_031651.1	k141_53415	24595	88.938	226	24	292
NC_031651.1	k141_53415	24595	80.844	308	46	284
NC_031651.1	k141_53415	24595	77.778	297	66	239
NC_031651.1	k141_53415	24595	77.778	288	59	214
NC_031651.1	k141_53415	24595	80.088	226	45	205
NC_031651.1	k141_53415	24595	86.709	158	21	191
NC_031651.1	k141_53415	24595	79.235	183	30	153
NC_031651.1	k141_53415	24595	76.238	202	31	141
NC_031651.1	k141_53415	24595	87.324	71	9	88.7
NC_031651.1	k141_56017	12963	77.830	3383	587	2682
NC_031651.1	k141_56017	12963	80.794	1989	320	1881
NC_031651.1	k141_56017	12963	76.775	2239	471	1666
NC_031651.1	k141_56017	12963	79.582	1435	240	1243
NC_031651.1	k141_56017	12963	76.684	1188	201	873
NC_031651.1	k141_56017	12963	91.489	141	12	201
NC_031651.1	k141_56017	12963	72.332	253	41	141
NC_031651.1	k141_56017	12963	79.592	49	10	44.6
NC_031651.1	k141_98502	2312	90.649	1818	141	2489
NC_031651.1	k141_98502	2312	92.042	1734	127	2489
NC_031651.1	k141_98502	2312	81.311	305	48	288
NC_031651.1	k141_98502	2312	98.182	55	1	96.0
NC_031651.1	k141_53686	1700	92.444	450	34	659
NC_031651.1	k141_5466	5899	76.960	829	125	618
NC_031651.1	k141_5466	5899	76.923	104	23	77.0
NC_031651.1	k141_5466	5899	79.104	67	10	53.6
NC_031651.1	k141_55800	4953	73.182	880	199	476
NC_031651.1	k141_55800	4953	73.182	880	199	476
NC_031651.1	k141_55800	4953	77.580	281	61	216
NC_031651.1	k141_55800	4953	77.580	281	61	216
NC_031651.1	k141_55800	4953	86.667	60	8	73.4
NC_031651.1	k141_55800	4953	86.667	60	8	73.4
NC_031651.1	k141_11975	5143	83.288	371	45	392
NC_031651.1	k141_11975	5143	86.667	120	15	141
NC_031651.1	k141_33083	5400	87.829	304	37	382
NC_031651.1	k141_97490	1016	87.162	296	30	352
NC_031651.1	k141_97490	1016	87.162	296	30	352
NC_031651.1	k141_27110	3258	76.008	471	64	335
NC_031651.1	k141_11371	8244	74.248	532	126	334
NC_031651.1	k141_11371	8244	74.248	532	126	334
NC_031651.1	k141_11371	8244	74.359	468	97	284
NC_031651.1	k141_11371	8244	74.359	468	97	284
NC_031651.1	k141_13935	1360	87.607	234	29	292
NC_031651.1	k141_13935	1360	97.260	73	2	123
NC_031651.1	k141_32996	528	76.031	388	59	276
NC_031651.1	k141_35025	589	88.945	199	22	260
NC_031651.1	k141_35025	589	88.945	199	22	260
NC_031651.1	k141_87630	1519	66.705	859	245	239
NC_031651.1	k141_4608	1007	95.000	140	7	222
NC_031651.1	k141_105025	1320	78.903	237	33	200
NC_031651.1	k141_71447	2336	94.444	108	6	168
NC_031651.1	k141_71447	2336	94.444	108	6	168
NC_031651.1	k141_61261	2434	88.430	121	12	153
NC_031651.1	k141_75414	484	97.727	88	2	150
NC_031651.1	k141_75414	484	97.727	88	2	150
NC_031651.1	k141_8929	850	87.629	97	12	122
NC_031651.1	k141_8892	630	87.629	97	12	122
NC_031651.1	k141_104103	5673	91.667	84	7	121
NC_031651.1	k141_79724	858	84.906	106	16	120
NC_031651.1	k141_3555	629	88.889	90	10	118
NC_031651.1	k141_97868	2322	86.316	95	13	113
NC_031651.1	k141_59634	418	87.778	90	11	113
NC_031651.1	k141_104799	1006	78.358	134	27	109
NC_031651.1	k141_104799	1006	78.358	134	27	109
NC_031651.1	k141_69564	3002	90.909	77	7	108
NC_031651.1	k141_16322	459	82.407	108	18	106
NC_031651.1	k141_16322	459	82.407	108	18	106
NC_031651.1	k141_13056	333	100.000	55	0	100
NC_031651.1	k141_13056	333	100.000	55	0	100
NC_031651.1	k141_56135	1047	77.444	133	23	98.7
NC_031651.1	k141_56135	1047	79.012	81	8	60.8
NC_031651.1	k141_17195	1819	71.204	191	55	97.8
NC_031651.1	k141_17195	1819	71.204	191	55	97.8
NC_031651.1	k141_107562	617	96.491	57	2	95.1
NC_031651.1	k141_107562	617	96.491	57	2	95.1
NC_031651.1	k141_3277	1161	87.013	77	10	95.1
NC_031651.1	k141_103797	1496	89.189	74	2	95.1
NC_031651.1	k141_103797	1496	89.189	74	2	95.1
NC_031651.1	k141_74510	523	87.879	66	8	84.2
NC_031651.1	k141_74510	523	87.879	66	8	84.2
NC_031651.1	k141_87743	550	88.889	63	7	83.3
NC_031651.1	k141_94190	889	94.444	54	2	81.5
NC_031651.1	k141_94190	889	94.444	54	2	81.5
NC_031651.1	k141_106031	550	92.857	56	3	80.6
NC_031651.1	k141_97539	1598	92.308	52	4	77.0
NC_031651.1	k141_74343	661	85.246	61	9	70.7
NC_031651.1	k141_43349	2103	74.757	103	26	69.8
NC_031651.1	k141_13170	674	97.297	37	1	63.5
NC_031651.1	k141_13170	674	97.297	37	1	63.5
NC_031651.1	k141_76294	1026	92.105	38	3	56.3
MW366789.1	k141_11541	56475	89.508	5309	499	7008
MW366789.1	k141_11541	56475	89.508	5309	499	7008
MW366789.1	k141_11541	56475	86.075	3526	358	4085
MW366789.1	k141_11541	56475	81.256	3996	615	3816
MW366789.1	k141_11541	56475	80.845	3362	541	3154
MW366789.1	k141_11541	56475	80.241	3396	566	3014
MW366789.1	k141_11541	56475	78.432	3547	625	2863
MW366789.1	k141_11541	56475	76.735	3314	568	2472
MW366789.1	k141_11541	56475	86.088	1912	257	2249
MW366789.1	k141_11541	56475	87.682	1583	171	1957
MW366789.1	k141_11541	56475	80.653	2114	336	1954
MW366789.1	k141_11541	56475	77.677	1756	277	1360
MW366789.1	k141_11541	56475	81.290	946	137	877
MW366789.1	k141_11541	56475	72.381	1155	249	627
MW366789.1	k141_11541	56475	74.091	880	150	567
MW366789.1	k141_11541	56475	75.644	854	114	562
MW366789.1	k141_11541	56475	72.038	1055	162	526
MW366789.1	k141_11541	56475	70.254	1180	240	489
MW366789.1	k141_11541	56475	73.913	690	112	432
MW366789.1	k141_11541	56475	89.423	312	28	410
MW366789.1	k141_11541	56475	73.859	723	119	403
MW366789.1	k141_11541	56475	88.936	235	20	295
MW366789.1	k141_11541	56475	88.261	230	24	292
MW366789.1	k141_11541	56475	78.214	280	61	231
MW366789.1	k141_11541	56475	75.339	369	58	227
MW366789.1	k141_11541	56475	83.568	213	32	221
MW366789.1	k141_11541	56475	75.641	312	55	208
MW366789.1	k141_11541	56475	77.928	222	39	167
MW366789.1	k141_11541	56475	94.231	104	6	161
MW366789.1	k141_11541	56475	97.561	82	2	140
MW366789.1	k141_11541	56475	91.667	96	8	138
MW366789.1	k141_11541	56475	97.436	78	2	132
MW366789.1	k141_11541	56475	73.469	245	47	130
MW366789.1	k141_11541	56475	82.812	128	16	129
MW366789.1	k141_11541	56475	88.298	94	11	121
MW366789.1	k141_11541	56475	94.667	75	4	118
MW366789.1	k141_11541	56475	73.939	165	43	104
MW366789.1	k141_11541	56475	73.939	165	43	104
MW366789.1	k141_11541	56475	89.610	77	8	104
MW366789.1	k141_11541	56475	91.892	74	5	104
MW366789.1	k141_11541	56475	91.892	74	5	104
MW366789.1	k141_11541	56475	68.459	279	72	99.6
MW366789.1	k141_11541	56475	68.459	279	72	99.6
MW366789.1	k141_11541	56475	78.462	130	22	96.9
MW366789.1	k141_11541	56475	88.889	72	8	95.1
MW366789.1	k141_11541	56475	88.889	72	8	95.1
MW366789.1	k141_11541	56475	89.286	56	6	75.2
MW366789.1	k141_11541	56475	88.136	59	6	72.5
MW366789.1	k141_11541	56475	88.136	59	6	72.5
MW366789.1	k141_11541	56475	69.504	141	33	57.2
MW366789.1	k141_11541	56475	66.492	191	62	50.0
MW366789.1	k141_11541	56475	66.492	191	62	50.0
MW366789.1	k141_11541	56475	73.256	86	17	49.1
MW366789.1	k141_11541	56475	67.059	170	54	48.2
MW366789.1	k141_11541	56475	67.059	170	54	48.2
MW366789.1	k141_11541	56475	79.245	53	11	47.3
MW366789.1	k141_11541	56475	79.245	53	11	47.3
MW366789.1	k141_101397	19419	89.796	4998	396	6700
MW366789.1	k141_101397	19419	89.796	4998	396	6700
MW366789.1	k141_101397	19419	92.125	2997	154	4312
MW366789.1	k141_101397	19419	92.125	2997	154	4312
MW366789.1	k141_101397	19419	89.071	2260	152	2913
MW366789.1	k141_101397	19419	89.071	2260	152	2913
MW366789.1	k141_101397	19419	91.244	1816	103	2560
MW366789.1	k141_101397	19419	91.244	1816	103	2560
MW366789.1	k141_101397	19419	84.409	635	52	701
MW366789.1	k141_101397	19419	84.409	635	52	701
MW366789.1	k141_101397	19419	79.070	731	75	636
MW366789.1	k141_101397	19419	79.070	731	75	636
MW366789.1	k141_101397	19419	88.722	399	32	511
MW366789.1	k141_101397	19419	87.857	280	27	354
MW366789.1	k141_101397	19419	87.857	280	27	354
MW366789.1	k141_101397	19419	95.270	148	6	233
MW366789.1	k141_101397	19419	95.270	148	6	233
MW366789.1	k141_101397	19419	86.034	179	21	210
MW366789.1	k141_101397	19419	86.034	179	21	210
MW366789.1	k141_101397	19419	91.724	145	12	208
MW366789.1	k141_101397	19419	91.724	145	12	208
MW366789.1	k141_101397	19419	86.441	177	22	205
MW366789.1	k141_101397	19419	86.441	177	22	205
MW366789.1	k141_101397	19419	87.037	162	18	198
MW366789.1	k141_101397	19419	87.037	162	18	196
MW366789.1	k141_101397	19419	74.110	309	43	195
MW366789.1	k141_101397	19419	84.173	139	13	156
MW366789.1	k141_101397	19419	84.173	139	13	156
MW366789.1	k141_101397	19419	94.253	87	5	135
MW366789.1	k141_101397	19419	94.253	87	5	135
MW366789.1	k141_101397	19419	87.342	79	5	98.7
MW366789.1	k141_101397	19419	87.342	79	5	98.7
MW366789.1	k141_101397	19419	88.889	72	8	95.1
MW366789.1	k141_101397	19419	88.889	72	8	95.1
MW366789.1	k141_101397	19419	75.214	117	11	79.7
MW366789.1	k141_101397	19419	75.214	117	11	79.7
MW366789.1	k141_101397	19419	75.214	117	11	79.7
MW366789.1	k141_101397	19419	93.878	49	3	76.1
MW366789.1	k141_101397	19419	93.878	49	3	76.1
MW366789.1	k141_101397	19419	93.878	49	3	76.1
MW366789.1	k141_101397	19419	90.909	44	4	62.6
MW366789.1	k141_101397	19419	89.744	39	4	53.6
MW366789.1	k141_101397	19419	77.778	54	12	44.6
MW366789.1	k141_101397	19419	77.778	54	12	44.6
MW366789.1	k141_53415	24595	80.368	5863	795	5341
MW366789.1	k141_53415	24595	81.132	1961	321	1855
MW366789.1	k141_53415	24595	71.309	3332	608	1626
MW366789.1	k141_53415	24595	88.089	1083	107	1361
MW366789.1	k141_53415	24595	76.483	961	143	691
MW366789.1	k141_53415	24595	80.931	666	122	620
MW366789.1	k141_53415	24595	79.061	554	92	444
MW366789.1	k141_53415	24595	72.901	679	133	388
MW366789.1	k141_53415	24595	80.576	417	48	381
MW366789.1	k141_53415	24595	80.576	417	48	381
MW366789.1	k141_53415	24595	73.619	561	113	350
MW366789.1	k141_53415	24595	76.945	347	68	250
MW366789.1	k141_53415	24595	80.247	243	36	211
MW366789.1	k141_53415	24595	80.357	224	26	205
MW366789.1	k141_53415	24595	80.357	224	26	205
MW366789.1	k141_53415	24595	67.747	586	170	187
MW366789.1	k141_53415	24595	67.747	586	170	187
MW366789.1	k141_53415	24595	81.183	186	21	178
MW366789.1	k141_53415	24595	70.704	355	93	168
MW366789.1	k141_53415	24595	82.781	151	26	156
MW366789.1	k141_53415	24595	78.082	146	32	120
MW366789.1	k141_53415	24595	74.556	169	38	107
MW366789.1	k141_56017	12963	82.666	3969	529	4069
MW366789.1	k141_56017	12963	82.666	3969	529	4069
MW366789.1	k141_56017	12963	77.584	2690	493	2084
MW366789.1	k141_56017	12963	76.213	2329	496	1701
MW366789.1	k141_56017	12963	78.648	1124	195	950
MW366789.1	k141_56017	12963	83.005	659	109	673
MW366789.1	k141_56017	12963	83.005	659	109	673
MW366789.1	k141_56017	12963	94.326	141	8	219
MW366789.1	k141_56017	12963	94.326	141	8	219
MW366789.1	k141_98502	2312	86.407	2288	218	2727
MW366789.1	k141_98502	2312	86.364	2288	219	2723
MW366789.1	k141_53686	1700	92.291	467	35	677
MW366789.1	k141_53686	1700	92.291	467	35	677
MW366789.1	k141_55800	4953	72.116	893	200	443
MW366789.1	k141_55800	4953	72.116	893	200	443
MW366789.1	k141_55800	4953	90.000	60	6	82.4
MW366789.1	k141_55800	4953	90.000	60	6	82.4
MW366789.1	k141_55800	4953	88.333	60	7	77.9
MW366789.1	k141_55800	4953	88.333	60	7	77.9
MW366789.1	k141_33083	5400	87.789	303	37	380
MW366789.1	k141_5466	5899	76.739	460	75	363
MW366789.1	k141_5466	5899	83.654	208	28	219
MW366789.1	k141_5466	5899	70.690	116	25	56.3
MW366789.1	k141_13935	1360	76.522	460	78	334
MW366789.1	k141_13935	1360	72.857	350	74	173
MW366789.1	k141_97490	1016	83.607	305	33	323
MW366789.1	k141_97490	1016	83.607	305	33	323
MW366789.1	k141_11371	8244	73.321	536	124	322
MW366789.1	k141_11371	8244	73.321	536	124	322
MW366789.1	k141_11371	8244	75.855	468	92	300
MW366789.1	k141_11371	8244	75.855	468	92	300
MW366789.1	k141_32996	528	72.487	567	104	308
MW366789.1	k141_11975	5143	77.867	375	54	297
MW366789.1	k141_27110	3258	76.519	362	51	269
MW366789.1	k141_4608	1007	97.143	140	4	235
MW366789.1	k141_4608	1007	97.143	140	4	235
MW366789.1	k141_87630	1519	66.940	732	203	215
MW366789.1	k141_104103	5673	89.167	120	13	159
MW366789.1	k141_71447	2336	89.815	108	11	146
MW366789.1	k141_71447	2336	89.815	108	11	146
MW366789.1	k141_75414	484	95.455	88	4	141
MW366789.1	k141_75414	484	95.455	88	4	141
MW366789.1	k141_8929	850	90.722	97	9	135
MW366789.1	k141_8892	630	90.722	97	9	135
MW366789.1	k141_97868	2322	90.526	95	9	132
MW366789.1	k141_97868	2322	90.526	95	9	132
MW366789.1	k141_79724	858	86.792	106	14	129
MW366789.1	k141_96435	465	81.061	132	14	127
MW366789.1	k141_96435	465	81.061	132	14	127
MW366789.1	k141_3555	629	90.217	92	9	126
MW366789.1	k141_76294	1026	76.404	178	36	124
MW366789.1	k141_59634	418	90.000	90	9	123
MW366789.1	k141_61261	2434	83.051	118	18	121
MW366789.1	k141_61261	2434	80.342	117	18	108
MW366789.1	k141_16322	459	83.333	108	17	111
MW366789.1	k141_16322	459	83.333	108	17	111
MW366789.1	k141_104799	1006	84.536	97	15	108
MW366789.1	k141_104799	1006	84.536	97	15	108
MW366789.1	k141_69564	3002	91.026	78	6	106
MW366789.1	k141_56135	1047	74.118	170	33	96.9
MW366789.1	k141_87743	550	93.651	63	4	96.9
MW366789.1	k141_3277	1161	87.013	77	10	95.1
MW366789.1	k141_103797	1496	87.838	74	3	90.6
MW366789.1	k141_103797	1496	87.838	74	3	90.6
MW366789.1	k141_107562	617	92.982	57	4	86.0
MW366789.1	k141_107562	617	92.982	57	4	86.0
MW366789.1	k141_97539	1598	96.154	52	2	86.0
MW366789.1	k141_13056	333	92.727	55	4	82.4
MW366789.1	k141_13056	333	92.727	55	4	82.4
MW366789.1	k141_106031	550	89.286	56	5	71.6
MW366789.1	k141_106031	550	89.286	56	5	71.6
MW366789.1	k141_94190	889	88.889	54	5	68.0
MW366789.1	k141_94190	889	88.889	54	5	68.0
MW366789.1	k141_43349	2103	71.654	127	36	68.0
MW366789.1	k141_74343	661	85.714	56	8	66.2
MW366789.1	k141_94957	2027	91.304	46	4	66.2
MW366789.1	k141_94957	2027	91.304	46	4	66.2
MW366789.1	k141_19355	2182	85.455	55	8	64.4
MW366789.1	k141_53583	587	82.692	52	9	54.5
MW366789.1	k141_53583	587	82.692	52	9	54.5
MW366789.1	k141_8682	1184	84.783	46	7	52.7
MW366789.1	k141_8682	1184	84.783	46	7	52.7
MW366789.1	k141_105560	2342	86.111	36	5	43.7
KT899950.1	k141_11541	56475	85.301	7953	833	8997
KT899950.1	k141_11541	56475	85.043	4025	494	4543
KT899950.1	k141_11541	56475	84.836	3627	382	4029
KT899950.1	k141_11541	56475	78.708	4382	679	3723
KT899950.1	k141_11541	56475	83.294	3352	487	3528
KT899950.1	k141_11541	56475	82.233	3394	459	3361
KT899950.1	k141_11541	56475	79.021	3270	534	2789
KT899950.1	k141_11541	56475	87.584	1925	227	2397
KT899950.1	k141_11541	56475	81.204	2293	318	2155
KT899950.1	k141_11541	56475	87.612	1558	186	1933
KT899950.1	k141_11541	56475	80.497	1087	146	970
KT899950.1	k141_11541	56475	78.648	1021	138	832
KT899950.1	k141_11541	56475	71.144	1355	212	685
KT899950.1	k141_11541	56475	77.196	649	89	485
KT899950.1	k141_11541	56475	74.392	699	90	458
KT899950.1	k141_11541	56475	72.527	819	133	452
KT899950.1	k141_11541	56475	83.257	436	54	448
KT899950.1	k141_11541	56475	75.804	591	85	402
KT899950.1	k141_11541	56475	78.935	413	50	351
KT899950.1	k141_11541	56475	75.205	488	71	344
KT899950.1	k141_11541	56475	75.484	465	77	318
KT899950.1	k141_11541	56475	76.280	371	58	273
KT899950.1	k141_11541	56475	74.927	343	62	235
KT899950.1	k141_11541	56475	93.464	153	8	229
KT899950.1	k141_11541	56475	89.362	141	15	187
KT899950.1	k141_11541	56475	89.362	141	15	187
KT899950.1	k141_11541	56475	79.452	219	29	180
KT899950.1	k141_11541	56475	90.566	106	9	143
KT899950.1	k141_11541	56475	94.444	90	5	141
KT899950.1	k141_11541	56475	89.320	103	11	137
KT899950.1	k141_11541	56475	88.235	102	8	130
KT899950.1	k141_11541	56475	76.282	156	37	115
KT899950.1	k141_11541	56475	72.273	220	45	114
KT899950.1	k141_11541	56475	75.000	160	34	105
KT899950.1	k141_11541	56475	68.293	287	73	102
KT899950.1	k141_11541	56475	89.286	56	6	75.2
KT899950.1	k141_11541	56475	78.571	70	15	59.9
KT899950.1	k141_11541	56475	92.308	39	3	58.1
KT899950.1	k141_11541	56475	92.308	39	3	58.1
KT899950.1	k141_11541	56475	68.790	157	47	56.3
KT899950.1	k141_53415	24595	79.245	10060	1397	8730
KT899950.1	k141_53415	24595	81.476	2127	324	2060
KT899950.1	k141_53415	24595	87.671	1168	119	1431
KT899950.1	k141_53415	24595	74.750	1802	299	1159
KT899950.1	k141_53415	24595	74.663	1409	217	919
KT899950.1	k141_53415	24595	72.414	1363	229	747
KT899950.1	k141_53415	24595	82.287	717	106	718
KT899950.1	k141_53415	24595	76.712	584	88	448
KT899950.1	k141_53415	24595	81.410	312	45	296
KT899950.1	k141_53415	24595	88.034	234	26	289
KT899950.1	k141_53415	24595	88.034	234	26	289
KT899950.1	k141_53415	24595	85.202	223	33	254
KT899950.1	k141_53415	24595	86.047	172	21	196
KT899950.1	k141_101397	19419	92.578	5066	240	7411
KT899950.1	k141_101397	19419	92.578	5066	240	7411
KT899950.1	k141_101397	19419	89.570	4094	218	5498
KT899950.1	k141_101397	19419	89.570	4094	218	5498
KT899950.1	k141_101397	19419	95.214	2988	104	4726
KT899950.1	k141_101397	19419	95.214	2988	104	4726
KT899950.1	k141_101397	19419	90.328	2285	123	3110
KT899950.1	k141_101397	19419	90.328	2285	123	3110
KT899950.1	k141_101397	19419	83.164	885	127	927
KT899950.1	k141_101397	19419	83.164	885	127	927
KT899950.1	k141_101397	19419	82.258	806	88	805
KT899950.1	k141_101397	19419	82.258	806	88	805
KT899950.1	k141_101397	19419	83.788	586	57	605
KT899950.1	k141_101397	19419	83.788	586	57	605
KT899950.1	k141_101397	19419	87.661	389	33	490
KT899950.1	k141_101397	19419	87.661	389	33	490
KT899950.1	k141_101397	19419	78.610	561	75	489
KT899950.1	k141_101397	19419	91.071	224	16	314
KT899950.1	k141_101397	19419	91.071	224	16	314
KT899950.1	k141_101397	19419	75.068	369	65	249
KT899950.1	k141_101397	19419	92.453	53	3	75.2
KT899950.1	k141_101397	19419	92.453	53	3	75.2
KT899950.1	k141_101397	19419	91.111	45	4	64.4
KT899950.1	k141_101397	19419	84.211	38	6	42.8
KT899950.1	k141_98502	2312	92.865	1794	97	2651
KT899950.1	k141_98502	2312	92.865	1794	97	2651
KT899950.1	k141_98502	2312	79.048	315	56	262
KT899950.1	k141_98502	2312	94.393	107	6	167
KT899950.1	k141_56017	12963	81.636	2739	416	2607
KT899950.1	k141_56017	12963	81.072	2314	346	2187
KT899950.1	k141_56017	12963	80.025	2353	414	2117
KT899950.1	k141_56017	12963	83.404	1422	213	1468
KT899950.1	k141_56017	12963	77.919	1259	230	1012
KT899950.1	k141_56017	12963	84.755	551	83	612
KT899950.1	k141_56017	12963	92.908	141	10	210
KT899950.1	k141_56017	12963	72.327	318	48	173
KT899950.1	k141_5466	5899	81.862	838	87	822
KT899950.1	k141_5466	5899	91.176	68	6	96.9
KT899950.1	k141_53686	1700	94.748	457	24	717
KT899950.1	k141_11975	5143	85.021	474	39	528
KT899950.1	k141_11975	5143	92.500	120	8	173
KT899950.1	k141_55800	4953	73.318	877	203	483
KT899950.1	k141_55800	4953	73.318	877	203	483
KT899950.1	k141_55800	4953	77.580	281	61	216
KT899950.1	k141_55800	4953	77.580	281	61	216
KT899950.1	k141_55800	4953	86.667	60	8	73.4
KT899950.1	k141_55800	4953	86.667	60	8	73.4
KT899950.1	k141_27110	3258	77.524	525	66	399
KT899950.1	k141_33083	5400	85.429	350	44	395
KT899950.1	k141_97490	1016	88.552	297	24	374
KT899950.1	k141_97490	1016	88.552	297	24	374
KT899950.1	k141_13935	1360	76.008	521	89	369
KT899950.1	k141_13935	1360	79.358	218	33	184
KT899950.1	k141_32996	528	78.692	413	62	345
KT899950.1	k141_11371	8244	74.248	532	126	334
KT899950.1	k141_11371	8244	74.248	532	126	334
KT899950.1	k141_11371	8244	75.000	472	87	294
KT899950.1	k141_11371	8244	75.000	472	87	294
KT899950.1	k141_35025	589	91.000	200	18	280
KT899950.1	k141_35025	589	91.000	200	18	280
KT899950.1	k141_105025	1320	83.268	257	21	268
KT899950.1	k141_4608	1007	97.857	140	3	240
KT899950.1	k141_88508	635	83.710	221	24	234
KT899950.1	k141_87630	1519	66.278	771	221	209
KT899950.1	k141_71447	2336	94.444	108	6	168
KT899950.1	k141_71447	2336	94.444	108	6	168
KT899950.1	k141_75414	484	97.727	88	2	150
KT899950.1	k141_75414	484	97.727	88	2	150
KT899950.1	k141_104103	5673	91.429	105	9	150
KT899950.1	k141_104103	5673	80.000	120	19	109
KT899950.1	k141_104103	5673	82.812	64	10	63.5
KT899950.1	k141_8929	850	84.921	126	14	142
KT899950.1	k141_8892	630	84.921	126	14	142
KT899950.1	k141_61261	2434	85.950	121	15	140
KT899950.1	k141_66368	3174	76.879	173	36	132
KT899950.1	k141_66368	3174	76.879	173	36	132
KT899950.1	k141_79724	858	84.906	106	16	120
KT899950.1	k141_56135	1047	76.705	176	31	120
KT899950.1	k141_56135	1047	76.812	69	10	50.0
KT899950.1	k141_3555	629	88.889	90	10	118
KT899950.1	k141_59634	418	88.889	90	10	118
KT899950.1	k141_69564	3002	93.506	77	5	117
KT899950.1	k141_104799	1006	85.567	97	14	113
KT899950.1	k141_104799	1006	85.567	97	14	113
KT899950.1	k141_76294	1026	73.797	187	34	113
KT899950.1	k141_76294	1026	71.591	176	31	87.8
KT899950.1	k141_97868	2322	85.263	95	14	109
KT899950.1	k141_16322	459	82.407	108	18	106
KT899950.1	k141_16322	459	82.407	108	18	106
KT899950.1	k141_13056	333	100.000	55	0	100
KT899950.1	k141_13056	333	100.000	55	0	100
KT899950.1	k141_102688	834	82.979	94	16	98.7
KT899950.1	k141_74510	523	91.176	68	6	96.9
KT899950.1	k141_74510	523	91.176	68	6	96.9
KT899950.1	k141_87743	550	93.651	63	4	96.9
KT899950.1	k141_107562	617	96.491	57	2	95.1
KT899950.1	k141_107562	617	96.491	57	2	95.1
KT899950.1	k141_103797	1496	89.189	74	2	95.1
KT899950.1	k141_103797	1496	89.189	74	2	95.1
KT899950.1	k141_17195	1819	70.681	191	56	93.3
KT899950.1	k141_17195	1819	70.681	191	56	93.3
KT899950.1	k141_94190	889	94.444	54	2	81.5
KT899950.1	k141_94190	889	94.444	54	2	81.5
KT899950.1	k141_97539	1598	94.231	52	3	81.5
KT899950.1	k141_74343	661	88.525	61	7	79.7
KT899950.1	k141_53583	587	89.091	55	6	73.4
KT899950.1	k141_53583	587	89.091	55	6	73.4
KT899950.1	k141_106031	550	89.091	55	5	69.8
KT899950.1	k141_43349	2103	83.077	65	11	68.9
KT899950.1	k141_77070	1351	89.796	49	5	67.1
KT899950.1	k141_21325	348	86.538	52	7	63.5
KT899950.1	k141_13170	674	97.297	37	1	63.5
KT899950.1	k141_13170	674	97.297	37	1	63.5
KT899950.1	k141_94957	2027	84.211	57	8	59.9
KT899950.1	k141_94957	2027	84.211	57	8	59.9
KT899950.1	k141_96089	2424	85.106	47	7	54.5
GU191334.1	k141_11541	56475	79.486	5016	986	4360
GU191334.1	k141_11541	56475	82.750	2458	421	2511
GU191334.1	k141_11541	56475	82.477	1421	249	1441
GU191334.1	k141_11541	56475	78.378	1702	362	1394
GU191334.1	k141_11541	56475	87.397	1087	135	1341
GU191334.1	k141_11541	56475	68.085	3738	1034	1218
GU191334.1	k141_11541	56475	71.125	2355	562	1158
GU191334.1	k141_11541	56475	73.501	917	214	549
GU191334.1	k141_11541	56475	70.403	1240	326	547
GU191334.1	k141_11541	56475	76.305	709	159	508
GU191334.1	k141_11541	56475	70.324	1112	303	507
GU191334.1	k141_11541	56475	74.363	628	112	389
GU191334.1	k141_11541	56475	75.626	439	99	299
GU191334.1	k141_11541	56475	69.615	701	203	287
GU191334.1	k141_11541	56475	83.740	246	40	264
GU191334.1	k141_11541	56475	67.164	670	216	203
GU191334.1	k141_11541	56475	77.778	207	38	165
GU191334.1	k141_11541	56475	78.191	188	41	155
GU191334.1	k141_11541	56475	79.762	168	27	143
GU191334.1	k141_11541	56475	81.538	130	24	127
GU191334.1	k141_11541	56475	96.053	76	3	124
GU191334.1	k141_11541	56475	87.879	99	6	122
GU191334.1	k141_11541	56475	98.551	69	1	121
GU191334.1	k141_11541	56475	90.909	88	7	120
GU191334.1	k141_11541	56475	94.667	75	4	118
GU191334.1	k141_11541	56475	92.405	79	6	116
GU191334.1	k141_11541	56475	83.333	108	13	110
GU191334.1	k141_11541	56475	91.781	73	6	105
GU191334.1	k141_11541	56475	76.224	143	34	105
GU191334.1	k141_11541	56475	81.651	109	19	104
GU191334.1	k141_11541	56475	65.714	420	105	104
GU191334.1	k141_11541	56475	92.754	69	5	103
GU191334.1	k141_11541	56475	87.059	85	9	102
GU191334.1	k141_11541	56475	77.483	151	25	101
GU191334.1	k141_11541	56475	90.411	73	7	101
GU191334.1	k141_11541	56475	65.184	517	160	99.6
GU191334.1	k141_11541	56475	76.190	126	30	93.3
GU191334.1	k141_11541	56475	79.167	120	18	93.3
GU191334.1	k141_11541	56475	88.406	69	8	89.7
GU191334.1	k141_11541	56475	81.176	85	16	82.4
GU191334.1	k141_11541	56475	65.297	219	32	75.2
GU191334.1	k141_11541	56475	80.822	73	14	69.8
GU191334.1	k141_11541	56475	85.484	62	8	68.9
GU191334.1	k141_11541	56475	76.744	86	20	66.2
GU191334.1	k141_11541	56475	65.652	230	79	59.9
GU191334.1	k141_11541	56475	88.636	44	5	58.1
GU191334.1	k141_11541	56475	80.357	56	11	52.7
GU191334.1	k141_11541	56475	73.529	68	18	42.8
GU191334.1	k141_101397	19419	84.908	2677	262	2932
GU191334.1	k141_101397	19419	84.908	2677	262	2932
GU191334.1	k141_101397	19419	87.893	1908	164	2397
GU191334.1	k141_101397	19419	87.893	1908	164	2397
GU191334.1	k141_101397	19419	85.784	1850	190	2113
GU191334.1	k141_101397	19419	85.784	1850	190	2113
GU191334.1	k141_101397	19419	79.533	943	146	810
GU191334.1	k141_101397	19419	79.533	943	146	810
GU191334.1	k141_101397	19419	76.276	666	151	478
GU191334.1	k141_101397	19419	71.947	524	147	283
GU191334.1	k141_101397	19419	73.913	437	111	269
GU191334.1	k141_101397	19419	79.032	310	61	252
GU191334.1	k141_101397	19419	79.592	196	40	174
GU191334.1	k141_101397	19419	95.946	74	3	121
GU191334.1	k141_101397	19419	95.946	74	3	121
GU191334.1	k141_101397	19419	90.667	75	7	104
GU191334.1	k141_101397	19419	90.667	75	7	104
GU191334.1	k141_101397	19419	85.526	76	11	88.7
GU191334.1	k141_101397	19419	86.667	45	6	55.4
GU191334.1	k141_101397	19419	82.609	46	8	48.2
GU191334.1	k141_53415	24595	81.169	1540	288	1463
GU191334.1	k141_53415	24595	81.754	707	126	683
GU191334.1	k141_53415	24595	75.697	897	209	612
GU191334.1	k141_53415	24595	75.831	782	157	543
GU191334.1	k141_53415	24595	81.183	558	98	522
GU191334.1	k141_53415	24595	77.919	471	104	381
GU191334.1	k141_53415	24595	66.725	1136	323	309
GU191334.1	k141_53415	24595	67.625	939	275	296
GU191334.1	k141_53415	24595	69.920	502	145	213
GU191334.1	k141_53415	24595	66.814	452	106	148
GU191334.1	k141_53415	24595	80.667	150	29	141
GU191334.1	k141_53415	24595	66.093	581	129	141
GU191334.1	k141_53415	24595	67.681	427	134	134
GU191334.1	k141_53415	24595	70.070	284	85	130
GU191334.1	k141_53415	24595	79.389	131	20	113
GU191334.1	k141_53415	24595	78.632	117	25	99.6
GU191334.1	k141_53415	24595	67.105	304	100	98.7
GU191334.1	k141_53415	24595	77.778	72	16	59.0
GU191334.1	k141_53415	24595	77.778	72	16	59.0
GU191334.1	k141_53415	24595	79.032	62	13	54.5
GU191334.1	k141_53415	24595	80.357	56	11	52.7
GU191334.1	k141_53415	24595	65.476	252	79	52.7
GU191334.1	k141_56017	12963	75.204	1714	414	1154
GU191334.1	k141_56017	12963	71.271	1817	485	908
GU191334.1	k141_56017	12963	74.342	1177	274	706
GU191334.1	k141_56017	12963	74.047	1102	278	697
GU191334.1	k141_56017	12963	77.333	300	58	217
GU191334.1	k141_56017	12963	73.754	301	75	182
GU191334.1	k141_56017	12963	82.857	140	24	145
GU191334.1	k141_56017	12963	92.771	83	6	123
GU191334.1	k141_56017	12963	72.436	156	43	88.7
GU191334.1	k141_53686	1700	86.637	449	60	540
GU191334.1	k141_55800	4953	73.206	892	200	486
GU191334.1	k141_55800	4953	73.206	892	200	486
GU191334.1	k141_55800	4953	77.224	281	62	212
GU191334.1	k141_55800	4953	77.224	281	62	212
GU191334.1	k141_55800	4953	88.333	60	7	77.9
GU191334.1	k141_55800	4953	88.333	60	7	77.9
GU191334.1	k141_11371	8244	74.011	531	129	326
GU191334.1	k141_11371	8244	74.011	531	129	326
GU191334.1	k141_11371	8244	74.255	470	94	282
GU191334.1	k141_11371	8244	74.255	470	94	282
GU191334.1	k141_87630	1519	68.098	815	217	283
GU191334.1	k141_33083	5400	77.888	303	67	245
GU191334.1	k141_98502	2312	70.385	520	139	244
GU191334.1	k141_98502	2312	77.778	216	48	174
GU191334.1	k141_98502	2312	86.667	90	12	109
GU191334.1	k141_11975	5143	73.101	316	73	189
GU191334.1	k141_13935	1360	77.966	236	48	187
GU191334.1	k141_13935	1360	100.000	69	0	125
GU191334.1	k141_4608	1007	89.286	140	15	186
GU191334.1	k141_75414	484	98.864	88	1	155
GU191334.1	k141_75414	484	98.864	88	1	155
GU191334.1	k141_5466	5899	88.889	99	10	126
GU191334.1	k141_5466	5899	72.770	213	54	123
GU191334.1	k141_5466	5899	81.818	55	10	55.4
GU191334.1	k141_69564	3002	97.297	74	2	125
GU191334.1	k141_104799	1006	79.104	134	26	113
GU191334.1	k141_104799	1006	79.104	134	26	113
GU191334.1	k141_3555	629	85.714	91	13	106
GU191334.1	k141_16322	459	82.407	108	18	106
GU191334.1	k141_16322	459	82.407	108	18	106
GU191334.1	k141_27110	3258	84.211	95	11	104
GU191334.1	k141_27110	3258	85.882	85	7	100
GU191334.1	k141_97868	2322	83.333	96	16	102
GU191334.1	k141_97868	2322	70.330	91	27	43.7
GU191334.1	k141_13056	333	100.000	55	0	100
GU191334.1	k141_13056	333	100.000	55	0	100
GU191334.1	k141_61261	2434	78.632	117	23	96.9
GU191334.1	k141_79724	858	79.808	104	21	94.2
GU191334.1	k141_8929	850	81.250	96	18	93.3
GU191334.1	k141_8892	630	81.250	96	18	93.3
GU191334.1	k141_107562	617	92.982	57	4	86.0
GU191334.1	k141_107562	617	92.982	57	4	86.0
GU191334.1	k141_87743	550	85.484	62	9	72.5
GU191334.1	k141_71447	2336	75.701	107	17	71.6
GU191334.1	k141_71447	2336	75.701	107	17	71.6
GU191334.1	k141_59634	418	76.404	89	21	67.1
GU191334.1	k141_43349	2103	77.778	81	18	66.2
