MZ962720.1	k141_46305	30258	86.830	5649	475	6779
MZ962720.1	k141_46305	30258	86.830	5649	475	6779
MZ962720.1	k141_46305	30258	85.410	4558	656	5217
MZ962720.1	k141_46305	30258	87.667	2473	305	3085
MZ962720.1	k141_46305	30258	87.874	1773	138	2231
MZ962720.1	k141_46305	30258	87.874	1773	138	2231
MZ962720.1	k141_46305	30258	68.404	1554	308	565
MZ962720.1	k141_46305	30258	92.500	360	20	526
MZ962720.1	k141_46305	30258	73.866	463	100	273
MZ962720.1	k141_46305	30258	77.287	317	65	241
MZ962720.1	k141_46305	30258	77.287	317	65	241
MZ962720.1	k141_46305	30258	80.851	235	33	224
MZ962720.1	k141_46305	30258	78.731	268	52	223
MZ962720.1	k141_46305	30258	79.828	233	35	211
MZ962720.1	k141_46305	30258	79.612	206	42	183
MZ962720.1	k141_46305	30258	79.365	189	31	164
MZ962720.1	k141_46305	30258	79.365	189	31	164
MZ962720.1	k141_46305	30258	85.401	137	18	150
MZ962720.1	k141_46305	30258	96.629	89	3	148
MZ962720.1	k141_46305	30258	96.629	89	3	148
MZ962720.1	k141_46305	30258	92.308	91	7	133
MZ962720.1	k141_46305	30258	85.470	117	16	132
MZ962720.1	k141_46305	30258	91.489	94	2	131
MZ962720.1	k141_46305	30258	91.489	94	2	131
MZ962720.1	k141_46305	30258	91.304	92	8	131
MZ962720.1	k141_46305	30258	69.831	295	77	120
MZ962720.1	k141_46305	30258	92.105	76	6	111
MZ962720.1	k141_46305	30258	85.567	97	13	109
MZ962720.1	k141_46305	30258	90.000	80	8	109
MZ962720.1	k141_46305	30258	91.667	72	5	100
MZ962720.1	k141_46305	30258	86.301	73	10	87.8
MZ962720.1	k141_46305	30258	69.714	175	53	77.9
MZ962720.1	k141_46305	30258	75.000	80	20	55.4
MZ962720.1	k141_46305	30258	84.444	45	7	50.9
MZ962720.1	k141_46305	30258	84.444	45	7	50.9
MZ962720.1	k141_46305	30258	88.571	35	4	46.4
MZ962720.1	k141_24136	24868	72.002	5779	1339	3046
MZ962720.1	k141_24136	24868	84.735	1474	219	1641
MZ962720.1	k141_24136	24868	78.607	991	202	828
MZ962720.1	k141_24136	24868	76.068	1007	185	713
MZ962720.1	k141_24136	24868	73.485	660	157	387
MZ962720.1	k141_24136	24868	71.750	623	172	321
MZ962720.1	k141_24136	24868	72.222	576	155	309
MZ962720.1	k141_24136	24868	72.222	576	155	309
MZ962720.1	k141_24136	24868	71.531	418	105	217
MZ962720.1	k141_24136	24868	67.453	636	152	205
MZ962720.1	k141_24136	24868	73.183	399	74	205
MZ962720.1	k141_24136	24868	71.006	338	80	162
MZ962720.1	k141_24136	24868	71.965	346	72	151
MZ962720.1	k141_24136	24868	80.488	164	30	145
MZ962720.1	k141_24136	24868	90.000	100	8	133
MZ962720.1	k141_24136	24868	90.909	88	8	123
MZ962720.1	k141_24136	24868	93.421	76	5	115
MZ962720.1	k141_24136	24868	74.691	162	41	108
MZ962720.1	k141_24136	24868	84.615	91	14	102
MZ962720.1	k141_24136	24868	90.278	72	7	99.6
MZ962720.1	k141_24136	24868	83.544	79	12	81.5
MZ962720.1	k141_24136	24868	100.000	35	0	64.4
MZ962720.1	k141_24136	24868	70.408	98	29	47.3
MZ962720.1	k141_15944	3257	79.412	2108	389	1823
MZ962720.1	k141_15944	3257	72.845	464	82	233
MZ962720.1	k141_15944	3257	91.228	57	4	77.9
MZ962720.1	k141_15944	3257	80.303	66	13	61.7
MZ962720.1	k141_44993	14268	85.467	1562	226	1791
MZ962720.1	k141_44993	14268	85.752	751	95	866
MZ962720.1	k141_44993	14268	70.529	1795	375	856
MZ962720.1	k141_44993	14268	70.529	1795	375	856
MZ962720.1	k141_44993	14268	74.924	993	216	663
MZ962720.1	k141_44993	14268	84.022	557	84	600
MZ962720.1	k141_44993	14268	71.408	689	129	362
MZ962720.1	k141_44993	14268	74.406	379	58	260
MZ962720.1	k141_44993	14268	73.219	407	106	242
MZ962720.1	k141_44993	14268	72.807	342	93	198
MZ962720.1	k141_44993	14268	75.000	224	37	156
MZ962720.1	k141_44993	14268	75.000	224	37	156
MZ962720.1	k141_44993	14268	69.565	299	89	123
MZ962720.1	k141_44993	14268	88.172	93	11	119
MZ962720.1	k141_44993	14268	82.222	90	15	87.8
MZ962720.1	k141_44993	14268	68.421	266	61	86.9
MZ962720.1	k141_44993	14268	92.982	57	4	86.0
MZ962720.1	k141_44993	14268	72.222	90	25	50.9
MZ962720.1	k141_44993	14268	72.222	90	25	50.9
MZ962720.1	k141_44993	14268	72.222	90	25	50.9
MZ962720.1	k141_75883	7040	76.453	2340	473	1708
MZ962720.1	k141_75883	7040	85.164	701	99	787
MZ962720.1	k141_75883	7040	84.516	310	46	336
MZ962720.1	k141_75883	7040	81.364	220	30	209
MZ962720.1	k141_75883	7040	81.364	220	30	209
MZ962720.1	k141_75883	7040	84.507	142	16	159
MZ962720.1	k141_75883	7040	87.209	86	11	106
MZ962720.1	k141_75883	7040	100.000	35	0	64.4
MZ962720.1	k141_930	8054	87.778	1080	132	1353
MZ962720.1	k141_930	8054	64.919	992	319	175
MZ962720.1	k141_930	8054	82.803	157	19	160
MZ962720.1	k141_930	8054	81.061	132	25	126
MZ962720.1	k141_930	8054	88.172	93	11	119
MZ962720.1	k141_930	8054	79.545	132	21	113
MZ962720.1	k141_930	8054	89.873	79	6	100
MZ962720.1	k141_45126	4036	78.406	1593	237	1315
MZ962720.1	k141_45126	4036	78.406	1593	237	1315
MZ962720.1	k141_45126	4036	74.380	242	39	156
MZ962720.1	k141_45126	4036	74.380	242	39	156
MZ962720.1	k141_45126	4036	74.194	248	40	154
MZ962720.1	k141_45126	4036	74.194	248	40	154
MZ962720.1	k141_45126	4036	82.468	154	19	150
MZ962720.1	k141_45126	4036	82.468	154	19	150
MZ962720.1	k141_45126	4036	96.429	84	2	135
MZ962720.1	k141_45126	4036	77.320	97	17	72.5
MZ962720.1	k141_45126	4036	77.320	97	17	72.5
MZ962720.1	k141_53136	4830	77.896	1502	305	1183
MZ962720.1	k141_53136	4830	73.087	784	204	452
MZ962720.1	k141_53136	4830	73.239	710	159	398
MZ962720.1	k141_8405	4612	70.206	970	232	417
MZ962720.1	k141_8405	4612	85.547	256	37	296
MZ962720.1	k141_8405	4612	89.286	84	8	108
MZ962720.1	k141_81595	369	77.778	342	76	275
MZ962720.1	k141_46567	7231	71.111	450	91	194
MZ962720.1	k141_46567	7231	71.111	450	91	194
MZ962720.1	k141_46567	7231	78.099	242	42	190
MZ962720.1	k141_46567	7231	78.099	242	42	190
MZ962720.1	k141_70150	503	73.333	300	78	174
MZ962720.1	k141_44959	669	95.000	80	4	127
MZ962720.1	k141_44959	669	95.000	80	4	127
MZ962720.1	k141_54193	410	88.172	93	11	119
MZ962720.1	k141_5331	415	93.333	75	5	113
MZ962720.1	k141_5331	415	93.333	75	5	113
MZ962720.1	k141_5193	623	95.385	65	3	104
MZ962720.1	k141_5193	623	95.385	65	3	104
MZ962720.1	k141_26576	336	67.658	269	81	90.6
MZ962720.1	k141_11635	326	91.803	61	5	88.7
MZ962720.1	k141_11635	326	91.803	61	5	88.7
MZ962720.1	k141_38838	19037	76.522	115	24	80.6
MZ962720.1	k141_38838	19037	76.522	115	24	80.6
MZ962720.1	k141_38838	19037	82.812	64	11	67.1
MZ962720.1	k141_38838	19037	82.812	64	11	67.1
MZ962720.1	k141_53767	353	88.525	61	7	79.7
MZ962720.1	k141_53767	353	88.525	61	7	79.7
MZ962720.1	k141_53767	353	88.525	61	7	79.7
MZ962720.1	k141_2860	391	87.234	47	6	59.0
MH569081.1	k141_46305	30258	86.110	4514	627	5314
MH569081.1	k141_46305	30258	87.906	3051	234	3821
MH569081.1	k141_46305	30258	87.906	3051	234	3821
MH569081.1	k141_46305	30258	86.159	2471	342	2915
MH569081.1	k141_46305	30258	89.189	1998	145	2586
MH569081.1	k141_46305	30258	89.189	1998	145	2586
MH569081.1	k141_46305	30258	84.839	2269	181	2517
MH569081.1	k141_46305	30258	84.839	2269	181	2517
MH569081.1	k141_46305	30258	70.600	1517	301	667
MH569081.1	k141_46305	30258	85.017	594	58	654
MH569081.1	k141_46305	30258	85.017	594	58	654
MH569081.1	k141_46305	30258	74.802	631	143	405
MH569081.1	k141_46305	30258	84.906	212	20	245
MH569081.1	k141_46305	30258	76.115	314	63	226
MH569081.1	k141_46305	30258	72.372	409	98	211
MH569081.1	k141_46305	30258	80.444	225	34	195
MH569081.1	k141_46305	30258	77.200	250	56	191
MH569081.1	k141_46305	30258	85.366	123	18	141
MH569081.1	k141_46305	30258	91.000	100	5	140
MH569081.1	k141_46305	30258	91.000	100	5	140
MH569081.1	k141_46305	30258	93.333	90	6	136
MH569081.1	k141_46305	30258	74.286	210	46	134
MH569081.1	k141_46305	30258	84.874	119	18	134
MH569081.1	k141_46305	30258	89.583	96	9	125
MH569081.1	k141_46305	30258	65.947	417	130	110
MH569081.1	k141_46305	30258	93.056	72	5	108
MH569081.1	k141_46305	30258	87.342	79	10	98.7
MH569081.1	k141_46305	30258	90.141	71	7	97.8
MH569081.1	k141_46305	30258	70.414	169	50	80.6
MH569081.1	k141_46305	30258	85.714	63	9	74.3
MH569081.1	k141_46305	30258	92.308	39	3	58.1
MH569081.1	k141_46305	30258	92.308	39	3	58.1
MH569081.1	k141_46305	30258	71.579	95	27	50.9
MH569081.1	k141_46305	30258	75.439	57	14	41.0
MH569081.1	k141_46305	30258	75.439	57	14	41.0
MH569081.1	k141_24136	24868	74.732	3736	834	2446
MH569081.1	k141_24136	24868	85.266	1466	210	1667
MH569081.1	k141_24136	24868	78.760	984	206	831
MH569081.1	k141_24136	24868	77.789	986	164	774
MH569081.1	k141_24136	24868	70.332	1446	346	659
MH569081.1	k141_24136	24868	68.885	1157	279	402
MH569081.1	k141_24136	24868	72.987	559	148	326
MH569081.1	k141_24136	24868	71.408	682	129	289
MH569081.1	k141_24136	24868	70.416	649	170	267
MH569081.1	k141_24136	24868	72.706	436	119	251
MH569081.1	k141_24136	24868	80.357	224	32	199
MH569081.1	k141_24136	24868	77.236	246	49	185
MH569081.1	k141_24136	24868	94.667	75	4	118
MH569081.1	k141_24136	24868	86.517	89	12	107
MH569081.1	k141_24136	24868	88.732	71	8	93.3
MH569081.1	k141_24136	24868	69.307	202	62	86.0
MH569081.1	k141_24136	24868	83.750	80	11	79.7
MH569081.1	k141_24136	24868	93.182	44	3	67.1
MH569081.1	k141_44993	14268	84.075	1595	251	1721
MH569081.1	k141_44993	14268	71.152	1858	413	942
MH569081.1	k141_44993	14268	71.152	1858	413	942
MH569081.1	k141_44993	14268	74.800	1500	267	912
MH569081.1	k141_44993	14268	73.533	1568	336	898
MH569081.1	k141_44993	14268	71.573	1386	348	698
MH569081.1	k141_44993	14268	84.657	554	82	606
MH569081.1	k141_44993	14268	72.549	663	130	355
MH569081.1	k141_44993	14268	71.316	509	133	236
MH569081.1	k141_44993	14268	77.256	277	53	207
MH569081.1	k141_44993	14268	77.256	277	53	207
MH569081.1	k141_44993	14268	74.332	187	46	114
MH569081.1	k141_44993	14268	86.813	91	12	111
MH569081.1	k141_44993	14268	86.957	69	8	81.5
MH569081.1	k141_44993	14268	83.721	43	7	47.3
MH569081.1	k141_15944	3257	80.127	1887	366	1708
MH569081.1	k141_15944	3257	67.176	981	185	284
MH569081.1	k141_15944	3257	82.857	70	12	73.4
MH569081.1	k141_45126	4036	78.413	1978	303	1592
MH569081.1	k141_45126	4036	78.413	1978	303	1592
MH569081.1	k141_45126	4036	70.028	357	65	159
MH569081.1	k141_45126	4036	70.028	357	65	159
MH569081.1	k141_45126	4036	74.074	243	44	159
MH569081.1	k141_45126	4036	74.074	243	44	159
MH569081.1	k141_45126	4036	67.959	387	72	141
MH569081.1	k141_45126	4036	67.959	387	72	141
MH569081.1	k141_45126	4036	89.744	39	4	53.6
MH569081.1	k141_75883	7040	74.968	2353	497	1590
MH569081.1	k141_75883	7040	81.024	801	145	748
MH569081.1	k141_75883	7040	88.768	276	31	359
MH569081.1	k141_75883	7040	88.060	134	10	167
MH569081.1	k141_75883	7040	93.182	44	3	67.1
MH569081.1	k141_930	8054	88.920	1083	120	1413
MH569081.1	k141_930	8054	79.275	193	27	171
MH569081.1	k141_930	8054	63.507	981	342	148
MH569081.1	k141_930	8054	92.771	83	5	120
MH569081.1	k141_930	8054	67.964	334	63	120
MH569081.1	k141_930	8054	80.469	128	25	119
MH569081.1	k141_930	8054	80.303	132	20	118
MH569081.1	k141_930	8054	84.314	51	8	57.2
MH569081.1	k141_53136	4830	75.963	1506	323	1088
MH569081.1	k141_53136	4830	75.276	724	173	487
MH569081.1	k141_53136	4830	74.927	686	168	457
MH569081.1	k141_53136	4830	74.854	171	39	110
MH569081.1	k141_8405	4612	70.363	965	254	422
MH569081.1	k141_8405	4612	83.529	255	42	271
MH569081.1	k141_8405	4612	93.976	83	5	128
MH569081.1	k141_81595	369	78.320	369	80	306
MH569081.1	k141_46567	7231	79.913	229	33	205
MH569081.1	k141_46567	7231	79.913	229	33	205
MH569081.1	k141_46567	7231	77.778	216	37	166
MH569081.1	k141_46567	7231	77.778	216	37	166
MH569081.1	k141_70150	503	75.185	270	65	178
MH569081.1	k141_44959	669	96.250	80	3	132
MH569081.1	k141_44959	669	96.250	80	3	132
MH569081.1	k141_5331	415	88.235	102	11	127
MH569081.1	k141_5331	415	88.235	102	11	127
MH569081.1	k141_54193	410	86.813	91	12	111
MH569081.1	k141_5193	623	96.923	65	2	109
MH569081.1	k141_5193	623	96.923	65	2	109
MH569081.1	k141_28129	1639	93.056	72	5	108
MH569081.1	k141_28129	1639	80.000	60	12	55.4
MH569081.1	k141_26576	336	76.190	147	35	108
MH569081.1	k141_11635	326	93.443	61	4	93.3
MH569081.1	k141_11635	326	93.443	61	4	93.3
MH569081.1	k141_78803	1150	81.609	87	16	86.0
MH569081.1	k141_38838	19037	77.391	115	23	85.1
MH569081.1	k141_38838	19037	77.391	115	23	85.1
MH569081.1	k141_38838	19037	82.812	64	11	67.1
MH569081.1	k141_38838	19037	82.812	64	11	67.1
MH569081.1	k141_53767	353	90.164	61	6	84.2
MH569081.1	k141_53767	353	90.164	61	6	84.2
MH569081.1	k141_2860	391	95.745	47	2	77.0
NC_033978.1	k141_46305	30258	86.842	6095	448	7349
NC_033978.1	k141_46305	30258	86.842	6095	448	7349
NC_033978.1	k141_46305	30258	84.723	5158	731	5747
NC_033978.1	k141_46305	30258	88.507	2471	284	3177
NC_033978.1	k141_46305	30258	90.630	1985	120	2720
NC_033978.1	k141_46305	30258	90.630	1985	120	2720
NC_033978.1	k141_46305	30258	72.447	2047	374	1073
NC_033978.1	k141_46305	30258	76.236	627	143	456
NC_033978.1	k141_46305	30258	79.104	268	51	227
NC_033978.1	k141_46305	30258	80.913	241	43	226
NC_033978.1	k141_46305	30258	76.786	224	35	172
NC_033978.1	k141_46305	30258	70.732	369	86	168
NC_033978.1	k141_46305	30258	88.333	120	9	150
NC_033978.1	k141_46305	30258	87.395	119	15	148
NC_033978.1	k141_46305	30258	93.684	95	6	145
NC_033978.1	k141_46305	30258	97.531	81	2	138
NC_033978.1	k141_46305	30258	97.531	81	2	138
NC_033978.1	k141_46305	30258	77.439	164	37	130
NC_033978.1	k141_46305	30258	90.323	93	9	128
NC_033978.1	k141_46305	30258	93.590	78	5	119
NC_033978.1	k141_46305	30258	94.595	74	4	116
NC_033978.1	k141_46305	30258	93.056	72	5	108
NC_033978.1	k141_46305	30258	92.958	71	5	106
NC_033978.1	k141_46305	30258	74.251	167	37	100
NC_033978.1	k141_46305	30258	88.889	45	5	59.9
NC_033978.1	k141_46305	30258	88.889	45	5	59.9
NC_033978.1	k141_46305	30258	91.892	37	3	54.5
NC_033978.1	k141_46305	30258	75.439	57	14	41.0
NC_033978.1	k141_46305	30258	75.439	57	14	41.0
NC_033978.1	k141_24136	24868	77.416	3963	843	3078
NC_033978.1	k141_24136	24868	84.428	1644	230	1799
NC_033978.1	k141_24136	24868	75.253	1382	281	961
NC_033978.1	k141_24136	24868	79.444	1080	204	941
NC_033978.1	k141_24136	24868	78.049	1025	159	831
NC_033978.1	k141_24136	24868	73.665	805	172	515
NC_033978.1	k141_24136	24868	74.461	603	149	394
NC_033978.1	k141_24136	24868	72.246	699	190	377
NC_033978.1	k141_24136	24868	68.275	974	217	303
NC_033978.1	k141_24136	24868	74.004	477	100	297
NC_033978.1	k141_24136	24868	72.308	520	108	254
NC_033978.1	k141_24136	24868	76.949	295	68	226
NC_033978.1	k141_24136	24868	67.575	734	149	219
NC_033978.1	k141_24136	24868	80.357	224	30	196
NC_033978.1	k141_24136	24868	94.805	77	4	122
NC_033978.1	k141_24136	24868	72.000	225	59	113
NC_033978.1	k141_24136	24868	87.640	89	11	112
NC_033978.1	k141_24136	24868	72.781	169	40	99.6
NC_033978.1	k141_24136	24868	75.194	129	24	83.3
NC_033978.1	k141_24136	24868	82.278	79	14	80.6
NC_033978.1	k141_24136	24868	80.435	92	16	78.8
NC_033978.1	k141_24136	24868	70.543	129	28	62.6
NC_033978.1	k141_15944	3257	83.704	1890	295	2014
NC_033978.1	k141_15944	3257	73.305	472	73	264
NC_033978.1	k141_15944	3257	89.231	130	8	168
NC_033978.1	k141_15944	3257	77.143	70	16	55.4
NC_033978.1	k141_44993	14268	86.751	1585	207	1906
NC_033978.1	k141_44993	14268	69.941	2698	565	1260
NC_033978.1	k141_44993	14268	76.471	1377	306	1003
NC_033978.1	k141_44993	14268	71.368	1879	395	976
NC_033978.1	k141_44993	14268	74.426	1525	268	918
NC_033978.1	k141_44993	14268	82.975	652	90	673
NC_033978.1	k141_44993	14268	82.166	471	84	471
NC_033978.1	k141_44993	14268	75.076	662	162	449
NC_033978.1	k141_44993	14268	70.188	956	176	444
NC_033978.1	k141_44993	14268	79.839	372	75	334
NC_033978.1	k141_44993	14268	73.270	419	98	242
NC_033978.1	k141_44993	14268	68.142	452	116	151
NC_033978.1	k141_44993	14268	88.636	88	10	114
NC_033978.1	k141_44993	14268	88.372	43	5	56.3
NC_033978.1	k141_75883	7040	80.221	2078	396	1895
NC_033978.1	k141_75883	7040	84.204	785	113	845
NC_033978.1	k141_75883	7040	83.673	294	48	315
NC_033978.1	k141_75883	7040	74.263	373	74	238
NC_033978.1	k141_75883	7040	80.000	170	28	155
NC_033978.1	k141_75883	7040	91.860	86	7	124
NC_033978.1	k141_75883	7040	70.899	189	46	88.7
NC_033978.1	k141_75883	7040	82.278	79	14	80.6
NC_033978.1	k141_45126	4036	79.877	1953	280	1718
NC_033978.1	k141_45126	4036	79.877	1953	280	1718
NC_033978.1	k141_45126	4036	69.546	1366	237	543
NC_033978.1	k141_45126	4036	69.546	1366	237	543
NC_033978.1	k141_45126	4036	75.720	243	40	177
NC_033978.1	k141_45126	4036	75.720	243	40	177
NC_033978.1	k141_45126	4036	94.595	37	2	59.0
NC_033978.1	k141_45126	4036	85.714	42	6	50.0
NC_033978.1	k141_930	8054	88.257	1090	121	1387
NC_033978.1	k141_930	8054	65.671	1439	449	328
NC_033978.1	k141_930	8054	81.935	155	22	155
NC_033978.1	k141_930	8054	77.957	186	37	150
NC_033978.1	k141_930	8054	80.303	132	23	120
NC_033978.1	k141_930	8054	88.636	88	10	114
NC_033978.1	k141_930	8054	78.358	134	29	112
NC_033978.1	k141_53136	4830	79.455	1504	281	1300
NC_033978.1	k141_53136	4830	74.429	919	223	596
NC_033978.1	k141_53136	4830	78.801	684	145	581
NC_033978.1	k141_53136	4830	79.290	169	35	148
NC_033978.1	k141_8405	4612	70.711	1195	286	541
NC_033978.1	k141_8405	4612	88.492	252	29	324
NC_033978.1	k141_46567	7231	68.326	884	221	354
NC_033978.1	k141_46567	7231	68.326	884	221	354
NC_033978.1	k141_46567	7231	80.687	233	32	216
NC_033978.1	k141_46567	7231	80.687	233	32	216
NC_033978.1	k141_46567	7231	77.273	286	54	215
NC_033978.1	k141_46567	7231	77.273	286	54	215
NC_033978.1	k141_46567	7231	76.587	252	42	178
NC_033978.1	k141_46567	7231	76.587	252	42	178
NC_033978.1	k141_46567	7231	67.857	420	115	150
NC_033978.1	k141_46567	7231	67.857	420	115	150
NC_033978.1	k141_46567	7231	77.551	49	11	40.1
NC_033978.1	k141_46567	7231	77.551	49	11	40.1
NC_033978.1	k141_81595	369	77.657	367	82	293
NC_033978.1	k141_31572	4829	74.427	262	64	169
NC_033978.1	k141_70150	503	73.000	300	79	169
NC_033978.1	k141_44959	669	96.250	80	3	132
NC_033978.1	k141_5331	415	94.667	75	4	118
NC_033978.1	k141_5331	415	94.667	75	4	118
NC_033978.1	k141_28129	1639	94.595	74	4	116
NC_033978.1	k141_54193	410	88.636	88	10	114
NC_033978.1	k141_5193	623	95.385	65	3	104
NC_033978.1	k141_5193	623	95.385	65	3	104
NC_033978.1	k141_11635	326	93.443	61	4	93.3
NC_033978.1	k141_11635	326	93.443	61	4	93.3
NC_033978.1	k141_26576	336	73.759	141	37	88.7
NC_033978.1	k141_38838	19037	77.391	115	23	85.1
NC_033978.1	k141_38838	19037	77.391	115	23	85.1
NC_033978.1	k141_2860	391	95.918	49	2	80.6
NC_033978.1	k141_53767	353	86.885	61	8	75.2
NC_033978.1	k141_53767	353	86.885	61	8	75.2
MW006668.1	k141_46305	30258	86.101	6101	467	7149
MW006668.1	k141_46305	30258	86.101	6101	467	7149
MW006668.1	k141_46305	30258	85.296	5019	705	5691
MW006668.1	k141_46305	30258	87.262	2473	315	3040
MW006668.1	k141_46305	30258	89.442	1989	142	2617
MW006668.1	k141_46305	30258	89.442	1989	142	2617
MW006668.1	k141_46305	30258	71.197	2038	414	947
MW006668.1	k141_46305	30258	72.387	641	143	358
MW006668.1	k141_46305	30258	74.430	395	80	241
MW006668.1	k141_46305	30258	78.661	239	51	202
MW006668.1	k141_46305	30258	80.365	219	34	187
MW006668.1	k141_46305	30258	70.899	378	89	165
MW006668.1	k141_46305	30258	80.606	165	14	157
MW006668.1	k141_46305	30258	80.606	165	14	157
MW006668.1	k141_46305	30258	91.919	99	8	143
MW006668.1	k141_46305	30258	85.470	117	17	135
MW006668.1	k141_46305	30258	89.583	96	6	128
MW006668.1	k141_46305	30258	85.849	106	14	121
MW006668.1	k141_46305	30258	92.593	81	6	120
MW006668.1	k141_46305	30258	93.421	76	5	115
MW006668.1	k141_46305	30258	97.015	67	2	113
MW006668.1	k141_46305	30258	75.000	164	41	112
MW006668.1	k141_46305	30258	86.022	93	13	110
MW006668.1	k141_46305	30258	95.522	67	3	108
MW006668.1	k141_46305	30258	95.522	67	3	108
MW006668.1	k141_46305	30258	85.227	88	11	98.7
MW006668.1	k141_46305	30258	88.889	45	5	59.9
MW006668.1	k141_46305	30258	92.308	39	3	58.1
MW006668.1	k141_46305	30258	92.308	39	3	58.1
MW006668.1	k141_46305	30258	71.795	78	22	42.8
MW006668.1	k141_46305	30258	73.134	67	18	41.0
MW006668.1	k141_24136	24868	76.642	3258	709	2415
MW006668.1	k141_24136	24868	84.762	1470	218	1643
MW006668.1	k141_24136	24868	79.940	997	197	895
MW006668.1	k141_24136	24868	77.834	997	164	800
MW006668.1	k141_24136	24868	72.864	1393	322	792
MW006668.1	k141_24136	24868	78.355	693	143	563
MW006668.1	k141_24136	24868	73.710	601	153	372
MW006668.1	k141_24136	24868	70.031	654	194	289
MW006668.1	k141_24136	24868	68.079	968	215	271
MW006668.1	k141_24136	24868	68.085	658	151	213
MW006668.1	k141_24136	24868	80.180	222	34	189
MW006668.1	k141_24136	24868	67.594	611	159	178
MW006668.1	k141_24136	24868	84.821	112	17	126
MW006668.1	k141_24136	24868	86.667	105	10	126
MW006668.1	k141_24136	24868	65.076	461	111	93.3
MW006668.1	k141_24136	24868	78.761	113	17	89.7
MW006668.1	k141_24136	24868	78.125	96	19	72.5
MW006668.1	k141_24136	24868	71.318	129	23	66.2
MW006668.1	k141_44993	14268	80.336	2324	373	2140
MW006668.1	k141_44993	14268	79.143	1050	172	895
MW006668.1	k141_44993	14268	69.289	1996	455	830
MW006668.1	k141_44993	14268	75.902	1025	176	750
MW006668.1	k141_44993	14268	70.651	1414	355	671
MW006668.1	k141_44993	14268	82.165	656	99	645
MW006668.1	k141_44993	14268	68.911	698	181	278
MW006668.1	k141_44993	14268	74.194	403	102	251
MW006668.1	k141_44993	14268	69.087	482	107	164
MW006668.1	k141_44993	14268	69.087	482	107	164
MW006668.1	k141_44993	14268	87.097	93	12	114
MW006668.1	k141_44993	14268	77.143	140	25	102
MW006668.1	k141_44993	14268	77.143	140	25	102
MW006668.1	k141_44993	14268	84.848	66	10	75.2
MW006668.1	k141_44993	14268	84.848	66	10	75.2
MW006668.1	k141_15944	3257	82.131	1886	329	1876
MW006668.1	k141_15944	3257	69.725	763	138	284
MW006668.1	k141_15944	3257	90.625	128	6	169
MW006668.1	k141_15944	3257	77.273	66	15	52.7
MW006668.1	k141_75883	7040	75.365	2671	554	1769
MW006668.1	k141_75883	7040	85.257	719	101	810
MW006668.1	k141_75883	7040	82.274	299	50	295
MW006668.1	k141_75883	7040	71.773	581	118	288
MW006668.1	k141_75883	7040	65.602	532	119	112
MW006668.1	k141_45126	4036	77.761	1983	323	1533
MW006668.1	k141_45126	4036	74.897	243	42	168
MW006668.1	k141_45126	4036	65.443	654	133	141
MW006668.1	k141_45126	4036	92.857	84	5	122
MW006668.1	k141_45126	4036	92.857	42	3	63.5
MW006668.1	k141_45126	4036	92.857	42	3	63.5
MW006668.1	k141_45126	4036	85.714	42	6	50.0
MW006668.1	k141_53136	4830	78.087	1474	303	1185
MW006668.1	k141_53136	4830	74.891	916	221	610
MW006668.1	k141_53136	4830	75.959	678	160	482
MW006668.1	k141_930	8054	90.099	808	80	1097
MW006668.1	k141_930	8054	90.087	807	80	1095
MW006668.1	k141_930	8054	80.057	351	52	330
MW006668.1	k141_930	8054	64.390	1376	433	203
MW006668.1	k141_930	8054	84.524	168	17	186
MW006668.1	k141_930	8054	78.571	196	38	155
MW006668.1	k141_930	8054	85.714	112	16	131
MW006668.1	k141_930	8054	80.303	132	17	116
MW006668.1	k141_930	8054	87.097	93	12	114
MW006668.1	k141_930	8054	90.667	75	7	104
MW006668.1	k141_8405	4612	71.591	968	236	470
MW006668.1	k141_8405	4612	71.591	968	236	470
MW006668.1	k141_8405	4612	87.891	256	31	323
MW006668.1	k141_8405	4612	87.891	256	31	323
MW006668.1	k141_8405	4612	76.166	193	34	134
MW006668.1	k141_8405	4612	76.166	193	34	134
MW006668.1	k141_8405	4612	93.976	83	5	128
MW006668.1	k141_8405	4612	93.976	83	5	128
MW006668.1	k141_81595	369	77.112	367	84	284
MW006668.1	k141_46567	7231	73.196	388	74	214
MW006668.1	k141_46567	7231	75.099	253	45	158
MW006668.1	k141_46567	7231	79.365	189	36	155
MW006668.1	k141_46567	7231	69.022	184	45	73.4
MW006668.1	k141_46567	7231	81.818	55	9	51.8
MW006668.1	k141_44959	669	93.671	79	5	121
MW006668.1	k141_44959	669	93.671	79	5	121
MW006668.1	k141_28129	1639	95.890	73	3	119
MW006668.1	k141_54193	410	87.097	93	12	114
MW006668.1	k141_5331	415	92.000	75	6	109
MW006668.1	k141_5193	623	95.385	65	3	104
MW006668.1	k141_38838	19037	77.391	115	23	85.1
MW006668.1	k141_38838	19037	77.391	115	23	85.1
MW006668.1	k141_11635	326	90.164	61	6	84.2
MW006668.1	k141_11635	326	90.164	61	6	84.2
MW006668.1	k141_26576	336	72.109	147	41	81.5
MW006668.1	k141_2860	391	93.478	46	3	70.7
MW006668.1	k141_53767	353	85.246	61	9	70.7
MW006668.1	k141_53767	353	85.246	61	9	70.7
MW006668.1	k141_15604	304	84.091	44	6	45.5
MW006668.1	k141_15604	304	84.091	44	6	45.5
MW006668.1	k141_55064	615	81.395	43	8	42.8
MW435436.1	k141_46305	30258	87.438	6042	442	7414
MW435436.1	k141_46305	30258	87.438	6042	442	7414
MW435436.1	k141_46305	30258	84.030	5147	766	5555
MW435436.1	k141_46305	30258	87.902	2488	297	3130
MW435436.1	k141_46305	30258	90.313	1982	128	2686
MW435436.1	k141_46305	30258	90.313	1982	128	2686
MW435436.1	k141_46305	30258	72.005	1511	282	774
MW435436.1	k141_46305	30258	76.396	627	142	456
MW435436.1	k141_46305	30258	74.365	394	80	243
MW435436.1	k141_46305	30258	82.979	235	33	242
MW435436.1	k141_46305	30258	80.738	244	36	225
MW435436.1	k141_46305	30258	76.339	224	42	162
MW435436.1	k141_46305	30258	69.948	386	94	162
MW435436.1	k141_46305	30258	98.765	81	1	142
MW435436.1	k141_46305	30258	98.765	81	1	142
MW435436.1	k141_46305	30258	85.950	121	17	142
MW435436.1	k141_46305	30258	90.909	99	9	139
MW435436.1	k141_46305	30258	86.957	115	13	133
MW435436.1	k141_46305	30258	70.280	286	79	130
MW435436.1	k141_46305	30258	95.000	80	4	127
MW435436.1	k141_46305	30258	76.829	164	38	125
MW435436.1	k141_46305	30258	94.737	76	4	120
MW435436.1	k141_46305	30258	94.595	74	4	116
MW435436.1	k141_46305	30258	94.366	71	4	111
MW435436.1	k141_46305	30258	92.958	71	5	106
MW435436.1	k141_46305	30258	88.889	45	5	59.9
MW435436.1	k141_46305	30258	88.889	45	5	59.9
MW435436.1	k141_46305	30258	75.439	57	14	41.0
MW435436.1	k141_46305	30258	75.439	57	14	41.0
MW435436.1	k141_24136	24868	77.532	3850	822	3020
MW435436.1	k141_24136	24868	87.456	1419	178	1757
MW435436.1	k141_24136	24868	75.617	1378	277	979
MW435436.1	k141_24136	24868	79.600	1000	190	875
MW435436.1	k141_24136	24868	76.039	1035	170	752
MW435436.1	k141_24136	24868	75.679	736	143	545
MW435436.1	k141_24136	24868	72.254	692	186	370
MW435436.1	k141_24136	24868	75.514	535	129	368
MW435436.1	k141_24136	24868	77.627	295	66	235
MW435436.1	k141_24136	24868	79.167	264	54	225
MW435436.1	k141_24136	24868	70.753	465	111	217
MW435436.1	k141_24136	24868	73.512	336	57	203
MW435436.1	k141_24136	24868	81.081	222	32	198
MW435436.1	k141_24136	24868	69.193	409	97	147
MW435436.1	k141_24136	24868	77.714	175	33	132
MW435436.1	k141_24136	24868	82.308	130	23	132
MW435436.1	k141_24136	24868	76.647	167	39	126
MW435436.1	k141_24136	24868	92.857	84	5	122
MW435436.1	k141_24136	24868	84.906	106	16	120
MW435436.1	k141_24136	24868	82.524	103	16	98.7
MW435436.1	k141_24136	24868	86.486	74	10	89.7
MW435436.1	k141_24136	24868	84.375	64	10	71.6
MW435436.1	k141_24136	24868	92.683	41	3	61.7
MW435436.1	k141_15944	3257	82.387	1885	326	1900
MW435436.1	k141_15944	3257	72.747	466	81	260
MW435436.1	k141_15944	3257	70.526	380	62	159
MW435436.1	k141_15944	3257	77.273	66	15	52.7
MW435436.1	k141_75883	7040	80.077	2083	406	1881
MW435436.1	k141_75883	7040	85.369	704	98	797
MW435436.1	k141_75883	7040	83.333	294	49	310
MW435436.1	k141_75883	7040	67.857	616	129	214
MW435436.1	k141_75883	7040	70.905	464	81	187
MW435436.1	k141_75883	7040	85.075	67	7	70.7
MW435436.1	k141_44993	14268	85.227	1584	233	1799
MW435436.1	k141_44993	14268	75.351	2276	495	1514
MW435436.1	k141_44993	14268	73.192	2212	451	1291
MW435436.1	k141_44993	14268	73.192	2212	451	1291
MW435436.1	k141_44993	14268	86.475	732	96	873
MW435436.1	k141_44993	14268	81.741	471	82	462
MW435436.1	k141_44993	14268	69.628	968	184	416
MW435436.1	k141_44993	14268	71.667	660	184	346
MW435436.1	k141_44993	14268	78.495	372	80	311
MW435436.1	k141_44993	14268	77.451	306	69	242
MW435436.1	k141_44993	14268	72.727	418	104	232
MW435436.1	k141_44993	14268	82.353	119	21	121
MW435436.1	k141_44993	14268	89.773	88	9	119
MW435436.1	k141_44993	14268	75.373	134	25	83.3
MW435436.1	k141_44993	14268	84.127	63	10	69.8
MW435436.1	k141_45126	4036	83.108	1403	172	1453
MW435436.1	k141_45126	4036	83.108	1403	172	1453
MW435436.1	k141_45126	4036	74.129	402	67	236
MW435436.1	k141_45126	4036	74.129	402	67	236
MW435436.1	k141_45126	4036	75.720	243	40	177
MW435436.1	k141_45126	4036	75.720	243	40	177
MW435436.1	k141_45126	4036	67.929	449	67	163
MW435436.1	k141_45126	4036	67.929	449	67	163
MW435436.1	k141_45126	4036	68.371	313	75	104
MW435436.1	k141_45126	4036	68.371	313	75	104
MW435436.1	k141_45126	4036	84.615	39	6	44.6
MW435436.1	k141_930	8054	87.535	1083	135	1345
MW435436.1	k141_930	8054	66.208	1018	314	236
MW435436.1	k141_930	8054	83.226	155	20	164
MW435436.1	k141_930	8054	75.393	191	41	134
MW435436.1	k141_930	8054	89.773	88	9	119
MW435436.1	k141_930	8054	82.051	117	21	117
MW435436.1	k141_930	8054	79.545	132	21	113
MW435436.1	k141_930	8054	93.333	75	5	113
MW435436.1	k141_53136	4830	78.672	1491	300	1245
MW435436.1	k141_53136	4830	73.449	919	232	555
MW435436.1	k141_53136	4830	76.608	684	160	513
MW435436.1	k141_8405	4612	69.940	1171	305	473
MW435436.1	k141_8405	4612	86.719	256	34	309
MW435436.1	k141_8405	4612	73.585	106	27	62.6
MW435436.1	k141_46567	7231	68.136	885	221	340
MW435436.1	k141_46567	7231	68.136	885	221	340
MW435436.1	k141_46567	7231	80.328	244	35	223
MW435436.1	k141_46567	7231	80.328	244	35	223
MW435436.1	k141_46567	7231	77.663	291	53	221
MW435436.1	k141_46567	7231	77.663	291	53	221
MW435436.1	k141_46567	7231	78.455	246	42	197
MW435436.1	k141_46567	7231	78.455	246	42	197
MW435436.1	k141_46567	7231	68.994	358	91	146
MW435436.1	k141_46567	7231	68.994	358	91	146
MW435436.1	k141_70150	503	71.595	257	71	132
MW435436.1	k141_44959	669	93.590	78	5	119
MW435436.1	k141_54193	410	89.773	88	9	119
MW435436.1	k141_5331	415	94.667	75	4	118
MW435436.1	k141_5331	415	94.667	75	4	118
MW435436.1	k141_28129	1639	94.595	74	4	116
MW435436.1	k141_26576	336	70.722	263	67	110
MW435436.1	k141_5193	623	95.385	65	3	104
MW435436.1	k141_5193	623	95.385	65	3	104
MW435436.1	k141_11635	326	93.443	61	4	93.3
MW435436.1	k141_11635	326	93.443	61	4	93.3
MW435436.1	k141_38838	19037	77.391	115	23	85.1
MW435436.1	k141_38838	19037	77.391	115	23	85.1
MW435436.1	k141_2860	391	95.918	49	2	80.6
MW435436.1	k141_53767	353	86.885	61	8	75.2
MW435436.1	k141_53767	353	86.885	61	8	75.2
MW435436.1	k141_3917	614	83.673	49	6	46.4
MW435436.1	k141_68242	776	85.714	35	5	41.9
NC_037882.1	k141_46305	30258	87.387	6081	415	7493
NC_037882.1	k141_46305	30258	87.387	6081	415	7493
NC_037882.1	k141_46305	30258	84.137	5163	749	5624
NC_037882.1	k141_46305	30258	86.294	2809	336	3303
NC_037882.1	k141_46305	30258	90.598	1989	119	2720
NC_037882.1	k141_46305	30258	90.598	1989	119	2720
NC_037882.1	k141_46305	30258	73.147	1538	278	858
NC_037882.1	k141_46305	30258	76.609	637	134	460
NC_037882.1	k141_46305	30258	86.385	213	21	248
NC_037882.1	k141_46305	30258	79.121	273	50	229
NC_037882.1	k141_46305	30258	80.242	248	44	227
NC_037882.1	k141_46305	30258	79.279	222	30	186
NC_037882.1	k141_46305	30258	70.483	393	94	170
NC_037882.1	k141_46305	30258	78.788	165	17	143
NC_037882.1	k141_46305	30258	78.788	165	17	143
NC_037882.1	k141_46305	30258	92.632	95	7	141
NC_037882.1	k141_46305	30258	86.726	113	15	137
NC_037882.1	k141_46305	30258	70.847	295	56	127
NC_037882.1	k141_46305	30258	96.000	75	3	123
NC_037882.1	k141_46305	30258	76.543	162	38	122
NC_037882.1	k141_46305	30258	79.870	154	21	121
NC_037882.1	k141_46305	30258	94.737	76	4	120
NC_037882.1	k141_46305	30258	66.561	314	93	96.0
NC_037882.1	k141_46305	30258	91.111	45	4	64.4
NC_037882.1	k141_46305	30258	91.111	45	4	64.4
NC_037882.1	k141_46305	30258	78.571	70	15	59.9
NC_037882.1	k141_46305	30258	75.439	57	14	41.0
NC_037882.1	k141_46305	30258	75.439	57	14	41.0
NC_037882.1	k141_24136	24868	77.929	3824	793	3070
NC_037882.1	k141_24136	24868	86.230	1496	200	1771
NC_037882.1	k141_24136	24868	80.636	1069	199	989
NC_037882.1	k141_24136	24868	75.091	1377	284	946
NC_037882.1	k141_24136	24868	77.698	834	122	683
NC_037882.1	k141_24136	24868	74.938	806	160	559
NC_037882.1	k141_24136	24868	76.779	534	124	405
NC_037882.1	k141_24136	24868	73.032	686	179	382
NC_037882.1	k141_24136	24868	66.334	1304	283	370
NC_037882.1	k141_24136	24868	69.529	722	143	295
NC_037882.1	k141_24136	24868	69.333	675	130	242
NC_037882.1	k141_24136	24868	76.712	292	68	221
NC_037882.1	k141_24136	24868	79.909	219	40	187
NC_037882.1	k141_24136	24868	89.474	95	10	127
NC_037882.1	k141_24136	24868	94.805	77	4	122
NC_037882.1	k141_24136	24868	71.622	222	59	112
NC_037882.1	k141_24136	24868	78.378	111	20	87.8
NC_037882.1	k141_24136	24868	85.915	71	10	84.2
NC_037882.1	k141_24136	24868	74.603	126	18	83.3
NC_037882.1	k141_24136	24868	81.481	81	15	79.7
NC_037882.1	k141_24136	24868	78.218	101	20	77.0
NC_037882.1	k141_44993	14268	80.468	2350	355	2173
NC_037882.1	k141_44993	14268	77.648	1454	301	1139
NC_037882.1	k141_44993	14268	80.582	1066	169	957
NC_037882.1	k141_44993	14268	76.122	1181	235	838
NC_037882.1	k141_44993	14268	78.272	787	146	640
NC_037882.1	k141_44993	14268	81.583	657	103	634
NC_037882.1	k141_44993	14268	71.281	968	223	475
NC_037882.1	k141_44993	14268	74.887	665	160	440
NC_037882.1	k141_44993	14268	80.252	476	90	434
NC_037882.1	k141_44993	14268	71.529	713	179	366
NC_037882.1	k141_44993	14268	71.529	713	179	366
NC_037882.1	k141_44993	14268	76.812	207	48	158
NC_037882.1	k141_44993	14268	90.000	90	9	123
NC_037882.1	k141_44993	14268	84.127	63	10	69.8
NC_037882.1	k141_44993	14268	89.130	46	5	61.7
NC_037882.1	k141_15944	3257	83.333	1884	308	1979
NC_037882.1	k141_15944	3257	68.799	1016	163	358
NC_037882.1	k141_15944	3257	77.273	66	15	52.7
NC_037882.1	k141_75883	7040	79.990	2094	398	1884
NC_037882.1	k141_75883	7040	83.436	815	125	844
NC_037882.1	k141_75883	7040	83.158	285	48	298
NC_037882.1	k141_75883	7040	71.567	517	106	267
NC_037882.1	k141_75883	7040	87.313	134	11	162
NC_037882.1	k141_75883	7040	93.750	80	4	119
NC_037882.1	k141_75883	7040	72.021	193	35	86.9
NC_037882.1	k141_75883	7040	77.570	107	24	86.0
NC_037882.1	k141_45126	4036	79.482	2008	275	1744
NC_037882.1	k141_45126	4036	79.482	2008	275	1744
NC_037882.1	k141_45126	4036	73.236	411	69	233
NC_037882.1	k141_45126	4036	73.236	411	69	233
NC_037882.1	k141_45126	4036	75.503	298	55	198
NC_037882.1	k141_45126	4036	75.503	298	55	198
NC_037882.1	k141_45126	4036	72.500	320	51	178
NC_037882.1	k141_45126	4036	72.500	320	51	178
NC_037882.1	k141_45126	4036	75.309	243	41	172
NC_037882.1	k141_45126	4036	75.309	243	41	172
NC_037882.1	k141_45126	4036	90.476	42	4	59.0
NC_037882.1	k141_45126	4036	87.179	39	5	49.1
NC_037882.1	k141_930	8054	88.550	1083	124	1395
NC_037882.1	k141_930	8054	64.243	1348	413	199
NC_037882.1	k141_930	8054	83.439	157	19	168
NC_037882.1	k141_930	8054	78.947	171	34	144
NC_037882.1	k141_930	8054	82.143	140	25	141
NC_037882.1	k141_930	8054	90.000	90	9	123
NC_037882.1	k141_930	8054	81.818	132	16	115
NC_037882.1	k141_53136	4830	80.120	1499	280	1354
NC_037882.1	k141_53136	4830	74.753	911	227	596
NC_037882.1	k141_53136	4830	78.756	659	140	558
NC_037882.1	k141_53136	4830	74.854	171	39	105
NC_037882.1	k141_8405	4612	71.295	965	237	447
NC_037882.1	k141_8405	4612	86.716	271	34	324
NC_037882.1	k141_8405	4612	92.771	83	6	123
NC_037882.1	k141_8405	4612	76.415	106	22	68.9
NC_037882.1	k141_46567	7231	69.489	803	186	366
NC_037882.1	k141_46567	7231	69.489	803	186	366
NC_037882.1	k141_46567	7231	78.351	291	51	230
NC_037882.1	k141_46567	7231	78.351	291	51	230
NC_037882.1	k141_46567	7231	89.655	145	14	191
NC_037882.1	k141_46567	7231	89.655	145	14	191
NC_037882.1	k141_46567	7231	77.642	246	44	188
NC_037882.1	k141_46567	7231	77.642	246	44	188
NC_037882.1	k141_46567	7231	68.436	358	93	137
NC_037882.1	k141_46567	7231	68.436	358	93	137
NC_037882.1	k141_46567	7231	80.952	42	8	41.0
NC_037882.1	k141_46567	7231	80.952	42	8	41.0
NC_037882.1	k141_70150	503	73.000	300	79	169
NC_037882.1	k141_44959	669	97.436	78	2	132
NC_037882.1	k141_54193	410	90.000	90	9	123
NC_037882.1	k141_28129	1639	94.737	76	4	120
NC_037882.1	k141_5331	415	94.667	75	4	118
NC_037882.1	k141_5331	415	94.667	75	4	118
NC_037882.1	k141_31572	4829	69.597	273	80	117
NC_037882.1	k141_5193	623	95.385	65	3	104
NC_037882.1	k141_5193	623	95.385	65	3	104
NC_037882.1	k141_11635	326	93.443	61	4	93.3
NC_037882.1	k141_11635	326	93.443	61	4	93.3
NC_037882.1	k141_26576	336	68.077	260	77	92.4
NC_037882.1	k141_38838	19037	77.391	115	23	85.1
NC_037882.1	k141_38838	19037	77.391	115	23	85.1
NC_037882.1	k141_78803	1150	78.261	92	20	77.0
NC_037882.1	k141_2860	391	92.157	51	4	75.2
NC_037882.1	k141_53767	353	86.885	61	8	75.2
NC_037882.1	k141_53767	353	86.885	61	8	75.2
NC_056190.1	k141_46305	30258	86.738	6070	455	7291
NC_056190.1	k141_46305	30258	86.738	6070	455	7291
NC_056190.1	k141_46305	30258	83.968	5171	756	5587
NC_056190.1	k141_46305	30258	87.444	2469	310	3056
NC_056190.1	k141_46305	30258	90.704	1990	115	2737
NC_056190.1	k141_46305	30258	90.704	1990	115	2737
NC_056190.1	k141_46305	30258	73.315	1484	273	827
NC_056190.1	k141_46305	30258	75.758	627	146	438
NC_056190.1	k141_46305	30258	82.684	231	32	231
NC_056190.1	k141_46305	30258	81.863	204	37	202
NC_056190.1	k141_46305	30258	80.090	221	37	189
NC_056190.1	k141_46305	30258	78.571	210	38	169
NC_056190.1	k141_46305	30258	93.750	96	6	147
NC_056190.1	k141_46305	30258	98.765	81	1	142
NC_056190.1	k141_46305	30258	98.765	81	1	142
NC_056190.1	k141_46305	30258	78.857	175	27	141
NC_056190.1	k141_46305	30258	84.874	119	18	134
NC_056190.1	k141_46305	30258	90.217	92	9	126
NC_056190.1	k141_46305	30258	93.590	78	5	119
NC_056190.1	k141_46305	30258	75.610	164	40	116
NC_056190.1	k141_46305	30258	93.421	76	5	115
NC_056190.1	k141_46305	30258	94.444	72	4	113
NC_056190.1	k141_46305	30258	92.105	76	6	111
NC_056190.1	k141_46305	30258	81.159	69	13	67.1
NC_056190.1	k141_46305	30258	94.872	39	2	62.6
NC_056190.1	k141_46305	30258	86.667	45	6	55.4
NC_056190.1	k141_46305	30258	86.667	45	6	55.4
NC_056190.1	k141_46305	30258	75.439	57	14	41.0
NC_056190.1	k141_46305	30258	75.439	57	14	41.0
NC_056190.1	k141_24136	24868	77.155	3852	835	2948
NC_056190.1	k141_24136	24868	85.334	1466	209	1676
NC_056190.1	k141_24136	24868	79.482	1043	206	911
NC_056190.1	k141_24136	24868	74.361	1369	285	897
NC_056190.1	k141_24136	24868	79.015	1015	150	851
NC_056190.1	k141_24136	24868	73.810	798	173	517
NC_056190.1	k141_24136	24868	74.198	655	165	406
NC_056190.1	k141_24136	24868	73.013	604	152	338
NC_056190.1	k141_24136	24868	68.882	948	193	319
NC_056190.1	k141_24136	24868	71.162	482	102	227
NC_056190.1	k141_24136	24868	66.807	711	155	224
NC_056190.1	k141_24136	24868	74.576	295	75	195
NC_056190.1	k141_24136	24868	80.357	224	32	190
NC_056190.1	k141_24136	24868	79.793	193	35	163
NC_056190.1	k141_24136	24868	69.512	410	94	146
NC_056190.1	k141_24136	24868	94.737	76	4	120
NC_056190.1	k141_24136	24868	83.962	106	17	115
NC_056190.1	k141_24136	24868	76.296	135	24	89.7
NC_056190.1	k141_24136	24868	69.091	220	64	86.0
NC_056190.1	k141_24136	24868	85.915	71	10	84.2
NC_056190.1	k141_24136	24868	82.895	76	13	79.7
NC_056190.1	k141_24136	24868	83.871	62	9	64.4
NC_056190.1	k141_24136	24868	73.810	84	22	53.6
NC_056190.1	k141_75883	7040	77.987	2335	461	1861
NC_056190.1	k141_75883	7040	84.301	758	116	829
NC_056190.1	k141_75883	7040	82.653	294	51	301
NC_056190.1	k141_75883	7040	71.973	446	95	224
NC_056190.1	k141_75883	7040	83.582	134	16	144
NC_056190.1	k141_75883	7040	78.899	109	19	88.7
NC_056190.1	k141_15944	3257	81.401	1898	343	1828
NC_056190.1	k141_15944	3257	69.287	687	117	256
NC_056190.1	k141_15944	3257	90.551	127	6	168
NC_056190.1	k141_15944	3257	77.273	66	15	52.7
NC_056190.1	k141_44993	14268	84.320	1588	245	1728
NC_056190.1	k141_44993	14268	71.281	2622	565	1315
NC_056190.1	k141_44993	14268	71.822	1888	390	1013
NC_056190.1	k141_44993	14268	70.087	2066	496	929
NC_056190.1	k141_44993	14268	86.253	742	97	879
NC_056190.1	k141_44993	14268	71.223	1595	354	803
NC_056190.1	k141_44993	14268	84.456	579	84	636
NC_056190.1	k141_44993	14268	71.520	941	162	463
NC_056190.1	k141_44993	14268	74.149	646	164	411
NC_056190.1	k141_44993	14268	90.000	90	9	123
NC_056190.1	k141_44993	14268	76.147	109	20	77.0
NC_056190.1	k141_44993	14268	88.136	59	6	72.5
NC_056190.1	k141_44993	14268	81.081	74	12	64.4
NC_056190.1	k141_45126	4036	83.929	1568	189	1686
NC_056190.1	k141_45126	4036	83.929	1568	189	1686
NC_056190.1	k141_45126	4036	70.517	658	110	294
NC_056190.1	k141_45126	4036	70.517	658	110	294
NC_056190.1	k141_45126	4036	78.243	239	33	192
NC_056190.1	k141_45126	4036	78.243	239	33	192
NC_056190.1	k141_45126	4036	74.897	243	42	168
NC_056190.1	k141_45126	4036	74.897	243	42	168
NC_056190.1	k141_45126	4036	77.320	97	17	72.5
NC_056190.1	k141_45126	4036	77.320	97	17	72.5
NC_056190.1	k141_45126	4036	95.122	41	2	66.2
NC_056190.1	k141_45126	4036	84.615	39	6	44.6
NC_056190.1	k141_930	8054	88.951	1077	119	1407
NC_056190.1	k141_930	8054	80.769	156	23	149
NC_056190.1	k141_930	8054	76.374	182	37	136
NC_056190.1	k141_930	8054	83.478	115	19	123
NC_056190.1	k141_930	8054	90.000	90	9	123
NC_056190.1	k141_930	8054	65.587	494	151	115
NC_056190.1	k141_930	8054	79.259	135	20	112
NC_056190.1	k141_930	8054	69.163	227	70	95.1
NC_056190.1	k141_53136	4830	78.258	1481	300	1195
NC_056190.1	k141_53136	4830	73.884	896	223	554
NC_056190.1	k141_53136	4830	76.023	684	164	495
NC_056190.1	k141_53136	4830	75.148	169	42	116
NC_056190.1	k141_8405	4612	69.133	1176	282	459
NC_056190.1	k141_8405	4612	85.490	255	37	294
NC_056190.1	k141_8405	4612	75.362	207	42	134
NC_056190.1	k141_46567	7231	68.059	886	211	347
NC_056190.1	k141_46567	7231	68.059	886	211	347
NC_056190.1	k141_46567	7231	73.822	382	68	218
NC_056190.1	k141_46567	7231	73.822	382	68	218
NC_056190.1	k141_46567	7231	77.320	291	54	216
NC_056190.1	k141_46567	7231	77.320	291	54	216
NC_056190.1	k141_46567	7231	77.642	246	44	188
NC_056190.1	k141_46567	7231	77.642	246	44	188
NC_056190.1	k141_70150	503	72.667	300	80	165
NC_056190.1	k141_44959	669	96.250	80	3	132
NC_056190.1	k141_54193	410	90.000	90	9	123
NC_056190.1	k141_5331	415	94.667	75	4	118
NC_056190.1	k141_5331	415	94.667	75	4	118
NC_056190.1	k141_28129	1639	94.444	72	4	113
NC_056190.1	k141_5193	623	95.385	65	3	104
NC_056190.1	k141_5193	623	95.385	65	3	104
NC_056190.1	k141_26576	336	69.549	266	71	102
NC_056190.1	k141_11635	326	93.443	61	4	93.3
NC_056190.1	k141_11635	326	93.443	61	4	93.3
NC_056190.1	k141_38838	19037	77.391	115	23	85.1
NC_056190.1	k141_38838	19037	77.391	115	23	85.1
NC_056190.1	k141_78803	1150	79.348	92	19	81.5
NC_056190.1	k141_2860	391	95.745	47	2	77.0
NC_056190.1	k141_53767	353	86.885	61	8	75.2
NC_056190.1	k141_53767	353	86.885	61	8	75.2
NC_056190.1	k141_45789	393	79.545	44	9	40.1
MN564931.1	k141_46305	30258	86.490	6099	460	7257
MN564931.1	k141_46305	30258	86.490	6099	460	7257
MN564931.1	k141_46305	30258	84.122	5158	758	5611
MN564931.1	k141_46305	30258	86.466	2490	337	2972
MN564931.1	k141_46305	30258	90.978	1984	117	2746
MN564931.1	k141_46305	30258	90.978	1984	117	2746
MN564931.1	k141_46305	30258	69.800	2053	399	846
MN564931.1	k141_46305	30258	74.798	619	141	418
MN564931.1	k141_46305	30258	79.253	241	45	210
MN564931.1	k141_46305	30258	76.753	271	56	198
MN564931.1	k141_46305	30258	92.929	99	3	147
MN564931.1	k141_46305	30258	92.929	99	3	147
MN564931.1	k141_46305	30258	75.829	211	43	145
MN564931.1	k141_46305	30258	90.385	104	10	143
MN564931.1	k141_46305	30258	87.069	116	13	135
MN564931.1	k141_46305	30258	92.308	91	7	133
MN564931.1	k141_46305	30258	85.217	115	17	132
MN564931.1	k141_46305	30258	77.439	164	37	130
MN564931.1	k141_46305	30258	95.946	74	3	121
MN564931.1	k141_46305	30258	92.405	79	6	116
MN564931.1	k141_46305	30258	95.775	71	3	115
MN564931.1	k141_46305	30258	91.892	74	6	107
MN564931.1	k141_46305	30258	73.718	156	41	97.8
MN564931.1	k141_46305	30258	72.308	130	36	73.4
MN564931.1	k141_46305	30258	88.889	45	5	59.9
MN564931.1	k141_46305	30258	88.889	45	5	59.9
MN564931.1	k141_46305	30258	92.308	39	3	58.1
MN564931.1	k141_46305	30258	71.579	95	27	50.9
MN564931.1	k141_46305	30258	75.439	57	14	41.0
MN564931.1	k141_46305	30258	75.439	57	14	41.0
MN564931.1	k141_24136	24868	76.997	3856	840	2930
MN564931.1	k141_24136	24868	84.523	1499	225	1655
MN564931.1	k141_24136	24868	74.352	1388	281	899
MN564931.1	k141_24136	24868	78.837	1049	212	883
MN564931.1	k141_24136	24868	75.906	1021	177	737
MN564931.1	k141_24136	24868	74.454	732	151	483
MN564931.1	k141_24136	24868	75.357	560	138	389
MN564931.1	k141_24136	24868	77.778	450	99	358
MN564931.1	k141_24136	24868	66.480	1253	273	342
MN564931.1	k141_24136	24868	78.030	264	57	212
MN564931.1	k141_24136	24868	68.389	658	157	201
MN564931.1	k141_24136	24868	79.039	229	36	195
MN564931.1	k141_24136	24868	74.582	299	74	190
MN564931.1	k141_24136	24868	78.325	203	42	161
MN564931.1	k141_24136	24868	95.062	81	4	129
MN564931.1	k141_24136	24868	90.909	88	4	123
MN564931.1	k141_24136	24868	84.906	106	16	120
MN564931.1	k141_24136	24868	74.675	154	33	104
MN564931.1	k141_24136	24868	87.500	72	8	86.9
MN564931.1	k141_24136	24868	75.591	127	25	86.9
MN564931.1	k141_24136	24868	70.233	215	54	82.4
MN564931.1	k141_24136	24868	85.714	63	8	70.7
MN564931.1	k141_24136	24868	80.000	75	15	68.9
MN564931.1	k141_15944	3257	80.837	1983	368	1847
MN564931.1	k141_15944	3257	68.060	1005	180	308
MN564931.1	k141_15944	3257	77.273	66	15	52.7
MN564931.1	k141_44993	14268	85.296	1605	229	1824
MN564931.1	k141_44993	14268	70.317	3507	782	1608
MN564931.1	k141_44993	14268	70.905	2021	433	990
MN564931.1	k141_44993	14268	75.000	1376	313	905
MN564931.1	k141_44993	14268	80.178	1009	168	875
MN564931.1	k141_44993	14268	84.087	553	87	598
MN564931.1	k141_44993	14268	83.333	474	75	499
MN564931.1	k141_44993	14268	68.220	1545	408	486
MN564931.1	k141_44993	14268	73.874	666	114	426
MN564931.1	k141_44993	14268	90.000	90	9	123
MN564931.1	k141_45126	4036	79.817	1962	266	1718
MN564931.1	k141_45126	4036	79.817	1962	266	1718
MN564931.1	k141_45126	4036	69.321	766	135	309
MN564931.1	k141_45126	4036	69.321	766	135	309
MN564931.1	k141_45126	4036	73.988	346	61	205
MN564931.1	k141_45126	4036	73.988	346	61	205
MN564931.1	k141_45126	4036	75.207	242	41	170
MN564931.1	k141_45126	4036	75.207	242	41	170
MN564931.1	k141_45126	4036	92.857	42	3	63.5
MN564931.1	k141_45126	4036	85.714	42	6	50.0
MN564931.1	k141_75883	7040	78.091	2095	435	1700
MN564931.1	k141_75883	7040	85.495	717	101	823
MN564931.1	k141_75883	7040	83.673	294	47	311
MN564931.1	k141_75883	7040	72.244	508	95	260
MN564931.1	k141_75883	7040	85.816	141	17	163
MN564931.1	k141_75883	7040	96.000	75	3	123
MN564931.1	k141_75883	7040	80.000	75	15	68.9
MN564931.1	k141_930	8054	87.719	1083	126	1352
MN564931.1	k141_930	8054	82.292	192	25	188
MN564931.1	k141_930	8054	73.219	351	67	185
MN564931.1	k141_930	8054	63.725	1428	471	184
MN564931.1	k141_930	8054	78.667	150	29	121
MN564931.1	k141_930	8054	84.956	113	15	121
MN564931.1	k141_53136	4830	78.485	1492	295	1223
MN564931.1	k141_53136	4830	73.604	913	229	545
MN564931.1	k141_53136	4830	77.047	684	157	526
MN564931.1	k141_53136	4830	76.331	169	40	125
MN564931.1	k141_8405	4612	71.414	962	249	452
MN564931.1	k141_8405	4612	86.667	255	34	307
MN564931.1	k141_8405	4612	86.538	104	14	125
MN564931.1	k141_8405	4612	74.757	103	26	69.8
MN564931.1	k141_46567	7231	67.520	859	217	298
MN564931.1	k141_46567	7231	67.520	859	217	298
MN564931.1	k141_46567	7231	78.455	246	42	197
MN564931.1	k141_46567	7231	78.455	246	42	197
MN564931.1	k141_46567	7231	78.541	233	32	194
MN564931.1	k141_46567	7231	78.541	233	32	194
MN564931.1	k141_46567	7231	76.522	230	48	159
MN564931.1	k141_46567	7231	76.522	230	48	159
MN564931.1	k141_46567	7231	67.787	357	89	132
MN564931.1	k141_46567	7231	67.787	357	89	132
MN564931.1	k141_70150	503	75.000	300	73	196
MN564931.1	k141_44959	669	96.154	78	3	128
MN564931.1	k141_54193	410	90.000	90	9	123
MN564931.1	k141_28129	1639	95.946	74	3	121
MN564931.1	k141_5331	415	94.667	75	4	118
MN564931.1	k141_5331	415	94.667	75	4	118
MN564931.1	k141_26576	336	69.261	257	79	108
MN564931.1	k141_5193	623	95.385	65	3	104
MN564931.1	k141_5193	623	95.385	65	3	104
MN564931.1	k141_11635	326	93.443	61	4	93.3
MN564931.1	k141_11635	326	93.443	61	4	93.3
MN564931.1	k141_2860	391	97.959	49	1	85.1
MN564931.1	k141_38838	19037	77.391	115	23	85.1
MN564931.1	k141_38838	19037	77.391	115	23	85.1
MN564931.1	k141_78803	1150	79.348	92	19	81.5
MN564931.1	k141_53767	353	86.885	61	8	75.2
MN564931.1	k141_53767	353	86.885	61	8	75.2
MN564931.1	k141_59247	426	81.633	49	8	45.5
MN564931.1	k141_28843	420	87.500	32	4	41.0
NC_031651.1	k141_46305	30258	87.710	6021	455	7451
NC_031651.1	k141_46305	30258	87.710	6021	455	7451
NC_031651.1	k141_46305	30258	84.080	5157	757	5594
NC_031651.1	k141_46305	30258	88.071	2473	295	3131
NC_031651.1	k141_46305	30258	90.799	1978	130	2718
NC_031651.1	k141_46305	30258	90.799	1978	130	2718
NC_031651.1	k141_46305	30258	73.368	1517	273	862
NC_031651.1	k141_46305	30258	78.150	627	131	506
NC_031651.1	k141_46305	30258	81.004	279	40	259
NC_031651.1	k141_46305	30258	77.409	301	52	238
NC_031651.1	k141_46305	30258	79.478	268	50	232
NC_031651.1	k141_46305	30258	81.944	216	32	198
NC_031651.1	k141_46305	30258	80.606	165	14	157
NC_031651.1	k141_46305	30258	80.606	165	14	157
NC_031651.1	k141_46305	30258	91.919	99	8	143
NC_031651.1	k141_46305	30258	83.846	130	15	141
NC_031651.1	k141_46305	30258	92.391	92	7	135
NC_031651.1	k141_46305	30258	90.217	92	8	123
NC_031651.1	k141_46305	30258	95.833	72	3	117
NC_031651.1	k141_46305	30258	94.366	71	4	111
NC_031651.1	k141_46305	30258	85.417	96	10	110
NC_031651.1	k141_46305	30258	92.000	75	6	109
NC_031651.1	k141_46305	30258	74.390	164	42	107
NC_031651.1	k141_46305	30258	73.510	151	40	93.3
NC_031651.1	k141_46305	30258	75.532	94	22	63.5
NC_031651.1	k141_46305	30258	88.889	45	5	59.9
NC_031651.1	k141_46305	30258	88.889	45	5	59.9
NC_031651.1	k141_46305	30258	71.795	78	22	42.8
NC_031651.1	k141_46305	30258	75.439	57	14	41.0
NC_031651.1	k141_46305	30258	75.439	57	14	41.0
NC_031651.1	k141_24136	24868	77.912	3821	798	3065
NC_031651.1	k141_24136	24868	85.447	1498	212	1720
NC_031651.1	k141_24136	24868	74.477	1387	294	920
NC_031651.1	k141_24136	24868	79.022	982	193	837
NC_031651.1	k141_24136	24868	78.621	1001	167	825
NC_031651.1	k141_24136	24868	74.034	828	177	527
NC_031651.1	k141_24136	24868	74.468	658	152	417
NC_031651.1	k141_24136	24868	73.292	644	164	380
NC_031651.1	k141_24136	24868	67.712	1084	267	331
NC_031651.1	k141_24136	24868	80.309	259	51	238
NC_031651.1	k141_24136	24868	76.271	295	70	217
NC_031651.1	k141_24136	24868	81.057	227	28	203
NC_031651.1	k141_24136	24868	72.485	338	56	184
NC_031651.1	k141_24136	24868	75.481	208	50	142
NC_031651.1	k141_24136	24868	84.426	122	19	135
NC_031651.1	k141_24136	24868	83.333	120	19	123
NC_031651.1	k141_24136	24868	91.463	82	7	117
NC_031651.1	k141_24136	24868	75.352	142	35	99.6
NC_031651.1	k141_24136	24868	78.704	108	23	92.4
NC_031651.1	k141_24136	24868	87.324	71	9	88.7
NC_031651.1	k141_24136	24868	78.750	80	15	61.7
NC_031651.1	k141_24136	24868	86.957	46	6	57.2
NC_031651.1	k141_15944	3257	77.160	3021	539	2217
NC_031651.1	k141_15944	3257	77.273	66	15	52.7
NC_031651.1	k141_44993	14268	85.964	1603	219	1874
NC_031651.1	k141_44993	14268	76.527	2275	472	1653
NC_031651.1	k141_44993	14268	71.991	2642	556	1437
NC_031651.1	k141_44993	14268	72.786	1852	388	1051
NC_031651.1	k141_44993	14268	79.867	1053	179	920
NC_031651.1	k141_44993	14268	76.700	1000	197	750
NC_031651.1	k141_44993	14268	74.348	690	133	428
NC_031651.1	k141_44993	14268	72.961	662	173	389
NC_031651.1	k141_44993	14268	73.333	405	102	236
NC_031651.1	k141_44993	14268	90.000	90	9	123
NC_031651.1	k141_44993	14268	68.167	311	72	108
NC_031651.1	k141_75883	7040	77.939	2280	433	1840
NC_031651.1	k141_75883	7040	83.974	780	121	838
NC_031651.1	k141_75883	7040	85.284	299	43	338
NC_031651.1	k141_75883	7040	82.143	140	13	142
NC_031651.1	k141_75883	7040	81.481	108	20	105
NC_031651.1	k141_45126	4036	81.019	1944	270	1792
NC_031651.1	k141_45126	4036	81.019	1944	270	1792
NC_031651.1	k141_45126	4036	71.207	646	112	317
NC_031651.1	k141_45126	4036	71.207	646	112	317
NC_031651.1	k141_45126	4036	73.964	338	60	194
NC_031651.1	k141_45126	4036	73.964	338	60	194
NC_031651.1	k141_45126	4036	73.663	243	45	154
NC_031651.1	k141_45126	4036	73.663	243	45	154
NC_031651.1	k141_45126	4036	90.476	42	4	59.0
NC_031651.1	k141_930	8054	88.089	1083	129	1372
NC_031651.1	k141_930	8054	66.735	974	305	287
NC_031651.1	k141_930	8054	82.166	157	21	159
NC_031651.1	k141_930	8054	77.895	190	35	147
NC_031651.1	k141_930	8054	80.435	138	27	128
NC_031651.1	k141_930	8054	90.000	90	9	123
NC_031651.1	k141_930	8054	79.699	133	21	111
NC_031651.1	k141_53136	4830	79.669	1510	287	1326
NC_031651.1	k141_53136	4830	75.110	908	224	612
NC_031651.1	k141_53136	4830	78.254	676	146	554
NC_031651.1	k141_53136	4830	74.419	172	38	109
NC_031651.1	k141_8405	4612	69.466	1179	291	467
NC_031651.1	k141_8405	4612	89.804	255	26	343
NC_031651.1	k141_8405	4612	78.947	190	36	162
NC_031651.1	k141_46567	7231	68.736	886	214	366
NC_031651.1	k141_46567	7231	68.736	886	214	366
NC_031651.1	k141_46567	7231	67.720	886	220	301
NC_031651.1	k141_46567	7231	67.720	886	220	301
NC_031651.1	k141_46567	7231	79.725	291	48	251
NC_031651.1	k141_46567	7231	79.725	291	48	251
NC_031651.1	k141_46567	7231	71.162	482	98	222
NC_031651.1	k141_46567	7231	71.162	482	98	222
NC_031651.1	k141_46567	7231	78.049	246	43	193
NC_031651.1	k141_46567	7231	78.049	246	43	193
NC_031651.1	k141_46567	7231	67.221	421	118	138
NC_031651.1	k141_46567	7231	67.221	421	118	138
NC_031651.1	k141_46567	7231	70.192	208	41	97.8
NC_031651.1	k141_46567	7231	70.192	208	41	97.8
NC_031651.1	k141_31572	4829	72.926	229	62	134
NC_031651.1	k141_54193	410	90.000	90	9	123
NC_031651.1	k141_28129	1639	93.827	81	3	122
NC_031651.1	k141_5331	415	94.595	74	4	116
NC_031651.1	k141_5331	415	94.595	74	4	116
NC_031651.1	k141_5193	623	95.385	65	3	104
NC_031651.1	k141_5193	623	95.385	65	3	104
NC_031651.1	k141_26576	336	68.872	257	80	104
NC_031651.1	k141_11635	326	93.443	61	4	93.3
NC_031651.1	k141_11635	326	93.443	61	4	93.3
NC_031651.1	k141_44959	669	96.364	55	2	91.5
NC_031651.1	k141_38838	19037	77.391	115	23	85.1
NC_031651.1	k141_38838	19037	77.391	115	23	85.1
NC_031651.1	k141_53767	353	86.885	61	8	75.2
NC_031651.1	k141_53767	353	86.885	61	8	75.2
NC_031651.1	k141_2860	391	93.617	47	3	72.5
NC_031651.1	k141_78803	1150	78.313	83	18	69.8
NC_031651.1	k141_77100	528	75.904	83	20	60.8
MW366789.1	k141_46305	30258	88.549	4742	366	6056
MW366789.1	k141_46305	30258	88.549	4742	366	6056
MW366789.1	k141_46305	30258	84.916	4727	663	5320
MW366789.1	k141_46305	30258	84.916	4727	663	5320
MW366789.1	k141_46305	30258	87.253	2479	316	3047
MW366789.1	k141_46305	30258	89.266	1770	118	2320
MW366789.1	k141_46305	30258	89.266	1770	118	2320
MW366789.1	k141_46305	30258	69.749	1514	302	645
MW366789.1	k141_46305	30258	81.213	511	53	488
MW366789.1	k141_46305	30258	81.213	511	53	488
MW366789.1	k141_46305	30258	73.094	446	101	250
MW366789.1	k141_46305	30258	76.582	316	67	230
MW366789.1	k141_46305	30258	76.582	316	67	230
MW366789.1	k141_46305	30258	96.350	137	5	225
MW366789.1	k141_46305	30258	96.350	137	5	225
MW366789.1	k141_46305	30258	78.731	268	52	223
MW366789.1	k141_46305	30258	82.629	213	28	217
MW366789.1	k141_46305	30258	80.088	226	43	198
MW366789.1	k141_46305	30258	79.186	221	36	183
MW366789.1	k141_46305	30258	77.473	182	23	138
MW366789.1	k141_46305	30258	77.473	182	23	138
MW366789.1	k141_46305	30258	90.526	95	9	132
MW366789.1	k141_46305	30258	91.489	94	7	131
MW366789.1	k141_46305	30258	84.874	119	17	131
MW366789.1	k141_46305	30258	91.209	91	8	129
MW366789.1	k141_46305	30258	91.209	91	8	129
MW366789.1	k141_46305	30258	88.776	98	11	128
MW366789.1	k141_46305	30258	93.827	81	5	124
MW366789.1	k141_46305	30258	76.923	156	36	120
MW366789.1	k141_46305	30258	76.923	156	36	120
MW366789.1	k141_46305	30258	88.889	90	8	115
MW366789.1	k141_46305	30258	71.226	212	49	110
MW366789.1	k141_46305	30258	71.226	212	49	110
MW366789.1	k141_46305	30258	93.056	72	4	104
MW366789.1	k141_46305	30258	93.056	72	4	104
MW366789.1	k141_46305	30258	88.889	72	8	95.1
MW366789.1	k141_46305	30258	70.414	169	50	80.6
MW366789.1	k141_46305	30258	70.414	169	50	80.6
MW366789.1	k141_46305	30258	78.378	74	16	62.6
MW366789.1	k141_46305	30258	86.667	45	6	55.4
MW366789.1	k141_46305	30258	86.667	45	6	55.4
MW366789.1	k141_24136	24868	72.748	5783	1285	3262
MW366789.1	k141_24136	24868	85.329	1520	209	1731
MW366789.1	k141_24136	24868	77.183	1008	216	776
MW366789.1	k141_24136	24868	76.424	1001	193	722
MW366789.1	k141_24136	24868	72.204	608	165	330
MW366789.1	k141_24136	24868	68.216	925	187	291
MW366789.1	k141_24136	24868	70.325	647	174	269
MW366789.1	k141_24136	24868	69.450	491	134	202
MW366789.1	k141_24136	24868	69.300	557	126	194
MW366789.1	k141_24136	24868	94.681	94	5	148
MW366789.1	k141_24136	24868	84.211	114	18	125
MW366789.1	k141_24136	24868	65.800	500	122	117
MW366789.1	k141_24136	24868	93.421	76	5	115
MW366789.1	k141_24136	24868	81.481	108	19	102
MW366789.1	k141_24136	24868	90.411	73	7	101
MW366789.1	k141_24136	24868	90.278	72	7	99.6
MW366789.1	k141_24136	24868	65.766	444	128	88.7
MW366789.1	k141_24136	24868	83.824	68	10	70.7
MW366789.1	k141_24136	24868	68.936	235	53	68.9
MW366789.1	k141_15944	3257	75.324	3007	581	2007
MW366789.1	k141_15944	3257	77.419	62	14	50.0
MW366789.1	k141_44993	14268	84.743	1573	233	1748
MW366789.1	k141_44993	14268	79.633	982	150	856
MW366789.1	k141_44993	14268	72.368	1567	362	830
MW366789.1	k141_44993	14268	72.426	1447	301	823
MW366789.1	k141_44993	14268	72.443	1437	298	819
MW366789.1	k141_44993	14268	84.574	564	82	617
MW366789.1	k141_44993	14268	71.839	696	133	389
MW366789.1	k141_44993	14268	82.710	214	24	223
MW366789.1	k141_44993	14268	82.710	214	24	223
MW366789.1	k141_44993	14268	72.727	275	73	151
MW366789.1	k141_44993	14268	86.667	90	12	109
MW366789.1	k141_44993	14268	67.857	336	99	105
MW366789.1	k141_44993	14268	70.817	257	56	103
MW366789.1	k141_44993	14268	79.762	84	17	76.1
MW366789.1	k141_75883	7040	75.490	2346	500	1621
MW366789.1	k141_75883	7040	83.102	793	122	806
MW366789.1	k141_75883	7040	85.763	295	41	340
MW366789.1	k141_75883	7040	85.821	134	13	158
MW366789.1	k141_75883	7040	75.424	118	28	79.7
MW366789.1	k141_45126	4036	76.074	2002	343	1407
MW366789.1	k141_45126	4036	76.074	2002	343	1407
MW366789.1	k141_45126	4036	69.576	401	71	175
MW366789.1	k141_45126	4036	69.576	401	71	175
MW366789.1	k141_45126	4036	69.576	401	71	175
MW366789.1	k141_45126	4036	74.694	245	39	161
MW366789.1	k141_45126	4036	74.694	245	39	161
MW366789.1	k141_45126	4036	92.941	85	6	127
MW366789.1	k141_45126	4036	90.123	81	8	111
MW366789.1	k141_45126	4036	90.123	81	8	111
MW366789.1	k141_45126	4036	92.105	38	3	56.3
MW366789.1	k141_930	8054	86.413	1104	150	1315
MW366789.1	k141_930	8054	78.756	193	27	163
MW366789.1	k141_930	8054	64.257	982	313	156
MW366789.1	k141_930	8054	84.672	137	21	153
MW366789.1	k141_930	8054	80.303	132	21	117
MW366789.1	k141_930	8054	86.667	90	12	109
MW366789.1	k141_930	8054	80.000	110	22	100
MW366789.1	k141_930	8054	87.838	74	9	94.2
MW366789.1	k141_53136	4830	77.971	1498	307	1204
MW366789.1	k141_53136	4830	73.198	791	207	462
MW366789.1	k141_53136	4830	72.286	700	169	389
MW366789.1	k141_53136	4830	77.193	171	33	130
MW366789.1	k141_8405	4612	69.801	957	234	419
MW366789.1	k141_8405	4612	85.827	254	36	297
MW366789.1	k141_8405	4612	92.857	84	5	122
MW366789.1	k141_70150	503	73.038	293	77	166
MW366789.1	k141_46567	7231	85.612	139	20	161
MW366789.1	k141_46567	7231	85.612	139	20	161
MW366789.1	k141_46567	7231	78.155	206	34	161
MW366789.1	k141_46567	7231	78.155	206	34	161
MW366789.1	k141_46567	7231	80.000	180	23	157
MW366789.1	k141_46567	7231	80.000	180	23	157
MW366789.1	k141_44959	669	96.250	80	3	132
MW366789.1	k141_44959	669	96.250	80	3	132
MW366789.1	k141_28129	1639	90.000	90	7	120
MW366789.1	k141_5331	415	93.333	75	5	113
MW366789.1	k141_5331	415	93.333	75	5	113
MW366789.1	k141_26576	336	70.677	266	68	111
MW366789.1	k141_54193	410	86.667	90	12	109
MW366789.1	k141_5193	623	92.308	65	5	96.0
MW366789.1	k141_5193	623	92.308	65	5	96.0
MW366789.1	k141_5193	623	89.231	65	7	86.9
MW366789.1	k141_5193	623	89.231	65	7	86.9
MW366789.1	k141_11635	326	91.803	61	5	88.7
MW366789.1	k141_11635	326	91.803	61	5	88.7
MW366789.1	k141_53767	353	90.164	61	6	84.2
MW366789.1	k141_53767	353	90.164	61	6	84.2
MW366789.1	k141_53767	353	88.525	61	7	79.7
MW366789.1	k141_53767	353	88.525	61	7	79.7
MW366789.1	k141_38838	19037	76.522	115	24	80.6
MW366789.1	k141_38838	19037	76.522	115	24	80.6
MW366789.1	k141_38838	19037	82.812	64	11	67.1
MW366789.1	k141_38838	19037	82.812	64	11	67.1
MW366789.1	k141_2860	391	95.745	47	2	77.0
MW366789.1	k141_315	703	85.106	47	7	54.5
KT899950.1	k141_46305	30258	87.783	6057	411	7555
KT899950.1	k141_46305	30258	87.783	6057	411	7555
KT899950.1	k141_46305	30258	84.896	5184	720	5800
KT899950.1	k141_46305	30258	86.103	2792	361	3257
KT899950.1	k141_46305	30258	91.138	1986	120	2758
KT899950.1	k141_46305	30258	91.138	1986	120	2758
KT899950.1	k141_46305	30258	71.766	2033	361	1037
KT899950.1	k141_46305	30258	77.707	628	128	490
KT899950.1	k141_46305	30258	77.469	324	57	257
KT899950.1	k141_46305	30258	80.812	271	45	248
KT899950.1	k141_46305	30258	81.395	215	37	197
KT899950.1	k141_46305	30258	71.654	381	86	180
KT899950.1	k141_46305	30258	93.617	94	6	143
KT899950.1	k141_46305	30258	77.059	170	16	139
KT899950.1	k141_46305	30258	77.059	170	16	139
KT899950.1	k141_46305	30258	85.714	119	17	139
KT899950.1	k141_46305	30258	96.154	78	3	128
KT899950.1	k141_46305	30258	92.941	85	5	123
KT899950.1	k141_46305	30258	95.890	73	3	119
KT899950.1	k141_46305	30258	93.421	76	5	115
KT899950.1	k141_46305	30258	95.775	71	3	115
KT899950.1	k141_46305	30258	76.667	150	35	113
KT899950.1	k141_46305	30258	68.025	319	90	113
KT899950.1	k141_46305	30258	81.159	69	13	67.1
KT899950.1	k141_46305	30258	88.889	45	5	59.9
KT899950.1	k141_46305	30258	88.889	45	5	59.9
KT899950.1	k141_46305	30258	96.429	28	1	47.3
KT899950.1	k141_46305	30258	73.077	78	21	47.3
KT899950.1	k141_46305	30258	75.439	57	14	41.0
KT899950.1	k141_46305	30258	75.439	57	14	41.0
KT899950.1	k141_24136	24868	76.599	4299	889	3179
KT899950.1	k141_24136	24868	86.151	1473	198	1738
KT899950.1	k141_24136	24868	76.100	1364	267	999
KT899950.1	k141_24136	24868	81.282	983	181	942
KT899950.1	k141_24136	24868	79.321	1001	159	866
KT899950.1	k141_24136	24868	75.030	841	166	574
KT899950.1	k141_24136	24868	70.871	1205	249	566
KT899950.1	k141_24136	24868	73.370	736	192	439
KT899950.1	k141_24136	24868	75.658	608	148	430
KT899950.1	k141_24136	24868	69.957	932	215	347
KT899950.1	k141_24136	24868	79.923	259	52	233
KT899950.1	k141_24136	24868	76.271	295	70	217
KT899950.1	k141_24136	24868	79.646	226	36	196
KT899950.1	k141_24136	24868	75.281	267	58	178
KT899950.1	k141_24136	24868	83.929	112	18	122
KT899950.1	k141_24136	24868	92.000	75	6	109
KT899950.1	k141_24136	24868	71.622	222	59	107
KT899950.1	k141_24136	24868	78.351	97	21	81.5
KT899950.1	k141_24136	24868	84.507	71	11	79.7
KT899950.1	k141_24136	24868	88.525	61	6	76.1
KT899950.1	k141_15944	3257	77.887	3048	513	2374
KT899950.1	k141_15944	3257	77.273	66	15	52.7
KT899950.1	k141_75883	7040	78.211	2336	428	1915
KT899950.1	k141_75883	7040	83.584	798	125	841
KT899950.1	k141_75883	7040	84.262	305	46	327
KT899950.1	k141_75883	7040	68.926	605	125	256
KT899950.1	k141_75883	7040	84.962	133	14	151
KT899950.1	k141_75883	7040	72.626	179	47	96.0
KT899950.1	k141_75883	7040	68.966	203	39	82.4
KT899950.1	k141_44993	14268	86.237	1584	217	1871
KT899950.1	k141_44993	14268	71.939	2630	558	1425
KT899950.1	k141_44993	14268	72.044	2182	493	1138
KT899950.1	k141_44993	14268	72.762	1854	401	1058
KT899950.1	k141_44993	14268	75.974	1515	263	1030
KT899950.1	k141_44993	14268	74.915	1475	330	970
KT899950.1	k141_44993	14268	85.185	594	75	678
KT899950.1	k141_44993	14268	69.067	1083	212	464
KT899950.1	k141_44993	14268	74.777	674	167	444
KT899950.1	k141_44993	14268	90.909	88	8	123
KT899950.1	k141_44993	14268	81.944	72	12	68.9
KT899950.1	k141_45126	4036	79.719	1992	268	1746
KT899950.1	k141_45126	4036	79.719	1992	268	1746
KT899950.1	k141_45126	4036	70.204	735	124	334
KT899950.1	k141_45126	4036	70.204	735	124	334
KT899950.1	k141_45126	4036	72.388	402	79	214
KT899950.1	k141_45126	4036	72.388	402	79	214
KT899950.1	k141_45126	4036	76.955	243	37	190
KT899950.1	k141_45126	4036	76.955	243	37	190
KT899950.1	k141_45126	4036	87.179	39	5	49.1
KT899950.1	k141_53136	4830	76.166	1909	371	1378
KT899950.1	k141_53136	4830	79.446	686	137	597
KT899950.1	k141_53136	4830	74.863	911	221	591
KT899950.1	k141_930	8054	87.293	1086	138	1337
KT899950.1	k141_930	8054	66.281	1382	413	368
KT899950.1	k141_930	8054	81.250	160	23	156
KT899950.1	k141_930	8054	80.986	142	27	135
KT899950.1	k141_930	8054	84.426	122	19	135
KT899950.1	k141_930	8054	90.909	88	8	123
KT899950.1	k141_930	8054	79.545	132	24	111
KT899950.1	k141_930	8054	92.000	75	6	109
KT899950.1	k141_8405	4612	72.141	962	248	505
KT899950.1	k141_8405	4612	89.804	255	26	343
KT899950.1	k141_8405	4612	79.679	187	34	166
KT899950.1	k141_8405	4612	95.181	83	4	132
KT899950.1	k141_46567	7231	69.118	884	214	386
KT899950.1	k141_46567	7231	69.118	884	214	386
KT899950.1	k141_46567	7231	79.094	287	48	236
KT899950.1	k141_46567	7231	79.094	287	48	236
KT899950.1	k141_46567	7231	80.451	266	34	235
KT899950.1	k141_46567	7231	80.451	266	34	235
KT899950.1	k141_46567	7231	78.455	246	42	197
KT899950.1	k141_46567	7231	78.455	246	42	197
KT899950.1	k141_46567	7231	68.171	421	114	156
KT899950.1	k141_46567	7231	68.171	421	114	156
KT899950.1	k141_46567	7231	70.297	202	41	94.2
KT899950.1	k141_46567	7231	70.297	202	41	94.2
KT899950.1	k141_46567	7231	76.923	65	9	51.8
KT899950.1	k141_46567	7231	76.923	65	9	51.8
KT899950.1	k141_81595	369	80.409	342	67	315
KT899950.1	k141_70150	503	74.308	253	63	157
KT899950.1	k141_44959	669	96.104	77	3	126
KT899950.1	k141_54193	410	90.909	88	8	123
KT899950.1	k141_28129	1639	83.193	119	15	121
KT899950.1	k141_5331	415	89.888	89	9	121
KT899950.1	k141_5331	415	89.888	89	9	121
KT899950.1	k141_5193	623	96.923	65	2	109
KT899950.1	k141_5193	623	96.923	65	2	109
KT899950.1	k141_11635	326	93.443	61	4	93.3
KT899950.1	k141_11635	326	93.443	61	4	93.3
KT899950.1	k141_38838	19037	77.391	115	23	85.1
KT899950.1	k141_38838	19037	77.391	115	23	85.1
KT899950.1	k141_38838	19037	82.812	64	11	67.1
KT899950.1	k141_38838	19037	82.812	64	11	67.1
KT899950.1	k141_2860	391	95.833	48	2	78.8
KT899950.1	k141_53767	353	86.885	61	8	75.2
KT899950.1	k141_53767	353	86.885	61	8	75.2
KT899950.1	k141_26576	336	67.557	262	75	72.5
KT899950.1	k141_57189	599	82.609	46	7	44.6
KT899950.1	k141_45055	483	85.714	35	5	41.9
GU191334.1	k141_46305	30258	89.589	3727	280	4939
GU191334.1	k141_46305	30258	89.589	3727	280	4939
GU191334.1	k141_46305	30258	81.888	4577	821	4511
GU191334.1	k141_46305	30258	84.126	2438	387	2653
GU191334.1	k141_46305	30258	91.916	1769	102	2520
GU191334.1	k141_46305	30258	91.916	1769	102	2520
GU191334.1	k141_46305	30258	82.593	856	117	838
GU191334.1	k141_46305	30258	82.593	856	117	838
GU191334.1	k141_46305	30258	73.349	1287	295	787
GU191334.1	k141_46305	30258	77.709	812	181	649
GU191334.1	k141_46305	30258	79.892	557	71	479
GU191334.1	k141_46305	30258	79.892	557	71	479
GU191334.1	k141_46305	30258	75.035	717	131	462
GU191334.1	k141_46305	30258	70.746	670	165	272
GU191334.1	k141_46305	30258	79.498	239	45	210
GU191334.1	k141_46305	30258	76.015	271	59	188
GU191334.1	k141_46305	30258	78.173	197	43	162
GU191334.1	k141_46305	30258	97.297	74	2	125
GU191334.1	k141_46305	30258	93.827	81	5	124
GU191334.1	k141_46305	30258	93.827	81	5	124
GU191334.1	k141_46305	30258	80.147	136	27	124
GU191334.1	k141_46305	30258	92.045	88	6	124
GU191334.1	k141_46305	30258	73.786	206	50	123
GU191334.1	k141_46305	30258	89.130	92	7	120
GU191334.1	k141_46305	30258	94.444	72	4	113
GU191334.1	k141_46305	30258	94.366	71	4	111
GU191334.1	k141_46305	30258	91.781	73	6	105
GU191334.1	k141_46305	30258	90.667	75	7	104
GU191334.1	k141_46305	30258	90.667	75	7	104
GU191334.1	k141_46305	30258	90.541	74	7	103
GU191334.1	k141_46305	30258	73.171	164	44	98.7
GU191334.1	k141_46305	30258	69.124	217	29	97.8
GU191334.1	k141_46305	30258	75.325	77	19	54.5
GU191334.1	k141_46305	30258	75.309	81	18	50.0
GU191334.1	k141_46305	30258	74.242	66	17	43.7
GU191334.1	k141_46305	30258	75.439	57	14	41.0
GU191334.1	k141_46305	30258	75.439	57	14	41.0
GU191334.1	k141_24136	24868	71.791	3701	958	1920
GU191334.1	k141_24136	24868	82.313	1487	258	1483
GU191334.1	k141_24136	24868	75.692	975	228	681
GU191334.1	k141_24136	24868	70.913	1358	329	638
GU191334.1	k141_24136	24868	74.286	805	155	508
GU191334.1	k141_24136	24868	71.106	796	187	407
GU191334.1	k141_24136	24868	69.338	786	220	288
GU191334.1	k141_24136	24868	72.387	507	136	274
GU191334.1	k141_24136	24868	69.444	504	145	187
GU191334.1	k141_24136	24868	85.926	135	19	159
GU191334.1	k141_24136	24868	71.429	336	64	149
GU191334.1	k141_24136	24868	70.303	330	84	135
GU191334.1	k141_24136	24868	93.750	80	5	123
GU191334.1	k141_24136	24868	94.521	73	4	114
GU191334.1	k141_24136	24868	89.412	85	7	111
GU191334.1	k141_24136	24868	81.481	108	20	105
GU191334.1	k141_24136	24868	75.926	108	26	78.8
GU191334.1	k141_24136	24868	79.452	73	15	65.3
GU191334.1	k141_24136	24868	94.737	38	2	60.8
GU191334.1	k141_24136	24868	83.333	48	7	48.2
GU191334.1	k141_24136	24868	72.973	74	20	44.6
GU191334.1	k141_75883	7040	75.317	2285	501	1550
GU191334.1	k141_75883	7040	78.641	721	150	592
GU191334.1	k141_75883	7040	83.658	257	42	275
GU191334.1	k141_75883	7040	72.694	271	68	148
GU191334.1	k141_75883	7040	80.576	139	16	135
GU191334.1	k141_75883	7040	94.737	38	2	60.8
GU191334.1	k141_44993	14268	81.139	1580	291	1504
GU191334.1	k141_44993	14268	83.520	716	109	755
GU191334.1	k141_44993	14268	68.645	1955	543	691
GU191334.1	k141_44993	14268	71.640	1146	282	564
GU191334.1	k141_44993	14268	79.610	564	109	491
GU191334.1	k141_44993	14268	78.586	481	93	390
GU191334.1	k141_44993	14268	78.780	377	80	320
GU191334.1	k141_44993	14268	68.252	715	153	266
GU191334.1	k141_44993	14268	69.379	467	126	182
GU191334.1	k141_44993	14268	69.951	406	112	165
GU191334.1	k141_44993	14268	69.231	390	108	142
GU191334.1	k141_44993	14268	78.947	95	20	82.4
GU191334.1	k141_44993	14268	85.106	47	7	54.5
GU191334.1	k141_44993	14268	64.865	185	65	41.9
GU191334.1	k141_15944	3257	77.944	1800	390	1441
GU191334.1	k141_15944	3257	95.122	82	4	131
GU191334.1	k141_15944	3257	65.916	666	155	113
GU191334.1	k141_930	8054	87.873	1072	130	1348
GU191334.1	k141_930	8054	75.581	1548	345	1050
GU191334.1	k141_930	8054	70.701	314	58	147
GU191334.1	k141_930	8054	82.946	129	17	134
GU191334.1	k141_930	8054	91.781	73	6	105
GU191334.1	k141_930	8054	78.519	135	23	101
GU191334.1	k141_930	8054	88.732	71	8	93.3
GU191334.1	k141_53136	4830	72.721	1437	368	806
GU191334.1	k141_53136	4830	74.367	671	168	421
GU191334.1	k141_53136	4830	70.759	725	206	331
GU191334.1	k141_45126	4036	75.339	442	107	299
GU191334.1	k141_45126	4036	79.221	308	64	268
GU191334.1	k141_45126	4036	87.255	102	7	123
GU191334.1	k141_45126	4036	87.255	102	7	123
GU191334.1	k141_8405	4612	65.789	1444	399	279
GU191334.1	k141_8405	4612	82.470	251	40	250
GU191334.1	k141_70150	503	74.333	300	75	187
GU191334.1	k141_28129	1639	94.444	72	4	113
GU191334.1	k141_44959	669	88.608	79	9	103
GU191334.1	k141_5331	415	88.000	75	9	96.0
GU191334.1	k141_11635	326	93.443	61	4	93.3
GU191334.1	k141_11635	326	93.443	61	4	93.3
GU191334.1	k141_26576	336	68.321	262	73	90.6
GU191334.1	k141_38838	19037	78.261	115	22	89.7
GU191334.1	k141_38838	19037	78.261	115	22	89.7
GU191334.1	k141_38838	19037	82.812	64	11	67.1
GU191334.1	k141_38838	19037	82.812	64	11	67.1
GU191334.1	k141_31572	4829	76.033	121	29	88.7
GU191334.1	k141_78803	1150	78.125	96	21	79.7
GU191334.1	k141_53767	353	88.525	61	7	79.7
GU191334.1	k141_53767	353	88.525	61	7	79.7
GU191334.1	k141_2860	391	93.617	47	3	72.5
GU191334.1	k141_315	703	79.630	54	11	49.1
GU191334.1	k141_46567	7231	73.333	75	20	46.4
GU191334.1	k141_25188	813	84.211	38	6	42.8
GU191334.1	k141_58307	657	80.488	41	8	39.2
