MZ962720.1	k39_16	241	97.101	69	2	116
MZ962720.1	k39_16	241	97.101	69	2	116
MH569081.1	k39_16	241	100.000	69	0	125
MH569081.1	k39_16	241	100.000	69	0	125
NC_033978.1	k39_16	241	94.203	69	4	107
NC_033978.1	k39_16	241	94.203	69	4	107
MW006668.1	k39_16	241	94.203	69	4	107
MW435436.1	k39_16	241	95.588	68	3	110
MW435436.1	k39_16	241	95.588	68	3	110
NC_037882.1	k39_16	241	97.101	69	2	116
NC_037882.1	k39_16	241	97.101	69	2	116
NC_056190.1	k39_16	241	94.203	69	4	107
NC_056190.1	k39_16	241	94.203	69	4	107
MN564931.1	k39_16	241	95.652	69	3	112
MN564931.1	k39_16	241	95.652	69	3	112
NC_031651.1	k39_16	241	97.101	69	2	116
NC_031651.1	k39_16	241	97.101	69	2	116
MW366789.1	k39_16	241	95.652	69	3	112
MW366789.1	k39_16	241	95.652	69	3	112
KT899950.1	k39_16	241	97.101	69	2	116
KT899950.1	k39_16	241	97.101	69	2	116
GU191334.1	k39_16	241	82.353	68	12	69.8
