MZ962720.1	k141_73907	24849	91.789	4920	269	7038
MZ962720.1	k141_73907	24849	91.789	4920	269	7038
MZ962720.1	k141_73907	24849	87.180	3284	232	4078
MZ962720.1	k141_73907	24849	87.180	3284	232	4078
MZ962720.1	k141_73907	24849	88.940	2631	194	3404
MZ962720.1	k141_73907	24849	88.940	2631	194	3404
MZ962720.1	k141_73907	24849	87.421	1733	174	2138
MZ962720.1	k141_73907	24849	87.421	1733	174	2138
MZ962720.1	k141_73907	24849	86.258	1761	174	2061
MZ962720.1	k141_73907	24849	86.258	1761	174	2061
MZ962720.1	k141_73907	24849	80.661	817	80	769
MZ962720.1	k141_73907	24849	86.145	332	34	389
MZ962720.1	k141_73907	24849	86.145	332	34	389
MZ962720.1	k141_73907	24849	85.223	291	39	331
MZ962720.1	k141_73907	24849	85.223	291	39	331
MZ962720.1	k141_73907	24849	79.082	392	59	327
MZ962720.1	k141_73907	24849	79.082	392	59	327
MZ962720.1	k141_73907	24849	85.039	254	26	285
MZ962720.1	k141_73907	24849	85.039	254	26	285
MZ962720.1	k141_73907	24849	74.634	410	62	264
MZ962720.1	k141_73907	24849	74.634	410	62	264
MZ962720.1	k141_73907	24849	82.591	247	26	254
MZ962720.1	k141_73907	24849	87.778	180	22	226
MZ962720.1	k141_73907	24849	87.778	180	22	226
MZ962720.1	k141_73907	24849	73.148	216	27	125
MZ962720.1	k141_73907	24849	73.148	216	27	125
MZ962720.1	k141_73907	24849	97.619	42	1	72.5
MZ962720.1	k141_73907	24849	97.619	42	1	72.5
MZ962720.1	k141_73907	24849	94.286	35	2	55.4
MZ962720.1	k141_78822	84029	78.043	8280	1500	6689
MZ962720.1	k141_78822	84029	87.426	5217	588	6423
MZ962720.1	k141_78822	84029	79.419	5753	820	4906
MZ962720.1	k141_78822	84029	91.432	2486	213	3524
MZ962720.1	k141_78822	84029	81.108	2546	400	2384
MZ962720.1	k141_78822	84029	85.606	1841	260	2126
MZ962720.1	k141_78822	84029	85.169	1625	208	1847
MZ962720.1	k141_78822	84029	79.197	1918	349	1643
MZ962720.1	k141_78822	84029	79.283	1897	328	1632
MZ962720.1	k141_78822	84029	90.786	1107	102	1537
MZ962720.1	k141_78822	84029	74.337	2225	351	1380
MZ962720.1	k141_78822	84029	74.442	2105	426	1333
MZ962720.1	k141_78822	84029	83.090	1094	133	1123
MZ962720.1	k141_78822	84029	76.018	1597	315	1121
MZ962720.1	k141_78822	84029	86.176	774	104	912
MZ962720.1	k141_78822	84029	68.418	2055	499	754
MZ962720.1	k141_78822	84029	81.073	671	106	626
MZ962720.1	k141_78822	84029	71.310	1206	246	602
MZ962720.1	k141_78822	84029	74.597	992	172	600
MZ962720.1	k141_78822	84029	85.782	422	56	477
MZ962720.1	k141_78822	84029	73.048	935	155	471
MZ962720.1	k141_78822	84029	72.845	847	148	471
MZ962720.1	k141_78822	84029	77.522	565	127	447
MZ962720.1	k141_78822	84029	77.522	565	127	447
MZ962720.1	k141_78822	84029	80.952	483	58	447
MZ962720.1	k141_78822	84029	74.378	683	97	428
MZ962720.1	k141_78822	84029	70.063	952	233	398
MZ962720.1	k141_78822	84029	67.205	1238	248	379
MZ962720.1	k141_78822	84029	72.997	674	141	361
MZ962720.1	k141_78822	84029	75.479	522	88	352
MZ962720.1	k141_78822	84029	71.918	584	134	297
MZ962720.1	k141_78822	84029	76.667	390	80	295
MZ962720.1	k141_78822	84029	75.989	379	52	291
MZ962720.1	k141_78822	84029	86.667	240	27	285
MZ962720.1	k141_78822	84029	64.599	1209	268	260
MZ962720.1	k141_78822	84029	75.862	377	59	254
MZ962720.1	k141_78822	84029	74.815	405	64	251
MZ962720.1	k141_78822	84029	82.927	246	33	250
MZ962720.1	k141_78822	84029	74.065	401	67	243
MZ962720.1	k141_78822	84029	83.810	210	25	230
MZ962720.1	k141_78822	84029	83.810	210	25	230
MZ962720.1	k141_78822	84029	71.330	436	69	224
MZ962720.1	k141_78822	84029	71.330	436	69	224
MZ962720.1	k141_78822	84029	85.165	182	26	204
MZ962720.1	k141_78822	84029	90.196	153	10	200
MZ962720.1	k141_78822	84029	72.753	356	95	198
MZ962720.1	k141_78822	84029	84.746	177	23	193
MZ962720.1	k141_78822	84029	80.676	207	32	187
MZ962720.1	k141_78822	84029	80.808	198	29	186
MZ962720.1	k141_78822	84029	80.808	198	29	186
MZ962720.1	k141_78822	84029	74.161	298	43	177
MZ962720.1	k141_78822	84029	86.395	147	20	176
MZ962720.1	k141_78822	84029	86.395	147	20	176
MZ962720.1	k141_78822	84029	82.759	174	26	174
MZ962720.1	k141_78822	84029	87.879	132	13	160
MZ962720.1	k141_78822	84029	98.864	88	1	155
MZ962720.1	k141_78822	84029	76.884	199	43	150
MZ962720.1	k141_78822	84029	74.699	249	45	150
MZ962720.1	k141_78822	84029	78.836	189	31	147
MZ962720.1	k141_78822	84029	78.836	189	31	147
MZ962720.1	k141_78822	84029	80.380	158	31	146
MZ962720.1	k141_78822	84029	80.460	174	17	145
MZ962720.1	k141_78822	84029	78.161	174	36	141
MZ962720.1	k141_78822	84029	98.750	80	1	141
MZ962720.1	k141_78822	84029	98.750	80	1	141
MZ962720.1	k141_78822	84029	79.012	162	34	140
MZ962720.1	k141_78822	84029	94.318	88	5	137
MZ962720.1	k141_78822	84029	93.182	88	6	132
MZ962720.1	k141_78822	84029	74.312	218	42	132
MZ962720.1	k141_78822	84029	79.012	162	17	128
MZ962720.1	k141_78822	84029	97.333	75	2	127
MZ962720.1	k141_78822	84029	79.452	146	20	124
MZ962720.1	k141_78822	84029	82.090	134	20	124
MZ962720.1	k141_78822	84029	69.637	303	76	120
MZ962720.1	k141_78822	84029	94.737	76	3	116
MZ962720.1	k141_78822	84029	77.931	145	23	113
MZ962720.1	k141_78822	84029	92.208	77	6	113
MZ962720.1	k141_78822	84029	78.462	130	18	104
MZ962720.1	k141_78822	84029	72.778	180	48	101
MZ962720.1	k141_78822	84029	87.059	85	10	101
MZ962720.1	k141_78822	84029	90.411	73	6	97.8
MZ962720.1	k141_78822	84029	68.151	292	77	96.0
MZ962720.1	k141_78822	84029	83.146	89	15	94.2
MZ962720.1	k141_78822	84029	83.146	89	15	94.2
MZ962720.1	k141_78822	84029	83.146	89	15	94.2
MZ962720.1	k141_78822	84029	76.613	124	29	94.2
MZ962720.1	k141_78822	84029	79.000	100	14	88.7
MZ962720.1	k141_78822	84029	71.154	156	28	86.0
MZ962720.1	k141_78822	84029	71.154	156	28	86.0
MZ962720.1	k141_78822	84029	78.022	91	17	73.4
MZ962720.1	k141_78822	84029	69.231	169	50	64.4
MZ962720.1	k141_78822	84029	80.328	61	12	57.2
MZ962720.1	k141_78822	84029	80.328	61	12	57.2
MZ962720.1	k141_78822	84029	77.273	66	15	52.7
MZ962720.1	k141_78822	84029	77.273	66	15	52.7
MZ962720.1	k141_78822	84029	75.758	66	16	48.2
MZ962720.1	k141_78822	84029	83.721	43	7	47.3
MZ962720.1	k141_78822	84029	83.721	43	7	47.3
MZ962720.1	k141_5952	18624	81.845	4346	608	4187
MZ962720.1	k141_5952	18624	81.845	4346	608	4187
MZ962720.1	k141_5952	18624	76.851	2229	480	1677
MZ962720.1	k141_5952	18624	79.060	1958	384	1662
MZ962720.1	k141_5952	18624	82.437	632	106	631
MZ962720.1	k141_5952	18624	82.437	632	106	631
MZ962720.1	k141_5952	18624	74.086	957	209	576
MZ962720.1	k141_5952	18624	80.902	377	67	347
MZ962720.1	k141_5952	18624	81.022	137	23	124
MZ962720.1	k141_5952	18624	92.683	41	3	61.7
MZ962720.1	k141_5952	18624	81.132	53	10	51.8
MZ962720.1	k141_5952	18624	86.842	38	5	47.3
MZ962720.1	k141_5952	18624	86.842	38	5	47.3
MZ962720.1	k141_35251	48907	70.823	1155	273	518
MZ962720.1	k141_35251	48907	70.823	1155	273	518
MZ962720.1	k141_35251	48907	71.493	884	214	421
MZ962720.1	k141_35251	48907	71.493	884	214	421
MZ962720.1	k141_35251	48907	74.783	230	58	154
MZ962720.1	k141_35251	48907	77.841	176	39	142
MZ962720.1	k141_35251	48907	93.407	91	6	138
MZ962720.1	k141_35251	48907	64.786	514	154	96.0
MZ962720.1	k141_35251	48907	64.786	514	154	96.0
MZ962720.1	k141_35251	48907	82.474	97	16	96.0
MZ962720.1	k141_35251	48907	82.474	97	16	96.0
MZ962720.1	k141_35251	48907	88.525	61	7	79.7
MZ962720.1	k141_35251	48907	88.525	61	7	79.7
MZ962720.1	k141_35251	48907	88.525	61	7	79.7
MZ962720.1	k141_105401	38673	69.613	724	106	314
MZ962720.1	k141_105401	38673	80.571	175	30	158
MZ962720.1	k141_105401	38673	79.412	136	28	120
MZ962720.1	k141_105401	38673	71.852	135	34	68.0
MZ962720.1	k141_4232	462	79.722	360	57	304
MZ962720.1	k141_4232	462	79.722	360	57	304
MZ962720.1	k141_4232	462	75.524	286	54	188
MZ962720.1	k141_76499	5906	66.302	822	238	220
MZ962720.1	k141_10381	439	98.824	85	1	150
MZ962720.1	k141_10381	439	98.824	85	1	150
MZ962720.1	k141_112953	60322	97.500	80	2	136
MZ962720.1	k141_112953	60322	97.500	80	2	136
MZ962720.1	k141_112953	60322	92.308	78	6	114
MZ962720.1	k141_112953	60322	82.432	74	13	76.1
MZ962720.1	k141_81195	6190	96.341	82	3	135
MZ962720.1	k141_81195	6190	96.341	82	3	135
MZ962720.1	k141_42454	6126	89.855	69	7	94.2
MZ962720.1	k141_33238	20074	71.508	179	47	88.7
MZ962720.1	k141_33238	20074	71.508	179	47	88.7
MZ962720.1	k141_36858	622	90.909	55	5	77.9
MZ962720.1	k141_36858	622	90.909	55	5	77.9
MZ962720.1	k141_36858	622	90.909	55	5	77.9
MZ962720.1	k141_17287	345	81.333	75	14	73.4
MZ962720.1	k141_17287	345	79.730	74	15	67.1
MZ962720.1	k141_84905	1228	86.207	58	8	69.8
MZ962720.1	k141_101371	472	65.436	298	90	68.0
MZ962720.1	k141_113946	386	91.304	46	4	66.2
MZ962720.1	k141_113946	386	91.304	46	4	66.2
MZ962720.1	k141_14427	1159	92.683	41	3	61.7
MZ962720.1	k141_14427	1159	92.683	41	3	61.7
MZ962720.1	k141_28069	413	81.034	58	11	56.3
MZ962720.1	k141_28069	413	81.034	58	11	56.3
MZ962720.1	k141_69062	599	87.500	40	5	50.9
MH569081.1	k141_73907	24849	91.982	5974	311	8559
MH569081.1	k141_73907	24849	91.982	5974	311	8559
MH569081.1	k141_73907	24849	91.340	4515	248	6360
MH569081.1	k141_73907	24849	91.340	4515	248	6360
MH569081.1	k141_73907	24849	89.987	2287	126	3064
MH569081.1	k141_73907	24849	89.987	2287	126	3064
MH569081.1	k141_73907	24849	90.132	2047	178	2758
MH569081.1	k141_73907	24849	90.132	2047	178	2758
MH569081.1	k141_73907	24849	81.264	886	132	840
MH569081.1	k141_73907	24849	81.264	886	132	840
MH569081.1	k141_73907	24849	79.508	854	114	708
MH569081.1	k141_73907	24849	79.508	854	114	708
MH569081.1	k141_73907	24849	78.363	684	85	570
MH569081.1	k141_73907	24849	78.363	684	85	570
MH569081.1	k141_73907	24849	82.875	473	51	480
MH569081.1	k141_73907	24849	82.875	473	51	480
MH569081.1	k141_73907	24849	76.336	393	31	333
MH569081.1	k141_73907	24849	76.336	393	31	333
MH569081.1	k141_73907	24849	86.047	129	14	151
MH569081.1	k141_73907	24849	86.047	129	14	151
MH569081.1	k141_73907	24849	78.431	102	17	81.5
MH569081.1	k141_73907	24849	94.340	53	2	79.7
MH569081.1	k141_73907	24849	94.340	53	2	79.7
MH569081.1	k141_73907	24849	95.238	42	2	68.0
MH569081.1	k141_73907	24849	95.238	42	2	68.0
MH569081.1	k141_73907	24849	92.308	39	3	58.1
MH569081.1	k141_78822	84029	87.180	5437	635	6616
MH569081.1	k141_78822	84029	78.126	7438	1199	5919
MH569081.1	k141_78822	84029	81.457	3705	592	3576
MH569081.1	k141_78822	84029	87.831	2646	311	3308
MH569081.1	k141_78822	84029	79.436	3336	586	2920
MH569081.1	k141_78822	84029	81.733	2343	360	2277
MH569081.1	k141_78822	84029	84.611	1826	278	2025
MH569081.1	k141_78822	84029	87.434	1512	190	1871
MH569081.1	k141_78822	84029	83.057	1747	253	1801
MH569081.1	k141_78822	84029	86.757	1480	153	1753
MH569081.1	k141_78822	84029	81.324	1767	268	1706
MH569081.1	k141_78822	84029	78.550	1986	334	1641
MH569081.1	k141_78822	84029	77.438	2092	281	1583
MH569081.1	k141_78822	84029	73.529	2278	512	1355
MH569081.1	k141_78822	84029	76.441	1596	280	1167
MH569081.1	k141_78822	84029	85.363	1018	115	1164
MH569081.1	k141_78822	84029	72.280	1645	331	875
MH569081.1	k141_78822	84029	70.993	1934	469	875
MH569081.1	k141_78822	84029	76.538	959	141	683
MH569081.1	k141_78822	84029	78.468	757	144	612
MH569081.1	k141_78822	84029	80.831	626	103	590
MH569081.1	k141_78822	84029	79.085	612	90	512
MH569081.1	k141_78822	84029	68.440	1391	275	511
MH569081.1	k141_78822	84029	78.234	657	107	492
MH569081.1	k141_78822	84029	71.396	874	129	424
MH569081.1	k141_78822	84029	75.110	683	123	418
MH569081.1	k141_78822	84029	88.608	316	33	407
MH569081.1	k141_78822	84029	73.314	697	116	388
MH569081.1	k141_78822	84029	87.458	295	34	360
MH569081.1	k141_78822	84029	72.097	577	128	305
MH569081.1	k141_78822	84029	85.171	263	35	294
MH569081.1	k141_78822	84029	70.588	663	113	288
MH569081.1	k141_78822	84029	79.421	311	55	268
MH569081.1	k141_78822	84029	71.647	589	122	265
MH569081.1	k141_78822	84029	75.946	370	57	264
MH569081.1	k141_78822	84029	82.836	268	34	260
MH569081.1	k141_78822	84029	78.481	316	55	253
MH569081.1	k141_78822	84029	78.481	316	55	253
MH569081.1	k141_78822	84029	77.580	281	63	224
MH569081.1	k141_78822	84029	84.729	203	27	217
MH569081.1	k141_78822	84029	85.955	178	25	209
MH569081.1	k141_78822	84029	76.871	294	54	201
MH569081.1	k141_78822	84029	80.788	203	39	191
MH569081.1	k141_78822	84029	77.682	233	52	187
MH569081.1	k141_78822	84029	81.034	174	31	159
MH569081.1	k141_78822	84029	85.417	144	15	158
MH569081.1	k141_78822	84029	91.667	108	8	151
MH569081.1	k141_78822	84029	100.000	80	0	145
MH569081.1	k141_78822	84029	100.000	80	0	145
MH569081.1	k141_78822	84029	75.980	204	39	134
MH569081.1	k141_78822	84029	90.099	101	9	134
MH569081.1	k141_78822	84029	76.970	165	38	127
MH569081.1	k141_78822	84029	89.247	93	10	123
MH569081.1	k141_78822	84029	89.247	93	10	123
MH569081.1	k141_78822	84029	75.287	174	32	117
MH569081.1	k141_78822	84029	93.333	75	5	113
MH569081.1	k141_78822	84029	73.889	180	44	112
MH569081.1	k141_78822	84029	67.638	309	84	104
MH569081.1	k141_78822	84029	72.105	190	40	103
MH569081.1	k141_78822	84029	84.615	78	11	84.2
MH569081.1	k141_78822	84029	83.784	74	12	80.6
MH569081.1	k141_78822	84029	95.556	45	2	73.4
MH569081.1	k141_78822	84029	95.556	45	2	73.4
MH569081.1	k141_78822	84029	67.241	232	72	62.6
MH569081.1	k141_78822	84029	78.571	70	15	59.9
MH569081.1	k141_78822	84029	81.633	49	9	49.1
MH569081.1	k141_78822	84029	68.966	116	36	48.2
MH569081.1	k141_5952	18624	78.357	4334	718	3507
MH569081.1	k141_5952	18624	81.541	1934	333	1874
MH569081.1	k141_5952	18624	77.315	2235	454	1730
MH569081.1	k141_5952	18624	76.216	1110	237	787
MH569081.1	k141_5952	18624	75.434	1152	219	779
MH569081.1	k141_5952	18624	77.138	538	84	407
MH569081.1	k141_5952	18624	69.577	378	90	155
MH569081.1	k141_5952	18624	69.577	378	90	155
MH569081.1	k141_5952	18624	83.099	142	19	144
MH569081.1	k141_5952	18624	93.617	47	2	68.9
MH569081.1	k141_5952	18624	93.617	47	2	68.9
MH569081.1	k141_5952	18624	92.857	42	3	63.5
MH569081.1	k141_5952	18624	87.500	40	5	50.9
MH569081.1	k141_5952	18624	87.500	40	5	50.9
MH569081.1	k141_5952	18624	80.392	51	10	48.2
MH569081.1	k141_35251	48907	71.069	1151	273	521
MH569081.1	k141_35251	48907	71.069	1151	273	521
MH569081.1	k141_35251	48907	71.804	876	218	434
MH569081.1	k141_35251	48907	71.804	876	218	434
MH569081.1	k141_35251	48907	77.143	280	47	214
MH569081.1	k141_35251	48907	77.586	174	39	139
MH569081.1	k141_35251	48907	74.641	209	51	132
MH569081.1	k141_35251	48907	74.641	209	51	132
MH569081.1	k141_35251	48907	98.667	75	1	132
MH569081.1	k141_35251	48907	80.412	97	19	90.6
MH569081.1	k141_35251	48907	80.412	97	19	90.6
MH569081.1	k141_35251	48907	90.164	61	6	84.2
MH569081.1	k141_35251	48907	90.164	61	6	84.2
MH569081.1	k141_35251	48907	71.338	157	40	72.5
MH569081.1	k141_35251	48907	71.338	157	40	72.5
MH569081.1	k141_35251	48907	80.488	41	8	39.2
MH569081.1	k141_105401	38673	73.608	898	161	512
MH569081.1	k141_105401	38673	83.704	135	22	145
MH569081.1	k141_105401	38673	73.832	107	26	60.8
MH569081.1	k141_4232	462	80.833	360	53	322
MH569081.1	k141_4232	462	80.833	360	53	322
MH569081.1	k141_76499	5906	73.474	426	111	252
MH569081.1	k141_76499	5906	75.281	89	22	62.6
MH569081.1	k141_10381	439	97.647	85	2	145
MH569081.1	k141_10381	439	97.647	85	2	145
MH569081.1	k141_81195	6190	97.561	82	2	140
MH569081.1	k141_81195	6190	97.561	82	2	140
MH569081.1	k141_112953	60322	95.294	85	4	136
MH569081.1	k141_112953	60322	95.294	85	4	136
MH569081.1	k141_112953	60322	94.521	73	4	114
MH569081.1	k141_112953	60322	80.000	70	14	64.4
MH569081.1	k141_6467	318	83.333	102	16	104
MH569081.1	k141_6467	318	83.333	102	16	104
MH569081.1	k141_77594	322	82.796	93	16	96.9
MH569081.1	k141_42454	6126	89.855	69	7	94.2
MH569081.1	k141_33238	20074	72.067	179	46	93.3
MH569081.1	k141_33238	20074	72.067	179	46	93.3
MH569081.1	k141_101371	472	65.705	312	94	84.2
MH569081.1	k141_36858	622	92.727	55	4	82.4
MH569081.1	k141_36858	622	92.727	55	4	82.4
MH569081.1	k141_17287	345	85.507	69	10	80.6
MH569081.1	k141_17287	345	79.730	74	15	67.1
MH569081.1	k141_84905	1228	86.207	58	8	69.8
MH569081.1	k141_113946	386	91.304	46	4	66.2
MH569081.1	k141_113946	386	91.304	46	4	66.2
MH569081.1	k141_28069	413	78.947	57	12	50.0
MH569081.1	k141_28069	413	78.947	57	12	50.0
MH569081.1	k141_69062	599	85.366	41	6	48.2
NC_033978.1	k141_78822	84029	84.314	14102	1686	15478
NC_033978.1	k141_78822	84029	88.609	8296	663	10649
NC_033978.1	k141_78822	84029	80.905	10537	1198	9823
NC_033978.1	k141_78822	84029	86.225	4617	416	5464
NC_033978.1	k141_78822	84029	84.381	4629	549	5070
NC_033978.1	k141_78822	84029	88.350	3399	294	4311
NC_033978.1	k141_78822	84029	85.497	2965	278	3470
NC_033978.1	k141_78822	84029	83.093	2632	321	2713
NC_033978.1	k141_78822	84029	86.498	1933	189	2325
NC_033978.1	k141_78822	84029	79.679	2554	352	2264
NC_033978.1	k141_78822	84029	78.230	2701	459	2197
NC_033978.1	k141_78822	84029	92.454	1312	77	1913
NC_033978.1	k141_78822	84029	84.352	1604	206	1757
NC_033978.1	k141_78822	84029	91.336	1085	71	1518
NC_033978.1	k141_78822	84029	76.158	1921	251	1393
NC_033978.1	k141_78822	84029	81.964	1181	151	1145
NC_033978.1	k141_78822	84029	82.291	1039	125	1021
NC_033978.1	k141_78822	84029	76.240	1351	203	948
NC_033978.1	k141_78822	84029	77.141	1273	164	928
NC_033978.1	k141_78822	84029	82.545	951	86	918
NC_033978.1	k141_78822	84029	79.133	1107	147	901
NC_033978.1	k141_78822	84029	76.950	846	137	618
NC_033978.1	k141_78822	84029	73.908	870	132	537
NC_033978.1	k141_78822	84029	80.527	493	51	462
NC_033978.1	k141_78822	84029	74.629	674	80	446
NC_033978.1	k141_78822	84029	72.484	636	105	345
NC_033978.1	k141_78822	84029	76.724	348	43	284
NC_033978.1	k141_78822	84029	74.848	330	45	229
NC_033978.1	k141_78822	84029	73.611	360	54	227
NC_033978.1	k141_78822	84029	73.475	377	67	205
NC_033978.1	k141_78822	84029	84.076	157	9	177
NC_033978.1	k141_78822	84029	95.833	96	2	153
NC_033978.1	k141_78822	84029	87.603	121	9	152
NC_033978.1	k141_78822	84029	82.979	141	17	144
NC_033978.1	k141_78822	84029	81.746	126	23	124
NC_033978.1	k141_78822	84029	83.838	99	8	110
NC_033978.1	k141_78822	84029	78.571	126	27	106
NC_033978.1	k141_78822	84029	97.561	41	1	70.7
NC_033978.1	k141_78822	84029	97.561	41	1	70.7
NC_033978.1	k141_78822	84029	97.500	40	1	68.9
NC_033978.1	k141_78822	84029	74.242	66	17	43.7
NC_033978.1	k141_73907	24849	95.417	5673	159	9019
NC_033978.1	k141_73907	24849	95.417	5673	159	9019
NC_033978.1	k141_73907	24849	94.374	4799	154	7466
NC_033978.1	k141_73907	24849	94.374	4799	154	7466
NC_033978.1	k141_73907	24849	92.920	4802	211	7172
NC_033978.1	k141_73907	24849	92.920	4802	211	7172
NC_033978.1	k141_73907	24849	93.134	4282	203	6439
NC_033978.1	k141_73907	24849	93.516	4164	195	6329
NC_033978.1	k141_73907	24849	95.988	3016	96	4858
NC_033978.1	k141_73907	24849	95.988	3016	96	4858
NC_033978.1	k141_73907	24849	93.313	972	53	1462
NC_033978.1	k141_73907	24849	93.313	972	53	1462
NC_033978.1	k141_73907	24849	85.729	1002	74	1176
NC_033978.1	k141_73907	24849	85.729	1002	74	1176
NC_033978.1	k141_73907	24849	90.741	54	5	76.1
NC_033978.1	k141_73907	24849	90.741	54	5	76.1
NC_033978.1	k141_73907	24849	100.000	39	0	71.6
NC_033978.1	k141_73907	24849	92.857	42	3	63.5
NC_033978.1	k141_73907	24849	86.842	38	5	47.3
NC_033978.1	k141_5952	18624	81.526	4877	654	4695
NC_033978.1	k141_5952	18624	82.193	4633	552	4653
NC_033978.1	k141_5952	18624	82.343	2475	359	2492
NC_033978.1	k141_5952	18624	71.780	1910	369	1038
NC_033978.1	k141_5952	18624	76.569	781	126	577
NC_033978.1	k141_5952	18624	86.626	329	32	389
NC_033978.1	k141_5952	18624	86.626	329	32	389
NC_033978.1	k141_5952	18624	75.820	488	102	336
NC_033978.1	k141_5952	18624	83.333	288	39	285
NC_033978.1	k141_5952	18624	92.908	141	10	210
NC_033978.1	k141_5952	18624	92.908	141	10	210
NC_033978.1	k141_5952	18624	79.856	139	26	118
NC_033978.1	k141_5952	18624	79.310	87	15	70.7
NC_033978.1	k141_5952	18624	95.238	42	2	68.0
NC_033978.1	k141_5952	18624	97.436	39	1	67.1
NC_033978.1	k141_5952	18624	97.436	39	1	67.1
NC_033978.1	k141_5952	18624	82.353	51	9	52.7
NC_033978.1	k141_5952	18624	86.842	38	5	47.3
NC_033978.1	k141_5952	18624	86.842	38	5	47.3
NC_033978.1	k141_105401	38673	74.231	1203	202	712
NC_033978.1	k141_105401	38673	84.783	138	21	155
NC_033978.1	k141_105401	38673	78.750	80	17	68.9
NC_033978.1	k141_35251	48907	72.304	881	205	444
NC_033978.1	k141_35251	48907	72.304	881	205	444
NC_033978.1	k141_35251	48907	74.812	532	123	348
NC_033978.1	k141_35251	48907	74.812	532	123	348
NC_033978.1	k141_35251	48907	86.806	288	34	348
NC_033978.1	k141_35251	48907	82.875	327	44	326
NC_033978.1	k141_35251	48907	74.946	467	95	286
NC_033978.1	k141_35251	48907	74.946	467	95	286
NC_033978.1	k141_35251	48907	78.788	264	54	217
NC_033978.1	k141_35251	48907	78.788	264	54	217
NC_033978.1	k141_35251	48907	85.714	126	16	144
NC_033978.1	k141_35251	48907	65.444	518	146	108
NC_033978.1	k141_35251	48907	65.444	518	146	108
NC_033978.1	k141_35251	48907	86.885	61	8	75.2
NC_033978.1	k141_35251	48907	86.885	61	8	75.2
NC_033978.1	k141_35251	48907	78.723	47	10	41.0
NC_033978.1	k141_4232	462	80.556	360	54	317
NC_033978.1	k141_4232	462	80.556	360	54	317
NC_033978.1	k141_76499	5906	67.050	783	219	240
NC_033978.1	k141_10381	439	100.000	87	0	158
NC_033978.1	k141_10381	439	100.000	87	0	158
NC_033978.1	k141_112953	60322	98.795	83	1	146
NC_033978.1	k141_112953	60322	98.795	83	1	146
NC_033978.1	k141_112953	60322	93.671	79	5	121
NC_033978.1	k141_112953	60322	80.620	129	21	120
NC_033978.1	k141_81195	6190	97.561	82	2	140
NC_033978.1	k141_6467	318	86.441	118	15	138
NC_033978.1	k141_6467	318	86.441	118	15	138
NC_033978.1	k141_77594	322	91.398	93	8	132
NC_033978.1	k141_42454	6126	97.101	69	2	116
NC_033978.1	k141_17287	345	90.667	75	7	104
NC_033978.1	k141_17287	345	77.027	74	17	58.1
NC_033978.1	k141_84905	1228	96.552	58	2	96.9
NC_033978.1	k141_68322	390	80.392	102	20	95.1
NC_033978.1	k141_33238	20074	71.978	182	47	94.2
NC_033978.1	k141_33238	20074	71.978	182	47	94.2
NC_033978.1	k141_14427	1159	98.113	53	1	92.4
NC_033978.1	k141_14427	1159	98.113	53	1	92.4
NC_033978.1	k141_36858	622	96.364	55	2	91.5
NC_033978.1	k141_36858	622	96.364	55	2	91.5
NC_033978.1	k141_110344	462	85.333	75	10	83.3
NC_033978.1	k141_73013	452	86.765	68	8	79.7
NC_033978.1	k141_101371	472	65.075	335	96	78.8
NC_033978.1	k141_113946	386	92.000	50	4	73.4
NC_033978.1	k141_113946	386	92.000	50	4	73.4
NC_033978.1	k141_45726	576	97.561	41	1	70.7
NC_033978.1	k141_45726	576	97.561	41	1	70.7
NC_033978.1	k141_90878	375	85.000	60	9	68.9
NC_033978.1	k141_69062	599	92.857	42	3	63.5
NC_033978.1	k141_28069	413	83.019	53	9	56.3
NC_033978.1	k141_28069	413	83.019	53	9	56.3
NC_033978.1	k141_21505	490	78.000	50	11	41.9
MW006668.1	k141_78822	84029	84.151	9338	1209	10160
MW006668.1	k141_78822	84029	91.354	5563	391	7851
MW006668.1	k141_78822	84029	86.039	4663	496	5461
MW006668.1	k141_78822	84029	81.900	5442	656	5319
MW006668.1	k141_78822	84029	86.119	4200	366	4939
MW006668.1	k141_78822	84029	84.699	3882	378	4306
MW006668.1	k141_78822	84029	87.268	3236	372	3975
MW006668.1	k141_78822	84029	79.994	3249	438	2868
MW006668.1	k141_78822	84029	80.362	3147	474	2862
MW006668.1	k141_78822	84029	90.633	1847	151	2540
MW006668.1	k141_78822	84029	77.582	3185	455	2507
MW006668.1	k141_78822	84029	86.305	2103	213	2468
MW006668.1	k141_78822	84029	87.698	1959	205	2443
MW006668.1	k141_78822	84029	89.482	1835	182	2436
MW006668.1	k141_78822	84029	74.407	3036	427	1986
MW006668.1	k141_78822	84029	79.686	1846	303	1623
MW006668.1	k141_78822	84029	92.787	915	57	1348
MW006668.1	k141_78822	84029	92.787	915	57	1348
MW006668.1	k141_78822	84029	76.735	1715	208	1305
MW006668.1	k141_78822	84029	77.213	1593	231	1302
MW006668.1	k141_78822	84029	75.986	1699	219	1211
MW006668.1	k141_78822	84029	80.309	1229	154	1084
MW006668.1	k141_78822	84029	80.309	1229	154	1084
MW006668.1	k141_78822	84029	81.886	1071	152	1037
MW006668.1	k141_78822	84029	74.112	1464	207	925
MW006668.1	k141_78822	84029	86.926	719	74	851
MW006668.1	k141_78822	84029	78.691	718	114	614
MW006668.1	k141_78822	84029	78.691	718	114	614
MW006668.1	k141_78822	84029	76.307	861	128	599
MW006668.1	k141_78822	84029	85.933	327	38	377
MW006668.1	k141_78822	84029	85.933	327	38	377
MW006668.1	k141_78822	84029	83.140	344	43	346
MW006668.1	k141_78822	84029	71.380	594	105	288
MW006668.1	k141_78822	84029	67.614	704	117	243
MW006668.1	k141_78822	84029	73.383	402	72	230
MW006668.1	k141_78822	84029	71.467	375	35	228
MW006668.1	k141_78822	84029	75.976	333	67	225
MW006668.1	k141_78822	84029	78.947	266	44	221
MW006668.1	k141_78822	84029	69.907	432	92	205
MW006668.1	k141_78822	84029	81.517	211	31	190
MW006668.1	k141_78822	84029	80.402	199	31	178
MW006668.1	k141_78822	84029	81.188	202	26	178
MW006668.1	k141_78822	84029	85.417	144	20	162
MW006668.1	k141_78822	84029	76.712	219	35	158
MW006668.1	k141_78822	84029	94.937	79	4	125
MW006668.1	k141_78822	84029	94.937	79	4	125
MW006668.1	k141_78822	84029	87.629	97	11	118
MW006668.1	k141_78822	84029	80.159	126	25	115
MW006668.1	k141_78822	84029	74.118	170	44	109
MW006668.1	k141_78822	84029	67.391	322	91	107
MW006668.1	k141_78822	84029	86.420	81	11	97.8
MW006668.1	k141_78822	84029	85.938	64	9	76.1
MW006668.1	k141_78822	84029	85.938	64	9	76.1
MW006668.1	k141_78822	84029	93.878	49	3	76.1
MW006668.1	k141_78822	84029	93.878	49	3	76.1
MW006668.1	k141_78822	84029	97.561	41	1	70.7
MW006668.1	k141_78822	84029	84.211	57	9	63.5
MW006668.1	k141_78822	84029	84.211	57	9	63.5
MW006668.1	k141_78822	84029	89.362	47	5	63.5
MW006668.1	k141_78822	84029	94.872	39	2	62.6
MW006668.1	k141_78822	84029	67.539	191	60	59.0
MW006668.1	k141_78822	84029	85.366	41	6	48.2
MW006668.1	k141_78822	84029	74.194	62	16	41.0
MW006668.1	k141_73907	24849	94.473	5609	167	8698
MW006668.1	k141_73907	24849	94.473	5609	167	8698
MW006668.1	k141_73907	24849	90.091	5369	375	7282
MW006668.1	k141_73907	24849	96.393	2495	63	4074
MW006668.1	k141_73907	24849	96.393	2495	63	4074
MW006668.1	k141_73907	24849	73.987	2887	415	1813
MW006668.1	k141_73907	24849	77.874	1392	165	1094
MW006668.1	k141_73907	24849	87.013	693	59	859
MW006668.1	k141_73907	24849	89.116	588	61	762
MW006668.1	k141_73907	24849	89.286	364	18	491
MW006668.1	k141_73907	24849	89.286	364	18	491
MW006668.1	k141_73907	24849	75.891	589	89	421
MW006668.1	k141_73907	24849	87.410	278	27	343
MW006668.1	k141_73907	24849	87.410	278	27	343
MW006668.1	k141_73907	24849	84.354	147	14	161
MW006668.1	k141_73907	24849	84.354	147	14	161
MW006668.1	k141_73907	24849	84.559	136	12	150
MW006668.1	k141_73907	24849	64.557	553	142	104
MW006668.1	k141_73907	24849	64.557	553	142	104
MW006668.1	k141_73907	24849	81.905	105	15	104
MW006668.1	k141_73907	24849	88.525	61	7	79.7
MW006668.1	k141_73907	24849	88.525	61	7	79.7
MW006668.1	k141_73907	24849	100.000	42	0	77.0
MW006668.1	k141_73907	24849	100.000	42	0	77.0
MW006668.1	k141_73907	24849	69.189	185	45	77.0
MW006668.1	k141_73907	24849	67.686	229	57	73.4
MW006668.1	k141_73907	24849	67.686	229	57	73.4
MW006668.1	k141_73907	24849	67.760	183	47	71.6
MW006668.1	k141_73907	24849	67.760	183	47	71.6
MW006668.1	k141_73907	24849	67.760	183	47	71.6
MW006668.1	k141_73907	24849	67.760	183	47	71.6
MW006668.1	k141_73907	24849	92.857	42	3	63.5
MW006668.1	k141_73907	24849	85.417	48	7	56.3
MW006668.1	k141_73907	24849	76.923	65	15	50.9
MW006668.1	k141_73907	24849	76.923	65	15	50.9
MW006668.1	k141_73907	24849	76.923	65	15	50.9
MW006668.1	k141_73907	24849	76.923	65	15	50.9
MW006668.1	k141_73907	24849	86.842	38	5	47.3
MW006668.1	k141_5952	18624	86.082	4433	452	5182
MW006668.1	k141_5952	18624	86.082	4433	452	5182
MW006668.1	k141_5952	18624	83.740	4834	616	5134
MW006668.1	k141_5952	18624	83.740	4834	616	5134
MW006668.1	k141_5952	18624	80.647	2320	425	2150
MW006668.1	k141_5952	18624	87.281	228	29	281
MW006668.1	k141_5952	18624	87.281	228	29	281
MW006668.1	k141_5952	18624	88.550	131	14	166
MW006668.1	k141_5952	18624	88.525	61	7	79.7
MW006668.1	k141_5952	18624	88.525	61	7	79.7
MW006668.1	k141_5952	18624	88.525	61	7	79.7
MW006668.1	k141_5952	18624	88.525	61	7	79.7
MW006668.1	k141_5952	18624	85.246	61	9	70.7
MW006668.1	k141_5952	18624	85.246	61	9	70.7
MW006668.1	k141_5952	18624	85.246	61	9	70.7
MW006668.1	k141_5952	18624	85.246	61	9	70.7
MW006668.1	k141_5952	18624	95.238	42	2	68.0
MW006668.1	k141_5952	18624	83.871	62	10	68.0
MW006668.1	k141_5952	18624	97.436	39	1	67.1
MW006668.1	k141_5952	18624	83.607	61	10	66.2
MW006668.1	k141_5952	18624	83.607	61	10	66.2
MW006668.1	k141_5952	18624	83.607	61	10	66.2
MW006668.1	k141_5952	18624	83.607	61	10	66.2
MW006668.1	k141_5952	18624	83.607	61	10	66.2
MW006668.1	k141_5952	18624	83.607	61	10	66.2
MW006668.1	k141_5952	18624	83.607	61	10	66.2
MW006668.1	k141_5952	18624	83.607	61	10	66.2
MW006668.1	k141_5952	18624	85.455	55	8	64.4
MW006668.1	k141_5952	18624	85.455	55	8	64.4
MW006668.1	k141_5952	18624	83.636	55	9	59.9
MW006668.1	k141_5952	18624	83.636	55	9	59.9
MW006668.1	k141_5952	18624	83.636	55	9	59.9
MW006668.1	k141_5952	18624	83.636	55	9	59.9
MW006668.1	k141_5952	18624	83.636	55	9	59.9
MW006668.1	k141_5952	18624	83.636	55	9	59.9
MW006668.1	k141_5952	18624	83.636	55	9	59.9
MW006668.1	k141_5952	18624	83.636	55	9	59.9
MW006668.1	k141_5952	18624	83.636	55	9	59.9
MW006668.1	k141_5952	18624	83.636	55	9	59.9
MW006668.1	k141_5952	18624	89.474	38	4	51.8
MW006668.1	k141_5952	18624	80.392	51	10	48.2
MW006668.1	k141_105401	38673	78.433	983	139	780
MW006668.1	k141_105401	38673	83.217	143	24	150
MW006668.1	k141_105401	38673	72.932	133	34	71.6
MW006668.1	k141_35251	48907	71.412	885	207	421
MW006668.1	k141_35251	48907	71.412	885	207	421
MW006668.1	k141_35251	48907	74.436	532	125	339
MW006668.1	k141_35251	48907	74.436	532	125	339
MW006668.1	k141_35251	48907	74.518	467	103	276
MW006668.1	k141_35251	48907	74.518	467	103	276
MW006668.1	k141_35251	48907	82.117	274	42	271
MW006668.1	k141_35251	48907	81.070	243	40	224
MW006668.1	k141_35251	48907	78.788	264	54	217
MW006668.1	k141_35251	48907	78.788	264	54	217
MW006668.1	k141_35251	48907	97.701	87	2	149
MW006668.1	k141_35251	48907	75.556	135	31	93.3
MW006668.1	k141_35251	48907	75.556	135	31	93.3
MW006668.1	k141_35251	48907	64.479	518	146	86.0
MW006668.1	k141_35251	48907	64.479	518	146	86.0
MW006668.1	k141_35251	48907	85.246	61	9	70.7
MW006668.1	k141_35251	48907	85.246	61	9	70.7
MW006668.1	k141_4232	462	78.356	365	63	290
MW006668.1	k141_4232	462	78.356	365	63	290
MW006668.1	k141_76499	5906	66.316	760	217	221
MW006668.1	k141_10381	439	97.647	85	2	145
MW006668.1	k141_10381	439	97.647	85	2	145
MW006668.1	k141_112953	60322	96.386	83	3	137
MW006668.1	k141_112953	60322	96.386	83	3	137
MW006668.1	k141_112953	60322	93.671	79	5	121
MW006668.1	k141_112953	60322	75.194	129	28	88.7
MW006668.1	k141_112953	60322	75.194	129	28	88.7
MW006668.1	k141_81195	6190	94.937	79	4	125
MW006668.1	k141_81195	6190	94.937	79	4	125
MW006668.1	k141_17287	345	92.105	76	6	111
MW006668.1	k141_42454	6126	92.754	69	5	103
MW006668.1	k141_77594	322	81.720	93	17	92.4
MW006668.1	k141_36858	622	96.364	55	2	91.5
MW006668.1	k141_36858	622	96.364	55	2	91.5
MW006668.1	k141_101371	472	66.026	312	93	88.7
MW006668.1	k141_33238	20074	70.556	180	53	86.9
MW006668.1	k141_84905	1228	91.379	58	5	83.3
MW006668.1	k141_5899	2730	80.000	90	18	82.4
MW006668.1	k141_73013	452	89.286	56	6	75.2
MW006668.1	k141_95732	396	92.683	41	3	61.7
MW006668.1	k141_95732	396	92.683	41	3	61.7
MW006668.1	k141_28069	413	83.333	48	8	51.8
MW006668.1	k141_21505	490	82.000	50	9	50.9
MW435436.1	k141_78822	84029	84.323	10480	1378	11520
MW435436.1	k141_78822	84029	91.773	5470	380	7841
MW435436.1	k141_78822	84029	83.162	7501	892	7794
MW435436.1	k141_78822	84029	81.686	6787	806	6539
MW435436.1	k141_78822	84029	85.441	3922	417	4449
MW435436.1	k141_78822	84029	81.283	4552	631	4333
MW435436.1	k141_78822	84029	79.981	4191	588	3714
MW435436.1	k141_78822	84029	80.699	3891	509	3620
MW435436.1	k141_78822	84029	86.014	2953	300	3462
MW435436.1	k141_78822	84029	76.197	3466	514	2492
MW435436.1	k141_78822	84029	86.932	1982	221	2379
MW435436.1	k141_78822	84029	87.388	1903	200	2342
MW435436.1	k141_78822	84029	80.017	2322	255	2082
MW435436.1	k141_78822	84029	77.036	2038	338	1535
MW435436.1	k141_78822	84029	78.171	1214	138	1038
MW435436.1	k141_78822	84029	79.038	1226	201	1022
MW435436.1	k141_78822	84029	74.901	1510	234	993
MW435436.1	k141_78822	84029	78.468	1175	192	926
MW435436.1	k141_78822	84029	76.613	1116	163	781
MW435436.1	k141_78822	84029	80.828	725	98	651
MW435436.1	k141_78822	84029	89.419	482	49	633
MW435436.1	k141_78822	84029	79.710	552	88	477
MW435436.1	k141_78822	84029	86.510	341	36	408
MW435436.1	k141_78822	84029	86.510	341	36	408
MW435436.1	k141_78822	84029	74.299	642	83	398
MW435436.1	k141_78822	84029	71.605	729	116	379
MW435436.1	k141_78822	84029	75.055	457	68	294
MW435436.1	k141_78822	84029	69.532	663	113	285
MW435436.1	k141_78822	84029	86.935	199	20	239
MW435436.1	k141_78822	84029	90.476	147	8	199
MW435436.1	k141_78822	84029	83.240	179	28	186
MW435436.1	k141_78822	84029	84.314	153	12	166
MW435436.1	k141_78822	84029	84.314	153	12	166
MW435436.1	k141_78822	84029	93.548	93	6	141
MW435436.1	k141_78822	84029	78.788	165	35	141
MW435436.1	k141_78822	84029	83.212	137	12	141
MW435436.1	k141_78822	84029	97.468	79	2	134
MW435436.1	k141_78822	84029	85.586	111	13	123
MW435436.1	k141_78822	84029	67.976	331	90	112
MW435436.1	k141_78822	84029	76.871	147	20	107
MW435436.1	k141_78822	84029	85.526	76	11	88.7
MW435436.1	k141_78822	84029	97.561	41	1	70.7
MW435436.1	k141_78822	84029	97.561	41	1	70.7
MW435436.1	k141_78822	84029	74.194	62	16	41.0
MW435436.1	k141_73907	24849	95.828	5297	130	8571
MW435436.1	k141_73907	24849	95.828	5297	130	8571
MW435436.1	k141_73907	24849	92.578	5699	229	8366
MW435436.1	k141_73907	24849	92.578	5699	229	8366
MW435436.1	k141_73907	24849	92.003	4802	249	6970
MW435436.1	k141_73907	24849	92.003	4802	249	6970
MW435436.1	k141_73907	24849	93.514	4255	212	6442
MW435436.1	k141_73907	24849	93.514	4255	212	6442
MW435436.1	k141_73907	24849	92.776	3613	132	5352
MW435436.1	k141_73907	24849	92.776	3613	132	5352
MW435436.1	k141_73907	24849	94.326	987	41	1528
MW435436.1	k141_73907	24849	94.326	987	41	1528
MW435436.1	k141_73907	24849	79.427	384	40	323
MW435436.1	k141_73907	24849	79.427	384	40	323
MW435436.1	k141_73907	24849	95.238	42	2	68.0
MW435436.1	k141_73907	24849	92.308	39	3	58.1
MW435436.1	k141_5952	18624	82.638	4458	571	4562
MW435436.1	k141_5952	18624	81.590	3308	522	3173
MW435436.1	k141_5952	18624	81.551	2282	381	2223
MW435436.1	k141_5952	18624	81.080	2019	341	1920
MW435436.1	k141_5952	18624	79.093	1301	205	1104
MW435436.1	k141_5952	18624	69.775	1909	438	859
MW435436.1	k141_5952	18624	74.431	747	136	473
MW435436.1	k141_5952	18624	87.538	329	29	411
MW435436.1	k141_5952	18624	87.538	329	29	411
MW435436.1	k141_5952	18624	75.826	484	100	339
MW435436.1	k141_5952	18624	75.826	484	100	339
MW435436.1	k141_5952	18624	92.667	150	11	222
MW435436.1	k141_5952	18624	92.667	150	11	222
MW435436.1	k141_5952	18624	69.203	276	64	107
MW435436.1	k141_5952	18624	97.436	39	1	67.1
MW435436.1	k141_5952	18624	97.436	39	1	67.1
MW435436.1	k141_5952	18624	92.857	42	3	63.5
MW435436.1	k141_5952	18624	84.314	51	8	57.2
MW435436.1	k141_5952	18624	84.211	38	6	42.8
MW435436.1	k141_5952	18624	84.211	38	6	42.8
MW435436.1	k141_35251	48907	71.021	1156	265	530
MW435436.1	k141_35251	48907	71.021	1156	265	530
MW435436.1	k141_35251	48907	72.090	885	200	435
MW435436.1	k141_35251	48907	72.090	885	200	435
MW435436.1	k141_35251	48907	85.417	288	38	330
MW435436.1	k141_35251	48907	79.585	289	51	250
MW435436.1	k141_35251	48907	78.409	264	55	213
MW435436.1	k141_35251	48907	78.409	264	55	213
MW435436.1	k141_35251	48907	96.512	86	3	142
MW435436.1	k141_35251	48907	65.444	518	146	108
MW435436.1	k141_35251	48907	65.444	518	146	108
MW435436.1	k141_35251	48907	75.556	135	31	93.3
MW435436.1	k141_35251	48907	75.556	135	31	93.3
MW435436.1	k141_35251	48907	86.885	61	8	75.2
MW435436.1	k141_35251	48907	86.885	61	8	75.2
MW435436.1	k141_105401	38673	75.234	747	130	478
MW435436.1	k141_105401	38673	87.222	180	17	218
MW435436.1	k141_105401	38673	83.916	143	23	155
MW435436.1	k141_105401	38673	75.000	80	20	55.4
MW435436.1	k141_105401	38673	75.000	80	20	55.4
MW435436.1	k141_4232	462	80.672	357	59	311
MW435436.1	k141_4232	462	80.672	357	59	311
MW435436.1	k141_76499	5906	66.964	784	218	230
MW435436.1	k141_10381	439	100.000	87	0	158
MW435436.1	k141_10381	439	100.000	87	0	158
MW435436.1	k141_112953	60322	97.590	83	2	141
MW435436.1	k141_112953	60322	97.590	83	2	141
MW435436.1	k141_112953	60322	92.405	79	6	116
MW435436.1	k141_112953	60322	79.508	122	21	107
MW435436.1	k141_77594	322	90.323	93	9	128
MW435436.1	k141_81195	6190	95.000	80	4	127
MW435436.1	k141_6467	318	83.051	118	19	120
MW435436.1	k141_6467	318	83.051	118	19	120
MW435436.1	k141_42454	6126	92.754	69	5	103
MW435436.1	k141_17287	345	89.333	75	8	100
MW435436.1	k141_17287	345	82.432	74	13	76.1
MW435436.1	k141_33238	20074	72.527	182	46	98.7
MW435436.1	k141_33238	20074	72.527	182	46	98.7
MW435436.1	k141_68322	390	78.378	111	24	93.3
MW435436.1	k141_68322	390	78.378	111	24	93.3
MW435436.1	k141_36858	622	96.364	55	2	91.5
MW435436.1	k141_36858	622	96.364	55	2	91.5
MW435436.1	k141_60537	490	90.909	66	5	89.7
MW435436.1	k141_60537	490	90.909	66	5	89.7
MW435436.1	k141_84905	1228	93.103	58	4	87.8
MW435436.1	k141_14427	1159	96.226	53	2	87.8
MW435436.1	k141_14427	1159	96.226	53	2	87.8
MW435436.1	k141_110344	462	85.333	75	10	83.3
MW435436.1	k141_94560	226	78.495	93	18	76.1
MW435436.1	k141_113946	386	92.000	50	4	73.4
MW435436.1	k141_113946	386	92.000	50	4	73.4
MW435436.1	k141_45726	576	97.561	41	1	70.7
MW435436.1	k141_45726	576	97.561	41	1	70.7
MW435436.1	k141_90878	375	79.487	78	14	67.1
MW435436.1	k141_28069	413	84.906	53	8	60.8
MW435436.1	k141_28069	413	84.906	53	8	60.8
MW435436.1	k141_21505	490	78.000	50	11	41.9
NC_037882.1	k141_78822	84029	85.621	12706	1475	14612
NC_037882.1	k141_78822	84029	83.119	10586	1163	11052
NC_037882.1	k141_78822	84029	87.708	8420	672	10540
NC_037882.1	k141_78822	84029	84.104	7574	839	8218
NC_037882.1	k141_78822	84029	87.558	3649	310	4525
NC_037882.1	k141_78822	84029	82.766	4201	454	4304
NC_037882.1	k141_78822	84029	81.779	4193	595	4040
NC_037882.1	k141_78822	84029	77.764	4686	634	3666
NC_037882.1	k141_78822	84029	87.576	1980	192	2466
NC_037882.1	k141_78822	84029	86.118	2053	215	2418
NC_037882.1	k141_78822	84029	77.917	2468	332	1984
NC_037882.1	k141_78822	84029	89.237	957	66	1251
NC_037882.1	k141_78822	84029	79.472	1364	205	1140
NC_037882.1	k141_78822	84029	72.968	2005	315	1112
NC_037882.1	k141_78822	84029	79.792	1252	160	1062
NC_037882.1	k141_78822	84029	74.554	1627	231	1021
NC_037882.1	k141_78822	84029	78.772	1173	124	1016
NC_037882.1	k141_78822	84029	82.996	841	105	835
NC_037882.1	k141_78822	84029	71.150	1078	164	549
NC_037882.1	k141_78822	84029	77.655	631	98	483
NC_037882.1	k141_78822	84029	86.000	350	30	419
NC_037882.1	k141_78822	84029	75.000	520	79	313
NC_037882.1	k141_78822	84029	80.795	302	27	271
NC_037882.1	k141_78822	84029	84.388	237	27	252
NC_037882.1	k141_78822	84029	70.124	482	81	233
NC_037882.1	k141_78822	84029	77.698	278	37	205
NC_037882.1	k141_78822	84029	79.803	203	30	178
NC_037882.1	k141_78822	84029	82.386	176	27	178
NC_037882.1	k141_78822	84029	82.500	160	9	171
NC_037882.1	k141_78822	84029	82.500	160	9	171
NC_037882.1	k141_78822	84029	92.308	104	8	152
NC_037882.1	k141_78822	84029	93.548	93	6	141
NC_037882.1	k141_78822	84029	89.720	107	9	141
NC_037882.1	k141_78822	84029	90.426	94	8	126
NC_037882.1	k141_78822	84029	74.545	165	42	109
NC_037882.1	k141_78822	84029	66.494	385	113	105
NC_037882.1	k141_78822	84029	100.000	42	0	77.0
NC_037882.1	k141_78822	84029	95.122	41	2	66.2
NC_037882.1	k141_78822	84029	95.122	41	2	66.2
NC_037882.1	k141_78822	84029	74.194	62	16	41.0
NC_037882.1	k141_73907	24849	95.552	5665	141	9077
NC_037882.1	k141_73907	24849	95.552	5665	141	9077
NC_037882.1	k141_73907	24849	94.857	4861	116	7702
NC_037882.1	k141_73907	24849	94.857	4861	116	7702
NC_037882.1	k141_73907	24849	92.939	4787	209	7154
NC_037882.1	k141_73907	24849	92.939	4787	209	7154
NC_037882.1	k141_73907	24849	92.587	4020	119	5956
NC_037882.1	k141_73907	24849	92.587	4020	119	5956
NC_037882.1	k141_73907	24849	93.229	3013	142	4539
NC_037882.1	k141_73907	24849	93.229	3013	142	4539
NC_037882.1	k141_73907	24849	94.172	978	37	1512
NC_037882.1	k141_73907	24849	94.172	978	37	1512
NC_037882.1	k141_73907	24849	93.960	596	17	921
NC_037882.1	k141_73907	24849	93.960	596	17	921
NC_037882.1	k141_73907	24849	97.619	42	1	72.5
NC_037882.1	k141_73907	24849	94.872	39	2	62.6
NC_037882.1	k141_73907	24849	89.474	38	4	51.8
NC_037882.1	k141_73907	24849	86.842	38	5	47.3
NC_037882.1	k141_5952	18624	84.640	4427	506	4895
NC_037882.1	k141_5952	18624	80.869	4877	722	4523
NC_037882.1	k141_5952	18624	82.243	2461	380	2461
NC_037882.1	k141_5952	18624	65.436	2248	521	589
NC_037882.1	k141_5952	18624	74.964	703	152	470
NC_037882.1	k141_5952	18624	84.928	345	30	381
NC_037882.1	k141_5952	18624	84.928	345	30	381
NC_037882.1	k141_5952	18624	74.948	483	105	318
NC_037882.1	k141_5952	18624	89.623	212	21	280
NC_037882.1	k141_5952	18624	94.326	141	8	219
NC_037882.1	k141_5952	18624	94.326	141	8	219
NC_037882.1	k141_5952	18624	77.778	252	40	195
NC_037882.1	k141_5952	18624	95.238	42	2	68.0
NC_037882.1	k141_5952	18624	94.872	39	2	62.6
NC_037882.1	k141_5952	18624	94.872	39	2	62.6
NC_037882.1	k141_5952	18624	80.392	51	10	48.2
NC_037882.1	k141_105401	38673	75.102	1229	179	817
NC_037882.1	k141_105401	38673	86.755	151	20	183
NC_037882.1	k141_105401	38673	81.250	80	15	77.9
NC_037882.1	k141_35251	48907	72.191	881	206	439
NC_037882.1	k141_35251	48907	72.191	881	206	439
NC_037882.1	k141_35251	48907	89.236	288	27	379
NC_037882.1	k141_35251	48907	86.207	319	41	376
NC_037882.1	k141_35251	48907	74.624	532	124	343
NC_037882.1	k141_35251	48907	74.624	532	124	343
NC_037882.1	k141_35251	48907	74.310	471	91	282
NC_037882.1	k141_35251	48907	74.310	471	91	282
NC_037882.1	k141_35251	48907	78.409	264	55	213
NC_037882.1	k141_35251	48907	78.409	264	55	213
NC_037882.1	k141_35251	48907	94.737	95	5	150
NC_037882.1	k141_35251	48907	65.444	518	146	108
NC_037882.1	k141_35251	48907	65.444	518	146	108
NC_037882.1	k141_35251	48907	75.556	135	31	93.3
NC_037882.1	k141_35251	48907	75.556	135	31	93.3
NC_037882.1	k141_35251	48907	86.885	61	8	75.2
NC_037882.1	k141_35251	48907	86.885	61	8	75.2
NC_037882.1	k141_4232	462	80.278	360	55	313
NC_037882.1	k141_4232	462	80.278	360	55	313
NC_037882.1	k141_76499	5906	68.098	652	194	215
NC_037882.1	k141_76499	5906	69.748	119	36	53.6
NC_037882.1	k141_10381	439	100.000	87	0	158
NC_037882.1	k141_10381	439	100.000	87	0	158
NC_037882.1	k141_81195	6190	98.750	80	1	141
NC_037882.1	k141_6467	318	86.441	118	15	138
NC_037882.1	k141_6467	318	86.441	118	15	138
NC_037882.1	k141_112953	60322	96.386	83	3	137
NC_037882.1	k141_112953	60322	96.386	83	3	137
NC_037882.1	k141_112953	60322	80.328	122	20	112
NC_037882.1	k141_112953	60322	91.139	79	7	112
NC_037882.1	k141_77594	322	90.323	93	9	128
NC_037882.1	k141_42454	6126	94.203	69	4	107
NC_037882.1	k141_17287	345	91.667	72	6	104
NC_037882.1	k141_17287	345	77.027	74	17	58.1
NC_037882.1	k141_33238	20074	72.527	182	46	98.7
NC_037882.1	k141_33238	20074	72.527	182	46	98.7
NC_037882.1	k141_60537	490	92.424	66	4	94.2
NC_037882.1	k141_60537	490	92.424	66	4	94.2
NC_037882.1	k141_14427	1159	98.113	53	1	92.4
NC_037882.1	k141_14427	1159	98.113	53	1	92.4
NC_037882.1	k141_36858	622	96.364	55	2	91.5
NC_037882.1	k141_36858	622	96.364	55	2	91.5
NC_037882.1	k141_5899	2730	82.759	87	15	90.6
NC_037882.1	k141_5899	2730	82.759	87	15	90.6
NC_037882.1	k141_73013	452	89.286	56	6	75.2
NC_037882.1	k141_84905	1228	89.286	56	6	75.2
NC_037882.1	k141_110344	462	82.667	75	12	74.3
NC_037882.1	k141_45726	576	97.561	41	1	70.7
NC_037882.1	k141_45726	576	97.561	41	1	70.7
NC_037882.1	k141_28654	651	84.483	58	9	65.3
NC_037882.1	k141_69062	599	90.476	42	4	59.0
NC_037882.1	k141_28069	413	83.019	53	9	56.3
NC_037882.1	k141_28069	413	83.019	53	9	56.3
NC_037882.1	k141_21505	490	78.000	50	11	41.9
NC_056190.1	k141_78822	84029	84.882	12912	1547	14503
NC_056190.1	k141_78822	84029	92.641	5517	357	8114
NC_056190.1	k141_78822	84029	81.411	7612	973	7314
NC_056190.1	k141_78822	84029	84.702	5831	619	6452
NC_056190.1	k141_78822	84029	84.291	5169	541	5640
NC_056190.1	k141_78822	84029	82.543	5230	597	5259
NC_056190.1	k141_78822	84029	86.183	4205	387	4928
NC_056190.1	k141_78822	84029	79.885	4365	609	3886
NC_056190.1	k141_78822	84029	77.859	4232	512	3444
NC_056190.1	k141_78822	84029	86.753	2076	217	2485
NC_056190.1	k141_78822	84029	82.800	2343	239	2404
NC_056190.1	k141_78822	84029	83.457	1759	217	1856
NC_056190.1	k141_78822	84029	90.772	1127	73	1543
NC_056190.1	k141_78822	84029	84.117	1064	115	1161
NC_056190.1	k141_78822	84029	79.235	1281	173	1110
NC_056190.1	k141_78822	84029	77.606	1362	197	1062
NC_056190.1	k141_78822	84029	78.292	1276	200	1041
NC_056190.1	k141_78822	84029	75.679	1435	199	1020
NC_056190.1	k141_78822	84029	76.898	1238	179	928
NC_056190.1	k141_78822	84029	73.294	1172	168	712
NC_056190.1	k141_78822	84029	74.650	856	150	518
NC_056190.1	k141_78822	84029	79.464	336	45	295
NC_056190.1	k141_78822	84029	70.219	638	127	266
NC_056190.1	k141_78822	84029	75.487	359	39	260
NC_056190.1	k141_78822	84029	86.802	197	20	240
NC_056190.1	k141_78822	84029	76.087	322	53	233
NC_056190.1	k141_78822	84029	76.786	224	35	159
NC_056190.1	k141_78822	84029	94.565	92	5	144
NC_056190.1	k141_78822	84029	75.152	165	41	113
NC_056190.1	k141_78822	84029	74.172	151	39	97.8
NC_056190.1	k141_78822	84029	95.238	42	2	68.0
NC_056190.1	k141_78822	84029	95.122	41	2	66.2
NC_056190.1	k141_78822	84029	95.122	41	2	66.2
NC_056190.1	k141_78822	84029	74.194	62	16	41.0
NC_056190.1	k141_73907	24849	92.311	6399	193	9398
NC_056190.1	k141_73907	24849	92.311	6399	193	9398
NC_056190.1	k141_73907	24849	94.603	5670	138	8858
NC_056190.1	k141_73907	24849	94.603	5670	138	8858
NC_056190.1	k141_73907	24849	92.838	4775	209	7091
NC_056190.1	k141_73907	24849	92.838	4775	209	7091
NC_056190.1	k141_73907	24849	93.861	4268	183	6538
NC_056190.1	k141_73907	24849	93.970	4212	175	6473
NC_056190.1	k141_73907	24849	96.756	2805	72	4621
NC_056190.1	k141_73907	24849	96.756	2805	72	4621
NC_056190.1	k141_73907	24849	94.342	972	45	1506
NC_056190.1	k141_73907	24849	94.342	972	45	1506
NC_056190.1	k141_73907	24849	97.561	41	1	70.7
NC_056190.1	k141_73907	24849	95.238	42	2	68.0
NC_056190.1	k141_73907	24849	95.238	42	2	68.0
NC_056190.1	k141_73907	24849	92.308	39	3	58.1
NC_056190.1	k141_73907	24849	89.474	38	4	51.8
NC_056190.1	k141_5952	18624	80.020	3909	607	3465
NC_056190.1	k141_5952	18624	79.208	2299	351	1998
NC_056190.1	k141_5952	18624	79.049	1346	200	1154
NC_056190.1	k141_5952	18624	70.063	1894	418	846
NC_056190.1	k141_5952	18624	87.225	681	71	833
NC_056190.1	k141_5952	18624	72.910	897	175	499
NC_056190.1	k141_5952	18624	72.910	897	175	499
NC_056190.1	k141_5952	18624	75.368	544	78	374
NC_056190.1	k141_5952	18624	87.736	212	21	261
NC_056190.1	k141_5952	18624	94.286	140	8	217
NC_056190.1	k141_5952	18624	94.286	140	8	217
NC_056190.1	k141_5952	18624	89.516	124	13	166
NC_056190.1	k141_5952	18624	77.320	194	30	156
NC_056190.1	k141_5952	18624	76.259	139	32	99.6
NC_056190.1	k141_5952	18624	92.857	42	3	63.5
NC_056190.1	k141_5952	18624	94.872	39	2	62.6
NC_056190.1	k141_5952	18624	94.872	39	2	62.6
NC_056190.1	k141_5952	18624	89.474	38	4	51.8
NC_056190.1	k141_5952	18624	89.474	38	4	51.8
NC_056190.1	k141_105401	38673	77.812	969	149	735
NC_056190.1	k141_105401	38673	85.714	140	20	163
NC_056190.1	k141_35251	48907	72.309	892	208	450
NC_056190.1	k141_35251	48907	72.309	892	208	450
NC_056190.1	k141_35251	48907	74.624	532	124	343
NC_056190.1	k141_35251	48907	74.624	532	124	343
NC_056190.1	k141_35251	48907	85.417	288	38	330
NC_056190.1	k141_35251	48907	80.294	340	52	307
NC_056190.1	k141_35251	48907	74.310	471	91	282
NC_056190.1	k141_35251	48907	74.310	471	91	282
NC_056190.1	k141_35251	48907	78.030	264	56	208
NC_056190.1	k141_35251	48907	78.030	264	56	208
NC_056190.1	k141_35251	48907	94.382	89	5	139
NC_056190.1	k141_35251	48907	64.885	524	145	102
NC_056190.1	k141_35251	48907	64.885	524	145	102
NC_056190.1	k141_35251	48907	80.412	97	19	90.6
NC_056190.1	k141_35251	48907	80.412	97	19	90.6
NC_056190.1	k141_35251	48907	86.885	61	8	75.2
NC_056190.1	k141_35251	48907	86.885	61	8	75.2
NC_056190.1	k141_4232	462	80.278	360	55	313
NC_056190.1	k141_4232	462	80.278	360	55	313
NC_056190.1	k141_76499	5906	67.247	919	238	277
NC_056190.1	k141_10381	439	100.000	87	0	158
NC_056190.1	k141_10381	439	100.000	87	0	158
NC_056190.1	k141_81195	6190	97.531	81	2	138
NC_056190.1	k141_6467	318	85.593	118	16	133
NC_056190.1	k141_6467	318	85.593	118	16	133
NC_056190.1	k141_112953	60322	95.181	83	4	132
NC_056190.1	k141_112953	60322	95.181	83	4	132
NC_056190.1	k141_112953	60322	93.590	78	5	119
NC_056190.1	k141_42454	6126	98.551	69	1	121
NC_056190.1	k141_77594	322	87.097	93	12	114
NC_056190.1	k141_110344	462	90.667	75	6	101
NC_056190.1	k141_60537	490	93.939	66	3	98.7
NC_056190.1	k141_60537	490	93.939	66	3	98.7
NC_056190.1	k141_17287	345	88.158	76	9	97.8
NC_056190.1	k141_17287	345	73.973	73	19	47.3
NC_056190.1	k141_33238	20074	71.978	182	47	94.2
NC_056190.1	k141_33238	20074	71.978	182	47	94.2
NC_056190.1	k141_73013	452	88.000	75	8	92.4
NC_056190.1	k141_36858	622	96.364	55	2	91.5
NC_056190.1	k141_36858	622	96.364	55	2	91.5
NC_056190.1	k141_84905	1228	91.667	60	5	86.9
NC_056190.1	k141_5899	2730	81.609	87	16	86.0
NC_056190.1	k141_5899	2730	81.609	87	16	86.0
NC_056190.1	k141_14427	1159	94.340	53	3	83.3
NC_056190.1	k141_14427	1159	94.340	53	3	83.3
NC_056190.1	k141_101371	472	65.385	312	95	75.2
NC_056190.1	k141_113946	386	92.000	50	4	73.4
NC_056190.1	k141_113946	386	92.000	50	4	73.4
NC_056190.1	k141_45726	576	95.122	41	2	66.2
NC_056190.1	k141_45726	576	95.122	41	2	66.2
NC_056190.1	k141_21505	490	84.314	51	8	57.2
NC_056190.1	k141_28069	413	83.019	53	9	56.3
NC_056190.1	k141_28069	413	83.019	53	9	56.3
NC_056190.1	k141_69062	599	85.714	42	6	50.0
MN564931.1	k141_78822	84029	84.457	12404	1577	13665
MN564931.1	k141_78822	84029	80.808	13250	1780	12293
MN564931.1	k141_78822	84029	91.274	5409	421	7624
MN564931.1	k141_78822	84029	82.948	5489	656	5625
MN564931.1	k141_78822	84029	84.228	3931	419	4323
MN564931.1	k141_78822	84029	80.361	4104	628	3721
MN564931.1	k141_78822	84029	83.052	3263	388	3388
MN564931.1	k141_78822	84029	74.472	3553	506	2297
MN564931.1	k141_78822	84029	86.739	1840	226	2195
MN564931.1	k141_78822	84029	85.434	1888	235	2143
MN564931.1	k141_78822	84029	79.471	2382	291	2099
MN564931.1	k141_78822	84029	82.718	1435	178	1439
MN564931.1	k141_78822	84029	79.820	1556	247	1407
MN564931.1	k141_78822	84029	77.393	1243	188	893
MN564931.1	k141_78822	84029	84.416	770	97	838
MN564931.1	k141_78822	84029	87.461	638	69	792
MN564931.1	k141_78822	84029	70.799	1476	201	737
MN564931.1	k141_78822	84029	78.546	853	110	694
MN564931.1	k141_78822	84029	81.958	715	85	676
MN564931.1	k141_78822	84029	73.956	1006	154	609
MN564931.1	k141_78822	84029	74.694	735	113	477
MN564931.1	k141_78822	84029	74.884	645	111	412
MN564931.1	k141_78822	84029	80.858	303	43	281
MN564931.1	k141_78822	84029	72.321	448	86	248
MN564931.1	k141_78822	84029	78.873	284	53	244
MN564931.1	k141_78822	84029	83.186	226	27	238
MN564931.1	k141_78822	84029	88.272	162	16	205
MN564931.1	k141_78822	84029	90.411	146	14	201
MN564931.1	k141_78822	84029	85.714	175	15	190
MN564931.1	k141_78822	84029	77.778	234	27	188
MN564931.1	k141_78822	84029	85.625	160	23	186
MN564931.1	k141_78822	84029	88.194	144	14	182
MN564931.1	k141_78822	84029	88.194	144	14	182
MN564931.1	k141_78822	84029	68.635	491	93	179
MN564931.1	k141_78822	84029	94.737	95	5	150
MN564931.1	k141_78822	84029	71.429	294	52	150
MN564931.1	k141_78822	84029	93.750	96	6	147
MN564931.1	k141_78822	84029	100.000	79	0	143
MN564931.1	k141_78822	84029	68.788	330	89	126
MN564931.1	k141_78822	84029	84.762	105	15	114
MN564931.1	k141_78822	84029	76.974	152	27	111
MN564931.1	k141_78822	84029	73.939	165	43	104
MN564931.1	k141_78822	84029	97.619	42	1	72.5
MN564931.1	k141_78822	84029	97.561	41	1	70.7
MN564931.1	k141_78822	84029	97.561	41	1	70.7
MN564931.1	k141_78822	84029	74.074	108	26	62.6
MN564931.1	k141_78822	84029	83.333	48	8	51.8
MN564931.1	k141_78822	84029	74.194	62	16	41.0
MN564931.1	k141_73907	24849	91.197	6464	268	9184
MN564931.1	k141_73907	24849	91.197	6464	268	9184
MN564931.1	k141_73907	24849	94.577	5679	191	8801
MN564931.1	k141_73907	24849	94.577	5679	191	8801
MN564931.1	k141_73907	24849	83.495	4332	405	4648
MN564931.1	k141_73907	24849	83.495	4332	405	4648
MN564931.1	k141_73907	24849	95.762	2855	97	4576
MN564931.1	k141_73907	24849	95.762	2855	97	4576
MN564931.1	k141_73907	24849	92.243	2269	116	3299
MN564931.1	k141_73907	24849	92.243	2269	116	3299
MN564931.1	k141_73907	24849	92.249	787	55	1146
MN564931.1	k141_73907	24849	92.249	787	55	1146
MN564931.1	k141_73907	24849	88.889	612	39	801
MN564931.1	k141_73907	24849	88.889	612	39	801
MN564931.1	k141_73907	24849	86.420	567	59	679
MN564931.1	k141_73907	24849	86.420	567	59	679
MN564931.1	k141_73907	24849	87.967	482	43	613
MN564931.1	k141_73907	24849	87.967	482	43	613
MN564931.1	k141_73907	24849	92.923	325	23	483
MN564931.1	k141_73907	24849	92.923	325	23	483
MN564931.1	k141_73907	24849	100.000	42	0	77.0
MN564931.1	k141_73907	24849	87.097	62	6	69.8
MN564931.1	k141_73907	24849	87.097	62	6	69.8
MN564931.1	k141_73907	24849	92.857	42	3	63.5
MN564931.1	k141_73907	24849	86.842	38	5	47.3
MN564931.1	k141_5952	18624	82.035	3312	470	3259
MN564931.1	k141_5952	18624	83.222	2706	369	2807
MN564931.1	k141_5952	18624	80.839	2312	390	2167
MN564931.1	k141_5952	18624	83.706	1387	170	1471
MN564931.1	k141_5952	18624	78.857	1225	213	1021
MN564931.1	k141_5952	18624	78.809	571	106	485
MN564931.1	k141_5952	18624	78.809	571	106	485
MN564931.1	k141_5952	18624	74.134	491	97	336
MN564931.1	k141_5952	18624	74.134	491	97	336
MN564931.1	k141_5952	18624	87.023	262	30	319
MN564931.1	k141_5952	18624	86.473	207	28	248
MN564931.1	k141_5952	18624	86.473	207	28	248
MN564931.1	k141_5952	18624	92.857	140	10	208
MN564931.1	k141_5952	18624	92.857	140	10	208
MN564931.1	k141_5952	18624	68.103	464	104	178
MN564931.1	k141_5952	18624	68.103	464	104	178
MN564931.1	k141_5952	18624	77.576	165	22	127
MN564931.1	k141_5952	18624	77.576	165	22	127
MN564931.1	k141_5952	18624	90.566	53	5	74.3
MN564931.1	k141_5952	18624	95.238	42	2	68.0
MN564931.1	k141_5952	18624	97.436	39	1	67.1
MN564931.1	k141_5952	18624	97.436	39	1	67.1
MN564931.1	k141_5952	18624	84.483	58	9	65.3
MN564931.1	k141_5952	18624	84.483	58	9	65.3
MN564931.1	k141_5952	18624	77.143	70	16	55.4
MN564931.1	k141_5952	18624	77.143	70	16	55.4
MN564931.1	k141_5952	18624	86.842	38	5	47.3
MN564931.1	k141_5952	18624	86.842	38	5	47.3
MN564931.1	k141_105401	38673	71.367	929	159	470
MN564931.1	k141_105401	38673	80.220	182	25	168
MN564931.1	k141_105401	38673	82.143	140	25	141
MN564931.1	k141_105401	38673	78.750	80	17	68.9
MN564931.1	k141_35251	48907	72.406	877	211	447
MN564931.1	k141_35251	48907	72.406	877	211	447
MN564931.1	k141_35251	48907	86.645	307	41	370
MN564931.1	k141_35251	48907	74.060	532	127	330
MN564931.1	k141_35251	48907	74.060	532	127	330
MN564931.1	k141_35251	48907	84.375	288	41	316
MN564931.1	k141_35251	48907	74.946	467	95	281
MN564931.1	k141_35251	48907	74.946	467	95	281
MN564931.1	k141_35251	48907	79.167	264	53	222
MN564931.1	k141_35251	48907	79.167	264	53	222
MN564931.1	k141_35251	48907	82.081	173	22	168
MN564931.1	k141_35251	48907	65.444	518	146	108
MN564931.1	k141_35251	48907	65.444	518	146	108
MN564931.1	k141_35251	48907	75.556	135	31	93.3
MN564931.1	k141_35251	48907	75.556	135	31	93.3
MN564931.1	k141_35251	48907	86.885	61	8	75.2
MN564931.1	k141_35251	48907	86.885	61	8	75.2
MN564931.1	k141_4232	462	80.501	359	56	318
MN564931.1	k141_4232	462	80.501	359	56	318
MN564931.1	k141_76499	5906	67.494	846	236	281
MN564931.1	k141_10381	439	100.000	86	0	156
MN564931.1	k141_10381	439	100.000	86	0	156
MN564931.1	k141_112953	60322	97.647	85	2	145
MN564931.1	k141_112953	60322	97.647	85	2	145
MN564931.1	k141_112953	60322	94.521	73	4	114
MN564931.1	k141_112953	60322	75.439	114	24	79.7
MN564931.1	k141_6467	318	86.441	118	15	138
MN564931.1	k141_6467	318	86.441	118	15	138
MN564931.1	k141_81195	6190	97.500	80	2	136
MN564931.1	k141_17287	345	92.000	75	6	109
MN564931.1	k141_17287	345	75.676	74	18	53.6
MN564931.1	k141_42454	6126	94.203	69	4	107
MN564931.1	k141_77594	322	83.871	93	15	101
MN564931.1	k141_33238	20074	72.527	182	46	98.7
MN564931.1	k141_33238	20074	72.527	182	46	98.7
MN564931.1	k141_84905	1228	94.828	58	3	92.4
MN564931.1	k141_14427	1159	98.113	53	1	92.4
MN564931.1	k141_14427	1159	98.113	53	1	92.4
MN564931.1	k141_36858	622	96.364	55	2	91.5
MN564931.1	k141_36858	622	96.364	55	2	91.5
MN564931.1	k141_60537	490	90.909	66	5	89.7
MN564931.1	k141_60537	490	90.909	66	5	89.7
MN564931.1	k141_110344	462	94.340	53	3	83.3
MN564931.1	k141_90878	375	85.000	60	9	68.9
MN564931.1	k141_113946	386	90.000	50	5	68.9
MN564931.1	k141_113946	386	90.000	50	5	68.9
MN564931.1	k141_73013	452	84.375	64	9	68.0
MN564931.1	k141_5899	2730	78.082	73	16	60.8
MN564931.1	k141_5899	2730	78.082	73	16	60.8
MN564931.1	k141_28069	413	83.019	53	9	56.3
MN564931.1	k141_28069	413	83.019	53	9	56.3
MN564931.1	k141_63825	593	85.106	47	7	54.5
MN564931.1	k141_69062	599	87.805	41	5	52.7
MN564931.1	k141_21505	490	80.000	50	10	46.4
NC_031651.1	k141_73907	24849	91.115	9623	425	13581
NC_031651.1	k141_73907	24849	91.115	9623	425	13581
NC_031651.1	k141_73907	24849	94.242	5488	169	8502
NC_031651.1	k141_73907	24849	94.242	5488	169	8502
NC_031651.1	k141_73907	24849	91.454	4786	284	6810
NC_031651.1	k141_73907	24849	91.454	4786	284	6810
NC_031651.1	k141_73907	24849	91.081	4283	277	6034
NC_031651.1	k141_73907	24849	92.295	4101	258	5997
NC_031651.1	k141_73907	24849	87.293	543	57	671
NC_031651.1	k141_73907	24849	85.039	381	38	425
NC_031651.1	k141_73907	24849	85.039	381	38	425
NC_031651.1	k141_73907	24849	90.435	115	11	159
NC_031651.1	k141_73907	24849	90.435	115	11	159
NC_031651.1	k141_73907	24849	87.931	58	7	74.3
NC_031651.1	k141_73907	24849	97.619	42	1	72.5
NC_031651.1	k141_73907	24849	97.619	42	1	72.5
NC_031651.1	k141_73907	24849	97.619	42	1	72.5
NC_031651.1	k141_78822	84029	83.853	12436	1690	13368
NC_031651.1	k141_78822	84029	82.215	8125	1060	8057
NC_031651.1	k141_78822	84029	91.031	5430	432	7579
NC_031651.1	k141_78822	84029	84.073	4508	575	4878
NC_031651.1	k141_78822	84029	83.591	3943	411	4195
NC_031651.1	k141_78822	84029	78.556	4099	649	3367
NC_031651.1	k141_78822	84029	85.153	2977	351	3337
NC_031651.1	k141_78822	84029	81.667	2280	276	2176
NC_031651.1	k141_78822	84029	86.778	1800	201	2167
NC_031651.1	k141_78822	84029	77.534	2782	472	2135
NC_031651.1	k141_78822	84029	83.788	1943	281	2066
NC_031651.1	k141_78822	84029	75.418	3047	486	2040
NC_031651.1	k141_78822	84029	73.264	3542	542	2011
NC_031651.1	k141_78822	84029	81.001	1558	246	1467
NC_031651.1	k141_78822	84029	88.743	1066	82	1376
NC_031651.1	k141_78822	84029	74.318	1612	266	1049
NC_031651.1	k141_78822	84029	74.702	1510	220	954
NC_031651.1	k141_78822	84029	81.070	1009	142	904
NC_031651.1	k141_78822	84029	74.960	1242	208	814
NC_031651.1	k141_78822	84029	84.658	717	100	789
NC_031651.1	k141_78822	84029	79.861	864	127	740
NC_031651.1	k141_78822	84029	82.005	728	112	704
NC_031651.1	k141_78822	84029	73.823	913	143	566
NC_031651.1	k141_78822	84029	79.900	602	97	535
NC_031651.1	k141_78822	84029	72.981	644	105	381
NC_031651.1	k141_78822	84029	80.653	398	67	367
NC_031651.1	k141_78822	84029	71.264	696	111	340
NC_031651.1	k141_78822	84029	81.538	260	35	251
NC_031651.1	k141_78822	84029	79.612	206	30	185
NC_031651.1	k141_78822	84029	87.586	145	9	180
NC_031651.1	k141_78822	84029	76.987	239	42	173
NC_031651.1	k141_78822	84029	94.000	100	6	154
NC_031651.1	k141_78822	84029	95.349	86	4	138
NC_031651.1	k141_78822	84029	67.363	383	113	130
NC_031651.1	k141_78822	84029	90.000	90	9	123
NC_031651.1	k141_78822	84029	74.545	165	42	109
NC_031651.1	k141_78822	84029	95.161	62	3	99.6
NC_031651.1	k141_78822	84029	97.561	41	1	70.7
NC_031651.1	k141_78822	84029	97.561	41	1	70.7
NC_031651.1	k141_78822	84029	83.333	42	7	45.5
NC_031651.1	k141_78822	84029	74.194	62	16	41.0
NC_031651.1	k141_5952	18624	81.583	3361	512	3214
NC_031651.1	k141_5952	18624	82.415	2832	368	2858
NC_031651.1	k141_5952	18624	80.570	2244	399	2079
NC_031651.1	k141_5952	18624	84.095	1509	192	1611
NC_031651.1	k141_5952	18624	79.157	1233	212	1021
NC_031651.1	k141_5952	18624	65.444	2208	540	550
NC_031651.1	k141_5952	18624	71.714	700	160	342
NC_031651.1	k141_5952	18624	79.251	347	50	299
NC_031651.1	k141_5952	18624	72.803	478	110	277
NC_031651.1	k141_5952	18624	82.533	229	40	233
NC_031651.1	k141_5952	18624	89.209	139	15	184
NC_031651.1	k141_5952	18624	97.436	39	1	67.1
NC_031651.1	k141_5952	18624	97.436	39	1	67.1
NC_031651.1	k141_5952	18624	97.436	39	1	67.1
NC_031651.1	k141_5952	18624	89.474	38	4	51.8
NC_031651.1	k141_5952	18624	89.474	38	4	51.8
NC_031651.1	k141_5952	18624	84.444	45	7	50.9
NC_031651.1	k141_105401	38673	72.552	1246	191	671
NC_031651.1	k141_105401	38673	84.559	136	21	151
NC_031651.1	k141_105401	38673	74.400	125	30	75.2
NC_031651.1	k141_35251	48907	72.727	880	203	458
NC_031651.1	k141_35251	48907	72.727	880	203	458
NC_031651.1	k141_35251	48907	74.436	532	125	339
NC_031651.1	k141_35251	48907	74.436	532	125	339
NC_031651.1	k141_35251	48907	82.986	288	45	298
NC_031651.1	k141_35251	48907	74.090	467	99	281
NC_031651.1	k141_35251	48907	74.090	467	99	281
NC_031651.1	k141_35251	48907	78.409	264	55	213
NC_031651.1	k141_35251	48907	78.409	264	55	213
NC_031651.1	k141_35251	48907	81.991	211	38	210
NC_031651.1	k141_35251	48907	94.681	94	5	148
NC_031651.1	k141_35251	48907	65.251	518	147	108
NC_031651.1	k141_35251	48907	65.251	518	147	108
NC_031651.1	k141_35251	48907	75.373	134	31	91.5
NC_031651.1	k141_35251	48907	75.373	134	31	91.5
NC_031651.1	k141_35251	48907	86.885	61	8	75.2
NC_031651.1	k141_35251	48907	86.885	61	8	75.2
NC_031651.1	k141_35251	48907	90.244	41	4	57.2
NC_031651.1	k141_4232	462	80.556	360	54	317
NC_031651.1	k141_4232	462	80.556	360	54	317
NC_031651.1	k141_76499	5906	68.259	649	198	223
NC_031651.1	k141_76499	5906	68.862	167	46	59.9
NC_031651.1	k141_10381	439	100.000	87	0	158
NC_031651.1	k141_10381	439	100.000	87	0	158
NC_031651.1	k141_6467	318	88.889	108	11	138
NC_031651.1	k141_6467	318	88.889	108	11	138
NC_031651.1	k141_112953	60322	95.181	83	4	132
NC_031651.1	k141_112953	60322	95.181	83	4	132
NC_031651.1	k141_112953	60322	90.909	77	7	108
NC_031651.1	k141_112953	60322	83.721	43	7	47.3
NC_031651.1	k141_42454	6126	94.203	69	4	107
NC_031651.1	k141_17287	345	91.781	73	6	105
NC_031651.1	k141_17287	345	76.316	76	18	57.2
NC_031651.1	k141_77594	322	85.393	89	13	103
NC_031651.1	k141_33238	20074	73.077	182	45	103
NC_031651.1	k141_33238	20074	73.077	182	45	103
NC_031651.1	k141_81195	6190	100.000	55	0	100
NC_031651.1	k141_36858	622	96.364	55	2	91.5
NC_031651.1	k141_36858	622	96.364	55	2	91.5
NC_031651.1	k141_68322	390	78.302	106	23	88.7
NC_031651.1	k141_14427	1159	96.226	53	2	87.8
NC_031651.1	k141_14427	1159	96.226	53	2	87.8
NC_031651.1	k141_5899	2730	78.889	90	19	77.9
NC_031651.1	k141_5899	2730	78.889	90	19	77.9
NC_031651.1	k141_101371	472	78.261	92	20	77.0
NC_031651.1	k141_84905	1228	87.931	58	7	74.3
NC_031651.1	k141_73013	452	93.478	46	3	70.7
NC_031651.1	k141_45726	576	97.561	41	1	70.7
NC_031651.1	k141_45726	576	97.561	41	1	70.7
NC_031651.1	k141_113946	386	91.304	46	4	66.2
NC_031651.1	k141_113946	386	91.304	46	4	66.2
NC_031651.1	k141_110344	462	86.792	53	7	65.3
NC_031651.1	k141_90878	375	79.730	74	13	64.4
NC_031651.1	k141_28069	413	83.019	53	9	56.3
NC_031651.1	k141_28069	413	83.019	53	9	56.3
NC_031651.1	k141_69062	599	88.095	42	5	54.5
MW366789.1	k141_73907	24849	90.460	5283	338	7203
MW366789.1	k141_73907	24849	90.460	5283	338	7203
MW366789.1	k141_73907	24849	88.344	4633	372	5928
MW366789.1	k141_73907	24849	88.344	4633	372	5928
MW366789.1	k141_73907	24849	91.643	1795	102	2560
MW366789.1	k141_73907	24849	91.643	1795	102	2560
MW366789.1	k141_73907	24849	89.294	1728	143	2280
MW366789.1	k141_73907	24849	89.406	1718	143	2278
MW366789.1	k141_73907	24849	84.127	630	56	681
MW366789.1	k141_73907	24849	84.127	630	56	681
MW366789.1	k141_73907	24849	86.871	457	45	536
MW366789.1	k141_73907	24849	86.871	457	45	536
MW366789.1	k141_73907	24849	86.871	457	45	536
MW366789.1	k141_73907	24849	81.107	307	39	288
MW366789.1	k141_73907	24849	81.107	307	39	288
MW366789.1	k141_73907	24849	96.350	137	5	225
MW366789.1	k141_73907	24849	96.350	137	5	225
MW366789.1	k141_73907	24849	88.372	172	20	221
MW366789.1	k141_73907	24849	88.372	172	20	221
MW366789.1	k141_73907	24849	76.025	317	44	214
MW366789.1	k141_73907	24849	88.889	144	14	186
MW366789.1	k141_73907	24849	88.889	144	14	186
MW366789.1	k141_73907	24849	84.091	176	26	185
MW366789.1	k141_73907	24849	84.091	176	26	185
MW366789.1	k141_73907	24849	87.603	121	15	153
MW366789.1	k141_73907	24849	87.603	121	15	151
MW366789.1	k141_73907	24849	81.013	158	14	147
MW366789.1	k141_73907	24849	81.013	158	14	147
MW366789.1	k141_73907	24849	94.565	92	5	144
MW366789.1	k141_73907	24849	94.565	92	5	144
MW366789.1	k141_73907	24849	84.810	79	7	89.7
MW366789.1	k141_73907	24849	84.810	79	7	89.7
MW366789.1	k141_73907	24849	97.619	42	1	72.5
MW366789.1	k141_73907	24849	97.619	42	1	72.5
MW366789.1	k141_73907	24849	89.796	49	5	67.1
MW366789.1	k141_73907	24849	89.796	49	5	67.1
MW366789.1	k141_73907	24849	89.796	49	5	67.1
MW366789.1	k141_73907	24849	94.737	38	2	60.8
MW366789.1	k141_73907	24849	92.308	39	3	58.1
MW366789.1	k141_78822	84029	78.247	8270	1483	6773
MW366789.1	k141_78822	84029	88.571	5215	553	6676
MW366789.1	k141_78822	84029	88.571	5215	553	6676
MW366789.1	k141_78822	84029	79.470	4642	711	4019
MW366789.1	k141_78822	84029	89.037	2700	266	3517
MW366789.1	k141_78822	84029	74.749	4083	774	2600
MW366789.1	k141_78822	84029	79.992	2549	408	2273
MW366789.1	k141_78822	84029	85.675	1836	263	2126
MW366789.1	k141_78822	84029	85.730	1780	225	2042
MW366789.1	k141_78822	84029	81.813	1721	287	1685
MW366789.1	k141_78822	84029	78.103	1950	372	1543
MW366789.1	k141_78822	84029	74.447	2078	439	1329
MW366789.1	k141_78822	84029	77.488	1688	259	1251
MW366789.1	k141_78822	84029	76.570	1592	291	1192
MW366789.1	k141_78822	84029	83.593	1091	135	1156
MW366789.1	k141_78822	84029	86.348	857	107	1010
MW366789.1	k141_78822	84029	79.888	1069	173	902
MW366789.1	k141_78822	84029	74.798	988	176	604
MW366789.1	k141_78822	84029	78.977	704	131	587
MW366789.1	k141_78822	84029	71.971	974	135	516
MW366789.1	k141_78822	84029	74.049	894	154	516
MW366789.1	k141_78822	84029	69.604	1112	248	469
MW366789.1	k141_78822	84029	84.856	416	55	461
MW366789.1	k141_78822	84029	75.232	646	118	415
MW366789.1	k141_78822	84029	70.617	810	174	397
MW366789.1	k141_78822	84029	73.272	651	156	384
MW366789.1	k141_78822	84029	76.824	466	108	354
MW366789.1	k141_78822	84029	73.490	596	144	340
MW366789.1	k141_78822	84029	83.013	312	42	316
MW366789.1	k141_78822	84029	72.527	546	107	298
MW366789.1	k141_78822	84029	75.829	422	74	296
MW366789.1	k141_78822	84029	75.829	422	74	296
MW366789.1	k141_78822	84029	72.727	528	96	288
MW366789.1	k141_78822	84029	70.145	690	139	287
MW366789.1	k141_78822	84029	77.480	373	65	280
MW366789.1	k141_78822	84029	67.723	852	212	269
MW366789.1	k141_78822	84029	84.120	233	35	251
MW366789.1	k141_78822	84029	76.267	375	62	246
MW366789.1	k141_78822	84029	81.746	252	32	233
MW366789.1	k141_78822	84029	86.957	184	24	224
MW366789.1	k141_78822	84029	74.233	326	58	202
MW366789.1	k141_78822	84029	73.554	363	67	195
MW366789.1	k141_78822	84029	78.512	242	42	189
MW366789.1	k141_78822	84029	79.907	214	38	184
MW366789.1	k141_78822	84029	77.686	242	44	180
MW366789.1	k141_78822	84029	83.429	175	16	175
MW366789.1	k141_78822	84029	79.882	169	16	150
MW366789.1	k141_78822	84029	100.000	79	0	143
MW366789.1	k141_78822	84029	100.000	79	0	143
MW366789.1	k141_78822	84029	82.734	139	23	140
MW366789.1	k141_78822	84029	74.576	236	38	140
MW366789.1	k141_78822	84029	91.753	97	8	140
MW366789.1	k141_78822	84029	82.456	114	20	116
MW366789.1	k141_78822	84029	75.568	176	32	116
MW366789.1	k141_78822	84029	71.020	245	44	115
MW366789.1	k141_78822	84029	92.208	77	6	113
MW366789.1	k141_78822	84029	92.208	77	6	113
MW366789.1	k141_78822	84029	80.000	120	24	109
MW366789.1	k141_78822	84029	74.545	165	42	109
MW366789.1	k141_78822	84029	74.545	165	42	109
MW366789.1	k141_78822	84029	85.567	97	13	109
MW366789.1	k141_78822	84029	86.170	94	9	106
MW366789.1	k141_78822	84029	67.151	344	104	102
MW366789.1	k141_78822	84029	67.151	344	104	102
MW366789.1	k141_78822	84029	91.781	73	5	102
MW366789.1	k141_78822	84029	76.190	126	30	93.3
MW366789.1	k141_78822	84029	76.190	126	30	93.3
MW366789.1	k141_78822	84029	87.671	73	9	92.4
MW366789.1	k141_78822	84029	80.412	97	14	86.0
MW366789.1	k141_78822	84029	75.188	133	26	80.6
MW366789.1	k141_78822	84029	85.484	62	9	72.5
MW366789.1	k141_78822	84029	85.484	62	9	72.5
MW366789.1	k141_78822	84029	78.788	66	14	57.2
MW366789.1	k141_78822	84029	78.788	66	14	57.2
MW366789.1	k141_78822	84029	69.828	116	35	52.7
MW366789.1	k141_78822	84029	69.828	116	35	52.7
MW366789.1	k141_78822	84029	74.324	74	18	45.5
MW366789.1	k141_5952	18624	81.305	4354	619	4088
MW366789.1	k141_5952	18624	81.305	4354	619	4088
MW366789.1	k141_5952	18624	80.317	1890	354	1712
MW366789.1	k141_5952	18624	76.734	2235	468	1671
MW366789.1	k141_5952	18624	73.579	1196	243	709
MW366789.1	k141_5952	18624	80.844	616	115	573
MW366789.1	k141_5952	18624	80.844	616	115	573
MW366789.1	k141_5952	18624	80.000	320	64	289
MW366789.1	k141_5952	18624	95.122	41	2	66.2
MW366789.1	k141_5952	18624	83.019	53	9	56.3
MW366789.1	k141_5952	18624	86.842	38	5	47.3
MW366789.1	k141_5952	18624	86.842	38	5	47.3
MW366789.1	k141_35251	48907	72.004	893	201	434
MW366789.1	k141_35251	48907	72.004	893	201	434
MW366789.1	k141_35251	48907	74.060	532	127	330
MW366789.1	k141_35251	48907	74.060	532	127	330
MW366789.1	k141_35251	48907	75.375	467	95	293
MW366789.1	k141_35251	48907	75.375	467	95	293
MW366789.1	k141_35251	48907	78.977	176	37	151
MW366789.1	k141_35251	48907	96.296	81	3	133
MW366789.1	k141_35251	48907	66.667	504	148	125
MW366789.1	k141_35251	48907	66.667	504	148	125
MW366789.1	k141_35251	48907	80.412	97	19	90.6
MW366789.1	k141_35251	48907	80.412	97	19	90.6
MW366789.1	k141_35251	48907	90.164	61	6	84.2
MW366789.1	k141_35251	48907	90.164	61	6	84.2
MW366789.1	k141_35251	48907	88.525	61	7	79.7
MW366789.1	k141_35251	48907	88.525	61	7	79.7
MW366789.1	k141_35251	48907	84.783	46	7	52.7
MW366789.1	k141_35251	48907	84.783	46	7	52.7
MW366789.1	k141_35251	48907	87.805	41	5	52.7
MW366789.1	k141_105401	38673	68.662	1136	218	425
MW366789.1	k141_105401	38673	78.378	148	32	123
MW366789.1	k141_105401	38673	76.404	89	21	67.1
MW366789.1	k141_4232	462	80.000	360	56	308
MW366789.1	k141_4232	462	80.000	360	56	308
MW366789.1	k141_4232	462	83.495	103	12	105
MW366789.1	k141_4232	462	83.495	103	12	105
MW366789.1	k141_76499	5906	67.077	732	202	229
MW366789.1	k141_10381	439	98.810	84	1	148
MW366789.1	k141_10381	439	98.810	84	1	148
MW366789.1	k141_81195	6190	97.561	82	2	140
MW366789.1	k141_81195	6190	97.561	82	2	140
MW366789.1	k141_112953	60322	94.667	75	4	118
MW366789.1	k141_112953	60322	94.667	75	4	118
MW366789.1	k141_112953	60322	91.026	78	6	106
MW366789.1	k141_42454	6126	88.406	69	8	89.7
MW366789.1	k141_17287	345	82.667	75	13	77.9
MW366789.1	k141_17287	345	82.667	75	13	77.9
MW366789.1	k141_17287	345	77.027	74	17	58.1
MW366789.1	k141_17287	345	77.027	74	17	58.1
MW366789.1	k141_36858	622	93.750	48	3	74.3
MW366789.1	k141_36858	622	93.750	48	3	74.3
MW366789.1	k141_84905	1228	86.207	58	8	69.8
MW366789.1	k141_113946	386	91.304	46	4	66.2
MW366789.1	k141_113946	386	91.304	46	4	66.2
MW366789.1	k141_15154	11659	85.455	55	8	64.4
MW366789.1	k141_101371	472	73.913	92	24	59.0
MW366789.1	k141_101371	472	73.333	75	20	46.4
MW366789.1	k141_21505	490	84.000	50	8	55.4
MW366789.1	k141_28069	413	81.132	53	10	51.8
MW366789.1	k141_28069	413	81.132	53	10	51.8
KT899950.1	k141_73907	24849	91.736	9620	416	13796
KT899950.1	k141_73907	24849	91.736	9620	416	13796
KT899950.1	k141_73907	24849	94.005	5671	193	8683
KT899950.1	k141_73907	24849	94.005	5671	193	8683
KT899950.1	k141_73907	24849	91.139	4785	291	6744
KT899950.1	k141_73907	24849	91.139	4785	291	6744
KT899950.1	k141_73907	24849	90.322	4288	292	5919
KT899950.1	k141_73907	24849	91.014	4140	275	5836
KT899950.1	k141_73907	24849	91.967	971	57	1406
KT899950.1	k141_73907	24849	91.967	971	57	1406
KT899950.1	k141_73907	24849	95.238	42	2	68.0
KT899950.1	k141_73907	24849	95.238	42	2	68.0
KT899950.1	k141_73907	24849	94.872	39	2	62.6
KT899950.1	k141_73907	24849	86.842	38	5	47.3
KT899950.1	k141_78822	84029	83.499	12448	1683	13167
KT899950.1	k141_78822	84029	79.654	10336	1395	8964
KT899950.1	k141_78822	84029	90.202	5542	469	7524
KT899950.1	k141_78822	84029	85.510	4258	488	4879
KT899950.1	k141_78822	84029	85.884	3542	347	4137
KT899950.1	k141_78822	84029	80.935	3829	595	3583
KT899950.1	k141_78822	84029	82.923	2881	367	2938
KT899950.1	k141_78822	84029	85.676	1885	233	2180
KT899950.1	k141_78822	84029	81.933	2131	253	2092
KT899950.1	k141_78822	84029	82.563	2013	290	2022
KT899950.1	k141_78822	84029	76.263	2376	422	1704
KT899950.1	k141_78822	84029	91.022	1203	90	1691
KT899950.1	k141_78822	84029	76.468	1959	373	1435
KT899950.1	k141_78822	84029	87.603	1097	86	1366
KT899950.1	k141_78822	84029	83.254	1266	170	1325
KT899950.1	k141_78822	84029	80.222	991	134	870
KT899950.1	k141_78822	84029	77.235	1085	152	866
KT899950.1	k141_78822	84029	75.629	1272	201	865
KT899950.1	k141_78822	84029	76.379	1160	173	822
KT899950.1	k141_78822	84029	84.857	733	103	811
KT899950.1	k141_78822	84029	83.333	600	76	618
KT899950.1	k141_78822	84029	76.178	764	117	526
KT899950.1	k141_78822	84029	81.100	582	93	525
KT899950.1	k141_78822	84029	74.536	754	116	482
KT899950.1	k141_78822	84029	73.088	706	117	398
KT899950.1	k141_78822	84029	75.078	642	103	389
KT899950.1	k141_78822	84029	77.119	472	73	361
KT899950.1	k141_78822	84029	77.378	389	47	297
KT899950.1	k141_78822	84029	88.312	231	25	288
KT899950.1	k141_78822	84029	80.986	284	49	269
KT899950.1	k141_78822	84029	85.398	226	27	256
KT899950.1	k141_78822	84029	81.731	208	28	196
KT899950.1	k141_78822	84029	77.872	235	30	192
KT899950.1	k141_78822	84029	77.477	222	28	182
KT899950.1	k141_78822	84029	77.533	227	32	166
KT899950.1	k141_78822	84029	81.757	148	15	148
KT899950.1	k141_78822	84029	93.617	94	6	143
KT899950.1	k141_78822	84029	98.795	83	0	142
KT899950.1	k141_78822	84029	76.887	212	32	141
KT899950.1	k141_78822	84029	89.091	110	11	141
KT899950.1	k141_78822	84029	76.364	165	39	123
KT899950.1	k141_78822	84029	66.404	381	110	104
KT899950.1	k141_78822	84029	90.667	75	7	104
KT899950.1	k141_78822	84029	70.833	168	33	70.7
KT899950.1	k141_78822	84029	97.561	41	1	70.7
KT899950.1	k141_78822	84029	97.561	41	1	70.7
KT899950.1	k141_78822	84029	74.194	62	16	41.0
KT899950.1	k141_5952	18624	79.027	3905	656	3250
KT899950.1	k141_5952	18624	83.901	2025	304	2167
KT899950.1	k141_5952	18624	80.444	2342	405	2153
KT899950.1	k141_5952	18624	83.272	1369	190	1409
KT899950.1	k141_5952	18624	79.983	1159	182	1036
KT899950.1	k141_5952	18624	77.349	1245	207	975
KT899950.1	k141_5952	18624	66.921	1838	443	556
KT899950.1	k141_5952	18624	83.133	332	41	347
KT899950.1	k141_5952	18624	83.133	332	41	347
KT899950.1	k141_5952	18624	72.383	449	98	243
KT899950.1	k141_5952	18624	93.617	141	9	214
KT899950.1	k141_5952	18624	93.617	141	9	214
KT899950.1	k141_5952	18624	81.013	79	15	76.1
KT899950.1	k141_5952	18624	95.238	42	2	68.0
KT899950.1	k141_5952	18624	97.436	39	1	67.1
KT899950.1	k141_5952	18624	97.436	39	1	67.1
KT899950.1	k141_5952	18624	86.842	38	5	47.3
KT899950.1	k141_5952	18624	86.842	38	5	47.3
KT899950.1	k141_105401	38673	76.307	1148	155	797
KT899950.1	k141_105401	38673	87.857	140	17	177
KT899950.1	k141_105401	38673	80.000	80	16	73.4
KT899950.1	k141_35251	48907	72.758	881	201	462
KT899950.1	k141_35251	48907	72.758	881	201	462
KT899950.1	k141_35251	48907	74.436	532	125	339
KT899950.1	k141_35251	48907	74.436	532	125	339
KT899950.1	k141_35251	48907	84.561	285	40	315
KT899950.1	k141_35251	48907	74.522	471	90	287
KT899950.1	k141_35251	48907	74.522	471	90	287
KT899950.1	k141_35251	48907	77.636	313	54	242
KT899950.1	k141_35251	48907	78.409	264	55	213
KT899950.1	k141_35251	48907	78.409	264	55	213
KT899950.1	k141_35251	48907	72.941	340	54	170
KT899950.1	k141_35251	48907	79.888	179	21	143
KT899950.1	k141_35251	48907	65.377	517	147	105
KT899950.1	k141_35251	48907	65.377	517	147	105
KT899950.1	k141_35251	48907	81.443	97	18	95.1
KT899950.1	k141_35251	48907	81.443	97	18	95.1
KT899950.1	k141_35251	48907	86.885	61	8	75.2
KT899950.1	k141_35251	48907	86.885	61	8	75.2
KT899950.1	k141_4232	462	80.000	360	56	308
KT899950.1	k141_4232	462	80.000	360	56	308
KT899950.1	k141_76499	5906	65.607	849	247	202
KT899950.1	k141_10381	439	100.000	87	0	158
KT899950.1	k141_10381	439	100.000	87	0	158
KT899950.1	k141_112953	60322	96.471	85	3	141
KT899950.1	k141_112953	60322	96.471	85	3	141
KT899950.1	k141_112953	60322	82.171	129	19	129
KT899950.1	k141_112953	60322	93.506	77	5	117
KT899950.1	k141_81195	6190	97.436	78	2	132
KT899950.1	k141_77594	322	89.888	89	9	121
KT899950.1	k141_6467	318	84.112	107	16	113
KT899950.1	k141_6467	318	84.112	107	16	113
KT899950.1	k141_42454	6126	94.203	69	4	107
KT899950.1	k141_17287	345	89.333	75	8	100
KT899950.1	k141_17287	345	75.676	74	18	53.6
KT899950.1	k141_33238	20074	72.527	182	46	98.7
KT899950.1	k141_33238	20074	72.527	182	46	98.7
KT899950.1	k141_68322	390	77.876	113	21	91.5
KT899950.1	k141_14427	1159	96.226	53	2	87.8
KT899950.1	k141_14427	1159	96.226	53	2	87.8
KT899950.1	k141_36858	622	92.727	55	4	82.4
KT899950.1	k141_36858	622	92.727	55	4	82.4
KT899950.1	k141_74763	410	87.692	65	8	82.4
KT899950.1	k141_110344	462	90.741	54	5	76.1
KT899950.1	k141_84905	1228	89.286	56	6	75.2
KT899950.1	k141_113946	386	91.304	46	4	66.2
KT899950.1	k141_113946	386	91.304	46	4	66.2
KT899950.1	k141_95732	396	95.000	40	2	64.4
KT899950.1	k141_69062	599	92.683	41	3	61.7
KT899950.1	k141_101371	472	64.331	314	99	60.8
KT899950.1	k141_79554	446	86.667	45	6	55.4
KT899950.1	k141_28069	413	81.132	53	10	51.8
KT899950.1	k141_28069	413	81.132	53	10	51.8
KT899950.1	k141_21505	490	78.000	50	11	41.9
GU191334.1	k141_73907	24849	90.357	3391	246	4625
GU191334.1	k141_73907	24849	90.357	3391	246	4625
GU191334.1	k141_73907	24849	86.790	2642	240	3137
GU191334.1	k141_73907	24849	86.790	2642	240	3137
GU191334.1	k141_73907	24849	78.614	996	154	818
GU191334.1	k141_73907	24849	78.614	996	154	818
GU191334.1	k141_73907	24849	75.976	666	153	469
GU191334.1	k141_73907	24849	75.566	442	108	311
GU191334.1	k141_73907	24849	72.519	524	144	297
GU191334.1	k141_73907	24849	69.683	663	176	295
GU191334.1	k141_73907	24849	77.273	308	70	241
GU191334.1	k141_73907	24849	88.485	165	16	206
GU191334.1	k141_73907	24849	88.485	165	16	206
GU191334.1	k141_73907	24849	94.937	79	4	125
GU191334.1	k141_73907	24849	94.937	79	4	125
GU191334.1	k141_73907	24849	90.476	84	8	116
GU191334.1	k141_73907	24849	92.000	75	6	109
GU191334.1	k141_73907	24849	92.000	75	6	109
GU191334.1	k141_73907	24849	89.474	76	8	102
GU191334.1	k141_73907	24849	86.957	46	6	57.2
GU191334.1	k141_78822	84029	82.115	4540	810	4520
GU191334.1	k141_78822	84029	83.749	2443	395	2609
GU191334.1	k141_78822	84029	84.364	1439	225	1581
GU191334.1	k141_78822	84029	80.525	1561	302	1443
GU191334.1	k141_78822	84029	69.258	3679	1042	1432
GU191334.1	k141_78822	84029	89.094	1082	116	1417
GU191334.1	k141_78822	84029	77.840	1796	373	1405
GU191334.1	k141_78822	84029	73.064	2324	529	1358
GU191334.1	k141_78822	84029	83.451	707	107	744
GU191334.1	k141_78822	84029	73.175	1096	284	643
GU191334.1	k141_78822	84029	76.207	870	199	626
GU191334.1	k141_78822	84029	74.781	912	196	608
GU191334.1	k141_78822	84029	70.557	1311	353	591
GU191334.1	k141_78822	84029	82.469	559	91	560
GU191334.1	k141_78822	84029	65.876	2318	621	534
GU191334.1	k141_78822	84029	76.132	729	158	509
GU191334.1	k141_78822	84029	80.479	543	104	499
GU191334.1	k141_78822	84029	73.775	694	178	426
GU191334.1	k141_78822	84029	75.527	617	107	409
GU191334.1	k141_78822	84029	78.093	493	106	396
GU191334.1	k141_78822	84029	71.651	769	211	393
GU191334.1	k141_78822	84029	77.753	445	94	348
GU191334.1	k141_78822	84029	78.747	367	78	311
GU191334.1	k141_78822	84029	82.879	257	44	266
GU191334.1	k141_78822	84029	69.127	664	199	252
GU191334.1	k141_78822	84029	67.977	687	178	250
GU191334.1	k141_78822	84029	72.275	422	117	234
GU191334.1	k141_78822	84029	70.694	447	98	219
GU191334.1	k141_78822	84029	75.748	301	73	214
GU191334.1	k141_78822	84029	67.341	643	210	214
GU191334.1	k141_78822	84029	68.764	445	101	184
GU191334.1	k141_78822	84029	79.426	209	43	184
GU191334.1	k141_78822	84029	78.704	216	43	172
GU191334.1	k141_78822	84029	79.058	191	40	165
GU191334.1	k141_78822	84029	74.312	218	56	141
GU191334.1	k141_78822	84029	68.677	431	102	141
GU191334.1	k141_78822	84029	82.609	138	19	137
GU191334.1	k141_78822	84029	92.222	90	6	128
GU191334.1	k141_78822	84029	94.937	79	4	125
GU191334.1	k141_78822	84029	82.114	123	22	123
GU191334.1	k141_78822	84029	69.128	298	92	123
GU191334.1	k141_78822	84029	79.412	136	28	120
GU191334.1	k141_78822	84029	95.890	73	3	119
GU191334.1	k141_78822	84029	88.889	90	10	118
GU191334.1	k141_78822	84029	75.758	165	40	118
GU191334.1	k141_78822	84029	91.463	82	7	117
GU191334.1	k141_78822	84029	79.104	134	28	116
GU191334.1	k141_78822	84029	89.773	88	8	115
GU191334.1	k141_78822	84029	90.361	83	8	114
GU191334.1	k141_78822	84029	92.208	77	6	113
GU191334.1	k141_78822	84029	91.892	74	6	107
GU191334.1	k141_78822	84029	88.235	85	8	106
GU191334.1	k141_78822	84029	90.789	76	7	106
GU191334.1	k141_78822	84029	76.087	138	24	100
GU191334.1	k141_78822	84029	75.000	148	22	96.9
GU191334.1	k141_78822	84029	74.648	142	33	93.3
GU191334.1	k141_78822	84029	66.818	220	30	89.7
GU191334.1	k141_78822	84029	77.311	119	19	83.3
GU191334.1	k141_78822	84029	76.852	108	25	83.3
GU191334.1	k141_78822	84029	84.507	71	11	79.7
GU191334.1	k141_78822	84029	79.545	88	18	78.8
GU191334.1	k141_78822	84029	73.504	117	31	72.5
GU191334.1	k141_78822	84029	77.108	83	19	65.3
GU191334.1	k141_78822	84029	97.368	38	1	65.3
GU191334.1	k141_78822	84029	85.417	48	6	52.7
GU191334.1	k141_5952	18624	76.994	1743	391	1309
GU191334.1	k141_5952	18624	70.756	1826	497	861
GU191334.1	k141_5952	18624	75.149	1171	243	758
GU191334.1	k141_5952	18624	71.510	1404	384	708
GU191334.1	k141_5952	18624	68.461	799	221	266
GU191334.1	k141_5952	18624	73.616	307	81	189
GU191334.1	k141_5952	18624	71.371	248	71	128
GU191334.1	k141_5952	18624	92.593	81	6	120
GU191334.1	k141_5952	18624	66.522	460	135	117
GU191334.1	k141_5952	18624	78.505	107	23	90.6
GU191334.1	k141_5952	18624	72.593	135	35	70.7
GU191334.1	k141_5952	18624	81.395	43	8	42.8
GU191334.1	k141_5952	18624	81.395	43	8	42.8
GU191334.1	k141_35251	48907	72.931	894	199	471
GU191334.1	k141_35251	48907	72.931	894	199	471
GU191334.1	k141_35251	48907	74.388	531	127	335
GU191334.1	k141_35251	48907	74.388	531	127	335
GU191334.1	k141_35251	48907	74.304	467	98	281
GU191334.1	k141_35251	48907	74.304	467	98	281
GU191334.1	k141_35251	48907	78.030	264	56	208
GU191334.1	k141_35251	48907	78.030	264	56	208
GU191334.1	k141_35251	48907	74.779	226	57	151
GU191334.1	k141_35251	48907	93.421	76	5	115
GU191334.1	k141_35251	48907	64.837	492	140	97.8
GU191334.1	k141_35251	48907	64.837	492	140	97.8
GU191334.1	k141_35251	48907	76.119	134	30	96.0
GU191334.1	k141_35251	48907	76.119	134	30	96.0
GU191334.1	k141_35251	48907	88.525	61	7	79.7
GU191334.1	k141_35251	48907	88.525	61	7	79.7
GU191334.1	k141_4232	462	80.278	360	61	312
GU191334.1	k141_4232	462	80.278	360	61	312
GU191334.1	k141_76499	5906	67.807	848	230	284
GU191334.1	k141_10381	439	97.701	87	2	149
GU191334.1	k141_10381	439	97.701	87	2	149
GU191334.1	k141_112953	60322	97.297	74	2	125
GU191334.1	k141_112953	60322	87.838	74	9	94.2
GU191334.1	k141_112953	60322	87.838	74	9	94.2
GU191334.1	k141_105401	38673	86.316	95	9	113
GU191334.1	k141_105401	38673	88.608	79	9	103
GU191334.1	k141_105401	38673	74.797	123	26	78.8
GU191334.1	k141_105401	38673	79.012	81	17	70.7
GU191334.1	k141_36858	622	92.727	55	4	82.4
GU191334.1	k141_36858	622	92.727	55	4	82.4
GU191334.1	k141_42454	6126	83.824	68	11	74.3
GU191334.1	k141_28069	413	85.714	49	7	58.1
GU191334.1	k141_84905	1228	84.314	51	8	57.2
GU191334.1	k141_17287	345	76.812	69	16	53.6
GU191334.1	k141_21505	490	78.000	50	11	41.9
GU191334.1	k141_113011	477	80.488	41	8	39.2
